Frequency, Hz	Amplitude, Volts
1.419400000E+9	1.568466000E-5
1.419403333E+9	1.603648000E-5
1.419406667E+9	1.582910000E-5
1.419410000E+9	1.573012000E-5
1.419413333E+9	1.606413000E-5
1.419416667E+9	1.573214000E-5
1.419420000E+9	1.552319000E-5
1.419423333E+9	1.570544000E-5
1.419426667E+9	1.532668000E-5
1.419430000E+9	1.568561000E-5
1.419433333E+9	1.595441000E-5
1.419436667E+9	1.580494000E-5
1.419440000E+9	1.586942000E-5
1.419443333E+9	1.563590000E-5
1.419446667E+9	1.644527000E-5
1.419450000E+9	2.121511000E-5
1.419453333E+9	1.707399000E-5
1.419456667E+9	1.607055000E-5
1.419460000E+9	1.581907000E-5
1.419463333E+9	1.586256000E-5
1.419466667E+9	1.552581000E-5
1.419470000E+9	1.529778000E-5
1.419473333E+9	1.565216000E-5
1.419476667E+9	1.561581000E-5
1.419480000E+9	1.561719000E-5
1.419483333E+9	1.531763000E-5
1.419486667E+9	1.572549000E-5
1.419490000E+9	1.581631000E-5
1.419493333E+9	1.549965000E-5
1.419496667E+9	1.554895000E-5
1.419500000E+9	1.560727000E-5
1.419503333E+9	1.579948000E-5
1.419506667E+9	1.552445000E-5
1.419510000E+9	1.595143000E-5
1.419513333E+9	1.552044000E-5
1.419516667E+9	1.538162000E-5
1.419520000E+9	1.579979000E-5
1.419523333E+9	1.560245000E-5
1.419526667E+9	1.562467000E-5
1.419530000E+9	1.567297000E-5
1.419533333E+9	1.623337000E-5
1.419536667E+9	1.562764000E-5
1.419540000E+9	1.556227000E-5
1.419543333E+9	1.584802000E-5
1.419546667E+9	1.565397000E-5
1.419550000E+9	1.569508000E-5
1.419553333E+9	1.546485000E-5
1.419556667E+9	1.562898000E-5
1.419560000E+9	1.585993000E-5
1.419563333E+9	1.602983000E-5
1.419566667E+9	1.557148000E-5
1.419570000E+9	1.571136000E-5
1.419573333E+9	1.559298000E-5
1.419576667E+9	1.532921000E-5
1.419580000E+9	1.556820000E-5
1.419583333E+9	1.601813000E-5
1.419586667E+9	1.545618000E-5
1.419590000E+9	1.586116000E-5
1.419593333E+9	1.572416000E-5
1.419596667E+9	1.571039000E-5
1.419600000E+9	1.611777000E-5
1.419603333E+9	1.547649000E-5
1.419606667E+9	1.522620000E-5
1.419610000E+9	1.586405000E-5
1.419613333E+9	1.572420000E-5
1.419616667E+9	1.546599000E-5
1.419620000E+9	1.551758000E-5
1.419623333E+9	1.555118000E-5
1.419626667E+9	1.601969000E-5
1.419630000E+9	1.569618000E-5
1.419633333E+9	1.556075000E-5
1.419636667E+9	1.600327000E-5
1.419640000E+9	1.526345000E-5
1.419643333E+9	1.570927000E-5
1.419646667E+9	1.588610000E-5
1.419650000E+9	1.551361000E-5
1.419653333E+9	1.563842000E-5
1.419656667E+9	1.575987000E-5
1.419660000E+9	1.566655000E-5
1.419663333E+9	1.585813000E-5
1.419666667E+9	1.547579000E-5
1.419670000E+9	1.544756000E-5
1.419673333E+9	1.540650000E-5
1.419676667E+9	1.606695000E-5
1.419680000E+9	1.532764000E-5
1.419683333E+9	1.553045000E-5
1.419686667E+9	1.560084000E-5
1.419690000E+9	1.558874000E-5
1.419693333E+9	1.576233000E-5
1.419696667E+9	1.553724000E-5
1.419700000E+9	1.556239000E-5
1.419703333E+9	1.543713000E-5
1.419706667E+9	1.567056000E-5
1.419710000E+9	1.579389000E-5
1.419713333E+9	1.598082000E-5
1.419716667E+9	1.580218000E-5
1.419720000E+9	1.590696000E-5
1.419723333E+9	1.598820000E-5
1.419726667E+9	1.586360000E-5
1.419730000E+9	1.586099000E-5
1.419733333E+9	1.708372000E-5
1.419736667E+9	1.583675000E-5
1.419740000E+9	1.709160000E-5
1.419743333E+9	2.090958000E-5
1.419746667E+9	1.663819000E-5
1.419750000E+9	1.647911000E-5
1.419753333E+9	1.569880000E-5
1.419756667E+9	1.563387000E-5
1.419760000E+9	1.581543000E-5
1.419763333E+9	1.558058000E-5
1.419766667E+9	1.546151000E-5
1.419770000E+9	1.546835000E-5
1.419773333E+9	1.557018000E-5
1.419776667E+9	1.545443000E-5
1.419780000E+9	1.583318000E-5
1.419783333E+9	1.539587000E-5
1.419786667E+9	1.543003000E-5
1.419790000E+9	1.608531000E-5
1.419793333E+9	1.570253000E-5
1.419796667E+9	1.572675000E-5
1.419800000E+9	1.557109000E-5
1.419803333E+9	1.547221000E-5
1.419806667E+9	1.537057000E-5
1.419810000E+9	1.560832000E-5
1.419813333E+9	1.528853000E-5
1.419816667E+9	1.570598000E-5
1.419820000E+9	1.556459000E-5
1.419823333E+9	1.572107000E-5
1.419826667E+9	1.566724000E-5
1.419830000E+9	1.579715000E-5
1.419833333E+9	1.555926000E-5
1.419836667E+9	1.575364000E-5
1.419840000E+9	1.565060000E-5
1.419843333E+9	1.581338000E-5
1.419846667E+9	1.564708000E-5
1.419850000E+9	1.574503000E-5
1.419853333E+9	1.557273000E-5
1.419856667E+9	1.576368000E-5
1.419860000E+9	1.557815000E-5
1.419863333E+9	1.545944000E-5
1.419866667E+9	1.546735000E-5
1.419870000E+9	1.577554000E-5
1.419873333E+9	1.581791000E-5
1.419876667E+9	1.570387000E-5
1.419880000E+9	1.582041000E-5
1.419883333E+9	1.561512000E-5
1.419886667E+9	1.530643000E-5
1.419890000E+9	1.572527000E-5
1.419893333E+9	1.597322000E-5
1.419896667E+9	1.619545000E-5
1.419900000E+9	1.572375000E-5
1.419903333E+9	1.561493000E-5
1.419906667E+9	1.559547000E-5
1.419910000E+9	1.565524000E-5
1.419913333E+9	1.563389000E-5
1.419916667E+9	1.555226000E-5
1.419920000E+9	1.573743000E-5
1.419923333E+9	1.568957000E-5
1.419926667E+9	1.549375000E-5
1.419930000E+9	1.558243000E-5
1.419933333E+9	1.560795000E-5
1.419936667E+9	1.597562000E-5
1.419940000E+9	1.549766000E-5
1.419943333E+9	1.550728000E-5
1.419946667E+9	1.540302000E-5
1.419950000E+9	1.552520000E-5
1.419953333E+9	1.554812000E-5
1.419956667E+9	1.575459000E-5
1.419960000E+9	1.567109000E-5
1.419963333E+9	1.536110000E-5
1.419966667E+9	1.542851000E-5
1.419970000E+9	1.558624000E-5
1.419973333E+9	1.589353000E-5
1.419976667E+9	1.548295000E-5
1.419980000E+9	1.569165000E-5
1.419983333E+9	1.594538000E-5
1.419986667E+9	1.562359000E-5
1.419990000E+9	1.588110000E-5
1.419993333E+9	1.586520000E-5
1.419996667E+9	1.552022000E-5
1.420000000E+9	1.677556000E-5
1.420003333E+9	1.797700000E-5
1.420006667E+9	1.580982000E-5
1.420010000E+9	1.574908000E-5
1.420013333E+9	1.541686000E-5
1.420016667E+9	1.554115000E-5
1.420020000E+9	1.568847000E-5
1.420023333E+9	1.531955000E-5
1.420026667E+9	1.577524000E-5
1.420030000E+9	1.558771000E-5
1.420033333E+9	1.704380000E-5
1.420036667E+9	1.970561000E-5
1.420040000E+9	1.654821000E-5
1.420043333E+9	1.563234000E-5
1.420046667E+9	1.578188000E-5
1.420050000E+9	1.554811000E-5
1.420053333E+9	1.538931000E-5
1.420056667E+9	1.538260000E-5
1.420060000E+9	1.597036000E-5
1.420063333E+9	1.566672000E-5
1.420066667E+9	1.557102000E-5
1.420070000E+9	1.580198000E-5
1.420073333E+9	1.579681000E-5
1.420076667E+9	1.571869000E-5
1.420080000E+9	1.573967000E-5
1.420083333E+9	1.550123000E-5
1.420086667E+9	1.559338000E-5
1.420090000E+9	1.553780000E-5
1.420093333E+9	1.560880000E-5
1.420096667E+9	1.537585000E-5
1.420100000E+9	1.550598000E-5
1.420103333E+9	1.580482000E-5
1.420106667E+9	1.540728000E-5
1.420110000E+9	1.548849000E-5
1.420113333E+9	1.576607000E-5
1.420116667E+9	1.545973000E-5
1.420120000E+9	1.560180000E-5
1.420123333E+9	1.571998000E-5
1.420126667E+9	1.583106000E-5
1.420130000E+9	1.578859000E-5
1.420133333E+9	1.555444000E-5
1.420136667E+9	1.562282000E-5
1.420140000E+9	1.583748000E-5
1.420143333E+9	1.602902000E-5
1.420146667E+9	1.566174000E-5
1.420150000E+9	1.546305000E-5
1.420153333E+9	1.600246000E-5
1.420156667E+9	1.610075000E-5
1.420160000E+9	1.603646000E-5
1.420163333E+9	1.556979000E-5
1.420166667E+9	1.590567000E-5
1.420170000E+9	1.560364000E-5
1.420173333E+9	1.582582000E-5
1.420176667E+9	1.610265000E-5
1.420180000E+9	1.589100000E-5
1.420183333E+9	1.566722000E-5
1.420186667E+9	1.578859000E-5
1.420190000E+9	1.594909000E-5
1.420193333E+9	1.609612000E-5
1.420196667E+9	1.620751000E-5
1.420200000E+9	1.601719000E-5
1.420203333E+9	1.602583000E-5
1.420206667E+9	1.612991000E-5
1.420210000E+9	1.638239000E-5
1.420213333E+9	1.636152000E-5
1.420216667E+9	1.624621000E-5
1.420220000E+9	1.633505000E-5
1.420223333E+9	1.664785000E-5
1.420226667E+9	1.643385000E-5
1.420230000E+9	1.647907000E-5
1.420233333E+9	1.637046000E-5
1.420236667E+9	1.639857000E-5
1.420240000E+9	1.671148000E-5
1.420243333E+9	1.627829000E-5
1.420246667E+9	1.686443000E-5
1.420250000E+9	1.654167000E-5
1.420253333E+9	1.671170000E-5
1.420256667E+9	1.683928000E-5
1.420260000E+9	1.712724000E-5
1.420263333E+9	1.697218000E-5
1.420266667E+9	1.732349000E-5
1.420270000E+9	1.701702000E-5
1.420273333E+9	1.697449000E-5
1.420276667E+9	1.715317000E-5
1.420280000E+9	1.741242000E-5
1.420283333E+9	1.741146000E-5
1.420286667E+9	1.725980000E-5
1.420290000E+9	1.683157000E-5
1.420293333E+9	1.735935000E-5
1.420296667E+9	1.659280000E-5
1.420300000E+9	1.726833000E-5
1.420303333E+9	1.716531000E-5
1.420306667E+9	1.756210000E-5
1.420310000E+9	1.746058000E-5
1.420313333E+9	1.728474000E-5
1.420316667E+9	1.713296000E-5
1.420320000E+9	1.726158000E-5
1.420323333E+9	1.714803000E-5
1.420326667E+9	1.880907000E-5
1.420330000E+9	2.006945000E-5
1.420333333E+9	1.811413000E-5
1.420336667E+9	1.780583000E-5
1.420340000E+9	1.734167000E-5
1.420343333E+9	1.759304000E-5
1.420346667E+9	1.808067000E-5
1.420350000E+9	1.809388000E-5
1.420353333E+9	1.775605000E-5
1.420356667E+9	1.806303000E-5
1.420360000E+9	1.788467000E-5
1.420363333E+9	1.790119000E-5
1.420366667E+9	1.777924000E-5
1.420370000E+9	1.757969000E-5
1.420373333E+9	1.785067000E-5
1.420376667E+9	1.766120000E-5
1.420380000E+9	1.771860000E-5
1.420383333E+9	1.746902000E-5
1.420386667E+9	1.722568000E-5
1.420390000E+9	1.761795000E-5
1.420393333E+9	1.737267000E-5
1.420396667E+9	1.732028000E-5
1.420400000E+9	1.725531000E-5
1.420403333E+9	1.671676000E-5
1.420406667E+9	1.678009000E-5
1.420410000E+9	1.674220000E-5
1.420413333E+9	1.720261000E-5
1.420416667E+9	1.672326000E-5
1.420420000E+9	1.682088000E-5
1.420423333E+9	1.663594000E-5
1.420426667E+9	1.653774000E-5
1.420430000E+9	1.667282000E-5
1.420433333E+9	1.649114000E-5
1.420436667E+9	1.626770000E-5
1.420440000E+9	1.668911000E-5
1.420443333E+9	1.651096000E-5
1.420446667E+9	1.618749000E-5
1.420450000E+9	1.643998000E-5
1.420453333E+9	1.619554000E-5
1.420456667E+9	1.643496000E-5
1.420460000E+9	1.659477000E-5
1.420463333E+9	1.631732000E-5
1.420466667E+9	1.641533000E-5
1.420470000E+9	1.645542000E-5
1.420473333E+9	1.593962000E-5
1.420476667E+9	1.645306000E-5
1.420480000E+9	1.655658000E-5
1.420483333E+9	1.626884000E-5
1.420486667E+9	1.621936000E-5
1.420490000E+9	1.671693000E-5
1.420493333E+9	1.613193000E-5
1.420496667E+9	1.669574000E-5
1.420500000E+9	1.606200000E-5
1.420503333E+9	1.598552000E-5
1.420506667E+9	1.609651000E-5
1.420510000E+9	1.598689000E-5
1.420513333E+9	1.635439000E-5
1.420516667E+9	1.619444000E-5
1.420520000E+9	1.603065000E-5
1.420523333E+9	1.601350000E-5
1.420526667E+9	1.583284000E-5
1.420530000E+9	1.621945000E-5
1.420533333E+9	1.616023000E-5
1.420536667E+9	1.593302000E-5
1.420540000E+9	1.561515000E-5
1.420543333E+9	1.637378000E-5
1.420546667E+9	1.613229000E-5
1.420550000E+9	1.599488000E-5
1.420553333E+9	1.584106000E-5
1.420556667E+9	1.562941000E-5
1.420560000E+9	1.589261000E-5
1.420563333E+9	1.591141000E-5
1.420566667E+9	1.571527000E-5
1.420570000E+9	1.587792000E-5
1.420573333E+9	1.562483000E-5
1.420576667E+9	1.551639000E-5
1.420580000E+9	1.596887000E-5
1.420583333E+9	1.584176000E-5
1.420586667E+9	1.624935000E-5
1.420590000E+9	1.735407000E-5
1.420593333E+9	1.594352000E-5
1.420596667E+9	1.595680000E-5
1.420600000E+9	1.593636000E-5
1.420603333E+9	1.597443000E-5
1.420606667E+9	1.642163000E-5
1.420610000E+9	1.599470000E-5
1.420613333E+9	1.616630000E-5
1.420616667E+9	1.554265000E-5
1.420620000E+9	1.904587000E-5
1.420623333E+9	2.023484000E-5
1.420626667E+9	1.697090000E-5
1.420630000E+9	1.597176000E-5
1.420633333E+9	1.650545000E-5
1.420636667E+9	1.623267000E-5
1.420640000E+9	1.626639000E-5
1.420643333E+9	1.658131000E-5
1.420646667E+9	1.662648000E-5
1.420650000E+9	1.611738000E-5
1.420653333E+9	1.613360000E-5
1.420656667E+9	1.598418000E-5
1.420660000E+9	1.608275000E-5
1.420663333E+9	1.626048000E-5
1.420666667E+9	1.614606000E-5
1.420670000E+9	1.638837000E-5
1.420673333E+9	1.613753000E-5
1.420676667E+9	1.629843000E-5
1.420680000E+9	1.665034000E-5
1.420683333E+9	1.638547000E-5
1.420686667E+9	1.648448000E-5
1.420690000E+9	1.642001000E-5
1.420693333E+9	1.645176000E-5
1.420696667E+9	1.638144000E-5
1.420700000E+9	1.671737000E-5
1.420703333E+9	1.663669000E-5
1.420706667E+9	1.631642000E-5
1.420710000E+9	1.623478000E-5
1.420713333E+9	1.636127000E-5
1.420716667E+9	1.662144000E-5
1.420720000E+9	1.651000000E-5
1.420723333E+9	1.614581000E-5
1.420726667E+9	1.629061000E-5
1.420730000E+9	1.626668000E-5
1.420733333E+9	1.675877000E-5
1.420736667E+9	1.624808000E-5
1.420740000E+9	1.635800000E-5
1.420743333E+9	1.632094000E-5
1.420746667E+9	1.649064000E-5
1.420750000E+9	1.612148000E-5
1.420753333E+9	1.610206000E-5
1.420756667E+9	1.667595000E-5
1.420760000E+9	1.666839000E-5
1.420763333E+9	1.611423000E-5
1.420766667E+9	1.588900000E-5
1.420770000E+9	1.599628000E-5
1.420773333E+9	1.616967000E-5
1.420776667E+9	1.630203000E-5
1.420780000E+9	1.612798000E-5
1.420783333E+9	1.629081000E-5
1.420786667E+9	1.629201000E-5
1.420790000E+9	1.614371000E-5
1.420793333E+9	1.665621000E-5
1.420796667E+9	1.612340000E-5
1.420800000E+9	1.593552000E-5
1.420803333E+9	1.585082000E-5
1.420806667E+9	1.587547000E-5
1.420810000E+9	1.604714000E-5
1.420813333E+9	1.608143000E-5
1.420816667E+9	1.591047000E-5
1.420820000E+9	1.593309000E-5
1.420823333E+9	1.612451000E-5
1.420826667E+9	1.571767000E-5
1.420830000E+9	1.593194000E-5
1.420833333E+9	1.557073000E-5
1.420836667E+9	1.582899000E-5
1.420840000E+9	1.579771000E-5
1.420843333E+9	1.554922000E-5
1.420846667E+9	1.610429000E-5
1.420850000E+9	1.582561000E-5
1.420853333E+9	1.576679000E-5
1.420856667E+9	1.553741000E-5
1.420860000E+9	1.566415000E-5
1.420863333E+9	1.581201000E-5
1.420866667E+9	1.596377000E-5
1.420870000E+9	1.590918000E-5
1.420873333E+9	1.569494000E-5
1.420876667E+9	1.560473000E-5
1.420880000E+9	1.563181000E-5
1.420883333E+9	1.748992000E-5
1.420886667E+9	1.698536000E-5
1.420890000E+9	1.542658000E-5
1.420893333E+9	1.579587000E-5
1.420896667E+9	1.604413000E-5
1.420900000E+9	1.593323000E-5
1.420903333E+9	1.678896000E-5
1.420906667E+9	1.676105000E-5
1.420910000E+9	1.569694000E-5
1.420913333E+9	2.415527000E-5
1.420916667E+9	2.324023000E-5
1.420920000E+9	1.790367000E-5
1.420923333E+9	1.565503000E-5
1.420926667E+9	1.574297000E-5
1.420930000E+9	1.587421000E-5
1.420933333E+9	1.537884000E-5
1.420936667E+9	1.580291000E-5
1.420940000E+9	1.621397000E-5
1.420943333E+9	1.645195000E-5
1.420946667E+9	1.560919000E-5
1.420950000E+9	1.578545000E-5
1.420953333E+9	1.565723000E-5
1.420956667E+9	1.541635000E-5
1.420960000E+9	1.562795000E-5
1.420963333E+9	1.567543000E-5
1.420966667E+9	1.568638000E-5
1.420970000E+9	1.583586000E-5
1.420973333E+9	1.577317000E-5
1.420976667E+9	1.554403000E-5
1.420980000E+9	1.606671000E-5
1.420983333E+9	1.541887000E-5
1.420986667E+9	1.578801000E-5
1.420990000E+9	1.573829000E-5
1.420993333E+9	1.558797000E-5
1.420996667E+9	1.559204000E-5
1.421000000E+9	1.548132000E-5
1.421003333E+9	1.526483000E-5
1.421006667E+9	1.547273000E-5
1.421010000E+9	1.548074000E-5
1.421013333E+9	1.540958000E-5
1.421016667E+9	1.615033000E-5
1.421020000E+9	1.611296000E-5
1.421023333E+9	1.537509000E-5
1.421026667E+9	1.541793000E-5
1.421030000E+9	1.566698000E-5
1.421033333E+9	1.576858000E-5
1.421036667E+9	1.566359000E-5
1.421040000E+9	1.584920000E-5
1.421043333E+9	1.559631000E-5
1.421046667E+9	1.535742000E-5
1.421050000E+9	1.556574000E-5
1.421053333E+9	1.574738000E-5
1.421056667E+9	1.574993000E-5
1.421060000E+9	1.547469000E-5
1.421063333E+9	1.547340000E-5
1.421066667E+9	1.586479000E-5
1.421070000E+9	1.552271000E-5
1.421073333E+9	1.556083000E-5
1.421076667E+9	1.554002000E-5
1.421080000E+9	1.548842000E-5
1.421083333E+9	1.591907000E-5
1.421086667E+9	1.699727000E-5
1.421090000E+9	1.603613000E-5
1.421093333E+9	1.587564000E-5
1.421096667E+9	1.595550000E-5
1.421100000E+9	1.562683000E-5
1.421103333E+9	1.584101000E-5
1.421106667E+9	1.541764000E-5
1.421110000E+9	1.523995000E-5
1.421113333E+9	1.545029000E-5
1.421116667E+9	1.586137000E-5
1.421120000E+9	1.584064000E-5
1.421123333E+9	1.564684000E-5
1.421126667E+9	1.553688000E-5
1.421130000E+9	1.553951000E-5
1.421133333E+9	1.577091000E-5
1.421136667E+9	1.556056000E-5
1.421140000E+9	1.558367000E-5
1.421143333E+9	1.570801000E-5
1.421146667E+9	1.561519000E-5
1.421150000E+9	1.566712000E-5
1.421153333E+9	1.701289000E-5
1.421156667E+9	1.615561000E-5
1.421160000E+9	1.534596000E-5
1.421163333E+9	1.561946000E-5
1.421166667E+9	1.591749000E-5
1.421170000E+9	1.564859000E-5
1.421173333E+9	1.570737000E-5
1.421176667E+9	1.588985000E-5
1.421180000E+9	1.652440000E-5
1.421183333E+9	1.536974000E-5
1.421186667E+9	1.595410000E-5
1.421190000E+9	1.570520000E-5
1.421193333E+9	1.572725000E-5
1.421196667E+9	1.580860000E-5
1.421200000E+9	1.568020000E-5
1.421203333E+9	1.622619000E-5
1.421206667E+9	1.885251000E-5
1.421210000E+9	1.802927000E-5
1.421213333E+9	1.644906000E-5
1.421216667E+9	1.596749000E-5
1.421220000E+9	1.760620000E-5
1.421223333E+9	1.678684000E-5
1.421226667E+9	1.550917000E-5
1.421230000E+9	1.560982000E-5
1.421233333E+9	1.588977000E-5
1.421236667E+9	1.572601000E-5
1.421240000E+9	1.557278000E-5
1.421243333E+9	1.563219000E-5
1.421246667E+9	1.526969000E-5
1.421250000E+9	1.584290000E-5
1.421253333E+9	1.551763000E-5
1.421256667E+9	1.584090000E-5
1.421260000E+9	1.569377000E-5
1.421263333E+9	1.560480000E-5
1.421266667E+9	1.577490000E-5
1.421270000E+9	1.559480000E-5
1.421273333E+9	1.522331000E-5
1.421276667E+9	1.589825000E-5
1.421280000E+9	1.581256000E-5
1.421283333E+9	1.594758000E-5
1.421286667E+9	1.801662000E-5
1.421290000E+9	1.889252000E-5
1.421293333E+9	1.591051000E-5
1.421296667E+9	1.574932000E-5
1.421300000E+9	1.572634000E-5
1.421303333E+9	1.570777000E-5
1.421306667E+9	1.576153000E-5
1.421310000E+9	1.575717000E-5
1.421313333E+9	1.594650000E-5
1.421316667E+9	1.579479000E-5
1.421320000E+9	1.555666000E-5
1.421323333E+9	1.582922000E-5
1.421326667E+9	1.567868000E-5
1.421330000E+9	1.564161000E-5
1.421333333E+9	1.565068000E-5
1.421336667E+9	1.597173000E-5
1.421340000E+9	1.596791000E-5
1.421343333E+9	1.572862000E-5
1.421346667E+9	1.599723000E-5
1.421350000E+9	1.613555000E-5
1.421353333E+9	2.123275000E-5
1.421356667E+9	2.955212000E-5
1.421360000E+9	1.763400000E-5
1.421363333E+9	1.635942000E-5
1.421366667E+9	1.703873000E-5
1.421370000E+9	1.562032000E-5
1.421373333E+9	1.597852000E-5
1.421376667E+9	1.600433000E-5
1.421380000E+9	1.584398000E-5
1.421383333E+9	1.598246000E-5
1.421386667E+9	1.586219000E-5
1.421390000E+9	1.633794000E-5
1.421393333E+9	1.578079000E-5
1.421396667E+9	1.570056000E-5
1.421400000E+9	1.574531000E-5
