Frequency, Hz	Amplitude, Volts
1.419400000E+9	2.080052000E-5
1.419403333E+9	2.043864000E-5
1.419406667E+9	1.995719000E-5
1.419410000E+9	2.011337000E-5
1.419413333E+9	2.036635000E-5
1.419416667E+9	2.079303000E-5
1.419420000E+9	2.054533000E-5
1.419423333E+9	2.017433000E-5
1.419426667E+9	1.965820000E-5
1.419430000E+9	2.027703000E-5
1.419433333E+9	2.048820000E-5
1.419436667E+9	2.017942000E-5
1.419440000E+9	2.050285000E-5
1.419443333E+9	2.104247000E-5
1.419446667E+9	2.083799000E-5
1.419450000E+9	2.033726000E-5
1.419453333E+9	2.238187000E-5
1.419456667E+9	2.099482000E-5
1.419460000E+9	2.031583000E-5
1.419463333E+9	2.027563000E-5
1.419466667E+9	2.035122000E-5
1.419470000E+9	2.046678000E-5
1.419473333E+9	1.986842000E-5
1.419476667E+9	2.002796000E-5
1.419480000E+9	2.000930000E-5
1.419483333E+9	2.018186000E-5
1.419486667E+9	2.047849000E-5
1.419490000E+9	2.063556000E-5
1.419493333E+9	1.997858000E-5
1.419496667E+9	2.059617000E-5
1.419500000E+9	2.014157000E-5
1.419503333E+9	2.018931000E-5
1.419506667E+9	1.974961000E-5
1.419510000E+9	2.001422000E-5
1.419513333E+9	2.087499000E-5
1.419516667E+9	2.023955000E-5
1.419520000E+9	2.007626000E-5
1.419523333E+9	2.039535000E-5
1.419526667E+9	2.037498000E-5
1.419530000E+9	2.020345000E-5
1.419533333E+9	2.019064000E-5
1.419536667E+9	2.128901000E-5
1.419540000E+9	2.047784000E-5
1.419543333E+9	2.015723000E-5
1.419546667E+9	1.985935000E-5
1.419550000E+9	2.004553000E-5
1.419553333E+9	1.967038000E-5
1.419556667E+9	1.986393000E-5
1.419560000E+9	2.022427000E-5
1.419563333E+9	1.996258000E-5
1.419566667E+9	1.984845000E-5
1.419570000E+9	2.003658000E-5
1.419573333E+9	1.983070000E-5
1.419576667E+9	2.011845000E-5
1.419580000E+9	2.029262000E-5
1.419583333E+9	2.083490000E-5
1.419586667E+9	2.014989000E-5
1.419590000E+9	1.980891000E-5
1.419593333E+9	2.024198000E-5
1.419596667E+9	2.017317000E-5
1.419600000E+9	1.981152000E-5
1.419603333E+9	2.013850000E-5
1.419606667E+9	2.013348000E-5
1.419610000E+9	2.044728000E-5
1.419613333E+9	2.004567000E-5
1.419616667E+9	2.035267000E-5
1.419620000E+9	1.975080000E-5
1.419623333E+9	1.982686000E-5
1.419626667E+9	2.029151000E-5
1.419630000E+9	2.078415000E-5
1.419633333E+9	1.990266000E-5
1.419636667E+9	1.961129000E-5
1.419640000E+9	2.014088000E-5
1.419643333E+9	1.964970000E-5
1.419646667E+9	1.984590000E-5
1.419650000E+9	2.019724000E-5
1.419653333E+9	2.011856000E-5
1.419656667E+9	1.974570000E-5
1.419660000E+9	2.035888000E-5
1.419663333E+9	1.971447000E-5
1.419666667E+9	1.960466000E-5
1.419670000E+9	1.998490000E-5
1.419673333E+9	1.998269000E-5
1.419676667E+9	2.102822000E-5
1.419680000E+9	2.005185000E-5
1.419683333E+9	1.956683000E-5
1.419686667E+9	1.928244000E-5
1.419690000E+9	1.961986000E-5
1.419693333E+9	1.989918000E-5
1.419696667E+9	2.016815000E-5
1.419700000E+9	2.018589000E-5
1.419703333E+9	1.968916000E-5
1.419706667E+9	1.997139000E-5
1.419710000E+9	1.983825000E-5
1.419713333E+9	1.983063000E-5
1.419716667E+9	2.015232000E-5
1.419720000E+9	1.996010000E-5
1.419723333E+9	2.080993000E-5
1.419726667E+9	2.072377000E-5
1.419730000E+9	2.038586000E-5
1.419733333E+9	1.998901000E-5
1.419736667E+9	1.957683000E-5
1.419740000E+9	1.977158000E-5
1.419743333E+9	1.989593000E-5
1.419746667E+9	2.293476000E-5
1.419750000E+9	2.071799000E-5
1.419753333E+9	1.990205000E-5
1.419756667E+9	1.966422000E-5
1.419760000E+9	2.005203000E-5
1.419763333E+9	1.997589000E-5
1.419766667E+9	1.986746000E-5
1.419770000E+9	2.072761000E-5
1.419773333E+9	1.988704000E-5
1.419776667E+9	1.962999000E-5
1.419780000E+9	1.947557000E-5
1.419783333E+9	1.964124000E-5
1.419786667E+9	1.951982000E-5
1.419790000E+9	2.004199000E-5
1.419793333E+9	2.011187000E-5
1.419796667E+9	1.943569000E-5
1.419800000E+9	2.013432000E-5
1.419803333E+9	1.958736000E-5
1.419806667E+9	1.981359000E-5
1.419810000E+9	2.005458000E-5
1.419813333E+9	2.009368000E-5
1.419816667E+9	2.050823000E-5
1.419820000E+9	1.954380000E-5
1.419823333E+9	1.981296000E-5
1.419826667E+9	1.987730000E-5
1.419830000E+9	1.963199000E-5
1.419833333E+9	1.973937000E-5
1.419836667E+9	1.973705000E-5
1.419840000E+9	1.982007000E-5
1.419843333E+9	2.003275000E-5
1.419846667E+9	1.936865000E-5
1.419850000E+9	1.983904000E-5
1.419853333E+9	1.973519000E-5
1.419856667E+9	2.000873000E-5
1.419860000E+9	2.040953000E-5
1.419863333E+9	2.035133000E-5
1.419866667E+9	2.006806000E-5
1.419870000E+9	1.976848000E-5
1.419873333E+9	1.982978000E-5
1.419876667E+9	1.949656000E-5
1.419880000E+9	1.985139000E-5
1.419883333E+9	1.977860000E-5
1.419886667E+9	1.996887000E-5
1.419890000E+9	1.957511000E-5
1.419893333E+9	1.999098000E-5
1.419896667E+9	2.014546000E-5
1.419900000E+9	1.975010000E-5
1.419903333E+9	1.963976000E-5
1.419906667E+9	1.996093000E-5
1.419910000E+9	1.997534000E-5
1.419913333E+9	1.995329000E-5
1.419916667E+9	1.976006000E-5
1.419920000E+9	2.015363000E-5
1.419923333E+9	1.926585000E-5
1.419926667E+9	1.938533000E-5
1.419930000E+9	1.983725000E-5
1.419933333E+9	2.010783000E-5
1.419936667E+9	1.973762000E-5
1.419940000E+9	1.953466000E-5
1.419943333E+9	1.979737000E-5
1.419946667E+9	1.993189000E-5
1.419950000E+9	1.970280000E-5
1.419953333E+9	1.958184000E-5
1.419956667E+9	2.010960000E-5
1.419960000E+9	1.972876000E-5
1.419963333E+9	1.966364000E-5
1.419966667E+9	2.002539000E-5
1.419970000E+9	1.934546000E-5
1.419973333E+9	1.972066000E-5
1.419976667E+9	1.967373000E-5
1.419980000E+9	1.984863000E-5
1.419983333E+9	1.990331000E-5
1.419986667E+9	1.995495000E-5
1.419990000E+9	1.980104000E-5
1.419993333E+9	1.956823000E-5
1.419996667E+9	1.963786000E-5
1.420000000E+9	1.989538000E-5
1.420003333E+9	2.066503000E-5
1.420006667E+9	1.956587000E-5
1.420010000E+9	1.931776000E-5
1.420013333E+9	1.917515000E-5
1.420016667E+9	2.002549000E-5
1.420020000E+9	2.005544000E-5
1.420023333E+9	1.970042000E-5
1.420026667E+9	1.961355000E-5
1.420030000E+9	2.008901000E-5
1.420033333E+9	1.977024000E-5
1.420036667E+9	1.972523000E-5
1.420040000E+9	2.183438000E-5
1.420043333E+9	1.964465000E-5
1.420046667E+9	1.957317000E-5
1.420050000E+9	2.038908000E-5
1.420053333E+9	1.939906000E-5
1.420056667E+9	2.013012000E-5
1.420060000E+9	1.943204000E-5
1.420063333E+9	1.945653000E-5
1.420066667E+9	1.985656000E-5
1.420070000E+9	1.967870000E-5
1.420073333E+9	1.985141000E-5
1.420076667E+9	1.953153000E-5
1.420080000E+9	1.928636000E-5
1.420083333E+9	1.959455000E-5
1.420086667E+9	2.006339000E-5
1.420090000E+9	1.963484000E-5
1.420093333E+9	1.965302000E-5
1.420096667E+9	2.037834000E-5
1.420100000E+9	1.982351000E-5
1.420103333E+9	1.966846000E-5
1.420106667E+9	1.969009000E-5
1.420110000E+9	1.947756000E-5
1.420113333E+9	1.964623000E-5
1.420116667E+9	1.969130000E-5
1.420120000E+9	1.926553000E-5
1.420123333E+9	1.964774000E-5
1.420126667E+9	1.978220000E-5
1.420130000E+9	1.941895000E-5
1.420133333E+9	1.926538000E-5
1.420136667E+9	1.946638000E-5
1.420140000E+9	1.958470000E-5
1.420143333E+9	2.004149000E-5
1.420146667E+9	1.941980000E-5
1.420150000E+9	1.944107000E-5
1.420153333E+9	1.931927000E-5
1.420156667E+9	1.960587000E-5
1.420160000E+9	1.944995000E-5
1.420163333E+9	1.950465000E-5
1.420166667E+9	2.010946000E-5
1.420170000E+9	2.016485000E-5
1.420173333E+9	1.950566000E-5
1.420176667E+9	1.946589000E-5
1.420180000E+9	1.972774000E-5
1.420183333E+9	1.959549000E-5
1.420186667E+9	1.999737000E-5
1.420190000E+9	2.039423000E-5
1.420193333E+9	2.016576000E-5
1.420196667E+9	1.946790000E-5
1.420200000E+9	1.930392000E-5
1.420203333E+9	1.979926000E-5
1.420206667E+9	1.973014000E-5
1.420210000E+9	1.929900000E-5
1.420213333E+9	1.979550000E-5
1.420216667E+9	1.958250000E-5
1.420220000E+9	1.954405000E-5
1.420223333E+9	1.963715000E-5
1.420226667E+9	1.960386000E-5
1.420230000E+9	1.941982000E-5
1.420233333E+9	1.994538000E-5
1.420236667E+9	2.021985000E-5
1.420240000E+9	2.025091000E-5
1.420243333E+9	1.989130000E-5
1.420246667E+9	1.952917000E-5
1.420250000E+9	1.952113000E-5
1.420253333E+9	1.967703000E-5
1.420256667E+9	1.965857000E-5
1.420260000E+9	1.992579000E-5
1.420263333E+9	1.967896000E-5
1.420266667E+9	2.008695000E-5
1.420270000E+9	1.988457000E-5
1.420273333E+9	1.997703000E-5
1.420276667E+9	2.018538000E-5
1.420280000E+9	2.013748000E-5
1.420283333E+9	2.061020000E-5
1.420286667E+9	2.005645000E-5
1.420290000E+9	2.023311000E-5
1.420293333E+9	1.987464000E-5
1.420296667E+9	1.994102000E-5
1.420300000E+9	2.013007000E-5
1.420303333E+9	1.943838000E-5
1.420306667E+9	2.023647000E-5
1.420310000E+9	1.965166000E-5
1.420313333E+9	2.049198000E-5
1.420316667E+9	1.980526000E-5
1.420320000E+9	2.013162000E-5
1.420323333E+9	1.949305000E-5
1.420326667E+9	2.016498000E-5
1.420330000E+9	2.053385000E-5
1.420333333E+9	2.292725000E-5
1.420336667E+9	2.023267000E-5
1.420340000E+9	1.952381000E-5
1.420343333E+9	1.956413000E-5
1.420346667E+9	1.983930000E-5
1.420350000E+9	2.010973000E-5
1.420353333E+9	1.999891000E-5
1.420356667E+9	2.002677000E-5
1.420360000E+9	1.961422000E-5
1.420363333E+9	1.973404000E-5
1.420366667E+9	1.994875000E-5
1.420370000E+9	1.985144000E-5
1.420373333E+9	2.002567000E-5
1.420376667E+9	2.015557000E-5
1.420380000E+9	1.953350000E-5
1.420383333E+9	1.935893000E-5
1.420386667E+9	1.947901000E-5
1.420390000E+9	1.947957000E-5
1.420393333E+9	1.971288000E-5
1.420396667E+9	1.913737000E-5
1.420400000E+9	2.006866000E-5
1.420403333E+9	1.948947000E-5
1.420406667E+9	1.966694000E-5
1.420410000E+9	1.953461000E-5
1.420413333E+9	1.957034000E-5
1.420416667E+9	1.957657000E-5
1.420420000E+9	1.972497000E-5
1.420423333E+9	2.000510000E-5
1.420426667E+9	1.966507000E-5
1.420430000E+9	1.965138000E-5
1.420433333E+9	1.945918000E-5
1.420436667E+9	1.929224000E-5
1.420440000E+9	1.971648000E-5
1.420443333E+9	1.948434000E-5
1.420446667E+9	1.958693000E-5
1.420450000E+9	1.937669000E-5
1.420453333E+9	1.932035000E-5
1.420456667E+9	1.956647000E-5
1.420460000E+9	1.986700000E-5
1.420463333E+9	1.972200000E-5
1.420466667E+9	1.977803000E-5
1.420470000E+9	1.991702000E-5
1.420473333E+9	1.968957000E-5
1.420476667E+9	1.952717000E-5
1.420480000E+9	1.949018000E-5
1.420483333E+9	1.930894000E-5
1.420486667E+9	1.931929000E-5
1.420490000E+9	1.968395000E-5
1.420493333E+9	2.014690000E-5
1.420496667E+9	1.975780000E-5
1.420500000E+9	1.927124000E-5
1.420503333E+9	1.944105000E-5
1.420506667E+9	1.943962000E-5
1.420510000E+9	1.981135000E-5
1.420513333E+9	1.990764000E-5
1.420516667E+9	1.969484000E-5
1.420520000E+9	1.934905000E-5
1.420523333E+9	1.986792000E-5
1.420526667E+9	1.956673000E-5
1.420530000E+9	1.941841000E-5
1.420533333E+9	1.930366000E-5
1.420536667E+9	1.932107000E-5
1.420540000E+9	1.983688000E-5
1.420543333E+9	1.941547000E-5
1.420546667E+9	1.931590000E-5
1.420550000E+9	1.961388000E-5
1.420553333E+9	1.972852000E-5
1.420556667E+9	1.952537000E-5
1.420560000E+9	1.984679000E-5
1.420563333E+9	1.985202000E-5
1.420566667E+9	1.942434000E-5
1.420570000E+9	1.911486000E-5
1.420573333E+9	1.930489000E-5
1.420576667E+9	1.937954000E-5
1.420580000E+9	1.927630000E-5
1.420583333E+9	1.944747000E-5
1.420586667E+9	1.944262000E-5
1.420590000E+9	1.969934000E-5
1.420593333E+9	1.940513000E-5
1.420596667E+9	1.920717000E-5
1.420600000E+9	1.976316000E-5
1.420603333E+9	1.972488000E-5
1.420606667E+9	1.999728000E-5
1.420610000E+9	2.009201000E-5
1.420613333E+9	1.925599000E-5
1.420616667E+9	1.957614000E-5
1.420620000E+9	1.932052000E-5
1.420623333E+9	2.058595000E-5
1.420626667E+9	2.350370000E-5
1.420630000E+9	1.985242000E-5
1.420633333E+9	2.000442000E-5
1.420636667E+9	1.920658000E-5
1.420640000E+9	1.949502000E-5
1.420643333E+9	1.940104000E-5
1.420646667E+9	1.937320000E-5
1.420650000E+9	1.935730000E-5
1.420653333E+9	1.954646000E-5
1.420656667E+9	2.046417000E-5
1.420660000E+9	1.926401000E-5
1.420663333E+9	1.944122000E-5
1.420666667E+9	1.935915000E-5
1.420670000E+9	1.913855000E-5
1.420673333E+9	1.955968000E-5
1.420676667E+9	1.939689000E-5
1.420680000E+9	1.938018000E-5
1.420683333E+9	1.949100000E-5
1.420686667E+9	1.946245000E-5
1.420690000E+9	1.944980000E-5
1.420693333E+9	1.911924000E-5
1.420696667E+9	1.939001000E-5
1.420700000E+9	1.951669000E-5
1.420703333E+9	1.997216000E-5
1.420706667E+9	1.965613000E-5
1.420710000E+9	1.939962000E-5
1.420713333E+9	1.901230000E-5
1.420716667E+9	1.909271000E-5
1.420720000E+9	1.893208000E-5
1.420723333E+9	1.945200000E-5
1.420726667E+9	1.946292000E-5
1.420730000E+9	1.949187000E-5
1.420733333E+9	1.931414000E-5
1.420736667E+9	1.928564000E-5
1.420740000E+9	1.940311000E-5
1.420743333E+9	1.923655000E-5
1.420746667E+9	1.946824000E-5
1.420750000E+9	1.952696000E-5
1.420753333E+9	1.968559000E-5
1.420756667E+9	1.938073000E-5
1.420760000E+9	1.900414000E-5
1.420763333E+9	1.943347000E-5
1.420766667E+9	1.938546000E-5
1.420770000E+9	1.939306000E-5
1.420773333E+9	1.941408000E-5
1.420776667E+9	1.902380000E-5
1.420780000E+9	1.894720000E-5
1.420783333E+9	1.933200000E-5
1.420786667E+9	1.891569000E-5
1.420790000E+9	1.904962000E-5
1.420793333E+9	1.938369000E-5
1.420796667E+9	1.981587000E-5
1.420800000E+9	1.915835000E-5
1.420803333E+9	1.919415000E-5
1.420806667E+9	1.914920000E-5
1.420810000E+9	1.902466000E-5
1.420813333E+9	1.920380000E-5
1.420816667E+9	1.920490000E-5
1.420820000E+9	1.921327000E-5
1.420823333E+9	1.960707000E-5
1.420826667E+9	1.952458000E-5
1.420830000E+9	1.917531000E-5
1.420833333E+9	1.936508000E-5
1.420836667E+9	1.905476000E-5
1.420840000E+9	1.924769000E-5
1.420843333E+9	1.941579000E-5
1.420846667E+9	1.940047000E-5
1.420850000E+9	1.930750000E-5
1.420853333E+9	1.878915000E-5
1.420856667E+9	1.954371000E-5
1.420860000E+9	1.910300000E-5
1.420863333E+9	1.945441000E-5
1.420866667E+9	1.962999000E-5
1.420870000E+9	1.939917000E-5
1.420873333E+9	1.947720000E-5
1.420876667E+9	1.902374000E-5
1.420880000E+9	1.908936000E-5
1.420883333E+9	1.961103000E-5
1.420886667E+9	1.958953000E-5
1.420890000E+9	1.959741000E-5
1.420893333E+9	1.914647000E-5
1.420896667E+9	1.996970000E-5
1.420900000E+9	2.026014000E-5
1.420903333E+9	1.947463000E-5
1.420906667E+9	1.954650000E-5
1.420910000E+9	1.943168000E-5
1.420913333E+9	2.027795000E-5
1.420916667E+9	2.419867000E-5
1.420920000E+9	3.146595000E-5
1.420923333E+9	1.989222000E-5
1.420926667E+9	2.028218000E-5
1.420930000E+9	1.968952000E-5
1.420933333E+9	1.916292000E-5
1.420936667E+9	1.982737000E-5
1.420940000E+9	1.941012000E-5
1.420943333E+9	1.895777000E-5
1.420946667E+9	1.924933000E-5
1.420950000E+9	1.973775000E-5
1.420953333E+9	1.940111000E-5
1.420956667E+9	1.944544000E-5
1.420960000E+9	1.951607000E-5
1.420963333E+9	1.915835000E-5
1.420966667E+9	1.905315000E-5
1.420970000E+9	1.885721000E-5
1.420973333E+9	1.927440000E-5
1.420976667E+9	1.929341000E-5
1.420980000E+9	1.928367000E-5
1.420983333E+9	2.019640000E-5
1.420986667E+9	1.969329000E-5
1.420990000E+9	1.897199000E-5
1.420993333E+9	1.920148000E-5
1.420996667E+9	1.923062000E-5
1.421000000E+9	1.881549000E-5
1.421003333E+9	1.945008000E-5
1.421006667E+9	1.919887000E-5
1.421010000E+9	1.941803000E-5
1.421013333E+9	1.904767000E-5
1.421016667E+9	1.922726000E-5
1.421020000E+9	1.917150000E-5
1.421023333E+9	1.924760000E-5
1.421026667E+9	1.959526000E-5
1.421030000E+9	2.030236000E-5
1.421033333E+9	1.910636000E-5
1.421036667E+9	1.916942000E-5
1.421040000E+9	1.915831000E-5
1.421043333E+9	1.927784000E-5
1.421046667E+9	1.900182000E-5
1.421050000E+9	1.920823000E-5
1.421053333E+9	1.900053000E-5
1.421056667E+9	1.907142000E-5
1.421060000E+9	1.931579000E-5
1.421063333E+9	1.940126000E-5
1.421066667E+9	1.958418000E-5
1.421070000E+9	1.924923000E-5
1.421073333E+9	1.945815000E-5
1.421076667E+9	1.956224000E-5
1.421080000E+9	1.932179000E-5
1.421083333E+9	1.892360000E-5
1.421086667E+9	1.893586000E-5
1.421090000E+9	1.919718000E-5
1.421093333E+9	1.944596000E-5
1.421096667E+9	1.915034000E-5
1.421100000E+9	1.929400000E-5
1.421103333E+9	1.893345000E-5
1.421106667E+9	1.880983000E-5
1.421110000E+9	1.915030000E-5
1.421113333E+9	1.908818000E-5
1.421116667E+9	1.908458000E-5
1.421120000E+9	1.964567000E-5
1.421123333E+9	1.943255000E-5
1.421126667E+9	1.950879000E-5
1.421130000E+9	1.903406000E-5
1.421133333E+9	1.960128000E-5
1.421136667E+9	1.910059000E-5
1.421140000E+9	1.939340000E-5
1.421143333E+9	1.921814000E-5
1.421146667E+9	1.919315000E-5
1.421150000E+9	1.936361000E-5
1.421153333E+9	1.924906000E-5
1.421156667E+9	1.924422000E-5
1.421160000E+9	1.906514000E-5
1.421163333E+9	1.890944000E-5
1.421166667E+9	1.924443000E-5
1.421170000E+9	1.957881000E-5
1.421173333E+9	1.937120000E-5
1.421176667E+9	1.911755000E-5
1.421180000E+9	1.935126000E-5
1.421183333E+9	1.895519000E-5
1.421186667E+9	1.920241000E-5
1.421190000E+9	1.939551000E-5
1.421193333E+9	1.946193000E-5
1.421196667E+9	1.902675000E-5
1.421200000E+9	1.907724000E-5
1.421203333E+9	1.895500000E-5
1.421206667E+9	1.940277000E-5
1.421210000E+9	2.115898000E-5
1.421213333E+9	2.396783000E-5
1.421216667E+9	1.967995000E-5
1.421220000E+9	1.986796000E-5
1.421223333E+9	1.922747000E-5
1.421226667E+9	1.898868000E-5
1.421230000E+9	1.928174000E-5
1.421233333E+9	1.896122000E-5
1.421236667E+9	1.894626000E-5
1.421240000E+9	1.909137000E-5
1.421243333E+9	1.871875000E-5
1.421246667E+9	1.944444000E-5
1.421250000E+9	1.925058000E-5
1.421253333E+9	1.925426000E-5
1.421256667E+9	1.891041000E-5
1.421260000E+9	1.933990000E-5
1.421263333E+9	1.956277000E-5
1.421266667E+9	1.963702000E-5
1.421270000E+9	1.935252000E-5
1.421273333E+9	1.895138000E-5
1.421276667E+9	1.917763000E-5
1.421280000E+9	1.926872000E-5
1.421283333E+9	1.919191000E-5
1.421286667E+9	1.966399000E-5
1.421290000E+9	1.925859000E-5
1.421293333E+9	1.925580000E-5
1.421296667E+9	1.948896000E-5
1.421300000E+9	1.944105000E-5
1.421303333E+9	1.895900000E-5
1.421306667E+9	1.935143000E-5
1.421310000E+9	1.946805000E-5
1.421313333E+9	1.929322000E-5
1.421316667E+9	1.909042000E-5
1.421320000E+9	1.970730000E-5
1.421323333E+9	1.946010000E-5
1.421326667E+9	1.937290000E-5
1.421330000E+9	1.928934000E-5
1.421333333E+9	1.953923000E-5
1.421336667E+9	1.944971000E-5
1.421340000E+9	1.903933000E-5
1.421343333E+9	1.934380000E-5
1.421346667E+9	1.961299000E-5
1.421350000E+9	1.935944000E-5
1.421353333E+9	1.965209000E-5
1.421356667E+9	1.950512000E-5
1.421360000E+9	1.939476000E-5
1.421363333E+9	1.935927000E-5
1.421366667E+9	2.026183000E-5
1.421370000E+9	1.958020000E-5
1.421373333E+9	1.932655000E-5
1.421376667E+9	1.967072000E-5
1.421380000E+9	1.936890000E-5
1.421383333E+9	1.905029000E-5
1.421386667E+9	1.922937000E-5
1.421390000E+9	1.966485000E-5
1.421393333E+9	1.902173000E-5
1.421396667E+9	1.888255000E-5
1.421400000E+9	1.938309000E-5
