Frequency, Hz	Amplitude, Volts
1.419400000E+9	1.758533000E-5
1.419403333E+9	1.727531000E-5
1.419406667E+9	1.756983000E-5
1.419410000E+9	1.755824000E-5
1.419413333E+9	1.773086000E-5
1.419416667E+9	1.743805000E-5
1.419420000E+9	1.749751000E-5
1.419423333E+9	1.752943000E-5
1.419426667E+9	1.758846000E-5
1.419430000E+9	1.762159000E-5
1.419433333E+9	1.738077000E-5
1.419436667E+9	1.748188000E-5
1.419440000E+9	1.747309000E-5
1.419443333E+9	1.762513000E-5
1.419446667E+9	1.740322000E-5
1.419450000E+9	1.765312000E-5
1.419453333E+9	1.773253000E-5
1.419456667E+9	1.730764000E-5
1.419460000E+9	1.757101000E-5
1.419463333E+9	1.733813000E-5
1.419466667E+9	1.715022000E-5
1.419470000E+9	1.747911000E-5
1.419473333E+9	1.715905000E-5
1.419476667E+9	1.731623000E-5
1.419480000E+9	1.714208000E-5
1.419483333E+9	1.719537000E-5
1.419486667E+9	1.721001000E-5
1.419490000E+9	1.746045000E-5
1.419493333E+9	1.768369000E-5
1.419496667E+9	1.735657000E-5
1.419500000E+9	1.801785000E-5
1.419503333E+9	1.758141000E-5
1.419506667E+9	1.736806000E-5
1.419510000E+9	1.735043000E-5
1.419513333E+9	1.740561000E-5
1.419516667E+9	1.733748000E-5
1.419520000E+9	1.723335000E-5
1.419523333E+9	1.749843000E-5
1.419526667E+9	1.769874000E-5
1.419530000E+9	1.733215000E-5
1.419533333E+9	1.740630000E-5
1.419536667E+9	1.730112000E-5
1.419540000E+9	1.742248000E-5
1.419543333E+9	1.757558000E-5
1.419546667E+9	1.719915000E-5
1.419550000E+9	1.736552000E-5
1.419553333E+9	1.719683000E-5
1.419556667E+9	1.730960000E-5
1.419560000E+9	1.741316000E-5
1.419563333E+9	1.717070000E-5
1.419566667E+9	1.759196000E-5
1.419570000E+9	1.707594000E-5
1.419573333E+9	1.737605000E-5
1.419576667E+9	1.716704000E-5
1.419580000E+9	1.755755000E-5
1.419583333E+9	1.701006000E-5
1.419586667E+9	1.723212000E-5
1.419590000E+9	1.742364000E-5
1.419593333E+9	1.716060000E-5
1.419596667E+9	1.744824000E-5
1.419600000E+9	1.745796000E-5
1.419603333E+9	1.705346000E-5
1.419606667E+9	1.741743000E-5
1.419610000E+9	1.710416000E-5
1.419613333E+9	1.685208000E-5
1.419616667E+9	1.714675000E-5
1.419620000E+9	1.722097000E-5
1.419623333E+9	1.702282000E-5
1.419626667E+9	1.698697000E-5
1.419630000E+9	1.740135000E-5
1.419633333E+9	1.761668000E-5
1.419636667E+9	1.750548000E-5
1.419640000E+9	1.728426000E-5
1.419643333E+9	1.706483000E-5
1.419646667E+9	1.697813000E-5
1.419650000E+9	1.692419000E-5
1.419653333E+9	1.712322000E-5
1.419656667E+9	1.703316000E-5
1.419660000E+9	1.721869000E-5
1.419663333E+9	1.721897000E-5
1.419666667E+9	1.716942000E-5
1.419670000E+9	1.759174000E-5
1.419673333E+9	1.700429000E-5
1.419676667E+9	1.707577000E-5
1.419680000E+9	1.729512000E-5
1.419683333E+9	1.696913000E-5
1.419686667E+9	1.719211000E-5
1.419690000E+9	1.723473000E-5
1.419693333E+9	1.694876000E-5
1.419696667E+9	1.727749000E-5
1.419700000E+9	1.656569000E-5
1.419703333E+9	1.723121000E-5
1.419706667E+9	1.732806000E-5
1.419710000E+9	1.724232000E-5
1.419713333E+9	1.720483000E-5
1.419716667E+9	1.721381000E-5
1.419720000E+9	1.723931000E-5
1.419723333E+9	1.701256000E-5
1.419726667E+9	1.703046000E-5
1.419730000E+9	1.693319000E-5
1.419733333E+9	1.713595000E-5
1.419736667E+9	1.683681000E-5
1.419740000E+9	1.708978000E-5
1.419743333E+9	1.665363000E-5
1.419746667E+9	1.724544000E-5
1.419750000E+9	1.693053000E-5
1.419753333E+9	1.689890000E-5
1.419756667E+9	1.689898000E-5
1.419760000E+9	1.698210000E-5
1.419763333E+9	1.723817000E-5
1.419766667E+9	1.702575000E-5
1.419770000E+9	1.665963000E-5
1.419773333E+9	1.710662000E-5
1.419776667E+9	1.671032000E-5
1.419780000E+9	1.684466000E-5
1.419783333E+9	1.674112000E-5
1.419786667E+9	1.687124000E-5
1.419790000E+9	1.674435000E-5
1.419793333E+9	1.689989000E-5
1.419796667E+9	1.708757000E-5
1.419800000E+9	1.725021000E-5
1.419803333E+9	1.692977000E-5
1.419806667E+9	1.705894000E-5
1.419810000E+9	1.709926000E-5
1.419813333E+9	1.705614000E-5
1.419816667E+9	1.727707000E-5
1.419820000E+9	1.691037000E-5
1.419823333E+9	1.682690000E-5
1.419826667E+9	1.696550000E-5
1.419830000E+9	1.698354000E-5
1.419833333E+9	1.719509000E-5
1.419836667E+9	1.693888000E-5
1.419840000E+9	1.701259000E-5
1.419843333E+9	1.703256000E-5
1.419846667E+9	1.675097000E-5
1.419850000E+9	1.684134000E-5
1.419853333E+9	1.713649000E-5
1.419856667E+9	1.693267000E-5
1.419860000E+9	1.710719000E-5
1.419863333E+9	1.702341000E-5
1.419866667E+9	1.672741000E-5
1.419870000E+9	1.701755000E-5
1.419873333E+9	1.690967000E-5
1.419876667E+9	1.685995000E-5
1.419880000E+9	1.704389000E-5
1.419883333E+9	1.731796000E-5
1.419886667E+9	1.679762000E-5
1.419890000E+9	1.706164000E-5
1.419893333E+9	1.687430000E-5
1.419896667E+9	1.729649000E-5
1.419900000E+9	1.683231000E-5
1.419903333E+9	1.667563000E-5
1.419906667E+9	1.721795000E-5
1.419910000E+9	1.721185000E-5
1.419913333E+9	1.706940000E-5
1.419916667E+9	1.683847000E-5
1.419920000E+9	1.695745000E-5
1.419923333E+9	1.684705000E-5
1.419926667E+9	1.686419000E-5
1.419930000E+9	1.667432000E-5
1.419933333E+9	1.681307000E-5
1.419936667E+9	1.678901000E-5
1.419940000E+9	1.680904000E-5
1.419943333E+9	1.687547000E-5
1.419946667E+9	1.690529000E-5
1.419950000E+9	1.660722000E-5
1.419953333E+9	1.668892000E-5
1.419956667E+9	1.679692000E-5
1.419960000E+9	1.693293000E-5
1.419963333E+9	1.695823000E-5
1.419966667E+9	1.648946000E-5
1.419970000E+9	1.651394000E-5
1.419973333E+9	1.706533000E-5
1.419976667E+9	1.715462000E-5
1.419980000E+9	1.863459000E-5
1.419983333E+9	1.707789000E-5
1.419986667E+9	1.666629000E-5
1.419990000E+9	1.621896000E-5
1.419993333E+9	1.716598000E-5
1.419996667E+9	1.694316000E-5
1.420000000E+9	1.683518000E-5
1.420003333E+9	1.726956000E-5
1.420006667E+9	1.667032000E-5
1.420010000E+9	1.677195000E-5
1.420013333E+9	1.657690000E-5
1.420016667E+9	1.626011000E-5
1.420020000E+9	1.641322000E-5
1.420023333E+9	1.655475000E-5
1.420026667E+9	1.692914000E-5
1.420030000E+9	1.671685000E-5
1.420033333E+9	1.653406000E-5
1.420036667E+9	1.687154000E-5
1.420040000E+9	1.692522000E-5
1.420043333E+9	1.695615000E-5
1.420046667E+9	1.692254000E-5
1.420050000E+9	1.646317000E-5
1.420053333E+9	1.637331000E-5
1.420056667E+9	1.669972000E-5
1.420060000E+9	1.680862000E-5
1.420063333E+9	1.681763000E-5
1.420066667E+9	1.677875000E-5
1.420070000E+9	1.684067000E-5
1.420073333E+9	1.663821000E-5
1.420076667E+9	1.651162000E-5
1.420080000E+9	1.664559000E-5
1.420083333E+9	1.634242000E-5
1.420086667E+9	1.667879000E-5
1.420090000E+9	1.639598000E-5
1.420093333E+9	1.660036000E-5
1.420096667E+9	1.662126000E-5
1.420100000E+9	1.665826000E-5
1.420103333E+9	1.646979000E-5
1.420106667E+9	1.685613000E-5
1.420110000E+9	1.650832000E-5
1.420113333E+9	1.655953000E-5
1.420116667E+9	1.664848000E-5
1.420120000E+9	1.683424000E-5
1.420123333E+9	1.649279000E-5
1.420126667E+9	1.671972000E-5
1.420130000E+9	1.659069000E-5
1.420133333E+9	1.644679000E-5
1.420136667E+9	1.657708000E-5
1.420140000E+9	1.646739000E-5
1.420143333E+9	1.686132000E-5
1.420146667E+9	1.635646000E-5
1.420150000E+9	1.645631000E-5
1.420153333E+9	1.646647000E-5
1.420156667E+9	1.693479000E-5
1.420160000E+9	1.643403000E-5
1.420163333E+9	1.642888000E-5
1.420166667E+9	1.662318000E-5
1.420170000E+9	1.636273000E-5
1.420173333E+9	1.625411000E-5
1.420176667E+9	1.612867000E-5
1.420180000E+9	1.651872000E-5
1.420183333E+9	1.643940000E-5
1.420186667E+9	1.669330000E-5
1.420190000E+9	1.637626000E-5
1.420193333E+9	1.614299000E-5
1.420196667E+9	1.671412000E-5
1.420200000E+9	1.653651000E-5
1.420203333E+9	1.700210000E-5
1.420206667E+9	1.637121000E-5
1.420210000E+9	1.626341000E-5
1.420213333E+9	1.635701000E-5
1.420216667E+9	1.662017000E-5
1.420220000E+9	1.654156000E-5
1.420223333E+9	1.631325000E-5
1.420226667E+9	1.633788000E-5
1.420230000E+9	1.676923000E-5
1.420233333E+9	1.615661000E-5
1.420236667E+9	1.650691000E-5
1.420240000E+9	1.668020000E-5
1.420243333E+9	1.626422000E-5
1.420246667E+9	1.650339000E-5
1.420250000E+9	1.646475000E-5
1.420253333E+9	1.659752000E-5
1.420256667E+9	1.662477000E-5
1.420260000E+9	1.641228000E-5
1.420263333E+9	1.653636000E-5
1.420266667E+9	1.639359000E-5
1.420270000E+9	1.668033000E-5
1.420273333E+9	1.651455000E-5
1.420276667E+9	1.618565000E-5
1.420280000E+9	1.654766000E-5
1.420283333E+9	1.636001000E-5
1.420286667E+9	1.654906000E-5
1.420290000E+9	1.652947000E-5
1.420293333E+9	1.660231000E-5
1.420296667E+9	1.703340000E-5
1.420300000E+9	1.686258000E-5
1.420303333E+9	1.662557000E-5
1.420306667E+9	1.659690000E-5
1.420310000E+9	1.655518000E-5
1.420313333E+9	1.649071000E-5
1.420316667E+9	1.661218000E-5
1.420320000E+9	1.693983000E-5
1.420323333E+9	1.645571000E-5
1.420326667E+9	1.642809000E-5
1.420330000E+9	1.689117000E-5
1.420333333E+9	1.661674000E-5
1.420336667E+9	1.646169000E-5
1.420340000E+9	1.674281000E-5
1.420343333E+9	1.649270000E-5
1.420346667E+9	1.658096000E-5
1.420350000E+9	1.661154000E-5
1.420353333E+9	1.647274000E-5
1.420356667E+9	1.621716000E-5
1.420360000E+9	1.638743000E-5
1.420363333E+9	1.665989000E-5
1.420366667E+9	1.622017000E-5
1.420370000E+9	1.646142000E-5
1.420373333E+9	1.623989000E-5
1.420376667E+9	1.648220000E-5
1.420380000E+9	1.672899000E-5
1.420383333E+9	1.660074000E-5
1.420386667E+9	1.615868000E-5
1.420390000E+9	1.658682000E-5
1.420393333E+9	1.657139000E-5
1.420396667E+9	1.677993000E-5
1.420400000E+9	1.672636000E-5
1.420403333E+9	1.630659000E-5
1.420406667E+9	1.656646000E-5
1.420410000E+9	1.683571000E-5
1.420413333E+9	1.663638000E-5
1.420416667E+9	1.633096000E-5
1.420420000E+9	1.657752000E-5
1.420423333E+9	1.645360000E-5
1.420426667E+9	1.658976000E-5
1.420430000E+9	1.659806000E-5
1.420433333E+9	1.650631000E-5
1.420436667E+9	1.638912000E-5
1.420440000E+9	1.658641000E-5
1.420443333E+9	1.677908000E-5
1.420446667E+9	1.687285000E-5
1.420450000E+9	1.651867000E-5
1.420453333E+9	1.692378000E-5
1.420456667E+9	1.662530000E-5
1.420460000E+9	1.660122000E-5
1.420463333E+9	1.695226000E-5
1.420466667E+9	1.739398000E-5
1.420470000E+9	1.726166000E-5
1.420473333E+9	1.728138000E-5
1.420476667E+9	1.738575000E-5
1.420480000E+9	1.737115000E-5
1.420483333E+9	1.735171000E-5
1.420486667E+9	1.749799000E-5
1.420490000E+9	1.765655000E-5
1.420493333E+9	1.798719000E-5
1.420496667E+9	1.807509000E-5
1.420500000E+9	1.785769000E-5
1.420503333E+9	1.793048000E-5
1.420506667E+9	1.797047000E-5
1.420510000E+9	1.784621000E-5
1.420513333E+9	1.821691000E-5
1.420516667E+9	1.848664000E-5
1.420520000E+9	1.822975000E-5
1.420523333E+9	1.819953000E-5
1.420526667E+9	1.802788000E-5
1.420530000E+9	1.813738000E-5
1.420533333E+9	1.791144000E-5
1.420536667E+9	1.811912000E-5
1.420540000E+9	1.818769000E-5
1.420543333E+9	1.781541000E-5
1.420546667E+9	1.814126000E-5
1.420550000E+9	1.822307000E-5
1.420553333E+9	1.825064000E-5
1.420556667E+9	1.799235000E-5
1.420560000E+9	1.795669000E-5
1.420563333E+9	1.795322000E-5
1.420566667E+9	1.772879000E-5
1.420570000E+9	1.773354000E-5
1.420573333E+9	1.778908000E-5
1.420576667E+9	1.804343000E-5
1.420580000E+9	1.782081000E-5
1.420583333E+9	1.835276000E-5
1.420586667E+9	1.785657000E-5
1.420590000E+9	1.896989000E-5
1.420593333E+9	1.786236000E-5
1.420596667E+9	1.785167000E-5
1.420600000E+9	1.835931000E-5
1.420603333E+9	1.821329000E-5
1.420606667E+9	1.852938000E-5
1.420610000E+9	1.797839000E-5
1.420613333E+9	1.794234000E-5
1.420616667E+9	1.787303000E-5
1.420620000E+9	1.809157000E-5
1.420623333E+9	1.821133000E-5
1.420626667E+9	1.795138000E-5
1.420630000E+9	1.799108000E-5
1.420633333E+9	1.792617000E-5
1.420636667E+9	1.821909000E-5
1.420640000E+9	1.822631000E-5
1.420643333E+9	1.817234000E-5
1.420646667E+9	1.758143000E-5
1.420650000E+9	1.801593000E-5
1.420653333E+9	1.785205000E-5
1.420656667E+9	1.800130000E-5
1.420660000E+9	1.756858000E-5
1.420663333E+9	1.766460000E-5
1.420666667E+9	1.755013000E-5
1.420670000E+9	1.780161000E-5
1.420673333E+9	1.754473000E-5
1.420676667E+9	1.759694000E-5
1.420680000E+9	1.778986000E-5
1.420683333E+9	1.733421000E-5
1.420686667E+9	1.714504000E-5
1.420690000E+9	1.731851000E-5
1.420693333E+9	1.689223000E-5
1.420696667E+9	1.718197000E-5
1.420700000E+9	1.722230000E-5
1.420703333E+9	1.713586000E-5
1.420706667E+9	1.706488000E-5
1.420710000E+9	1.712929000E-5
1.420713333E+9	1.709553000E-5
1.420716667E+9	1.701478000E-5
1.420720000E+9	1.653636000E-5
1.420723333E+9	1.683673000E-5
1.420726667E+9	1.676494000E-5
1.420730000E+9	1.648747000E-5
1.420733333E+9	1.682511000E-5
1.420736667E+9	1.674207000E-5
1.420740000E+9	1.678886000E-5
1.420743333E+9	1.665306000E-5
1.420746667E+9	1.668751000E-5
1.420750000E+9	1.679150000E-5
1.420753333E+9	1.665471000E-5
1.420756667E+9	1.616610000E-5
1.420760000E+9	1.645929000E-5
1.420763333E+9	1.670645000E-5
1.420766667E+9	1.636616000E-5
1.420770000E+9	1.645732000E-5
1.420773333E+9	1.647795000E-5
1.420776667E+9	1.646124000E-5
1.420780000E+9	1.634883000E-5
1.420783333E+9	1.626964000E-5
1.420786667E+9	1.653820000E-5
1.420790000E+9	1.640909000E-5
1.420793333E+9	1.644291000E-5
1.420796667E+9	1.648629000E-5
1.420800000E+9	1.649750000E-5
1.420803333E+9	1.669994000E-5
1.420806667E+9	1.640632000E-5
1.420810000E+9	1.653713000E-5
1.420813333E+9	1.631282000E-5
1.420816667E+9	1.611092000E-5
1.420820000E+9	1.606129000E-5
1.420823333E+9	1.652591000E-5
1.420826667E+9	1.651764000E-5
1.420830000E+9	1.615822000E-5
1.420833333E+9	1.613236000E-5
1.420836667E+9	1.641783000E-5
1.420840000E+9	1.645277000E-5
1.420843333E+9	1.625327000E-5
1.420846667E+9	1.637649000E-5
1.420850000E+9	1.623485000E-5
1.420853333E+9	1.612329000E-5
1.420856667E+9	1.614937000E-5
1.420860000E+9	1.637792000E-5
1.420863333E+9	1.626488000E-5
1.420866667E+9	1.625333000E-5
1.420870000E+9	1.625415000E-5
1.420873333E+9	1.592228000E-5
1.420876667E+9	1.660891000E-5
1.420880000E+9	1.603722000E-5
1.420883333E+9	1.877970000E-5
1.420886667E+9	1.792875000E-5
1.420890000E+9	1.632268000E-5
1.420893333E+9	1.637247000E-5
1.420896667E+9	1.611373000E-5
1.420900000E+9	1.634206000E-5
1.420903333E+9	1.662436000E-5
1.420906667E+9	1.658974000E-5
1.420910000E+9	1.660158000E-5
1.420913333E+9	1.635795000E-5
1.420916667E+9	1.624412000E-5
1.420920000E+9	1.637338000E-5
1.420923333E+9	1.621539000E-5
1.420926667E+9	1.678540000E-5
1.420930000E+9	1.617439000E-5
1.420933333E+9	1.599159000E-5
1.420936667E+9	1.613030000E-5
1.420940000E+9	1.642652000E-5
1.420943333E+9	1.617983000E-5
1.420946667E+9	1.616812000E-5
1.420950000E+9	1.603796000E-5
1.420953333E+9	1.612931000E-5
1.420956667E+9	1.651241000E-5
1.420960000E+9	1.636125000E-5
1.420963333E+9	1.611925000E-5
1.420966667E+9	1.614547000E-5
1.420970000E+9	1.612887000E-5
1.420973333E+9	1.621856000E-5
1.420976667E+9	1.611004000E-5
1.420980000E+9	1.598292000E-5
1.420983333E+9	1.592697000E-5
1.420986667E+9	1.611331000E-5
1.420990000E+9	1.628836000E-5
1.420993333E+9	1.654726000E-5
1.420996667E+9	1.627936000E-5
1.421000000E+9	1.628591000E-5
1.421003333E+9	1.637035000E-5
1.421006667E+9	1.615696000E-5
1.421010000E+9	1.623164000E-5
1.421013333E+9	1.611731000E-5
1.421016667E+9	1.605486000E-5
1.421020000E+9	1.617263000E-5
1.421023333E+9	1.644778000E-5
1.421026667E+9	1.635865000E-5
1.421030000E+9	1.677493000E-5
1.421033333E+9	1.619970000E-5
1.421036667E+9	1.631125000E-5
1.421040000E+9	1.641623000E-5
1.421043333E+9	1.606831000E-5
1.421046667E+9	1.600180000E-5
1.421050000E+9	1.622736000E-5
1.421053333E+9	1.615845000E-5
1.421056667E+9	1.606877000E-5
1.421060000E+9	1.620294000E-5
1.421063333E+9	1.637678000E-5
1.421066667E+9	1.640275000E-5
1.421070000E+9	1.577680000E-5
1.421073333E+9	1.628771000E-5
1.421076667E+9	1.629788000E-5
1.421080000E+9	1.643377000E-5
1.421083333E+9	1.646173000E-5
1.421086667E+9	1.630960000E-5
1.421090000E+9	1.629040000E-5
1.421093333E+9	1.586646000E-5
1.421096667E+9	1.627617000E-5
1.421100000E+9	1.673540000E-5
1.421103333E+9	1.658163000E-5
1.421106667E+9	1.626543000E-5
1.421110000E+9	1.604101000E-5
1.421113333E+9	1.628982000E-5
1.421116667E+9	1.627940000E-5
1.421120000E+9	1.597955000E-5
1.421123333E+9	1.624872000E-5
1.421126667E+9	1.618695000E-5
1.421130000E+9	1.650707000E-5
1.421133333E+9	1.657823000E-5
1.421136667E+9	1.631487000E-5
1.421140000E+9	1.635931000E-5
1.421143333E+9	1.630024000E-5
1.421146667E+9	1.590300000E-5
1.421150000E+9	1.627629000E-5
1.421153333E+9	1.621796000E-5
1.421156667E+9	1.596233000E-5
1.421160000E+9	1.628401000E-5
1.421163333E+9	1.618263000E-5
1.421166667E+9	1.652740000E-5
1.421170000E+9	1.646471000E-5
1.421173333E+9	1.625468000E-5
1.421176667E+9	1.727861000E-5
1.421180000E+9	1.823063000E-5
1.421183333E+9	1.631243000E-5
1.421186667E+9	1.660674000E-5
1.421190000E+9	1.612163000E-5
1.421193333E+9	1.660864000E-5
1.421196667E+9	1.646381000E-5
1.421200000E+9	1.596379000E-5
1.421203333E+9	1.617240000E-5
1.421206667E+9	1.629406000E-5
1.421210000E+9	1.600039000E-5
1.421213333E+9	1.615231000E-5
1.421216667E+9	1.651401000E-5
1.421220000E+9	1.642872000E-5
1.421223333E+9	1.637288000E-5
1.421226667E+9	1.615159000E-5
1.421230000E+9	1.595338000E-5
1.421233333E+9	1.607262000E-5
1.421236667E+9	1.626014000E-5
1.421240000E+9	1.599275000E-5
1.421243333E+9	1.625713000E-5
1.421246667E+9	1.649632000E-5
1.421250000E+9	1.641161000E-5
1.421253333E+9	1.631497000E-5
1.421256667E+9	1.603324000E-5
1.421260000E+9	1.627704000E-5
1.421263333E+9	1.664601000E-5
1.421266667E+9	1.624305000E-5
1.421270000E+9	1.657550000E-5
1.421273333E+9	1.662909000E-5
1.421276667E+9	1.634481000E-5
1.421280000E+9	1.623344000E-5
1.421283333E+9	1.619456000E-5
1.421286667E+9	1.632253000E-5
1.421290000E+9	1.635420000E-5
1.421293333E+9	1.591360000E-5
1.421296667E+9	1.604300000E-5
1.421300000E+9	1.607772000E-5
1.421303333E+9	1.607812000E-5
1.421306667E+9	1.603768000E-5
1.421310000E+9	1.610866000E-5
1.421313333E+9	1.593811000E-5
1.421316667E+9	1.608681000E-5
1.421320000E+9	1.621171000E-5
1.421323333E+9	1.608708000E-5
1.421326667E+9	1.597415000E-5
1.421330000E+9	1.622061000E-5
1.421333333E+9	1.618761000E-5
1.421336667E+9	1.626145000E-5
1.421340000E+9	1.604677000E-5
1.421343333E+9	1.604457000E-5
1.421346667E+9	1.604536000E-5
1.421350000E+9	1.620658000E-5
1.421353333E+9	1.628841000E-5
1.421356667E+9	1.591968000E-5
1.421360000E+9	1.600888000E-5
1.421363333E+9	1.624289000E-5
1.421366667E+9	1.704266000E-5
1.421370000E+9	1.606829000E-5
1.421373333E+9	1.594163000E-5
1.421376667E+9	1.577964000E-5
1.421380000E+9	1.584983000E-5
1.421383333E+9	1.599365000E-5
1.421386667E+9	1.604300000E-5
1.421390000E+9	1.631193000E-5
1.421393333E+9	1.615813000E-5
1.421396667E+9	1.610291000E-5
1.421400000E+9	1.614632000E-5
