Frequency, Hz	Amplitude, Volts
1.419400000E+9	1.805641000E-5
1.419403333E+9	2.096798000E-5
1.419406667E+9	2.005009000E-5
1.419410000E+9	1.798123000E-5
1.419413333E+9	1.831982000E-5
1.419416667E+9	1.843142000E-5
1.419420000E+9	1.782545000E-5
1.419423333E+9	1.806345000E-5
1.419426667E+9	1.890169000E-5
1.419430000E+9	1.889414000E-5
1.419433333E+9	1.789058000E-5
1.419436667E+9	1.835832000E-5
1.419440000E+9	1.833381000E-5
1.419443333E+9	1.801522000E-5
1.419446667E+9	1.853532000E-5
1.419450000E+9	2.146038000E-5
1.419453333E+9	1.983721000E-5
1.419456667E+9	1.825701000E-5
1.419460000E+9	1.831520000E-5
1.419463333E+9	1.808146000E-5
1.419466667E+9	1.768241000E-5
1.419470000E+9	1.835320000E-5
1.419473333E+9	1.913340000E-5
1.419476667E+9	1.834251000E-5
1.419480000E+9	1.795815000E-5
1.419483333E+9	1.833339000E-5
1.419486667E+9	1.806898000E-5
1.419490000E+9	1.820945000E-5
1.419493333E+9	1.828163000E-5
1.419496667E+9	2.032719000E-5
1.419500000E+9	1.957554000E-5
1.419503333E+9	1.854462000E-5
1.419506667E+9	1.832479000E-5
1.419510000E+9	1.792169000E-5
1.419513333E+9	1.786126000E-5
1.419516667E+9	1.780599000E-5
1.419520000E+9	1.943452000E-5
1.419523333E+9	1.865013000E-5
1.419526667E+9	1.819077000E-5
1.419530000E+9	1.818963000E-5
1.419533333E+9	1.812965000E-5
1.419536667E+9	1.806438000E-5
1.419540000E+9	1.867334000E-5
1.419543333E+9	2.035224000E-5
1.419546667E+9	1.977256000E-5
1.419550000E+9	1.817924000E-5
1.419553333E+9	1.810499000E-5
1.419556667E+9	1.768767000E-5
1.419560000E+9	1.814823000E-5
1.419563333E+9	1.808935000E-5
1.419566667E+9	1.902332000E-5
1.419570000E+9	1.870164000E-5
1.419573333E+9	1.787405000E-5
1.419576667E+9	1.807966000E-5
1.419580000E+9	1.829564000E-5
1.419583333E+9	1.781214000E-5
1.419586667E+9	1.806924000E-5
1.419590000E+9	2.008426000E-5
1.419593333E+9	1.942873000E-5
1.419596667E+9	1.815088000E-5
1.419600000E+9	1.762802000E-5
1.419603333E+9	1.823962000E-5
1.419606667E+9	1.827035000E-5
1.419610000E+9	1.832270000E-5
1.419613333E+9	1.846275000E-5
1.419616667E+9	1.870996000E-5
1.419620000E+9	1.821585000E-5
1.419623333E+9	1.818375000E-5
1.419626667E+9	1.811230000E-5
1.419630000E+9	1.777221000E-5
1.419633333E+9	1.827657000E-5
1.419636667E+9	1.999173000E-5
1.419640000E+9	1.920051000E-5
1.419643333E+9	1.854676000E-5
1.419646667E+9	1.818915000E-5
1.419650000E+9	1.774681000E-5
1.419653333E+9	1.773243000E-5
1.419656667E+9	1.809672000E-5
1.419660000E+9	1.913661000E-5
1.419663333E+9	1.878581000E-5
1.419666667E+9	1.827516000E-5
1.419670000E+9	1.834039000E-5
1.419673333E+9	1.778768000E-5
1.419676667E+9	1.820191000E-5
1.419680000E+9	1.780737000E-5
1.419683333E+9	2.019970000E-5
1.419686667E+9	1.911112000E-5
1.419690000E+9	1.795521000E-5
1.419693333E+9	1.790843000E-5
1.419696667E+9	1.783050000E-5
1.419700000E+9	1.808456000E-5
1.419703333E+9	1.768788000E-5
1.419706667E+9	1.864509000E-5
1.419710000E+9	1.845039000E-5
1.419713333E+9	1.758454000E-5
1.419716667E+9	1.797742000E-5
1.419720000E+9	1.833921000E-5
1.419723333E+9	1.797316000E-5
1.419726667E+9	1.838222000E-5
1.419730000E+9	2.050470000E-5
1.419733333E+9	1.990071000E-5
1.419736667E+9	1.795138000E-5
1.419740000E+9	1.839909000E-5
1.419743333E+9	1.960005000E-5
1.419746667E+9	1.815842000E-5
1.419750000E+9	1.833963000E-5
1.419753333E+9	1.926267000E-5
1.419756667E+9	1.858584000E-5
1.419760000E+9	1.800901000E-5
1.419763333E+9	1.808375000E-5
1.419766667E+9	1.783056000E-5
1.419770000E+9	1.828464000E-5
1.419773333E+9	1.803537000E-5
1.419776667E+9	1.972975000E-5
1.419780000E+9	1.904897000E-5
1.419783333E+9	1.809104000E-5
1.419786667E+9	1.745951000E-5
1.419790000E+9	1.831628000E-5
1.419793333E+9	1.797134000E-5
1.419796667E+9	1.784035000E-5
1.419800000E+9	1.881048000E-5
1.419803333E+9	1.853300000E-5
1.419806667E+9	1.814200000E-5
1.419810000E+9	1.792698000E-5
1.419813333E+9	1.771253000E-5
1.419816667E+9	1.831830000E-5
1.419820000E+9	1.811883000E-5
1.419823333E+9	2.055718000E-5
1.419826667E+9	1.878092000E-5
1.419830000E+9	1.784092000E-5
1.419833333E+9	1.832646000E-5
1.419836667E+9	1.794957000E-5
1.419840000E+9	1.779193000E-5
1.419843333E+9	1.794137000E-5
1.419846667E+9	1.882485000E-5
1.419850000E+9	1.827137000E-5
1.419853333E+9	1.788481000E-5
1.419856667E+9	1.764062000E-5
1.419860000E+9	1.808899000E-5
1.419863333E+9	1.865582000E-5
1.419866667E+9	1.852200000E-5
1.419870000E+9	2.037216000E-5
1.419873333E+9	1.886388000E-5
1.419876667E+9	1.834251000E-5
1.419880000E+9	1.802482000E-5
1.419883333E+9	1.805351000E-5
1.419886667E+9	1.776956000E-5
1.419890000E+9	1.770395000E-5
1.419893333E+9	1.864761000E-5
1.419896667E+9	1.865154000E-5
1.419900000E+9	1.811652000E-5
1.419903333E+9	1.774928000E-5
1.419906667E+9	1.778549000E-5
1.419910000E+9	1.788284000E-5
1.419913333E+9	1.822545000E-5
1.419916667E+9	2.052008000E-5
1.419920000E+9	1.878317000E-5
1.419923333E+9	1.813405000E-5
1.419926667E+9	1.807410000E-5
1.419930000E+9	1.782363000E-5
1.419933333E+9	1.818639000E-5
1.419936667E+9	1.806172000E-5
1.419940000E+9	1.864919000E-5
1.419943333E+9	1.828504000E-5
1.419946667E+9	1.794374000E-5
1.419950000E+9	1.764676000E-5
1.419953333E+9	1.764291000E-5
1.419956667E+9	1.799632000E-5
1.419960000E+9	1.841873000E-5
1.419963333E+9	2.029483000E-5
1.419966667E+9	1.886506000E-5
1.419970000E+9	1.792696000E-5
1.419973333E+9	1.798646000E-5
1.419976667E+9	1.810332000E-5
1.419980000E+9	1.978768000E-5
1.419983333E+9	1.841675000E-5
1.419986667E+9	1.907823000E-5
1.419990000E+9	1.816217000E-5
1.419993333E+9	1.820901000E-5
1.419996667E+9	1.800616000E-5
1.420000000E+9	1.800327000E-5
1.420003333E+9	1.812641000E-5
1.420006667E+9	1.758956000E-5
1.420010000E+9	1.961564000E-5
1.420013333E+9	1.855049000E-5
1.420016667E+9	1.804951000E-5
1.420020000E+9	1.794461000E-5
1.420023333E+9	1.786879000E-5
1.420026667E+9	1.789396000E-5
1.420030000E+9	1.761115000E-5
1.420033333E+9	1.896610000E-5
1.420036667E+9	1.902955000E-5
1.420040000E+9	1.782325000E-5
1.420043333E+9	1.813421000E-5
1.420046667E+9	1.776652000E-5
1.420050000E+9	1.782952000E-5
1.420053333E+9	1.818577000E-5
1.420056667E+9	1.965125000E-5
1.420060000E+9	1.871392000E-5
1.420063333E+9	1.780933000E-5
1.420066667E+9	1.804705000E-5
1.420070000E+9	1.777128000E-5
1.420073333E+9	1.769987000E-5
1.420076667E+9	1.758556000E-5
1.420080000E+9	1.861529000E-5
1.420083333E+9	1.764971000E-5
1.420086667E+9	1.806059000E-5
1.420090000E+9	1.769029000E-5
1.420093333E+9	1.747501000E-5
1.420096667E+9	1.811232000E-5
1.420100000E+9	1.819682000E-5
1.420103333E+9	1.936735000E-5
1.420106667E+9	1.834180000E-5
1.420110000E+9	1.773689000E-5
1.420113333E+9	1.771727000E-5
1.420116667E+9	1.778726000E-5
1.420120000E+9	1.752829000E-5
1.420123333E+9	1.805811000E-5
1.420126667E+9	1.863050000E-5
1.420130000E+9	1.798182000E-5
1.420133333E+9	1.795373000E-5
1.420136667E+9	1.795186000E-5
1.420140000E+9	1.777087000E-5
1.420143333E+9	1.758408000E-5
1.420146667E+9	1.785044000E-5
1.420150000E+9	1.983886000E-5
1.420153333E+9	1.853023000E-5
1.420156667E+9	1.772060000E-5
1.420160000E+9	1.787680000E-5
1.420163333E+9	1.801712000E-5
1.420166667E+9	1.779104000E-5
1.420170000E+9	1.772336000E-5
1.420173333E+9	1.850431000E-5
1.420176667E+9	1.819582000E-5
1.420180000E+9	1.770856000E-5
1.420183333E+9	1.790467000E-5
1.420186667E+9	1.777202000E-5
1.420190000E+9	1.765612000E-5
1.420193333E+9	1.823690000E-5
1.420196667E+9	1.960206000E-5
1.420200000E+9	1.826018000E-5
1.420203333E+9	1.761029000E-5
1.420206667E+9	1.756418000E-5
1.420210000E+9	1.809709000E-5
1.420213333E+9	1.816855000E-5
1.420216667E+9	1.803044000E-5
1.420220000E+9	1.870655000E-5
1.420223333E+9	1.784497000E-5
1.420226667E+9	1.801267000E-5
1.420230000E+9	1.786118000E-5
1.420233333E+9	1.747861000E-5
1.420236667E+9	1.803784000E-5
1.420240000E+9	1.790235000E-5
1.420243333E+9	1.934720000E-5
1.420246667E+9	1.812587000E-5
1.420250000E+9	1.733251000E-5
1.420253333E+9	1.772671000E-5
1.420256667E+9	1.795968000E-5
1.420260000E+9	1.754129000E-5
1.420263333E+9	1.769703000E-5
1.420266667E+9	1.842982000E-5
1.420270000E+9	1.795525000E-5
1.420273333E+9	1.794612000E-5
1.420276667E+9	1.780311000E-5
1.420280000E+9	1.784903000E-5
1.420283333E+9	1.787158000E-5
1.420286667E+9	1.827418000E-5
1.420290000E+9	1.943910000E-5
1.420293333E+9	1.844952000E-5
1.420296667E+9	1.797067000E-5
1.420300000E+9	1.775125000E-5
1.420303333E+9	1.775642000E-5
1.420306667E+9	1.753876000E-5
1.420310000E+9	1.823798000E-5
1.420313333E+9	1.813676000E-5
1.420316667E+9	1.830481000E-5
1.420320000E+9	1.826070000E-5
1.420323333E+9	1.793669000E-5
1.420326667E+9	1.808790000E-5
1.420330000E+9	1.847638000E-5
1.420333333E+9	1.821803000E-5
1.420336667E+9	1.963169000E-5
1.420340000E+9	1.814257000E-5
1.420343333E+9	1.770467000E-5
1.420346667E+9	1.764818000E-5
1.420350000E+9	1.778768000E-5
1.420353333E+9	1.775123000E-5
1.420356667E+9	1.775205000E-5
1.420360000E+9	1.830714000E-5
1.420363333E+9	1.807132000E-5
1.420366667E+9	1.765889000E-5
1.420370000E+9	1.773582000E-5
1.420373333E+9	1.788128000E-5
1.420376667E+9	1.783479000E-5
1.420380000E+9	1.794957000E-5
1.420383333E+9	1.927554000E-5
1.420386667E+9	1.806859000E-5
1.420390000E+9	1.785595000E-5
1.420393333E+9	1.803222000E-5
1.420396667E+9	1.749511000E-5
1.420400000E+9	1.761146000E-5
1.420403333E+9	1.811228000E-5
1.420406667E+9	1.837476000E-5
1.420410000E+9	1.778322000E-5
1.420413333E+9	1.809749000E-5
1.420416667E+9	1.767779000E-5
1.420420000E+9	1.776470000E-5
1.420423333E+9	1.774184000E-5
1.420426667E+9	1.795371000E-5
1.420430000E+9	1.915709000E-5
1.420433333E+9	1.818152000E-5
1.420436667E+9	1.783571000E-5
1.420440000E+9	1.827506000E-5
1.420443333E+9	1.781789000E-5
1.420446667E+9	1.855790000E-5
1.420450000E+9	1.824551000E-5
1.420453333E+9	1.859368000E-5
1.420456667E+9	1.890462000E-5
1.420460000E+9	1.807880000E-5
1.420463333E+9	1.860940000E-5
1.420466667E+9	1.831769000E-5
1.420470000E+9	1.821355000E-5
1.420473333E+9	1.890630000E-5
1.420476667E+9	2.007254000E-5
1.420480000E+9	1.972304000E-5
1.420483333E+9	1.876713000E-5
1.420486667E+9	1.905759000E-5
1.420490000E+9	1.915427000E-5
1.420493333E+9	1.878762000E-5
1.420496667E+9	1.949887000E-5
1.420500000E+9	1.989103000E-5
1.420503333E+9	1.927016000E-5
1.420506667E+9	1.966604000E-5
1.420510000E+9	1.951571000E-5
1.420513333E+9	1.938650000E-5
1.420516667E+9	1.955064000E-5
1.420520000E+9	1.933172000E-5
1.420523333E+9	2.081880000E-5
1.420526667E+9	2.019248000E-5
1.420530000E+9	1.972315000E-5
1.420533333E+9	1.948252000E-5
1.420536667E+9	1.984071000E-5
1.420540000E+9	1.961754000E-5
1.420543333E+9	1.994409000E-5
1.420546667E+9	2.034992000E-5
1.420550000E+9	1.988946000E-5
1.420553333E+9	1.971537000E-5
1.420556667E+9	1.953461000E-5
1.420560000E+9	1.966591000E-5
1.420563333E+9	1.954699000E-5
1.420566667E+9	1.952985000E-5
1.420570000E+9	2.076387000E-5
1.420573333E+9	2.011063000E-5
1.420576667E+9	1.962230000E-5
1.420580000E+9	1.935315000E-5
1.420583333E+9	1.938418000E-5
1.420586667E+9	1.944482000E-5
1.420590000E+9	2.023096000E-5
1.420593333E+9	2.005929000E-5
1.420596667E+9	1.957564000E-5
1.420600000E+9	1.950776000E-5
1.420603333E+9	1.973025000E-5
1.420606667E+9	1.922836000E-5
1.420610000E+9	1.917767000E-5
1.420613333E+9	1.975553000E-5
1.420616667E+9	2.059796000E-5
1.420620000E+9	2.017612000E-5
1.420623333E+9	2.026421000E-5
1.420626667E+9	1.885679000E-5
1.420630000E+9	1.896632000E-5
1.420633333E+9	1.917559000E-5
1.420636667E+9	1.923811000E-5
1.420640000E+9	1.979389000E-5
1.420643333E+9	1.933043000E-5
1.420646667E+9	1.873639000E-5
1.420650000E+9	1.903185000E-5
1.420653333E+9	1.905405000E-5
1.420656667E+9	1.877923000E-5
1.420660000E+9	1.903174000E-5
1.420663333E+9	2.023413000E-5
1.420666667E+9	1.918827000E-5
1.420670000E+9	1.843500000E-5
1.420673333E+9	1.849564000E-5
1.420676667E+9	1.854151000E-5
1.420680000E+9	1.807184000E-5
1.420683333E+9	1.858851000E-5
1.420686667E+9	1.913048000E-5
1.420690000E+9	1.836344000E-5
1.420693333E+9	1.813815000E-5
1.420696667E+9	1.803641000E-5
1.420700000E+9	1.846999000E-5
1.420703333E+9	1.840151000E-5
1.420706667E+9	1.830302000E-5
1.420710000E+9	1.949283000E-5
1.420713333E+9	1.800790000E-5
1.420716667E+9	1.786899000E-5
1.420720000E+9	1.823826000E-5
1.420723333E+9	1.803246000E-5
1.420726667E+9	1.807218000E-5
1.420730000E+9	1.836320000E-5
1.420733333E+9	1.853567000E-5
1.420736667E+9	1.804680000E-5
1.420740000E+9	1.823450000E-5
1.420743333E+9	1.786926000E-5
1.420746667E+9	1.792668000E-5
1.420750000E+9	1.794053000E-5
1.420753333E+9	1.794654000E-5
1.420756667E+9	1.874493000E-5
1.420760000E+9	1.838376000E-5
1.420763333E+9	1.747117000E-5
1.420766667E+9	1.816386000E-5
1.420770000E+9	1.751177000E-5
1.420773333E+9	1.760332000E-5
1.420776667E+9	1.774474000E-5
1.420780000E+9	1.815166000E-5
1.420783333E+9	1.788673000E-5
1.420786667E+9	1.767575000E-5
1.420790000E+9	1.756154000E-5
1.420793333E+9	1.841436000E-5
1.420796667E+9	1.795231000E-5
1.420800000E+9	1.831775000E-5
1.420803333E+9	1.956716000E-5
1.420806667E+9	1.827202000E-5
1.420810000E+9	1.764366000E-5
1.420813333E+9	1.768066000E-5
1.420816667E+9	1.775312000E-5
1.420820000E+9	1.762918000E-5
1.420823333E+9	1.763551000E-5
1.420826667E+9	1.857240000E-5
1.420830000E+9	1.788416000E-5
1.420833333E+9	1.768641000E-5
1.420836667E+9	1.748623000E-5
1.420840000E+9	1.797434000E-5
1.420843333E+9	1.774698000E-5
1.420846667E+9	1.789895000E-5
1.420850000E+9	1.895637000E-5
1.420853333E+9	1.806456000E-5
1.420856667E+9	1.796866000E-5
1.420860000E+9	1.749697000E-5
1.420863333E+9	1.832874000E-5
1.420866667E+9	1.778420000E-5
1.420870000E+9	1.782361000E-5
1.420873333E+9	1.814162000E-5
1.420876667E+9	1.758377000E-5
1.420880000E+9	1.750719000E-5
1.420883333E+9	1.801599000E-5
1.420886667E+9	1.791777000E-5
1.420890000E+9	1.737231000E-5
1.420893333E+9	1.776541000E-5
1.420896667E+9	1.956918000E-5
1.420900000E+9	1.816959000E-5
1.420903333E+9	1.780843000E-5
1.420906667E+9	1.776734000E-5
1.420910000E+9	1.772609000E-5
1.420913333E+9	2.031982000E-5
1.420916667E+9	1.985455000E-5
1.420920000E+9	1.861071000E-5
1.420923333E+9	1.816613000E-5
1.420926667E+9	1.794411000E-5
1.420930000E+9	1.807535000E-5
1.420933333E+9	1.750612000E-5
1.420936667E+9	1.810904000E-5
1.420940000E+9	1.795966000E-5
1.420943333E+9	1.906123000E-5
1.420946667E+9	1.782492000E-5
1.420950000E+9	1.765279000E-5
1.420953333E+9	1.812056000E-5
1.420956667E+9	1.797233000E-5
1.420960000E+9	1.754256000E-5
1.420963333E+9	1.827581000E-5
1.420966667E+9	1.824008000E-5
1.420970000E+9	1.793704000E-5
1.420973333E+9	1.811093000E-5
1.420976667E+9	1.777793000E-5
1.420980000E+9	1.782012000E-5
1.420983333E+9	1.773456000E-5
1.420986667E+9	1.857456000E-5
1.420990000E+9	1.907603000E-5
1.420993333E+9	1.865122000E-5
1.420996667E+9	1.796635000E-5
1.421000000E+9	1.754907000E-5
1.421003333E+9	1.771865000E-5
1.421006667E+9	1.739634000E-5
1.421010000E+9	1.783626000E-5
1.421013333E+9	1.786016000E-5
1.421016667E+9	1.796442000E-5
1.421020000E+9	1.815605000E-5
1.421023333E+9	1.787144000E-5
1.421026667E+9	1.747337000E-5
1.421030000E+9	1.784291000E-5
1.421033333E+9	1.799095000E-5
1.421036667E+9	1.859682000E-5
1.421040000E+9	1.796897000E-5
1.421043333E+9	1.770409000E-5
1.421046667E+9	1.787077000E-5
1.421050000E+9	1.773800000E-5
1.421053333E+9	1.804333000E-5
1.421056667E+9	1.807170000E-5
1.421060000E+9	1.869823000E-5
1.421063333E+9	1.826000000E-5
1.421066667E+9	1.781418000E-5
1.421070000E+9	1.797560000E-5
1.421073333E+9	1.798411000E-5
1.421076667E+9	1.771235000E-5
1.421080000E+9	1.819075000E-5
1.421083333E+9	1.888383000E-5
1.421086667E+9	1.817924000E-5
1.421090000E+9	1.768192000E-5
1.421093333E+9	1.763545000E-5
1.421096667E+9	1.795071000E-5
1.421100000E+9	1.768969000E-5
1.421103333E+9	1.807493000E-5
1.421106667E+9	1.799883000E-5
1.421110000E+9	1.764812000E-5
1.421113333E+9	1.793546000E-5
1.421116667E+9	1.756372000E-5
1.421120000E+9	1.796077000E-5
1.421123333E+9	1.775503000E-5
1.421126667E+9	1.810956000E-5
1.421130000E+9	1.887185000E-5
1.421133333E+9	1.841899000E-5
1.421136667E+9	1.848324000E-5
1.421140000E+9	1.760378000E-5
1.421143333E+9	1.770366000E-5
1.421146667E+9	1.757935000E-5
1.421150000E+9	1.772356000E-5
1.421153333E+9	1.819458000E-5
1.421156667E+9	1.810852000E-5
1.421160000E+9	1.836195000E-5
1.421163333E+9	1.800359000E-5
1.421166667E+9	1.801666000E-5
1.421170000E+9	1.790917000E-5
1.421173333E+9	1.823898000E-5
1.421176667E+9	1.888933000E-5
1.421180000E+9	1.804979000E-5
1.421183333E+9	1.787083000E-5
1.421186667E+9	1.779824000E-5
1.421190000E+9	1.783741000E-5
1.421193333E+9	1.770242000E-5
1.421196667E+9	1.767988000E-5
1.421200000E+9	1.843848000E-5
1.421203333E+9	1.794571000E-5
1.421206667E+9	1.914147000E-5
1.421210000E+9	1.861357000E-5
1.421213333E+9	1.782926000E-5
1.421216667E+9	1.782341000E-5
1.421220000E+9	1.832540000E-5
1.421223333E+9	1.897849000E-5
1.421226667E+9	1.768107000E-5
1.421230000E+9	1.757167000E-5
1.421233333E+9	1.794648000E-5
1.421236667E+9	1.803877000E-5
1.421240000E+9	1.774574000E-5
1.421243333E+9	1.802590000E-5
1.421246667E+9	1.800215000E-5
1.421250000E+9	1.795925000E-5
1.421253333E+9	1.754730000E-5
1.421256667E+9	1.802056000E-5
1.421260000E+9	1.755156000E-5
1.421263333E+9	1.787521000E-5
1.421266667E+9	1.833665000E-5
1.421270000E+9	1.884769000E-5
1.421273333E+9	1.781807000E-5
1.421276667E+9	1.766250000E-5
1.421280000E+9	1.763299000E-5
1.421283333E+9	1.744228000E-5
1.421286667E+9	1.744479000E-5
1.421290000E+9	1.772694000E-5
1.421293333E+9	1.813538000E-5
1.421296667E+9	1.777114000E-5
1.421300000E+9	1.778488000E-5
1.421303333E+9	1.752360000E-5
1.421306667E+9	1.771451000E-5
1.421310000E+9	1.775269000E-5
1.421313333E+9	1.780055000E-5
1.421316667E+9	1.875401000E-5
1.421320000E+9	1.810268000E-5
1.421323333E+9	1.783195000E-5
1.421326667E+9	1.789259000E-5
1.421330000E+9	1.784617000E-5
1.421333333E+9	1.805990000E-5
1.421336667E+9	1.779783000E-5
1.421340000E+9	1.809950000E-5
1.421343333E+9	1.761677000E-5
1.421346667E+9	1.794291000E-5
1.421350000E+9	1.790104000E-5
1.421353333E+9	1.776574000E-5
1.421356667E+9	1.758610000E-5
1.421360000E+9	1.836982000E-5
1.421363333E+9	1.857323000E-5
1.421366667E+9	1.800312000E-5
1.421370000E+9	1.736339000E-5
1.421373333E+9	1.741287000E-5
1.421376667E+9	1.746988000E-5
1.421380000E+9	1.759408000E-5
1.421383333E+9	1.782466000E-5
1.421386667E+9	1.815638000E-5
1.421390000E+9	1.733177000E-5
1.421393333E+9	1.802867000E-5
1.421396667E+9	1.765887000E-5
1.421400000E+9	1.802505000E-5
