Frequency, Hz	Amplitude, Volts
1.419400000E+9	1.495345000E-5
1.419403333E+9	1.544319000E-5
1.419406667E+9	1.527061000E-5
1.419410000E+9	1.513639000E-5
1.419413333E+9	1.522959000E-5
1.419416667E+9	1.541872000E-5
1.419420000E+9	1.507795000E-5
1.419423333E+9	1.509674000E-5
1.419426667E+9	1.485288000E-5
1.419430000E+9	1.526047000E-5
1.419433333E+9	1.536314000E-5
1.419436667E+9	1.508906000E-5
1.419440000E+9	1.517676000E-5
1.419443333E+9	1.512987000E-5
1.419446667E+9	1.515215000E-5
1.419450000E+9	1.608305000E-5
1.419453333E+9	1.570879000E-5
1.419456667E+9	1.534256000E-5
1.419460000E+9	1.556967000E-5
1.419463333E+9	1.517214000E-5
1.419466667E+9	1.509273000E-5
1.419470000E+9	1.510796000E-5
1.419473333E+9	1.477486000E-5
1.419476667E+9	1.516167000E-5
1.419480000E+9	1.526567000E-5
1.419483333E+9	1.545474000E-5
1.419486667E+9	1.502370000E-5
1.419490000E+9	1.516237000E-5
1.419493333E+9	1.502987000E-5
1.419496667E+9	1.525732000E-5
1.419500000E+9	1.497092000E-5
1.419503333E+9	1.514147000E-5
1.419506667E+9	1.510528000E-5
1.419510000E+9	1.498959000E-5
1.419513333E+9	1.481947000E-5
1.419516667E+9	1.515608000E-5
1.419520000E+9	1.540682000E-5
1.419523333E+9	1.524754000E-5
1.419526667E+9	1.501969000E-5
1.419530000E+9	1.516210000E-5
1.419533333E+9	1.517369000E-5
1.419536667E+9	1.505326000E-5
1.419540000E+9	1.516260000E-5
1.419543333E+9	1.503793000E-5
1.419546667E+9	1.505466000E-5
1.419550000E+9	1.548778000E-5
1.419553333E+9	1.549278000E-5
1.419556667E+9	1.529019000E-5
1.419560000E+9	1.504901000E-5
1.419563333E+9	1.514723000E-5
1.419566667E+9	1.529503000E-5
1.419570000E+9	1.508047000E-5
1.419573333E+9	1.505770000E-5
1.419576667E+9	1.514051000E-5
1.419580000E+9	1.515473000E-5
1.419583333E+9	1.516850000E-5
1.419586667E+9	1.505087000E-5
1.419590000E+9	1.560871000E-5
1.419593333E+9	1.522406000E-5
1.419596667E+9	1.564704000E-5
1.419600000E+9	1.525084000E-5
1.419603333E+9	1.531371000E-5
1.419606667E+9	1.506635000E-5
1.419610000E+9	1.493218000E-5
1.419613333E+9	1.497857000E-5
1.419616667E+9	1.470155000E-5
1.419620000E+9	1.515651000E-5
1.419623333E+9	1.500744000E-5
1.419626667E+9	1.473923000E-5
1.419630000E+9	1.500988000E-5
1.419633333E+9	1.504623000E-5
1.419636667E+9	1.548966000E-5
1.419640000E+9	1.508042000E-5
1.419643333E+9	1.503013000E-5
1.419646667E+9	1.526149000E-5
1.419650000E+9	1.516513000E-5
1.419653333E+9	1.495131000E-5
1.419656667E+9	1.495578000E-5
1.419660000E+9	1.486143000E-5
1.419663333E+9	1.512149000E-5
1.419666667E+9	1.535319000E-5
1.419670000E+9	1.515528000E-5
1.419673333E+9	1.493144000E-5
1.419676667E+9	1.515659000E-5
1.419680000E+9	1.527871000E-5
1.419683333E+9	1.532688000E-5
1.419686667E+9	1.496701000E-5
1.419690000E+9	1.500624000E-5
1.419693333E+9	1.527967000E-5
1.419696667E+9	1.544020000E-5
1.419700000E+9	1.530168000E-5
1.419703333E+9	1.497910000E-5
1.419706667E+9	1.549468000E-5
1.419710000E+9	1.541813000E-5
1.419713333E+9	1.519512000E-5
1.419716667E+9	1.529184000E-5
1.419720000E+9	1.517613000E-5
1.419723333E+9	1.489516000E-5
1.419726667E+9	1.518281000E-5
1.419730000E+9	1.518910000E-5
1.419733333E+9	1.619404000E-5
1.419736667E+9	1.522432000E-5
1.419740000E+9	1.525928000E-5
1.419743333E+9	1.597485000E-5
1.419746667E+9	1.542983000E-5
1.419750000E+9	1.544590000E-5
1.419753333E+9	1.576053000E-5
1.419756667E+9	1.512888000E-5
1.419760000E+9	1.543295000E-5
1.419763333E+9	1.508204000E-5
1.419766667E+9	1.529274000E-5
1.419770000E+9	1.496203000E-5
1.419773333E+9	1.529731000E-5
1.419776667E+9	1.521271000E-5
1.419780000E+9	1.545682000E-5
1.419783333E+9	1.528888000E-5
1.419786667E+9	1.498439000E-5
1.419790000E+9	1.523476000E-5
1.419793333E+9	1.512406000E-5
1.419796667E+9	1.497071000E-5
1.419800000E+9	1.514008000E-5
1.419803333E+9	1.486507000E-5
1.419806667E+9	1.485740000E-5
1.419810000E+9	1.551218000E-5
1.419813333E+9	1.543364000E-5
1.419816667E+9	1.531851000E-5
1.419820000E+9	1.514048000E-5
1.419823333E+9	1.506359000E-5
1.419826667E+9	1.512140000E-5
1.419830000E+9	1.504202000E-5
1.419833333E+9	1.503005000E-5
1.419836667E+9	1.548842000E-5
1.419840000E+9	1.529563000E-5
1.419843333E+9	1.505911000E-5
1.419846667E+9	1.506043000E-5
1.419850000E+9	1.479042000E-5
1.419853333E+9	1.529150000E-5
1.419856667E+9	1.492017000E-5
1.419860000E+9	1.507982000E-5
1.419863333E+9	1.526972000E-5
1.419866667E+9	1.524368000E-5
1.419870000E+9	1.522053000E-5
1.419873333E+9	1.490288000E-5
1.419876667E+9	1.511176000E-5
1.419880000E+9	1.502558000E-5
1.419883333E+9	1.536301000E-5
1.419886667E+9	1.520989000E-5
1.419890000E+9	1.540811000E-5
1.419893333E+9	1.528863000E-5
1.419896667E+9	1.521443000E-5
1.419900000E+9	1.565964000E-5
1.419903333E+9	1.554669000E-5
1.419906667E+9	1.523024000E-5
1.419910000E+9	1.482220000E-5
1.419913333E+9	1.497337000E-5
1.419916667E+9	1.506494000E-5
1.419920000E+9	1.537745000E-5
1.419923333E+9	1.470192000E-5
1.419926667E+9	1.483282000E-5
1.419930000E+9	1.504770000E-5
1.419933333E+9	1.479287000E-5
1.419936667E+9	1.479053000E-5
1.419940000E+9	1.496343000E-5
1.419943333E+9	1.510665000E-5
1.419946667E+9	1.522902000E-5
1.419950000E+9	1.501268000E-5
1.419953333E+9	1.511012000E-5
1.419956667E+9	1.490210000E-5
1.419960000E+9	1.535599000E-5
1.419963333E+9	1.520246000E-5
1.419966667E+9	1.512189000E-5
1.419970000E+9	1.500059000E-5
1.419973333E+9	1.519996000E-5
1.419976667E+9	1.524473000E-5
1.419980000E+9	1.595913000E-5
1.419983333E+9	1.513426000E-5
1.419986667E+9	1.523491000E-5
1.419990000E+9	1.508199000E-5
1.419993333E+9	1.514016000E-5
1.419996667E+9	1.504161000E-5
1.420000000E+9	1.592207000E-5
1.420003333E+9	1.647889000E-5
1.420006667E+9	1.532636000E-5
1.420010000E+9	1.512770000E-5
1.420013333E+9	1.505116000E-5
1.420016667E+9	1.518796000E-5
1.420020000E+9	1.509347000E-5
1.420023333E+9	1.528890000E-5
1.420026667E+9	1.519323000E-5
1.420030000E+9	1.505107000E-5
1.420033333E+9	1.530568000E-5
1.420036667E+9	1.532540000E-5
1.420040000E+9	1.536417000E-5
1.420043333E+9	1.506413000E-5
1.420046667E+9	1.519482000E-5
1.420050000E+9	1.555989000E-5
1.420053333E+9	1.512456000E-5
1.420056667E+9	1.505816000E-5
1.420060000E+9	1.524625000E-5
1.420063333E+9	1.519160000E-5
1.420066667E+9	1.513727000E-5
1.420070000E+9	1.512562000E-5
1.420073333E+9	1.502772000E-5
1.420076667E+9	1.531136000E-5
1.420080000E+9	1.508030000E-5
1.420083333E+9	1.497604000E-5
1.420086667E+9	1.527630000E-5
1.420090000E+9	1.495987000E-5
1.420093333E+9	1.482168000E-5
1.420096667E+9	1.513923000E-5
1.420100000E+9	1.498163000E-5
1.420103333E+9	1.484272000E-5
1.420106667E+9	1.500789000E-5
1.420110000E+9	1.528012000E-5
1.420113333E+9	1.509510000E-5
1.420116667E+9	1.505993000E-5
1.420120000E+9	1.517628000E-5
1.420123333E+9	1.511976000E-5
1.420126667E+9	1.525585000E-5
1.420130000E+9	1.486440000E-5
1.420133333E+9	1.535053000E-5
1.420136667E+9	1.501694000E-5
1.420140000E+9	1.524363000E-5
1.420143333E+9	1.509153000E-5
1.420146667E+9	1.516656000E-5
1.420150000E+9	1.538373000E-5
1.420153333E+9	1.516069000E-5
1.420156667E+9	1.508555000E-5
1.420160000E+9	1.530894000E-5
1.420163333E+9	1.531987000E-5
1.420166667E+9	1.511478000E-5
1.420170000E+9	1.515055000E-5
1.420173333E+9	1.517993000E-5
1.420176667E+9	1.506638000E-5
1.420180000E+9	1.515981000E-5
1.420183333E+9	1.496049000E-5
1.420186667E+9	1.518304000E-5
1.420190000E+9	1.509244000E-5
1.420193333E+9	1.504428000E-5
1.420196667E+9	1.522715000E-5
1.420200000E+9	1.556099000E-5
1.420203333E+9	1.519722000E-5
1.420206667E+9	1.503528000E-5
1.420210000E+9	1.501849000E-5
1.420213333E+9	1.520590000E-5
1.420216667E+9	1.486794000E-5
1.420220000E+9	1.507237000E-5
1.420223333E+9	1.525967000E-5
1.420226667E+9	1.510159000E-5
1.420230000E+9	1.539125000E-5
1.420233333E+9	1.493979000E-5
1.420236667E+9	1.547775000E-5
1.420240000E+9	1.484496000E-5
1.420243333E+9	1.522859000E-5
1.420246667E+9	1.529691000E-5
1.420250000E+9	1.530442000E-5
1.420253333E+9	1.502692000E-5
1.420256667E+9	1.521042000E-5
1.420260000E+9	1.513805000E-5
1.420263333E+9	1.475997000E-5
1.420266667E+9	1.557808000E-5
1.420270000E+9	1.494696000E-5
1.420273333E+9	1.482668000E-5
1.420276667E+9	1.513468000E-5
1.420280000E+9	1.505497000E-5
1.420283333E+9	1.513160000E-5
1.420286667E+9	1.513519000E-5
1.420290000E+9	1.505626000E-5
1.420293333E+9	1.498046000E-5
1.420296667E+9	1.622932000E-5
1.420300000E+9	1.531615000E-5
1.420303333E+9	1.540440000E-5
1.420306667E+9	1.485718000E-5
1.420310000E+9	1.571916000E-5
1.420313333E+9	1.531938000E-5
1.420316667E+9	1.532776000E-5
1.420320000E+9	1.544446000E-5
1.420323333E+9	1.565336000E-5
1.420326667E+9	1.548807000E-5
1.420330000E+9	1.574557000E-5
1.420333333E+9	1.514364000E-5
1.420336667E+9	1.511882000E-5
1.420340000E+9	1.552097000E-5
1.420343333E+9	1.532727000E-5
1.420346667E+9	1.533828000E-5
1.420350000E+9	1.544461000E-5
1.420353333E+9	1.488978000E-5
1.420356667E+9	1.534773000E-5
1.420360000E+9	1.514420000E-5
1.420363333E+9	1.484689000E-5
1.420366667E+9	1.557984000E-5
1.420370000E+9	1.529357000E-5
1.420373333E+9	1.510163000E-5
1.420376667E+9	1.548239000E-5
1.420380000E+9	1.547496000E-5
1.420383333E+9	1.560967000E-5
1.420386667E+9	1.602140000E-5
1.420390000E+9	1.579232000E-5
1.420393333E+9	1.603387000E-5
1.420396667E+9	1.613680000E-5
1.420400000E+9	1.581341000E-5
1.420403333E+9	1.568843000E-5
1.420406667E+9	1.573356000E-5
1.420410000E+9	1.639074000E-5
1.420413333E+9	1.623741000E-5
1.420416667E+9	1.646668000E-5
1.420420000E+9	1.635184000E-5
1.420423333E+9	1.671096000E-5
1.420426667E+9	1.654761000E-5
1.420430000E+9	1.669801000E-5
1.420433333E+9	1.740810000E-5
1.420436667E+9	1.688358000E-5
1.420440000E+9	1.677258000E-5
1.420443333E+9	1.745376000E-5
1.420446667E+9	1.709622000E-5
1.420450000E+9	1.698188000E-5
1.420453333E+9	1.712630000E-5
1.420456667E+9	1.716591000E-5
1.420460000E+9	1.749415000E-5
1.420463333E+9	1.709093000E-5
1.420466667E+9	1.715654000E-5
1.420470000E+9	1.736951000E-5
1.420473333E+9	1.708427000E-5
1.420476667E+9	1.720104000E-5
1.420480000E+9	1.692808000E-5
1.420483333E+9	1.680284000E-5
1.420486667E+9	1.682104000E-5
1.420490000E+9	1.701611000E-5
1.420493333E+9	1.681916000E-5
1.420496667E+9	1.752327000E-5
1.420500000E+9	1.697882000E-5
1.420503333E+9	1.671516000E-5
1.420506667E+9	1.646910000E-5
1.420510000E+9	1.681355000E-5
1.420513333E+9	1.654465000E-5
1.420516667E+9	1.687169000E-5
1.420520000E+9	1.691355000E-5
1.420523333E+9	1.649489000E-5
1.420526667E+9	1.610779000E-5
1.420530000E+9	1.629528000E-5
1.420533333E+9	1.647656000E-5
1.420536667E+9	1.642831000E-5
1.420540000E+9	1.631852000E-5
1.420543333E+9	1.649909000E-5
1.420546667E+9	1.624861000E-5
1.420550000E+9	1.655293000E-5
1.420553333E+9	1.645147000E-5
1.420556667E+9	1.631060000E-5
1.420560000E+9	1.617375000E-5
1.420563333E+9	1.628178000E-5
1.420566667E+9	1.600705000E-5
1.420570000E+9	1.605378000E-5
1.420573333E+9	1.600406000E-5
1.420576667E+9	1.586891000E-5
1.420580000E+9	1.602819000E-5
1.420583333E+9	1.562387000E-5
1.420586667E+9	1.563469000E-5
1.420590000E+9	1.767843000E-5
1.420593333E+9	1.667963000E-5
1.420596667E+9	1.602798000E-5
1.420600000E+9	1.602972000E-5
1.420603333E+9	1.587630000E-5
1.420606667E+9	1.596945000E-5
1.420610000E+9	1.677843000E-5
1.420613333E+9	1.597624000E-5
1.420616667E+9	1.607075000E-5
1.420620000E+9	1.625097000E-5
1.420623333E+9	1.633526000E-5
1.420626667E+9	1.651323000E-5
1.420630000E+9	1.623897000E-5
1.420633333E+9	1.635122000E-5
1.420636667E+9	1.634980000E-5
1.420640000E+9	1.608271000E-5
1.420643333E+9	1.632345000E-5
1.420646667E+9	1.669532000E-5
1.420650000E+9	1.628153000E-5
1.420653333E+9	1.611741000E-5
1.420656667E+9	1.619774000E-5
1.420660000E+9	1.632766000E-5
1.420663333E+9	1.638959000E-5
1.420666667E+9	1.615512000E-5
1.420670000E+9	1.615888000E-5
1.420673333E+9	1.611421000E-5
1.420676667E+9	1.646722000E-5
1.420680000E+9	1.627600000E-5
1.420683333E+9	1.644648000E-5
1.420686667E+9	1.637258000E-5
1.420690000E+9	1.645112000E-5
1.420693333E+9	1.620374000E-5
1.420696667E+9	1.648010000E-5
1.420700000E+9	1.630992000E-5
1.420703333E+9	1.601046000E-5
1.420706667E+9	1.602291000E-5
1.420710000E+9	1.611455000E-5
1.420713333E+9	1.620201000E-5
1.420716667E+9	1.608360000E-5
1.420720000E+9	1.608927000E-5
1.420723333E+9	1.609881000E-5
1.420726667E+9	1.607648000E-5
1.420730000E+9	1.626981000E-5
1.420733333E+9	1.583950000E-5
1.420736667E+9	1.608206000E-5
1.420740000E+9	1.594695000E-5
1.420743333E+9	1.596707000E-5
1.420746667E+9	1.603152000E-5
1.420750000E+9	1.632160000E-5
1.420753333E+9	1.569749000E-5
1.420756667E+9	1.644542000E-5
1.420760000E+9	1.678015000E-5
1.420763333E+9	1.608213000E-5
1.420766667E+9	1.613689000E-5
1.420770000E+9	1.605004000E-5
1.420773333E+9	1.613996000E-5
1.420776667E+9	1.624754000E-5
1.420780000E+9	1.584381000E-5
1.420783333E+9	1.591309000E-5
1.420786667E+9	1.636576000E-5
1.420790000E+9	1.615042000E-5
1.420793333E+9	1.652379000E-5
1.420796667E+9	1.684059000E-5
1.420800000E+9	1.607435000E-5
1.420803333E+9	1.616770000E-5
1.420806667E+9	1.590031000E-5
1.420810000E+9	1.610164000E-5
1.420813333E+9	1.635666000E-5
1.420816667E+9	1.648879000E-5
1.420820000E+9	1.608060000E-5
1.420823333E+9	1.623948000E-5
1.420826667E+9	1.619529000E-5
1.420830000E+9	1.586693000E-5
1.420833333E+9	1.635319000E-5
1.420836667E+9	1.619175000E-5
1.420840000E+9	1.638500000E-5
1.420843333E+9	1.640025000E-5
1.420846667E+9	1.596044000E-5
1.420850000E+9	1.611034000E-5
1.420853333E+9	1.571167000E-5
1.420856667E+9	1.553770000E-5
1.420860000E+9	1.555045000E-5
1.420863333E+9	1.617277000E-5
1.420866667E+9	1.569205000E-5
1.420870000E+9	1.621235000E-5
1.420873333E+9	1.579804000E-5
1.420876667E+9	1.581425000E-5
1.420880000E+9	1.593447000E-5
1.420883333E+9	1.884057000E-5
1.420886667E+9	1.789129000E-5
1.420890000E+9	1.580149000E-5
1.420893333E+9	1.601195000E-5
1.420896667E+9	1.597029000E-5
1.420900000E+9	1.608515000E-5
1.420903333E+9	1.624473000E-5
1.420906667E+9	1.696971000E-5
1.420910000E+9	1.654374000E-5
1.420913333E+9	1.691704000E-5
1.420916667E+9	1.629027000E-5
1.420920000E+9	1.602845000E-5
1.420923333E+9	1.560449000E-5
1.420926667E+9	1.597047000E-5
1.420930000E+9	1.593528000E-5
1.420933333E+9	1.520533000E-5
1.420936667E+9	1.557622000E-5
1.420940000E+9	1.551305000E-5
1.420943333E+9	1.640995000E-5
1.420946667E+9	1.609602000E-5
1.420950000E+9	1.544300000E-5
1.420953333E+9	1.532963000E-5
1.420956667E+9	1.538483000E-5
1.420960000E+9	1.555161000E-5
1.420963333E+9	1.542082000E-5
1.420966667E+9	1.571652000E-5
1.420970000E+9	1.548757000E-5
1.420973333E+9	1.563655000E-5
1.420976667E+9	1.546397000E-5
1.420980000E+9	1.554143000E-5
1.420983333E+9	1.592580000E-5
1.420986667E+9	1.523374000E-5
1.420990000E+9	1.590415000E-5
1.420993333E+9	1.553306000E-5
1.420996667E+9	1.536726000E-5
1.421000000E+9	1.521577000E-5
1.421003333E+9	1.522010000E-5
1.421006667E+9	1.525227000E-5
1.421010000E+9	1.552322000E-5
1.421013333E+9	1.524935000E-5
1.421016667E+9	1.510206000E-5
1.421020000E+9	1.555543000E-5
1.421023333E+9	1.503735000E-5
1.421026667E+9	1.512436000E-5
1.421030000E+9	1.521365000E-5
1.421033333E+9	1.541271000E-5
1.421036667E+9	1.537500000E-5
1.421040000E+9	1.513323000E-5
1.421043333E+9	1.530020000E-5
1.421046667E+9	1.545582000E-5
1.421050000E+9	1.536068000E-5
1.421053333E+9	1.522899000E-5
1.421056667E+9	1.552182000E-5
1.421060000E+9	1.542814000E-5
1.421063333E+9	1.530507000E-5
1.421066667E+9	1.524667000E-5
1.421070000E+9	1.502009000E-5
1.421073333E+9	1.483039000E-5
1.421076667E+9	1.531548000E-5
1.421080000E+9	1.521325000E-5
1.421083333E+9	1.484611000E-5
1.421086667E+9	1.502833000E-5
1.421090000E+9	1.505977000E-5
1.421093333E+9	1.601287000E-5
1.421096667E+9	1.576136000E-5
1.421100000E+9	1.500968000E-5
1.421103333E+9	1.510048000E-5
1.421106667E+9	1.507085000E-5
1.421110000E+9	1.486906000E-5
1.421113333E+9	1.513423000E-5
1.421116667E+9	1.505245000E-5
1.421120000E+9	1.483282000E-5
1.421123333E+9	1.526010000E-5
1.421126667E+9	1.501109000E-5
1.421130000E+9	1.528401000E-5
1.421133333E+9	1.543207000E-5
1.421136667E+9	1.510030000E-5
1.421140000E+9	1.525324000E-5
1.421143333E+9	1.491038000E-5
1.421146667E+9	1.522387000E-5
1.421150000E+9	1.509805000E-5
1.421153333E+9	1.545949000E-5
1.421156667E+9	1.528504000E-5
1.421160000E+9	1.512351000E-5
1.421163333E+9	1.504942000E-5
1.421166667E+9	1.543729000E-5
1.421170000E+9	1.542468000E-5
1.421173333E+9	1.512428000E-5
1.421176667E+9	1.599862000E-5
1.421180000E+9	1.695760000E-5
1.421183333E+9	1.508446000E-5
1.421186667E+9	1.507762000E-5
1.421190000E+9	1.523131000E-5
1.421193333E+9	1.543842000E-5
1.421196667E+9	1.535318000E-5
1.421200000E+9	1.506225000E-5
1.421203333E+9	1.518384000E-5
1.421206667E+9	1.575394000E-5
1.421210000E+9	1.528254000E-5
1.421213333E+9	1.517551000E-5
1.421216667E+9	1.533538000E-5
1.421220000E+9	1.547945000E-5
1.421223333E+9	1.519393000E-5
1.421226667E+9	1.493374000E-5
1.421230000E+9	1.524553000E-5
1.421233333E+9	1.543827000E-5
1.421236667E+9	1.511865000E-5
1.421240000E+9	1.501146000E-5
1.421243333E+9	1.564644000E-5
1.421246667E+9	1.522839000E-5
1.421250000E+9	1.517346000E-5
1.421253333E+9	1.522377000E-5
1.421256667E+9	1.494414000E-5
1.421260000E+9	1.503340000E-5
1.421263333E+9	1.537752000E-5
1.421266667E+9	1.500324000E-5
1.421270000E+9	1.498892000E-5
1.421273333E+9	1.486680000E-5
1.421276667E+9	1.504787000E-5
1.421280000E+9	1.504189000E-5
1.421283333E+9	1.535629000E-5
1.421286667E+9	1.494941000E-5
1.421290000E+9	1.497632000E-5
1.421293333E+9	1.482617000E-5
1.421296667E+9	1.498253000E-5
1.421300000E+9	1.510189000E-5
1.421303333E+9	1.498670000E-5
1.421306667E+9	1.506374000E-5
1.421310000E+9	1.503124000E-5
1.421313333E+9	1.506061000E-5
1.421316667E+9	1.558078000E-5
1.421320000E+9	1.544359000E-5
1.421323333E+9	1.509342000E-5
1.421326667E+9	1.504800000E-5
1.421330000E+9	1.510776000E-5
1.421333333E+9	1.538715000E-5
1.421336667E+9	1.516079000E-5
1.421340000E+9	1.515295000E-5
1.421343333E+9	1.476479000E-5
1.421346667E+9	1.528089000E-5
1.421350000E+9	1.486843000E-5
1.421353333E+9	1.535540000E-5
1.421356667E+9	1.536734000E-5
1.421360000E+9	1.496391000E-5
1.421363333E+9	1.522473000E-5
1.421366667E+9	1.536768000E-5
1.421370000E+9	1.510878000E-5
1.421373333E+9	1.511472000E-5
1.421376667E+9	1.491133000E-5
1.421380000E+9	1.488463000E-5
1.421383333E+9	1.522645000E-5
1.421386667E+9	1.509162000E-5
1.421390000E+9	1.523258000E-5
1.421393333E+9	1.545282000E-5
1.421396667E+9	1.521538000E-5
1.421400000E+9	1.551279000E-5
