Frequency, Hz	Amplitude, Volts
1.419400000E+9	2.237941000E-5
1.419403333E+9	2.253466000E-5
1.419406667E+9	2.226892000E-5
1.419410000E+9	2.200842000E-5
1.419413333E+9	2.318223000E-5
1.419416667E+9	2.303874000E-5
1.419420000E+9	2.202907000E-5
1.419423333E+9	2.166298000E-5
1.419426667E+9	2.203291000E-5
1.419430000E+9	2.231234000E-5
1.419433333E+9	2.259094000E-5
1.419436667E+9	2.238568000E-5
1.419440000E+9	2.277796000E-5
1.419443333E+9	2.231371000E-5
1.419446667E+9	2.205702000E-5
1.419450000E+9	2.319659000E-5
1.419453333E+9	2.340717000E-5
1.419456667E+9	2.154956000E-5
1.419460000E+9	2.202213000E-5
1.419463333E+9	2.212000000E-5
1.419466667E+9	2.194491000E-5
1.419470000E+9	2.218487000E-5
1.419473333E+9	2.165052000E-5
1.419476667E+9	2.222737000E-5
1.419480000E+9	2.224746000E-5
1.419483333E+9	2.196641000E-5
1.419486667E+9	2.228036000E-5
1.419490000E+9	2.210959000E-5
1.419493333E+9	2.166595000E-5
1.419496667E+9	2.200057000E-5
1.419500000E+9	2.189545000E-5
1.419503333E+9	2.232925000E-5
1.419506667E+9	2.203780000E-5
1.419510000E+9	2.256387000E-5
1.419513333E+9	2.223137000E-5
1.419516667E+9	2.208450000E-5
1.419520000E+9	2.204634000E-5
1.419523333E+9	2.217761000E-5
1.419526667E+9	2.181691000E-5
1.419530000E+9	2.203059000E-5
1.419533333E+9	2.195359000E-5
1.419536667E+9	2.211347000E-5
1.419540000E+9	2.256868000E-5
1.419543333E+9	2.256927000E-5
1.419546667E+9	2.221871000E-5
1.419550000E+9	2.215517000E-5
1.419553333E+9	2.186386000E-5
1.419556667E+9	2.173650000E-5
1.419560000E+9	2.214695000E-5
1.419563333E+9	2.190171000E-5
1.419566667E+9	2.203695000E-5
1.419570000E+9	2.198159000E-5
1.419573333E+9	2.200813000E-5
1.419576667E+9	2.223826000E-5
1.419580000E+9	2.226552000E-5
1.419583333E+9	2.243383000E-5
1.419586667E+9	2.223713000E-5
1.419590000E+9	2.213417000E-5
1.419593333E+9	2.250886000E-5
1.419596667E+9	2.206761000E-5
1.419600000E+9	2.185681000E-5
1.419603333E+9	2.283561000E-5
1.419606667E+9	2.237674000E-5
1.419610000E+9	2.202133000E-5
1.419613333E+9	2.227711000E-5
1.419616667E+9	2.220147000E-5
1.419620000E+9	2.186996000E-5
1.419623333E+9	2.233817000E-5
1.419626667E+9	2.255277000E-5
1.419630000E+9	2.226264000E-5
1.419633333E+9	2.230065000E-5
1.419636667E+9	2.250585000E-5
1.419640000E+9	2.220154000E-5
1.419643333E+9	2.208273000E-5
1.419646667E+9	2.213439000E-5
1.419650000E+9	2.215445000E-5
1.419653333E+9	2.193764000E-5
1.419656667E+9	2.233180000E-5
1.419660000E+9	2.209512000E-5
1.419663333E+9	2.184791000E-5
1.419666667E+9	2.240644000E-5
1.419670000E+9	2.256161000E-5
1.419673333E+9	2.238315000E-5
1.419676667E+9	2.255550000E-5
1.419680000E+9	2.177864000E-5
1.419683333E+9	2.193853000E-5
1.419686667E+9	2.177589000E-5
1.419690000E+9	2.229299000E-5
1.419693333E+9	2.211005000E-5
1.419696667E+9	2.250375000E-5
1.419700000E+9	2.239126000E-5
1.419703333E+9	2.185424000E-5
1.419706667E+9	2.262470000E-5
1.419710000E+9	2.196219000E-5
1.419713333E+9	2.175429000E-5
1.419716667E+9	2.206150000E-5
1.419720000E+9	2.213798000E-5
1.419723333E+9	2.285695000E-5
1.419726667E+9	2.271228000E-5
1.419730000E+9	2.281528000E-5
1.419733333E+9	2.354753000E-5
1.419736667E+9	2.224448000E-5
1.419740000E+9	2.211335000E-5
1.419743333E+9	2.281979000E-5
1.419746667E+9	2.250750000E-5
1.419750000E+9	2.262221000E-5
1.419753333E+9	2.268395000E-5
1.419756667E+9	2.233972000E-5
1.419760000E+9	2.202672000E-5
1.419763333E+9	2.218127000E-5
1.419766667E+9	2.205973000E-5
1.419770000E+9	2.269446000E-5
1.419773333E+9	2.240752000E-5
1.419776667E+9	2.206312000E-5
1.419780000E+9	2.243753000E-5
1.419783333E+9	2.241015000E-5
1.419786667E+9	2.252140000E-5
1.419790000E+9	2.289400000E-5
1.419793333E+9	2.224900000E-5
1.419796667E+9	2.173268000E-5
1.419800000E+9	2.203137000E-5
1.419803333E+9	2.248671000E-5
1.419806667E+9	2.190007000E-5
1.419810000E+9	2.219503000E-5
1.419813333E+9	2.223494000E-5
1.419816667E+9	2.207914000E-5
1.419820000E+9	2.231983000E-5
1.419823333E+9	2.242221000E-5
1.419826667E+9	2.218750000E-5
1.419830000E+9	2.233378000E-5
1.419833333E+9	2.220351000E-5
1.419836667E+9	2.186139000E-5
1.419840000E+9	2.233979000E-5
1.419843333E+9	2.279695000E-5
1.419846667E+9	2.222761000E-5
1.419850000E+9	2.206623000E-5
1.419853333E+9	2.198371000E-5
1.419856667E+9	2.234305000E-5
1.419860000E+9	2.219620000E-5
1.419863333E+9	2.248498000E-5
1.419866667E+9	2.284333000E-5
1.419870000E+9	2.327463000E-5
1.419873333E+9	2.199356000E-5
1.419876667E+9	2.183210000E-5
1.419880000E+9	2.185491000E-5
1.419883333E+9	2.212804000E-5
1.419886667E+9	2.260526000E-5
1.419890000E+9	2.291311000E-5
1.419893333E+9	2.215323000E-5
1.419896667E+9	2.237796000E-5
1.419900000E+9	2.260454000E-5
1.419903333E+9	2.223337000E-5
1.419906667E+9	2.222254000E-5
1.419910000E+9	2.216768000E-5
1.419913333E+9	2.260518000E-5
1.419916667E+9	2.225513000E-5
1.419920000E+9	2.238027000E-5
1.419923333E+9	2.218818000E-5
1.419926667E+9	2.216890000E-5
1.419930000E+9	2.248986000E-5
1.419933333E+9	2.209413000E-5
1.419936667E+9	2.285279000E-5
1.419940000E+9	2.227513000E-5
1.419943333E+9	2.224334000E-5
1.419946667E+9	2.208542000E-5
1.419950000E+9	2.219596000E-5
1.419953333E+9	2.236698000E-5
1.419956667E+9	2.177635000E-5
1.419960000E+9	2.214912000E-5
1.419963333E+9	2.234354000E-5
1.419966667E+9	2.180118000E-5
1.419970000E+9	2.254797000E-5
1.419973333E+9	2.214413000E-5
1.419976667E+9	2.213213000E-5
1.419980000E+9	2.203090000E-5
1.419983333E+9	2.209723000E-5
1.419986667E+9	2.245764000E-5
1.419990000E+9	2.268524000E-5
1.419993333E+9	2.213154000E-5
1.419996667E+9	2.218229000E-5
1.420000000E+9	2.335017000E-5
1.420003333E+9	2.493895000E-5
1.420006667E+9	2.246538000E-5
1.420010000E+9	2.232944000E-5
1.420013333E+9	2.249816000E-5
1.420016667E+9	2.226195000E-5
1.420020000E+9	2.320630000E-5
1.420023333E+9	2.249113000E-5
1.420026667E+9	2.291371000E-5
1.420030000E+9	2.236016000E-5
1.420033333E+9	2.250577000E-5
1.420036667E+9	2.240867000E-5
1.420040000E+9	2.246193000E-5
1.420043333E+9	2.233140000E-5
1.420046667E+9	2.214192000E-5
1.420050000E+9	2.210849000E-5
1.420053333E+9	2.245902000E-5
1.420056667E+9	2.201067000E-5
1.420060000E+9	2.217993000E-5
1.420063333E+9	2.195747000E-5
1.420066667E+9	2.210425000E-5
1.420070000E+9	2.223872000E-5
1.420073333E+9	2.234323000E-5
1.420076667E+9	2.253084000E-5
1.420080000E+9	2.249767000E-5
1.420083333E+9	2.254116000E-5
1.420086667E+9	2.207543000E-5
1.420090000E+9	2.219686000E-5
1.420093333E+9	2.217094000E-5
1.420096667E+9	2.227890000E-5
1.420100000E+9	2.250558000E-5
1.420103333E+9	2.254738000E-5
1.420106667E+9	2.247545000E-5
1.420110000E+9	2.210791000E-5
1.420113333E+9	2.197783000E-5
1.420116667E+9	2.268056000E-5
1.420120000E+9	2.212127000E-5
1.420123333E+9	2.207432000E-5
1.420126667E+9	2.216700000E-5
1.420130000E+9	2.228903000E-5
1.420133333E+9	2.215316000E-5
1.420136667E+9	2.216148000E-5
1.420140000E+9	2.247343000E-5
1.420143333E+9	2.217808000E-5
1.420146667E+9	2.205891000E-5
1.420150000E+9	2.241960000E-5
1.420153333E+9	2.244093000E-5
1.420156667E+9	2.199552000E-5
1.420160000E+9	2.269414000E-5
1.420163333E+9	2.253131000E-5
1.420166667E+9	2.243580000E-5
1.420170000E+9	2.233484000E-5
1.420173333E+9	2.190995000E-5
1.420176667E+9	2.205385000E-5
1.420180000E+9	2.192013000E-5
1.420183333E+9	2.221627000E-5
1.420186667E+9	2.213645000E-5
1.420190000E+9	2.244332000E-5
1.420193333E+9	2.224504000E-5
1.420196667E+9	2.247602000E-5
1.420200000E+9	2.276369000E-5
1.420203333E+9	2.190113000E-5
1.420206667E+9	2.281330000E-5
1.420210000E+9	2.247012000E-5
1.420213333E+9	2.242182000E-5
1.420216667E+9	2.258846000E-5
1.420220000E+9	2.230342000E-5
1.420223333E+9	2.228944000E-5
1.420226667E+9	2.250078000E-5
1.420230000E+9	2.274175000E-5
1.420233333E+9	2.243295000E-5
1.420236667E+9	2.243204000E-5
1.420240000E+9	2.268434000E-5
1.420243333E+9	2.192220000E-5
1.420246667E+9	2.210175000E-5
1.420250000E+9	2.220829000E-5
1.420253333E+9	2.245764000E-5
1.420256667E+9	2.225425000E-5
1.420260000E+9	2.268039000E-5
1.420263333E+9	2.301409000E-5
1.420266667E+9	2.417145000E-5
1.420270000E+9	2.251625000E-5
1.420273333E+9	2.251601000E-5
1.420276667E+9	2.251685000E-5
1.420280000E+9	2.275624000E-5
1.420283333E+9	2.264945000E-5
1.420286667E+9	2.210478000E-5
1.420290000E+9	2.214623000E-5
1.420293333E+9	2.266667000E-5
1.420296667E+9	2.370785000E-5
1.420300000E+9	2.280206000E-5
1.420303333E+9	2.269341000E-5
1.420306667E+9	2.305772000E-5
1.420310000E+9	2.323579000E-5
1.420313333E+9	2.263623000E-5
1.420316667E+9	2.291203000E-5
1.420320000E+9	2.293425000E-5
1.420323333E+9	2.222481000E-5
1.420326667E+9	2.227770000E-5
1.420330000E+9	2.293284000E-5
1.420333333E+9	2.246923000E-5
1.420336667E+9	2.248599000E-5
1.420340000E+9	2.240203000E-5
1.420343333E+9	2.242118000E-5
1.420346667E+9	2.242686000E-5
1.420350000E+9	2.260017000E-5
1.420353333E+9	2.258464000E-5
1.420356667E+9	2.250348000E-5
1.420360000E+9	2.285745000E-5
1.420363333E+9	2.244719000E-5
1.420366667E+9	2.303710000E-5
1.420370000E+9	2.267493000E-5
1.420373333E+9	2.262922000E-5
1.420376667E+9	2.255896000E-5
1.420380000E+9	2.249140000E-5
1.420383333E+9	2.286925000E-5
1.420386667E+9	2.278537000E-5
1.420390000E+9	2.294372000E-5
1.420393333E+9	2.236718000E-5
1.420396667E+9	2.236242000E-5
1.420400000E+9	2.194865000E-5
1.420403333E+9	2.233673000E-5
1.420406667E+9	2.256412000E-5
1.420410000E+9	2.261879000E-5
1.420413333E+9	2.232361000E-5
1.420416667E+9	2.249105000E-5
1.420420000E+9	2.244053000E-5
1.420423333E+9	2.257153000E-5
1.420426667E+9	2.249542000E-5
1.420430000E+9	2.257458000E-5
1.420433333E+9	2.277314000E-5
1.420436667E+9	2.260913000E-5
1.420440000E+9	2.208368000E-5
1.420443333E+9	2.245335000E-5
1.420446667E+9	2.266057000E-5
1.420450000E+9	2.263170000E-5
1.420453333E+9	2.286795000E-5
1.420456667E+9	2.204460000E-5
1.420460000E+9	2.261874000E-5
1.420463333E+9	2.236401000E-5
1.420466667E+9	2.270802000E-5
1.420470000E+9	2.245818000E-5
1.420473333E+9	2.219961000E-5
1.420476667E+9	2.177764000E-5
1.420480000E+9	2.260027000E-5
1.420483333E+9	2.255807000E-5
1.420486667E+9	2.246139000E-5
1.420490000E+9	2.267105000E-5
1.420493333E+9	2.150087000E-5
1.420496667E+9	2.298230000E-5
1.420500000E+9	2.290899000E-5
1.420503333E+9	2.191813000E-5
1.420506667E+9	2.246903000E-5
1.420510000E+9	2.280051000E-5
1.420513333E+9	2.305106000E-5
1.420516667E+9	2.276361000E-5
1.420520000E+9	2.210745000E-5
1.420523333E+9	2.221766000E-5
1.420526667E+9	2.249886000E-5
1.420530000E+9	2.251697000E-5
1.420533333E+9	2.278211000E-5
1.420536667E+9	2.216685000E-5
1.420540000E+9	2.220846000E-5
1.420543333E+9	2.254512000E-5
1.420546667E+9	2.271545000E-5
1.420550000E+9	2.279355000E-5
1.420553333E+9	2.212751000E-5
1.420556667E+9	2.224021000E-5
1.420560000E+9	2.241702000E-5
1.420563333E+9	2.207807000E-5
1.420566667E+9	2.205499000E-5
1.420570000E+9	2.202321000E-5
1.420573333E+9	2.207330000E-5
1.420576667E+9	2.231562000E-5
1.420580000E+9	2.218882000E-5
1.420583333E+9	2.253292000E-5
1.420586667E+9	2.208525000E-5
1.420590000E+9	2.214078000E-5
1.420593333E+9	2.303760000E-5
1.420596667E+9	2.203223000E-5
1.420600000E+9	2.296671000E-5
1.420603333E+9	2.356833000E-5
1.420606667E+9	2.299664000E-5
1.420610000E+9	2.284927000E-5
1.420613333E+9	2.259173000E-5
1.420616667E+9	2.205068000E-5
1.420620000E+9	2.238561000E-5
1.420623333E+9	2.285329000E-5
1.420626667E+9	2.337926000E-5
1.420630000E+9	2.220915000E-5
1.420633333E+9	2.226530000E-5
1.420636667E+9	2.267747000E-5
1.420640000E+9	2.250506000E-5
1.420643333E+9	2.227454000E-5
1.420646667E+9	2.300537000E-5
1.420650000E+9	2.211957000E-5
1.420653333E+9	2.222166000E-5
1.420656667E+9	2.258504000E-5
1.420660000E+9	2.243906000E-5
1.420663333E+9	2.245979000E-5
1.420666667E+9	2.226278000E-5
1.420670000E+9	2.266231000E-5
1.420673333E+9	2.219920000E-5
1.420676667E+9	2.241387000E-5
1.420680000E+9	2.217669000E-5
1.420683333E+9	2.249085000E-5
1.420686667E+9	2.245880000E-5
1.420690000E+9	2.318865000E-5
1.420693333E+9	2.220817000E-5
1.420696667E+9	2.213145000E-5
1.420700000E+9	2.249975000E-5
1.420703333E+9	2.228465000E-5
1.420706667E+9	2.215644000E-5
1.420710000E+9	2.248917000E-5
1.420713333E+9	2.264058000E-5
1.420716667E+9	2.254084000E-5
1.420720000E+9	2.224888000E-5
1.420723333E+9	2.197667000E-5
1.420726667E+9	2.216308000E-5
1.420730000E+9	2.228653000E-5
1.420733333E+9	2.251974000E-5
1.420736667E+9	2.243396000E-5
1.420740000E+9	2.203555000E-5
1.420743333E+9	2.244581000E-5
1.420746667E+9	2.267727000E-5
1.420750000E+9	2.223708000E-5
1.420753333E+9	2.271340000E-5
1.420756667E+9	2.232846000E-5
1.420760000E+9	2.287935000E-5
1.420763333E+9	2.249747000E-5
1.420766667E+9	2.212600000E-5
1.420770000E+9	2.240621000E-5
1.420773333E+9	2.215547000E-5
1.420776667E+9	2.231797000E-5
1.420780000E+9	2.277746000E-5
1.420783333E+9	2.227733000E-5
1.420786667E+9	2.211408000E-5
1.420790000E+9	2.256724000E-5
1.420793333E+9	2.235486000E-5
1.420796667E+9	2.325869000E-5
1.420800000E+9	2.265771000E-5
1.420803333E+9	2.222115000E-5
1.420806667E+9	2.192735000E-5
1.420810000E+9	2.267543000E-5
1.420813333E+9	2.246726000E-5
1.420816667E+9	2.218628000E-5
1.420820000E+9	2.257889000E-5
1.420823333E+9	2.243681000E-5
1.420826667E+9	2.235631000E-5
1.420830000E+9	2.185916000E-5
1.420833333E+9	2.249135000E-5
1.420836667E+9	2.184570000E-5
1.420840000E+9	2.720158000E-5
1.420843333E+9	2.554353000E-5
1.420846667E+9	2.239141000E-5
1.420850000E+9	2.236200000E-5
1.420853333E+9	2.199376000E-5
1.420856667E+9	2.202130000E-5
1.420860000E+9	2.268509000E-5
1.420863333E+9	2.273494000E-5
1.420866667E+9	2.288251000E-5
1.420870000E+9	2.342491000E-5
1.420873333E+9	2.268325000E-5
1.420876667E+9	2.196195000E-5
1.420880000E+9	2.215119000E-5
1.420883333E+9	2.536533000E-5
1.420886667E+9	2.451336000E-5
1.420890000E+9	2.209078000E-5
1.420893333E+9	2.241842000E-5
1.420896667E+9	2.298765000E-5
1.420900000E+9	2.350424000E-5
1.420903333E+9	2.302041000E-5
1.420906667E+9	2.306656000E-5
1.420910000E+9	2.261536000E-5
1.420913333E+9	2.287779000E-5
1.420916667E+9	2.293496000E-5
1.420920000E+9	2.317887000E-5
1.420923333E+9	2.243718000E-5
1.420926667E+9	2.284611000E-5
1.420930000E+9	2.200006000E-5
1.420933333E+9	2.205382000E-5
1.420936667E+9	2.270704000E-5
1.420940000E+9	2.279002000E-5
1.420943333E+9	2.310869000E-5
1.420946667E+9	2.314019000E-5
1.420950000E+9	2.309261000E-5
1.420953333E+9	2.205949000E-5
1.420956667E+9	2.229698000E-5
1.420960000E+9	2.273995000E-5
1.420963333E+9	2.196087000E-5
1.420966667E+9	2.204637000E-5
1.420970000E+9	2.229578000E-5
1.420973333E+9	2.196480000E-5
1.420976667E+9	2.207095000E-5
1.420980000E+9	2.271944000E-5
1.420983333E+9	2.265313000E-5
1.420986667E+9	2.217688000E-5
1.420990000E+9	2.267439000E-5
1.420993333E+9	2.225306000E-5
1.420996667E+9	2.187039000E-5
1.421000000E+9	2.265885000E-5
1.421003333E+9	2.239084000E-5
1.421006667E+9	2.230800000E-5
1.421010000E+9	2.246963000E-5
1.421013333E+9	2.238111000E-5
1.421016667E+9	2.195954000E-5
1.421020000E+9	2.249157000E-5
1.421023333E+9	2.265306000E-5
1.421026667E+9	2.238846000E-5
1.421030000E+9	2.249557000E-5
1.421033333E+9	2.214304000E-5
1.421036667E+9	2.209209000E-5
1.421040000E+9	2.265184000E-5
1.421043333E+9	2.193212000E-5
1.421046667E+9	2.217197000E-5
1.421050000E+9	2.201840000E-5
1.421053333E+9	2.161199000E-5
1.421056667E+9	2.239564000E-5
1.421060000E+9	2.208319000E-5
1.421063333E+9	2.222195000E-5
1.421066667E+9	2.237978000E-5
1.421070000E+9	2.252231000E-5
1.421073333E+9	2.231692000E-5
1.421076667E+9	2.214217000E-5
1.421080000E+9	2.253357000E-5
1.421083333E+9	2.223188000E-5
1.421086667E+9	2.184867000E-5
1.421090000E+9	2.207788000E-5
1.421093333E+9	2.253619000E-5
1.421096667E+9	2.249913000E-5
1.421100000E+9	2.260302000E-5
1.421103333E+9	2.268111000E-5
1.421106667E+9	2.240631000E-5
1.421110000E+9	2.209968000E-5
1.421113333E+9	2.249886000E-5
1.421116667E+9	2.266099000E-5
1.421120000E+9	2.218441000E-5
1.421123333E+9	2.211503000E-5
1.421126667E+9	2.246072000E-5
1.421130000E+9	2.227254000E-5
1.421133333E+9	2.287111000E-5
1.421136667E+9	2.234850000E-5
1.421140000E+9	2.264938000E-5
1.421143333E+9	2.269521000E-5
1.421146667E+9	2.211765000E-5
1.421150000E+9	2.185165000E-5
1.421153333E+9	2.215211000E-5
1.421156667E+9	2.227034000E-5
1.421160000E+9	2.233648000E-5
1.421163333E+9	2.202943000E-5
1.421166667E+9	2.274907000E-5
1.421170000E+9	2.257029000E-5
1.421173333E+9	2.211189000E-5
1.421176667E+9	2.447071000E-5
1.421180000E+9	2.618615000E-5
1.421183333E+9	2.222783000E-5
1.421186667E+9	2.252444000E-5
1.421190000E+9	2.270802000E-5
1.421193333E+9	2.288282000E-5
1.421196667E+9	2.260920000E-5
1.421200000E+9	2.236880000E-5
1.421203333E+9	2.239468000E-5
1.421206667E+9	2.327358000E-5
1.421210000E+9	2.301677000E-5
1.421213333E+9	2.303446000E-5
1.421216667E+9	2.252248000E-5
1.421220000E+9	2.219774000E-5
1.421223333E+9	2.253545000E-5
1.421226667E+9	2.198960000E-5
1.421230000E+9	2.304428000E-5
1.421233333E+9	2.295731000E-5
1.421236667E+9	2.213971000E-5
1.421240000E+9	2.230780000E-5
1.421243333E+9	2.269825000E-5
1.421246667E+9	2.242201000E-5
1.421250000E+9	2.206286000E-5
1.421253333E+9	2.201780000E-5
1.421256667E+9	2.228947000E-5
1.421260000E+9	2.301116000E-5
1.421263333E+9	2.268138000E-5
1.421266667E+9	2.296003000E-5
1.421270000E+9	2.278221000E-5
1.421273333E+9	2.298679000E-5
1.421276667E+9	2.335668000E-5
1.421280000E+9	2.269516000E-5
1.421283333E+9	2.253171000E-5
1.421286667E+9	2.232846000E-5
1.421290000E+9	2.255862000E-5
1.421293333E+9	2.250256000E-5
1.421296667E+9	2.393285000E-5
1.421300000E+9	2.398407000E-5
1.421303333E+9	2.258526000E-5
1.421306667E+9	2.273756000E-5
1.421310000E+9	2.272331000E-5
1.421313333E+9	2.295403000E-5
1.421316667E+9	2.265520000E-5
1.421320000E+9	2.342921000E-5
1.421323333E+9	2.333996000E-5
1.421326667E+9	2.314611000E-5
1.421330000E+9	2.325210000E-5
1.421333333E+9	2.348969000E-5
1.421336667E+9	2.420462000E-5
1.421340000E+9	2.453752000E-5
1.421343333E+9	3.014413000E-5
1.421346667E+9	2.937359000E-5
1.421350000E+9	2.429928000E-5
1.421353333E+9	2.444794000E-5
1.421356667E+9	2.407932000E-5
1.421360000E+9	2.380015000E-5
1.421363333E+9	2.526605000E-5
1.421366667E+9	2.969354000E-5
1.421370000E+9	2.376477000E-5
1.421373333E+9	2.382476000E-5
1.421376667E+9	2.287297000E-5
1.421380000E+9	2.365182000E-5
1.421383333E+9	2.368413000E-5
1.421386667E+9	2.354983000E-5
1.421390000E+9	2.310488000E-5
1.421393333E+9	2.281578000E-5
1.421396667E+9	2.303456000E-5
1.421400000E+9	2.292723000E-5
