Frequency, Hz	Amplitude, Volts
1.419400000E+9	1.972154000E-5
1.419403333E+9	1.920675000E-5
1.419406667E+9	1.894466000E-5
1.419410000E+9	1.923370000E-5
1.419413333E+9	1.863073000E-5
1.419416667E+9	1.870071000E-5
1.419420000E+9	1.921228000E-5
1.419423333E+9	1.887419000E-5
1.419426667E+9	1.883916000E-5
1.419430000E+9	1.928041000E-5
1.419433333E+9	1.972111000E-5
1.419436667E+9	1.904025000E-5
1.419440000E+9	1.908089000E-5
1.419443333E+9	1.997144000E-5
1.419446667E+9	1.991219000E-5
1.419450000E+9	2.011198000E-5
1.419453333E+9	2.111454000E-5
1.419456667E+9	1.953148000E-5
1.419460000E+9	1.859813000E-5
1.419463333E+9	1.902080000E-5
1.419466667E+9	1.959401000E-5
1.419470000E+9	1.924769000E-5
1.419473333E+9	1.903080000E-5
1.419476667E+9	1.850984000E-5
1.419480000E+9	1.917355000E-5
1.419483333E+9	1.923716000E-5
1.419486667E+9	1.921593000E-5
1.419490000E+9	1.992437000E-5
1.419493333E+9	1.950889000E-5
1.419496667E+9	1.894520000E-5
1.419500000E+9	1.899600000E-5
1.419503333E+9	1.887351000E-5
1.419506667E+9	1.894160000E-5
1.419510000E+9	1.903068000E-5
1.419513333E+9	1.938018000E-5
1.419516667E+9	1.913947000E-5
1.419520000E+9	1.922051000E-5
1.419523333E+9	1.892680000E-5
1.419526667E+9	1.886062000E-5
1.419530000E+9	1.913048000E-5
1.419533333E+9	1.947662000E-5
1.419536667E+9	2.022241000E-5
1.419540000E+9	1.957341000E-5
1.419543333E+9	1.878284000E-5
1.419546667E+9	1.897574000E-5
1.419550000E+9	1.883821000E-5
1.419553333E+9	1.872979000E-5
1.419556667E+9	1.877663000E-5
1.419560000E+9	1.897770000E-5
1.419563333E+9	1.862404000E-5
1.419566667E+9	1.874783000E-5
1.419570000E+9	1.891253000E-5
1.419573333E+9	1.888116000E-5
1.419576667E+9	1.916658000E-5
1.419580000E+9	1.915194000E-5
1.419583333E+9	2.002081000E-5
1.419586667E+9	1.942605000E-5
1.419590000E+9	1.861427000E-5
1.419593333E+9	1.891014000E-5
1.419596667E+9	1.913277000E-5
1.419600000E+9	1.904261000E-5
1.419603333E+9	1.927638000E-5
1.419606667E+9	1.923585000E-5
1.419610000E+9	1.919636000E-5
1.419613333E+9	1.905246000E-5
1.419616667E+9	1.906755000E-5
1.419620000E+9	1.855801000E-5
1.419623333E+9	1.851642000E-5
1.419626667E+9	1.904824000E-5
1.419630000E+9	1.934175000E-5
1.419633333E+9	1.937458000E-5
1.419636667E+9	1.860550000E-5
1.419640000E+9	1.913182000E-5
1.419643333E+9	1.870952000E-5
1.419646667E+9	1.899583000E-5
1.419650000E+9	1.892354000E-5
1.419653333E+9	1.907708000E-5
1.419656667E+9	1.897689000E-5
1.419660000E+9	1.873948000E-5
1.419663333E+9	1.891112000E-5
1.419666667E+9	1.883387000E-5
1.419670000E+9	1.930977000E-5
1.419673333E+9	1.882779000E-5
1.419676667E+9	2.014931000E-5
1.419680000E+9	1.928479000E-5
1.419683333E+9	1.860806000E-5
1.419686667E+9	1.869141000E-5
1.419690000E+9	1.878727000E-5
1.419693333E+9	1.846510000E-5
1.419696667E+9	1.858213000E-5
1.419700000E+9	1.897386000E-5
1.419703333E+9	1.859551000E-5
1.419706667E+9	1.842804000E-5
1.419710000E+9	1.895777000E-5
1.419713333E+9	1.871413000E-5
1.419716667E+9	1.912099000E-5
1.419720000E+9	1.886783000E-5
1.419723333E+9	1.973125000E-5
1.419726667E+9	2.016706000E-5
1.419730000E+9	1.906851000E-5
1.419733333E+9	1.922228000E-5
1.419736667E+9	1.909120000E-5
1.419740000E+9	1.918687000E-5
1.419743333E+9	1.998655000E-5
1.419746667E+9	2.250491000E-5
1.419750000E+9	1.969614000E-5
1.419753333E+9	1.870088000E-5
1.419756667E+9	1.883836000E-5
1.419760000E+9	1.879307000E-5
1.419763333E+9	1.911981000E-5
1.419766667E+9	1.922863000E-5
1.419770000E+9	1.977697000E-5
1.419773333E+9	1.924762000E-5
1.419776667E+9	1.889617000E-5
1.419780000E+9	1.883560000E-5
1.419783333E+9	1.892364000E-5
1.419786667E+9	1.896112000E-5
1.419790000E+9	1.880056000E-5
1.419793333E+9	1.889327000E-5
1.419796667E+9	1.894595000E-5
1.419800000E+9	1.902282000E-5
1.419803333E+9	1.878942000E-5
1.419806667E+9	1.883592000E-5
1.419810000E+9	1.873691000E-5
1.419813333E+9	1.894509000E-5
1.419816667E+9	1.930023000E-5
1.419820000E+9	1.885379000E-5
1.419823333E+9	1.874353000E-5
1.419826667E+9	1.895283000E-5
1.419830000E+9	1.899102000E-5
1.419833333E+9	1.884959000E-5
1.419836667E+9	1.850486000E-5
1.419840000E+9	1.882804000E-5
1.419843333E+9	1.889538000E-5
1.419846667E+9	1.888348000E-5
1.419850000E+9	1.868477000E-5
1.419853333E+9	1.861490000E-5
1.419856667E+9	1.855536000E-5
1.419860000E+9	1.896493000E-5
1.419863333E+9	1.975123000E-5
1.419866667E+9	1.904361000E-5
1.419870000E+9	1.870702000E-5
1.419873333E+9	1.903596000E-5
1.419876667E+9	1.842043000E-5
1.419880000E+9	1.878175000E-5
1.419883333E+9	1.895065000E-5
1.419886667E+9	1.895412000E-5
1.419890000E+9	1.875866000E-5
1.419893333E+9	1.894994000E-5
1.419896667E+9	1.870893000E-5
1.419900000E+9	1.834229000E-5
1.419903333E+9	1.872044000E-5
1.419906667E+9	1.855049000E-5
1.419910000E+9	1.963646000E-5
1.419913333E+9	1.909573000E-5
1.419916667E+9	1.882996000E-5
1.419920000E+9	1.852631000E-5
1.419923333E+9	1.858764000E-5
1.419926667E+9	1.879470000E-5
1.419930000E+9	1.823001000E-5
1.419933333E+9	1.891668000E-5
1.419936667E+9	1.867695000E-5
1.419940000E+9	1.859944000E-5
1.419943333E+9	1.838731000E-5
1.419946667E+9	1.866474000E-5
1.419950000E+9	1.845304000E-5
1.419953333E+9	1.883300000E-5
1.419956667E+9	1.967142000E-5
1.419960000E+9	1.920445000E-5
1.419963333E+9	1.889018000E-5
1.419966667E+9	1.842698000E-5
1.419970000E+9	1.815658000E-5
1.419973333E+9	1.873596000E-5
1.419976667E+9	1.882126000E-5
1.419980000E+9	1.864317000E-5
1.419983333E+9	1.897318000E-5
1.419986667E+9	1.852857000E-5
1.419990000E+9	1.863926000E-5
1.419993333E+9	1.834736000E-5
1.419996667E+9	1.875642000E-5
1.420000000E+9	1.920977000E-5
1.420003333E+9	1.946029000E-5
1.420006667E+9	1.907913000E-5
1.420010000E+9	1.881903000E-5
1.420013333E+9	1.840086000E-5
1.420016667E+9	1.866336000E-5
1.420020000E+9	1.914967000E-5
1.420023333E+9	1.847289000E-5
1.420026667E+9	1.867060000E-5
1.420030000E+9	1.867248000E-5
1.420033333E+9	1.859204000E-5
1.420036667E+9	1.921272000E-5
1.420040000E+9	2.179242000E-5
1.420043333E+9	1.921308000E-5
1.420046667E+9	1.964334000E-5
1.420050000E+9	1.935664000E-5
1.420053333E+9	1.925777000E-5
1.420056667E+9	1.870700000E-5
1.420060000E+9	1.837621000E-5
1.420063333E+9	1.877439000E-5
1.420066667E+9	1.850155000E-5
1.420070000E+9	1.887998000E-5
1.420073333E+9	1.911536000E-5
1.420076667E+9	1.869768000E-5
1.420080000E+9	1.856377000E-5
1.420083333E+9	1.861049000E-5
1.420086667E+9	1.861637000E-5
1.420090000E+9	1.869745000E-5
1.420093333E+9	1.902886000E-5
1.420096667E+9	1.918532000E-5
1.420100000E+9	1.884011000E-5
1.420103333E+9	1.853257000E-5
1.420106667E+9	1.824010000E-5
1.420110000E+9	1.881764000E-5
1.420113333E+9	1.849334000E-5
1.420116667E+9	1.891751000E-5
1.420120000E+9	1.900725000E-5
1.420123333E+9	1.873964000E-5
1.420126667E+9	1.875364000E-5
1.420130000E+9	1.869322000E-5
1.420133333E+9	1.863124000E-5
1.420136667E+9	1.875504000E-5
1.420140000E+9	1.880114000E-5
1.420143333E+9	1.937424000E-5
1.420146667E+9	1.922633000E-5
1.420150000E+9	1.825635000E-5
1.420153333E+9	1.828229000E-5
1.420156667E+9	1.850281000E-5
1.420160000E+9	1.856245000E-5
1.420163333E+9	1.864517000E-5
1.420166667E+9	1.880116000E-5
1.420170000E+9	1.858894000E-5
1.420173333E+9	1.837218000E-5
1.420176667E+9	1.865439000E-5
1.420180000E+9	1.867749000E-5
1.420183333E+9	1.843826000E-5
1.420186667E+9	1.880395000E-5
1.420190000E+9	1.994540000E-5
1.420193333E+9	1.904974000E-5
1.420196667E+9	1.888588000E-5
1.420200000E+9	1.821923000E-5
1.420203333E+9	1.876252000E-5
1.420206667E+9	1.859315000E-5
1.420210000E+9	1.901827000E-5
1.420213333E+9	1.882089000E-5
1.420216667E+9	1.864935000E-5
1.420220000E+9	1.868477000E-5
1.420223333E+9	1.843334000E-5
1.420226667E+9	1.851441000E-5
1.420230000E+9	1.898528000E-5
1.420233333E+9	1.893364000E-5
1.420236667E+9	1.918953000E-5
1.420240000E+9	1.891178000E-5
1.420243333E+9	1.872192000E-5
1.420246667E+9	1.858070000E-5
1.420250000E+9	1.924528000E-5
1.420253333E+9	1.887361000E-5
1.420256667E+9	1.894270000E-5
1.420260000E+9	1.939578000E-5
1.420263333E+9	1.883453000E-5
1.420266667E+9	1.898649000E-5
1.420270000E+9	1.899579000E-5
1.420273333E+9	1.908022000E-5
1.420276667E+9	1.916790000E-5
1.420280000E+9	1.964983000E-5
1.420283333E+9	2.009521000E-5
1.420286667E+9	1.966913000E-5
1.420290000E+9	1.933531000E-5
1.420293333E+9	1.925944000E-5
1.420296667E+9	1.956228000E-5
1.420300000E+9	1.960994000E-5
1.420303333E+9	1.984507000E-5
1.420306667E+9	1.964715000E-5
1.420310000E+9	1.948663000E-5
1.420313333E+9	1.983065000E-5
1.420316667E+9	1.935184000E-5
1.420320000E+9	1.957326000E-5
1.420323333E+9	1.949652000E-5
1.420326667E+9	1.996093000E-5
1.420330000E+9	2.071610000E-5
1.420333333E+9	2.234305000E-5
1.420336667E+9	1.961991000E-5
1.420340000E+9	1.896834000E-5
1.420343333E+9	1.978579000E-5
1.420346667E+9	1.915659000E-5
1.420350000E+9	1.893468000E-5
1.420353333E+9	1.920646000E-5
1.420356667E+9	1.902917000E-5
1.420360000E+9	1.881498000E-5
1.420363333E+9	1.920934000E-5
1.420366667E+9	1.885069000E-5
1.420370000E+9	1.877492000E-5
1.420373333E+9	1.910181000E-5
1.420376667E+9	1.966606000E-5
1.420380000E+9	1.891189000E-5
1.420383333E+9	1.886185000E-5
1.420386667E+9	1.911209000E-5
1.420390000E+9	1.881733000E-5
1.420393333E+9	1.894293000E-5
1.420396667E+9	1.918744000E-5
1.420400000E+9	1.921652000E-5
1.420403333E+9	1.848027000E-5
1.420406667E+9	1.855301000E-5
1.420410000E+9	1.900032000E-5
1.420413333E+9	1.838796000E-5
1.420416667E+9	1.899235000E-5
1.420420000E+9	1.837071000E-5
1.420423333E+9	1.937614000E-5
1.420426667E+9	1.903287000E-5
1.420430000E+9	1.888765000E-5
1.420433333E+9	1.860628000E-5
1.420436667E+9	1.884620000E-5
1.420440000E+9	1.875566000E-5
1.420443333E+9	1.884535000E-5
1.420446667E+9	1.902236000E-5
1.420450000E+9	1.848185000E-5
1.420453333E+9	1.805474000E-5
1.420456667E+9	1.841683000E-5
1.420460000E+9	1.888207000E-5
1.420463333E+9	1.878991000E-5
1.420466667E+9	1.909726000E-5
1.420470000E+9	1.944350000E-5
1.420473333E+9	1.855839000E-5
1.420476667E+9	1.851041000E-5
1.420480000E+9	1.856636000E-5
1.420483333E+9	1.879602000E-5
1.420486667E+9	1.866808000E-5
1.420490000E+9	1.876668000E-5
1.420493333E+9	1.849708000E-5
1.420496667E+9	1.841309000E-5
1.420500000E+9	1.840208000E-5
1.420503333E+9	1.824924000E-5
1.420506667E+9	1.859151000E-5
1.420510000E+9	1.872804000E-5
1.420513333E+9	1.875111000E-5
1.420516667E+9	1.932440000E-5
1.420520000E+9	1.896337000E-5
1.420523333E+9	1.835568000E-5
1.420526667E+9	1.881477000E-5
1.420530000E+9	1.854725000E-5
1.420533333E+9	1.861071000E-5
1.420536667E+9	1.896145000E-5
1.420540000E+9	1.875385000E-5
1.420543333E+9	1.849580000E-5
1.420546667E+9	1.880438000E-5
1.420550000E+9	1.838453000E-5
1.420553333E+9	1.864851000E-5
1.420556667E+9	1.835768000E-5
1.420560000E+9	1.895481000E-5
1.420563333E+9	1.890777000E-5
1.420566667E+9	1.887776000E-5
1.420570000E+9	1.849164000E-5
1.420573333E+9	1.810045000E-5
1.420576667E+9	1.834648000E-5
1.420580000E+9	1.832779000E-5
1.420583333E+9	1.857784000E-5
1.420586667E+9	1.831892000E-5
1.420590000E+9	1.874928000E-5
1.420593333E+9	1.854611000E-5
1.420596667E+9	1.862289000E-5
1.420600000E+9	1.861962000E-5
1.420603333E+9	1.922196000E-5
1.420606667E+9	1.893285000E-5
1.420610000E+9	1.950512000E-5
1.420613333E+9	1.882924000E-5
1.420616667E+9	1.877057000E-5
1.420620000E+9	1.942750000E-5
1.420623333E+9	2.011823000E-5
1.420626667E+9	2.288885000E-5
1.420630000E+9	1.896472000E-5
1.420633333E+9	1.886986000E-5
1.420636667E+9	1.879701000E-5
1.420640000E+9	1.846435000E-5
1.420643333E+9	1.827894000E-5
1.420646667E+9	1.853949000E-5
1.420650000E+9	1.869181000E-5
1.420653333E+9	1.867183000E-5
1.420656667E+9	1.913399000E-5
1.420660000E+9	1.867613000E-5
1.420663333E+9	1.865531000E-5
1.420666667E+9	1.848719000E-5
1.420670000E+9	1.836147000E-5
1.420673333E+9	1.873654000E-5
1.420676667E+9	1.859331000E-5
1.420680000E+9	1.896339000E-5
1.420683333E+9	1.874170000E-5
1.420686667E+9	1.839297000E-5
1.420690000E+9	1.871384000E-5
1.420693333E+9	1.874189000E-5
1.420696667E+9	1.862737000E-5
1.420700000E+9	1.858576000E-5
1.420703333E+9	1.952346000E-5
1.420706667E+9	1.866424000E-5
1.420710000E+9	1.864849000E-5
1.420713333E+9	1.856970000E-5
1.420716667E+9	1.827171000E-5
1.420720000E+9	1.846526000E-5
1.420723333E+9	1.856426000E-5
1.420726667E+9	1.882938000E-5
1.420730000E+9	1.848326000E-5
1.420733333E+9	1.854070000E-5
1.420736667E+9	1.843346000E-5
1.420740000E+9	1.877369000E-5
1.420743333E+9	1.845278000E-5
1.420746667E+9	1.837986000E-5
1.420750000E+9	1.867755000E-5
1.420753333E+9	1.877601000E-5
1.420756667E+9	1.852960000E-5
1.420760000E+9	1.832821000E-5
1.420763333E+9	1.839141000E-5
1.420766667E+9	1.831457000E-5
1.420770000E+9	1.849552000E-5
1.420773333E+9	1.847812000E-5
1.420776667E+9	1.836457000E-5
1.420780000E+9	1.862173000E-5
1.420783333E+9	1.861265000E-5
1.420786667E+9	1.845622000E-5
1.420790000E+9	1.844759000E-5
1.420793333E+9	1.836498000E-5
1.420796667E+9	1.920616000E-5
1.420800000E+9	1.873024000E-5
1.420803333E+9	1.824331000E-5
1.420806667E+9	1.857013000E-5
1.420810000E+9	1.830535000E-5
1.420813333E+9	1.850175000E-5
1.420816667E+9	1.847522000E-5
1.420820000E+9	1.854008000E-5
1.420823333E+9	1.861741000E-5
1.420826667E+9	1.815387000E-5
1.420830000E+9	1.818412000E-5
1.420833333E+9	1.849371000E-5
1.420836667E+9	1.820629000E-5
1.420840000E+9	1.873394000E-5
1.420843333E+9	1.908057000E-5
1.420846667E+9	1.890323000E-5
1.420850000E+9	1.816161000E-5
1.420853333E+9	1.855073000E-5
1.420856667E+9	1.852509000E-5
1.420860000E+9	1.851742000E-5
1.420863333E+9	1.853259000E-5
1.420866667E+9	1.872654000E-5
1.420870000E+9	1.851992000E-5
1.420873333E+9	1.823151000E-5
1.420876667E+9	1.834734000E-5
1.420880000E+9	1.807172000E-5
1.420883333E+9	1.884032000E-5
1.420886667E+9	1.861425000E-5
1.420890000E+9	1.873310000E-5
1.420893333E+9	1.865205000E-5
1.420896667E+9	1.942995000E-5
1.420900000E+9	1.998400000E-5
1.420903333E+9	1.844401000E-5
1.420906667E+9	1.852720000E-5
1.420910000E+9	1.893834000E-5
1.420913333E+9	2.093421000E-5
1.420916667E+9	2.366492000E-5
1.420920000E+9	3.097094000E-5
1.420923333E+9	1.872654000E-5
1.420926667E+9	1.866892000E-5
1.420930000E+9	1.847017000E-5
1.420933333E+9	1.861400000E-5
1.420936667E+9	1.873035000E-5
1.420940000E+9	1.850421000E-5
1.420943333E+9	1.856997000E-5
1.420946667E+9	1.880085000E-5
1.420950000E+9	1.834331000E-5
1.420953333E+9	1.838051000E-5
1.420956667E+9	1.836998000E-5
1.420960000E+9	1.859960000E-5
1.420963333E+9	1.900312000E-5
1.420966667E+9	1.846905000E-5
1.420970000E+9	1.870051000E-5
1.420973333E+9	1.817837000E-5
1.420976667E+9	1.851146000E-5
1.420980000E+9	1.877070000E-5
1.420983333E+9	1.912120000E-5
1.420986667E+9	1.880766000E-5
1.420990000E+9	1.855776000E-5
1.420993333E+9	1.836508000E-5
1.420996667E+9	1.855016000E-5
1.421000000E+9	1.874724000E-5
1.421003333E+9	1.887160000E-5
1.421006667E+9	1.852848000E-5
1.421010000E+9	1.836213000E-5
1.421013333E+9	1.816203000E-5
1.421016667E+9	1.822381000E-5
1.421020000E+9	1.863697000E-5
1.421023333E+9	1.877317000E-5
1.421026667E+9	1.861776000E-5
1.421030000E+9	1.909883000E-5
1.421033333E+9	1.869066000E-5
1.421036667E+9	1.816677000E-5
1.421040000E+9	1.827856000E-5
1.421043333E+9	1.860401000E-5
1.421046667E+9	1.860975000E-5
1.421050000E+9	1.877299000E-5
1.421053333E+9	1.850996000E-5
1.421056667E+9	1.836389000E-5
1.421060000E+9	1.827667000E-5
1.421063333E+9	1.855554000E-5
1.421066667E+9	1.877519000E-5
1.421070000E+9	1.832787000E-5
1.421073333E+9	1.892088000E-5
1.421076667E+9	1.889408000E-5
1.421080000E+9	1.877053000E-5
1.421083333E+9	1.871809000E-5
1.421086667E+9	1.869456000E-5
1.421090000E+9	1.809348000E-5
1.421093333E+9	1.836812000E-5
1.421096667E+9	1.845681000E-5
1.421100000E+9	1.899085000E-5
1.421103333E+9	1.853158000E-5
1.421106667E+9	1.839680000E-5
1.421110000E+9	1.845472000E-5
1.421113333E+9	1.831464000E-5
1.421116667E+9	1.874030000E-5
1.421120000E+9	1.872767000E-5
1.421123333E+9	1.938529000E-5
1.421126667E+9	1.848612000E-5
1.421130000E+9	1.826554000E-5
1.421133333E+9	1.843136000E-5
1.421136667E+9	1.843342000E-5
1.421140000E+9	1.844146000E-5
1.421143333E+9	1.856705000E-5
1.421146667E+9	1.882440000E-5
1.421150000E+9	1.868249000E-5
1.421153333E+9	1.848468000E-5
1.421156667E+9	1.844536000E-5
1.421160000E+9	1.826616000E-5
1.421163333E+9	1.861688000E-5
1.421166667E+9	1.846107000E-5
1.421170000E+9	1.870203000E-5
1.421173333E+9	1.850342000E-5
1.421176667E+9	1.871076000E-5
1.421180000E+9	1.889883000E-5
1.421183333E+9	1.854853000E-5
1.421186667E+9	1.828893000E-5
1.421190000E+9	1.863003000E-5
1.421193333E+9	1.881684000E-5
1.421196667E+9	1.861930000E-5
1.421200000E+9	1.872120000E-5
1.421203333E+9	1.862966000E-5
1.421206667E+9	1.904734000E-5
1.421210000E+9	2.054262000E-5
1.421213333E+9	2.342324000E-5
1.421216667E+9	1.934712000E-5
1.421220000E+9	1.886118000E-5
1.421223333E+9	1.866613000E-5
1.421226667E+9	1.860777000E-5
1.421230000E+9	1.839658000E-5
1.421233333E+9	1.834521000E-5
1.421236667E+9	1.827938000E-5
1.421240000E+9	1.833923000E-5
1.421243333E+9	1.843095000E-5
1.421246667E+9	1.863875000E-5
1.421250000E+9	1.828582000E-5
1.421253333E+9	1.883447000E-5
1.421256667E+9	1.860583000E-5
1.421260000E+9	1.890547000E-5
1.421263333E+9	1.897559000E-5
1.421266667E+9	1.835236000E-5
1.421270000E+9	1.893653000E-5
1.421273333E+9	1.844453000E-5
1.421276667E+9	1.847569000E-5
1.421280000E+9	1.868276000E-5
1.421283333E+9	1.820911000E-5
1.421286667E+9	1.897553000E-5
1.421290000E+9	1.896868000E-5
1.421293333E+9	1.837587000E-5
1.421296667E+9	1.863934000E-5
1.421300000E+9	1.869622000E-5
1.421303333E+9	1.848348000E-5
1.421306667E+9	1.884587000E-5
1.421310000E+9	1.896268000E-5
1.421313333E+9	1.863459000E-5
1.421316667E+9	1.844008000E-5
1.421320000E+9	1.878612000E-5
1.421323333E+9	1.850411000E-5
1.421326667E+9	1.862159000E-5
1.421330000E+9	1.860758000E-5
1.421333333E+9	1.861643000E-5
1.421336667E+9	1.919124000E-5
1.421340000E+9	1.910508000E-5
1.421343333E+9	1.887469000E-5
1.421346667E+9	1.875611000E-5
1.421350000E+9	1.857609000E-5
1.421353333E+9	2.015661000E-5
1.421356667E+9	1.972497000E-5
1.421360000E+9	1.871248000E-5
1.421363333E+9	1.882915000E-5
1.421366667E+9	1.932750000E-5
1.421370000E+9	1.866623000E-5
1.421373333E+9	1.842565000E-5
1.421376667E+9	1.882279000E-5
1.421380000E+9	1.871037000E-5
1.421383333E+9	1.862003000E-5
1.421386667E+9	1.873969000E-5
1.421390000E+9	1.833166000E-5
1.421393333E+9	1.825701000E-5
1.421396667E+9	1.860278000E-5
1.421400000E+9	1.885230000E-5
