Frequency, Hz	Amplitude, Volts
1.419400000E+9	2.204329000E-5
1.419403333E+9	2.209374000E-5
1.419406667E+9	2.245604000E-5
1.419410000E+9	2.224849000E-5
1.419413333E+9	2.358557000E-5
1.419416667E+9	2.263538000E-5
1.419420000E+9	2.239367000E-5
1.419423333E+9	2.288724000E-5
1.419426667E+9	2.254438000E-5
1.419430000E+9	2.278146000E-5
1.419433333E+9	2.572354000E-5
1.419436667E+9	2.301472000E-5
1.419440000E+9	2.274682000E-5
1.419443333E+9	2.249248000E-5
1.419446667E+9	2.245618000E-5
1.419450000E+9	2.237457000E-5
1.419453333E+9	2.271291000E-5
1.419456667E+9	2.206455000E-5
1.419460000E+9	2.244669000E-5
1.419463333E+9	2.227043000E-5
1.419466667E+9	2.232179000E-5
1.419470000E+9	2.271779000E-5
1.419473333E+9	2.211099000E-5
1.419476667E+9	2.274278000E-5
1.419480000E+9	2.268081000E-5
1.419483333E+9	2.316714000E-5
1.419486667E+9	2.221812000E-5
1.419490000E+9	2.243149000E-5
1.419493333E+9	2.232542000E-5
1.419496667E+9	2.252773000E-5
1.419500000E+9	2.288744000E-5
1.419503333E+9	2.266520000E-5
1.419506667E+9	2.250513000E-5
1.419510000E+9	2.253988000E-5
1.419513333E+9	2.220680000E-5
1.419516667E+9	2.265682000E-5
1.419520000E+9	2.271809000E-5
1.419523333E+9	2.249350000E-5
1.419526667E+9	2.235810000E-5
1.419530000E+9	2.255614000E-5
1.419533333E+9	2.215873000E-5
1.419536667E+9	2.251452000E-5
1.419540000E+9	2.242179000E-5
1.419543333E+9	2.279485000E-5
1.419546667E+9	2.287917000E-5
1.419550000E+9	2.217367000E-5
1.419553333E+9	2.251042000E-5
1.419556667E+9	2.226381000E-5
1.419560000E+9	2.249656000E-5
1.419563333E+9	2.198772000E-5
1.419566667E+9	2.252726000E-5
1.419570000E+9	2.196128000E-5
1.419573333E+9	2.225027000E-5
1.419576667E+9	2.284024000E-5
1.419580000E+9	2.227748000E-5
1.419583333E+9	2.221566000E-5
1.419586667E+9	2.275986000E-5
1.419590000E+9	2.250985000E-5
1.419593333E+9	2.224710000E-5
1.419596667E+9	2.244125000E-5
1.419600000E+9	2.239023000E-5
1.419603333E+9	2.276861000E-5
1.419606667E+9	2.230621000E-5
1.419610000E+9	2.249928000E-5
1.419613333E+9	2.253800000E-5
1.419616667E+9	2.225240000E-5
1.419620000E+9	2.226508000E-5
1.419623333E+9	2.215916000E-5
1.419626667E+9	2.223494000E-5
1.419630000E+9	2.247478000E-5
1.419633333E+9	2.268131000E-5
1.419636667E+9	2.272503000E-5
1.419640000E+9	2.278024000E-5
1.419643333E+9	2.287473000E-5
1.419646667E+9	2.247851000E-5
1.419650000E+9	2.283749000E-5
1.419653333E+9	2.281182000E-5
1.419656667E+9	2.232937000E-5
1.419660000E+9	2.246630000E-5
1.419663333E+9	2.283470000E-5
1.419666667E+9	2.291253000E-5
1.419670000E+9	2.310095000E-5
1.419673333E+9	2.264120000E-5
1.419676667E+9	2.334153000E-5
1.419680000E+9	2.216084000E-5
1.419683333E+9	2.213310000E-5
1.419686667E+9	2.213650000E-5
1.419690000E+9	2.234327000E-5
1.419693333E+9	2.260017000E-5
1.419696667E+9	2.282859000E-5
1.419700000E+9	2.235184000E-5
1.419703333E+9	2.226623000E-5
1.419706667E+9	2.231611000E-5
1.419710000E+9	2.272366000E-5
1.419713333E+9	2.251598000E-5
1.419716667E+9	2.278374000E-5
1.419720000E+9	2.285909000E-5
1.419723333E+9	2.325593000E-5
1.419726667E+9	2.653800000E-5
1.419730000E+9	2.304271000E-5
1.419733333E+9	2.309240000E-5
1.419736667E+9	2.267366000E-5
1.419740000E+9	2.259401000E-5
1.419743333E+9	2.264709000E-5
1.419746667E+9	2.262261000E-5
1.419750000E+9	2.242054000E-5
1.419753333E+9	2.296752000E-5
1.419756667E+9	2.253889000E-5
1.419760000E+9	2.281959000E-5
1.419763333E+9	2.262082000E-5
1.419766667E+9	2.266990000E-5
1.419770000E+9	2.217391000E-5
1.419773333E+9	2.205470000E-5
1.419776667E+9	2.241335000E-5
1.419780000E+9	2.247232000E-5
1.419783333E+9	2.281596000E-5
1.419786667E+9	2.323016000E-5
1.419790000E+9	2.297344000E-5
1.419793333E+9	2.270074000E-5
1.419796667E+9	2.249229000E-5
1.419800000E+9	2.298348000E-5
1.419803333E+9	2.279400000E-5
1.419806667E+9	2.257348000E-5
1.419810000E+9	2.268093000E-5
1.419813333E+9	2.256959000E-5
1.419816667E+9	2.261367000E-5
1.419820000E+9	2.235343000E-5
1.419823333E+9	2.242231000E-5
1.419826667E+9	2.215975000E-5
1.419830000E+9	2.262457000E-5
1.419833333E+9	2.247891000E-5
1.419836667E+9	2.224881000E-5
1.419840000E+9	2.264130000E-5
1.419843333E+9	2.248574000E-5
1.419846667E+9	2.285575000E-5
1.419850000E+9	2.230168000E-5
1.419853333E+9	2.234278000E-5
1.419856667E+9	2.237708000E-5
1.419860000E+9	2.206533000E-5
1.419863333E+9	2.257646000E-5
1.419866667E+9	2.226354000E-5
1.419870000E+9	2.220983000E-5
1.419873333E+9	2.161313000E-5
1.419876667E+9	2.200538000E-5
1.419880000E+9	2.268419000E-5
1.419883333E+9	2.249631000E-5
1.419886667E+9	2.248105000E-5
1.419890000E+9	2.241635000E-5
1.419893333E+9	2.291243000E-5
1.419896667E+9	2.260444000E-5
1.419900000E+9	2.228391000E-5
1.419903333E+9	2.262035000E-5
1.419906667E+9	2.222835000E-5
1.419910000E+9	2.223149000E-5
1.419913333E+9	2.264443000E-5
1.419916667E+9	2.237563000E-5
1.419920000E+9	2.251447000E-5
1.419923333E+9	2.274630000E-5
1.419926667E+9	2.246684000E-5
1.419930000E+9	2.289508000E-5
1.419933333E+9	2.261067000E-5
1.419936667E+9	2.217209000E-5
1.419940000E+9	2.242275000E-5
1.419943333E+9	2.238952000E-5
1.419946667E+9	2.253119000E-5
1.419950000E+9	2.203071000E-5
1.419953333E+9	2.256726000E-5
1.419956667E+9	2.248409000E-5
1.419960000E+9	2.269685000E-5
1.419963333E+9	2.249327000E-5
1.419966667E+9	2.245355000E-5
1.419970000E+9	2.233766000E-5
1.419973333E+9	2.249204000E-5
1.419976667E+9	2.179634000E-5
1.419980000E+9	2.235979000E-5
1.419983333E+9	2.290491000E-5
1.419986667E+9	2.236792000E-5
1.419990000E+9	2.259724000E-5
1.419993333E+9	2.220729000E-5
1.419996667E+9	2.236507000E-5
1.420000000E+9	2.341486000E-5
1.420003333E+9	2.499545000E-5
1.420006667E+9	2.198050000E-5
1.420010000E+9	2.255257000E-5
1.420013333E+9	2.268347000E-5
1.420016667E+9	2.334365000E-5
1.420020000E+9	2.467072000E-5
1.420023333E+9	2.286795000E-5
1.420026667E+9	2.306271000E-5
1.420030000E+9	2.209733000E-5
1.420033333E+9	2.234669000E-5
1.420036667E+9	2.270099000E-5
1.420040000E+9	2.235036000E-5
1.420043333E+9	2.251121000E-5
1.420046667E+9	2.250162000E-5
1.420050000E+9	2.219145000E-5
1.420053333E+9	2.266552000E-5
1.420056667E+9	2.258226000E-5
1.420060000E+9	2.249520000E-5
1.420063333E+9	2.253748000E-5
1.420066667E+9	2.215126000E-5
1.420070000E+9	2.238743000E-5
1.420073333E+9	2.244386000E-5
1.420076667E+9	2.282520000E-5
1.420080000E+9	2.278974000E-5
1.420083333E+9	2.216715000E-5
1.420086667E+9	2.247061000E-5
1.420090000E+9	2.242440000E-5
1.420093333E+9	2.244201000E-5
1.420096667E+9	2.228766000E-5
1.420100000E+9	2.228000000E-5
1.420103333E+9	2.240604000E-5
1.420106667E+9	2.238718000E-5
1.420110000E+9	2.260129000E-5
1.420113333E+9	2.240166000E-5
1.420116667E+9	2.183965000E-5
1.420120000E+9	2.200584000E-5
1.420123333E+9	2.280689000E-5
1.420126667E+9	2.261963000E-5
1.420130000E+9	2.265274000E-5
1.420133333E+9	2.278104000E-5
1.420136667E+9	2.242743000E-5
1.420140000E+9	2.237534000E-5
1.420143333E+9	2.244132000E-5
1.420146667E+9	2.226643000E-5
1.420150000E+9	2.200579000E-5
1.420153333E+9	2.226882000E-5
1.420156667E+9	2.202965000E-5
1.420160000E+9	2.241473000E-5
1.420163333E+9	2.253079000E-5
1.420166667E+9	2.234882000E-5
1.420170000E+9	2.206085000E-5
1.420173333E+9	2.253045000E-5
1.420176667E+9	2.225042000E-5
1.420180000E+9	2.202999000E-5
1.420183333E+9	2.195067000E-5
1.420186667E+9	2.240661000E-5
1.420190000E+9	2.244753000E-5
1.420193333E+9	2.236448000E-5
1.420196667E+9	2.266296000E-5
1.420200000E+9	2.296557000E-5
1.420203333E+9	2.255324000E-5
1.420206667E+9	2.199608000E-5
1.420210000E+9	2.245103000E-5
1.420213333E+9	2.226745000E-5
1.420216667E+9	2.248443000E-5
1.420220000E+9	2.241955000E-5
1.420223333E+9	2.260980000E-5
1.420226667E+9	2.242608000E-5
1.420230000E+9	2.258638000E-5
1.420233333E+9	2.251447000E-5
1.420236667E+9	2.244206000E-5
1.420240000E+9	2.242625000E-5
1.420243333E+9	2.255557000E-5
1.420246667E+9	2.236256000E-5
1.420250000E+9	2.205547000E-5
1.420253333E+9	2.302516000E-5
1.420256667E+9	2.231427000E-5
1.420260000E+9	2.262321000E-5
1.420263333E+9	2.302192000E-5
1.420266667E+9	2.427832000E-5
1.420270000E+9	2.246380000E-5
1.420273333E+9	2.178713000E-5
1.420276667E+9	2.220090000E-5
1.420280000E+9	2.207454000E-5
1.420283333E+9	2.235957000E-5
1.420286667E+9	2.265659000E-5
1.420290000E+9	2.279187000E-5
1.420293333E+9	2.273174000E-5
1.420296667E+9	2.335391000E-5
1.420300000E+9	2.246773000E-5
1.420303333E+9	2.309418000E-5
1.420306667E+9	2.300358000E-5
1.420310000E+9	2.329076000E-5
1.420313333E+9	2.424066000E-5
1.420316667E+9	2.211272000E-5
1.420320000E+9	2.229857000E-5
1.420323333E+9	2.246612000E-5
1.420326667E+9	2.259146000E-5
1.420330000E+9	2.266973000E-5
1.420333333E+9	2.260037000E-5
1.420336667E+9	2.250046000E-5
1.420340000E+9	2.231699000E-5
1.420343333E+9	2.230891000E-5
1.420346667E+9	2.227188000E-5
1.420350000E+9	2.271942000E-5
1.420353333E+9	2.227789000E-5
1.420356667E+9	2.254772000E-5
1.420360000E+9	2.233474000E-5
1.420363333E+9	2.238327000E-5
1.420366667E+9	2.223811000E-5
1.420370000E+9	2.268370000E-5
1.420373333E+9	2.281160000E-5
1.420376667E+9	2.280937000E-5
1.420380000E+9	2.207461000E-5
1.420383333E+9	2.208937000E-5
1.420386667E+9	2.236301000E-5
1.420390000E+9	2.230232000E-5
1.420393333E+9	2.228898000E-5
1.420396667E+9	2.256466000E-5
1.420400000E+9	2.253404000E-5
1.420403333E+9	2.196938000E-5
1.420406667E+9	2.218818000E-5
1.420410000E+9	2.223245000E-5
1.420413333E+9	2.262847000E-5
1.420416667E+9	2.236586000E-5
1.420420000E+9	2.242871000E-5
1.420423333E+9	2.246810000E-5
1.420426667E+9	2.234269000E-5
1.420430000E+9	2.266147000E-5
1.420433333E+9	2.229373000E-5
1.420436667E+9	2.221700000E-5
1.420440000E+9	2.239721000E-5
1.420443333E+9	2.249285000E-5
1.420446667E+9	2.250311000E-5
1.420450000E+9	2.241323000E-5
1.420453333E+9	2.272937000E-5
1.420456667E+9	2.261819000E-5
1.420460000E+9	2.227596000E-5
1.420463333E+9	2.207495000E-5
1.420466667E+9	2.213845000E-5
1.420470000E+9	2.201062000E-5
1.420473333E+9	2.257854000E-5
1.420476667E+9	2.247111000E-5
1.420480000E+9	2.262708000E-5
1.420483333E+9	2.282954000E-5
1.420486667E+9	2.241108000E-5
1.420490000E+9	2.266495000E-5
1.420493333E+9	2.200523000E-5
1.420496667E+9	2.252162000E-5
1.420500000E+9	2.287114000E-5
1.420503333E+9	2.236134000E-5
1.420506667E+9	2.296038000E-5
1.420510000E+9	2.211391000E-5
1.420513333E+9	2.258224000E-5
1.420516667E+9	2.239869000E-5
1.420520000E+9	2.222698000E-5
1.420523333E+9	2.219776000E-5
1.420526667E+9	2.267431000E-5
1.420530000E+9	2.276951000E-5
1.420533333E+9	2.233562000E-5
1.420536667E+9	2.225191000E-5
1.420540000E+9	2.208559000E-5
1.420543333E+9	2.272228000E-5
1.420546667E+9	2.239515000E-5
1.420550000E+9	2.244041000E-5
1.420553333E+9	2.247061000E-5
1.420556667E+9	2.273319000E-5
1.420560000E+9	2.242425000E-5
1.420563333E+9	2.214540000E-5
1.420566667E+9	2.219245000E-5
1.420570000E+9	2.212323000E-5
1.420573333E+9	2.297445000E-5
1.420576667E+9	2.242251000E-5
1.420580000E+9	2.221180000E-5
1.420583333E+9	2.246282000E-5
1.420586667E+9	2.249732000E-5
1.420590000E+9	2.239210000E-5
1.420593333E+9	2.226586000E-5
1.420596667E+9	2.243925000E-5
1.420600000E+9	2.316012000E-5
1.420603333E+9	2.352262000E-5
1.420606667E+9	2.532968000E-5
1.420610000E+9	2.250293000E-5
1.420613333E+9	2.249977000E-5
1.420616667E+9	2.241655000E-5
1.420620000E+9	2.276539000E-5
1.420623333E+9	2.209253000E-5
1.420626667E+9	2.236495000E-5
1.420630000E+9	2.199844000E-5
1.420633333E+9	2.221283000E-5
1.420636667E+9	2.231616000E-5
1.420640000E+9	2.296361000E-5
1.420643333E+9	2.174519000E-5
1.420646667E+9	2.300739000E-5
1.420650000E+9	2.219116000E-5
1.420653333E+9	2.216223000E-5
1.420656667E+9	2.225526000E-5
1.420660000E+9	2.263784000E-5
1.420663333E+9	2.257963000E-5
1.420666667E+9	2.234180000E-5
1.420670000E+9	2.191354000E-5
1.420673333E+9	2.200499000E-5
1.420676667E+9	2.205906000E-5
1.420680000E+9	2.220022000E-5
1.420683333E+9	2.242743000E-5
1.420686667E+9	2.180522000E-5
1.420690000E+9	2.295257000E-5
1.420693333E+9	2.228937000E-5
1.420696667E+9	2.259898000E-5
1.420700000E+9	2.191063000E-5
1.420703333E+9	2.199772000E-5
1.420706667E+9	2.174097000E-5
1.420710000E+9	2.228237000E-5
1.420713333E+9	2.198731000E-5
1.420716667E+9	2.235284000E-5
1.420720000E+9	2.268429000E-5
1.420723333E+9	2.216041000E-5
1.420726667E+9	2.193224000E-5
1.420730000E+9	2.201441000E-5
1.420733333E+9	2.230761000E-5
1.420736667E+9	2.221558000E-5
1.420740000E+9	2.192865000E-5
1.420743333E+9	2.216208000E-5
1.420746667E+9	2.242842000E-5
1.420750000E+9	2.236731000E-5
1.420753333E+9	2.213504000E-5
1.420756667E+9	2.226726000E-5
1.420760000E+9	2.217808000E-5
1.420763333E+9	2.204010000E-5
1.420766667E+9	2.236355000E-5
1.420770000E+9	2.211432000E-5
1.420773333E+9	2.204250000E-5
1.420776667E+9	2.235692000E-5
1.420780000E+9	2.232415000E-5
1.420783333E+9	2.242031000E-5
1.420786667E+9	2.291522000E-5
1.420790000E+9	2.261243000E-5
1.420793333E+9	2.259831000E-5
1.420796667E+9	2.252478000E-5
1.420800000E+9	2.245853000E-5
1.420803333E+9	2.192268000E-5
1.420806667E+9	2.175216000E-5
1.420810000E+9	2.213033000E-5
1.420813333E+9	2.180158000E-5
1.420816667E+9	2.210633000E-5
1.420820000E+9	2.247656000E-5
1.420823333E+9	2.269795000E-5
1.420826667E+9	2.255473000E-5
1.420830000E+9	2.214603000E-5
1.420833333E+9	2.216398000E-5
1.420836667E+9	2.192425000E-5
1.420840000E+9	2.249895000E-5
1.420843333E+9	2.523300000E-5
1.420846667E+9	2.464427000E-5
1.420850000E+9	2.208499000E-5
1.420853333E+9	2.176428000E-5
1.420856667E+9	2.228323000E-5
1.420860000E+9	2.228954000E-5
1.420863333E+9	2.236026000E-5
1.420866667E+9	2.244418000E-5
1.420870000E+9	2.227782000E-5
1.420873333E+9	2.216447000E-5
1.420876667E+9	2.255357000E-5
1.420880000E+9	2.245971000E-5
1.420883333E+9	2.505862000E-5
1.420886667E+9	2.419147000E-5
1.420890000E+9	2.226073000E-5
1.420893333E+9	2.181864000E-5
1.420896667E+9	2.571112000E-5
1.420900000E+9	2.883848000E-5
1.420903333E+9	2.295559000E-5
1.420906667E+9	2.314878000E-5
1.420910000E+9	2.199016000E-5
1.420913333E+9	2.421201000E-5
1.420916667E+9	2.270069000E-5
1.420920000E+9	2.193821000E-5
1.420923333E+9	2.230151000E-5
1.420926667E+9	2.239220000E-5
1.420930000E+9	2.201103000E-5
1.420933333E+9	2.172338000E-5
1.420936667E+9	2.248945000E-5
1.420940000E+9	2.236554000E-5
1.420943333E+9	2.214839000E-5
1.420946667E+9	2.243918000E-5
1.420950000E+9	2.233273000E-5
1.420953333E+9	2.208341000E-5
1.420956667E+9	2.190716000E-5
1.420960000E+9	2.256481000E-5
1.420963333E+9	2.243046000E-5
1.420966667E+9	2.186410000E-5
1.420970000E+9	2.230259000E-5
1.420973333E+9	2.217445000E-5
1.420976667E+9	2.234372000E-5
1.420980000E+9	2.197218000E-5
1.420983333E+9	2.151150000E-5
1.420986667E+9	2.178134000E-5
1.420990000E+9	2.263792000E-5
1.420993333E+9	2.175668000E-5
1.420996667E+9	2.191684000E-5
1.421000000E+9	2.195390000E-5
1.421003333E+9	2.233503000E-5
1.421006667E+9	2.243743000E-5
1.421010000E+9	2.234337000E-5
1.421013333E+9	2.182182000E-5
1.421016667E+9	2.142751000E-5
1.421020000E+9	2.185402000E-5
1.421023333E+9	2.203369000E-5
1.421026667E+9	2.196398000E-5
1.421030000E+9	2.251420000E-5
1.421033333E+9	2.190142000E-5
1.421036667E+9	2.202176000E-5
1.421040000E+9	2.258280000E-5
1.421043333E+9	2.240024000E-5
1.421046667E+9	2.183956000E-5
1.421050000E+9	2.180558000E-5
1.421053333E+9	2.185645000E-5
1.421056667E+9	2.140113000E-5
1.421060000E+9	2.152802000E-5
1.421063333E+9	2.215060000E-5
1.421066667E+9	2.195549000E-5
1.421070000E+9	2.225032000E-5
1.421073333E+9	2.174617000E-5
1.421076667E+9	2.251467000E-5
1.421080000E+9	2.240875000E-5
1.421083333E+9	2.230808000E-5
1.421086667E+9	2.187873000E-5
1.421090000E+9	2.148898000E-5
1.421093333E+9	2.287217000E-5
1.421096667E+9	2.309129000E-5
1.421100000E+9	2.253777000E-5
1.421103333E+9	2.227552000E-5
1.421106667E+9	2.250911000E-5
1.421110000E+9	2.194800000E-5
1.421113333E+9	2.221371000E-5
1.421116667E+9	2.213524000E-5
1.421120000E+9	2.209035000E-5
1.421123333E+9	2.209362000E-5
1.421126667E+9	2.237890000E-5
1.421130000E+9	2.259248000E-5
1.421133333E+9	2.286157000E-5
1.421136667E+9	2.194788000E-5
1.421140000E+9	2.238295000E-5
1.421143333E+9	2.232777000E-5
1.421146667E+9	2.218982000E-5
1.421150000E+9	2.211551000E-5
1.421153333E+9	2.193455000E-5
1.421156667E+9	2.224458000E-5
1.421160000E+9	2.221414000E-5
1.421163333E+9	2.258796000E-5
1.421166667E+9	2.262308000E-5
1.421170000E+9	2.246210000E-5
1.421173333E+9	2.227985000E-5
1.421176667E+9	2.358293000E-5
1.421180000E+9	2.570615000E-5
1.421183333E+9	2.222083000E-5
1.421186667E+9	2.199876000E-5
1.421190000E+9	2.328802000E-5
1.421193333E+9	2.390898000E-5
1.421196667E+9	2.200627000E-5
1.421200000E+9	2.222490000E-5
1.421203333E+9	2.237411000E-5
1.421206667E+9	2.282678000E-5
1.421210000E+9	2.259880000E-5
1.421213333E+9	2.201608000E-5
1.421216667E+9	2.185772000E-5
1.421220000E+9	2.237180000E-5
1.421223333E+9	2.220339000E-5
1.421226667E+9	2.238512000E-5
1.421230000E+9	2.231888000E-5
1.421233333E+9	2.279946000E-5
1.421236667E+9	2.192129000E-5
1.421240000E+9	2.255297000E-5
1.421243333E+9	2.197018000E-5
1.421246667E+9	2.237792000E-5
1.421250000E+9	2.232491000E-5
1.421253333E+9	2.205114000E-5
1.421256667E+9	2.215109000E-5
1.421260000E+9	2.199530000E-5
1.421263333E+9	2.213538000E-5
1.421266667E+9	2.249792000E-5
1.421270000E+9	2.232601000E-5
1.421273333E+9	2.246718000E-5
1.421276667E+9	2.302829000E-5
1.421280000E+9	2.252916000E-5
1.421283333E+9	2.280213000E-5
1.421286667E+9	2.240562000E-5
1.421290000E+9	2.241667000E-5
1.421293333E+9	2.317119000E-5
1.421296667E+9	2.355418000E-5
1.421300000E+9	2.331814000E-5
1.421303333E+9	2.262214000E-5
1.421306667E+9	2.252187000E-5
1.421310000E+9	2.244044000E-5
1.421313333E+9	2.227256000E-5
1.421316667E+9	2.269466000E-5
1.421320000E+9	2.304853000E-5
1.421323333E+9	2.311889000E-5
1.421326667E+9	2.313735000E-5
1.421330000E+9	2.263752000E-5
1.421333333E+9	2.261618000E-5
1.421336667E+9	2.311912000E-5
1.421340000E+9	2.392526000E-5
1.421343333E+9	2.764150000E-5
1.421346667E+9	2.631927000E-5
1.421350000E+9	2.331363000E-5
1.421353333E+9	2.328629000E-5
1.421356667E+9	2.307560000E-5
1.421360000E+9	2.336163000E-5
1.421363333E+9	2.525515000E-5
1.421366667E+9	2.920136000E-5
1.421370000E+9	2.374033000E-5
1.421373333E+9	2.260940000E-5
1.421376667E+9	2.311130000E-5
1.421380000E+9	2.271375000E-5
1.421383333E+9	2.296938000E-5
1.421386667E+9	2.278169000E-5
1.421390000E+9	2.307443000E-5
1.421393333E+9	2.277409000E-5
1.421396667E+9	2.303052000E-5
1.421400000E+9	2.295002000E-5
