Frequency, Hz	Amplitude, Volts
1.419400000E+9	1.895754000E-5
1.419403333E+9	1.821163000E-5
1.419406667E+9	1.783637000E-5
1.419410000E+9	1.778912000E-5
1.419413333E+9	1.914956000E-5
1.419416667E+9	1.837316000E-5
1.419420000E+9	1.781115000E-5
1.419423333E+9	1.794220000E-5
1.419426667E+9	1.769255000E-5
1.419430000E+9	1.756248000E-5
1.419433333E+9	1.780661000E-5
1.419436667E+9	1.756256000E-5
1.419440000E+9	1.806218000E-5
1.419443333E+9	1.800104000E-5
1.419446667E+9	1.954026000E-5
1.419450000E+9	2.227941000E-5
1.419453333E+9	2.049840000E-5
1.419456667E+9	1.882477000E-5
1.419460000E+9	1.754893000E-5
1.419463333E+9	1.756081000E-5
1.419466667E+9	1.836520000E-5
1.419470000E+9	1.797245000E-5
1.419473333E+9	1.732926000E-5
1.419476667E+9	1.757784000E-5
1.419480000E+9	1.718979000E-5
1.419483333E+9	1.726289000E-5
1.419486667E+9	1.749027000E-5
1.419490000E+9	1.788675000E-5
1.419493333E+9	1.910688000E-5
1.419496667E+9	1.807440000E-5
1.419500000E+9	1.755682000E-5
1.419503333E+9	1.753951000E-5
1.419506667E+9	1.767709000E-5
1.419510000E+9	1.767721000E-5
1.419513333E+9	1.762538000E-5
1.419516667E+9	1.774065000E-5
1.419520000E+9	1.759447000E-5
1.419523333E+9	1.791708000E-5
1.419526667E+9	1.784080000E-5
1.419530000E+9	1.786234000E-5
1.419533333E+9	1.751106000E-5
1.419536667E+9	1.779994000E-5
1.419540000E+9	1.878261000E-5
1.419543333E+9	1.746030000E-5
1.419546667E+9	1.761409000E-5
1.419550000E+9	1.753632000E-5
1.419553333E+9	1.737859000E-5
1.419556667E+9	1.721672000E-5
1.419560000E+9	1.764178000E-5
1.419563333E+9	1.762712000E-5
1.419566667E+9	1.734357000E-5
1.419570000E+9	1.725218000E-5
1.419573333E+9	1.740324000E-5
1.419576667E+9	1.767501000E-5
1.419580000E+9	1.747244000E-5
1.419583333E+9	1.741863000E-5
1.419586667E+9	1.860189000E-5
1.419590000E+9	1.809044000E-5
1.419593333E+9	1.736341000E-5
1.419596667E+9	1.731925000E-5
1.419600000E+9	1.718777000E-5
1.419603333E+9	1.730471000E-5
1.419606667E+9	1.777075000E-5
1.419610000E+9	1.796513000E-5
1.419613333E+9	1.747130000E-5
1.419616667E+9	1.725730000E-5
1.419620000E+9	1.730315000E-5
1.419623333E+9	1.745790000E-5
1.419626667E+9	1.730804000E-5
1.419630000E+9	1.780858000E-5
1.419633333E+9	1.848382000E-5
1.419636667E+9	1.764397000E-5
1.419640000E+9	1.734411000E-5
1.419643333E+9	1.750425000E-5
1.419646667E+9	1.750489000E-5
1.419650000E+9	1.738559000E-5
1.419653333E+9	1.788049000E-5
1.419656667E+9	1.757854000E-5
1.419660000E+9	1.723705000E-5
1.419663333E+9	1.733527000E-5
1.419666667E+9	1.732481000E-5
1.419670000E+9	1.754040000E-5
1.419673333E+9	1.752389000E-5
1.419676667E+9	1.748199000E-5
1.419680000E+9	1.845768000E-5
1.419683333E+9	1.753097000E-5
1.419686667E+9	1.728796000E-5
1.419690000E+9	1.733396000E-5
1.419693333E+9	1.695605000E-5
1.419696667E+9	1.708855000E-5
1.419700000E+9	1.768095000E-5
1.419703333E+9	1.776523000E-5
1.419706667E+9	1.925288000E-5
1.419710000E+9	1.924807000E-5
1.419713333E+9	1.731547000E-5
1.419716667E+9	1.707859000E-5
1.419720000E+9	1.732869000E-5
1.419723333E+9	1.808988000E-5
1.419726667E+9	1.892279000E-5
1.419730000E+9	1.771507000E-5
1.419733333E+9	1.794232000E-5
1.419736667E+9	1.761395000E-5
1.419740000E+9	1.894487000E-5
1.419743333E+9	2.169502000E-5
1.419746667E+9	2.101105000E-5
1.419750000E+9	1.876116000E-5
1.419753333E+9	1.733483000E-5
1.419756667E+9	1.751536000E-5
1.419760000E+9	1.781449000E-5
1.419763333E+9	1.745125000E-5
1.419766667E+9	1.733605000E-5
1.419770000E+9	1.806829000E-5
1.419773333E+9	1.857323000E-5
1.419776667E+9	1.778629000E-5
1.419780000E+9	1.758921000E-5
1.419783333E+9	1.707352000E-5
1.419786667E+9	1.730652000E-5
1.419790000E+9	1.752835000E-5
1.419793333E+9	1.735135000E-5
1.419796667E+9	1.811020000E-5
1.419800000E+9	1.735933000E-5
1.419803333E+9	1.703878000E-5
1.419806667E+9	1.718565000E-5
1.419810000E+9	1.721154000E-5
1.419813333E+9	1.716866000E-5
1.419816667E+9	1.768278000E-5
1.419820000E+9	1.829030000E-5
1.419823333E+9	1.763353000E-5
1.419826667E+9	1.753493000E-5
1.419830000E+9	1.740783000E-5
1.419833333E+9	1.744937000E-5
1.419836667E+9	1.751935000E-5
1.419840000E+9	1.745414000E-5
1.419843333E+9	1.759551000E-5
1.419846667E+9	1.745713000E-5
1.419850000E+9	1.757896000E-5
1.419853333E+9	1.718048000E-5
1.419856667E+9	1.729945000E-5
1.419860000E+9	1.748606000E-5
1.419863333E+9	1.773788000E-5
1.419866667E+9	1.865330000E-5
1.419870000E+9	1.857217000E-5
1.419873333E+9	1.730348000E-5
1.419876667E+9	1.713243000E-5
1.419880000E+9	1.741783000E-5
1.419883333E+9	1.763266000E-5
1.419886667E+9	1.752419000E-5
1.419890000E+9	1.750971000E-5
1.419893333E+9	1.738460000E-5
1.419896667E+9	1.761180000E-5
1.419900000E+9	1.753062000E-5
1.419903333E+9	1.711528000E-5
1.419906667E+9	1.710086000E-5
1.419910000E+9	1.733208000E-5
1.419913333E+9	1.822925000E-5
1.419916667E+9	1.755815000E-5
1.419920000E+9	1.820089000E-5
1.419923333E+9	1.738756000E-5
1.419926667E+9	1.744859000E-5
1.419930000E+9	1.715474000E-5
1.419933333E+9	1.731258000E-5
1.419936667E+9	1.746946000E-5
1.419940000E+9	1.748330000E-5
1.419943333E+9	1.735708000E-5
1.419946667E+9	1.731690000E-5
1.419950000E+9	1.725069000E-5
1.419953333E+9	1.714214000E-5
1.419956667E+9	1.756360000E-5
1.419960000E+9	1.831355000E-5
1.419963333E+9	1.753274000E-5
1.419966667E+9	1.726241000E-5
1.419970000E+9	1.693042000E-5
1.419973333E+9	1.738096000E-5
1.419976667E+9	1.688255000E-5
1.419980000E+9	1.779588000E-5
1.419983333E+9	1.778795000E-5
1.419986667E+9	1.767263000E-5
1.419990000E+9	1.762616000E-5
1.419993333E+9	1.705355000E-5
1.419996667E+9	1.705540000E-5
1.420000000E+9	2.231650000E-5
1.420003333E+9	3.064897000E-5
1.420006667E+9	1.849726000E-5
1.420010000E+9	1.728472000E-5
1.420013333E+9	1.701508000E-5
1.420016667E+9	1.714306000E-5
1.420020000E+9	1.774367000E-5
1.420023333E+9	1.731412000E-5
1.420026667E+9	1.735535000E-5
1.420030000E+9	1.717485000E-5
1.420033333E+9	1.837865000E-5
1.420036667E+9	2.019296000E-5
1.420040000E+9	1.988405000E-5
1.420043333E+9	1.776907000E-5
1.420046667E+9	1.771389000E-5
1.420050000E+9	1.802881000E-5
1.420053333E+9	1.870273000E-5
1.420056667E+9	1.759901000E-5
1.420060000E+9	1.702898000E-5
1.420063333E+9	1.695322000E-5
1.420066667E+9	1.692280000E-5
1.420070000E+9	1.694483000E-5
1.420073333E+9	1.759601000E-5
1.420076667E+9	1.752939000E-5
1.420080000E+9	1.682664000E-5
1.420083333E+9	1.744322000E-5
1.420086667E+9	1.754620000E-5
1.420090000E+9	1.677370000E-5
1.420093333E+9	1.708444000E-5
1.420096667E+9	1.734382000E-5
1.420100000E+9	1.790524000E-5
1.420103333E+9	1.751673000E-5
1.420106667E+9	1.704082000E-5
1.420110000E+9	1.730536000E-5
1.420113333E+9	1.706694000E-5
1.420116667E+9	1.744724000E-5
1.420120000E+9	1.688928000E-5
1.420123333E+9	1.721455000E-5
1.420126667E+9	1.715199000E-5
1.420130000E+9	1.725448000E-5
1.420133333E+9	1.736324000E-5
1.420136667E+9	1.684622000E-5
1.420140000E+9	1.710229000E-5
1.420143333E+9	1.737046000E-5
1.420146667E+9	1.834938000E-5
1.420150000E+9	1.737390000E-5
1.420153333E+9	1.739371000E-5
1.420156667E+9	1.736247000E-5
1.420160000E+9	1.698104000E-5
1.420163333E+9	1.741767000E-5
1.420166667E+9	1.719664000E-5
1.420170000E+9	1.760776000E-5
1.420173333E+9	1.718199000E-5
1.420176667E+9	1.698201000E-5
1.420180000E+9	1.727901000E-5
1.420183333E+9	1.725484000E-5
1.420186667E+9	1.704440000E-5
1.420190000E+9	1.695220000E-5
1.420193333E+9	1.825579000E-5
1.420196667E+9	1.726353000E-5
1.420200000E+9	1.708665000E-5
1.420203333E+9	1.705863000E-5
1.420206667E+9	1.745257000E-5
1.420210000E+9	1.734647000E-5
1.420213333E+9	1.752069000E-5
1.420216667E+9	1.763903000E-5
1.420220000E+9	1.730091000E-5
1.420223333E+9	1.679716000E-5
1.420226667E+9	1.714028000E-5
1.420230000E+9	1.705923000E-5
1.420233333E+9	1.729869000E-5
1.420236667E+9	1.758348000E-5
1.420240000E+9	1.798188000E-5
1.420243333E+9	1.725616000E-5
1.420246667E+9	1.725415000E-5
1.420250000E+9	1.729094000E-5
1.420253333E+9	1.703504000E-5
1.420256667E+9	1.701211000E-5
1.420260000E+9	1.727242000E-5
1.420263333E+9	1.712589000E-5
1.420266667E+9	1.723709000E-5
1.420270000E+9	1.695017000E-5
1.420273333E+9	1.697763000E-5
1.420276667E+9	1.741482000E-5
1.420280000E+9	1.726998000E-5
1.420283333E+9	1.750469000E-5
1.420286667E+9	1.810471000E-5
1.420290000E+9	1.730105000E-5
1.420293333E+9	1.800096000E-5
1.420296667E+9	2.093400000E-5
1.420300000E+9	1.790758000E-5
1.420303333E+9	1.744372000E-5
1.420306667E+9	1.778662000E-5
1.420310000E+9	1.884717000E-5
1.420313333E+9	1.775803000E-5
1.420316667E+9	1.776644000E-5
1.420320000E+9	1.824942000E-5
1.420323333E+9	1.782905000E-5
1.420326667E+9	1.903373000E-5
1.420330000E+9	2.052934000E-5
1.420333333E+9	2.096413000E-5
1.420336667E+9	1.887434000E-5
1.420340000E+9	1.777001000E-5
1.420343333E+9	1.816949000E-5
1.420346667E+9	1.838875000E-5
1.420350000E+9	1.841283000E-5
1.420353333E+9	1.791610000E-5
1.420356667E+9	1.873411000E-5
1.420360000E+9	1.862007000E-5
1.420363333E+9	1.830696000E-5
1.420366667E+9	1.847693000E-5
1.420370000E+9	1.893291000E-5
1.420373333E+9	1.853943000E-5
1.420376667E+9	1.913367000E-5
1.420380000E+9	1.916536000E-5
1.420383333E+9	1.935985000E-5
1.420386667E+9	1.870630000E-5
1.420390000E+9	1.858182000E-5
1.420393333E+9	1.863936000E-5
1.420396667E+9	1.883536000E-5
1.420400000E+9	1.897353000E-5
1.420403333E+9	1.948920000E-5
1.420406667E+9	1.887256000E-5
1.420410000E+9	1.883066000E-5
1.420413333E+9	1.927274000E-5
1.420416667E+9	1.924101000E-5
1.420420000E+9	1.900846000E-5
1.420423333E+9	1.934081000E-5
1.420426667E+9	1.985388000E-5
1.420430000E+9	1.959825000E-5
1.420433333E+9	1.940124000E-5
1.420436667E+9	1.926851000E-5
1.420440000E+9	1.957760000E-5
1.420443333E+9	1.945089000E-5
1.420446667E+9	1.910718000E-5
1.420450000E+9	1.948100000E-5
1.420453333E+9	1.952261000E-5
1.420456667E+9	1.929021000E-5
1.420460000E+9	1.896526000E-5
1.420463333E+9	1.913195000E-5
1.420466667E+9	1.887566000E-5
1.420470000E+9	1.928500000E-5
1.420473333E+9	1.971046000E-5
1.420476667E+9	1.901654000E-5
1.420480000E+9	1.812446000E-5
1.420483333E+9	1.805108000E-5
1.420486667E+9	1.790049000E-5
1.420490000E+9	1.841736000E-5
1.420493333E+9	1.772912000E-5
1.420496667E+9	1.799575000E-5
1.420500000E+9	1.797941000E-5
1.420503333E+9	1.788620000E-5
1.420506667E+9	1.795692000E-5
1.420510000E+9	1.773894000E-5
1.420513333E+9	1.766630000E-5
1.420516667E+9	1.822925000E-5
1.420520000E+9	1.849267000E-5
1.420523333E+9	1.810029000E-5
1.420526667E+9	1.767073000E-5
1.420530000E+9	1.757336000E-5
1.420533333E+9	1.749643000E-5
1.420536667E+9	1.753844000E-5
1.420540000E+9	1.804178000E-5
1.420543333E+9	1.771751000E-5
1.420546667E+9	1.730523000E-5
1.420550000E+9	1.718439000E-5
1.420553333E+9	1.726374000E-5
1.420556667E+9	1.742684000E-5
1.420560000E+9	1.715547000E-5
1.420563333E+9	1.726268000E-5
1.420566667E+9	1.780639000E-5
1.420570000E+9	1.722459000E-5
1.420573333E+9	1.698052000E-5
1.420576667E+9	1.729411000E-5
1.420580000E+9	1.713258000E-5
1.420583333E+9	1.714583000E-5
1.420586667E+9	1.767781000E-5
1.420590000E+9	2.293229000E-5
1.420593333E+9	1.933393000E-5
1.420596667E+9	1.687402000E-5
1.420600000E+9	1.747314000E-5
1.420603333E+9	1.885938000E-5
1.420606667E+9	1.751850000E-5
1.420610000E+9	1.743126000E-5
1.420613333E+9	1.795609000E-5
1.420616667E+9	1.709534000E-5
1.420620000E+9	1.968438000E-5
1.420623333E+9	2.070744000E-5
1.420626667E+9	2.044088000E-5
1.420630000E+9	1.721303000E-5
1.420633333E+9	1.717896000E-5
1.420636667E+9	1.768911000E-5
1.420640000E+9	1.785652000E-5
1.420643333E+9	1.711807000E-5
1.420646667E+9	1.695436000E-5
1.420650000E+9	1.720701000E-5
1.420653333E+9	1.687006000E-5
1.420656667E+9	1.753780000E-5
1.420660000E+9	1.775647000E-5
1.420663333E+9	1.706455000E-5
1.420666667E+9	1.651840000E-5
1.420670000E+9	1.701263000E-5
1.420673333E+9	1.730371000E-5
1.420676667E+9	1.710409000E-5
1.420680000E+9	1.711277000E-5
1.420683333E+9	1.706380000E-5
1.420686667E+9	1.722996000E-5
1.420690000E+9	1.696166000E-5
1.420693333E+9	1.708190000E-5
1.420696667E+9	1.670388000E-5
1.420700000E+9	1.699223000E-5
1.420703333E+9	1.716908000E-5
1.420706667E+9	1.768957000E-5
1.420710000E+9	1.687565000E-5
1.420713333E+9	1.692126000E-5
1.420716667E+9	1.675616000E-5
1.420720000E+9	1.671812000E-5
1.420723333E+9	1.705945000E-5
1.420726667E+9	1.676227000E-5
1.420730000E+9	1.701829000E-5
1.420733333E+9	1.720234000E-5
1.420736667E+9	1.717017000E-5
1.420740000E+9	1.718865000E-5
1.420743333E+9	1.701960000E-5
1.420746667E+9	1.708793000E-5
1.420750000E+9	1.741714000E-5
1.420753333E+9	1.746390000E-5
1.420756667E+9	1.713298000E-5
1.420760000E+9	1.712716000E-5
1.420763333E+9	1.692562000E-5
1.420766667E+9	1.692369000E-5
1.420770000E+9	1.720372000E-5
1.420773333E+9	1.727690000E-5
1.420776667E+9	1.719690000E-5
1.420780000E+9	1.707594000E-5
1.420783333E+9	1.701254000E-5
1.420786667E+9	1.693012000E-5
1.420790000E+9	1.702274000E-5
1.420793333E+9	1.720905000E-5
1.420796667E+9	1.710604000E-5
1.420800000E+9	1.784589000E-5
1.420803333E+9	1.743367000E-5
1.420806667E+9	1.653796000E-5
1.420810000E+9	1.716926000E-5
1.420813333E+9	1.709947000E-5
1.420816667E+9	1.663136000E-5
1.420820000E+9	1.733710000E-5
1.420823333E+9	1.717681000E-5
1.420826667E+9	1.700051000E-5
1.420830000E+9	1.681857000E-5
1.420833333E+9	1.702052000E-5
1.420836667E+9	1.712952000E-5
1.420840000E+9	1.701919000E-5
1.420843333E+9	1.729411000E-5
1.420846667E+9	1.727485000E-5
1.420850000E+9	1.676219000E-5
1.420853333E+9	1.719286000E-5
1.420856667E+9	1.728123000E-5
1.420860000E+9	1.696829000E-5
1.420863333E+9	1.693524000E-5
1.420866667E+9	1.701844000E-5
1.420870000E+9	1.713883000E-5
1.420873333E+9	1.701579000E-5
1.420876667E+9	1.709457000E-5
1.420880000E+9	1.693516000E-5
1.420883333E+9	2.915148000E-5
1.420886667E+9	2.810110000E-5
1.420890000E+9	1.763113000E-5
1.420893333E+9	1.761710000E-5
1.420896667E+9	1.777458000E-5
1.420900000E+9	1.750193000E-5
1.420903333E+9	1.699475000E-5
1.420906667E+9	1.710888000E-5
1.420910000E+9	1.730524000E-5
1.420913333E+9	2.581374000E-5
1.420916667E+9	2.561481000E-5
1.420920000E+9	2.479493000E-5
1.420923333E+9	1.755539000E-5
1.420926667E+9	1.773027000E-5
1.420930000E+9	1.795722000E-5
1.420933333E+9	1.769962000E-5
1.420936667E+9	1.729237000E-5
1.420940000E+9	1.781917000E-5
1.420943333E+9	1.717307000E-5
1.420946667E+9	1.709819000E-5
1.420950000E+9	1.719356000E-5
1.420953333E+9	1.691739000E-5
1.420956667E+9	1.676823000E-5
1.420960000E+9	1.745397000E-5
1.420963333E+9	1.703938000E-5
1.420966667E+9	1.742651000E-5
1.420970000E+9	1.726166000E-5
1.420973333E+9	1.708374000E-5
1.420976667E+9	1.736507000E-5
1.420980000E+9	1.736461000E-5
1.420983333E+9	1.711528000E-5
1.420986667E+9	1.754787000E-5
1.420990000E+9	1.720383000E-5
1.420993333E+9	1.748000000E-5
1.420996667E+9	1.730038000E-5
1.421000000E+9	1.724548000E-5
1.421003333E+9	1.719877000E-5
1.421006667E+9	1.701742000E-5
1.421010000E+9	1.747034000E-5
1.421013333E+9	1.734864000E-5
1.421016667E+9	1.712496000E-5
1.421020000E+9	1.699926000E-5
1.421023333E+9	1.700720000E-5
1.421026667E+9	1.662451000E-5
1.421030000E+9	1.755655000E-5
1.421033333E+9	1.741081000E-5
1.421036667E+9	1.716321000E-5
1.421040000E+9	1.726753000E-5
1.421043333E+9	1.746741000E-5
1.421046667E+9	1.674306000E-5
1.421050000E+9	1.681911000E-5
1.421053333E+9	1.679006000E-5
1.421056667E+9	1.716512000E-5
1.421060000E+9	1.714319000E-5
1.421063333E+9	1.729394000E-5
1.421066667E+9	1.699484000E-5
1.421070000E+9	1.673070000E-5
1.421073333E+9	1.732650000E-5
1.421076667E+9	1.727297000E-5
1.421080000E+9	1.758469000E-5
1.421083333E+9	1.722156000E-5
1.421086667E+9	1.717786000E-5
1.421090000E+9	1.709102000E-5
1.421093333E+9	1.732846000E-5
1.421096667E+9	1.762523000E-5
1.421100000E+9	1.721264000E-5
1.421103333E+9	1.709554000E-5
1.421106667E+9	1.700109000E-5
1.421110000E+9	1.761664000E-5
1.421113333E+9	1.740353000E-5
1.421116667E+9	1.701205000E-5
1.421120000E+9	1.717654000E-5
1.421123333E+9	1.731602000E-5
1.421126667E+9	1.750562000E-5
1.421130000E+9	1.734811000E-5
1.421133333E+9	1.745146000E-5
1.421136667E+9	1.712508000E-5
1.421140000E+9	1.751981000E-5
1.421143333E+9	1.706906000E-5
1.421146667E+9	1.758711000E-5
1.421150000E+9	1.739850000E-5
1.421153333E+9	1.700496000E-5
1.421156667E+9	1.718045000E-5
1.421160000E+9	1.711297000E-5
1.421163333E+9	1.755539000E-5
1.421166667E+9	1.741626000E-5
1.421170000E+9	1.741874000E-5
1.421173333E+9	1.769367000E-5
1.421176667E+9	2.182194000E-5
1.421180000E+9	2.925630000E-5
1.421183333E+9	1.766830000E-5
1.421186667E+9	1.777202000E-5
1.421190000E+9	1.726173000E-5
1.421193333E+9	1.717943000E-5
1.421196667E+9	1.754591000E-5
1.421200000E+9	1.761803000E-5
1.421203333E+9	1.723456000E-5
1.421206667E+9	2.013211000E-5
1.421210000E+9	1.996606000E-5
1.421213333E+9	2.022889000E-5
1.421216667E+9	1.799958000E-5
1.421220000E+9	1.738454000E-5
1.421223333E+9	1.741362000E-5
1.421226667E+9	1.712438000E-5
1.421230000E+9	1.710548000E-5
1.421233333E+9	1.723187000E-5
1.421236667E+9	1.712515000E-5
1.421240000E+9	1.717609000E-5
1.421243333E+9	1.739046000E-5
1.421246667E+9	1.737367000E-5
1.421250000E+9	1.714724000E-5
1.421253333E+9	1.686215000E-5
1.421256667E+9	1.695492000E-5
1.421260000E+9	1.763855000E-5
1.421263333E+9	1.871232000E-5
1.421266667E+9	2.053739000E-5
1.421270000E+9	1.736766000E-5
1.421273333E+9	1.747846000E-5
1.421276667E+9	1.735176000E-5
1.421280000E+9	1.759717000E-5
1.421283333E+9	1.746419000E-5
1.421286667E+9	1.738462000E-5
1.421290000E+9	1.747119000E-5
1.421293333E+9	1.689412000E-5
1.421296667E+9	1.721474000E-5
1.421300000E+9	1.726935000E-5
1.421303333E+9	1.759058000E-5
1.421306667E+9	1.750604000E-5
1.421310000E+9	1.767748000E-5
1.421313333E+9	1.742221000E-5
1.421316667E+9	1.749198000E-5
1.421320000E+9	1.721721000E-5
1.421323333E+9	1.729208000E-5
1.421326667E+9	1.758394000E-5
1.421330000E+9	1.810425000E-5
1.421333333E+9	2.458581000E-5
1.421336667E+9	1.952977000E-5
1.421340000E+9	1.735910000E-5
1.421343333E+9	1.757792000E-5
1.421346667E+9	1.819828000E-5
1.421350000E+9	1.755341000E-5
1.421353333E+9	1.750811000E-5
1.421356667E+9	1.799790000E-5
1.421360000E+9	1.779486000E-5
1.421363333E+9	1.751127000E-5
1.421366667E+9	1.750733000E-5
1.421370000E+9	1.735588000E-5
1.421373333E+9	1.715982000E-5
1.421376667E+9	1.736183000E-5
1.421380000E+9	1.719316000E-5
1.421383333E+9	1.743434000E-5
1.421386667E+9	1.700169000E-5
1.421390000E+9	1.740122000E-5
1.421393333E+9	1.717138000E-5
1.421396667E+9	1.727497000E-5
1.421400000E+9	2.195436000E-5
