Frequency, Hz	Amplitude, Volts
1.419400000E+9	1.813017000E-5
1.419403333E+9	1.813596000E-5
1.419406667E+9	1.823658000E-5
1.419410000E+9	1.795911000E-5
1.419413333E+9	1.798930000E-5
1.419416667E+9	1.815593000E-5
1.419420000E+9	1.796732000E-5
1.419423333E+9	1.807908000E-5
1.419426667E+9	1.791596000E-5
1.419430000E+9	1.832306000E-5
1.419433333E+9	1.799598000E-5
1.419436667E+9	1.786430000E-5
1.419440000E+9	1.816259000E-5
1.419443333E+9	1.823260000E-5
1.419446667E+9	1.858327000E-5
1.419450000E+9	1.851907000E-5
1.419453333E+9	1.813726000E-5
1.419456667E+9	1.792749000E-5
1.419460000E+9	1.798532000E-5
1.419463333E+9	1.796534000E-5
1.419466667E+9	1.798253000E-5
1.419470000E+9	1.819288000E-5
1.419473333E+9	1.791907000E-5
1.419476667E+9	1.770992000E-5
1.419480000E+9	1.772749000E-5
1.419483333E+9	1.821159000E-5
1.419486667E+9	1.789498000E-5
1.419490000E+9	1.800136000E-5
1.419493333E+9	1.849665000E-5
1.419496667E+9	1.792950000E-5
1.419500000E+9	1.830225000E-5
1.419503333E+9	1.851712000E-5
1.419506667E+9	1.805528000E-5
1.419510000E+9	1.823091000E-5
1.419513333E+9	1.797649000E-5
1.419516667E+9	1.785965000E-5
1.419520000E+9	1.803600000E-5
1.419523333E+9	1.808591000E-5
1.419526667E+9	1.769220000E-5
1.419530000E+9	1.834211000E-5
1.419533333E+9	1.761387000E-5
1.419536667E+9	1.776753000E-5
1.419540000E+9	1.823724000E-5
1.419543333E+9	1.777984000E-5
1.419546667E+9	1.817038000E-5
1.419550000E+9	1.811604000E-5
1.419553333E+9	1.796179000E-5
1.419556667E+9	1.790495000E-5
1.419560000E+9	1.818412000E-5
1.419563333E+9	1.785724000E-5
1.419566667E+9	1.772163000E-5
1.419570000E+9	1.838705000E-5
1.419573333E+9	1.799334000E-5
1.419576667E+9	1.747205000E-5
1.419580000E+9	1.818324000E-5
1.419583333E+9	1.770932000E-5
1.419586667E+9	1.800039000E-5
1.419590000E+9	1.785656000E-5
1.419593333E+9	1.784080000E-5
1.419596667E+9	1.760620000E-5
1.419600000E+9	1.784098000E-5
1.419603333E+9	1.804125000E-5
1.419606667E+9	1.778775000E-5
1.419610000E+9	1.739653000E-5
1.419613333E+9	1.793799000E-5
1.419616667E+9	1.786895000E-5
1.419620000E+9	1.799476000E-5
1.419623333E+9	1.785985000E-5
1.419626667E+9	1.783042000E-5
1.419630000E+9	1.795617000E-5
1.419633333E+9	1.801435000E-5
1.419636667E+9	1.796333000E-5
1.419640000E+9	1.785977000E-5
1.419643333E+9	1.760210000E-5
1.419646667E+9	1.802365000E-5
1.419650000E+9	1.743329000E-5
1.419653333E+9	1.787947000E-5
1.419656667E+9	1.770360000E-5
1.419660000E+9	1.751507000E-5
1.419663333E+9	1.782944000E-5
1.419666667E+9	1.791390000E-5
1.419670000E+9	1.780708000E-5
1.419673333E+9	1.715487000E-5
1.419676667E+9	1.742033000E-5
1.419680000E+9	1.794697000E-5
1.419683333E+9	1.790231000E-5
1.419686667E+9	1.787468000E-5
1.419690000E+9	1.801433000E-5
1.419693333E+9	1.740227000E-5
1.419696667E+9	1.785800000E-5
1.419700000E+9	1.787988000E-5
1.419703333E+9	1.763580000E-5
1.419706667E+9	1.756613000E-5
1.419710000E+9	1.777028000E-5
1.419713333E+9	1.789007000E-5
1.419716667E+9	1.774940000E-5
1.419720000E+9	1.824976000E-5
1.419723333E+9	1.749706000E-5
1.419726667E+9	1.769130000E-5
1.419730000E+9	1.810487000E-5
1.419733333E+9	1.796905000E-5
1.419736667E+9	1.757902000E-5
1.419740000E+9	1.768740000E-5
1.419743333E+9	1.796915000E-5
1.419746667E+9	1.778961000E-5
1.419750000E+9	1.748662000E-5
1.419753333E+9	1.764816000E-5
1.419756667E+9	1.772272000E-5
1.419760000E+9	1.784480000E-5
1.419763333E+9	1.724169000E-5
1.419766667E+9	1.746728000E-5
1.419770000E+9	1.742552000E-5
1.419773333E+9	1.774616000E-5
1.419776667E+9	1.743174000E-5
1.419780000E+9	1.767831000E-5
1.419783333E+9	1.772414000E-5
1.419786667E+9	1.740223000E-5
1.419790000E+9	1.786811000E-5
1.419793333E+9	1.758346000E-5
1.419796667E+9	1.739325000E-5
1.419800000E+9	1.764955000E-5
1.419803333E+9	1.786640000E-5
1.419806667E+9	1.735032000E-5
1.419810000E+9	1.716749000E-5
1.419813333E+9	1.711130000E-5
1.419816667E+9	1.753992000E-5
1.419820000E+9	1.730684000E-5
1.419823333E+9	1.794918000E-5
1.419826667E+9	1.784989000E-5
1.419830000E+9	1.770895000E-5
1.419833333E+9	1.778908000E-5
1.419836667E+9	1.749136000E-5
1.419840000E+9	1.758904000E-5
1.419843333E+9	1.754768000E-5
1.419846667E+9	1.775304000E-5
1.419850000E+9	1.810638000E-5
1.419853333E+9	1.760440000E-5
1.419856667E+9	1.759702000E-5
1.419860000E+9	1.740267000E-5
1.419863333E+9	1.778127000E-5
1.419866667E+9	1.781029000E-5
1.419870000E+9	1.810658000E-5
1.419873333E+9	1.753197000E-5
1.419876667E+9	1.762987000E-5
1.419880000E+9	1.732150000E-5
1.419883333E+9	1.747574000E-5
1.419886667E+9	1.746990000E-5
1.419890000E+9	1.747393000E-5
1.419893333E+9	1.718245000E-5
1.419896667E+9	1.770986000E-5
1.419900000E+9	1.744732000E-5
1.419903333E+9	1.768501000E-5
1.419906667E+9	1.733817000E-5
1.419910000E+9	1.750960000E-5
1.419913333E+9	1.801029000E-5
1.419916667E+9	1.789830000E-5
1.419920000E+9	1.731450000E-5
1.419923333E+9	1.762697000E-5
1.419926667E+9	1.743857000E-5
1.419930000E+9	1.744142000E-5
1.419933333E+9	1.715547000E-5
1.419936667E+9	1.760496000E-5
1.419940000E+9	1.748775000E-5
1.419943333E+9	1.764740000E-5
1.419946667E+9	1.763630000E-5
1.419950000E+9	1.742054000E-5
1.419953333E+9	1.735203000E-5
1.419956667E+9	1.735599000E-5
1.419960000E+9	1.722657000E-5
1.419963333E+9	1.775628000E-5
1.419966667E+9	1.744470000E-5
1.419970000E+9	1.767569000E-5
1.419973333E+9	1.746158000E-5
1.419976667E+9	1.770426000E-5
1.419980000E+9	1.940253000E-5
1.419983333E+9	1.776096000E-5
1.419986667E+9	1.724675000E-5
1.419990000E+9	1.733288000E-5
1.419993333E+9	1.740074000E-5
1.419996667E+9	1.733137000E-5
1.420000000E+9	1.741371000E-5
1.420003333E+9	1.771029000E-5
1.420006667E+9	1.728889000E-5
1.420010000E+9	1.714814000E-5
1.420013333E+9	1.737626000E-5
1.420016667E+9	1.737010000E-5
1.420020000E+9	1.733063000E-5
1.420023333E+9	1.740225000E-5
1.420026667E+9	1.743195000E-5
1.420030000E+9	1.736966000E-5
1.420033333E+9	1.743796000E-5
1.420036667E+9	1.748637000E-5
1.420040000E+9	1.739539000E-5
1.420043333E+9	1.726391000E-5
1.420046667E+9	1.709678000E-5
1.420050000E+9	1.753695000E-5
1.420053333E+9	1.703903000E-5
1.420056667E+9	1.751627000E-5
1.420060000E+9	1.739277000E-5
1.420063333E+9	1.709586000E-5
1.420066667E+9	1.723908000E-5
1.420070000E+9	1.711273000E-5
1.420073333E+9	1.709958000E-5
1.420076667E+9	1.688954000E-5
1.420080000E+9	1.700068000E-5
1.420083333E+9	1.700264000E-5
1.420086667E+9	1.698096000E-5
1.420090000E+9	1.729055000E-5
1.420093333E+9	1.738790000E-5
1.420096667E+9	1.729174000E-5
1.420100000E+9	1.712226000E-5
1.420103333E+9	1.740859000E-5
1.420106667E+9	1.739990000E-5
1.420110000E+9	1.724999000E-5
1.420113333E+9	1.694234000E-5
1.420116667E+9	1.700402000E-5
1.420120000E+9	1.677713000E-5
1.420123333E+9	1.733181000E-5
1.420126667E+9	1.719855000E-5
1.420130000E+9	1.707827000E-5
1.420133333E+9	1.691309000E-5
1.420136667E+9	1.707842000E-5
1.420140000E+9	1.658830000E-5
1.420143333E+9	1.686265000E-5
1.420146667E+9	1.700869000E-5
1.420150000E+9	1.722793000E-5
1.420153333E+9	1.702435000E-5
1.420156667E+9	1.706541000E-5
1.420160000E+9	1.691141000E-5
1.420163333E+9	1.681676000E-5
1.420166667E+9	1.716020000E-5
1.420170000E+9	1.720697000E-5
1.420173333E+9	1.756488000E-5
1.420176667E+9	1.714069000E-5
1.420180000E+9	1.708734000E-5
1.420183333E+9	1.742037000E-5
1.420186667E+9	1.695877000E-5
1.420190000E+9	1.704256000E-5
1.420193333E+9	1.691763000E-5
1.420196667E+9	1.725377000E-5
1.420200000E+9	1.750431000E-5
1.420203333E+9	1.701620000E-5
1.420206667E+9	1.703390000E-5
1.420210000E+9	1.676792000E-5
1.420213333E+9	1.714221000E-5
1.420216667E+9	1.730390000E-5
1.420220000E+9	1.693998000E-5
1.420223333E+9	1.684163000E-5
1.420226667E+9	1.733550000E-5
1.420230000E+9	1.714146000E-5
1.420233333E+9	1.674391000E-5
1.420236667E+9	1.710935000E-5
1.420240000E+9	1.726059000E-5
1.420243333E+9	1.685789000E-5
1.420246667E+9	1.710373000E-5
1.420250000E+9	1.726710000E-5
1.420253333E+9	1.708764000E-5
1.420256667E+9	1.739384000E-5
1.420260000E+9	1.710345000E-5
1.420263333E+9	1.701749000E-5
1.420266667E+9	1.722688000E-5
1.420270000E+9	1.699275000E-5
1.420273333E+9	1.680712000E-5
1.420276667E+9	1.689608000E-5
1.420280000E+9	1.696851000E-5
1.420283333E+9	1.707154000E-5
1.420286667E+9	1.705782000E-5
1.420290000E+9	1.719972000E-5
1.420293333E+9	1.678339000E-5
1.420296667E+9	1.730074000E-5
1.420300000E+9	1.707532000E-5
1.420303333E+9	1.740240000E-5
1.420306667E+9	1.687873000E-5
1.420310000E+9	1.737216000E-5
1.420313333E+9	1.707456000E-5
1.420316667E+9	1.724900000E-5
1.420320000E+9	1.726738000E-5
1.420323333E+9	1.735653000E-5
1.420326667E+9	1.754745000E-5
1.420330000E+9	1.741498000E-5
1.420333333E+9	1.672524000E-5
1.420336667E+9	1.711558000E-5
1.420340000E+9	1.707902000E-5
1.420343333E+9	1.695509000E-5
1.420346667E+9	1.706423000E-5
1.420350000E+9	1.649777000E-5
1.420353333E+9	1.709474000E-5
1.420356667E+9	1.705694000E-5
1.420360000E+9	1.686382000E-5
1.420363333E+9	1.708513000E-5
1.420366667E+9	1.682816000E-5
1.420370000E+9	1.727650000E-5
1.420373333E+9	1.719111000E-5
1.420376667E+9	1.715095000E-5
1.420380000E+9	1.711147000E-5
1.420383333E+9	1.711867000E-5
1.420386667E+9	1.715266000E-5
1.420390000E+9	1.713476000E-5
1.420393333E+9	1.715054000E-5
1.420396667E+9	1.739098000E-5
1.420400000E+9	1.721262000E-5
1.420403333E+9	1.701583000E-5
1.420406667E+9	1.684250000E-5
1.420410000E+9	1.699298000E-5
1.420413333E+9	1.708174000E-5
1.420416667E+9	1.703897000E-5
1.420420000E+9	1.701807000E-5
1.420423333E+9	1.688928000E-5
1.420426667E+9	1.726499000E-5
1.420430000E+9	1.727629000E-5
1.420433333E+9	1.676148000E-5
1.420436667E+9	1.741830000E-5
1.420440000E+9	1.728990000E-5
1.420443333E+9	1.712369000E-5
1.420446667E+9	1.701420000E-5
1.420450000E+9	1.712145000E-5
1.420453333E+9	1.747902000E-5
1.420456667E+9	1.732650000E-5
1.420460000E+9	1.760836000E-5
1.420463333E+9	1.761757000E-5
1.420466667E+9	1.776626000E-5
1.420470000E+9	1.806339000E-5
1.420473333E+9	1.803491000E-5
1.420476667E+9	1.828761000E-5
1.420480000E+9	1.808883000E-5
1.420483333E+9	1.810695000E-5
1.420486667E+9	1.829787000E-5
1.420490000E+9	1.837660000E-5
1.420493333E+9	1.848744000E-5
1.420496667E+9	1.851031000E-5
1.420500000E+9	1.854086000E-5
1.420503333E+9	1.855809000E-5
1.420506667E+9	1.868508000E-5
1.420510000E+9	1.875512000E-5
1.420513333E+9	1.911992000E-5
1.420516667E+9	1.861928000E-5
1.420520000E+9	1.898804000E-5
1.420523333E+9	1.846845000E-5
1.420526667E+9	1.877445000E-5
1.420530000E+9	1.859227000E-5
1.420533333E+9	1.859029000E-5
1.420536667E+9	1.851427000E-5
1.420540000E+9	1.870815000E-5
1.420543333E+9	1.880159000E-5
1.420546667E+9	1.894678000E-5
1.420550000E+9	1.897995000E-5
1.420553333E+9	1.842877000E-5
1.420556667E+9	1.865752000E-5
1.420560000E+9	1.854185000E-5
1.420563333E+9	1.842156000E-5
1.420566667E+9	1.840040000E-5
1.420570000E+9	1.871780000E-5
1.420573333E+9	1.856981000E-5
1.420576667E+9	1.885773000E-5
1.420580000E+9	1.855896000E-5
1.420583333E+9	1.835427000E-5
1.420586667E+9	1.888145000E-5
1.420590000E+9	1.914975000E-5
1.420593333E+9	1.879994000E-5
1.420596667E+9	1.863934000E-5
1.420600000E+9	1.875669000E-5
1.420603333E+9	1.883842000E-5
1.420606667E+9	1.828855000E-5
1.420610000E+9	1.847512000E-5
1.420613333E+9	1.864176000E-5
1.420616667E+9	1.849615000E-5
1.420620000E+9	1.869074000E-5
1.420623333E+9	1.897743000E-5
1.420626667E+9	1.847642000E-5
1.420630000E+9	1.806345000E-5
1.420633333E+9	1.853772000E-5
1.420636667E+9	1.812599000E-5
1.420640000E+9	1.859200000E-5
1.420643333E+9	1.853082000E-5
1.420646667E+9	1.840157000E-5
1.420650000E+9	1.838083000E-5
1.420653333E+9	1.830454000E-5
1.420656667E+9	1.826106000E-5
1.420660000E+9	1.817805000E-5
1.420663333E+9	1.804872000E-5
1.420666667E+9	1.791476000E-5
1.420670000E+9	1.807650000E-5
1.420673333E+9	1.794212000E-5
1.420676667E+9	1.779303000E-5
1.420680000E+9	1.742464000E-5
1.420683333E+9	1.759306000E-5
1.420686667E+9	1.777276000E-5
1.420690000E+9	1.781414000E-5
1.420693333E+9	1.763611000E-5
1.420696667E+9	1.758417000E-5
1.420700000E+9	1.767647000E-5
1.420703333E+9	1.744249000E-5
1.420706667E+9	1.739512000E-5
1.420710000E+9	1.772811000E-5
1.420713333E+9	1.721770000E-5
1.420716667E+9	1.769113000E-5
1.420720000E+9	1.729968000E-5
1.420723333E+9	1.728422000E-5
1.420726667E+9	1.737411000E-5
1.420730000E+9	1.726579000E-5
1.420733333E+9	1.740452000E-5
1.420736667E+9	1.717126000E-5
1.420740000E+9	1.730006000E-5
1.420743333E+9	1.711160000E-5
1.420746667E+9	1.689438000E-5
1.420750000E+9	1.695131000E-5
1.420753333E+9	1.706796000E-5
1.420756667E+9	1.704477000E-5
1.420760000E+9	1.666164000E-5
1.420763333E+9	1.727007000E-5
1.420766667E+9	1.697472000E-5
1.420770000E+9	1.720746000E-5
1.420773333E+9	1.724360000E-5
1.420776667E+9	1.701958000E-5
1.420780000E+9	1.720043000E-5
1.420783333E+9	1.721733000E-5
1.420786667E+9	1.720319000E-5
1.420790000E+9	1.666402000E-5
1.420793333E+9	1.723130000E-5
1.420796667E+9	1.707008000E-5
1.420800000E+9	1.712792000E-5
1.420803333E+9	1.695043000E-5
1.420806667E+9	1.730447000E-5
1.420810000E+9	1.683411000E-5
1.420813333E+9	1.676972000E-5
1.420816667E+9	1.703744000E-5
1.420820000E+9	1.681185000E-5
1.420823333E+9	1.693946000E-5
1.420826667E+9	1.674584000E-5
1.420830000E+9	1.675535000E-5
1.420833333E+9	1.694323000E-5
1.420836667E+9	1.693207000E-5
1.420840000E+9	1.666627000E-5
1.420843333E+9	1.696851000E-5
1.420846667E+9	1.690187000E-5
1.420850000E+9	1.666040000E-5
1.420853333E+9	1.671489000E-5
1.420856667E+9	1.690484000E-5
1.420860000E+9	1.678783000E-5
1.420863333E+9	1.710768000E-5
1.420866667E+9	1.662856000E-5
1.420870000E+9	1.696112000E-5
1.420873333E+9	1.686097000E-5
1.420876667E+9	1.666422000E-5
1.420880000E+9	1.685160000E-5
1.420883333E+9	1.881347000E-5
1.420886667E+9	1.769766000E-5
1.420890000E+9	1.671814000E-5
1.420893333E+9	1.694969000E-5
1.420896667E+9	1.727946000E-5
1.420900000E+9	1.689749000E-5
1.420903333E+9	1.698186000E-5
1.420906667E+9	1.724896000E-5
1.420910000E+9	1.700500000E-5
1.420913333E+9	1.874285000E-5
1.420916667E+9	1.780770000E-5
1.420920000E+9	1.684997000E-5
1.420923333E+9	1.692562000E-5
1.420926667E+9	1.711055000E-5
1.420930000E+9	1.693933000E-5
1.420933333E+9	1.679274000E-5
1.420936667E+9	1.734883000E-5
1.420940000E+9	1.697224000E-5
1.420943333E+9	1.696447000E-5
1.420946667E+9	1.690477000E-5
1.420950000E+9	1.678686000E-5
1.420953333E+9	1.666554000E-5
1.420956667E+9	1.705228000E-5
1.420960000E+9	1.702816000E-5
1.420963333E+9	1.675997000E-5
1.420966667E+9	1.667372000E-5
1.420970000E+9	1.748539000E-5
1.420973333E+9	1.710957000E-5
1.420976667E+9	1.699277000E-5
1.420980000E+9	1.675629000E-5
1.420983333E+9	1.691502000E-5
1.420986667E+9	1.688459000E-5
1.420990000E+9	1.701777000E-5
1.420993333E+9	1.705233000E-5
1.420996667E+9	1.662555000E-5
1.421000000E+9	1.685954000E-5
1.421003333E+9	1.652426000E-5
1.421006667E+9	1.663110000E-5
1.421010000E+9	1.658721000E-5
1.421013333E+9	1.682851000E-5
1.421016667E+9	1.677070000E-5
1.421020000E+9	1.698387000E-5
1.421023333E+9	1.682418000E-5
1.421026667E+9	1.706365000E-5
1.421030000E+9	1.661664000E-5
1.421033333E+9	1.697929000E-5
1.421036667E+9	1.695211000E-5
1.421040000E+9	1.711833000E-5
1.421043333E+9	1.708509000E-5
1.421046667E+9	1.711230000E-5
1.421050000E+9	1.704262000E-5
1.421053333E+9	1.704945000E-5
1.421056667E+9	1.675914000E-5
1.421060000E+9	1.720383000E-5
1.421063333E+9	1.709757000E-5
1.421066667E+9	1.676713000E-5
1.421070000E+9	1.691641000E-5
1.421073333E+9	1.675125000E-5
1.421076667E+9	1.678662000E-5
1.421080000E+9	1.658182000E-5
1.421083333E+9	1.706144000E-5
1.421086667E+9	1.687239000E-5
1.421090000E+9	1.681015000E-5
1.421093333E+9	1.687969000E-5
1.421096667E+9	1.664318000E-5
1.421100000E+9	1.688099000E-5
1.421103333E+9	1.695712000E-5
1.421106667E+9	1.690529000E-5
1.421110000E+9	1.712690000E-5
1.421113333E+9	1.709256000E-5
1.421116667E+9	1.726440000E-5
1.421120000E+9	1.683095000E-5
1.421123333E+9	1.673261000E-5
1.421126667E+9	1.695890000E-5
1.421130000E+9	1.703575000E-5
1.421133333E+9	1.728457000E-5
1.421136667E+9	1.724764000E-5
1.421140000E+9	1.665431000E-5
1.421143333E+9	1.658996000E-5
1.421146667E+9	1.707360000E-5
1.421150000E+9	1.697202000E-5
1.421153333E+9	1.688670000E-5
1.421156667E+9	1.681504000E-5
1.421160000E+9	1.693209000E-5
1.421163333E+9	1.674031000E-5
1.421166667E+9	1.633749000E-5
1.421170000E+9	1.653651000E-5
1.421173333E+9	1.696967000E-5
1.421176667E+9	1.736047000E-5
1.421180000E+9	1.786177000E-5
1.421183333E+9	1.668304000E-5
1.421186667E+9	1.682987000E-5
1.421190000E+9	1.685582000E-5
1.421193333E+9	1.674332000E-5
1.421196667E+9	1.675219000E-5
1.421200000E+9	1.698814000E-5
1.421203333E+9	1.698596000E-5
1.421206667E+9	1.758944000E-5
1.421210000E+9	1.716853000E-5
1.421213333E+9	1.695635000E-5
1.421216667E+9	1.707540000E-5
1.421220000E+9	1.717266000E-5
1.421223333E+9	1.685229000E-5
1.421226667E+9	1.683183000E-5
1.421230000E+9	1.666660000E-5
1.421233333E+9	1.644132000E-5
1.421236667E+9	1.671515000E-5
1.421240000E+9	1.681929000E-5
1.421243333E+9	1.719624000E-5
1.421246667E+9	1.699936000E-5
1.421250000E+9	1.724953000E-5
1.421253333E+9	1.714718000E-5
1.421256667E+9	1.670720000E-5
1.421260000E+9	1.686480000E-5
1.421263333E+9	1.682862000E-5
1.421266667E+9	1.719666000E-5
1.421270000E+9	1.713098000E-5
1.421273333E+9	1.703639000E-5
1.421276667E+9	1.675298000E-5
1.421280000E+9	1.665678000E-5
1.421283333E+9	1.707512000E-5
1.421286667E+9	1.708823000E-5
1.421290000E+9	1.675850000E-5
1.421293333E+9	1.650603000E-5
1.421296667E+9	1.686813000E-5
1.421300000E+9	1.703708000E-5
1.421303333E+9	1.691554000E-5
1.421306667E+9	1.705634000E-5
1.421310000E+9	1.659648000E-5
1.421313333E+9	1.652061000E-5
1.421316667E+9	1.705625000E-5
1.421320000E+9	1.687651000E-5
1.421323333E+9	1.662015000E-5
1.421326667E+9	1.680022000E-5
1.421330000E+9	1.677536000E-5
1.421333333E+9	1.656384000E-5
1.421336667E+9	1.683414000E-5
1.421340000E+9	1.683065000E-5
1.421343333E+9	1.687213000E-5
1.421346667E+9	1.674003000E-5
1.421350000E+9	1.642526000E-5
1.421353333E+9	1.672355000E-5
1.421356667E+9	1.678273000E-5
1.421360000E+9	1.652879000E-5
1.421363333E+9	1.686478000E-5
1.421366667E+9	1.710356000E-5
1.421370000E+9	1.669488000E-5
1.421373333E+9	1.694091000E-5
1.421376667E+9	1.741129000E-5
1.421380000E+9	1.671801000E-5
1.421383333E+9	1.691554000E-5
1.421386667E+9	1.659750000E-5
1.421390000E+9	1.665548000E-5
1.421393333E+9	1.664245000E-5
1.421396667E+9	1.705172000E-5
1.421400000E+9	1.688631000E-5
