Frequency, Hz	Amplitude, Volts
1.419400000E+9	1.509897000E-5
1.419403333E+9	1.567765000E-5
1.419406667E+9	1.556244000E-5
1.419410000E+9	1.515528000E-5
1.419413333E+9	1.666045000E-5
1.419416667E+9	1.583626000E-5
1.419420000E+9	1.541132000E-5
1.419423333E+9	1.553047000E-5
1.419426667E+9	1.533682000E-5
1.419430000E+9	1.521062000E-5
1.419433333E+9	1.565273000E-5
1.419436667E+9	1.570208000E-5
1.419440000E+9	1.693308000E-5
1.419443333E+9	1.579871000E-5
1.419446667E+9	1.577505000E-5
1.419450000E+9	1.836399000E-5
1.419453333E+9	1.622888000E-5
1.419456667E+9	1.573760000E-5
1.419460000E+9	1.550258000E-5
1.419463333E+9	1.585909000E-5
1.419466667E+9	1.538581000E-5
1.419470000E+9	1.572774000E-5
1.419473333E+9	1.528014000E-5
1.419476667E+9	1.583117000E-5
1.419480000E+9	1.573815000E-5
1.419483333E+9	1.534034000E-5
1.419486667E+9	1.557772000E-5
1.419490000E+9	1.543485000E-5
1.419493333E+9	1.560206000E-5
1.419496667E+9	1.548665000E-5
1.419500000E+9	1.543871000E-5
1.419503333E+9	1.563801000E-5
1.419506667E+9	1.561274000E-5
1.419510000E+9	1.545784000E-5
1.419513333E+9	1.524959000E-5
1.419516667E+9	1.567132000E-5
1.419520000E+9	1.576004000E-5
1.419523333E+9	1.561409000E-5
1.419526667E+9	1.560098000E-5
1.419530000E+9	1.536275000E-5
1.419533333E+9	1.582135000E-5
1.419536667E+9	1.545036000E-5
1.419540000E+9	1.579746000E-5
1.419543333E+9	1.552148000E-5
1.419546667E+9	1.563948000E-5
1.419550000E+9	1.592131000E-5
1.419553333E+9	1.586947000E-5
1.419556667E+9	1.582856000E-5
1.419560000E+9	1.532858000E-5
1.419563333E+9	1.573606000E-5
1.419566667E+9	1.553458000E-5
1.419570000E+9	1.564017000E-5
1.419573333E+9	1.529167000E-5
1.419576667E+9	1.544894000E-5
1.419580000E+9	1.529516000E-5
1.419583333E+9	1.523212000E-5
1.419586667E+9	1.501587000E-5
1.419590000E+9	1.505888000E-5
1.419593333E+9	1.516617000E-5
1.419596667E+9	1.533057000E-5
1.419600000E+9	1.549220000E-5
1.419603333E+9	1.577155000E-5
1.419606667E+9	1.548230000E-5
1.419610000E+9	1.547544000E-5
1.419613333E+9	1.567159000E-5
1.419616667E+9	1.559340000E-5
1.419620000E+9	1.550452000E-5
1.419623333E+9	1.561138000E-5
1.419626667E+9	1.572308000E-5
1.419630000E+9	1.577294000E-5
1.419633333E+9	1.541259000E-5
1.419636667E+9	1.567505000E-5
1.419640000E+9	1.561821000E-5
1.419643333E+9	1.542302000E-5
1.419646667E+9	1.582164000E-5
1.419650000E+9	1.549994000E-5
1.419653333E+9	1.541029000E-5
1.419656667E+9	1.532347000E-5
1.419660000E+9	1.541187000E-5
1.419663333E+9	1.557834000E-5
1.419666667E+9	1.582508000E-5
1.419670000E+9	1.531992000E-5
1.419673333E+9	1.534871000E-5
1.419676667E+9	1.549383000E-5
1.419680000E+9	1.540236000E-5
1.419683333E+9	1.559987000E-5
1.419686667E+9	1.556124000E-5
1.419690000E+9	1.568034000E-5
1.419693333E+9	1.553374000E-5
1.419696667E+9	1.595052000E-5
1.419700000E+9	1.556555000E-5
1.419703333E+9	1.558547000E-5
1.419706667E+9	1.564663000E-5
1.419710000E+9	1.557967000E-5
1.419713333E+9	1.549628000E-5
1.419716667E+9	1.544687000E-5
1.419720000E+9	1.551722000E-5
1.419723333E+9	1.557088000E-5
1.419726667E+9	1.551347000E-5
1.419730000E+9	1.550942000E-5
1.419733333E+9	1.798500000E-5
1.419736667E+9	1.640280000E-5
1.419740000E+9	1.618604000E-5
1.419743333E+9	1.809652000E-5
1.419746667E+9	1.569463000E-5
1.419750000E+9	1.591279000E-5
1.419753333E+9	1.556799000E-5
1.419756667E+9	1.555878000E-5
1.419760000E+9	1.536879000E-5
1.419763333E+9	1.544515000E-5
1.419766667E+9	1.546100000E-5
1.419770000E+9	1.517191000E-5
1.419773333E+9	1.539025000E-5
1.419776667E+9	1.544644000E-5
1.419780000E+9	1.567686000E-5
1.419783333E+9	1.561025000E-5
1.419786667E+9	1.578616000E-5
1.419790000E+9	1.573242000E-5
1.419793333E+9	1.536218000E-5
1.419796667E+9	1.523757000E-5
1.419800000E+9	1.563820000E-5
1.419803333E+9	1.548482000E-5
1.419806667E+9	1.567311000E-5
1.419810000E+9	1.526292000E-5
1.419813333E+9	1.540451000E-5
1.419816667E+9	1.524147000E-5
1.419820000E+9	1.564464000E-5
1.419823333E+9	1.582460000E-5
1.419826667E+9	1.550930000E-5
1.419830000E+9	1.556739000E-5
1.419833333E+9	1.555589000E-5
1.419836667E+9	1.533722000E-5
1.419840000E+9	1.519146000E-5
1.419843333E+9	1.550122000E-5
1.419846667E+9	1.528643000E-5
1.419850000E+9	1.527366000E-5
1.419853333E+9	1.559172000E-5
1.419856667E+9	1.561853000E-5
1.419860000E+9	1.558905000E-5
1.419863333E+9	1.577076000E-5
1.419866667E+9	1.546602000E-5
1.419870000E+9	1.552822000E-5
1.419873333E+9	1.527226000E-5
1.419876667E+9	1.534103000E-5
1.419880000E+9	1.555909000E-5
1.419883333E+9	1.568559000E-5
1.419886667E+9	1.569286000E-5
1.419890000E+9	1.537890000E-5
1.419893333E+9	1.534347000E-5
1.419896667E+9	1.560933000E-5
1.419900000E+9	1.588061000E-5
1.419903333E+9	1.536781000E-5
1.419906667E+9	1.551409000E-5
1.419910000E+9	1.505314000E-5
1.419913333E+9	1.532004000E-5
1.419916667E+9	1.512499000E-5
1.419920000E+9	1.541178000E-5
1.419923333E+9	1.549526000E-5
1.419926667E+9	1.533835000E-5
1.419930000E+9	1.528334000E-5
1.419933333E+9	1.525704000E-5
1.419936667E+9	1.522942000E-5
1.419940000E+9	1.534428000E-5
1.419943333E+9	1.539292000E-5
1.419946667E+9	1.533656000E-5
1.419950000E+9	1.541535000E-5
1.419953333E+9	1.559148000E-5
1.419956667E+9	1.570832000E-5
1.419960000E+9	1.521228000E-5
1.419963333E+9	1.555521000E-5
1.419966667E+9	1.543329000E-5
1.419970000E+9	1.532820000E-5
1.419973333E+9	1.564972000E-5
1.419976667E+9	1.545703000E-5
1.419980000E+9	1.542997000E-5
1.419983333E+9	1.531556000E-5
1.419986667E+9	1.567541000E-5
1.419990000E+9	1.577453000E-5
1.419993333E+9	1.539482000E-5
1.419996667E+9	1.535715000E-5
1.420000000E+9	1.694725000E-5
1.420003333E+9	1.858980000E-5
1.420006667E+9	1.587205000E-5
1.420010000E+9	1.580576000E-5
1.420013333E+9	1.545004000E-5
1.420016667E+9	1.572793000E-5
1.420020000E+9	1.574970000E-5
1.420023333E+9	1.605754000E-5
1.420026667E+9	1.701710000E-5
1.420030000E+9	1.617707000E-5
1.420033333E+9	1.634382000E-5
1.420036667E+9	1.817785000E-5
1.420040000E+9	1.623807000E-5
1.420043333E+9	1.602564000E-5
1.420046667E+9	1.612719000E-5
1.420050000E+9	1.595678000E-5
1.420053333E+9	1.619292000E-5
1.420056667E+9	1.615292000E-5
1.420060000E+9	1.617528000E-5
1.420063333E+9	1.617029000E-5
1.420066667E+9	1.638750000E-5
1.420070000E+9	1.626934000E-5
1.420073333E+9	1.615292000E-5
1.420076667E+9	1.680681000E-5
1.420080000E+9	1.623806000E-5
1.420083333E+9	1.665745000E-5
1.420086667E+9	1.653362000E-5
1.420090000E+9	1.670247000E-5
1.420093333E+9	1.659786000E-5
1.420096667E+9	1.675888000E-5
1.420100000E+9	1.683487000E-5
1.420103333E+9	1.712282000E-5
1.420106667E+9	1.652375000E-5
1.420110000E+9	1.669328000E-5
1.420113333E+9	1.651662000E-5
1.420116667E+9	1.660807000E-5
1.420120000E+9	1.672458000E-5
1.420123333E+9	1.690597000E-5
1.420126667E+9	1.706597000E-5
1.420130000E+9	1.673377000E-5
1.420133333E+9	1.681938000E-5
1.420136667E+9	1.650906000E-5
1.420140000E+9	1.637472000E-5
1.420143333E+9	1.673349000E-5
1.420146667E+9	1.683677000E-5
1.420150000E+9	1.642521000E-5
1.420153333E+9	1.665466000E-5
1.420156667E+9	1.674016000E-5
1.420160000E+9	1.662042000E-5
1.420163333E+9	1.664963000E-5
1.420166667E+9	1.657869000E-5
1.420170000E+9	1.685476000E-5
1.420173333E+9	1.668280000E-5
1.420176667E+9	1.666492000E-5
1.420180000E+9	1.653880000E-5
1.420183333E+9	1.654675000E-5
1.420186667E+9	1.666894000E-5
1.420190000E+9	1.682788000E-5
1.420193333E+9	1.680812000E-5
1.420196667E+9	1.705758000E-5
1.420200000E+9	1.708434000E-5
1.420203333E+9	1.703138000E-5
1.420206667E+9	1.690577000E-5
1.420210000E+9	1.699033000E-5
1.420213333E+9	1.665378000E-5
1.420216667E+9	1.683150000E-5
1.420220000E+9	1.691108000E-5
1.420223333E+9	1.682108000E-5
1.420226667E+9	1.702132000E-5
1.420230000E+9	1.696941000E-5
1.420233333E+9	1.684004000E-5
1.420236667E+9	1.686215000E-5
1.420240000E+9	1.672533000E-5
1.420243333E+9	1.683453000E-5
1.420246667E+9	1.662759000E-5
1.420250000E+9	1.674029000E-5
1.420253333E+9	1.651951000E-5
1.420256667E+9	1.705454000E-5
1.420260000E+9	1.682304000E-5
1.420263333E+9	1.697744000E-5
1.420266667E+9	1.690416000E-5
1.420270000E+9	1.715283000E-5
1.420273333E+9	1.702968000E-5
1.420276667E+9	1.654468000E-5
1.420280000E+9	1.696062000E-5
1.420283333E+9	1.685536000E-5
1.420286667E+9	1.714028000E-5
1.420290000E+9	1.707339000E-5
1.420293333E+9	1.698975000E-5
1.420296667E+9	1.770094000E-5
1.420300000E+9	1.674489000E-5
1.420303333E+9	1.711282000E-5
1.420306667E+9	1.700802000E-5
1.420310000E+9	1.673913000E-5
1.420313333E+9	1.720228000E-5
1.420316667E+9	1.715653000E-5
1.420320000E+9	1.801676000E-5
1.420323333E+9	1.701334000E-5
1.420326667E+9	1.776402000E-5
1.420330000E+9	1.865078000E-5
1.420333333E+9	1.708858000E-5
1.420336667E+9	1.752706000E-5
1.420340000E+9	1.743629000E-5
1.420343333E+9	1.735849000E-5
1.420346667E+9	1.748942000E-5
1.420350000E+9	1.745491000E-5
1.420353333E+9	1.727969000E-5
1.420356667E+9	1.753147000E-5
1.420360000E+9	1.700443000E-5
1.420363333E+9	1.753759000E-5
1.420366667E+9	1.735233000E-5
1.420370000E+9	1.699579000E-5
1.420373333E+9	1.697701000E-5
1.420376667E+9	1.696352000E-5
1.420380000E+9	1.672925000E-5
1.420383333E+9	1.631264000E-5
1.420386667E+9	1.585155000E-5
1.420390000E+9	1.608722000E-5
1.420393333E+9	1.613744000E-5
1.420396667E+9	1.575406000E-5
1.420400000E+9	1.604881000E-5
1.420403333E+9	1.568199000E-5
1.420406667E+9	1.587325000E-5
1.420410000E+9	1.562774000E-5
1.420413333E+9	1.582145000E-5
1.420416667E+9	1.556056000E-5
1.420420000E+9	1.594580000E-5
1.420423333E+9	1.571272000E-5
1.420426667E+9	1.579285000E-5
1.420430000E+9	1.538579000E-5
1.420433333E+9	1.544207000E-5
1.420436667E+9	1.563981000E-5
1.420440000E+9	1.556719000E-5
1.420443333E+9	1.554889000E-5
1.420446667E+9	1.585930000E-5
1.420450000E+9	1.589395000E-5
1.420453333E+9	1.580378000E-5
1.420456667E+9	1.621801000E-5
1.420460000E+9	1.594503000E-5
1.420463333E+9	1.558085000E-5
1.420466667E+9	1.579354000E-5
1.420470000E+9	1.576492000E-5
1.420473333E+9	1.532670000E-5
1.420476667E+9	1.578172000E-5
1.420480000E+9	1.568233000E-5
1.420483333E+9	1.573872000E-5
1.420486667E+9	1.549075000E-5
1.420490000E+9	1.561092000E-5
1.420493333E+9	1.603932000E-5
1.420496667E+9	1.588530000E-5
1.420500000E+9	1.589814000E-5
1.420503333E+9	1.568729000E-5
1.420506667E+9	1.581381000E-5
1.420510000E+9	1.568301000E-5
1.420513333E+9	1.561166000E-5
1.420516667E+9	1.566789000E-5
1.420520000E+9	1.577628000E-5
1.420523333E+9	1.560403000E-5
1.420526667E+9	1.555441000E-5
1.420530000E+9	1.584023000E-5
1.420533333E+9	1.583814000E-5
1.420536667E+9	1.595666000E-5
1.420540000E+9	1.604742000E-5
1.420543333E+9	1.586257000E-5
1.420546667E+9	1.590925000E-5
1.420550000E+9	1.598050000E-5
1.420553333E+9	1.596622000E-5
1.420556667E+9	1.572043000E-5
1.420560000E+9	1.570151000E-5
1.420563333E+9	1.613051000E-5
1.420566667E+9	1.587379000E-5
1.420570000E+9	1.611485000E-5
1.420573333E+9	1.576344000E-5
1.420576667E+9	1.584560000E-5
1.420580000E+9	1.596572000E-5
1.420583333E+9	1.566167000E-5
1.420586667E+9	1.571039000E-5
1.420590000E+9	1.622368000E-5
1.420593333E+9	1.592587000E-5
1.420596667E+9	1.594366000E-5
1.420600000E+9	1.618420000E-5
1.420603333E+9	1.607008000E-5
1.420606667E+9	1.644858000E-5
1.420610000E+9	1.667077000E-5
1.420613333E+9	1.776168000E-5
1.420616667E+9	1.600454000E-5
1.420620000E+9	1.823920000E-5
1.420623333E+9	1.878606000E-5
1.420626667E+9	1.657117000E-5
1.420630000E+9	1.617025000E-5
1.420633333E+9	1.605905000E-5
1.420636667E+9	1.609423000E-5
1.420640000E+9	1.635933000E-5
1.420643333E+9	1.643625000E-5
1.420646667E+9	1.612207000E-5
1.420650000E+9	1.566389000E-5
1.420653333E+9	1.566934000E-5
1.420656667E+9	1.566643000E-5
1.420660000E+9	1.600832000E-5
1.420663333E+9	1.597894000E-5
1.420666667E+9	1.626825000E-5
1.420670000E+9	1.578680000E-5
1.420673333E+9	1.615267000E-5
1.420676667E+9	1.624471000E-5
1.420680000E+9	1.624927000E-5
1.420683333E+9	1.593979000E-5
1.420686667E+9	1.605048000E-5
1.420690000E+9	1.578415000E-5
1.420693333E+9	1.596584000E-5
1.420696667E+9	1.570177000E-5
1.420700000E+9	1.584560000E-5
1.420703333E+9	1.561855000E-5
1.420706667E+9	1.581395000E-5
1.420710000E+9	1.579077000E-5
1.420713333E+9	1.558836000E-5
1.420716667E+9	1.558477000E-5
1.420720000E+9	1.600139000E-5
1.420723333E+9	1.609239000E-5
1.420726667E+9	1.592991000E-5
1.420730000E+9	1.555147000E-5
1.420733333E+9	1.559391000E-5
1.420736667E+9	1.618018000E-5
1.420740000E+9	1.588399000E-5
1.420743333E+9	1.556338000E-5
1.420746667E+9	1.540068000E-5
1.420750000E+9	1.537635000E-5
1.420753333E+9	1.554256000E-5
1.420756667E+9	1.595965000E-5
1.420760000E+9	1.543546000E-5
1.420763333E+9	1.550030000E-5
1.420766667E+9	1.568597000E-5
1.420770000E+9	1.568287000E-5
1.420773333E+9	1.542739000E-5
1.420776667E+9	1.542432000E-5
1.420780000E+9	1.534542000E-5
1.420783333E+9	1.540694000E-5
1.420786667E+9	1.565586000E-5
1.420790000E+9	1.540529000E-5
1.420793333E+9	1.651811000E-5
1.420796667E+9	1.586388000E-5
1.420800000E+9	1.569162000E-5
1.420803333E+9	1.557678000E-5
1.420806667E+9	1.547380000E-5
1.420810000E+9	1.507259000E-5
1.420813333E+9	1.536832000E-5
1.420816667E+9	1.568202000E-5
1.420820000E+9	1.534881000E-5
1.420823333E+9	1.556849000E-5
1.420826667E+9	1.554415000E-5
1.420830000E+9	1.547014000E-5
1.420833333E+9	1.561203000E-5
1.420836667E+9	1.558167000E-5
1.420840000E+9	1.528245000E-5
1.420843333E+9	1.554242000E-5
1.420846667E+9	1.547346000E-5
1.420850000E+9	1.546293000E-5
1.420853333E+9	1.527720000E-5
1.420856667E+9	1.538137000E-5
1.420860000E+9	1.576494000E-5
1.420863333E+9	1.537296000E-5
1.420866667E+9	1.598987000E-5
1.420870000E+9	1.552368000E-5
1.420873333E+9	1.541926000E-5
1.420876667E+9	1.538365000E-5
1.420880000E+9	1.558710000E-5
1.420883333E+9	1.706934000E-5
1.420886667E+9	1.617443000E-5
1.420890000E+9	1.548385000E-5
1.420893333E+9	1.557955000E-5
1.420896667E+9	1.568390000E-5
1.420900000E+9	1.569529000E-5
1.420903333E+9	1.721124000E-5
1.420906667E+9	1.985824000E-5
1.420910000E+9	1.551637000E-5
1.420913333E+9	2.251527000E-5
1.420916667E+9	2.135001000E-5
1.420920000E+9	1.562378000E-5
1.420923333E+9	1.562918000E-5
1.420926667E+9	1.597148000E-5
1.420930000E+9	1.547346000E-5
1.420933333E+9	1.527684000E-5
1.420936667E+9	1.522887000E-5
1.420940000E+9	1.526242000E-5
1.420943333E+9	1.587418000E-5
1.420946667E+9	1.535673000E-5
1.420950000E+9	1.578464000E-5
1.420953333E+9	1.549465000E-5
1.420956667E+9	1.552724000E-5
1.420960000E+9	1.547690000E-5
1.420963333E+9	1.544271000E-5
1.420966667E+9	1.558922000E-5
1.420970000E+9	1.540408000E-5
1.420973333E+9	1.523585000E-5
1.420976667E+9	1.549094000E-5
1.420980000E+9	1.564730000E-5
1.420983333E+9	1.562960000E-5
1.420986667E+9	1.590520000E-5
1.420990000E+9	1.545304000E-5
1.420993333E+9	1.551629000E-5
1.420996667E+9	1.515734000E-5
1.421000000E+9	1.566327000E-5
1.421003333E+9	1.541561000E-5
1.421006667E+9	1.507328000E-5
1.421010000E+9	1.540764000E-5
1.421013333E+9	1.524634000E-5
1.421016667E+9	1.537966000E-5
1.421020000E+9	1.522449000E-5
1.421023333E+9	1.525230000E-5
1.421026667E+9	1.532589000E-5
1.421030000E+9	1.548342000E-5
1.421033333E+9	1.547768000E-5
1.421036667E+9	1.541489000E-5
1.421040000E+9	1.503197000E-5
1.421043333E+9	1.531834000E-5
1.421046667E+9	1.536545000E-5
1.421050000E+9	1.502221000E-5
1.421053333E+9	1.589357000E-5
1.421056667E+9	1.568884000E-5
1.421060000E+9	1.538855000E-5
1.421063333E+9	1.554942000E-5
1.421066667E+9	1.563487000E-5
1.421070000E+9	1.549626000E-5
1.421073333E+9	1.516180000E-5
1.421076667E+9	1.552873000E-5
1.421080000E+9	1.521590000E-5
1.421083333E+9	1.533808000E-5
1.421086667E+9	1.518289000E-5
1.421090000E+9	1.568998000E-5
1.421093333E+9	1.576693000E-5
1.421096667E+9	1.570687000E-5
1.421100000E+9	1.524533000E-5
1.421103333E+9	1.562030000E-5
1.421106667E+9	1.539306000E-5
1.421110000E+9	1.527051000E-5
1.421113333E+9	1.551422000E-5
1.421116667E+9	1.551646000E-5
1.421120000E+9	1.555899000E-5
1.421123333E+9	1.529263000E-5
1.421126667E+9	1.525473000E-5
1.421130000E+9	1.537301000E-5
1.421133333E+9	1.529071000E-5
1.421136667E+9	1.540302000E-5
1.421140000E+9	1.552878000E-5
1.421143333E+9	1.556972000E-5
1.421146667E+9	1.547306000E-5
1.421150000E+9	1.534197000E-5
1.421153333E+9	1.529830000E-5
1.421156667E+9	1.566318000E-5
1.421160000E+9	1.557634000E-5
1.421163333E+9	1.527117000E-5
1.421166667E+9	1.527163000E-5
1.421170000E+9	1.542763000E-5
1.421173333E+9	1.540424000E-5
1.421176667E+9	1.612421000E-5
1.421180000E+9	1.693828000E-5
1.421183333E+9	1.591419000E-5
1.421186667E+9	1.562683000E-5
1.421190000E+9	1.551990000E-5
1.421193333E+9	1.573107000E-5
1.421196667E+9	1.620110000E-5
1.421200000E+9	1.618525000E-5
1.421203333E+9	1.567569000E-5
1.421206667E+9	1.856090000E-5
1.421210000E+9	1.786452000E-5
1.421213333E+9	1.545847000E-5
1.421216667E+9	1.522792000E-5
1.421220000E+9	1.562095000E-5
1.421223333E+9	1.545684000E-5
1.421226667E+9	1.533767000E-5
1.421230000E+9	1.550702000E-5
1.421233333E+9	1.560158000E-5
1.421236667E+9	1.515290000E-5
1.421240000E+9	1.541205000E-5
1.421243333E+9	1.574716000E-5
1.421246667E+9	1.555072000E-5
1.421250000E+9	1.506263000E-5
1.421253333E+9	1.526419000E-5
1.421256667E+9	1.523212000E-5
1.421260000E+9	1.532394000E-5
1.421263333E+9	1.526756000E-5
1.421266667E+9	1.531418000E-5
1.421270000E+9	1.551835000E-5
1.421273333E+9	1.529323000E-5
1.421276667E+9	1.554500000E-5
1.421280000E+9	1.572497000E-5
1.421283333E+9	1.535854000E-5
1.421286667E+9	1.493138000E-5
1.421290000E+9	1.549312000E-5
1.421293333E+9	1.535324000E-5
1.421296667E+9	1.561286000E-5
1.421300000E+9	1.548448000E-5
1.421303333E+9	1.550065000E-5
1.421306667E+9	1.539316000E-5
1.421310000E+9	1.563190000E-5
1.421313333E+9	1.502923000E-5
1.421316667E+9	1.531089000E-5
1.421320000E+9	1.549849000E-5
1.421323333E+9	1.534554000E-5
1.421326667E+9	1.524885000E-5
1.421330000E+9	1.542590000E-5
1.421333333E+9	1.537615000E-5
1.421336667E+9	1.520413000E-5
1.421340000E+9	1.529960000E-5
1.421343333E+9	1.528469000E-5
1.421346667E+9	1.540354000E-5
1.421350000E+9	1.546789000E-5
1.421353333E+9	1.557044000E-5
1.421356667E+9	1.538801000E-5
1.421360000E+9	1.545710000E-5
1.421363333E+9	1.554041000E-5
1.421366667E+9	1.647258000E-5
1.421370000E+9	1.577938000E-5
1.421373333E+9	1.560436000E-5
1.421376667E+9	1.527821000E-5
1.421380000E+9	1.542637000E-5
1.421383333E+9	1.547360000E-5
1.421386667E+9	1.558710000E-5
1.421390000E+9	1.568673000E-5
1.421393333E+9	1.526372000E-5
1.421396667E+9	1.544941000E-5
1.421400000E+9	1.569193000E-5
