Frequency, Hz	Amplitude, Volts
1.419400000E+9	1.614738000E-5
1.419403333E+9	1.634729000E-5
1.419406667E+9	1.633684000E-5
1.419410000E+9	1.629720000E-5
1.419413333E+9	1.653101000E-5
1.419416667E+9	1.647572000E-5
1.419420000E+9	1.600280000E-5
1.419423333E+9	1.636156000E-5
1.419426667E+9	1.584628000E-5
1.419430000E+9	1.617833000E-5
1.419433333E+9	1.641596000E-5
1.419436667E+9	1.637405000E-5
1.419440000E+9	1.639461000E-5
1.419443333E+9	1.623059000E-5
1.419446667E+9	1.692817000E-5
1.419450000E+9	2.108509000E-5
1.419453333E+9	1.791395000E-5
1.419456667E+9	1.681750000E-5
1.419460000E+9	1.617625000E-5
1.419463333E+9	1.623109000E-5
1.419466667E+9	1.625440000E-5
1.419470000E+9	1.617782000E-5
1.419473333E+9	1.602882000E-5
1.419476667E+9	1.630571000E-5
1.419480000E+9	1.619122000E-5
1.419483333E+9	1.631363000E-5
1.419486667E+9	1.606933000E-5
1.419490000E+9	1.627359000E-5
1.419493333E+9	1.627606000E-5
1.419496667E+9	1.604543000E-5
1.419500000E+9	1.607526000E-5
1.419503333E+9	1.607731000E-5
1.419506667E+9	1.619911000E-5
1.419510000E+9	1.580956000E-5
1.419513333E+9	1.605597000E-5
1.419516667E+9	1.608248000E-5
1.419520000E+9	1.625561000E-5
1.419523333E+9	1.618752000E-5
1.419526667E+9	1.587290000E-5
1.419530000E+9	1.599700000E-5
1.419533333E+9	1.575549000E-5
1.419536667E+9	1.636609000E-5
1.419540000E+9	1.631590000E-5
1.419543333E+9	1.610991000E-5
1.419546667E+9	1.590927000E-5
1.419550000E+9	1.594146000E-5
1.419553333E+9	1.645985000E-5
1.419556667E+9	1.615852000E-5
1.419560000E+9	1.610864000E-5
1.419563333E+9	1.604983000E-5
1.419566667E+9	1.649292000E-5
1.419570000E+9	1.625659000E-5
1.419573333E+9	1.630401000E-5
1.419576667E+9	1.607839000E-5
1.419580000E+9	1.589922000E-5
1.419583333E+9	1.621376000E-5
1.419586667E+9	1.637099000E-5
1.419590000E+9	1.609040000E-5
1.419593333E+9	1.599437000E-5
1.419596667E+9	1.634522000E-5
1.419600000E+9	1.627897000E-5
1.419603333E+9	1.627179000E-5
1.419606667E+9	1.636454000E-5
1.419610000E+9	1.581968000E-5
1.419613333E+9	1.616951000E-5
1.419616667E+9	1.625183000E-5
1.419620000E+9	1.588849000E-5
1.419623333E+9	1.608746000E-5
1.419626667E+9	1.614169000E-5
1.419630000E+9	1.610844000E-5
1.419633333E+9	1.624546000E-5
1.419636667E+9	1.603102000E-5
1.419640000E+9	1.627245000E-5
1.419643333E+9	1.603562000E-5
1.419646667E+9	1.601210000E-5
1.419650000E+9	1.581593000E-5
1.419653333E+9	1.596317000E-5
1.419656667E+9	1.616464000E-5
1.419660000E+9	1.604502000E-5
1.419663333E+9	1.610231000E-5
1.419666667E+9	1.626886000E-5
1.419670000E+9	1.612333000E-5
1.419673333E+9	1.602664000E-5
1.419676667E+9	1.621244000E-5
1.419680000E+9	1.607318000E-5
1.419683333E+9	1.609450000E-5
1.419686667E+9	1.590673000E-5
1.419690000E+9	1.614366000E-5
1.419693333E+9	1.594548000E-5
1.419696667E+9	1.612899000E-5
1.419700000E+9	1.614843000E-5
1.419703333E+9	1.601204000E-5
1.419706667E+9	1.611566000E-5
1.419710000E+9	1.622376000E-5
1.419713333E+9	1.621878000E-5
1.419716667E+9	1.592776000E-5
1.419720000E+9	1.610965000E-5
1.419723333E+9	1.664939000E-5
1.419726667E+9	1.638270000E-5
1.419730000E+9	1.654668000E-5
1.419733333E+9	1.755680000E-5
1.419736667E+9	1.613976000E-5
1.419740000E+9	1.764312000E-5
1.419743333E+9	2.061717000E-5
1.419746667E+9	1.734348000E-5
1.419750000E+9	1.720483000E-5
1.419753333E+9	1.648146000E-5
1.419756667E+9	1.585556000E-5
1.419760000E+9	1.599860000E-5
1.419763333E+9	1.610215000E-5
1.419766667E+9	1.611359000E-5
1.419770000E+9	1.607013000E-5
1.419773333E+9	1.609245000E-5
1.419776667E+9	1.645909000E-5
1.419780000E+9	1.637815000E-5
1.419783333E+9	1.629530000E-5
1.419786667E+9	1.630718000E-5
1.419790000E+9	1.639886000E-5
1.419793333E+9	1.578412000E-5
1.419796667E+9	1.614099000E-5
1.419800000E+9	1.655880000E-5
1.419803333E+9	1.617812000E-5
1.419806667E+9	1.646713000E-5
1.419810000E+9	1.607295000E-5
1.419813333E+9	1.628373000E-5
1.419816667E+9	1.620628000E-5
1.419820000E+9	1.670924000E-5
1.419823333E+9	1.636021000E-5
1.419826667E+9	1.637153000E-5
1.419830000E+9	1.614219000E-5
1.419833333E+9	1.633444000E-5
1.419836667E+9	1.642028000E-5
1.419840000E+9	1.602720000E-5
1.419843333E+9	1.610468000E-5
1.419846667E+9	1.598036000E-5
1.419850000E+9	1.625623000E-5
1.419853333E+9	1.607989000E-5
1.419856667E+9	1.641165000E-5
1.419860000E+9	1.653747000E-5
1.419863333E+9	1.658692000E-5
1.419866667E+9	1.643644000E-5
1.419870000E+9	1.683912000E-5
1.419873333E+9	1.658622000E-5
1.419876667E+9	1.642710000E-5
1.419880000E+9	1.671597000E-5
1.419883333E+9	1.661044000E-5
1.419886667E+9	1.646536000E-5
1.419890000E+9	1.644637000E-5
1.419893333E+9	1.635651000E-5
1.419896667E+9	1.660725000E-5
1.419900000E+9	1.682677000E-5
1.419903333E+9	1.635366000E-5
1.419906667E+9	1.682097000E-5
1.419910000E+9	1.668870000E-5
1.419913333E+9	1.630480000E-5
1.419916667E+9	1.623207000E-5
1.419920000E+9	1.643431000E-5
1.419923333E+9	1.663435000E-5
1.419926667E+9	1.640842000E-5
1.419930000E+9	1.608335000E-5
1.419933333E+9	1.595893000E-5
1.419936667E+9	1.667165000E-5
1.419940000E+9	1.622473000E-5
1.419943333E+9	1.673803000E-5
1.419946667E+9	1.655010000E-5
1.419950000E+9	1.653097000E-5
1.419953333E+9	1.650140000E-5
1.419956667E+9	1.644897000E-5
1.419960000E+9	1.653286000E-5
1.419963333E+9	1.654216000E-5
1.419966667E+9	1.672572000E-5
1.419970000E+9	1.622713000E-5
1.419973333E+9	1.659344000E-5
1.419976667E+9	1.678059000E-5
1.419980000E+9	1.605842000E-5
1.419983333E+9	1.628669000E-5
1.419986667E+9	1.658945000E-5
1.419990000E+9	1.649379000E-5
1.419993333E+9	1.669464000E-5
1.419996667E+9	1.671583000E-5
1.420000000E+9	1.680867000E-5
1.420003333E+9	1.649940000E-5
1.420006667E+9	1.635910000E-5
1.420010000E+9	1.657774000E-5
1.420013333E+9	1.642064000E-5
1.420016667E+9	1.633250000E-5
1.420020000E+9	1.647046000E-5
1.420023333E+9	1.650165000E-5
1.420026667E+9	1.661300000E-5
1.420030000E+9	1.613229000E-5
1.420033333E+9	1.773752000E-5
1.420036667E+9	1.968014000E-5
1.420040000E+9	1.713283000E-5
1.420043333E+9	1.675540000E-5
1.420046667E+9	1.645927000E-5
1.420050000E+9	1.670366000E-5
1.420053333E+9	1.660049000E-5
1.420056667E+9	1.658227000E-5
1.420060000E+9	1.683128000E-5
1.420063333E+9	1.661046000E-5
1.420066667E+9	1.643850000E-5
1.420070000E+9	1.622572000E-5
1.420073333E+9	1.639355000E-5
1.420076667E+9	1.651662000E-5
1.420080000E+9	1.671353000E-5
1.420083333E+9	1.655718000E-5
1.420086667E+9	1.650022000E-5
1.420090000E+9	1.701627000E-5
1.420093333E+9	1.671753000E-5
1.420096667E+9	1.667176000E-5
1.420100000E+9	1.660629000E-5
1.420103333E+9	1.676915000E-5
1.420106667E+9	1.636850000E-5
1.420110000E+9	1.629669000E-5
1.420113333E+9	1.664807000E-5
1.420116667E+9	1.658692000E-5
1.420120000E+9	1.667383000E-5
1.420123333E+9	1.669105000E-5
1.420126667E+9	1.670252000E-5
1.420130000E+9	1.679296000E-5
1.420133333E+9	1.685323000E-5
1.420136667E+9	1.653284000E-5
1.420140000E+9	1.657817000E-5
1.420143333E+9	1.665343000E-5
1.420146667E+9	1.670672000E-5
1.420150000E+9	1.700970000E-5
1.420153333E+9	1.675434000E-5
1.420156667E+9	1.693150000E-5
1.420160000E+9	1.735279000E-5
1.420163333E+9	1.682609000E-5
1.420166667E+9	1.669455000E-5
1.420170000E+9	1.679156000E-5
1.420173333E+9	1.679607000E-5
1.420176667E+9	1.668696000E-5
1.420180000E+9	1.666717000E-5
1.420183333E+9	1.680371000E-5
1.420186667E+9	1.681347000E-5
1.420190000E+9	1.679930000E-5
1.420193333E+9	1.679290000E-5
1.420196667E+9	1.699430000E-5
1.420200000E+9	1.662900000E-5
1.420203333E+9	1.688909000E-5
1.420206667E+9	1.696905000E-5
1.420210000E+9	1.687902000E-5
1.420213333E+9	1.684324000E-5
1.420216667E+9	1.703140000E-5
1.420220000E+9	1.713725000E-5
1.420223333E+9	1.709297000E-5
1.420226667E+9	1.765327000E-5
1.420230000E+9	1.701497000E-5
1.420233333E+9	1.745840000E-5
1.420236667E+9	1.732635000E-5
1.420240000E+9	1.736720000E-5
1.420243333E+9	1.705651000E-5
1.420246667E+9	1.753630000E-5
1.420250000E+9	1.732192000E-5
1.420253333E+9	1.775743000E-5
1.420256667E+9	1.774792000E-5
1.420260000E+9	1.753907000E-5
1.420263333E+9	1.809505000E-5
1.420266667E+9	1.790790000E-5
1.420270000E+9	1.755609000E-5
1.420273333E+9	1.782513000E-5
1.420276667E+9	1.709483000E-5
1.420280000E+9	1.761246000E-5
1.420283333E+9	1.751167000E-5
1.420286667E+9	1.799330000E-5
1.420290000E+9	1.784260000E-5
1.420293333E+9	1.758099000E-5
1.420296667E+9	1.760591000E-5
1.420300000E+9	1.756260000E-5
1.420303333E+9	1.723422000E-5
1.420306667E+9	1.797262000E-5
1.420310000E+9	1.817932000E-5
1.420313333E+9	1.820955000E-5
1.420316667E+9	1.766289000E-5
1.420320000E+9	1.788163000E-5
1.420323333E+9	1.744860000E-5
1.420326667E+9	1.910005000E-5
1.420330000E+9	2.028739000E-5
1.420333333E+9	1.838943000E-5
1.420336667E+9	1.824701000E-5
1.420340000E+9	1.766809000E-5
1.420343333E+9	1.765965000E-5
1.420346667E+9	1.781611000E-5
1.420350000E+9	1.736183000E-5
1.420353333E+9	1.727478000E-5
1.420356667E+9	1.697955000E-5
1.420360000E+9	1.721213000E-5
1.420363333E+9	1.691084000E-5
1.420366667E+9	1.678984000E-5
1.420370000E+9	1.637187000E-5
1.420373333E+9	1.669013000E-5
1.420376667E+9	1.629653000E-5
1.420380000E+9	1.625341000E-5
1.420383333E+9	1.628591000E-5
1.420386667E+9	1.646216000E-5
1.420390000E+9	1.588467000E-5
1.420393333E+9	1.629811000E-5
1.420396667E+9	1.640412000E-5
1.420400000E+9	1.639688000E-5
1.420403333E+9	1.622588000E-5
1.420406667E+9	1.649942000E-5
1.420410000E+9	1.653195000E-5
1.420413333E+9	1.623617000E-5
1.420416667E+9	1.640859000E-5
1.420420000E+9	1.620189000E-5
1.420423333E+9	1.646075000E-5
1.420426667E+9	1.637736000E-5
1.420430000E+9	1.636700000E-5
1.420433333E+9	1.621568000E-5
1.420436667E+9	1.627277000E-5
1.420440000E+9	1.629002000E-5
1.420443333E+9	1.626188000E-5
1.420446667E+9	1.642652000E-5
1.420450000E+9	1.649768000E-5
1.420453333E+9	1.657013000E-5
1.420456667E+9	1.685184000E-5
1.420460000E+9	1.652079000E-5
1.420463333E+9	1.617865000E-5
1.420466667E+9	1.656153000E-5
1.420470000E+9	1.642445000E-5
1.420473333E+9	1.640309000E-5
1.420476667E+9	1.652439000E-5
1.420480000E+9	1.642975000E-5
1.420483333E+9	1.657212000E-5
1.420486667E+9	1.650163000E-5
1.420490000E+9	1.653213000E-5
1.420493333E+9	1.671263000E-5
1.420496667E+9	1.687645000E-5
1.420500000E+9	1.648184000E-5
1.420503333E+9	1.626586000E-5
1.420506667E+9	1.635716000E-5
1.420510000E+9	1.643256000E-5
1.420513333E+9	1.658936000E-5
1.420516667E+9	1.635116000E-5
1.420520000E+9	1.644070000E-5
1.420523333E+9	1.653602000E-5
1.420526667E+9	1.670748000E-5
1.420530000E+9	1.624458000E-5
1.420533333E+9	1.638545000E-5
1.420536667E+9	1.614217000E-5
1.420540000E+9	1.619319000E-5
1.420543333E+9	1.651494000E-5
1.420546667E+9	1.643175000E-5
1.420550000E+9	1.632479000E-5
1.420553333E+9	1.677512000E-5
1.420556667E+9	1.680247000E-5
1.420560000E+9	1.644991000E-5
1.420563333E+9	1.642804000E-5
1.420566667E+9	1.651649000E-5
1.420570000E+9	1.644278000E-5
1.420573333E+9	1.628542000E-5
1.420576667E+9	1.634940000E-5
1.420580000E+9	1.662088000E-5
1.420583333E+9	1.620724000E-5
1.420586667E+9	1.644242000E-5
1.420590000E+9	1.628065000E-5
1.420593333E+9	1.615425000E-5
1.420596667E+9	1.609549000E-5
1.420600000E+9	1.620801000E-5
1.420603333E+9	1.668299000E-5
1.420606667E+9	1.685227000E-5
1.420610000E+9	1.618372000E-5
1.420613333E+9	1.658941000E-5
1.420616667E+9	1.602793000E-5
1.420620000E+9	1.903674000E-5
1.420623333E+9	1.924344000E-5
1.420626667E+9	1.661896000E-5
1.420630000E+9	1.610860000E-5
1.420633333E+9	1.595031000E-5
1.420636667E+9	1.601883000E-5
1.420640000E+9	1.611304000E-5
1.420643333E+9	1.689647000E-5
1.420646667E+9	1.634149000E-5
1.420650000E+9	1.563083000E-5
1.420653333E+9	1.564146000E-5
1.420656667E+9	1.603039000E-5
1.420660000E+9	1.617595000E-5
1.420663333E+9	1.597738000E-5
1.420666667E+9	1.614357000E-5
1.420670000E+9	1.614483000E-5
1.420673333E+9	1.601644000E-5
1.420676667E+9	1.594478000E-5
1.420680000E+9	1.621034000E-5
1.420683333E+9	1.616031000E-5
1.420686667E+9	1.585241000E-5
1.420690000E+9	1.600601000E-5
1.420693333E+9	1.582187000E-5
1.420696667E+9	1.597219000E-5
1.420700000E+9	1.603368000E-5
1.420703333E+9	1.583960000E-5
1.420706667E+9	1.611862000E-5
1.420710000E+9	1.618301000E-5
1.420713333E+9	1.614731000E-5
1.420716667E+9	1.613376000E-5
1.420720000E+9	1.626248000E-5
1.420723333E+9	1.622815000E-5
1.420726667E+9	1.584805000E-5
1.420730000E+9	1.610510000E-5
1.420733333E+9	1.596433000E-5
1.420736667E+9	1.588279000E-5
1.420740000E+9	1.607908000E-5
1.420743333E+9	1.602427000E-5
1.420746667E+9	1.612255000E-5
1.420750000E+9	1.642587000E-5
1.420753333E+9	1.608819000E-5
1.420756667E+9	1.680801000E-5
1.420760000E+9	1.618190000E-5
1.420763333E+9	1.614301000E-5
1.420766667E+9	1.599679000E-5
1.420770000E+9	1.613300000E-5
1.420773333E+9	1.612545000E-5
1.420776667E+9	1.600484000E-5
1.420780000E+9	1.589833000E-5
1.420783333E+9	1.597766000E-5
1.420786667E+9	1.628619000E-5
1.420790000E+9	1.626259000E-5
1.420793333E+9	1.672135000E-5
1.420796667E+9	1.602515000E-5
1.420800000E+9	1.580985000E-5
1.420803333E+9	1.606268000E-5
1.420806667E+9	1.576898000E-5
1.420810000E+9	1.580720000E-5
1.420813333E+9	1.594762000E-5
1.420816667E+9	1.588902000E-5
1.420820000E+9	1.602087000E-5
1.420823333E+9	1.644370000E-5
1.420826667E+9	1.616795000E-5
1.420830000E+9	1.625524000E-5
1.420833333E+9	1.603652000E-5
1.420836667E+9	1.575982000E-5
1.420840000E+9	1.623210000E-5
1.420843333E+9	1.600640000E-5
1.420846667E+9	1.604453000E-5
1.420850000E+9	1.594925000E-5
1.420853333E+9	1.578207000E-5
1.420856667E+9	1.587154000E-5
1.420860000E+9	1.598645000E-5
1.420863333E+9	1.556574000E-5
1.420866667E+9	1.617032000E-5
1.420870000E+9	1.637022000E-5
1.420873333E+9	1.587649000E-5
1.420876667E+9	1.600139000E-5
1.420880000E+9	1.611182000E-5
1.420883333E+9	1.659580000E-5
1.420886667E+9	1.641069000E-5
1.420890000E+9	1.575570000E-5
1.420893333E+9	1.619456000E-5
1.420896667E+9	1.642025000E-5
1.420900000E+9	1.637707000E-5
1.420903333E+9	1.653480000E-5
1.420906667E+9	1.664654000E-5
1.420910000E+9	1.600756000E-5
1.420913333E+9	2.444877000E-5
1.420916667E+9	2.266229000E-5
1.420920000E+9	1.799883000E-5
1.420923333E+9	1.581680000E-5
1.420926667E+9	1.576802000E-5
1.420930000E+9	1.600833000E-5
1.420933333E+9	1.587744000E-5
1.420936667E+9	1.622583000E-5
1.420940000E+9	1.639785000E-5
1.420943333E+9	1.694080000E-5
1.420946667E+9	1.592979000E-5
1.420950000E+9	1.617741000E-5
1.420953333E+9	1.600786000E-5
1.420956667E+9	1.584263000E-5
1.420960000E+9	1.603398000E-5
1.420963333E+9	1.594758000E-5
1.420966667E+9	1.594350000E-5
1.420970000E+9	1.619589000E-5
1.420973333E+9	1.622478000E-5
1.420976667E+9	1.566834000E-5
1.420980000E+9	1.636558000E-5
1.420983333E+9	1.593036000E-5
1.420986667E+9	1.605967000E-5
1.420990000E+9	1.639701000E-5
1.420993333E+9	1.612897000E-5
1.420996667E+9	1.571055000E-5
1.421000000E+9	1.596209000E-5
1.421003333E+9	1.604543000E-5
1.421006667E+9	1.628503000E-5
1.421010000E+9	1.585886000E-5
1.421013333E+9	1.571351000E-5
1.421016667E+9	1.603403000E-5
1.421020000E+9	1.560897000E-5
1.421023333E+9	1.584224000E-5
1.421026667E+9	1.598966000E-5
1.421030000E+9	1.603636000E-5
1.421033333E+9	1.594245000E-5
1.421036667E+9	1.628004000E-5
1.421040000E+9	1.640680000E-5
1.421043333E+9	1.609170000E-5
1.421046667E+9	1.609079000E-5
1.421050000E+9	1.603484000E-5
1.421053333E+9	1.645844000E-5
1.421056667E+9	1.604464000E-5
1.421060000E+9	1.603910000E-5
1.421063333E+9	1.604097000E-5
1.421066667E+9	1.630034000E-5
1.421070000E+9	1.632811000E-5
1.421073333E+9	1.645026000E-5
1.421076667E+9	1.621548000E-5
1.421080000E+9	1.588511000E-5
1.421083333E+9	1.602008000E-5
1.421086667E+9	1.599978000E-5
1.421090000E+9	1.640965000E-5
1.421093333E+9	1.678413000E-5
1.421096667E+9	1.613377000E-5
1.421100000E+9	1.599697000E-5
1.421103333E+9	1.607068000E-5
1.421106667E+9	1.587012000E-5
1.421110000E+9	1.576648000E-5
1.421113333E+9	1.595844000E-5
1.421116667E+9	1.579854000E-5
1.421120000E+9	1.612311000E-5
1.421123333E+9	1.572896000E-5
1.421126667E+9	1.637081000E-5
1.421130000E+9	1.619141000E-5
1.421133333E+9	1.611849000E-5
1.421136667E+9	1.602031000E-5
1.421140000E+9	1.607740000E-5
1.421143333E+9	1.601556000E-5
1.421146667E+9	1.603711000E-5
1.421150000E+9	1.615398000E-5
1.421153333E+9	1.609736000E-5
1.421156667E+9	1.611798000E-5
1.421160000E+9	1.597922000E-5
1.421163333E+9	1.641859000E-5
1.421166667E+9	1.614728000E-5
1.421170000E+9	1.562323000E-5
1.421173333E+9	1.564287000E-5
1.421176667E+9	1.611078000E-5
1.421180000E+9	1.619216000E-5
1.421183333E+9	1.604115000E-5
1.421186667E+9	1.612356000E-5
1.421190000E+9	1.608285000E-5
1.421193333E+9	1.589767000E-5
1.421196667E+9	1.601104000E-5
1.421200000E+9	1.604055000E-5
1.421203333E+9	1.640734000E-5
1.421206667E+9	1.917691000E-5
1.421210000E+9	1.825092000E-5
1.421213333E+9	1.643679000E-5
1.421216667E+9	1.605769000E-5
1.421220000E+9	1.649705000E-5
1.421223333E+9	1.596168000E-5
1.421226667E+9	1.599669000E-5
1.421230000E+9	1.655393000E-5
1.421233333E+9	1.639175000E-5
1.421236667E+9	1.590102000E-5
1.421240000E+9	1.588584000E-5
1.421243333E+9	1.590853000E-5
1.421246667E+9	1.579188000E-5
1.421250000E+9	1.591080000E-5
1.421253333E+9	1.586648000E-5
1.421256667E+9	1.588420000E-5
1.421260000E+9	1.631861000E-5
1.421263333E+9	1.610378000E-5
1.421266667E+9	1.601239000E-5
1.421270000E+9	1.611802000E-5
1.421273333E+9	1.627404000E-5
1.421276667E+9	1.593775000E-5
1.421280000E+9	1.613278000E-5
1.421283333E+9	1.601614000E-5
1.421286667E+9	1.621461000E-5
1.421290000E+9	1.616715000E-5
1.421293333E+9	1.590705000E-5
1.421296667E+9	1.639981000E-5
1.421300000E+9	1.669442000E-5
1.421303333E+9	1.627027000E-5
1.421306667E+9	1.620694000E-5
1.421310000E+9	1.611143000E-5
1.421313333E+9	1.602701000E-5
1.421316667E+9	1.614448000E-5
1.421320000E+9	1.628494000E-5
1.421323333E+9	1.615526000E-5
1.421326667E+9	1.574218000E-5
1.421330000E+9	1.586102000E-5
1.421333333E+9	1.645033000E-5
1.421336667E+9	1.612609000E-5
1.421340000E+9	1.614543000E-5
1.421343333E+9	1.641349000E-5
1.421346667E+9	1.611290000E-5
1.421350000E+9	1.581195000E-5
1.421353333E+9	1.628137000E-5
1.421356667E+9	1.621904000E-5
1.421360000E+9	1.652057000E-5
1.421363333E+9	1.663240000E-5
1.421366667E+9	1.922570000E-5
1.421370000E+9	1.650335000E-5
1.421373333E+9	1.587364000E-5
1.421376667E+9	1.609729000E-5
1.421380000E+9	1.590474000E-5
1.421383333E+9	1.633492000E-5
1.421386667E+9	1.629394000E-5
1.421390000E+9	1.666398000E-5
1.421393333E+9	1.624612000E-5
1.421396667E+9	1.605843000E-5
1.421400000E+9	1.670972000E-5
