Frequency, Hz	Amplitude, Volts
1.419400000E+9	2.625283000E-5
1.419403333E+9	2.666373000E-5
1.419406667E+9	2.678109000E-5
1.419410000E+9	2.702692000E-5
1.419413333E+9	2.894262000E-5
1.419416667E+9	2.706154000E-5
1.419420000E+9	2.708392000E-5
1.419423333E+9	2.671317000E-5
1.419426667E+9	2.605807000E-5
1.419430000E+9	2.967975000E-5
1.419433333E+9	2.813815000E-5
1.419436667E+9	2.778268000E-5
1.419440000E+9	2.895047000E-5
1.419443333E+9	2.734225000E-5
1.419446667E+9	3.347353000E-5
1.419450000E+9	5.470909000E-5
1.419453333E+9	2.948724000E-5
1.419456667E+9	2.643824000E-5
1.419460000E+9	2.695523000E-5
1.419463333E+9	2.661562000E-5
1.419466667E+9	2.714391000E-5
1.419470000E+9	2.634144000E-5
1.419473333E+9	2.692382000E-5
1.419476667E+9	2.680948000E-5
1.419480000E+9	2.637501000E-5
1.419483333E+9	2.641776000E-5
1.419486667E+9	2.670399000E-5
1.419490000E+9	2.659861000E-5
1.419493333E+9	2.639821000E-5
1.419496667E+9	2.626228000E-5
1.419500000E+9	2.648171000E-5
1.419503333E+9	2.657485000E-5
1.419506667E+9	2.736790000E-5
1.419510000E+9	2.729573000E-5
1.419513333E+9	2.672021000E-5
1.419516667E+9	2.727958000E-5
1.419520000E+9	2.773377000E-5
1.419523333E+9	2.605257000E-5
1.419526667E+9	2.714001000E-5
1.419530000E+9	2.634254000E-5
1.419533333E+9	2.646005000E-5
1.419536667E+9	2.684138000E-5
1.419540000E+9	2.714355000E-5
1.419543333E+9	2.644614000E-5
1.419546667E+9	2.703947000E-5
1.419550000E+9	2.741870000E-5
1.419553333E+9	2.631123000E-5
1.419556667E+9	2.673987000E-5
1.419560000E+9	2.642553000E-5
1.419563333E+9	2.597055000E-5
1.419566667E+9	2.626159000E-5
1.419570000E+9	2.644719000E-5
1.419573333E+9	2.694523000E-5
1.419576667E+9	2.732926000E-5
1.419580000E+9	2.634957000E-5
1.419583333E+9	2.643377000E-5
1.419586667E+9	2.593823000E-5
1.419590000E+9	2.651510000E-5
1.419593333E+9	2.668303000E-5
1.419596667E+9	2.601870000E-5
1.419600000E+9	2.669528000E-5
1.419603333E+9	2.704817000E-5
1.419606667E+9	2.617992000E-5
1.419610000E+9	2.641628000E-5
1.419613333E+9	2.671897000E-5
1.419616667E+9	2.631825000E-5
1.419620000E+9	2.742123000E-5
1.419623333E+9	2.721434000E-5
1.419626667E+9	2.613772000E-5
1.419630000E+9	2.661027000E-5
1.419633333E+9	2.685014000E-5
1.419636667E+9	2.659312000E-5
1.419640000E+9	2.667706000E-5
1.419643333E+9	2.719253000E-5
1.419646667E+9	2.655951000E-5
1.419650000E+9	2.639274000E-5
1.419653333E+9	2.661860000E-5
1.419656667E+9	2.658860000E-5
1.419660000E+9	2.619237000E-5
1.419663333E+9	2.654211000E-5
1.419666667E+9	2.620496000E-5
1.419670000E+9	2.698478000E-5
1.419673333E+9	2.702950000E-5
1.419676667E+9	2.703846000E-5
1.419680000E+9	2.622108000E-5
1.419683333E+9	2.611543000E-5
1.419686667E+9	2.606742000E-5
1.419690000E+9	2.595496000E-5
1.419693333E+9	2.628158000E-5
1.419696667E+9	2.652533000E-5
1.419700000E+9	2.661404000E-5
1.419703333E+9	2.622180000E-5
1.419706667E+9	2.928603000E-5
1.419710000E+9	2.786612000E-5
1.419713333E+9	2.639903000E-5
1.419716667E+9	2.676184000E-5
1.419720000E+9	2.763616000E-5
1.419723333E+9	3.973289000E-5
1.419726667E+9	2.963459000E-5
1.419730000E+9	2.872566000E-5
1.419733333E+9	3.931547000E-5
1.419736667E+9	2.877222000E-5
1.419740000E+9	3.624009000E-5
1.419743333E+9	5.199481000E-5
1.419746667E+9	2.816751000E-5
1.419750000E+9	2.656485000E-5
1.419753333E+9	2.689413000E-5
1.419756667E+9	2.696719000E-5
1.419760000E+9	2.735426000E-5
1.419763333E+9	2.627717000E-5
1.419766667E+9	2.724833000E-5
1.419770000E+9	2.684209000E-5
1.419773333E+9	2.695920000E-5
1.419776667E+9	2.653846000E-5
1.419780000E+9	2.690417000E-5
1.419783333E+9	2.699747000E-5
1.419786667E+9	2.608225000E-5
1.419790000E+9	2.690467000E-5
1.419793333E+9	2.713905000E-5
1.419796667E+9	2.615142000E-5
1.419800000E+9	2.679315000E-5
1.419803333E+9	2.608512000E-5
1.419806667E+9	2.608956000E-5
1.419810000E+9	2.648575000E-5
1.419813333E+9	2.650553000E-5
1.419816667E+9	2.618935000E-5
1.419820000E+9	2.706288000E-5
1.419823333E+9	2.695425000E-5
1.419826667E+9	2.665794000E-5
1.419830000E+9	2.651513000E-5
1.419833333E+9	2.644733000E-5
1.419836667E+9	2.691288000E-5
1.419840000E+9	2.628724000E-5
1.419843333E+9	2.647871000E-5
1.419846667E+9	2.686718000E-5
1.419850000E+9	2.646546000E-5
1.419853333E+9	2.598550000E-5
1.419856667E+9	2.631603000E-5
1.419860000E+9	2.704755000E-5
1.419863333E+9	2.720116000E-5
1.419866667E+9	3.256589000E-5
1.419870000E+9	5.649970000E-5
1.419873333E+9	2.977526000E-5
1.419876667E+9	2.632007000E-5
1.419880000E+9	2.636716000E-5
1.419883333E+9	2.622442000E-5
1.419886667E+9	2.658702000E-5
1.419890000E+9	2.618932000E-5
1.419893333E+9	2.723936000E-5
1.419896667E+9	2.691203000E-5
1.419900000E+9	2.642098000E-5
1.419903333E+9	2.634563000E-5
1.419906667E+9	2.577058000E-5
1.419910000E+9	2.639103000E-5
1.419913333E+9	2.686821000E-5
1.419916667E+9	2.710725000E-5
1.419920000E+9	2.659178000E-5
1.419923333E+9	2.637203000E-5
1.419926667E+9	2.663248000E-5
1.419930000E+9	2.619018000E-5
1.419933333E+9	2.551575000E-5
1.419936667E+9	2.589757000E-5
1.419940000E+9	2.642968000E-5
1.419943333E+9	2.652014000E-5
1.419946667E+9	2.644989000E-5
1.419950000E+9	2.663693000E-5
1.419953333E+9	2.639010000E-5
1.419956667E+9	2.577449000E-5
1.419960000E+9	2.669077000E-5
1.419963333E+9	2.598047000E-5
1.419966667E+9	2.592636000E-5
1.419970000E+9	2.685989000E-5
1.419973333E+9	2.594553000E-5
1.419976667E+9	2.641683000E-5
1.419980000E+9	2.739219000E-5
1.419983333E+9	2.618509000E-5
1.419986667E+9	2.695958000E-5
1.419990000E+9	2.676572000E-5
1.419993333E+9	2.666136000E-5
1.419996667E+9	2.727446000E-5
1.420000000E+9	3.427880000E-5
1.420003333E+9	3.951506000E-5
1.420006667E+9	2.679865000E-5
1.420010000E+9	2.521644000E-5
1.420013333E+9	2.602316000E-5
1.420016667E+9	2.718486000E-5
1.420020000E+9	2.682550000E-5
1.420023333E+9	2.703496000E-5
1.420026667E+9	2.879200000E-5
1.420030000E+9	2.647171000E-5
1.420033333E+9	3.473526000E-5
1.420036667E+9	4.127552000E-5
1.420040000E+9	2.706870000E-5
1.420043333E+9	2.637970000E-5
1.420046667E+9	2.611523000E-5
1.420050000E+9	2.714212000E-5
1.420053333E+9	2.621901000E-5
1.420056667E+9	2.602387000E-5
1.420060000E+9	2.642582000E-5
1.420063333E+9	2.558729000E-5
1.420066667E+9	2.624193000E-5
1.420070000E+9	2.617724000E-5
1.420073333E+9	2.685677000E-5
1.420076667E+9	2.600613000E-5
1.420080000E+9	2.574329000E-5
1.420083333E+9	2.691129000E-5
1.420086667E+9	2.695183000E-5
1.420090000E+9	2.607753000E-5
1.420093333E+9	2.552110000E-5
1.420096667E+9	2.622140000E-5
1.420100000E+9	2.648778000E-5
1.420103333E+9	2.631077000E-5
1.420106667E+9	2.615891000E-5
1.420110000E+9	2.676830000E-5
1.420113333E+9	2.693934000E-5
1.420116667E+9	2.633074000E-5
1.420120000E+9	2.583359000E-5
1.420123333E+9	2.495100000E-5
1.420126667E+9	2.570762000E-5
1.420130000E+9	2.557294000E-5
1.420133333E+9	2.592884000E-5
1.420136667E+9	2.616877000E-5
1.420140000E+9	2.618759000E-5
1.420143333E+9	2.664474000E-5
1.420146667E+9	2.543687000E-5
1.420150000E+9	2.688397000E-5
1.420153333E+9	2.619720000E-5
1.420156667E+9	2.564920000E-5
1.420160000E+9	2.840052000E-5
1.420163333E+9	3.509738000E-5
1.420166667E+9	2.682167000E-5
1.420170000E+9	2.610984000E-5
1.420173333E+9	2.486961000E-5
1.420176667E+9	2.572766000E-5
1.420180000E+9	2.616739000E-5
1.420183333E+9	2.526627000E-5
1.420186667E+9	2.608016000E-5
1.420190000E+9	2.613738000E-5
1.420193333E+9	2.620997000E-5
1.420196667E+9	2.620275000E-5
1.420200000E+9	2.952556000E-5
1.420203333E+9	2.922022000E-5
1.420206667E+9	2.670337000E-5
1.420210000E+9	2.582837000E-5
1.420213333E+9	2.656972000E-5
1.420216667E+9	2.660203000E-5
1.420220000E+9	2.617980000E-5
1.420223333E+9	2.601356000E-5
1.420226667E+9	2.598261000E-5
1.420230000E+9	2.651778000E-5
1.420233333E+9	2.639874000E-5
1.420236667E+9	2.664819000E-5
1.420240000E+9	2.638549000E-5
1.420243333E+9	2.604800000E-5
1.420246667E+9	2.609423000E-5
1.420250000E+9	2.669751000E-5
1.420253333E+9	2.604193000E-5
1.420256667E+9	2.677342000E-5
1.420260000E+9	2.665691000E-5
1.420263333E+9	2.637785000E-5
1.420266667E+9	2.562837000E-5
1.420270000E+9	2.552735000E-5
1.420273333E+9	2.558923000E-5
1.420276667E+9	2.609709000E-5
1.420280000E+9	2.655878000E-5
1.420283333E+9	2.600039000E-5
1.420286667E+9	2.580535000E-5
1.420290000E+9	2.606081000E-5
1.420293333E+9	2.652369000E-5
1.420296667E+9	3.095374000E-5
1.420300000E+9	2.721156000E-5
1.420303333E+9	2.607993000E-5
1.420306667E+9	3.467455000E-5
1.420310000E+9	4.941492000E-5
1.420313333E+9	2.803617000E-5
1.420316667E+9	2.630933000E-5
1.420320000E+9	2.806564000E-5
1.420323333E+9	2.599109000E-5
1.420326667E+9	3.385252000E-5
1.420330000E+9	3.758550000E-5
1.420333333E+9	2.724690000E-5
1.420336667E+9	2.639207000E-5
1.420340000E+9	2.575191000E-5
1.420343333E+9	2.640436000E-5
1.420346667E+9	2.574654000E-5
1.420350000E+9	2.644669000E-5
1.420353333E+9	2.624363000E-5
1.420356667E+9	2.596260000E-5
1.420360000E+9	2.523904000E-5
1.420363333E+9	2.510321000E-5
1.420366667E+9	2.601744000E-5
1.420370000E+9	2.662032000E-5
1.420373333E+9	2.547634000E-5
1.420376667E+9	2.593533000E-5
1.420380000E+9	2.599494000E-5
1.420383333E+9	2.669150000E-5
1.420386667E+9	2.649596000E-5
1.420390000E+9	2.597868000E-5
1.420393333E+9	2.655581000E-5
1.420396667E+9	2.707786000E-5
1.420400000E+9	2.615414000E-5
1.420403333E+9	2.566619000E-5
1.420406667E+9	2.621000000E-5
1.420410000E+9	2.537581000E-5
1.420413333E+9	2.595290000E-5
1.420416667E+9	2.621757000E-5
1.420420000E+9	2.614065000E-5
1.420423333E+9	2.597756000E-5
1.420426667E+9	2.610962000E-5
1.420430000E+9	2.599063000E-5
1.420433333E+9	2.559282000E-5
1.420436667E+9	2.520841000E-5
1.420440000E+9	2.578417000E-5
1.420443333E+9	2.616989000E-5
1.420446667E+9	2.653640000E-5
1.420450000E+9	2.654021000E-5
1.420453333E+9	2.725862000E-5
1.420456667E+9	2.976006000E-5
1.420460000E+9	2.602467000E-5
1.420463333E+9	2.534919000E-5
1.420466667E+9	2.552290000E-5
1.420470000E+9	2.664100000E-5
1.420473333E+9	2.612510000E-5
1.420476667E+9	2.582236000E-5
1.420480000E+9	2.612321000E-5
1.420483333E+9	2.581158000E-5
1.420486667E+9	2.706647000E-5
1.420490000E+9	2.610062000E-5
1.420493333E+9	2.509679000E-5
1.420496667E+9	2.600947000E-5
1.420500000E+9	2.559845000E-5
1.420503333E+9	2.572747000E-5
1.420506667E+9	2.633962000E-5
1.420510000E+9	2.593183000E-5
1.420513333E+9	2.629939000E-5
1.420516667E+9	2.549433000E-5
1.420520000E+9	2.653677000E-5
1.420523333E+9	2.620473000E-5
1.420526667E+9	2.611458000E-5
1.420530000E+9	2.581785000E-5
1.420533333E+9	2.512116000E-5
1.420536667E+9	2.577814000E-5
1.420540000E+9	2.590240000E-5
1.420543333E+9	2.550200000E-5
1.420546667E+9	2.567602000E-5
1.420550000E+9	2.601787000E-5
1.420553333E+9	2.596861000E-5
1.420556667E+9	2.615972000E-5
1.420560000E+9	2.565066000E-5
1.420563333E+9	2.559232000E-5
1.420566667E+9	2.592016000E-5
1.420570000E+9	2.550023000E-5
1.420573333E+9	2.579079000E-5
1.420576667E+9	2.600373000E-5
1.420580000E+9	2.657249000E-5
1.420583333E+9	2.614990000E-5
1.420586667E+9	2.648729000E-5
1.420590000E+9	3.079134000E-5
1.420593333E+9	2.698828000E-5
1.420596667E+9	2.609978000E-5
1.420600000E+9	4.032232000E-5
1.420603333E+9	5.461540000E-5
1.420606667E+9	2.799356000E-5
1.420610000E+9	2.716445000E-5
1.420613333E+9	2.917473000E-5
1.420616667E+9	2.676322000E-5
1.420620000E+9	3.960345000E-5
1.420623333E+9	3.834012000E-5
1.420626667E+9	2.711326000E-5
1.420630000E+9	2.528689000E-5
1.420633333E+9	2.621751000E-5
1.420636667E+9	2.704710000E-5
1.420640000E+9	2.672343000E-5
1.420643333E+9	2.622606000E-5
1.420646667E+9	2.598473000E-5
1.420650000E+9	2.582638000E-5
1.420653333E+9	2.611194000E-5
1.420656667E+9	2.589672000E-5
1.420660000E+9	2.575285000E-5
1.420663333E+9	2.628507000E-5
1.420666667E+9	2.606808000E-5
1.420670000E+9	2.623678000E-5
1.420673333E+9	2.665876000E-5
1.420676667E+9	2.633279000E-5
1.420680000E+9	2.647150000E-5
1.420683333E+9	2.562313000E-5
1.420686667E+9	2.593604000E-5
1.420690000E+9	2.652987000E-5
1.420693333E+9	2.538283000E-5
1.420696667E+9	2.585379000E-5
1.420700000E+9	2.572334000E-5
1.420703333E+9	2.594376000E-5
1.420706667E+9	2.578116000E-5
1.420710000E+9	2.587475000E-5
1.420713333E+9	2.646023000E-5
1.420716667E+9	2.604416000E-5
1.420720000E+9	2.593308000E-5
1.420723333E+9	2.630785000E-5
1.420726667E+9	2.678206000E-5
1.420730000E+9	2.556179000E-5
1.420733333E+9	2.534106000E-5
1.420736667E+9	2.608784000E-5
1.420740000E+9	2.644060000E-5
1.420743333E+9	2.610732000E-5
1.420746667E+9	2.874740000E-5
1.420750000E+9	3.256732000E-5
1.420753333E+9	2.647330000E-5
1.420756667E+9	2.590738000E-5
1.420760000E+9	2.551404000E-5
1.420763333E+9	2.526821000E-5
1.420766667E+9	2.570273000E-5
1.420770000E+9	2.618253000E-5
1.420773333E+9	2.623079000E-5
1.420776667E+9	2.659908000E-5
1.420780000E+9	2.649671000E-5
1.420783333E+9	2.598704000E-5
1.420786667E+9	2.567650000E-5
1.420790000E+9	2.606488000E-5
1.420793333E+9	2.628796000E-5
1.420796667E+9	2.627783000E-5
1.420800000E+9	2.648391000E-5
1.420803333E+9	2.629962000E-5
1.420806667E+9	2.617724000E-5
1.420810000E+9	2.593678000E-5
1.420813333E+9	2.566013000E-5
1.420816667E+9	2.618210000E-5
1.420820000E+9	2.560339000E-5
1.420823333E+9	2.617020000E-5
1.420826667E+9	2.605932000E-5
1.420830000E+9	2.511697000E-5
1.420833333E+9	2.527801000E-5
1.420836667E+9	2.567848000E-5
1.420840000E+9	2.611185000E-5
1.420843333E+9	2.591281000E-5
1.420846667E+9	2.537776000E-5
1.420850000E+9	2.531356000E-5
1.420853333E+9	2.594592000E-5
1.420856667E+9	2.596607000E-5
1.420860000E+9	2.589313000E-5
1.420863333E+9	2.595379000E-5
1.420866667E+9	2.522608000E-5
1.420870000E+9	2.600288000E-5
1.420873333E+9	2.703980000E-5
1.420876667E+9	2.604030000E-5
1.420880000E+9	2.614579000E-5
1.420883333E+9	4.300238000E-5
1.420886667E+9	3.674118000E-5
1.420890000E+9	2.629847000E-5
1.420893333E+9	2.718916000E-5
1.420896667E+9	2.728893000E-5
1.420900000E+9	2.729525000E-5
1.420903333E+9	3.082141000E-5
1.420906667E+9	3.479633000E-5
1.420910000E+9	2.741837000E-5
1.420913333E+9	5.216298000E-5
1.420916667E+9	4.388883000E-5
1.420920000E+9	2.972188000E-5
1.420923333E+9	2.552276000E-5
1.420926667E+9	2.625874000E-5
1.420930000E+9	2.688689000E-5
1.420933333E+9	2.566038000E-5
1.420936667E+9	2.605189000E-5
1.420940000E+9	2.595538000E-5
1.420943333E+9	2.652046000E-5
1.420946667E+9	2.617405000E-5
1.420950000E+9	2.616270000E-5
1.420953333E+9	2.579376000E-5
1.420956667E+9	2.585163000E-5
1.420960000E+9	2.539058000E-5
1.420963333E+9	2.586509000E-5
1.420966667E+9	2.646589000E-5
1.420970000E+9	2.597933000E-5
1.420973333E+9	2.573928000E-5
1.420976667E+9	2.647359000E-5
1.420980000E+9	2.677645000E-5
1.420983333E+9	2.746932000E-5
1.420986667E+9	2.604782000E-5
1.420990000E+9	2.558931000E-5
1.420993333E+9	2.591162000E-5
1.420996667E+9	2.635752000E-5
1.421000000E+9	2.611414000E-5
1.421003333E+9	2.627330000E-5
1.421006667E+9	2.681134000E-5
1.421010000E+9	2.670185000E-5
1.421013333E+9	2.661267000E-5
1.421016667E+9	2.574586000E-5
1.421020000E+9	2.524933000E-5
1.421023333E+9	2.525032000E-5
1.421026667E+9	2.575553000E-5
1.421030000E+9	2.581567000E-5
1.421033333E+9	2.633976000E-5
1.421036667E+9	2.555057000E-5
1.421040000E+9	3.502958000E-5
1.421043333E+9	3.643439000E-5
1.421046667E+9	2.591449000E-5
1.421050000E+9	2.599825000E-5
1.421053333E+9	2.566810000E-5
1.421056667E+9	2.528378000E-5
1.421060000E+9	2.532092000E-5
1.421063333E+9	2.568234000E-5
1.421066667E+9	2.560395000E-5
1.421070000E+9	2.596778000E-5
1.421073333E+9	2.585166000E-5
1.421076667E+9	2.560202000E-5
1.421080000E+9	2.563473000E-5
1.421083333E+9	2.637032000E-5
1.421086667E+9	2.561712000E-5
1.421090000E+9	2.612444000E-5
1.421093333E+9	2.592377000E-5
1.421096667E+9	2.698218000E-5
1.421100000E+9	2.579337000E-5
1.421103333E+9	2.623594000E-5
1.421106667E+9	2.616253000E-5
1.421110000E+9	2.640103000E-5
1.421113333E+9	2.660428000E-5
1.421116667E+9	2.635738000E-5
1.421120000E+9	2.590789000E-5
1.421123333E+9	2.574550000E-5
1.421126667E+9	2.607773000E-5
1.421130000E+9	2.579122000E-5
1.421133333E+9	2.672555000E-5
1.421136667E+9	2.682185000E-5
1.421140000E+9	2.601024000E-5
1.421143333E+9	2.609927000E-5
1.421146667E+9	2.642742000E-5
1.421150000E+9	2.565725000E-5
1.421153333E+9	2.510668000E-5
1.421156667E+9	2.539632000E-5
1.421160000E+9	2.563070000E-5
1.421163333E+9	2.593843000E-5
1.421166667E+9	2.637093000E-5
1.421170000E+9	2.562029000E-5
1.421173333E+9	2.609872000E-5
1.421176667E+9	3.405013000E-5
1.421180000E+9	3.994289000E-5
1.421183333E+9	2.644234000E-5
1.421186667E+9	2.768919000E-5
1.421190000E+9	2.822668000E-5
1.421193333E+9	2.561712000E-5
1.421196667E+9	2.778561000E-5
1.421200000E+9	2.791119000E-5
1.421203333E+9	2.646546000E-5
1.421206667E+9	3.537034000E-5
1.421210000E+9	3.176772000E-5
1.421213333E+9	2.913692000E-5
1.421216667E+9	2.618351000E-5
1.421220000E+9	2.543740000E-5
1.421223333E+9	2.554813000E-5
1.421226667E+9	2.561441000E-5
1.421230000E+9	2.603956000E-5
1.421233333E+9	2.622782000E-5
1.421236667E+9	2.597320000E-5
1.421240000E+9	2.624781000E-5
1.421243333E+9	2.573275000E-5
1.421246667E+9	2.657955000E-5
1.421250000E+9	2.553803000E-5
1.421253333E+9	2.529605000E-5
1.421256667E+9	2.604056000E-5
1.421260000E+9	2.649959000E-5
1.421263333E+9	2.661378000E-5
1.421266667E+9	2.645195000E-5
1.421270000E+9	2.629595000E-5
1.421273333E+9	2.661755000E-5
1.421276667E+9	2.677318000E-5
1.421280000E+9	2.903693000E-5
1.421283333E+9	2.637666000E-5
1.421286667E+9	2.602007000E-5
1.421290000E+9	2.588691000E-5
1.421293333E+9	2.618955000E-5
1.421296667E+9	2.638804000E-5
1.421300000E+9	2.727371000E-5
1.421303333E+9	2.587580000E-5
1.421306667E+9	2.619613000E-5
1.421310000E+9	2.573416000E-5
1.421313333E+9	2.587131000E-5
1.421316667E+9	2.602696000E-5
1.421320000E+9	2.695872000E-5
1.421323333E+9	2.602581000E-5
1.421326667E+9	2.627492000E-5
1.421330000E+9	2.597614000E-5
1.421333333E+9	3.142797000E-5
1.421336667E+9	3.094490000E-5
1.421340000E+9	2.651921000E-5
1.421343333E+9	2.705004000E-5
1.421346667E+9	2.869168000E-5
1.421350000E+9	2.794725000E-5
1.421353333E+9	2.740895000E-5
1.421356667E+9	2.849056000E-5
1.421360000E+9	2.728354000E-5
1.421363333E+9	2.794139000E-5
1.421366667E+9	2.994604000E-5
1.421370000E+9	2.669830000E-5
1.421373333E+9	2.615816000E-5
1.421376667E+9	2.646095000E-5
1.421380000E+9	2.599497000E-5
1.421383333E+9	2.681937000E-5
1.421386667E+9	2.681522000E-5
1.421390000E+9	2.667990000E-5
1.421393333E+9	2.565286000E-5
1.421396667E+9	2.588745000E-5
1.421400000E+9	2.691542000E-5
