Frequency, Hz	Amplitude, Volts
1.419400000E+9	1.755046000E-5
1.419403333E+9	1.679792000E-5
1.419406667E+9	1.667138000E-5
1.419410000E+9	1.662717000E-5
1.419413333E+9	1.751352000E-5
1.419416667E+9	1.703407000E-5
1.419420000E+9	1.635910000E-5
1.419423333E+9	1.668768000E-5
1.419426667E+9	1.686435000E-5
1.419430000E+9	1.667112000E-5
1.419433333E+9	1.693077000E-5
1.419436667E+9	1.639562000E-5
1.419440000E+9	1.753239000E-5
1.419443333E+9	1.682221000E-5
1.419446667E+9	1.867142000E-5
1.419450000E+9	2.415492000E-5
1.419453333E+9	1.815074000E-5
1.419456667E+9	1.698029000E-5
1.419460000E+9	1.660550000E-5
1.419463333E+9	1.634642000E-5
1.419466667E+9	1.696833000E-5
1.419470000E+9	1.710751000E-5
1.419473333E+9	1.671744000E-5
1.419476667E+9	1.677182000E-5
1.419480000E+9	1.657266000E-5
1.419483333E+9	1.644157000E-5
1.419486667E+9	1.691661000E-5
1.419490000E+9	1.668055000E-5
1.419493333E+9	1.709635000E-5
1.419496667E+9	1.636503000E-5
1.419500000E+9	1.657108000E-5
1.419503333E+9	1.678711000E-5
1.419506667E+9	1.651408000E-5
1.419510000E+9	1.659735000E-5
1.419513333E+9	1.646335000E-5
1.419516667E+9	1.688184000E-5
1.419520000E+9	1.683272000E-5
1.419523333E+9	1.631924000E-5
1.419526667E+9	1.637186000E-5
1.419530000E+9	1.649535000E-5
1.419533333E+9	1.685872000E-5
1.419536667E+9	1.662197000E-5
1.419540000E+9	1.707693000E-5
1.419543333E+9	1.652685000E-5
1.419546667E+9	1.670696000E-5
1.419550000E+9	1.659996000E-5
1.419553333E+9	1.672245000E-5
1.419556667E+9	1.696978000E-5
1.419560000E+9	1.638614000E-5
1.419563333E+9	1.679488000E-5
1.419566667E+9	1.663981000E-5
1.419570000E+9	1.658411000E-5
1.419573333E+9	1.629360000E-5
1.419576667E+9	1.644912000E-5
1.419580000E+9	1.647109000E-5
1.419583333E+9	1.648240000E-5
1.419586667E+9	1.751854000E-5
1.419590000E+9	1.650185000E-5
1.419593333E+9	1.659304000E-5
1.419596667E+9	1.628487000E-5
1.419600000E+9	1.649553000E-5
1.419603333E+9	1.673546000E-5
1.419606667E+9	1.684552000E-5
1.419610000E+9	1.682610000E-5
1.419613333E+9	1.681392000E-5
1.419616667E+9	1.679856000E-5
1.419620000E+9	1.650955000E-5
1.419623333E+9	1.646607000E-5
1.419626667E+9	1.642999000E-5
1.419630000E+9	1.659362000E-5
1.419633333E+9	1.721631000E-5
1.419636667E+9	1.702214000E-5
1.419640000E+9	1.656675000E-5
1.419643333E+9	1.675294000E-5
1.419646667E+9	1.658482000E-5
1.419650000E+9	1.663536000E-5
1.419653333E+9	1.719583000E-5
1.419656667E+9	1.656653000E-5
1.419660000E+9	1.677926000E-5
1.419663333E+9	1.689247000E-5
1.419666667E+9	1.644639000E-5
1.419670000E+9	1.673103000E-5
1.419673333E+9	1.661190000E-5
1.419676667E+9	1.669910000E-5
1.419680000E+9	1.746093000E-5
1.419683333E+9	1.651551000E-5
1.419686667E+9	1.636963000E-5
1.419690000E+9	1.656573000E-5
1.419693333E+9	1.627025000E-5
1.419696667E+9	1.661743000E-5
1.419700000E+9	1.671759000E-5
1.419703333E+9	1.640043000E-5
1.419706667E+9	1.685417000E-5
1.419710000E+9	1.654568000E-5
1.419713333E+9	1.651220000E-5
1.419716667E+9	1.662011000E-5
1.419720000E+9	1.653259000E-5
1.419723333E+9	1.670916000E-5
1.419726667E+9	1.712592000E-5
1.419730000E+9	1.665597000E-5
1.419733333E+9	1.757263000E-5
1.419736667E+9	1.681434000E-5
1.419740000E+9	1.881686000E-5
1.419743333E+9	2.427688000E-5
1.419746667E+9	1.785910000E-5
1.419750000E+9	1.719054000E-5
1.419753333E+9	1.616294000E-5
1.419756667E+9	1.674970000E-5
1.419760000E+9	1.706147000E-5
1.419763333E+9	1.635563000E-5
1.419766667E+9	1.646281000E-5
1.419770000E+9	1.651773000E-5
1.419773333E+9	1.688763000E-5
1.419776667E+9	1.680733000E-5
1.419780000E+9	1.653208000E-5
1.419783333E+9	1.675031000E-5
1.419786667E+9	1.648848000E-5
1.419790000E+9	1.691862000E-5
1.419793333E+9	1.650625000E-5
1.419796667E+9	1.662612000E-5
1.419800000E+9	1.667427000E-5
1.419803333E+9	1.629394000E-5
1.419806667E+9	1.640190000E-5
1.419810000E+9	1.649611000E-5
1.419813333E+9	1.643182000E-5
1.419816667E+9	1.640304000E-5
1.419820000E+9	1.738972000E-5
1.419823333E+9	1.651180000E-5
1.419826667E+9	1.644433000E-5
1.419830000E+9	1.659704000E-5
1.419833333E+9	1.669911000E-5
1.419836667E+9	1.673353000E-5
1.419840000E+9	1.681857000E-5
1.419843333E+9	1.654830000E-5
1.419846667E+9	1.655520000E-5
1.419850000E+9	1.659841000E-5
1.419853333E+9	1.646220000E-5
1.419856667E+9	1.684061000E-5
1.419860000E+9	1.677818000E-5
1.419863333E+9	1.676545000E-5
1.419866667E+9	1.730014000E-5
1.419870000E+9	1.746334000E-5
1.419873333E+9	1.651814000E-5
1.419876667E+9	1.651644000E-5
1.419880000E+9	1.665043000E-5
1.419883333E+9	1.656748000E-5
1.419886667E+9	1.661637000E-5
1.419890000E+9	1.689126000E-5
1.419893333E+9	1.700373000E-5
1.419896667E+9	1.627097000E-5
1.419900000E+9	1.639508000E-5
1.419903333E+9	1.661442000E-5
1.419906667E+9	1.654508000E-5
1.419910000E+9	1.651071000E-5
1.419913333E+9	1.709104000E-5
1.419916667E+9	1.626209000E-5
1.419920000E+9	1.672010000E-5
1.419923333E+9	1.663967000E-5
1.419926667E+9	1.620434000E-5
1.419930000E+9	1.623152000E-5
1.419933333E+9	1.659180000E-5
1.419936667E+9	1.677359000E-5
1.419940000E+9	1.665773000E-5
1.419943333E+9	1.672332000E-5
1.419946667E+9	1.657437000E-5
1.419950000E+9	1.603866000E-5
1.419953333E+9	1.659887000E-5
1.419956667E+9	1.646961000E-5
1.419960000E+9	1.714131000E-5
1.419963333E+9	1.657703000E-5
1.419966667E+9	1.639294000E-5
1.419970000E+9	1.646388000E-5
1.419973333E+9	1.626582000E-5
1.419976667E+9	1.628462000E-5
1.419980000E+9	1.660842000E-5
1.419983333E+9	1.663112000E-5
1.419986667E+9	1.628276000E-5
1.419990000E+9	1.641329000E-5
1.419993333E+9	1.642650000E-5
1.419996667E+9	1.627704000E-5
1.420000000E+9	1.742291000E-5
1.420003333E+9	1.807495000E-5
1.420006667E+9	1.693274000E-5
1.420010000E+9	1.642079000E-5
1.420013333E+9	1.657687000E-5
1.420016667E+9	1.644865000E-5
1.420020000E+9	1.695646000E-5
1.420023333E+9	1.656027000E-5
1.420026667E+9	1.704633000E-5
1.420030000E+9	1.674919000E-5
1.420033333E+9	1.904372000E-5
1.420036667E+9	2.159122000E-5
1.420040000E+9	1.720701000E-5
1.420043333E+9	1.647610000E-5
1.420046667E+9	1.657992000E-5
1.420050000E+9	1.651285000E-5
1.420053333E+9	1.677689000E-5
1.420056667E+9	1.637720000E-5
1.420060000E+9	1.639701000E-5
1.420063333E+9	1.638939000E-5
1.420066667E+9	1.643621000E-5
1.420070000E+9	1.627499000E-5
1.420073333E+9	1.658648000E-5
1.420076667E+9	1.666977000E-5
1.420080000E+9	1.655627000E-5
1.420083333E+9	1.654675000E-5
1.420086667E+9	1.615542000E-5
1.420090000E+9	1.636808000E-5
1.420093333E+9	1.667672000E-5
1.420096667E+9	1.654730000E-5
1.420100000E+9	1.682260000E-5
1.420103333E+9	1.633844000E-5
1.420106667E+9	1.653464000E-5
1.420110000E+9	1.628428000E-5
1.420113333E+9	1.625347000E-5
1.420116667E+9	1.638928000E-5
1.420120000E+9	1.662099000E-5
1.420123333E+9	1.643419000E-5
1.420126667E+9	1.652849000E-5
1.420130000E+9	1.630724000E-5
1.420133333E+9	1.655140000E-5
1.420136667E+9	1.616637000E-5
1.420140000E+9	1.620778000E-5
1.420143333E+9	1.686228000E-5
1.420146667E+9	1.708234000E-5
1.420150000E+9	1.654465000E-5
1.420153333E+9	1.657854000E-5
1.420156667E+9	1.649495000E-5
1.420160000E+9	1.630690000E-5
1.420163333E+9	1.658604000E-5
1.420166667E+9	1.657344000E-5
1.420170000E+9	1.671818000E-5
1.420173333E+9	1.616967000E-5
1.420176667E+9	1.610825000E-5
1.420180000E+9	1.646128000E-5
1.420183333E+9	1.622102000E-5
1.420186667E+9	1.636222000E-5
1.420190000E+9	1.661863000E-5
1.420193333E+9	1.699320000E-5
1.420196667E+9	1.673480000E-5
1.420200000E+9	1.643574000E-5
1.420203333E+9	1.675570000E-5
1.420206667E+9	1.623626000E-5
1.420210000E+9	1.640958000E-5
1.420213333E+9	1.641136000E-5
1.420216667E+9	1.624911000E-5
1.420220000E+9	1.613298000E-5
1.420223333E+9	1.632316000E-5
1.420226667E+9	1.627997000E-5
1.420230000E+9	1.657927000E-5
1.420233333E+9	1.608467000E-5
1.420236667E+9	1.652099000E-5
1.420240000E+9	1.679159000E-5
1.420243333E+9	1.630335000E-5
1.420246667E+9	1.616697000E-5
1.420250000E+9	1.632752000E-5
1.420253333E+9	1.630156000E-5
1.420256667E+9	1.645226000E-5
1.420260000E+9	1.619721000E-5
1.420263333E+9	1.633126000E-5
1.420266667E+9	1.680508000E-5
1.420270000E+9	1.637299000E-5
1.420273333E+9	1.647768000E-5
1.420276667E+9	1.643078000E-5
1.420280000E+9	1.634438000E-5
1.420283333E+9	1.636553000E-5
1.420286667E+9	1.672590000E-5
1.420290000E+9	1.676532000E-5
1.420293333E+9	1.662004000E-5
1.420296667E+9	1.745184000E-5
1.420300000E+9	1.634502000E-5
1.420303333E+9	1.653268000E-5
1.420306667E+9	1.695950000E-5
1.420310000E+9	1.711656000E-5
1.420313333E+9	1.646858000E-5
1.420316667E+9	1.653578000E-5
1.420320000E+9	1.693970000E-5
1.420323333E+9	1.677053000E-5
1.420326667E+9	1.875298000E-5
1.420330000E+9	2.110418000E-5
1.420333333E+9	1.772988000E-5
1.420336667E+9	1.648146000E-5
1.420340000E+9	1.648700000E-5
1.420343333E+9	1.652192000E-5
1.420346667E+9	1.643092000E-5
1.420350000E+9	1.629093000E-5
1.420353333E+9	1.689920000E-5
1.420356667E+9	1.657099000E-5
1.420360000E+9	1.633907000E-5
1.420363333E+9	1.646787000E-5
1.420366667E+9	1.615127000E-5
1.420370000E+9	1.668550000E-5
1.420373333E+9	1.662865000E-5
1.420376667E+9	1.666731000E-5
1.420380000E+9	1.696697000E-5
1.420383333E+9	1.660658000E-5
1.420386667E+9	1.678345000E-5
1.420390000E+9	1.666461000E-5
1.420393333E+9	1.703841000E-5
1.420396667E+9	1.707054000E-5
1.420400000E+9	1.717930000E-5
1.420403333E+9	1.700148000E-5
1.420406667E+9	1.676232000E-5
1.420410000E+9	1.683782000E-5
1.420413333E+9	1.706507000E-5
1.420416667E+9	1.724680000E-5
1.420420000E+9	1.725878000E-5
1.420423333E+9	1.742098000E-5
1.420426667E+9	1.811546000E-5
1.420430000E+9	1.790434000E-5
1.420433333E+9	1.789225000E-5
1.420436667E+9	1.797067000E-5
1.420440000E+9	1.831779000E-5
1.420443333E+9	1.843198000E-5
1.420446667E+9	1.898328000E-5
1.420450000E+9	1.894412000E-5
1.420453333E+9	1.879315000E-5
1.420456667E+9	1.898014000E-5
1.420460000E+9	1.892572000E-5
1.420463333E+9	1.884140000E-5
1.420466667E+9	1.934899000E-5
1.420470000E+9	1.915143000E-5
1.420473333E+9	1.931477000E-5
1.420476667E+9	1.925656000E-5
1.420480000E+9	1.927721000E-5
1.420483333E+9	1.924109000E-5
1.420486667E+9	1.903851000E-5
1.420490000E+9	1.942826000E-5
1.420493333E+9	1.907142000E-5
1.420496667E+9	1.936716000E-5
1.420500000E+9	1.912657000E-5
1.420503333E+9	1.877094000E-5
1.420506667E+9	1.914264000E-5
1.420510000E+9	1.903364000E-5
1.420513333E+9	1.871107000E-5
1.420516667E+9	1.853508000E-5
1.420520000E+9	1.853943000E-5
1.420523333E+9	1.841048000E-5
1.420526667E+9	1.840838000E-5
1.420530000E+9	1.829860000E-5
1.420533333E+9	1.843253000E-5
1.420536667E+9	1.794287000E-5
1.420540000E+9	1.806218000E-5
1.420543333E+9	1.822087000E-5
1.420546667E+9	1.794916000E-5
1.420550000E+9	1.783173000E-5
1.420553333E+9	1.772975000E-5
1.420556667E+9	1.726386000E-5
1.420560000E+9	1.723605000E-5
1.420563333E+9	1.756326000E-5
1.420566667E+9	1.761291000E-5
1.420570000E+9	1.713937000E-5
1.420573333E+9	1.728662000E-5
1.420576667E+9	1.730091000E-5
1.420580000E+9	1.716436000E-5
1.420583333E+9	1.667367000E-5
1.420586667E+9	1.651046000E-5
1.420590000E+9	1.703437000E-5
1.420593333E+9	1.685169000E-5
1.420596667E+9	1.695257000E-5
1.420600000E+9	1.711258000E-5
1.420603333E+9	1.744832000E-5
1.420606667E+9	1.705194000E-5
1.420610000E+9	1.749549000E-5
1.420613333E+9	1.777602000E-5
1.420616667E+9	1.681868000E-5
1.420620000E+9	2.145270000E-5
1.420623333E+9	2.217688000E-5
1.420626667E+9	1.740662000E-5
1.420630000E+9	1.680712000E-5
1.420633333E+9	1.690924000E-5
1.420636667E+9	1.664080000E-5
1.420640000E+9	1.663477000E-5
1.420643333E+9	1.667685000E-5
1.420646667E+9	1.662687000E-5
1.420650000E+9	1.685393000E-5
1.420653333E+9	1.659043000E-5
1.420656667E+9	1.674332000E-5
1.420660000E+9	1.691479000E-5
1.420663333E+9	1.627990000E-5
1.420666667E+9	1.622549000E-5
1.420670000E+9	1.656733000E-5
1.420673333E+9	1.692540000E-5
1.420676667E+9	1.642310000E-5
1.420680000E+9	1.643782000E-5
1.420683333E+9	1.636418000E-5
1.420686667E+9	1.617301000E-5
1.420690000E+9	1.650277000E-5
1.420693333E+9	1.651031000E-5
1.420696667E+9	1.649618000E-5
1.420700000E+9	1.640965000E-5
1.420703333E+9	1.646019000E-5
1.420706667E+9	1.703231000E-5
1.420710000E+9	1.639126000E-5
1.420713333E+9	1.646556000E-5
1.420716667E+9	1.643457000E-5
1.420720000E+9	1.649915000E-5
1.420723333E+9	1.660390000E-5
1.420726667E+9	1.644208000E-5
1.420730000E+9	1.645941000E-5
1.420733333E+9	1.661991000E-5
1.420736667E+9	1.641397000E-5
1.420740000E+9	1.629560000E-5
1.420743333E+9	1.631239000E-5
1.420746667E+9	1.631272000E-5
1.420750000E+9	1.659682000E-5
1.420753333E+9	1.715545000E-5
1.420756667E+9	1.686176000E-5
1.420760000E+9	1.625641000E-5
1.420763333E+9	1.637822000E-5
1.420766667E+9	1.638680000E-5
1.420770000E+9	1.627248000E-5
1.420773333E+9	1.673167000E-5
1.420776667E+9	1.628982000E-5
1.420780000E+9	1.653484000E-5
1.420783333E+9	1.608356000E-5
1.420786667E+9	1.651504000E-5
1.420790000E+9	1.652264000E-5
1.420793333E+9	1.674233000E-5
1.420796667E+9	1.668478000E-5
1.420800000E+9	1.696211000E-5
1.420803333E+9	1.675776000E-5
1.420806667E+9	1.663190000E-5
1.420810000E+9	1.609584000E-5
1.420813333E+9	1.653832000E-5
1.420816667E+9	1.647193000E-5
1.420820000E+9	1.648600000E-5
1.420823333E+9	1.656137000E-5
1.420826667E+9	1.657940000E-5
1.420830000E+9	1.631273000E-5
1.420833333E+9	1.663019000E-5
1.420836667E+9	1.631829000E-5
1.420840000E+9	1.626091000E-5
1.420843333E+9	1.669534000E-5
1.420846667E+9	1.703501000E-5
1.420850000E+9	1.670933000E-5
1.420853333E+9	1.664427000E-5
1.420856667E+9	1.668715000E-5
1.420860000E+9	1.667735000E-5
1.420863333E+9	1.632818000E-5
1.420866667E+9	1.639267000E-5
1.420870000E+9	1.660299000E-5
1.420873333E+9	1.647960000E-5
1.420876667E+9	1.621093000E-5
1.420880000E+9	1.657596000E-5
1.420883333E+9	1.821635000E-5
1.420886667E+9	1.769820000E-5
1.420890000E+9	1.664828000E-5
1.420893333E+9	1.646408000E-5
1.420896667E+9	1.642692000E-5
1.420900000E+9	1.644433000E-5
1.420903333E+9	1.734571000E-5
1.420906667E+9	1.860973000E-5
1.420910000E+9	1.640931000E-5
1.420913333E+9	2.889474000E-5
1.420916667E+9	2.648659000E-5
1.420920000E+9	1.799582000E-5
1.420923333E+9	1.697710000E-5
1.420926667E+9	1.681298000E-5
1.420930000E+9	1.656187000E-5
1.420933333E+9	1.649540000E-5
1.420936667E+9	1.665169000E-5
1.420940000E+9	1.717675000E-5
1.420943333E+9	1.665120000E-5
1.420946667E+9	1.671126000E-5
1.420950000E+9	1.670557000E-5
1.420953333E+9	1.648112000E-5
1.420956667E+9	1.620806000E-5
1.420960000E+9	1.640763000E-5
1.420963333E+9	1.648530000E-5
1.420966667E+9	1.636537000E-5
1.420970000E+9	1.664014000E-5
1.420973333E+9	1.642360000E-5
1.420976667E+9	1.677950000E-5
1.420980000E+9	1.667312000E-5
1.420983333E+9	1.639031000E-5
1.420986667E+9	1.727554000E-5
1.420990000E+9	1.724688000E-5
1.420993333E+9	1.639413000E-5
1.420996667E+9	1.647142000E-5
1.421000000E+9	1.645327000E-5
1.421003333E+9	1.657548000E-5
1.421006667E+9	1.650810000E-5
1.421010000E+9	1.650667000E-5
1.421013333E+9	1.663169000E-5
1.421016667E+9	1.662378000E-5
1.421020000E+9	1.621215000E-5
1.421023333E+9	1.606558000E-5
1.421026667E+9	1.663086000E-5
1.421030000E+9	1.658619000E-5
1.421033333E+9	1.666847000E-5
1.421036667E+9	1.653722000E-5
1.421040000E+9	1.655808000E-5
1.421043333E+9	1.663614000E-5
1.421046667E+9	1.633708000E-5
1.421050000E+9	1.642412000E-5
1.421053333E+9	1.648294000E-5
1.421056667E+9	1.612106000E-5
1.421060000E+9	1.664391000E-5
1.421063333E+9	1.698264000E-5
1.421066667E+9	1.643475000E-5
1.421070000E+9	1.653535000E-5
1.421073333E+9	1.675244000E-5
1.421076667E+9	1.663976000E-5
1.421080000E+9	1.679336000E-5
1.421083333E+9	1.670843000E-5
1.421086667E+9	1.648027000E-5
1.421090000E+9	1.660054000E-5
1.421093333E+9	1.664539000E-5
1.421096667E+9	1.682005000E-5
1.421100000E+9	1.681717000E-5
1.421103333E+9	1.667119000E-5
1.421106667E+9	1.683921000E-5
1.421110000E+9	1.693841000E-5
1.421113333E+9	1.656818000E-5
1.421116667E+9	1.676910000E-5
1.421120000E+9	1.670115000E-5
1.421123333E+9	1.674281000E-5
1.421126667E+9	1.713537000E-5
1.421130000E+9	1.669794000E-5
1.421133333E+9	1.669266000E-5
1.421136667E+9	1.704367000E-5
1.421140000E+9	1.704606000E-5
1.421143333E+9	1.699779000E-5
1.421146667E+9	1.698066000E-5
1.421150000E+9	1.659657000E-5
1.421153333E+9	1.700007000E-5
1.421156667E+9	1.693330000E-5
1.421160000E+9	1.674626000E-5
1.421163333E+9	1.668381000E-5
1.421166667E+9	1.641596000E-5
1.421170000E+9	1.653945000E-5
1.421173333E+9	1.685608000E-5
1.421176667E+9	1.807351000E-5
1.421180000E+9	1.970297000E-5
1.421183333E+9	1.675735000E-5
1.421186667E+9	1.700244000E-5
1.421190000E+9	1.663181000E-5
1.421193333E+9	1.654414000E-5
1.421196667E+9	1.743166000E-5
1.421200000E+9	1.706295000E-5
1.421203333E+9	1.723276000E-5
1.421206667E+9	2.210801000E-5
1.421210000E+9	1.988979000E-5
1.421213333E+9	1.720928000E-5
1.421216667E+9	1.672407000E-5
1.421220000E+9	1.713046000E-5
1.421223333E+9	1.691474000E-5
1.421226667E+9	1.680205000E-5
1.421230000E+9	1.678124000E-5
1.421233333E+9	1.667852000E-5
1.421236667E+9	1.652359000E-5
1.421240000E+9	1.677247000E-5
1.421243333E+9	1.688160000E-5
1.421246667E+9	1.672392000E-5
1.421250000E+9	1.657998000E-5
1.421253333E+9	1.675024000E-5
1.421256667E+9	1.698665000E-5
1.421260000E+9	1.671975000E-5
1.421263333E+9	1.716223000E-5
1.421266667E+9	1.728703000E-5
1.421270000E+9	1.666301000E-5
1.421273333E+9	1.702519000E-5
1.421276667E+9	1.686758000E-5
1.421280000E+9	1.720570000E-5
1.421283333E+9	1.711679000E-5
1.421286667E+9	1.650223000E-5
1.421290000E+9	1.706601000E-5
1.421293333E+9	1.691457000E-5
1.421296667E+9	1.694213000E-5
1.421300000E+9	1.686198000E-5
1.421303333E+9	1.662214000E-5
1.421306667E+9	1.670491000E-5
1.421310000E+9	1.717341000E-5
1.421313333E+9	1.710339000E-5
1.421316667E+9	1.685541000E-5
1.421320000E+9	1.690731000E-5
1.421323333E+9	1.684220000E-5
1.421326667E+9	1.703444000E-5
1.421330000E+9	1.700231000E-5
1.421333333E+9	1.714681000E-5
1.421336667E+9	1.738523000E-5
1.421340000E+9	1.728430000E-5
1.421343333E+9	1.845643000E-5
1.421346667E+9	2.286832000E-5
1.421350000E+9	1.981688000E-5
1.421353333E+9	1.715585000E-5
1.421356667E+9	1.746939000E-5
1.421360000E+9	1.747424000E-5
1.421363333E+9	1.728832000E-5
1.421366667E+9	1.754678000E-5
1.421370000E+9	1.744922000E-5
1.421373333E+9	1.679327000E-5
1.421376667E+9	1.705112000E-5
1.421380000E+9	1.706839000E-5
1.421383333E+9	1.720812000E-5
1.421386667E+9	1.708477000E-5
1.421390000E+9	1.664910000E-5
1.421393333E+9	1.656129000E-5
1.421396667E+9	1.703400000E-5
1.421400000E+9	1.708674000E-5
