Frequency, Hz	Amplitude, Volts
1.419400000E+9	1.498778000E-5
1.419403333E+9	1.500911000E-5
1.419406667E+9	1.511798000E-5
1.419410000E+9	1.472286000E-5
1.419413333E+9	1.519307000E-5
1.419416667E+9	1.548002000E-5
1.419420000E+9	1.509950000E-5
1.419423333E+9	1.515929000E-5
1.419426667E+9	1.488427000E-5
1.419430000E+9	1.488832000E-5
1.419433333E+9	1.547455000E-5
1.419436667E+9	1.545187000E-5
1.419440000E+9	1.485011000E-5
1.419443333E+9	1.538603000E-5
1.419446667E+9	1.555186000E-5
1.419450000E+9	1.653803000E-5
1.419453333E+9	1.632522000E-5
1.419456667E+9	1.525851000E-5
1.419460000E+9	1.509327000E-5
1.419463333E+9	1.481361000E-5
1.419466667E+9	1.462758000E-5
1.419470000E+9	1.488267000E-5
1.419473333E+9	1.491491000E-5
1.419476667E+9	1.492938000E-5
1.419480000E+9	1.513851000E-5
1.419483333E+9	1.472855000E-5
1.419486667E+9	1.490499000E-5
1.419490000E+9	1.519076000E-5
1.419493333E+9	1.470539000E-5
1.419496667E+9	1.485456000E-5
1.419500000E+9	1.480366000E-5
1.419503333E+9	1.487921000E-5
1.419506667E+9	1.517306000E-5
1.419510000E+9	1.519040000E-5
1.419513333E+9	1.499414000E-5
1.419516667E+9	1.478644000E-5
1.419520000E+9	1.500781000E-5
1.419523333E+9	1.491691000E-5
1.419526667E+9	1.528781000E-5
1.419530000E+9	1.481269000E-5
1.419533333E+9	1.479936000E-5
1.419536667E+9	1.499507000E-5
1.419540000E+9	1.488888000E-5
1.419543333E+9	1.468729000E-5
1.419546667E+9	1.495647000E-5
1.419550000E+9	1.470652000E-5
1.419553333E+9	1.515478000E-5
1.419556667E+9	1.494737000E-5
1.419560000E+9	1.481796000E-5
1.419563333E+9	1.512801000E-5
1.419566667E+9	1.482129000E-5
1.419570000E+9	1.530838000E-5
1.419573333E+9	1.514949000E-5
1.419576667E+9	1.489686000E-5
1.419580000E+9	1.500051000E-5
1.419583333E+9	1.524928000E-5
1.419586667E+9	1.505965000E-5
1.419590000E+9	1.472276000E-5
1.419593333E+9	1.482293000E-5
1.419596667E+9	1.486144000E-5
1.419600000E+9	1.509166000E-5
1.419603333E+9	1.542890000E-5
1.419606667E+9	1.494101000E-5
1.419610000E+9	1.484108000E-5
1.419613333E+9	1.496223000E-5
1.419616667E+9	1.494542000E-5
1.419620000E+9	1.487829000E-5
1.419623333E+9	1.518141000E-5
1.419626667E+9	1.509171000E-5
1.419630000E+9	1.487351000E-5
1.419633333E+9	1.513075000E-5
1.419636667E+9	1.482826000E-5
1.419640000E+9	1.521236000E-5
1.419643333E+9	1.473594000E-5
1.419646667E+9	1.512396000E-5
1.419650000E+9	1.495712000E-5
1.419653333E+9	1.515912000E-5
1.419656667E+9	1.506974000E-5
1.419660000E+9	1.496072000E-5
1.419663333E+9	1.515574000E-5
1.419666667E+9	1.520657000E-5
1.419670000E+9	1.509823000E-5
1.419673333E+9	1.489519000E-5
1.419676667E+9	1.480469000E-5
1.419680000E+9	1.499170000E-5
1.419683333E+9	1.483679000E-5
1.419686667E+9	1.519455000E-5
1.419690000E+9	1.509276000E-5
1.419693333E+9	1.493881000E-5
1.419696667E+9	1.518179000E-5
1.419700000E+9	1.516873000E-5
1.419703333E+9	1.490663000E-5
1.419706667E+9	1.483985000E-5
1.419710000E+9	1.491870000E-5
1.419713333E+9	1.502507000E-5
1.419716667E+9	1.507135000E-5
1.419720000E+9	1.476723000E-5
1.419723333E+9	1.484422000E-5
1.419726667E+9	1.498757000E-5
1.419730000E+9	1.478868000E-5
1.419733333E+9	1.508906000E-5
1.419736667E+9	1.498467000E-5
1.419740000E+9	1.569989000E-5
1.419743333E+9	1.655986000E-5
1.419746667E+9	1.575942000E-5
1.419750000E+9	1.535233000E-5
1.419753333E+9	1.541813000E-5
1.419756667E+9	1.476663000E-5
1.419760000E+9	1.507151000E-5
1.419763333E+9	1.498311000E-5
1.419766667E+9	1.506170000E-5
1.419770000E+9	1.508047000E-5
1.419773333E+9	1.496042000E-5
1.419776667E+9	1.505438000E-5
1.419780000E+9	1.509730000E-5
1.419783333E+9	1.542124000E-5
1.419786667E+9	1.514196000E-5
1.419790000E+9	1.551496000E-5
1.419793333E+9	1.500789000E-5
1.419796667E+9	1.510040000E-5
1.419800000E+9	1.501249000E-5
1.419803333E+9	1.504542000E-5
1.419806667E+9	1.498777000E-5
1.419810000E+9	1.501494000E-5
1.419813333E+9	1.491280000E-5
1.419816667E+9	1.496568000E-5
1.419820000E+9	1.483775000E-5
1.419823333E+9	1.514646000E-5
1.419826667E+9	1.501522000E-5
1.419830000E+9	1.496159000E-5
1.419833333E+9	1.540001000E-5
1.419836667E+9	1.487320000E-5
1.419840000E+9	1.502591000E-5
1.419843333E+9	1.505960000E-5
1.419846667E+9	1.512046000E-5
1.419850000E+9	1.521475000E-5
1.419853333E+9	1.500303000E-5
1.419856667E+9	1.500725000E-5
1.419860000E+9	1.507972000E-5
1.419863333E+9	1.503147000E-5
1.419866667E+9	1.515807000E-5
1.419870000E+9	1.483927000E-5
1.419873333E+9	1.477641000E-5
1.419876667E+9	1.468703000E-5
1.419880000E+9	1.477919000E-5
1.419883333E+9	1.483257000E-5
1.419886667E+9	1.485790000E-5
1.419890000E+9	1.490033000E-5
1.419893333E+9	1.491241000E-5
1.419896667E+9	1.498966000E-5
1.419900000E+9	1.535882000E-5
1.419903333E+9	1.535808000E-5
1.419906667E+9	1.490164000E-5
1.419910000E+9	1.495257000E-5
1.419913333E+9	1.479143000E-5
1.419916667E+9	1.525288000E-5
1.419920000E+9	1.522787000E-5
1.419923333E+9	1.496290000E-5
1.419926667E+9	1.485441000E-5
1.419930000E+9	1.515754000E-5
1.419933333E+9	1.476425000E-5
1.419936667E+9	1.480101000E-5
1.419940000E+9	1.503723000E-5
1.419943333E+9	1.494265000E-5
1.419946667E+9	1.524132000E-5
1.419950000E+9	1.491134000E-5
1.419953333E+9	1.499321000E-5
1.419956667E+9	1.499738000E-5
1.419960000E+9	1.487269000E-5
1.419963333E+9	1.495722000E-5
1.419966667E+9	1.496478000E-5
1.419970000E+9	1.484204000E-5
1.419973333E+9	1.502292000E-5
1.419976667E+9	1.523887000E-5
1.419980000E+9	1.670608000E-5
1.419983333E+9	1.497860000E-5
1.419986667E+9	1.478482000E-5
1.419990000E+9	1.558829000E-5
1.419993333E+9	1.501638000E-5
1.419996667E+9	1.486131000E-5
1.420000000E+9	1.566043000E-5
1.420003333E+9	1.625384000E-5
1.420006667E+9	1.490527000E-5
1.420010000E+9	1.524962000E-5
1.420013333E+9	1.495975000E-5
1.420016667E+9	1.519335000E-5
1.420020000E+9	1.498861000E-5
1.420023333E+9	1.526817000E-5
1.420026667E+9	1.499809000E-5
1.420030000E+9	1.506782000E-5
1.420033333E+9	1.613066000E-5
1.420036667E+9	1.618004000E-5
1.420040000E+9	1.604686000E-5
1.420043333E+9	1.510319000E-5
1.420046667E+9	1.474798000E-5
1.420050000E+9	1.543720000E-5
1.420053333E+9	1.556811000E-5
1.420056667E+9	1.503363000E-5
1.420060000E+9	1.528118000E-5
1.420063333E+9	1.488633000E-5
1.420066667E+9	1.465477000E-5
1.420070000E+9	1.507933000E-5
1.420073333E+9	1.464902000E-5
1.420076667E+9	1.485821000E-5
1.420080000E+9	1.497400000E-5
1.420083333E+9	1.510972000E-5
1.420086667E+9	1.479321000E-5
1.420090000E+9	1.478560000E-5
1.420093333E+9	1.481771000E-5
1.420096667E+9	1.496312000E-5
1.420100000E+9	1.527704000E-5
1.420103333E+9	1.507593000E-5
1.420106667E+9	1.501694000E-5
1.420110000E+9	1.477982000E-5
1.420113333E+9	1.493158000E-5
1.420116667E+9	1.482123000E-5
1.420120000E+9	1.511838000E-5
1.420123333E+9	1.512534000E-5
1.420126667E+9	1.506339000E-5
1.420130000E+9	1.462774000E-5
1.420133333E+9	1.511440000E-5
1.420136667E+9	1.479352000E-5
1.420140000E+9	1.489160000E-5
1.420143333E+9	1.511082000E-5
1.420146667E+9	1.451295000E-5
1.420150000E+9	1.492897000E-5
1.420153333E+9	1.487574000E-5
1.420156667E+9	1.468381000E-5
1.420160000E+9	1.491100000E-5
1.420163333E+9	1.489222000E-5
1.420166667E+9	1.492150000E-5
1.420170000E+9	1.485394000E-5
1.420173333E+9	1.473837000E-5
1.420176667E+9	1.479986000E-5
1.420180000E+9	1.468032000E-5
1.420183333E+9	1.492443000E-5
1.420186667E+9	1.493466000E-5
1.420190000E+9	1.519905000E-5
1.420193333E+9	1.480586000E-5
1.420196667E+9	1.471899000E-5
1.420200000E+9	1.527162000E-5
1.420203333E+9	1.483080000E-5
1.420206667E+9	1.466156000E-5
1.420210000E+9	1.503740000E-5
1.420213333E+9	1.473732000E-5
1.420216667E+9	1.487297000E-5
1.420220000E+9	1.502655000E-5
1.420223333E+9	1.465330000E-5
1.420226667E+9	1.521492000E-5
1.420230000E+9	1.518876000E-5
1.420233333E+9	1.492240000E-5
1.420236667E+9	1.522606000E-5
1.420240000E+9	1.492981000E-5
1.420243333E+9	1.492843000E-5
1.420246667E+9	1.481843000E-5
1.420250000E+9	1.492227000E-5
1.420253333E+9	1.484559000E-5
1.420256667E+9	1.518073000E-5
1.420260000E+9	1.500926000E-5
1.420263333E+9	1.501453000E-5
1.420266667E+9	1.507588000E-5
1.420270000E+9	1.517544000E-5
1.420273333E+9	1.506357000E-5
1.420276667E+9	1.502848000E-5
1.420280000E+9	1.483197000E-5
1.420283333E+9	1.482388000E-5
1.420286667E+9	1.496473000E-5
1.420290000E+9	1.490138000E-5
1.420293333E+9	1.492643000E-5
1.420296667E+9	1.532258000E-5
1.420300000E+9	1.488855000E-5
1.420303333E+9	1.496933000E-5
1.420306667E+9	1.515916000E-5
1.420310000E+9	1.508787000E-5
1.420313333E+9	1.525461000E-5
1.420316667E+9	1.476081000E-5
1.420320000E+9	1.515661000E-5
1.420323333E+9	1.488645000E-5
1.420326667E+9	1.588432000E-5
1.420330000E+9	1.606512000E-5
1.420333333E+9	1.624034000E-5
1.420336667E+9	1.533655000E-5
1.420340000E+9	1.493459000E-5
1.420343333E+9	1.497275000E-5
1.420346667E+9	1.504225000E-5
1.420350000E+9	1.532517000E-5
1.420353333E+9	1.494363000E-5
1.420356667E+9	1.489670000E-5
1.420360000E+9	1.486777000E-5
1.420363333E+9	1.488757000E-5
1.420366667E+9	1.500996000E-5
1.420370000E+9	1.486856000E-5
1.420373333E+9	1.497318000E-5
1.420376667E+9	1.508123000E-5
1.420380000E+9	1.532991000E-5
1.420383333E+9	1.492887000E-5
1.420386667E+9	1.498968000E-5
1.420390000E+9	1.489493000E-5
1.420393333E+9	1.509140000E-5
1.420396667E+9	1.507575000E-5
1.420400000E+9	1.519592000E-5
1.420403333E+9	1.513532000E-5
1.420406667E+9	1.501249000E-5
1.420410000E+9	1.500680000E-5
1.420413333E+9	1.501151000E-5
1.420416667E+9	1.475391000E-5
1.420420000E+9	1.480413000E-5
1.420423333E+9	1.527155000E-5
1.420426667E+9	1.519575000E-5
1.420430000E+9	1.514265000E-5
1.420433333E+9	1.523275000E-5
1.420436667E+9	1.536058000E-5
1.420440000E+9	1.506060000E-5
1.420443333E+9	1.511330000E-5
1.420446667E+9	1.507428000E-5
1.420450000E+9	1.494949000E-5
1.420453333E+9	1.536430000E-5
1.420456667E+9	1.551007000E-5
1.420460000E+9	1.556427000E-5
1.420463333E+9	1.575708000E-5
1.420466667E+9	1.580015000E-5
1.420470000E+9	1.588425000E-5
1.420473333E+9	1.614037000E-5
1.420476667E+9	1.615913000E-5
1.420480000E+9	1.622193000E-5
1.420483333E+9	1.649844000E-5
1.420486667E+9	1.624849000E-5
1.420490000E+9	1.659704000E-5
1.420493333E+9	1.694734000E-5
1.420496667E+9	1.680307000E-5
1.420500000E+9	1.665530000E-5
1.420503333E+9	1.650319000E-5
1.420506667E+9	1.681096000E-5
1.420510000E+9	1.661146000E-5
1.420513333E+9	1.686235000E-5
1.420516667E+9	1.675715000E-5
1.420520000E+9	1.644381000E-5
1.420523333E+9	1.663227000E-5
1.420526667E+9	1.661641000E-5
1.420530000E+9	1.642160000E-5
1.420533333E+9	1.672208000E-5
1.420536667E+9	1.666861000E-5
1.420540000E+9	1.621020000E-5
1.420543333E+9	1.624540000E-5
1.420546667E+9	1.649230000E-5
1.420550000E+9	1.667480000E-5
1.420553333E+9	1.653974000E-5
1.420556667E+9	1.622722000E-5
1.420560000E+9	1.658322000E-5
1.420563333E+9	1.631644000E-5
1.420566667E+9	1.610468000E-5
1.420570000E+9	1.605144000E-5
1.420573333E+9	1.623369000E-5
1.420576667E+9	1.573088000E-5
1.420580000E+9	1.590354000E-5
1.420583333E+9	1.596591000E-5
1.420586667E+9	1.570241000E-5
1.420590000E+9	1.635716000E-5
1.420593333E+9	1.606872000E-5
1.420596667E+9	1.554835000E-5
1.420600000E+9	1.594242000E-5
1.420603333E+9	1.584346000E-5
1.420606667E+9	1.550333000E-5
1.420610000E+9	1.617871000E-5
1.420613333E+9	1.555448000E-5
1.420616667E+9	1.560735000E-5
1.420620000E+9	1.753306000E-5
1.420623333E+9	1.687441000E-5
1.420626667E+9	1.719719000E-5
1.420630000E+9	1.563145000E-5
1.420633333E+9	1.522112000E-5
1.420636667E+9	1.510372000E-5
1.420640000E+9	1.574697000E-5
1.420643333E+9	1.581282000E-5
1.420646667E+9	1.616237000E-5
1.420650000E+9	1.584560000E-5
1.420653333E+9	1.591521000E-5
1.420656667E+9	1.583120000E-5
1.420660000E+9	1.590553000E-5
1.420663333E+9	1.563571000E-5
1.420666667E+9	1.574152000E-5
1.420670000E+9	1.549691000E-5
1.420673333E+9	1.590286000E-5
1.420676667E+9	1.632884000E-5
1.420680000E+9	1.582750000E-5
1.420683333E+9	1.626011000E-5
1.420686667E+9	1.611451000E-5
1.420690000E+9	1.609098000E-5
1.420693333E+9	1.600301000E-5
1.420696667E+9	1.631135000E-5
1.420700000E+9	1.617293000E-5
1.420703333E+9	1.603537000E-5
1.420706667E+9	1.630452000E-5
1.420710000E+9	1.620683000E-5
1.420713333E+9	1.604509000E-5
1.420716667E+9	1.610790000E-5
1.420720000E+9	1.659877000E-5
1.420723333E+9	1.624708000E-5
1.420726667E+9	1.625848000E-5
1.420730000E+9	1.617622000E-5
1.420733333E+9	1.639542000E-5
1.420736667E+9	1.608284000E-5
1.420740000E+9	1.634890000E-5
1.420743333E+9	1.649379000E-5
1.420746667E+9	1.649055000E-5
1.420750000E+9	1.634088000E-5
1.420753333E+9	1.636805000E-5
1.420756667E+9	1.681023000E-5
1.420760000E+9	1.673656000E-5
1.420763333E+9	1.637046000E-5
1.420766667E+9	1.607106000E-5
1.420770000E+9	1.628485000E-5
1.420773333E+9	1.603092000E-5
1.420776667E+9	1.607791000E-5
1.420780000E+9	1.622539000E-5
1.420783333E+9	1.620208000E-5
1.420786667E+9	1.608905000E-5
1.420790000E+9	1.598294000E-5
1.420793333E+9	1.650879000E-5
1.420796667E+9	1.692371000E-5
1.420800000E+9	1.634298000E-5
1.420803333E+9	1.618821000E-5
1.420806667E+9	1.575482000E-5
1.420810000E+9	1.565637000E-5
1.420813333E+9	1.586036000E-5
1.420816667E+9	1.599530000E-5
1.420820000E+9	1.583661000E-5
1.420823333E+9	1.607114000E-5
1.420826667E+9	1.565838000E-5
1.420830000E+9	1.574106000E-5
1.420833333E+9	1.603534000E-5
1.420836667E+9	1.549221000E-5
1.420840000E+9	1.567843000E-5
1.420843333E+9	1.543674000E-5
1.420846667E+9	1.542278000E-5
1.420850000E+9	1.518196000E-5
1.420853333E+9	1.535837000E-5
1.420856667E+9	1.522045000E-5
1.420860000E+9	1.529881000E-5
1.420863333E+9	1.535223000E-5
1.420866667E+9	1.535705000E-5
1.420870000E+9	1.553920000E-5
1.420873333E+9	1.535758000E-5
1.420876667E+9	1.532911000E-5
1.420880000E+9	1.522855000E-5
1.420883333E+9	1.543913000E-5
1.420886667E+9	1.522208000E-5
1.420890000E+9	1.547202000E-5
1.420893333E+9	1.513913000E-5
1.420896667E+9	1.528719000E-5
1.420900000E+9	1.542732000E-5
1.420903333E+9	1.537478000E-5
1.420906667E+9	1.610784000E-5
1.420910000E+9	1.570008000E-5
1.420913333E+9	2.097417000E-5
1.420916667E+9	1.866101000E-5
1.420920000E+9	1.916784000E-5
1.420923333E+9	1.577285000E-5
1.420926667E+9	1.537691000E-5
1.420930000E+9	1.564349000E-5
1.420933333E+9	1.535844000E-5
1.420936667E+9	1.514823000E-5
1.420940000E+9	1.572116000E-5
1.420943333E+9	1.599240000E-5
1.420946667E+9	1.585140000E-5
1.420950000E+9	1.536834000E-5
1.420953333E+9	1.530543000E-5
1.420956667E+9	1.553870000E-5
1.420960000E+9	1.517989000E-5
1.420963333E+9	1.538417000E-5
1.420966667E+9	1.532224000E-5
1.420970000E+9	1.513973000E-5
1.420973333E+9	1.545350000E-5
1.420976667E+9	1.536373000E-5
1.420980000E+9	1.524821000E-5
1.420983333E+9	1.541757000E-5
1.420986667E+9	1.534967000E-5
1.420990000E+9	1.582701000E-5
1.420993333E+9	1.529022000E-5
1.420996667E+9	1.521797000E-5
1.421000000E+9	1.507443000E-5
1.421003333E+9	1.528769000E-5
1.421006667E+9	1.532936000E-5
1.421010000E+9	1.546127000E-5
1.421013333E+9	1.510723000E-5
1.421016667E+9	1.523817000E-5
1.421020000E+9	1.543168000E-5
1.421023333E+9	1.510081000E-5
1.421026667E+9	1.485811000E-5
1.421030000E+9	1.520556000E-5
1.421033333E+9	1.525953000E-5
1.421036667E+9	1.497860000E-5
1.421040000E+9	1.498321000E-5
1.421043333E+9	1.480436000E-5
1.421046667E+9	1.522780000E-5
1.421050000E+9	1.481081000E-5
1.421053333E+9	1.515258000E-5
1.421056667E+9	1.556830000E-5
1.421060000E+9	1.544483000E-5
1.421063333E+9	1.498877000E-5
1.421066667E+9	1.503292000E-5
1.421070000E+9	1.500509000E-5
1.421073333E+9	1.479118000E-5
1.421076667E+9	1.517559000E-5
1.421080000E+9	1.506008000E-5
1.421083333E+9	1.490434000E-5
1.421086667E+9	1.502776000E-5
1.421090000E+9	1.490903000E-5
1.421093333E+9	1.551484000E-5
1.421096667E+9	1.543239000E-5
1.421100000E+9	1.511002000E-5
1.421103333E+9	1.520016000E-5
1.421106667E+9	1.497868000E-5
1.421110000E+9	1.497456000E-5
1.421113333E+9	1.508052000E-5
1.421116667E+9	1.483422000E-5
1.421120000E+9	1.527821000E-5
1.421123333E+9	1.483350000E-5
1.421126667E+9	1.471245000E-5
1.421130000E+9	1.511458000E-5
1.421133333E+9	1.521655000E-5
1.421136667E+9	1.473905000E-5
1.421140000E+9	1.485779000E-5
1.421143333E+9	1.492917000E-5
1.421146667E+9	1.506076000E-5
1.421150000E+9	1.459088000E-5
1.421153333E+9	1.509317000E-5
1.421156667E+9	1.498913000E-5
1.421160000E+9	1.502728000E-5
1.421163333E+9	1.510851000E-5
1.421166667E+9	1.505939000E-5
1.421170000E+9	1.509564000E-5
1.421173333E+9	1.464277000E-5
1.421176667E+9	1.513233000E-5
1.421180000E+9	1.521919000E-5
1.421183333E+9	1.487470000E-5
1.421186667E+9	1.494032000E-5
1.421190000E+9	1.536188000E-5
1.421193333E+9	1.494235000E-5
1.421196667E+9	1.495084000E-5
1.421200000E+9	1.493558000E-5
1.421203333E+9	1.467030000E-5
1.421206667E+9	1.768322000E-5
1.421210000E+9	1.603579000E-5
1.421213333E+9	1.630559000E-5
1.421216667E+9	1.516497000E-5
1.421220000E+9	1.508462000E-5
1.421223333E+9	1.496361000E-5
1.421226667E+9	1.480530000E-5
1.421230000E+9	1.513079000E-5
1.421233333E+9	1.504858000E-5
1.421236667E+9	1.461915000E-5
1.421240000E+9	1.495018000E-5
1.421243333E+9	1.533744000E-5
1.421246667E+9	1.547858000E-5
1.421250000E+9	1.514091000E-5
1.421253333E+9	1.505332000E-5
1.421256667E+9	1.492251000E-5
1.421260000E+9	1.492277000E-5
1.421263333E+9	1.483008000E-5
1.421266667E+9	1.504318000E-5
1.421270000E+9	1.486461000E-5
1.421273333E+9	1.528009000E-5
1.421276667E+9	1.502078000E-5
1.421280000E+9	1.501509000E-5
1.421283333E+9	1.509365000E-5
1.421286667E+9	1.494496000E-5
1.421290000E+9	1.491879000E-5
1.421293333E+9	1.488274000E-5
1.421296667E+9	1.506192000E-5
1.421300000E+9	1.499832000E-5
1.421303333E+9	1.484031000E-5
1.421306667E+9	1.485126000E-5
1.421310000E+9	1.466636000E-5
1.421313333E+9	1.477340000E-5
1.421316667E+9	1.516801000E-5
1.421320000E+9	1.483396000E-5
1.421323333E+9	1.481190000E-5
1.421326667E+9	1.507775000E-5
1.421330000E+9	1.469981000E-5
1.421333333E+9	1.474811000E-5
1.421336667E+9	1.510501000E-5
1.421340000E+9	1.494627000E-5
1.421343333E+9	1.482394000E-5
1.421346667E+9	1.543156000E-5
1.421350000E+9	1.485149000E-5
1.421353333E+9	1.475769000E-5
1.421356667E+9	1.522513000E-5
1.421360000E+9	1.521211000E-5
1.421363333E+9	1.506554000E-5
1.421366667E+9	1.530365000E-5
1.421370000E+9	1.510790000E-5
1.421373333E+9	1.512679000E-5
1.421376667E+9	1.491437000E-5
1.421380000E+9	1.469203000E-5
1.421383333E+9	1.492309000E-5
1.421386667E+9	1.493559000E-5
1.421390000E+9	1.482997000E-5
1.421393333E+9	1.526864000E-5
1.421396667E+9	1.494875000E-5
1.421400000E+9	1.471625000E-5
