Frequency, Hz	Amplitude, Volts
1.419400000E+9	2.010154000E-5
1.419403333E+9	1.842927000E-5
1.419406667E+9	1.874656000E-5
1.419410000E+9	1.825818000E-5
1.419413333E+9	2.057176000E-5
1.419416667E+9	1.868321000E-5
1.419420000E+9	1.843943000E-5
1.419423333E+9	1.914479000E-5
1.419426667E+9	1.838073000E-5
1.419430000E+9	1.825036000E-5
1.419433333E+9	1.877942000E-5
1.419436667E+9	1.844417000E-5
1.419440000E+9	1.822883000E-5
1.419443333E+9	1.902794000E-5
1.419446667E+9	2.087121000E-5
1.419450000E+9	2.431294000E-5
1.419453333E+9	2.058690000E-5
1.419456667E+9	1.924441000E-5
1.419460000E+9	1.864141000E-5
1.419463333E+9	1.873841000E-5
1.419466667E+9	1.893890000E-5
1.419470000E+9	1.879509000E-5
1.419473333E+9	1.840151000E-5
1.419476667E+9	1.812537000E-5
1.419480000E+9	1.829130000E-5
1.419483333E+9	1.840416000E-5
1.419486667E+9	1.821473000E-5
1.419490000E+9	1.933576000E-5
1.419493333E+9	1.985176000E-5
1.419496667E+9	1.865339000E-5
1.419500000E+9	1.838057000E-5
1.419503333E+9	1.852533000E-5
1.419506667E+9	1.845823000E-5
1.419510000E+9	1.837968000E-5
1.419513333E+9	1.837833000E-5
1.419516667E+9	1.890263000E-5
1.419520000E+9	1.873314000E-5
1.419523333E+9	1.859617000E-5
1.419526667E+9	1.855434000E-5
1.419530000E+9	1.827432000E-5
1.419533333E+9	1.828976000E-5
1.419536667E+9	1.847281000E-5
1.419540000E+9	1.994569000E-5
1.419543333E+9	1.852726000E-5
1.419546667E+9	1.842502000E-5
1.419550000E+9	1.825008000E-5
1.419553333E+9	1.833552000E-5
1.419556667E+9	1.831988000E-5
1.419560000E+9	1.849952000E-5
1.419563333E+9	1.866107000E-5
1.419566667E+9	1.803305000E-5
1.419570000E+9	1.864851000E-5
1.419573333E+9	1.794721000E-5
1.419576667E+9	1.864937000E-5
1.419580000E+9	1.837559000E-5
1.419583333E+9	1.863584000E-5
1.419586667E+9	1.967461000E-5
1.419590000E+9	1.815389000E-5
1.419593333E+9	1.788913000E-5
1.419596667E+9	1.840970000E-5
1.419600000E+9	1.803972000E-5
1.419603333E+9	1.807803000E-5
1.419606667E+9	1.852792000E-5
1.419610000E+9	1.867712000E-5
1.419613333E+9	1.807702000E-5
1.419616667E+9	1.802976000E-5
1.419620000E+9	1.877173000E-5
1.419623333E+9	1.835607000E-5
1.419626667E+9	1.803705000E-5
1.419630000E+9	1.854517000E-5
1.419633333E+9	1.963174000E-5
1.419636667E+9	1.877490000E-5
1.419640000E+9	1.796663000E-5
1.419643333E+9	1.795304000E-5
1.419646667E+9	1.827378000E-5
1.419650000E+9	1.834887000E-5
1.419653333E+9	1.861345000E-5
1.419656667E+9	1.887774000E-5
1.419660000E+9	1.766229000E-5
1.419663333E+9	1.842150000E-5
1.419666667E+9	1.806922000E-5
1.419670000E+9	1.820025000E-5
1.419673333E+9	1.836459000E-5
1.419676667E+9	1.890692000E-5
1.419680000E+9	1.979876000E-5
1.419683333E+9	1.833774000E-5
1.419686667E+9	1.820197000E-5
1.419690000E+9	1.792527000E-5
1.419693333E+9	1.840379000E-5
1.419696667E+9	1.829978000E-5
1.419700000E+9	1.847782000E-5
1.419703333E+9	1.843943000E-5
1.419706667E+9	2.021282000E-5
1.419710000E+9	2.018452000E-5
1.419713333E+9	1.856369000E-5
1.419716667E+9	1.868583000E-5
1.419720000E+9	1.841527000E-5
1.419723333E+9	1.914256000E-5
1.419726667E+9	1.974210000E-5
1.419730000E+9	1.849416000E-5
1.419733333E+9	1.873512000E-5
1.419736667E+9	1.828020000E-5
1.419740000E+9	2.004609000E-5
1.419743333E+9	2.464200000E-5
1.419746667E+9	2.074084000E-5
1.419750000E+9	1.914676000E-5
1.419753333E+9	1.827378000E-5
1.419756667E+9	1.846030000E-5
1.419760000E+9	1.917026000E-5
1.419763333E+9	1.817561000E-5
1.419766667E+9	1.810479000E-5
1.419770000E+9	1.884820000E-5
1.419773333E+9	1.945006000E-5
1.419776667E+9	1.848470000E-5
1.419780000E+9	1.824772000E-5
1.419783333E+9	1.807976000E-5
1.419786667E+9	1.812903000E-5
1.419790000E+9	1.807984000E-5
1.419793333E+9	1.827864000E-5
1.419796667E+9	1.858562000E-5
1.419800000E+9	1.824846000E-5
1.419803333E+9	1.840183000E-5
1.419806667E+9	1.839311000E-5
1.419810000E+9	1.839899000E-5
1.419813333E+9	1.834859000E-5
1.419816667E+9	1.873275000E-5
1.419820000E+9	1.954319000E-5
1.419823333E+9	1.866588000E-5
1.419826667E+9	1.826570000E-5
1.419830000E+9	1.846265000E-5
1.419833333E+9	1.810600000E-5
1.419836667E+9	1.813666000E-5
1.419840000E+9	1.851395000E-5
1.419843333E+9	1.863547000E-5
1.419846667E+9	1.843652000E-5
1.419850000E+9	1.827976000E-5
1.419853333E+9	1.856858000E-5
1.419856667E+9	1.817944000E-5
1.419860000E+9	1.836663000E-5
1.419863333E+9	1.871100000E-5
1.419866667E+9	1.961383000E-5
1.419870000E+9	1.925694000E-5
1.419873333E+9	1.857101000E-5
1.419876667E+9	1.826135000E-5
1.419880000E+9	1.828080000E-5
1.419883333E+9	1.815780000E-5
1.419886667E+9	1.835383000E-5
1.419890000E+9	1.887488000E-5
1.419893333E+9	1.831186000E-5
1.419896667E+9	1.848285000E-5
1.419900000E+9	1.793460000E-5
1.419903333E+9	1.799223000E-5
1.419906667E+9	1.820815000E-5
1.419910000E+9	1.871316000E-5
1.419913333E+9	1.943317000E-5
1.419916667E+9	1.841131000E-5
1.419920000E+9	1.864884000E-5
1.419923333E+9	1.792830000E-5
1.419926667E+9	1.815738000E-5
1.419930000E+9	1.771054000E-5
1.419933333E+9	1.830191000E-5
1.419936667E+9	1.858600000E-5
1.419940000E+9	1.775700000E-5
1.419943333E+9	1.841962000E-5
1.419946667E+9	1.844267000E-5
1.419950000E+9	1.796459000E-5
1.419953333E+9	1.806791000E-5
1.419956667E+9	1.853738000E-5
1.419960000E+9	1.907088000E-5
1.419963333E+9	1.817775000E-5
1.419966667E+9	1.815043000E-5
1.419970000E+9	1.806347000E-5
1.419973333E+9	1.845144000E-5
1.419976667E+9	1.792204000E-5
1.419980000E+9	1.837131000E-5
1.419983333E+9	1.898728000E-5
1.419986667E+9	1.850181000E-5
1.419990000E+9	1.815126000E-5
1.419993333E+9	1.785228000E-5
1.419996667E+9	1.803327000E-5
1.420000000E+9	2.386859000E-5
1.420003333E+9	3.285151000E-5
1.420006667E+9	1.953753000E-5
1.420010000E+9	1.811952000E-5
1.420013333E+9	1.791089000E-5
1.420016667E+9	1.820615000E-5
1.420020000E+9	1.879970000E-5
1.420023333E+9	1.800165000E-5
1.420026667E+9	1.856333000E-5
1.420030000E+9	1.849401000E-5
1.420033333E+9	1.963156000E-5
1.420036667E+9	2.224915000E-5
1.420040000E+9	2.004248000E-5
1.420043333E+9	1.830726000E-5
1.420046667E+9	1.813216000E-5
1.420050000E+9	1.940273000E-5
1.420053333E+9	1.995614000E-5
1.420056667E+9	1.828410000E-5
1.420060000E+9	1.782259000E-5
1.420063333E+9	1.797847000E-5
1.420066667E+9	1.766685000E-5
1.420070000E+9	1.789575000E-5
1.420073333E+9	1.825864000E-5
1.420076667E+9	1.834682000E-5
1.420080000E+9	1.797122000E-5
1.420083333E+9	1.858547000E-5
1.420086667E+9	1.838592000E-5
1.420090000E+9	1.766432000E-5
1.420093333E+9	1.799954000E-5
1.420096667E+9	1.838083000E-5
1.420100000E+9	1.896072000E-5
1.420103333E+9	1.792167000E-5
1.420106667E+9	1.784785000E-5
1.420110000E+9	1.776480000E-5
1.420113333E+9	1.786864000E-5
1.420116667E+9	1.787884000E-5
1.420120000E+9	1.839434000E-5
1.420123333E+9	1.858384000E-5
1.420126667E+9	1.847640000E-5
1.420130000E+9	1.793153000E-5
1.420133333E+9	1.824738000E-5
1.420136667E+9	1.780567000E-5
1.420140000E+9	1.784738000E-5
1.420143333E+9	1.799379000E-5
1.420146667E+9	1.888933000E-5
1.420150000E+9	1.844737000E-5
1.420153333E+9	1.789157000E-5
1.420156667E+9	1.760569000E-5
1.420160000E+9	1.809203000E-5
1.420163333E+9	1.807220000E-5
1.420166667E+9	1.802155000E-5
1.420170000E+9	1.851455000E-5
1.420173333E+9	1.806131000E-5
1.420176667E+9	1.775755000E-5
1.420180000E+9	1.838963000E-5
1.420183333E+9	1.838384000E-5
1.420186667E+9	1.825389000E-5
1.420190000E+9	1.833484000E-5
1.420193333E+9	1.879324000E-5
1.420196667E+9	1.845809000E-5
1.420200000E+9	1.807233000E-5
1.420203333E+9	1.836219000E-5
1.420206667E+9	1.787517000E-5
1.420210000E+9	1.794535000E-5
1.420213333E+9	1.817396000E-5
1.420216667E+9	1.866041000E-5
1.420220000E+9	1.787303000E-5
1.420223333E+9	1.761155000E-5
1.420226667E+9	1.780340000E-5
1.420230000E+9	1.775293000E-5
1.420233333E+9	1.789817000E-5
1.420236667E+9	1.814200000E-5
1.420240000E+9	1.893197000E-5
1.420243333E+9	1.821023000E-5
1.420246667E+9	1.773635000E-5
1.420250000E+9	1.784229000E-5
1.420253333E+9	1.801459000E-5
1.420256667E+9	1.790404000E-5
1.420260000E+9	1.783508000E-5
1.420263333E+9	1.846640000E-5
1.420266667E+9	1.817078000E-5
1.420270000E+9	1.791358000E-5
1.420273333E+9	1.781259000E-5
1.420276667E+9	1.788994000E-5
1.420280000E+9	1.809322000E-5
1.420283333E+9	1.848918000E-5
1.420286667E+9	1.870260000E-5
1.420290000E+9	1.838996000E-5
1.420293333E+9	1.889095000E-5
1.420296667E+9	2.210949000E-5
1.420300000E+9	1.909078000E-5
1.420303333E+9	1.824221000E-5
1.420306667E+9	1.841647000E-5
1.420310000E+9	1.972468000E-5
1.420313333E+9	1.889352000E-5
1.420316667E+9	1.866086000E-5
1.420320000E+9	1.881392000E-5
1.420323333E+9	1.839337000E-5
1.420326667E+9	2.042083000E-5
1.420330000E+9	2.246627000E-5
1.420333333E+9	2.105021000E-5
1.420336667E+9	1.939227000E-5
1.420340000E+9	1.874310000E-5
1.420343333E+9	1.888373000E-5
1.420346667E+9	1.930457000E-5
1.420350000E+9	1.923518000E-5
1.420353333E+9	1.927878000E-5
1.420356667E+9	1.929978000E-5
1.420360000E+9	1.917348000E-5
1.420363333E+9	1.898226000E-5
1.420366667E+9	1.939008000E-5
1.420370000E+9	1.911603000E-5
1.420373333E+9	1.905418000E-5
1.420376667E+9	1.993260000E-5
1.420380000E+9	2.019472000E-5
1.420383333E+9	1.927236000E-5
1.420386667E+9	1.952724000E-5
1.420390000E+9	1.956406000E-5
1.420393333E+9	1.911914000E-5
1.420396667E+9	2.015130000E-5
1.420400000E+9	1.978900000E-5
1.420403333E+9	2.004538000E-5
1.420406667E+9	1.981727000E-5
1.420410000E+9	1.975603000E-5
1.420413333E+9	1.986517000E-5
1.420416667E+9	1.994875000E-5
1.420420000E+9	1.973701000E-5
1.420423333E+9	2.068371000E-5
1.420426667E+9	2.066235000E-5
1.420430000E+9	2.023833000E-5
1.420433333E+9	2.022472000E-5
1.420436667E+9	2.015847000E-5
1.420440000E+9	1.980145000E-5
1.420443333E+9	1.964323000E-5
1.420446667E+9	2.003748000E-5
1.420450000E+9	2.027441000E-5
1.420453333E+9	2.020199000E-5
1.420456667E+9	1.995497000E-5
1.420460000E+9	2.021912000E-5
1.420463333E+9	2.005498000E-5
1.420466667E+9	2.003007000E-5
1.420470000E+9	2.035931000E-5
1.420473333E+9	2.048055000E-5
1.420476667E+9	1.970440000E-5
1.420480000E+9	1.926855000E-5
1.420483333E+9	1.968334000E-5
1.420486667E+9	1.905566000E-5
1.420490000E+9	1.917776000E-5
1.420493333E+9	1.917491000E-5
1.420496667E+9	1.906657000E-5
1.420500000E+9	1.875768000E-5
1.420503333E+9	1.841224000E-5
1.420506667E+9	1.899275000E-5
1.420510000E+9	1.907044000E-5
1.420513333E+9	1.857727000E-5
1.420516667E+9	1.895150000E-5
1.420520000E+9	1.947799000E-5
1.420523333E+9	1.827787000E-5
1.420526667E+9	1.850890000E-5
1.420530000E+9	1.827498000E-5
1.420533333E+9	1.859676000E-5
1.420536667E+9	1.840668000E-5
1.420540000E+9	1.863073000E-5
1.420543333E+9	1.820979000E-5
1.420546667E+9	1.792932000E-5
1.420550000E+9	1.847607000E-5
1.420553333E+9	1.830768000E-5
1.420556667E+9	1.815226000E-5
1.420560000E+9	1.842512000E-5
1.420563333E+9	1.814210000E-5
1.420566667E+9	1.871591000E-5
1.420570000E+9	1.820083000E-5
1.420573333E+9	1.801354000E-5
1.420576667E+9	1.770953000E-5
1.420580000E+9	1.784950000E-5
1.420583333E+9	1.796597000E-5
1.420586667E+9	1.809141000E-5
1.420590000E+9	2.375016000E-5
1.420593333E+9	2.001466000E-5
1.420596667E+9	1.799721000E-5
1.420600000E+9	1.853025000E-5
1.420603333E+9	1.908011000E-5
1.420606667E+9	1.884781000E-5
1.420610000E+9	1.847015000E-5
1.420613333E+9	1.878903000E-5
1.420616667E+9	1.791511000E-5
1.420620000E+9	2.138351000E-5
1.420623333E+9	2.238900000E-5
1.420626667E+9	2.026019000E-5
1.420630000E+9	1.833325000E-5
1.420633333E+9	1.792968000E-5
1.420636667E+9	1.884057000E-5
1.420640000E+9	1.892173000E-5
1.420643333E+9	1.790874000E-5
1.420646667E+9	1.807319000E-5
1.420650000E+9	1.764876000E-5
1.420653333E+9	1.783289000E-5
1.420656667E+9	1.822531000E-5
1.420660000E+9	1.891996000E-5
1.420663333E+9	1.794096000E-5
1.420666667E+9	1.776564000E-5
1.420670000E+9	1.788770000E-5
1.420673333E+9	1.799472000E-5
1.420676667E+9	1.775761000E-5
1.420680000E+9	1.816791000E-5
1.420683333E+9	1.795911000E-5
1.420686667E+9	1.756264000E-5
1.420690000E+9	1.770347000E-5
1.420693333E+9	1.800826000E-5
1.420696667E+9	1.795134000E-5
1.420700000E+9	1.776176000E-5
1.420703333E+9	1.822411000E-5
1.420706667E+9	1.860673000E-5
1.420710000E+9	1.796290000E-5
1.420713333E+9	1.793877000E-5
1.420716667E+9	1.802945000E-5
1.420720000E+9	1.768779000E-5
1.420723333E+9	1.759599000E-5
1.420726667E+9	1.819818000E-5
1.420730000E+9	1.799598000E-5
1.420733333E+9	1.791767000E-5
1.420736667E+9	1.790092000E-5
1.420740000E+9	1.771562000E-5
1.420743333E+9	1.758010000E-5
1.420746667E+9	1.760550000E-5
1.420750000E+9	1.865974000E-5
1.420753333E+9	1.898334000E-5
1.420756667E+9	1.748779000E-5
1.420760000E+9	1.784344000E-5
1.420763333E+9	1.771369000E-5
1.420766667E+9	1.738330000E-5
1.420770000E+9	1.770858000E-5
1.420773333E+9	1.800274000E-5
1.420776667E+9	1.812320000E-5
1.420780000E+9	1.800946000E-5
1.420783333E+9	1.792182000E-5
1.420786667E+9	1.768107000E-5
1.420790000E+9	1.768406000E-5
1.420793333E+9	1.823185000E-5
1.420796667E+9	1.775651000E-5
1.420800000E+9	1.840250000E-5
1.420803333E+9	1.845768000E-5
1.420806667E+9	1.793680000E-5
1.420810000E+9	1.787835000E-5
1.420813333E+9	1.804908000E-5
1.420816667E+9	1.775349000E-5
1.420820000E+9	1.833115000E-5
1.420823333E+9	1.812627000E-5
1.420826667E+9	1.747564000E-5
1.420830000E+9	1.794435000E-5
1.420833333E+9	1.746931000E-5
1.420836667E+9	1.792174000E-5
1.420840000E+9	1.795862000E-5
1.420843333E+9	1.795978000E-5
1.420846667E+9	1.828542000E-5
1.420850000E+9	1.765633000E-5
1.420853333E+9	1.795546000E-5
1.420856667E+9	1.754834000E-5
1.420860000E+9	1.784096000E-5
1.420863333E+9	1.777573000E-5
1.420866667E+9	1.803960000E-5
1.420870000E+9	1.804775000E-5
1.420873333E+9	1.773654000E-5
1.420876667E+9	1.778719000E-5
1.420880000E+9	1.776874000E-5
1.420883333E+9	3.132232000E-5
1.420886667E+9	2.911156000E-5
1.420890000E+9	1.832005000E-5
1.420893333E+9	1.822463000E-5
1.420896667E+9	1.853654000E-5
1.420900000E+9	1.895922000E-5
1.420903333E+9	1.770284000E-5
1.420906667E+9	1.808041000E-5
1.420910000E+9	1.840351000E-5
1.420913333E+9	2.899622000E-5
1.420916667E+9	2.774431000E-5
1.420920000E+9	2.438968000E-5
1.420923333E+9	1.841960000E-5
1.420926667E+9	1.813943000E-5
1.420930000E+9	1.903101000E-5
1.420933333E+9	1.822669000E-5
1.420936667E+9	1.844468000E-5
1.420940000E+9	1.819188000E-5
1.420943333E+9	1.852698000E-5
1.420946667E+9	1.787802000E-5
1.420950000E+9	1.777114000E-5
1.420953333E+9	1.807017000E-5
1.420956667E+9	1.806019000E-5
1.420960000E+9	1.828351000E-5
1.420963333E+9	1.780915000E-5
1.420966667E+9	1.836272000E-5
1.420970000E+9	1.787601000E-5
1.420973333E+9	1.804787000E-5
1.420976667E+9	1.787466000E-5
1.420980000E+9	1.758222000E-5
1.420983333E+9	1.826971000E-5
1.420986667E+9	1.853583000E-5
1.420990000E+9	1.819324000E-5
1.420993333E+9	1.826231000E-5
1.420996667E+9	1.803939000E-5
1.421000000E+9	1.800966000E-5
1.421003333E+9	1.804077000E-5
1.421006667E+9	1.807434000E-5
1.421010000E+9	1.812957000E-5
1.421013333E+9	1.802493000E-5
1.421016667E+9	1.764167000E-5
1.421020000E+9	1.750860000E-5
1.421023333E+9	1.781124000E-5
1.421026667E+9	1.787399000E-5
1.421030000E+9	1.806557000E-5
1.421033333E+9	1.816133000E-5
1.421036667E+9	1.780434000E-5
1.421040000E+9	1.818216000E-5
1.421043333E+9	1.778322000E-5
1.421046667E+9	1.763924000E-5
1.421050000E+9	1.798295000E-5
1.421053333E+9	1.768726000E-5
1.421056667E+9	1.814060000E-5
1.421060000E+9	1.758520000E-5
1.421063333E+9	1.829197000E-5
1.421066667E+9	1.834770000E-5
1.421070000E+9	1.807620000E-5
1.421073333E+9	1.823510000E-5
1.421076667E+9	1.868296000E-5
1.421080000E+9	1.844484000E-5
1.421083333E+9	1.805444000E-5
1.421086667E+9	1.771751000E-5
1.421090000E+9	1.774201000E-5
1.421093333E+9	1.801872000E-5
1.421096667E+9	1.804022000E-5
1.421100000E+9	1.768552000E-5
1.421103333E+9	1.820351000E-5
1.421106667E+9	1.808547000E-5
1.421110000E+9	1.821977000E-5
1.421113333E+9	1.841329000E-5
1.421116667E+9	1.795383000E-5
1.421120000E+9	1.810624000E-5
1.421123333E+9	1.826680000E-5
1.421126667E+9	1.879452000E-5
1.421130000E+9	1.861817000E-5
1.421133333E+9	1.807438000E-5
1.421136667E+9	1.763289000E-5
1.421140000E+9	1.832206000E-5
1.421143333E+9	1.822673000E-5
1.421146667E+9	1.827966000E-5
1.421150000E+9	1.795180000E-5
1.421153333E+9	1.784321000E-5
1.421156667E+9	1.813642000E-5
1.421160000E+9	1.802339000E-5
1.421163333E+9	1.785487000E-5
1.421166667E+9	1.799278000E-5
1.421170000E+9	1.809286000E-5
1.421173333E+9	1.852008000E-5
1.421176667E+9	2.328232000E-5
1.421180000E+9	3.091356000E-5
1.421183333E+9	1.876563000E-5
1.421186667E+9	1.831799000E-5
1.421190000E+9	1.819790000E-5
1.421193333E+9	1.853858000E-5
1.421196667E+9	1.878538000E-5
1.421200000E+9	1.833079000E-5
1.421203333E+9	1.856561000E-5
1.421206667E+9	2.230910000E-5
1.421210000E+9	2.121351000E-5
1.421213333E+9	2.017849000E-5
1.421216667E+9	1.839541000E-5
1.421220000E+9	1.858825000E-5
1.421223333E+9	1.819282000E-5
1.421226667E+9	1.805266000E-5
1.421230000E+9	1.778314000E-5
1.421233333E+9	1.795371000E-5
1.421236667E+9	1.788638000E-5
1.421240000E+9	1.812239000E-5
1.421243333E+9	1.800377000E-5
1.421246667E+9	1.807682000E-5
1.421250000E+9	1.794222000E-5
1.421253333E+9	1.787036000E-5
1.421256667E+9	1.814923000E-5
1.421260000E+9	1.866363000E-5
1.421263333E+9	1.944235000E-5
1.421266667E+9	1.980850000E-5
1.421270000E+9	1.830874000E-5
1.421273333E+9	1.816273000E-5
1.421276667E+9	1.814758000E-5
1.421280000E+9	1.808289000E-5
1.421283333E+9	1.835373000E-5
1.421286667E+9	1.781418000E-5
1.421290000E+9	1.852250000E-5
1.421293333E+9	1.834543000E-5
1.421296667E+9	1.821923000E-5
1.421300000E+9	1.832069000E-5
1.421303333E+9	1.845784000E-5
1.421306667E+9	1.874843000E-5
1.421310000E+9	1.932534000E-5
1.421313333E+9	1.912825000E-5
1.421316667E+9	1.871503000E-5
1.421320000E+9	1.841576000E-5
1.421323333E+9	1.834192000E-5
1.421326667E+9	1.894127000E-5
1.421330000E+9	2.058792000E-5
1.421333333E+9	2.907920000E-5
1.421336667E+9	2.415031000E-5
1.421340000E+9	1.925728000E-5
1.421343333E+9	1.916094000E-5
1.421346667E+9	1.898849000E-5
1.421350000E+9	1.874464000E-5
1.421353333E+9	1.844887000E-5
1.421356667E+9	1.921449000E-5
1.421360000E+9	1.901455000E-5
1.421363333E+9	1.826090000E-5
1.421366667E+9	1.892383000E-5
1.421370000E+9	1.818126000E-5
1.421373333E+9	1.864565000E-5
1.421376667E+9	1.812909000E-5
1.421380000E+9	1.841590000E-5
1.421383333E+9	1.866730000E-5
1.421386667E+9	1.841588000E-5
1.421390000E+9	1.837688000E-5
1.421393333E+9	1.825649000E-5
1.421396667E+9	1.859509000E-5
1.421400000E+9	2.083593000E-5
