Frequency, Hz	Amplitude, Volts
1.419400000E+9	1.836897000E-5
1.419403333E+9	1.928163000E-5
1.419406667E+9	1.905363000E-5
1.419410000E+9	1.820313000E-5
1.419413333E+9	1.861419000E-5
1.419416667E+9	1.827547000E-5
1.419420000E+9	1.823580000E-5
1.419423333E+9	1.824113000E-5
1.419426667E+9	1.863464000E-5
1.419430000E+9	1.829671000E-5
1.419433333E+9	1.843929000E-5
1.419436667E+9	1.855642000E-5
1.419440000E+9	1.861905000E-5
1.419443333E+9	1.816237000E-5
1.419446667E+9	1.832779000E-5
1.419450000E+9	1.984183000E-5
1.419453333E+9	1.885150000E-5
1.419456667E+9	1.822129000E-5
1.419460000E+9	1.840587000E-5
1.419463333E+9	1.835024000E-5
1.419466667E+9	1.814152000E-5
1.419470000E+9	1.851350000E-5
1.419473333E+9	1.829866000E-5
1.419476667E+9	1.872243000E-5
1.419480000E+9	1.834720000E-5
1.419483333E+9	1.829275000E-5
1.419486667E+9	1.816721000E-5
1.419490000E+9	1.803796000E-5
1.419493333E+9	1.835109000E-5
1.419496667E+9	1.886216000E-5
1.419500000E+9	1.894587000E-5
1.419503333E+9	1.828606000E-5
1.419506667E+9	1.825287000E-5
1.419510000E+9	1.835766000E-5
1.419513333E+9	1.809692000E-5
1.419516667E+9	1.813949000E-5
1.419520000E+9	1.899642000E-5
1.419523333E+9	1.877090000E-5
1.419526667E+9	1.858372000E-5
1.419530000E+9	1.852702000E-5
1.419533333E+9	1.834752000E-5
1.419536667E+9	1.808885000E-5
1.419540000E+9	1.889999000E-5
1.419543333E+9	1.899319000E-5
1.419546667E+9	1.806761000E-5
1.419550000E+9	1.833689000E-5
1.419553333E+9	1.803899000E-5
1.419556667E+9	1.793261000E-5
1.419560000E+9	1.822929000E-5
1.419563333E+9	1.814722000E-5
1.419566667E+9	1.845460000E-5
1.419570000E+9	1.832813000E-5
1.419573333E+9	1.859658000E-5
1.419576667E+9	1.841752000E-5
1.419580000E+9	1.841517000E-5
1.419583333E+9	1.825379000E-5
1.419586667E+9	1.835816000E-5
1.419590000E+9	1.865965000E-5
1.419593333E+9	1.885288000E-5
1.419596667E+9	1.823067000E-5
1.419600000E+9	1.798593000E-5
1.419603333E+9	1.831361000E-5
1.419606667E+9	1.809129000E-5
1.419610000E+9	1.811994000E-5
1.419613333E+9	1.877748000E-5
1.419616667E+9	1.830551000E-5
1.419620000E+9	1.808144000E-5
1.419623333E+9	1.785638000E-5
1.419626667E+9	1.834837000E-5
1.419630000E+9	1.786036000E-5
1.419633333E+9	1.788139000E-5
1.419636667E+9	1.935060000E-5
1.419640000E+9	1.850208000E-5
1.419643333E+9	1.820315000E-5
1.419646667E+9	1.806505000E-5
1.419650000E+9	1.831840000E-5
1.419653333E+9	1.793334000E-5
1.419656667E+9	1.823962000E-5
1.419660000E+9	1.815124000E-5
1.419663333E+9	1.800059000E-5
1.419666667E+9	1.845493000E-5
1.419670000E+9	1.802818000E-5
1.419673333E+9	1.821585000E-5
1.419676667E+9	1.825357000E-5
1.419680000E+9	1.821817000E-5
1.419683333E+9	1.868557000E-5
1.419686667E+9	1.841948000E-5
1.419690000E+9	1.830165000E-5
1.419693333E+9	1.814098000E-5
1.419696667E+9	1.788913000E-5
1.419700000E+9	1.818489000E-5
1.419703333E+9	1.797924000E-5
1.419706667E+9	1.894732000E-5
1.419710000E+9	1.850768000E-5
1.419713333E+9	1.819114000E-5
1.419716667E+9	1.807750000E-5
1.419720000E+9	1.819011000E-5
1.419723333E+9	1.776956000E-5
1.419726667E+9	1.780784000E-5
1.419730000E+9	1.881118000E-5
1.419733333E+9	1.920051000E-5
1.419736667E+9	1.830310000E-5
1.419740000E+9	1.877828000E-5
1.419743333E+9	1.908453000E-5
1.419746667E+9	1.802307000E-5
1.419750000E+9	1.815047000E-5
1.419753333E+9	1.862469000E-5
1.419756667E+9	1.834958000E-5
1.419760000E+9	1.811493000E-5
1.419763333E+9	1.818563000E-5
1.419766667E+9	1.814004000E-5
1.419770000E+9	1.800136000E-5
1.419773333E+9	1.829255000E-5
1.419776667E+9	1.863480000E-5
1.419780000E+9	1.831934000E-5
1.419783333E+9	1.819514000E-5
1.419786667E+9	1.807366000E-5
1.419790000E+9	1.808639000E-5
1.419793333E+9	1.816619000E-5
1.419796667E+9	1.822041000E-5
1.419800000E+9	1.824165000E-5
1.419803333E+9	1.796880000E-5
1.419806667E+9	1.821545000E-5
1.419810000E+9	1.815726000E-5
1.419813333E+9	1.765271000E-5
1.419816667E+9	1.781971000E-5
1.419820000E+9	1.834716000E-5
1.419823333E+9	1.880184000E-5
1.419826667E+9	1.846042000E-5
1.419830000E+9	1.803729000E-5
1.419833333E+9	1.838996000E-5
1.419836667E+9	1.796343000E-5
1.419840000E+9	1.822623000E-5
1.419843333E+9	1.832097000E-5
1.419846667E+9	1.824910000E-5
1.419850000E+9	1.810811000E-5
1.419853333E+9	1.806170000E-5
1.419856667E+9	1.793950000E-5
1.419860000E+9	1.818112000E-5
1.419863333E+9	1.831309000E-5
1.419866667E+9	1.832972000E-5
1.419870000E+9	1.904154000E-5
1.419873333E+9	1.844923000E-5
1.419876667E+9	1.794498000E-5
1.419880000E+9	1.819003000E-5
1.419883333E+9	1.795162000E-5
1.419886667E+9	1.807440000E-5
1.419890000E+9	1.805801000E-5
1.419893333E+9	1.792607000E-5
1.419896667E+9	1.808736000E-5
1.419900000E+9	1.780221000E-5
1.419903333E+9	1.800154000E-5
1.419906667E+9	1.798741000E-5
1.419910000E+9	1.837024000E-5
1.419913333E+9	1.812738000E-5
1.419916667E+9	1.898434000E-5
1.419920000E+9	1.858935000E-5
1.419923333E+9	1.823682000E-5
1.419926667E+9	1.794697000E-5
1.419930000E+9	1.773214000E-5
1.419933333E+9	1.810133000E-5
1.419936667E+9	1.790196000E-5
1.419940000E+9	1.816817000E-5
1.419943333E+9	1.798093000E-5
1.419946667E+9	1.805024000E-5
1.419950000E+9	1.802410000E-5
1.419953333E+9	1.809404000E-5
1.419956667E+9	1.793830000E-5
1.419960000E+9	1.807916000E-5
1.419963333E+9	1.804275000E-5
1.419966667E+9	1.841620000E-5
1.419970000E+9	1.781877000E-5
1.419973333E+9	1.756873000E-5
1.419976667E+9	1.808289000E-5
1.419980000E+9	1.964886000E-5
1.419983333E+9	1.809936000E-5
1.419986667E+9	1.813423000E-5
1.419990000E+9	1.812989000E-5
1.419993333E+9	1.830276000E-5
1.419996667E+9	1.755934000E-5
1.420000000E+9	1.802509000E-5
1.420003333E+9	1.801639000E-5
1.420006667E+9	1.745504000E-5
1.420010000E+9	1.849724000E-5
1.420013333E+9	1.809872000E-5
1.420016667E+9	1.770032000E-5
1.420020000E+9	1.812026000E-5
1.420023333E+9	1.762445000E-5
1.420026667E+9	1.789526000E-5
1.420030000E+9	1.787947000E-5
1.420033333E+9	1.816281000E-5
1.420036667E+9	1.811507000E-5
1.420040000E+9	1.788528000E-5
1.420043333E+9	1.796148000E-5
1.420046667E+9	1.801318000E-5
1.420050000E+9	1.762087000E-5
1.420053333E+9	1.751290000E-5
1.420056667E+9	1.833443000E-5
1.420060000E+9	1.788418000E-5
1.420063333E+9	1.780737000E-5
1.420066667E+9	1.749169000E-5
1.420070000E+9	1.766353000E-5
1.420073333E+9	1.768447000E-5
1.420076667E+9	1.764752000E-5
1.420080000E+9	1.781496000E-5
1.420083333E+9	1.781058000E-5
1.420086667E+9	1.776396000E-5
1.420090000E+9	1.793468000E-5
1.420093333E+9	1.779858000E-5
1.420096667E+9	1.793210000E-5
1.420100000E+9	1.780034000E-5
1.420103333E+9	1.807714000E-5
1.420106667E+9	1.792407000E-5
1.420110000E+9	1.782995000E-5
1.420113333E+9	1.736541000E-5
1.420116667E+9	1.787586000E-5
1.420120000E+9	1.780688000E-5
1.420123333E+9	1.781721000E-5
1.420126667E+9	1.809543000E-5
1.420130000E+9	1.773664000E-5
1.420133333E+9	1.744449000E-5
1.420136667E+9	1.749463000E-5
1.420140000E+9	1.762341000E-5
1.420143333E+9	1.712152000E-5
1.420146667E+9	1.756264000E-5
1.420150000E+9	1.795448000E-5
1.420153333E+9	1.767482000E-5
1.420156667E+9	1.738050000E-5
1.420160000E+9	1.782073000E-5
1.420163333E+9	1.744259000E-5
1.420166667E+9	1.764602000E-5
1.420170000E+9	1.785736000E-5
1.420173333E+9	1.775100000E-5
1.420176667E+9	1.772202000E-5
1.420180000E+9	1.761834000E-5
1.420183333E+9	1.769676000E-5
1.420186667E+9	1.759252000E-5
1.420190000E+9	1.781134000E-5
1.420193333E+9	1.777733000E-5
1.420196667E+9	1.809308000E-5
1.420200000E+9	1.795343000E-5
1.420203333E+9	1.765449000E-5
1.420206667E+9	1.786630000E-5
1.420210000E+9	1.735142000E-5
1.420213333E+9	1.777883000E-5
1.420216667E+9	1.778514000E-5
1.420220000E+9	1.811302000E-5
1.420223333E+9	1.762246000E-5
1.420226667E+9	1.758280000E-5
1.420230000E+9	1.758070000E-5
1.420233333E+9	1.767527000E-5
1.420236667E+9	1.782715000E-5
1.420240000E+9	1.757545000E-5
1.420243333E+9	1.780858000E-5
1.420246667E+9	1.784546000E-5
1.420250000E+9	1.756835000E-5
1.420253333E+9	1.776324000E-5
1.420256667E+9	1.744481000E-5
1.420260000E+9	1.749036000E-5
1.420263333E+9	1.755724000E-5
1.420266667E+9	1.778012000E-5
1.420270000E+9	1.765370000E-5
1.420273333E+9	1.769911000E-5
1.420276667E+9	1.772457000E-5
1.420280000E+9	1.712788000E-5
1.420283333E+9	1.763119000E-5
1.420286667E+9	1.778893000E-5
1.420290000E+9	1.831375000E-5
1.420293333E+9	1.804527000E-5
1.420296667E+9	1.791814000E-5
1.420300000E+9	1.769221000E-5
1.420303333E+9	1.802030000E-5
1.420306667E+9	1.787711000E-5
1.420310000E+9	1.774408000E-5
1.420313333E+9	1.771317000E-5
1.420316667E+9	1.772591000E-5
1.420320000E+9	1.781590000E-5
1.420323333E+9	1.775532000E-5
1.420326667E+9	1.814847000E-5
1.420330000E+9	1.812537000E-5
1.420333333E+9	1.791441000E-5
1.420336667E+9	1.800936000E-5
1.420340000E+9	1.786879000E-5
1.420343333E+9	1.743202000E-5
1.420346667E+9	1.729799000E-5
1.420350000E+9	1.750671000E-5
1.420353333E+9	1.747930000E-5
1.420356667E+9	1.769764000E-5
1.420360000E+9	1.823708000E-5
1.420363333E+9	1.744541000E-5
1.420366667E+9	1.779906000E-5
1.420370000E+9	1.721863000E-5
1.420373333E+9	1.770545000E-5
1.420376667E+9	1.761393000E-5
1.420380000E+9	1.740471000E-5
1.420383333E+9	1.827779000E-5
1.420386667E+9	1.777620000E-5
1.420390000E+9	1.763131000E-5
1.420393333E+9	1.773339000E-5
1.420396667E+9	1.773623000E-5
1.420400000E+9	1.765292000E-5
1.420403333E+9	1.782741000E-5
1.420406667E+9	1.813722000E-5
1.420410000E+9	1.765963000E-5
1.420413333E+9	1.767424000E-5
1.420416667E+9	1.761788000E-5
1.420420000E+9	1.741416000E-5
1.420423333E+9	1.758079000E-5
1.420426667E+9	1.783576000E-5
1.420430000E+9	1.824786000E-5
1.420433333E+9	1.764254000E-5
1.420436667E+9	1.774874000E-5
1.420440000E+9	1.782989000E-5
1.420443333E+9	1.782911000E-5
1.420446667E+9	1.780417000E-5
1.420450000E+9	1.783496000E-5
1.420453333E+9	1.830491000E-5
1.420456667E+9	1.833180000E-5
1.420460000E+9	1.816097000E-5
1.420463333E+9	1.843221000E-5
1.420466667E+9	1.844751000E-5
1.420470000E+9	1.832111000E-5
1.420473333E+9	1.906757000E-5
1.420476667E+9	1.941123000E-5
1.420480000E+9	1.849564000E-5
1.420483333E+9	1.895028000E-5
1.420486667E+9	1.907383000E-5
1.420490000E+9	1.907299000E-5
1.420493333E+9	1.899498000E-5
1.420496667E+9	1.873084000E-5
1.420500000E+9	1.937841000E-5
1.420503333E+9	1.916096000E-5
1.420506667E+9	1.969744000E-5
1.420510000E+9	1.919326000E-5
1.420513333E+9	1.851315000E-5
1.420516667E+9	1.946619000E-5
1.420520000E+9	1.912242000E-5
1.420523333E+9	1.950594000E-5
1.420526667E+9	1.951995000E-5
1.420530000E+9	1.962490000E-5
1.420533333E+9	1.890092000E-5
1.420536667E+9	1.950001000E-5
1.420540000E+9	1.932366000E-5
1.420543333E+9	1.931800000E-5
1.420546667E+9	1.949072000E-5
1.420550000E+9	1.955955000E-5
1.420553333E+9	1.907117000E-5
1.420556667E+9	1.919954000E-5
1.420560000E+9	1.920327000E-5
1.420563333E+9	1.917713000E-5
1.420566667E+9	1.939979000E-5
1.420570000E+9	1.972570000E-5
1.420573333E+9	1.973183000E-5
1.420576667E+9	1.937782000E-5
1.420580000E+9	1.908910000E-5
1.420583333E+9	1.918681000E-5
1.420586667E+9	1.950559000E-5
1.420590000E+9	2.032980000E-5
1.420593333E+9	1.922984000E-5
1.420596667E+9	1.963333000E-5
1.420600000E+9	1.917251000E-5
1.420603333E+9	1.952106000E-5
1.420606667E+9	1.914027000E-5
1.420610000E+9	1.929879000E-5
1.420613333E+9	1.967733000E-5
1.420616667E+9	1.939152000E-5
1.420620000E+9	1.984453000E-5
1.420623333E+9	1.977449000E-5
1.420626667E+9	1.944055000E-5
1.420630000E+9	1.879187000E-5
1.420633333E+9	1.899352000E-5
1.420636667E+9	1.915435000E-5
1.420640000E+9	1.932370000E-5
1.420643333E+9	1.891969000E-5
1.420646667E+9	1.898762000E-5
1.420650000E+9	1.887792000E-5
1.420653333E+9	1.860748000E-5
1.420656667E+9	1.871316000E-5
1.420660000E+9	1.842189000E-5
1.420663333E+9	1.902073000E-5
1.420666667E+9	1.854988000E-5
1.420670000E+9	1.858186000E-5
1.420673333E+9	1.840980000E-5
1.420676667E+9	1.857017000E-5
1.420680000E+9	1.818479000E-5
1.420683333E+9	1.849495000E-5
1.420686667E+9	1.830503000E-5
1.420690000E+9	1.842636000E-5
1.420693333E+9	1.850740000E-5
1.420696667E+9	1.798081000E-5
1.420700000E+9	1.839965000E-5
1.420703333E+9	1.784047000E-5
1.420706667E+9	1.826431000E-5
1.420710000E+9	1.843380000E-5
1.420713333E+9	1.807474000E-5
1.420716667E+9	1.765021000E-5
1.420720000E+9	1.760380000E-5
1.420723333E+9	1.741460000E-5
1.420726667E+9	1.791460000E-5
1.420730000E+9	1.807773000E-5
1.420733333E+9	1.811238000E-5
1.420736667E+9	1.762271000E-5
1.420740000E+9	1.792151000E-5
1.420743333E+9	1.785046000E-5
1.420746667E+9	1.739789000E-5
1.420750000E+9	1.756970000E-5
1.420753333E+9	1.768198000E-5
1.420756667E+9	1.819502000E-5
1.420760000E+9	1.754079000E-5
1.420763333E+9	1.801107000E-5
1.420766667E+9	1.759570000E-5
1.420770000E+9	1.779031000E-5
1.420773333E+9	1.746749000E-5
1.420776667E+9	1.769319000E-5
1.420780000E+9	1.730511000E-5
1.420783333E+9	1.773072000E-5
1.420786667E+9	1.736592000E-5
1.420790000E+9	1.735226000E-5
1.420793333E+9	1.764267000E-5
1.420796667E+9	1.734319000E-5
1.420800000E+9	1.761832000E-5
1.420803333E+9	1.796479000E-5
1.420806667E+9	1.770747000E-5
1.420810000E+9	1.772576000E-5
1.420813333E+9	1.756775000E-5
1.420816667E+9	1.791649000E-5
1.420820000E+9	1.751246000E-5
1.420823333E+9	1.780794000E-5
1.420826667E+9	1.783608000E-5
1.420830000E+9	1.718909000E-5
1.420833333E+9	1.777218000E-5
1.420836667E+9	1.756385000E-5
1.420840000E+9	1.778486000E-5
1.420843333E+9	1.751885000E-5
1.420846667E+9	1.760303000E-5
1.420850000E+9	1.785105000E-5
1.420853333E+9	1.732030000E-5
1.420856667E+9	1.771050000E-5
1.420860000E+9	1.764657000E-5
1.420863333E+9	1.772761000E-5
1.420866667E+9	1.736156000E-5
1.420870000E+9	1.736674000E-5
1.420873333E+9	1.768888000E-5
1.420876667E+9	1.757624000E-5
1.420880000E+9	1.735920000E-5
1.420883333E+9	1.843526000E-5
1.420886667E+9	1.815702000E-5
1.420890000E+9	1.749318000E-5
1.420893333E+9	1.783859000E-5
1.420896667E+9	1.772558000E-5
1.420900000E+9	1.770545000E-5
1.420903333E+9	1.788996000E-5
1.420906667E+9	1.792617000E-5
1.420910000E+9	1.797138000E-5
1.420913333E+9	1.971581000E-5
1.420916667E+9	1.929542000E-5
1.420920000E+9	1.763556000E-5
1.420923333E+9	1.732041000E-5
1.420926667E+9	1.826714000E-5
1.420930000E+9	1.799501000E-5
1.420933333E+9	1.775246000E-5
1.420936667E+9	1.763487000E-5
1.420940000E+9	1.758174000E-5
1.420943333E+9	1.780311000E-5
1.420946667E+9	1.755786000E-5
1.420950000E+9	1.764362000E-5
1.420953333E+9	1.749958000E-5
1.420956667E+9	1.784575000E-5
1.420960000E+9	1.747746000E-5
1.420963333E+9	1.746645000E-5
1.420966667E+9	1.759804000E-5
1.420970000E+9	1.765864000E-5
1.420973333E+9	1.750350000E-5
1.420976667E+9	1.757230000E-5
1.420980000E+9	1.736762000E-5
1.420983333E+9	1.760770000E-5
1.420986667E+9	1.788726000E-5
1.420990000E+9	1.824692000E-5
1.420993333E+9	1.790461000E-5
1.420996667E+9	1.717194000E-5
1.421000000E+9	1.731207000E-5
1.421003333E+9	1.740210000E-5
1.421006667E+9	1.765275000E-5
1.421010000E+9	1.743036000E-5
1.421013333E+9	1.749993000E-5
1.421016667E+9	1.761349000E-5
1.421020000E+9	1.761099000E-5
1.421023333E+9	1.761302000E-5
1.421026667E+9	1.758589000E-5
1.421030000E+9	1.698637000E-5
1.421033333E+9	1.756808000E-5
1.421036667E+9	1.820347000E-5
1.421040000E+9	1.805195000E-5
1.421043333E+9	1.753905000E-5
1.421046667E+9	1.717513000E-5
1.421050000E+9	1.795726000E-5
1.421053333E+9	1.772544000E-5
1.421056667E+9	1.739787000E-5
1.421060000E+9	1.782633000E-5
1.421063333E+9	1.795036000E-5
1.421066667E+9	1.787015000E-5
1.421070000E+9	1.744560000E-5
1.421073333E+9	1.738307000E-5
1.421076667E+9	1.746488000E-5
1.421080000E+9	1.788017000E-5
1.421083333E+9	1.812480000E-5
1.421086667E+9	1.735096000E-5
1.421090000E+9	1.785052000E-5
1.421093333E+9	1.771974000E-5
1.421096667E+9	1.778254000E-5
1.421100000E+9	1.779236000E-5
1.421103333E+9	1.759084000E-5
1.421106667E+9	1.741010000E-5
1.421110000E+9	1.758182000E-5
1.421113333E+9	1.716188000E-5
1.421116667E+9	1.762817000E-5
1.421120000E+9	1.777011000E-5
1.421123333E+9	1.779160000E-5
1.421126667E+9	1.779012000E-5
1.421130000E+9	1.826774000E-5
1.421133333E+9	1.787338000E-5
1.421136667E+9	1.746095000E-5
1.421140000E+9	1.763584000E-5
1.421143333E+9	1.762043000E-5
1.421146667E+9	1.747439000E-5
1.421150000E+9	1.745773000E-5
1.421153333E+9	1.783318000E-5
1.421156667E+9	1.769853000E-5
1.421160000E+9	1.759255000E-5
1.421163333E+9	1.748331000E-5
1.421166667E+9	1.777237000E-5
1.421170000E+9	1.755580000E-5
1.421173333E+9	1.746233000E-5
1.421176667E+9	1.806472000E-5
1.421180000E+9	1.788938000E-5
1.421183333E+9	1.749641000E-5
1.421186667E+9	1.759298000E-5
1.421190000E+9	1.750560000E-5
1.421193333E+9	1.742653000E-5
1.421196667E+9	1.757423000E-5
1.421200000E+9	1.726094000E-5
1.421203333E+9	1.794271000E-5
1.421206667E+9	1.875273000E-5
1.421210000E+9	1.792511000E-5
1.421213333E+9	1.772831000E-5
1.421216667E+9	1.780516000E-5
1.421220000E+9	1.765162000E-5
1.421223333E+9	1.775263000E-5
1.421226667E+9	1.738369000E-5
1.421230000E+9	1.753291000E-5
1.421233333E+9	1.778086000E-5
1.421236667E+9	1.754807000E-5
1.421240000E+9	1.765645000E-5
1.421243333E+9	1.758410000E-5
1.421246667E+9	1.774145000E-5
1.421250000E+9	1.769597000E-5
1.421253333E+9	1.766537000E-5
1.421256667E+9	1.758446000E-5
1.421260000E+9	1.757821000E-5
1.421263333E+9	1.729968000E-5
1.421266667E+9	1.765653000E-5
1.421270000E+9	1.804705000E-5
1.421273333E+9	1.739499000E-5
1.421276667E+9	1.738598000E-5
1.421280000E+9	1.741475000E-5
1.421283333E+9	1.781064000E-5
1.421286667E+9	1.741633000E-5
1.421290000E+9	1.738414000E-5
1.421293333E+9	1.759705000E-5
1.421296667E+9	1.763280000E-5
1.421300000E+9	1.745081000E-5
1.421303333E+9	1.751236000E-5
1.421306667E+9	1.769363000E-5
1.421310000E+9	1.756173000E-5
1.421313333E+9	1.754969000E-5
1.421316667E+9	1.788738000E-5
1.421320000E+9	1.733952000E-5
1.421323333E+9	1.740544000E-5
1.421326667E+9	1.750264000E-5
1.421330000E+9	1.743614000E-5
1.421333333E+9	1.734717000E-5
1.421336667E+9	1.762858000E-5
1.421340000E+9	1.753312000E-5
1.421343333E+9	1.741714000E-5
1.421346667E+9	1.729009000E-5
1.421350000E+9	1.750024000E-5
1.421353333E+9	1.756632000E-5
1.421356667E+9	1.717537000E-5
1.421360000E+9	1.739592000E-5
1.421363333E+9	1.798674000E-5
1.421366667E+9	1.773417000E-5
1.421370000E+9	1.760216000E-5
1.421373333E+9	1.670894000E-5
1.421376667E+9	1.708691000E-5
1.421380000E+9	1.744246000E-5
1.421383333E+9	1.754329000E-5
1.421386667E+9	1.766622000E-5
1.421390000E+9	1.721572000E-5
1.421393333E+9	1.748049000E-5
1.421396667E+9	1.747863000E-5
1.421400000E+9	1.746726000E-5
