Frequency, Hz	Amplitude, Volts
1.419400000E+9	2.115698000E-5
1.419403333E+9	2.091769000E-5
1.419406667E+9	2.070189000E-5
1.419410000E+9	2.086503000E-5
1.419413333E+9	2.098120000E-5
1.419416667E+9	2.110793000E-5
1.419420000E+9	2.142695000E-5
1.419423333E+9	2.125827000E-5
1.419426667E+9	2.079584000E-5
1.419430000E+9	2.086109000E-5
1.419433333E+9	2.114008000E-5
1.419436667E+9	2.134392000E-5
1.419440000E+9	2.104236000E-5
1.419443333E+9	2.191323000E-5
1.419446667E+9	2.087153000E-5
1.419450000E+9	2.137757000E-5
1.419453333E+9	2.275774000E-5
1.419456667E+9	2.191315000E-5
1.419460000E+9	2.100017000E-5
1.419463333E+9	2.103189000E-5
1.419466667E+9	2.144111000E-5
1.419470000E+9	2.100614000E-5
1.419473333E+9	2.078262000E-5
1.419476667E+9	2.105613000E-5
1.419480000E+9	2.086608000E-5
1.419483333E+9	2.102100000E-5
1.419486667E+9	2.124570000E-5
1.419490000E+9	2.215761000E-5
1.419493333E+9	2.129865000E-5
1.419496667E+9	2.125167000E-5
1.419500000E+9	2.087710000E-5
1.419503333E+9	2.089923000E-5
1.419506667E+9	2.083055000E-5
1.419510000E+9	2.114054000E-5
1.419513333E+9	2.080173000E-5
1.419516667E+9	2.029311000E-5
1.419520000E+9	2.107972000E-5
1.419523333E+9	2.091565000E-5
1.419526667E+9	2.073599000E-5
1.419530000E+9	2.084490000E-5
1.419533333E+9	2.125214000E-5
1.419536667E+9	2.153118000E-5
1.419540000E+9	2.111586000E-5
1.419543333E+9	2.111445000E-5
1.419546667E+9	2.088556000E-5
1.419550000E+9	2.107831000E-5
1.419553333E+9	2.079502000E-5
1.419556667E+9	2.101862000E-5
1.419560000E+9	2.103741000E-5
1.419563333E+9	2.078244000E-5
1.419566667E+9	2.092750000E-5
1.419570000E+9	2.098551000E-5
1.419573333E+9	2.100272000E-5
1.419576667E+9	2.067218000E-5
1.419580000E+9	2.128990000E-5
1.419583333E+9	2.173707000E-5
1.419586667E+9	2.073604000E-5
1.419590000E+9	2.066040000E-5
1.419593333E+9	2.074678000E-5
1.419596667E+9	2.088146000E-5
1.419600000E+9	2.133211000E-5
1.419603333E+9	2.058125000E-5
1.419606667E+9	2.054790000E-5
1.419610000E+9	2.068551000E-5
1.419613333E+9	2.046615000E-5
1.419616667E+9	2.003944000E-5
1.419620000E+9	2.109982000E-5
1.419623333E+9	2.071064000E-5
1.419626667E+9	2.097040000E-5
1.419630000E+9	2.170438000E-5
1.419633333E+9	2.066560000E-5
1.419636667E+9	2.151058000E-5
1.419640000E+9	2.040185000E-5
1.419643333E+9	2.080790000E-5
1.419646667E+9	2.086079000E-5
1.419650000E+9	2.071869000E-5
1.419653333E+9	2.093278000E-5
1.419656667E+9	2.056725000E-5
1.419660000E+9	2.076335000E-5
1.419663333E+9	2.074690000E-5
1.419666667E+9	2.055641000E-5
1.419670000E+9	2.083501000E-5
1.419673333E+9	2.121884000E-5
1.419676667E+9	2.188449000E-5
1.419680000E+9	2.105474000E-5
1.419683333E+9	2.078637000E-5
1.419686667E+9	2.070382000E-5
1.419690000E+9	2.044138000E-5
1.419693333E+9	2.080790000E-5
1.419696667E+9	2.089893000E-5
1.419700000E+9	2.096641000E-5
1.419703333E+9	2.039230000E-5
1.419706667E+9	2.041643000E-5
1.419710000E+9	2.070837000E-5
1.419713333E+9	2.089272000E-5
1.419716667E+9	2.065752000E-5
1.419720000E+9	2.094343000E-5
1.419723333E+9	2.123576000E-5
1.419726667E+9	2.114767000E-5
1.419730000E+9	2.087447000E-5
1.419733333E+9	2.086005000E-5
1.419736667E+9	2.076967000E-5
1.419740000E+9	2.059007000E-5
1.419743333E+9	2.089363000E-5
1.419746667E+9	2.329186000E-5
1.419750000E+9	2.115150000E-5
1.419753333E+9	2.107100000E-5
1.419756667E+9	2.074701000E-5
1.419760000E+9	2.033270000E-5
1.419763333E+9	2.050033000E-5
1.419766667E+9	2.098292000E-5
1.419770000E+9	2.169904000E-5
1.419773333E+9	2.084735000E-5
1.419776667E+9	2.095051000E-5
1.419780000E+9	2.060657000E-5
1.419783333E+9	2.012561000E-5
1.419786667E+9	2.053414000E-5
1.419790000E+9	2.086134000E-5
1.419793333E+9	2.116579000E-5
1.419796667E+9	2.080217000E-5
1.419800000E+9	2.030785000E-5
1.419803333E+9	2.053793000E-5
1.419806667E+9	2.048960000E-5
1.419810000E+9	2.068789000E-5
1.419813333E+9	2.160061000E-5
1.419816667E+9	2.103917000E-5
1.419820000E+9	2.070328000E-5
1.419823333E+9	2.052375000E-5
1.419826667E+9	2.067949000E-5
1.419830000E+9	2.050780000E-5
1.419833333E+9	2.068412000E-5
1.419836667E+9	2.063902000E-5
1.419840000E+9	2.098772000E-5
1.419843333E+9	2.091457000E-5
1.419846667E+9	2.091147000E-5
1.419850000E+9	2.053971000E-5
1.419853333E+9	2.041749000E-5
1.419856667E+9	2.042984000E-5
1.419860000E+9	2.083286000E-5
1.419863333E+9	2.175431000E-5
1.419866667E+9	2.092892000E-5
1.419870000E+9	2.113182000E-5
1.419873333E+9	2.044649000E-5
1.419876667E+9	2.090004000E-5
1.419880000E+9	2.082449000E-5
1.419883333E+9	2.059375000E-5
1.419886667E+9	2.035705000E-5
1.419890000E+9	2.074505000E-5
1.419893333E+9	2.042188000E-5
1.419896667E+9	2.067270000E-5
1.419900000E+9	2.080573000E-5
1.419903333E+9	2.090141000E-5
1.419906667E+9	2.043967000E-5
1.419910000E+9	2.109575000E-5
1.419913333E+9	2.084059000E-5
1.419916667E+9	2.047379000E-5
1.419920000E+9	2.051749000E-5
1.419923333E+9	2.014133000E-5
1.419926667E+9	2.044719000E-5
1.419930000E+9	2.046547000E-5
1.419933333E+9	2.077509000E-5
1.419936667E+9	2.064879000E-5
1.419940000E+9	2.082339000E-5
1.419943333E+9	2.062031000E-5
1.419946667E+9	2.038557000E-5
1.419950000E+9	2.141046000E-5
1.419953333E+9	2.038615000E-5
1.419956667E+9	2.100971000E-5
1.419960000E+9	2.057587000E-5
1.419963333E+9	2.043552000E-5
1.419966667E+9	2.037393000E-5
1.419970000E+9	2.070082000E-5
1.419973333E+9	2.072987000E-5
1.419976667E+9	2.065045000E-5
1.419980000E+9	2.060438000E-5
1.419983333E+9	2.048557000E-5
1.419986667E+9	2.104712000E-5
1.419990000E+9	2.056020000E-5
1.419993333E+9	2.035611000E-5
1.419996667E+9	2.075189000E-5
1.420000000E+9	2.081135000E-5
1.420003333E+9	2.159131000E-5
1.420006667E+9	2.064838000E-5
1.420010000E+9	2.012747000E-5
1.420013333E+9	2.076967000E-5
1.420016667E+9	2.019197000E-5
1.420020000E+9	2.050402000E-5
1.420023333E+9	2.033998000E-5
1.420026667E+9	2.104418000E-5
1.420030000E+9	2.002242000E-5
1.420033333E+9	2.110258000E-5
1.420036667E+9	2.084298000E-5
1.420040000E+9	2.300787000E-5
1.420043333E+9	2.101650000E-5
1.420046667E+9	2.125718000E-5
1.420050000E+9	2.122763000E-5
1.420053333E+9	2.066698000E-5
1.420056667E+9	2.042744000E-5
1.420060000E+9	2.005866000E-5
1.420063333E+9	2.083106000E-5
1.420066667E+9	2.055551000E-5
1.420070000E+9	2.037212000E-5
1.420073333E+9	2.081725000E-5
1.420076667E+9	2.061425000E-5
1.420080000E+9	2.010726000E-5
1.420083333E+9	2.060716000E-5
1.420086667E+9	2.036595000E-5
1.420090000E+9	2.009326000E-5
1.420093333E+9	2.040561000E-5
1.420096667E+9	2.099223000E-5
1.420100000E+9	2.058423000E-5
1.420103333E+9	2.033476000E-5
1.420106667E+9	2.002004000E-5
1.420110000E+9	2.047174000E-5
1.420113333E+9	2.040223000E-5
1.420116667E+9	2.044450000E-5
1.420120000E+9	2.051202000E-5
1.420123333E+9	2.045186000E-5
1.420126667E+9	2.067154000E-5
1.420130000E+9	2.050168000E-5
1.420133333E+9	2.026766000E-5
1.420136667E+9	2.023327000E-5
1.420140000E+9	2.072575000E-5
1.420143333E+9	2.106395000E-5
1.420146667E+9	2.039631000E-5
1.420150000E+9	2.081457000E-5
1.420153333E+9	2.053279000E-5
1.420156667E+9	2.030138000E-5
1.420160000E+9	2.050837000E-5
1.420163333E+9	2.057775000E-5
1.420166667E+9	2.055160000E-5
1.420170000E+9	1.990460000E-5
1.420173333E+9	2.031567000E-5
1.420176667E+9	2.040144000E-5
1.420180000E+9	2.052004000E-5
1.420183333E+9	2.042915000E-5
1.420186667E+9	2.070450000E-5
1.420190000E+9	2.121288000E-5
1.420193333E+9	2.024024000E-5
1.420196667E+9	2.019115000E-5
1.420200000E+9	2.009351000E-5
1.420203333E+9	2.064831000E-5
1.420206667E+9	2.015593000E-5
1.420210000E+9	2.058667000E-5
1.420213333E+9	2.044663000E-5
1.420216667E+9	2.078819000E-5
1.420220000E+9	2.052569000E-5
1.420223333E+9	2.021539000E-5
1.420226667E+9	2.013138000E-5
1.420230000E+9	2.019547000E-5
1.420233333E+9	2.069921000E-5
1.420236667E+9	2.061972000E-5
1.420240000E+9	2.073727000E-5
1.420243333E+9	2.065922000E-5
1.420246667E+9	2.049837000E-5
1.420250000E+9	2.052472000E-5
1.420253333E+9	2.028026000E-5
1.420256667E+9	2.033846000E-5
1.420260000E+9	2.038926000E-5
1.420263333E+9	2.084371000E-5
1.420266667E+9	2.041291000E-5
1.420270000E+9	2.020274000E-5
1.420273333E+9	2.056289000E-5
1.420276667E+9	2.076609000E-5
1.420280000E+9	2.093106000E-5
1.420283333E+9	2.109093000E-5
1.420286667E+9	2.030624000E-5
1.420290000E+9	2.050114000E-5
1.420293333E+9	2.059282000E-5
1.420296667E+9	2.078162000E-5
1.420300000E+9	2.083211000E-5
1.420303333E+9	2.097555000E-5
1.420306667E+9	2.100992000E-5
1.420310000E+9	2.015579000E-5
1.420313333E+9	2.095532000E-5
1.420316667E+9	2.095286000E-5
1.420320000E+9	2.016053000E-5
1.420323333E+9	2.050981000E-5
1.420326667E+9	2.071046000E-5
1.420330000E+9	2.118409000E-5
1.420333333E+9	2.316661000E-5
1.420336667E+9	2.096321000E-5
1.420340000E+9	2.055885000E-5
1.420343333E+9	2.017696000E-5
1.420346667E+9	2.050907000E-5
1.420350000E+9	2.030597000E-5
1.420353333E+9	2.071562000E-5
1.420356667E+9	2.054729000E-5
1.420360000E+9	2.044351000E-5
1.420363333E+9	2.055135000E-5
1.420366667E+9	2.085831000E-5
1.420370000E+9	2.027118000E-5
1.420373333E+9	2.066417000E-5
1.420376667E+9	2.085156000E-5
1.420380000E+9	2.039264000E-5
1.420383333E+9	2.004782000E-5
1.420386667E+9	2.038257000E-5
1.420390000E+9	2.011865000E-5
1.420393333E+9	2.053293000E-5
1.420396667E+9	2.082612000E-5
1.420400000E+9	2.088584000E-5
1.420403333E+9	2.005941000E-5
1.420406667E+9	2.041975000E-5
1.420410000E+9	2.018809000E-5
1.420413333E+9	2.062226000E-5
1.420416667E+9	2.077514000E-5
1.420420000E+9	2.089969000E-5
1.420423333E+9	2.098912000E-5
1.420426667E+9	2.005251000E-5
1.420430000E+9	2.055282000E-5
1.420433333E+9	2.020731000E-5
1.420436667E+9	2.055165000E-5
1.420440000E+9	1.997071000E-5
1.420443333E+9	2.049266000E-5
1.420446667E+9	2.050591000E-5
1.420450000E+9	2.053383000E-5
1.420453333E+9	2.026499000E-5
1.420456667E+9	2.065970000E-5
1.420460000E+9	2.028496000E-5
1.420463333E+9	2.017486000E-5
1.420466667E+9	2.069223000E-5
1.420470000E+9	2.106011000E-5
1.420473333E+9	2.029040000E-5
1.420476667E+9	2.048251000E-5
1.420480000E+9	2.030091000E-5
1.420483333E+9	2.078153000E-5
1.420486667E+9	2.042731000E-5
1.420490000E+9	2.071148000E-5
1.420493333E+9	2.043094000E-5
1.420496667E+9	2.037838000E-5
1.420500000E+9	2.045806000E-5
1.420503333E+9	1.994028000E-5
1.420506667E+9	2.040026000E-5
1.420510000E+9	2.055614000E-5
1.420513333E+9	2.083746000E-5
1.420516667E+9	2.122045000E-5
1.420520000E+9	2.068637000E-5
1.420523333E+9	2.031269000E-5
1.420526667E+9	2.034811000E-5
1.420530000E+9	2.039000000E-5
1.420533333E+9	2.053913000E-5
1.420536667E+9	2.040653000E-5
1.420540000E+9	2.065623000E-5
1.420543333E+9	2.057016000E-5
1.420546667E+9	2.043601000E-5
1.420550000E+9	2.024889000E-5
1.420553333E+9	2.088664000E-5
1.420556667E+9	2.036469000E-5
1.420560000E+9	2.037637000E-5
1.420563333E+9	2.072939000E-5
1.420566667E+9	1.991862000E-5
1.420570000E+9	2.030544000E-5
1.420573333E+9	2.017001000E-5
1.420576667E+9	2.047064000E-5
1.420580000E+9	2.033746000E-5
1.420583333E+9	2.052209000E-5
1.420586667E+9	2.066067000E-5
1.420590000E+9	2.056174000E-5
1.420593333E+9	2.009148000E-5
1.420596667E+9	2.009000000E-5
1.420600000E+9	2.012026000E-5
1.420603333E+9	2.030218000E-5
1.420606667E+9	2.045002000E-5
1.420610000E+9	2.046817000E-5
1.420613333E+9	2.035797000E-5
1.420616667E+9	2.037796000E-5
1.420620000E+9	2.034454000E-5
1.420623333E+9	2.137495000E-5
1.420626667E+9	2.476813000E-5
1.420630000E+9	2.064294000E-5
1.420633333E+9	2.061916000E-5
1.420636667E+9	2.070123000E-5
1.420640000E+9	2.042029000E-5
1.420643333E+9	2.037451000E-5
1.420646667E+9	2.006551000E-5
1.420650000E+9	2.036827000E-5
1.420653333E+9	2.089446000E-5
1.420656667E+9	2.094699000E-5
1.420660000E+9	2.040279000E-5
1.420663333E+9	2.029443000E-5
1.420666667E+9	2.024151000E-5
1.420670000E+9	2.050087000E-5
1.420673333E+9	2.034628000E-5
1.420676667E+9	2.026386000E-5
1.420680000E+9	2.042038000E-5
1.420683333E+9	2.018292000E-5
1.420686667E+9	2.022991000E-5
1.420690000E+9	2.018438000E-5
1.420693333E+9	2.039204000E-5
1.420696667E+9	2.022774000E-5
1.420700000E+9	2.071483000E-5
1.420703333E+9	2.040214000E-5
1.420706667E+9	2.009474000E-5
1.420710000E+9	2.034758000E-5
1.420713333E+9	2.051436000E-5
1.420716667E+9	2.025331000E-5
1.420720000E+9	1.988894000E-5
1.420723333E+9	2.031454000E-5
1.420726667E+9	1.981701000E-5
1.420730000E+9	2.002354000E-5
1.420733333E+9	2.026219000E-5
1.420736667E+9	1.972159000E-5
1.420740000E+9	2.000295000E-5
1.420743333E+9	2.058460000E-5
1.420746667E+9	2.058053000E-5
1.420750000E+9	2.076246000E-5
1.420753333E+9	2.038857000E-5
1.420756667E+9	2.023200000E-5
1.420760000E+9	2.004573000E-5
1.420763333E+9	2.002604000E-5
1.420766667E+9	2.024113000E-5
1.420770000E+9	2.026586000E-5
1.420773333E+9	2.044723000E-5
1.420776667E+9	1.996348000E-5
1.420780000E+9	2.036586000E-5
1.420783333E+9	1.993923000E-5
1.420786667E+9	2.031646000E-5
1.420790000E+9	2.030481000E-5
1.420793333E+9	2.048114000E-5
1.420796667E+9	2.063257000E-5
1.420800000E+9	2.017486000E-5
1.420803333E+9	2.029537000E-5
1.420806667E+9	2.009532000E-5
1.420810000E+9	2.040819000E-5
1.420813333E+9	1.997979000E-5
1.420816667E+9	2.023298000E-5
1.420820000E+9	2.074722000E-5
1.420823333E+9	2.023025000E-5
1.420826667E+9	2.011755000E-5
1.420830000E+9	2.031712000E-5
1.420833333E+9	2.026766000E-5
1.420836667E+9	2.025723000E-5
1.420840000E+9	2.043698000E-5
1.420843333E+9	2.030499000E-5
1.420846667E+9	1.996418000E-5
1.420850000E+9	2.048823000E-5
1.420853333E+9	1.990858000E-5
1.420856667E+9	2.007994000E-5
1.420860000E+9	1.998771000E-5
1.420863333E+9	1.965719000E-5
1.420866667E+9	1.992170000E-5
1.420870000E+9	2.001688000E-5
1.420873333E+9	2.010244000E-5
1.420876667E+9	1.997600000E-5
1.420880000E+9	2.040008000E-5
1.420883333E+9	2.046812000E-5
1.420886667E+9	2.061488000E-5
1.420890000E+9	2.062658000E-5
1.420893333E+9	2.028180000E-5
1.420896667E+9	2.033292000E-5
1.420900000E+9	2.123854000E-5
1.420903333E+9	2.057583000E-5
1.420906667E+9	2.036563000E-5
1.420910000E+9	2.005086000E-5
1.420913333E+9	2.129579000E-5
1.420916667E+9	2.424563000E-5
1.420920000E+9	3.085452000E-5
1.420923333E+9	2.064761000E-5
1.420926667E+9	2.099894000E-5
1.420930000E+9	2.012459000E-5
1.420933333E+9	2.018239000E-5
1.420936667E+9	2.045559000E-5
1.420940000E+9	2.013593000E-5
1.420943333E+9	2.035830000E-5
1.420946667E+9	2.006295000E-5
1.420950000E+9	2.066024000E-5
1.420953333E+9	2.026188000E-5
1.420956667E+9	2.044818000E-5
1.420960000E+9	2.027285000E-5
1.420963333E+9	2.018044000E-5
1.420966667E+9	2.024500000E-5
1.420970000E+9	1.987785000E-5
1.420973333E+9	2.016354000E-5
1.420976667E+9	2.038501000E-5
1.420980000E+9	2.029755000E-5
1.420983333E+9	2.038062000E-5
1.420986667E+9	1.989532000E-5
1.420990000E+9	1.982885000E-5
1.420993333E+9	2.082753000E-5
1.420996667E+9	2.037691000E-5
1.421000000E+9	2.003992000E-5
1.421003333E+9	2.035046000E-5
1.421006667E+9	2.044638000E-5
1.421010000E+9	2.010657000E-5
1.421013333E+9	2.014405000E-5
1.421016667E+9	2.028843000E-5
1.421020000E+9	2.034043000E-5
1.421023333E+9	2.012117000E-5
1.421026667E+9	2.051699000E-5
1.421030000E+9	2.032525000E-5
1.421033333E+9	2.043857000E-5
1.421036667E+9	2.009565000E-5
1.421040000E+9	2.012053000E-5
1.421043333E+9	2.033105000E-5
1.421046667E+9	2.037118000E-5
1.421050000E+9	2.029958000E-5
1.421053333E+9	2.043963000E-5
1.421056667E+9	2.033759000E-5
1.421060000E+9	1.993218000E-5
1.421063333E+9	1.968911000E-5
1.421066667E+9	1.999930000E-5
1.421070000E+9	2.010525000E-5
1.421073333E+9	2.057565000E-5
1.421076667E+9	2.038255000E-5
1.421080000E+9	2.004388000E-5
1.421083333E+9	2.037993000E-5
1.421086667E+9	2.001908000E-5
1.421090000E+9	2.037997000E-5
1.421093333E+9	2.024187000E-5
1.421096667E+9	2.038371000E-5
1.421100000E+9	2.035184000E-5
1.421103333E+9	2.048946000E-5
1.421106667E+9	2.029933000E-5
1.421110000E+9	2.033665000E-5
1.421113333E+9	2.002455000E-5
1.421116667E+9	2.029421000E-5
1.421120000E+9	2.046469000E-5
1.421123333E+9	2.085607000E-5
1.421126667E+9	2.024720000E-5
1.421130000E+9	2.021546000E-5
1.421133333E+9	2.021854000E-5
1.421136667E+9	2.038702000E-5
1.421140000E+9	1.981224000E-5
1.421143333E+9	2.025045000E-5
1.421146667E+9	2.041590000E-5
1.421150000E+9	2.059196000E-5
1.421153333E+9	2.000361000E-5
1.421156667E+9	2.015661000E-5
1.421160000E+9	2.034547000E-5
1.421163333E+9	2.004254000E-5
1.421166667E+9	2.073770000E-5
1.421170000E+9	2.060574000E-5
1.421173333E+9	1.985564000E-5
1.421176667E+9	2.081775000E-5
1.421180000E+9	2.084584000E-5
1.421183333E+9	2.008475000E-5
1.421186667E+9	2.023831000E-5
1.421190000E+9	2.060316000E-5
1.421193333E+9	2.069328000E-5
1.421196667E+9	1.982530000E-5
1.421200000E+9	2.030827000E-5
1.421203333E+9	2.023156000E-5
1.421206667E+9	2.039535000E-5
1.421210000E+9	2.200724000E-5
1.421213333E+9	2.437747000E-5
1.421216667E+9	2.039199000E-5
1.421220000E+9	2.039560000E-5
1.421223333E+9	2.023875000E-5
1.421226667E+9	2.041955000E-5
1.421230000E+9	2.072459000E-5
1.421233333E+9	1.990928000E-5
1.421236667E+9	2.011739000E-5
1.421240000E+9	2.049952000E-5
1.421243333E+9	2.010035000E-5
1.421246667E+9	2.022063000E-5
1.421250000E+9	1.994551000E-5
1.421253333E+9	2.041500000E-5
1.421256667E+9	2.051569000E-5
1.421260000E+9	2.065856000E-5
1.421263333E+9	2.016764000E-5
1.421266667E+9	1.965000000E-5
1.421270000E+9	2.016131000E-5
1.421273333E+9	2.049437000E-5
1.421276667E+9	2.089127000E-5
1.421280000E+9	2.042912000E-5
1.421283333E+9	2.014135000E-5
1.421286667E+9	2.008777000E-5
1.421290000E+9	2.039956000E-5
1.421293333E+9	2.006670000E-5
1.421296667E+9	2.036092000E-5
1.421300000E+9	2.098776000E-5
1.421303333E+9	2.024427000E-5
1.421306667E+9	2.069846000E-5
1.421310000E+9	2.052565000E-5
1.421313333E+9	2.028164000E-5
1.421316667E+9	2.043532000E-5
1.421320000E+9	2.042359000E-5
1.421323333E+9	2.025710000E-5
1.421326667E+9	2.023604000E-5
1.421330000E+9	2.043375000E-5
1.421333333E+9	2.042433000E-5
1.421336667E+9	2.062443000E-5
1.421340000E+9	2.028518000E-5
1.421343333E+9	2.123977000E-5
1.421346667E+9	2.129605000E-5
1.421350000E+9	2.051055000E-5
1.421353333E+9	2.069805000E-5
1.421356667E+9	2.120405000E-5
1.421360000E+9	2.084643000E-5
1.421363333E+9	2.113354000E-5
1.421366667E+9	2.306840000E-5
1.421370000E+9	2.110351000E-5
1.421373333E+9	2.045085000E-5
1.421376667E+9	1.992483000E-5
1.421380000E+9	2.074701000E-5
1.421383333E+9	2.038924000E-5
1.421386667E+9	2.040442000E-5
1.421390000E+9	2.064013000E-5
1.421393333E+9	2.056329000E-5
1.421396667E+9	2.030319000E-5
1.421400000E+9	2.055975000E-5
