Frequency, Hz	Amplitude, Volts
1.419400000E+9	2.259806000E-5
1.419403333E+9	2.394097000E-5
1.419406667E+9	2.302066000E-5
1.419410000E+9	2.280980000E-5
1.419413333E+9	2.286918000E-5
1.419416667E+9	2.300436000E-5
1.419420000E+9	2.259471000E-5
1.419423333E+9	2.367581000E-5
1.419426667E+9	2.349753000E-5
1.419430000E+9	2.285512000E-5
1.419433333E+9	2.256625000E-5
1.419436667E+9	2.240705000E-5
1.419440000E+9	2.320367000E-5
1.419443333E+9	2.293665000E-5
1.419446667E+9	2.472715000E-5
1.419450000E+9	2.705031000E-5
1.419453333E+9	2.767129000E-5
1.419456667E+9	2.529258000E-5
1.419460000E+9	2.435053000E-5
1.419463333E+9	2.374172000E-5
1.419466667E+9	2.286903000E-5
1.419470000E+9	2.294352000E-5
1.419473333E+9	2.261784000E-5
1.419476667E+9	2.308596000E-5
1.419480000E+9	2.308660000E-5
1.419483333E+9	2.287922000E-5
1.419486667E+9	2.263874000E-5
1.419490000E+9	2.375914000E-5
1.419493333E+9	2.247429000E-5
1.419496667E+9	2.353169000E-5
1.419500000E+9	2.349209000E-5
1.419503333E+9	2.282849000E-5
1.419506667E+9	2.308703000E-5
1.419510000E+9	2.341298000E-5
1.419513333E+9	2.336347000E-5
1.419516667E+9	2.266309000E-5
1.419520000E+9	2.337972000E-5
1.419523333E+9	2.287719000E-5
1.419526667E+9	2.310460000E-5
1.419530000E+9	2.307152000E-5
1.419533333E+9	2.310967000E-5
1.419536667E+9	2.241990000E-5
1.419540000E+9	2.425655000E-5
1.419543333E+9	2.320400000E-5
1.419546667E+9	2.352699000E-5
1.419550000E+9	2.364484000E-5
1.419553333E+9	2.262343000E-5
1.419556667E+9	2.249310000E-5
1.419560000E+9	2.290471000E-5
1.419563333E+9	2.305291000E-5
1.419566667E+9	2.337723000E-5
1.419570000E+9	2.354060000E-5
1.419573333E+9	2.346471000E-5
1.419576667E+9	2.276249000E-5
1.419580000E+9	2.264721000E-5
1.419583333E+9	2.316028000E-5
1.419586667E+9	2.255255000E-5
1.419590000E+9	2.381712000E-5
1.419593333E+9	2.352799000E-5
1.419596667E+9	2.332428000E-5
1.419600000E+9	2.285690000E-5
1.419603333E+9	2.350034000E-5
1.419606667E+9	2.310300000E-5
1.419610000E+9	2.325067000E-5
1.419613333E+9	2.348693000E-5
1.419616667E+9	2.271682000E-5
1.419620000E+9	2.340273000E-5
1.419623333E+9	2.322493000E-5
1.419626667E+9	2.339135000E-5
1.419630000E+9	2.346219000E-5
1.419633333E+9	2.347056000E-5
1.419636667E+9	2.380572000E-5
1.419640000E+9	2.329941000E-5
1.419643333E+9	2.372715000E-5
1.419646667E+9	2.361511000E-5
1.419650000E+9	2.280879000E-5
1.419653333E+9	2.287626000E-5
1.419656667E+9	2.359292000E-5
1.419660000E+9	2.329575000E-5
1.419663333E+9	2.354407000E-5
1.419666667E+9	2.303280000E-5
1.419670000E+9	2.306230000E-5
1.419673333E+9	2.353047000E-5
1.419676667E+9	2.335491000E-5
1.419680000E+9	2.330862000E-5
1.419683333E+9	2.344290000E-5
1.419686667E+9	2.353962000E-5
1.419690000E+9	2.335955000E-5
1.419693333E+9	2.318241000E-5
1.419696667E+9	2.313887000E-5
1.419700000E+9	2.283671000E-5
1.419703333E+9	2.226471000E-5
1.419706667E+9	2.315727000E-5
1.419710000E+9	2.290468000E-5
1.419713333E+9	2.339276000E-5
1.419716667E+9	2.317956000E-5
1.419720000E+9	2.342615000E-5
1.419723333E+9	2.312843000E-5
1.419726667E+9	2.332318000E-5
1.419730000E+9	2.348487000E-5
1.419733333E+9	2.445199000E-5
1.419736667E+9	2.330419000E-5
1.419740000E+9	2.572812000E-5
1.419743333E+9	2.601621000E-5
1.419746667E+9	2.800085000E-5
1.419750000E+9	2.517168000E-5
1.419753333E+9	2.514252000E-5
1.419756667E+9	2.425125000E-5
1.419760000E+9	2.324980000E-5
1.419763333E+9	2.247885000E-5
1.419766667E+9	2.261772000E-5
1.419770000E+9	2.297412000E-5
1.419773333E+9	2.303823000E-5
1.419776667E+9	2.297738000E-5
1.419780000E+9	2.331389000E-5
1.419783333E+9	2.369248000E-5
1.419786667E+9	2.283114000E-5
1.419790000E+9	2.341766000E-5
1.419793333E+9	2.305686000E-5
1.419796667E+9	2.385630000E-5
1.419800000E+9	2.347151000E-5
1.419803333E+9	2.333207000E-5
1.419806667E+9	2.282297000E-5
1.419810000E+9	2.350393000E-5
1.419813333E+9	2.318709000E-5
1.419816667E+9	2.305810000E-5
1.419820000E+9	2.277564000E-5
1.419823333E+9	2.279255000E-5
1.419826667E+9	2.294796000E-5
1.419830000E+9	2.315130000E-5
1.419833333E+9	2.350032000E-5
1.419836667E+9	2.241670000E-5
1.419840000E+9	2.290099000E-5
1.419843333E+9	2.277541000E-5
1.419846667E+9	2.295425000E-5
1.419850000E+9	2.252031000E-5
1.419853333E+9	2.272897000E-5
1.419856667E+9	2.217523000E-5
1.419860000E+9	2.259397000E-5
1.419863333E+9	2.308117000E-5
1.419866667E+9	2.311127000E-5
1.419870000E+9	2.407435000E-5
1.419873333E+9	2.279127000E-5
1.419876667E+9	2.296880000E-5
1.419880000E+9	2.296517000E-5
1.419883333E+9	2.299111000E-5
1.419886667E+9	2.277403000E-5
1.419890000E+9	2.260141000E-5
1.419893333E+9	2.279212000E-5
1.419896667E+9	2.231246000E-5
1.419900000E+9	2.265323000E-5
1.419903333E+9	2.288571000E-5
1.419906667E+9	2.285680000E-5
1.419910000E+9	2.243112000E-5
1.419913333E+9	2.350463000E-5
1.419916667E+9	2.349869000E-5
1.419920000E+9	2.276324000E-5
1.419923333E+9	2.334527000E-5
1.419926667E+9	2.281678000E-5
1.419930000E+9	2.271455000E-5
1.419933333E+9	2.274810000E-5
1.419936667E+9	2.370741000E-5
1.419940000E+9	2.336371000E-5
1.419943333E+9	2.277661000E-5
1.419946667E+9	2.276004000E-5
1.419950000E+9	2.253198000E-5
1.419953333E+9	2.235741000E-5
1.419956667E+9	2.269067000E-5
1.419960000E+9	2.239864000E-5
1.419963333E+9	2.278939000E-5
1.419966667E+9	2.290318000E-5
1.419970000E+9	2.316330000E-5
1.419973333E+9	2.266674000E-5
1.419976667E+9	2.227868000E-5
1.419980000E+9	2.296225000E-5
1.419983333E+9	2.296636000E-5
1.419986667E+9	2.300479000E-5
1.419990000E+9	2.293413000E-5
1.419993333E+9	2.254856000E-5
1.419996667E+9	2.311361000E-5
1.420000000E+9	2.256347000E-5
1.420003333E+9	2.270258000E-5
1.420006667E+9	2.323847000E-5
1.420010000E+9	2.361612000E-5
1.420013333E+9	2.224971000E-5
1.420016667E+9	2.275979000E-5
1.420020000E+9	2.312366000E-5
1.420023333E+9	2.278572000E-5
1.420026667E+9	2.340209000E-5
1.420030000E+9	2.290164000E-5
1.420033333E+9	2.515596000E-5
1.420036667E+9	2.480356000E-5
1.420040000E+9	2.804759000E-5
1.420043333E+9	2.338429000E-5
1.420046667E+9	2.392699000E-5
1.420050000E+9	2.372897000E-5
1.420053333E+9	2.263151000E-5
1.420056667E+9	2.260841000E-5
1.420060000E+9	2.292295000E-5
1.420063333E+9	2.279825000E-5
1.420066667E+9	2.247572000E-5
1.420070000E+9	2.270318000E-5
1.420073333E+9	2.278744000E-5
1.420076667E+9	2.274827000E-5
1.420080000E+9	2.263672000E-5
1.420083333E+9	2.265963000E-5
1.420086667E+9	2.249784000E-5
1.420090000E+9	2.274545000E-5
1.420093333E+9	2.315427000E-5
1.420096667E+9	2.305235000E-5
1.420100000E+9	2.255743000E-5
1.420103333E+9	2.313887000E-5
1.420106667E+9	2.284315000E-5
1.420110000E+9	2.245838000E-5
1.420113333E+9	2.298659000E-5
1.420116667E+9	2.254748000E-5
1.420120000E+9	2.269718000E-5
1.420123333E+9	2.300919000E-5
1.420126667E+9	2.327179000E-5
1.420130000E+9	2.209658000E-5
1.420133333E+9	2.294745000E-5
1.420136667E+9	2.251054000E-5
1.420140000E+9	2.209920000E-5
1.420143333E+9	2.219598000E-5
1.420146667E+9	2.248438000E-5
1.420150000E+9	2.249589000E-5
1.420153333E+9	2.275174000E-5
1.420156667E+9	2.285562000E-5
1.420160000E+9	2.305757000E-5
1.420163333E+9	2.268036000E-5
1.420166667E+9	2.192112000E-5
1.420170000E+9	2.198803000E-5
1.420173333E+9	2.240058000E-5
1.420176667E+9	2.212122000E-5
1.420180000E+9	2.224084000E-5
1.420183333E+9	2.223354000E-5
1.420186667E+9	2.290803000E-5
1.420190000E+9	2.292179000E-5
1.420193333E+9	2.268649000E-5
1.420196667E+9	2.311186000E-5
1.420200000E+9	2.280096000E-5
1.420203333E+9	2.230631000E-5
1.420206667E+9	2.263988000E-5
1.420210000E+9	2.264421000E-5
1.420213333E+9	2.286546000E-5
1.420216667E+9	2.294458000E-5
1.420220000E+9	2.390449000E-5
1.420223333E+9	2.293209000E-5
1.420226667E+9	2.303730000E-5
1.420230000E+9	2.278572000E-5
1.420233333E+9	2.215875000E-5
1.420236667E+9	2.305483000E-5
1.420240000E+9	2.293947000E-5
1.420243333E+9	2.237787000E-5
1.420246667E+9	2.269117000E-5
1.420250000E+9	2.268965000E-5
1.420253333E+9	2.339433000E-5
1.420256667E+9	2.278594000E-5
1.420260000E+9	2.304792000E-5
1.420263333E+9	2.239259000E-5
1.420266667E+9	2.230423000E-5
1.420270000E+9	2.293977000E-5
1.420273333E+9	2.271989000E-5
1.420276667E+9	2.225665000E-5
1.420280000E+9	2.243418000E-5
1.420283333E+9	2.266659000E-5
1.420286667E+9	2.246558000E-5
1.420290000E+9	2.264490000E-5
1.420293333E+9	2.233540000E-5
1.420296667E+9	2.281443000E-5
1.420300000E+9	2.275734000E-5
1.420303333E+9	2.341656000E-5
1.420306667E+9	2.273234000E-5
1.420310000E+9	2.327466000E-5
1.420313333E+9	2.251479000E-5
1.420316667E+9	2.263252000E-5
1.420320000E+9	2.334550000E-5
1.420323333E+9	2.257676000E-5
1.420326667E+9	2.452445000E-5
1.420330000E+9	2.472941000E-5
1.420333333E+9	2.766160000E-5
1.420336667E+9	2.321195000E-5
1.420340000E+9	2.391953000E-5
1.420343333E+9	2.317643000E-5
1.420346667E+9	2.237018000E-5
1.420350000E+9	2.234139000E-5
1.420353333E+9	2.322707000E-5
1.420356667E+9	2.218112000E-5
1.420360000E+9	2.207507000E-5
1.420363333E+9	2.221141000E-5
1.420366667E+9	2.278607000E-5
1.420370000E+9	2.224321000E-5
1.420373333E+9	2.295478000E-5
1.420376667E+9	2.243066000E-5
1.420380000E+9	2.248749000E-5
1.420383333E+9	2.322745000E-5
1.420386667E+9	2.285382000E-5
1.420390000E+9	2.256057000E-5
1.420393333E+9	2.260940000E-5
1.420396667E+9	2.229896000E-5
1.420400000E+9	2.289551000E-5
1.420403333E+9	2.298755000E-5
1.420406667E+9	2.273811000E-5
1.420410000E+9	2.249540000E-5
1.420413333E+9	2.261407000E-5
1.420416667E+9	2.358717000E-5
1.420420000E+9	2.228704000E-5
1.420423333E+9	2.201115000E-5
1.420426667E+9	2.238639000E-5
1.420430000E+9	2.228976000E-5
1.420433333E+9	2.236652000E-5
1.420436667E+9	2.266361000E-5
1.420440000E+9	2.283122000E-5
1.420443333E+9	2.287450000E-5
1.420446667E+9	2.275734000E-5
1.420450000E+9	2.262460000E-5
1.420453333E+9	2.318282000E-5
1.420456667E+9	2.294400000E-5
1.420460000E+9	2.282580000E-5
1.420463333E+9	2.216624000E-5
1.420466667E+9	2.266774000E-5
1.420470000E+9	2.293836000E-5
1.420473333E+9	2.227794000E-5
1.420476667E+9	2.273356000E-5
1.420480000E+9	2.324957000E-5
1.420483333E+9	2.274697000E-5
1.420486667E+9	2.260248000E-5
1.420490000E+9	2.236666000E-5
1.420493333E+9	2.274767000E-5
1.420496667E+9	2.263009000E-5
1.420500000E+9	2.295594000E-5
1.420503333E+9	2.233167000E-5
1.420506667E+9	2.247456000E-5
1.420510000E+9	2.362366000E-5
1.420513333E+9	2.247602000E-5
1.420516667E+9	2.259766000E-5
1.420520000E+9	2.277051000E-5
1.420523333E+9	2.284167000E-5
1.420526667E+9	2.300426000E-5
1.420530000E+9	2.308865000E-5
1.420533333E+9	2.257941000E-5
1.420536667E+9	2.232197000E-5
1.420540000E+9	2.243046000E-5
1.420543333E+9	2.315913000E-5
1.420546667E+9	2.251675000E-5
1.420550000E+9	2.292567000E-5
1.420553333E+9	2.296716000E-5
1.420556667E+9	2.241840000E-5
1.420560000E+9	2.290232000E-5
1.420563333E+9	2.228036000E-5
1.420566667E+9	2.250506000E-5
1.420570000E+9	2.351276000E-5
1.420573333E+9	2.293088000E-5
1.420576667E+9	2.284774000E-5
1.420580000E+9	2.284777000E-5
1.420583333E+9	2.253495000E-5
1.420586667E+9	2.256786000E-5
1.420590000E+9	2.231503000E-5
1.420593333E+9	2.249599000E-5
1.420596667E+9	2.278789000E-5
1.420600000E+9	2.332938000E-5
1.420603333E+9	2.421536000E-5
1.420606667E+9	2.255792000E-5
1.420610000E+9	2.294148000E-5
1.420613333E+9	2.317999000E-5
1.420616667E+9	2.289284000E-5
1.420620000E+9	2.641880000E-5
1.420623333E+9	2.578858000E-5
1.420626667E+9	3.172641000E-5
1.420630000E+9	2.333658000E-5
1.420633333E+9	2.433543000E-5
1.420636667E+9	2.313938000E-5
1.420640000E+9	2.250691000E-5
1.420643333E+9	2.248599000E-5
1.420646667E+9	2.281027000E-5
1.420650000E+9	2.231246000E-5
1.420653333E+9	2.257502000E-5
1.420656667E+9	2.314037000E-5
1.420660000E+9	2.338894000E-5
1.420663333E+9	2.372840000E-5
1.420666667E+9	2.361371000E-5
1.420670000E+9	2.282017000E-5
1.420673333E+9	2.292305000E-5
1.420676667E+9	2.291037000E-5
1.420680000E+9	2.291158000E-5
1.420683333E+9	2.295607000E-5
1.420686667E+9	2.330460000E-5
1.420690000E+9	2.320974000E-5
1.420693333E+9	2.294921000E-5
1.420696667E+9	2.318393000E-5
1.420700000E+9	2.268928000E-5
1.420703333E+9	2.237856000E-5
1.420706667E+9	2.284218000E-5
1.420710000E+9	2.317989000E-5
1.420713333E+9	2.265719000E-5
1.420716667E+9	2.268547000E-5
1.420720000E+9	2.285399000E-5
1.420723333E+9	2.245648000E-5
1.420726667E+9	2.253861000E-5
1.420730000E+9	2.267369000E-5
1.420733333E+9	2.294899000E-5
1.420736667E+9	2.341136000E-5
1.420740000E+9	2.367820000E-5
1.420743333E+9	2.306894000E-5
1.420746667E+9	2.332121000E-5
1.420750000E+9	2.272398000E-5
1.420753333E+9	2.264525000E-5
1.420756667E+9	2.361036000E-5
1.420760000E+9	2.319323000E-5
1.420763333E+9	2.311818000E-5
1.420766667E+9	2.319055000E-5
1.420770000E+9	2.290934000E-5
1.420773333E+9	2.282057000E-5
1.420776667E+9	2.282410000E-5
1.420780000E+9	2.266617000E-5
1.420783333E+9	2.297950000E-5
1.420786667E+9	2.224991000E-5
1.420790000E+9	2.261347000E-5
1.420793333E+9	2.328713000E-5
1.420796667E+9	2.273436000E-5
1.420800000E+9	2.352407000E-5
1.420803333E+9	2.393940000E-5
1.420806667E+9	2.260632000E-5
1.420810000E+9	2.293362000E-5
1.420813333E+9	2.330368000E-5
1.420816667E+9	2.280253000E-5
1.420820000E+9	2.304608000E-5
1.420823333E+9	2.330718000E-5
1.420826667E+9	2.364102000E-5
1.420830000E+9	2.301507000E-5
1.420833333E+9	2.290385000E-5
1.420836667E+9	2.284687000E-5
1.420840000E+9	2.277714000E-5
1.420843333E+9	2.320673000E-5
1.420846667E+9	2.339959000E-5
1.420850000E+9	2.299830000E-5
1.420853333E+9	2.267752000E-5
1.420856667E+9	2.289505000E-5
1.420860000E+9	2.269476000E-5
1.420863333E+9	2.285492000E-5
1.420866667E+9	2.290003000E-5
1.420870000E+9	2.222085000E-5
1.420873333E+9	2.276014000E-5
1.420876667E+9	2.320594000E-5
1.420880000E+9	2.254683000E-5
1.420883333E+9	2.345034000E-5
1.420886667E+9	2.329856000E-5
1.420890000E+9	2.221197000E-5
1.420893333E+9	2.276486000E-5
1.420896667E+9	2.338999000E-5
1.420900000E+9	2.250301000E-5
1.420903333E+9	2.356628000E-5
1.420906667E+9	2.407604000E-5
1.420910000E+9	2.303568000E-5
1.420913333E+9	3.224677000E-5
1.420916667E+9	3.179385000E-5
1.420920000E+9	4.319976000E-5
1.420923333E+9	2.457799000E-5
1.420926667E+9	2.896624000E-5
1.420930000E+9	2.383114000E-5
1.420933333E+9	2.243878000E-5
1.420936667E+9	2.274005000E-5
1.420940000E+9	2.282280000E-5
1.420943333E+9	2.284185000E-5
1.420946667E+9	2.243312000E-5
1.420950000E+9	2.289780000E-5
1.420953333E+9	2.290348000E-5
1.420956667E+9	2.241010000E-5
1.420960000E+9	2.247624000E-5
1.420963333E+9	2.168661000E-5
1.420966667E+9	2.279660000E-5
1.420970000E+9	2.358267000E-5
1.420973333E+9	2.270114000E-5
1.420976667E+9	2.310922000E-5
1.420980000E+9	2.234222000E-5
1.420983333E+9	2.238922000E-5
1.420986667E+9	2.237457000E-5
1.420990000E+9	2.267431000E-5
1.420993333E+9	2.283002000E-5
1.420996667E+9	2.271148000E-5
1.421000000E+9	2.259322000E-5
1.421003333E+9	2.237799000E-5
1.421006667E+9	2.259017000E-5
1.421010000E+9	2.262393000E-5
1.421013333E+9	2.246854000E-5
1.421016667E+9	2.191893000E-5
1.421020000E+9	2.186221000E-5
1.421023333E+9	2.243381000E-5
1.421026667E+9	2.186048000E-5
1.421030000E+9	2.235937000E-5
1.421033333E+9	2.305858000E-5
1.421036667E+9	2.275984000E-5
1.421040000E+9	2.355563000E-5
1.421043333E+9	2.245550000E-5
1.421046667E+9	2.258737000E-5
1.421050000E+9	2.295821000E-5
1.421053333E+9	2.302905000E-5
1.421056667E+9	2.221778000E-5
1.421060000E+9	2.239517000E-5
1.421063333E+9	2.209959000E-5
1.421066667E+9	2.262152000E-5
1.421070000E+9	2.214625000E-5
1.421073333E+9	2.258271000E-5
1.421076667E+9	2.249300000E-5
1.421080000E+9	2.216101000E-5
1.421083333E+9	2.187796000E-5
1.421086667E+9	2.265182000E-5
1.421090000E+9	2.256647000E-5
1.421093333E+9	2.241615000E-5
1.421096667E+9	2.329582000E-5
1.421100000E+9	2.255718000E-5
1.421103333E+9	2.344069000E-5
1.421106667E+9	2.292146000E-5
1.421110000E+9	2.173741000E-5
1.421113333E+9	2.270747000E-5
1.421116667E+9	2.220368000E-5
1.421120000E+9	2.215136000E-5
1.421123333E+9	2.236703000E-5
1.421126667E+9	2.316747000E-5
1.421130000E+9	2.270952000E-5
1.421133333E+9	2.303682000E-5
1.421136667E+9	2.294911000E-5
1.421140000E+9	2.278241000E-5
1.421143333E+9	2.299207000E-5
1.421146667E+9	2.234337000E-5
1.421150000E+9	2.241350000E-5
1.421153333E+9	2.305288000E-5
1.421156667E+9	2.279385000E-5
1.421160000E+9	2.238925000E-5
1.421163333E+9	2.281776000E-5
1.421166667E+9	2.269458000E-5
1.421170000E+9	2.185645000E-5
1.421173333E+9	2.234347000E-5
1.421176667E+9	2.223760000E-5
1.421180000E+9	2.277729000E-5
1.421183333E+9	2.198019000E-5
1.421186667E+9	2.242059000E-5
1.421190000E+9	2.200352000E-5
1.421193333E+9	2.252731000E-5
1.421196667E+9	2.309012000E-5
1.421200000E+9	2.258638000E-5
1.421203333E+9	2.324355000E-5
1.421206667E+9	2.569229000E-5
1.421210000E+9	2.594148000E-5
1.421213333E+9	2.936966000E-5
1.421216667E+9	2.350901000E-5
1.421220000E+9	2.462031000E-5
1.421223333E+9	2.237018000E-5
1.421226667E+9	2.248404000E-5
1.421230000E+9	2.261240000E-5
1.421233333E+9	2.268126000E-5
1.421236667E+9	2.230097000E-5
1.421240000E+9	2.173982000E-5
1.421243333E+9	2.268519000E-5
1.421246667E+9	2.216612000E-5
1.421250000E+9	2.289387000E-5
1.421253333E+9	2.217995000E-5
1.421256667E+9	2.197474000E-5
1.421260000E+9	2.262738000E-5
1.421263333E+9	2.204746000E-5
1.421266667E+9	2.281062000E-5
1.421270000E+9	2.242172000E-5
1.421273333E+9	2.271223000E-5
1.421276667E+9	2.268459000E-5
1.421280000E+9	2.260257000E-5
1.421283333E+9	2.229250000E-5
1.421286667E+9	2.259709000E-5
1.421290000E+9	2.253713000E-5
1.421293333E+9	2.294864000E-5
1.421296667E+9	2.270049000E-5
1.421300000E+9	2.240368000E-5
1.421303333E+9	2.165779000E-5
1.421306667E+9	2.199076000E-5
1.421310000E+9	2.235103000E-5
1.421313333E+9	2.210284000E-5
1.421316667E+9	2.256776000E-5
1.421320000E+9	2.298053000E-5
1.421323333E+9	2.311625000E-5
1.421326667E+9	2.267839000E-5
1.421330000E+9	2.286511000E-5
1.421333333E+9	2.256085000E-5
1.421336667E+9	2.300838000E-5
1.421340000E+9	2.334675000E-5
1.421343333E+9	2.595912000E-5
1.421346667E+9	2.446631000E-5
1.421350000E+9	2.276294000E-5
1.421353333E+9	2.269149000E-5
1.421356667E+9	2.298341000E-5
1.421360000E+9	2.312676000E-5
1.421363333E+9	2.378827000E-5
1.421366667E+9	2.516668000E-5
1.421370000E+9	2.267369000E-5
1.421373333E+9	2.288392000E-5
1.421376667E+9	2.293607000E-5
1.421380000E+9	2.277274000E-5
1.421383333E+9	2.340669000E-5
1.421386667E+9	2.281030000E-5
1.421390000E+9	2.227758000E-5
1.421393333E+9	2.268808000E-5
1.421396667E+9	2.248964000E-5
1.421400000E+9	2.291822000E-5
