Frequency, Hz	Amplitude, Volts
1.419400000E+9	1.553980000E-5
1.419403333E+9	1.537178000E-5
1.419406667E+9	1.523964000E-5
1.419410000E+9	1.522130000E-5
1.419413333E+9	1.595778000E-5
1.419416667E+9	1.559978000E-5
1.419420000E+9	1.519870000E-5
1.419423333E+9	1.541270000E-5
1.419426667E+9	1.531302000E-5
1.419430000E+9	1.555637000E-5
1.419433333E+9	1.524400000E-5
1.419436667E+9	1.527261000E-5
1.419440000E+9	1.558379000E-5
1.419443333E+9	1.533178000E-5
1.419446667E+9	1.598001000E-5
1.419450000E+9	1.643534000E-5
1.419453333E+9	1.619888000E-5
1.419456667E+9	1.552150000E-5
1.419460000E+9	1.549325000E-5
1.419463333E+9	1.530517000E-5
1.419466667E+9	1.511455000E-5
1.419470000E+9	1.544203000E-5
1.419473333E+9	1.502883000E-5
1.419476667E+9	1.523108000E-5
1.419480000E+9	1.555632000E-5
1.419483333E+9	1.529798000E-5
1.419486667E+9	1.546803000E-5
1.419490000E+9	1.540674000E-5
1.419493333E+9	1.547107000E-5
1.419496667E+9	1.529018000E-5
1.419500000E+9	1.527422000E-5
1.419503333E+9	1.520431000E-5
1.419506667E+9	1.540890000E-5
1.419510000E+9	1.534408000E-5
1.419513333E+9	1.519048000E-5
1.419516667E+9	1.516502000E-5
1.419520000E+9	1.580319000E-5
1.419523333E+9	1.546552000E-5
1.419526667E+9	1.586557000E-5
1.419530000E+9	1.526817000E-5
1.419533333E+9	1.507517000E-5
1.419536667E+9	1.553374000E-5
1.419540000E+9	1.537193000E-5
1.419543333E+9	1.541549000E-5
1.419546667E+9	1.509238000E-5
1.419550000E+9	1.544768000E-5
1.419553333E+9	1.560485000E-5
1.419556667E+9	1.551753000E-5
1.419560000E+9	1.518661000E-5
1.419563333E+9	1.534803000E-5
1.419566667E+9	1.520441000E-5
1.419570000E+9	1.536110000E-5
1.419573333E+9	1.541682000E-5
1.419576667E+9	1.551020000E-5
1.419580000E+9	1.542035000E-5
1.419583333E+9	1.469051000E-5
1.419586667E+9	1.541222000E-5
1.419590000E+9	1.516089000E-5
1.419593333E+9	1.555634000E-5
1.419596667E+9	1.546129000E-5
1.419600000E+9	1.555581000E-5
1.419603333E+9	1.581371000E-5
1.419606667E+9	1.547489000E-5
1.419610000E+9	1.550360000E-5
1.419613333E+9	1.553473000E-5
1.419616667E+9	1.544485000E-5
1.419620000E+9	1.542605000E-5
1.419623333E+9	1.544380000E-5
1.419626667E+9	1.518253000E-5
1.419630000E+9	1.554893000E-5
1.419633333E+9	1.533554000E-5
1.419636667E+9	1.505287000E-5
1.419640000E+9	1.512673000E-5
1.419643333E+9	1.533183000E-5
1.419646667E+9	1.530012000E-5
1.419650000E+9	1.506017000E-5
1.419653333E+9	1.529755000E-5
1.419656667E+9	1.523939000E-5
1.419660000E+9	1.538341000E-5
1.419663333E+9	1.545107000E-5
1.419666667E+9	1.529049000E-5
1.419670000E+9	1.521970000E-5
1.419673333E+9	1.542282000E-5
1.419676667E+9	1.558386000E-5
1.419680000E+9	1.531338000E-5
1.419683333E+9	1.517109000E-5
1.419686667E+9	1.521216000E-5
1.419690000E+9	1.512763000E-5
1.419693333E+9	1.507151000E-5
1.419696667E+9	1.500461000E-5
1.419700000E+9	1.521431000E-5
1.419703333E+9	1.526245000E-5
1.419706667E+9	1.545796000E-5
1.419710000E+9	1.494325000E-5
1.419713333E+9	1.559004000E-5
1.419716667E+9	1.511330000E-5
1.419720000E+9	1.530514000E-5
1.419723333E+9	1.516766000E-5
1.419726667E+9	1.512071000E-5
1.419730000E+9	1.500990000E-5
1.419733333E+9	1.570694000E-5
1.419736667E+9	1.538676000E-5
1.419740000E+9	1.555373000E-5
1.419743333E+9	1.600015000E-5
1.419746667E+9	1.548217000E-5
1.419750000E+9	1.612292000E-5
1.419753333E+9	1.528625000E-5
1.419756667E+9	1.521169000E-5
1.419760000E+9	1.549205000E-5
1.419763333E+9	1.527355000E-5
1.419766667E+9	1.507606000E-5
1.419770000E+9	1.521478000E-5
1.419773333E+9	1.566547000E-5
1.419776667E+9	1.553946000E-5
1.419780000E+9	1.548555000E-5
1.419783333E+9	1.512343000E-5
1.419786667E+9	1.533463000E-5
1.419790000E+9	1.529147000E-5
1.419793333E+9	1.535803000E-5
1.419796667E+9	1.498309000E-5
1.419800000E+9	1.520238000E-5
1.419803333E+9	1.528104000E-5
1.419806667E+9	1.509271000E-5
1.419810000E+9	1.532801000E-5
1.419813333E+9	1.528876000E-5
1.419816667E+9	1.553089000E-5
1.419820000E+9	1.540190000E-5
1.419823333E+9	1.525377000E-5
1.419826667E+9	1.535458000E-5
1.419830000E+9	1.525927000E-5
1.419833333E+9	1.530094000E-5
1.419836667E+9	1.530706000E-5
1.419840000E+9	1.535611000E-5
1.419843333E+9	1.534598000E-5
1.419846667E+9	1.503487000E-5
1.419850000E+9	1.521151000E-5
1.419853333E+9	1.538630000E-5
1.419856667E+9	1.524224000E-5
1.419860000E+9	1.561450000E-5
1.419863333E+9	1.544668000E-5
1.419866667E+9	1.531111000E-5
1.419870000E+9	1.537146000E-5
1.419873333E+9	1.527039000E-5
1.419876667E+9	1.536694000E-5
1.419880000E+9	1.539083000E-5
1.419883333E+9	1.552876000E-5
1.419886667E+9	1.548390000E-5
1.419890000E+9	1.559228000E-5
1.419893333E+9	1.534927000E-5
1.419896667E+9	1.560578000E-5
1.419900000E+9	1.565158000E-5
1.419903333E+9	1.542902000E-5
1.419906667E+9	1.517586000E-5
1.419910000E+9	1.512823000E-5
1.419913333E+9	1.530860000E-5
1.419916667E+9	1.545935000E-5
1.419920000E+9	1.542769000E-5
1.419923333E+9	1.519276000E-5
1.419926667E+9	1.541188000E-5
1.419930000E+9	1.546681000E-5
1.419933333E+9	1.528026000E-5
1.419936667E+9	1.535628000E-5
1.419940000E+9	1.527685000E-5
1.419943333E+9	1.532520000E-5
1.419946667E+9	1.482761000E-5
1.419950000E+9	1.514570000E-5
1.419953333E+9	1.524192000E-5
1.419956667E+9	1.499178000E-5
1.419960000E+9	1.517363000E-5
1.419963333E+9	1.545594000E-5
1.419966667E+9	1.547290000E-5
1.419970000E+9	1.480269000E-5
1.419973333E+9	1.555521000E-5
1.419976667E+9	1.550280000E-5
1.419980000E+9	1.562747000E-5
1.419983333E+9	1.556295000E-5
1.419986667E+9	1.541419000E-5
1.419990000E+9	1.534002000E-5
1.419993333E+9	1.563159000E-5
1.419996667E+9	1.508704000E-5
1.420000000E+9	1.563382000E-5
1.420003333E+9	1.532037000E-5
1.420006667E+9	1.563102000E-5
1.420010000E+9	1.532096000E-5
1.420013333E+9	1.531428000E-5
1.420016667E+9	1.534812000E-5
1.420020000E+9	1.529703000E-5
1.420023333E+9	1.520830000E-5
1.420026667E+9	1.515941000E-5
1.420030000E+9	1.532677000E-5
1.420033333E+9	1.579743000E-5
1.420036667E+9	1.546546000E-5
1.420040000E+9	1.529694000E-5
1.420043333E+9	1.529046000E-5
1.420046667E+9	1.552822000E-5
1.420050000E+9	1.562683000E-5
1.420053333E+9	1.552854000E-5
1.420056667E+9	1.527905000E-5
1.420060000E+9	1.537612000E-5
1.420063333E+9	1.532697000E-5
1.420066667E+9	1.533023000E-5
1.420070000E+9	1.507767000E-5
1.420073333E+9	1.530215000E-5
1.420076667E+9	1.531165000E-5
1.420080000E+9	1.539969000E-5
1.420083333E+9	1.512250000E-5
1.420086667E+9	1.512057000E-5
1.420090000E+9	1.537803000E-5
1.420093333E+9	1.536253000E-5
1.420096667E+9	1.543051000E-5
1.420100000E+9	1.536149000E-5
1.420103333E+9	1.484056000E-5
1.420106667E+9	1.500329000E-5
1.420110000E+9	1.547668000E-5
1.420113333E+9	1.523737000E-5
1.420116667E+9	1.532019000E-5
1.420120000E+9	1.531455000E-5
1.420123333E+9	1.550809000E-5
1.420126667E+9	1.500461000E-5
1.420130000E+9	1.533038000E-5
1.420133333E+9	1.513722000E-5
1.420136667E+9	1.555789000E-5
1.420140000E+9	1.536532000E-5
1.420143333E+9	1.515902000E-5
1.420146667E+9	1.545185000E-5
1.420150000E+9	1.548485000E-5
1.420153333E+9	1.529704000E-5
1.420156667E+9	1.517459000E-5
1.420160000E+9	1.547066000E-5
1.420163333E+9	1.519146000E-5
1.420166667E+9	1.526694000E-5
1.420170000E+9	1.540464000E-5
1.420173333E+9	1.510426000E-5
1.420176667E+9	1.486694000E-5
1.420180000E+9	1.539004000E-5
1.420183333E+9	1.525175000E-5
1.420186667E+9	1.520465000E-5
1.420190000E+9	1.541178000E-5
1.420193333E+9	1.527717000E-5
1.420196667E+9	1.523193000E-5
1.420200000E+9	1.504536000E-5
1.420203333E+9	1.565235000E-5
1.420206667E+9	1.485214000E-5
1.420210000E+9	1.505026000E-5
1.420213333E+9	1.531600000E-5
1.420216667E+9	1.531455000E-5
1.420220000E+9	1.508549000E-5
1.420223333E+9	1.516567000E-5
1.420226667E+9	1.536867000E-5
1.420230000E+9	1.547698000E-5
1.420233333E+9	1.548026000E-5
1.420236667E+9	1.511299000E-5
1.420240000E+9	1.532532000E-5
1.420243333E+9	1.526868000E-5
1.420246667E+9	1.536068000E-5
1.420250000E+9	1.523958000E-5
1.420253333E+9	1.529691000E-5
1.420256667E+9	1.570649000E-5
1.420260000E+9	1.538493000E-5
1.420263333E+9	1.570987000E-5
1.420266667E+9	1.516255000E-5
1.420270000E+9	1.527231000E-5
1.420273333E+9	1.541330000E-5
1.420276667E+9	1.522640000E-5
1.420280000E+9	1.531262000E-5
1.420283333E+9	1.528133000E-5
1.420286667E+9	1.523039000E-5
1.420290000E+9	1.517346000E-5
1.420293333E+9	1.538014000E-5
1.420296667E+9	1.601858000E-5
1.420300000E+9	1.549031000E-5
1.420303333E+9	1.548633000E-5
1.420306667E+9	1.544341000E-5
1.420310000E+9	1.602729000E-5
1.420313333E+9	1.547815000E-5
1.420316667E+9	1.581895000E-5
1.420320000E+9	1.597408000E-5
1.420323333E+9	1.564208000E-5
1.420326667E+9	1.639137000E-5
1.420330000E+9	1.629587000E-5
1.420333333E+9	1.599122000E-5
1.420336667E+9	1.591762000E-5
1.420340000E+9	1.568943000E-5
1.420343333E+9	1.593843000E-5
1.420346667E+9	1.642587000E-5
1.420350000E+9	1.612926000E-5
1.420353333E+9	1.649813000E-5
1.420356667E+9	1.636726000E-5
1.420360000E+9	1.649446000E-5
1.420363333E+9	1.684300000E-5
1.420366667E+9	1.708961000E-5
1.420370000E+9	1.713335000E-5
1.420373333E+9	1.760471000E-5
1.420376667E+9	1.746718000E-5
1.420380000E+9	1.769915000E-5
1.420383333E+9	1.794208000E-5
1.420386667E+9	1.762306000E-5
1.420390000E+9	1.759265000E-5
1.420393333E+9	1.762283000E-5
1.420396667E+9	1.786177000E-5
1.420400000E+9	1.843629000E-5
1.420403333E+9	1.816392000E-5
1.420406667E+9	1.802731000E-5
1.420410000E+9	1.795683000E-5
1.420413333E+9	1.808123000E-5
1.420416667E+9	1.826255000E-5
1.420420000E+9	1.807853000E-5
1.420423333E+9	1.804949000E-5
1.420426667E+9	1.808508000E-5
1.420430000E+9	1.781629000E-5
1.420433333E+9	1.783992000E-5
1.420436667E+9	1.767833000E-5
1.420440000E+9	1.764190000E-5
1.420443333E+9	1.771904000E-5
1.420446667E+9	1.739661000E-5
1.420450000E+9	1.766584000E-5
1.420453333E+9	1.788831000E-5
1.420456667E+9	1.756011000E-5
1.420460000E+9	1.778910000E-5
1.420463333E+9	1.755177000E-5
1.420466667E+9	1.720799000E-5
1.420470000E+9	1.730266000E-5
1.420473333E+9	1.708855000E-5
1.420476667E+9	1.727451000E-5
1.420480000E+9	1.681582000E-5
1.420483333E+9	1.712512000E-5
1.420486667E+9	1.673129000E-5
1.420490000E+9	1.684622000E-5
1.420493333E+9	1.700835000E-5
1.420496667E+9	1.702481000E-5
1.420500000E+9	1.682409000E-5
1.420503333E+9	1.627922000E-5
1.420506667E+9	1.665029000E-5
1.420510000E+9	1.635585000E-5
1.420513333E+9	1.670788000E-5
1.420516667E+9	1.681977000E-5
1.420520000E+9	1.605426000E-5
1.420523333E+9	1.614730000E-5
1.420526667E+9	1.595639000E-5
1.420530000E+9	1.585039000E-5
1.420533333E+9	1.671126000E-5
1.420536667E+9	1.626875000E-5
1.420540000E+9	1.615251000E-5
1.420543333E+9	1.572435000E-5
1.420546667E+9	1.607722000E-5
1.420550000E+9	1.606708000E-5
1.420553333E+9	1.590788000E-5
1.420556667E+9	1.589811000E-5
1.420560000E+9	1.570672000E-5
1.420563333E+9	1.622380000E-5
1.420566667E+9	1.622749000E-5
1.420570000E+9	1.591603000E-5
1.420573333E+9	1.590675000E-5
1.420576667E+9	1.605526000E-5
1.420580000E+9	1.586379000E-5
1.420583333E+9	1.593855000E-5
1.420586667E+9	1.595899000E-5
1.420590000E+9	1.728988000E-5
1.420593333E+9	1.596941000E-5
1.420596667E+9	1.622884000E-5
1.420600000E+9	1.618372000E-5
1.420603333E+9	1.620943000E-5
1.420606667E+9	1.658573000E-5
1.420610000E+9	1.617997000E-5
1.420613333E+9	1.606251000E-5
1.420616667E+9	1.593928000E-5
1.420620000E+9	1.708806000E-5
1.420623333E+9	1.704580000E-5
1.420626667E+9	1.608383000E-5
1.420630000E+9	1.574877000E-5
1.420633333E+9	1.582187000E-5
1.420636667E+9	1.579793000E-5
1.420640000E+9	1.615217000E-5
1.420643333E+9	1.639852000E-5
1.420646667E+9	1.656302000E-5
1.420650000E+9	1.592300000E-5
1.420653333E+9	1.598169000E-5
1.420656667E+9	1.557856000E-5
1.420660000E+9	1.586209000E-5
1.420663333E+9	1.577907000E-5
1.420666667E+9	1.571203000E-5
1.420670000E+9	1.595403000E-5
1.420673333E+9	1.578843000E-5
1.420676667E+9	1.567426000E-5
1.420680000E+9	1.570408000E-5
1.420683333E+9	1.565330000E-5
1.420686667E+9	1.573736000E-5
1.420690000E+9	1.560823000E-5
1.420693333E+9	1.589737000E-5
1.420696667E+9	1.565029000E-5
1.420700000E+9	1.584579000E-5
1.420703333E+9	1.590614000E-5
1.420706667E+9	1.589228000E-5
1.420710000E+9	1.582204000E-5
1.420713333E+9	1.569096000E-5
1.420716667E+9	1.589689000E-5
1.420720000E+9	1.624284000E-5
1.420723333E+9	1.576979000E-5
1.420726667E+9	1.598968000E-5
1.420730000E+9	1.576382000E-5
1.420733333E+9	1.603652000E-5
1.420736667E+9	1.633121000E-5
1.420740000E+9	1.655544000E-5
1.420743333E+9	1.588471000E-5
1.420746667E+9	1.597360000E-5
1.420750000E+9	1.610786000E-5
1.420753333E+9	1.617166000E-5
1.420756667E+9	1.671113000E-5
1.420760000E+9	1.654145000E-5
1.420763333E+9	1.591183000E-5
1.420766667E+9	1.569681000E-5
1.420770000E+9	1.608515000E-5
1.420773333E+9	1.597091000E-5
1.420776667E+9	1.611039000E-5
1.420780000E+9	1.608849000E-5
1.420783333E+9	1.620715000E-5
1.420786667E+9	1.616076000E-5
1.420790000E+9	1.641379000E-5
1.420793333E+9	1.683268000E-5
1.420796667E+9	1.615732000E-5
1.420800000E+9	1.643477000E-5
1.420803333E+9	1.605108000E-5
1.420806667E+9	1.616010000E-5
1.420810000E+9	1.609506000E-5
1.420813333E+9	1.604259000E-5
1.420816667E+9	1.605953000E-5
1.420820000E+9	1.600289000E-5
1.420823333E+9	1.621333000E-5
1.420826667E+9	1.606064000E-5
1.420830000E+9	1.598222000E-5
1.420833333E+9	1.568702000E-5
1.420836667E+9	1.587970000E-5
1.420840000E+9	1.594231000E-5
1.420843333E+9	1.579771000E-5
1.420846667E+9	1.568919000E-5
1.420850000E+9	1.578909000E-5
1.420853333E+9	1.552772000E-5
1.420856667E+9	1.535259000E-5
1.420860000E+9	1.556136000E-5
1.420863333E+9	1.558114000E-5
1.420866667E+9	1.584416000E-5
1.420870000E+9	1.559483000E-5
1.420873333E+9	1.558496000E-5
1.420876667E+9	1.517493000E-5
1.420880000E+9	1.575728000E-5
1.420883333E+9	1.657052000E-5
1.420886667E+9	1.614327000E-5
1.420890000E+9	1.540923000E-5
1.420893333E+9	1.522407000E-5
1.420896667E+9	1.553234000E-5
1.420900000E+9	1.572394000E-5
1.420903333E+9	1.595045000E-5
1.420906667E+9	1.609435000E-5
1.420910000E+9	1.514648000E-5
1.420913333E+9	1.887562000E-5
1.420916667E+9	1.766547000E-5
1.420920000E+9	1.564759000E-5
1.420923333E+9	1.538282000E-5
1.420926667E+9	1.568461000E-5
1.420930000E+9	1.552034000E-5
1.420933333E+9	1.541669000E-5
1.420936667E+9	1.578178000E-5
1.420940000E+9	1.540616000E-5
1.420943333E+9	1.594000000E-5
1.420946667E+9	1.533983000E-5
1.420950000E+9	1.531102000E-5
1.420953333E+9	1.540468000E-5
1.420956667E+9	1.536107000E-5
1.420960000E+9	1.525458000E-5
1.420963333E+9	1.501694000E-5
1.420966667E+9	1.508287000E-5
1.420970000E+9	1.522548000E-5
1.420973333E+9	1.553343000E-5
1.420976667E+9	1.511165000E-5
1.420980000E+9	1.523663000E-5
1.420983333E+9	1.560208000E-5
1.420986667E+9	1.569301000E-5
1.420990000E+9	1.576157000E-5
1.420993333E+9	1.539183000E-5
1.420996667E+9	1.519240000E-5
1.421000000E+9	1.534190000E-5
1.421003333E+9	1.519318000E-5
1.421006667E+9	1.551210000E-5
1.421010000E+9	1.529239000E-5
1.421013333E+9	1.518953000E-5
1.421016667E+9	1.550816000E-5
1.421020000E+9	1.540649000E-5
1.421023333E+9	1.536365000E-5
1.421026667E+9	1.536395000E-5
1.421030000E+9	1.504764000E-5
1.421033333E+9	1.500936000E-5
1.421036667E+9	1.504394000E-5
1.421040000E+9	1.512157000E-5
1.421043333E+9	1.522576000E-5
1.421046667E+9	1.496322000E-5
1.421050000E+9	1.495665000E-5
1.421053333E+9	1.546280000E-5
1.421056667E+9	1.509674000E-5
1.421060000E+9	1.483039000E-5
1.421063333E+9	1.501191000E-5
1.421066667E+9	1.551450000E-5
1.421070000E+9	1.474285000E-5
1.421073333E+9	1.512958000E-5
1.421076667E+9	1.550484000E-5
1.421080000E+9	1.511171000E-5
1.421083333E+9	1.527475000E-5
1.421086667E+9	1.547482000E-5
1.421090000E+9	1.529812000E-5
1.421093333E+9	1.568005000E-5
1.421096667E+9	1.528497000E-5
1.421100000E+9	1.527796000E-5
1.421103333E+9	1.518696000E-5
1.421106667E+9	1.509760000E-5
1.421110000E+9	1.505835000E-5
1.421113333E+9	1.513715000E-5
1.421116667E+9	1.518408000E-5
1.421120000E+9	1.543078000E-5
1.421123333E+9	1.492181000E-5
1.421126667E+9	1.510664000E-5
1.421130000E+9	1.522944000E-5
1.421133333E+9	1.536933000E-5
1.421136667E+9	1.539651000E-5
1.421140000E+9	1.516798000E-5
1.421143333E+9	1.542524000E-5
1.421146667E+9	1.514104000E-5
1.421150000E+9	1.496925000E-5
1.421153333E+9	1.512172000E-5
1.421156667E+9	1.555192000E-5
1.421160000E+9	1.516856000E-5
1.421163333E+9	1.499738000E-5
1.421166667E+9	1.538828000E-5
1.421170000E+9	1.538684000E-5
1.421173333E+9	1.519777000E-5
1.421176667E+9	1.554785000E-5
1.421180000E+9	1.606284000E-5
1.421183333E+9	1.513459000E-5
1.421186667E+9	1.513044000E-5
1.421190000E+9	1.520101000E-5
1.421193333E+9	1.508608000E-5
1.421196667E+9	1.538667000E-5
1.421200000E+9	1.557416000E-5
1.421203333E+9	1.529882000E-5
1.421206667E+9	1.696445000E-5
1.421210000E+9	1.585108000E-5
1.421213333E+9	1.545065000E-5
1.421216667E+9	1.535371000E-5
1.421220000E+9	1.552366000E-5
1.421223333E+9	1.519612000E-5
1.421226667E+9	1.494653000E-5
1.421230000E+9	1.529389000E-5
1.421233333E+9	1.503127000E-5
1.421236667E+9	1.483958000E-5
1.421240000E+9	1.533633000E-5
1.421243333E+9	1.522907000E-5
1.421246667E+9	1.527262000E-5
1.421250000E+9	1.510274000E-5
1.421253333E+9	1.496563000E-5
1.421256667E+9	1.513346000E-5
1.421260000E+9	1.528490000E-5
1.421263333E+9	1.547316000E-5
1.421266667E+9	1.505658000E-5
1.421270000E+9	1.531166000E-5
1.421273333E+9	1.493148000E-5
1.421276667E+9	1.507499000E-5
1.421280000E+9	1.553685000E-5
1.421283333E+9	1.528606000E-5
1.421286667E+9	1.577471000E-5
1.421290000E+9	1.573437000E-5
1.421293333E+9	1.516177000E-5
1.421296667E+9	1.547734000E-5
1.421300000E+9	1.561646000E-5
1.421303333E+9	1.511072000E-5
1.421306667E+9	1.518056000E-5
1.421310000E+9	1.539855000E-5
1.421313333E+9	1.514312000E-5
1.421316667E+9	1.525955000E-5
1.421320000E+9	1.498512000E-5
1.421323333E+9	1.509967000E-5
1.421326667E+9	1.525332000E-5
1.421330000E+9	1.531479000E-5
1.421333333E+9	1.543429000E-5
1.421336667E+9	1.509044000E-5
1.421340000E+9	1.513916000E-5
1.421343333E+9	1.543498000E-5
1.421346667E+9	1.535211000E-5
1.421350000E+9	1.525021000E-5
1.421353333E+9	1.608990000E-5
1.421356667E+9	1.670608000E-5
1.421360000E+9	1.565122000E-5
1.421363333E+9	1.549528000E-5
1.421366667E+9	1.583261000E-5
1.421370000E+9	1.505544000E-5
1.421373333E+9	1.508077000E-5
1.421376667E+9	1.521315000E-5
1.421380000E+9	1.519814000E-5
1.421383333E+9	1.542339000E-5
1.421386667E+9	1.493702000E-5
1.421390000E+9	1.549584000E-5
1.421393333E+9	1.499980000E-5
1.421396667E+9	1.507368000E-5
1.421400000E+9	1.526067000E-5
