Frequency, Hz	Amplitude, Volts
1.419400000E+9	2.315191000E-5
1.419403333E+9	2.252973000E-5
1.419406667E+9	2.278854000E-5
1.419410000E+9	2.245182000E-5
1.419413333E+9	2.240449000E-5
1.419416667E+9	2.281816000E-5
1.419420000E+9	2.263113000E-5
1.419423333E+9	2.267595000E-5
1.419426667E+9	2.236495000E-5
1.419430000E+9	2.218334000E-5
1.419433333E+9	2.261389000E-5
1.419436667E+9	2.270326000E-5
1.419440000E+9	2.313141000E-5
1.419443333E+9	2.285931000E-5
1.419446667E+9	2.286134000E-5
1.419450000E+9	2.333146000E-5
1.419453333E+9	2.572055000E-5
1.419456667E+9	2.443465000E-5
1.419460000E+9	2.368314000E-5
1.419463333E+9	2.262485000E-5
1.419466667E+9	2.289277000E-5
1.419470000E+9	2.257467000E-5
1.419473333E+9	2.245976000E-5
1.419476667E+9	2.227381000E-5
1.419480000E+9	2.281378000E-5
1.419483333E+9	2.243519000E-5
1.419486667E+9	2.247436000E-5
1.419490000E+9	2.296507000E-5
1.419493333E+9	2.267653000E-5
1.419496667E+9	2.240557000E-5
1.419500000E+9	2.238954000E-5
1.419503333E+9	2.214321000E-5
1.419506667E+9	2.238074000E-5
1.419510000E+9	2.253025000E-5
1.419513333E+9	2.250377000E-5
1.419516667E+9	2.219983000E-5
1.419520000E+9	2.279810000E-5
1.419523333E+9	2.277546000E-5
1.419526667E+9	2.287257000E-5
1.419530000E+9	2.252083000E-5
1.419533333E+9	2.342358000E-5
1.419536667E+9	2.370876000E-5
1.419540000E+9	2.234502000E-5
1.419543333E+9	2.312722000E-5
1.419546667E+9	2.236195000E-5
1.419550000E+9	2.278266000E-5
1.419553333E+9	2.300080000E-5
1.419556667E+9	2.273084000E-5
1.419560000E+9	2.258251000E-5
1.419563333E+9	2.321616000E-5
1.419566667E+9	2.354678000E-5
1.419570000E+9	2.238342000E-5
1.419573333E+9	2.233543000E-5
1.419576667E+9	2.286895000E-5
1.419580000E+9	2.274562000E-5
1.419583333E+9	2.263416000E-5
1.419586667E+9	2.224163000E-5
1.419590000E+9	2.224744000E-5
1.419593333E+9	2.222010000E-5
1.419596667E+9	2.223721000E-5
1.419600000E+9	2.308505000E-5
1.419603333E+9	2.586824000E-5
1.419606667E+9	2.298742000E-5
1.419610000E+9	2.268684000E-5
1.419613333E+9	2.235584000E-5
1.419616667E+9	2.274105000E-5
1.419620000E+9	2.242790000E-5
1.419623333E+9	2.219169000E-5
1.419626667E+9	2.221958000E-5
1.419630000E+9	2.325999000E-5
1.419633333E+9	2.254941000E-5
1.419636667E+9	2.252038000E-5
1.419640000E+9	2.255045000E-5
1.419643333E+9	2.435965000E-5
1.419646667E+9	2.290468000E-5
1.419650000E+9	2.256070000E-5
1.419653333E+9	2.274223000E-5
1.419656667E+9	2.275994000E-5
1.419660000E+9	2.270455000E-5
1.419663333E+9	2.208950000E-5
1.419666667E+9	2.319055000E-5
1.419670000E+9	2.358500000E-5
1.419673333E+9	2.244278000E-5
1.419676667E+9	2.326822000E-5
1.419680000E+9	2.367698000E-5
1.419683333E+9	2.423193000E-5
1.419686667E+9	2.232532000E-5
1.419690000E+9	2.263235000E-5
1.419693333E+9	2.246176000E-5
1.419696667E+9	2.284085000E-5
1.419700000E+9	2.256033000E-5
1.419703333E+9	2.230658000E-5
1.419706667E+9	2.225626000E-5
1.419710000E+9	2.275919000E-5
1.419713333E+9	2.221402000E-5
1.419716667E+9	2.222964000E-5
1.419720000E+9	2.363910000E-5
1.419723333E+9	2.401332000E-5
1.419726667E+9	2.348309000E-5
1.419730000E+9	2.242364000E-5
1.419733333E+9	2.306704000E-5
1.419736667E+9	2.389224000E-5
1.419740000E+9	2.271530000E-5
1.419743333E+9	2.346020000E-5
1.419746667E+9	2.558729000E-5
1.419750000E+9	2.359269000E-5
1.419753333E+9	2.307114000E-5
1.419756667E+9	2.261178000E-5
1.419760000E+9	2.330360000E-5
1.419763333E+9	2.289025000E-5
1.419766667E+9	2.277114000E-5
1.419770000E+9	2.271011000E-5
1.419773333E+9	2.245375000E-5
1.419776667E+9	2.280116000E-5
1.419780000E+9	2.270892000E-5
1.419783333E+9	2.238897000E-5
1.419786667E+9	2.259997000E-5
1.419790000E+9	2.224766000E-5
1.419793333E+9	2.284739000E-5
1.419796667E+9	2.243068000E-5
1.419800000E+9	2.326219000E-5
1.419803333E+9	2.321445000E-5
1.419806667E+9	2.232667000E-5
1.419810000E+9	2.255275000E-5
1.419813333E+9	2.266926000E-5
1.419816667E+9	2.298210000E-5
1.419820000E+9	2.271672000E-5
1.419823333E+9	2.267175000E-5
1.419826667E+9	2.264965000E-5
1.419830000E+9	2.278999000E-5
1.419833333E+9	2.252684000E-5
1.419836667E+9	2.239652000E-5
1.419840000E+9	2.272897000E-5
1.419843333E+9	2.246279000E-5
1.419846667E+9	2.243738000E-5
1.419850000E+9	2.274348000E-5
1.419853333E+9	2.246785000E-5
1.419856667E+9	2.251180000E-5
1.419860000E+9	2.282355000E-5
1.419863333E+9	2.337497000E-5
1.419866667E+9	2.243071000E-5
1.419870000E+9	2.221902000E-5
1.419873333E+9	2.278597000E-5
1.419876667E+9	2.227310000E-5
1.419880000E+9	2.246911000E-5
1.419883333E+9	2.246795000E-5
1.419886667E+9	2.244842000E-5
1.419890000E+9	2.224197000E-5
1.419893333E+9	2.271862000E-5
1.419896667E+9	2.247298000E-5
1.419900000E+9	2.252703000E-5
1.419903333E+9	2.265092000E-5
1.419906667E+9	2.211099000E-5
1.419910000E+9	2.259501000E-5
1.419913333E+9	2.252110000E-5
1.419916667E+9	2.250676000E-5
1.419920000E+9	2.219842000E-5
1.419923333E+9	2.221753000E-5
1.419926667E+9	2.239603000E-5
1.419930000E+9	2.309829000E-5
1.419933333E+9	2.249933000E-5
1.419936667E+9	2.247476000E-5
1.419940000E+9	2.219096000E-5
1.419943333E+9	2.203686000E-5
1.419946667E+9	2.282059000E-5
1.419950000E+9	2.266856000E-5
1.419953333E+9	2.253015000E-5
1.419956667E+9	2.343034000E-5
1.419960000E+9	2.215741000E-5
1.419963333E+9	2.273241000E-5
1.419966667E+9	2.210192000E-5
1.419970000E+9	2.199250000E-5
1.419973333E+9	2.240604000E-5
1.419976667E+9	2.223530000E-5
1.419980000E+9	2.277659000E-5
1.419983333E+9	2.262055000E-5
1.419986667E+9	2.248717000E-5
1.419990000E+9	2.304241000E-5
1.419993333E+9	2.329900000E-5
1.419996667E+9	2.335978000E-5
1.420000000E+9	2.285088000E-5
1.420003333E+9	2.276534000E-5
1.420006667E+9	2.286865000E-5
1.420010000E+9	2.255844000E-5
1.420013333E+9	2.184603000E-5
1.420016667E+9	2.216866000E-5
1.420020000E+9	2.266741000E-5
1.420023333E+9	2.226882000E-5
1.420026667E+9	2.253319000E-5
1.420030000E+9	2.260900000E-5
1.420033333E+9	2.420773000E-5
1.420036667E+9	2.396206000E-5
1.420040000E+9	2.463137000E-5
1.420043333E+9	2.282931000E-5
1.420046667E+9	2.278209000E-5
1.420050000E+9	2.286626000E-5
1.420053333E+9	2.227442000E-5
1.420056667E+9	2.307165000E-5
1.420060000E+9	2.265080000E-5
1.420063333E+9	2.249537000E-5
1.420066667E+9	2.239475000E-5
1.420070000E+9	2.238040000E-5
1.420073333E+9	2.506303000E-5
1.420076667E+9	2.293350000E-5
1.420080000E+9	2.298788000E-5
1.420083333E+9	2.206208000E-5
1.420086667E+9	2.208120000E-5
1.420090000E+9	2.214836000E-5
1.420093333E+9	2.248732000E-5
1.420096667E+9	2.284406000E-5
1.420100000E+9	2.229157000E-5
1.420103333E+9	2.259414000E-5
1.420106667E+9	2.216206000E-5
1.420110000E+9	2.301894000E-5
1.420113333E+9	2.392615000E-5
1.420116667E+9	2.273965000E-5
1.420120000E+9	2.249698000E-5
1.420123333E+9	2.210279000E-5
1.420126667E+9	2.235073000E-5
1.420130000E+9	2.227508000E-5
1.420133333E+9	2.233020000E-5
1.420136667E+9	2.222349000E-5
1.420140000E+9	2.237057000E-5
1.420143333E+9	2.292917000E-5
1.420146667E+9	2.274815000E-5
1.420150000E+9	2.326901000E-5
1.420153333E+9	2.329434000E-5
1.420156667E+9	2.217240000E-5
1.420160000E+9	2.232238000E-5
1.420163333E+9	2.232944000E-5
1.420166667E+9	2.244943000E-5
1.420170000E+9	2.219735000E-5
1.420173333E+9	2.213942000E-5
1.420176667E+9	2.196786000E-5
1.420180000E+9	2.195653000E-5
1.420183333E+9	2.241062000E-5
1.420186667E+9	2.229985000E-5
1.420190000E+9	2.384420000E-5
1.420193333E+9	2.284348000E-5
1.420196667E+9	2.253374000E-5
1.420200000E+9	2.293012000E-5
1.420203333E+9	2.236230000E-5
1.420206667E+9	2.247486000E-5
1.420210000E+9	2.265440000E-5
1.420213333E+9	2.227337000E-5
1.420216667E+9	2.237620000E-5
1.420220000E+9	2.257341000E-5
1.420223333E+9	2.268019000E-5
1.420226667E+9	2.230984000E-5
1.420230000E+9	2.268589000E-5
1.420233333E+9	2.254505000E-5
1.420236667E+9	2.249458000E-5
1.420240000E+9	2.265935000E-5
1.420243333E+9	2.221205000E-5
1.420246667E+9	2.294947000E-5
1.420250000E+9	2.240870000E-5
1.420253333E+9	2.243447000E-5
1.420256667E+9	2.269247000E-5
1.420260000E+9	2.221439000E-5
1.420263333E+9	2.281776000E-5
1.420266667E+9	2.314022000E-5
1.420270000E+9	2.260967000E-5
1.420273333E+9	2.278409000E-5
1.420276667E+9	2.247737000E-5
1.420280000E+9	2.233064000E-5
1.420283333E+9	2.298068000E-5
1.420286667E+9	2.253975000E-5
1.420290000E+9	2.274585000E-5
1.420293333E+9	2.239456000E-5
1.420296667E+9	2.260109000E-5
1.420300000E+9	2.191643000E-5
1.420303333E+9	2.203011000E-5
1.420306667E+9	2.202450000E-5
1.420310000E+9	2.268313000E-5
1.420313333E+9	2.243965000E-5
1.420316667E+9	2.206797000E-5
1.420320000E+9	2.254723000E-5
1.420323333E+9	2.264013000E-5
1.420326667E+9	2.289508000E-5
1.420330000E+9	2.375619000E-5
1.420333333E+9	2.481258000E-5
1.420336667E+9	2.315951000E-5
1.420340000E+9	2.294627000E-5
1.420343333E+9	2.275182000E-5
1.420346667E+9	2.258687000E-5
1.420350000E+9	2.212384000E-5
1.420353333E+9	2.280657000E-5
1.420356667E+9	2.228161000E-5
1.420360000E+9	2.244524000E-5
1.420363333E+9	2.253705000E-5
1.420366667E+9	2.241269000E-5
1.420370000E+9	2.229568000E-5
1.420373333E+9	2.240461000E-5
1.420376667E+9	2.244832000E-5
1.420380000E+9	2.243627000E-5
1.420383333E+9	2.240961000E-5
1.420386667E+9	2.276569000E-5
1.420390000E+9	2.242320000E-5
1.420393333E+9	2.257289000E-5
1.420396667E+9	2.245623000E-5
1.420400000E+9	2.256040000E-5
1.420403333E+9	2.255914000E-5
1.420406667E+9	2.250496000E-5
1.420410000E+9	2.264371000E-5
1.420413333E+9	2.257747000E-5
1.420416667E+9	2.268482000E-5
1.420420000E+9	2.222437000E-5
1.420423333E+9	2.272907000E-5
1.420426667E+9	2.281956000E-5
1.420430000E+9	2.246689000E-5
1.420433333E+9	2.283152000E-5
1.420436667E+9	2.220781000E-5
1.420440000E+9	2.197401000E-5
1.420443333E+9	2.245660000E-5
1.420446667E+9	2.292265000E-5
1.420450000E+9	2.261511000E-5
1.420453333E+9	2.233771000E-5
1.420456667E+9	2.234119000E-5
1.420460000E+9	2.298717000E-5
1.420463333E+9	2.354259000E-5
1.420466667E+9	2.330222000E-5
1.420470000E+9	2.332170000E-5
1.420473333E+9	2.274954000E-5
1.420476667E+9	2.245493000E-5
1.420480000E+9	2.246422000E-5
1.420483333E+9	2.257854000E-5
1.420486667E+9	2.267697000E-5
1.420490000E+9	2.268811000E-5
1.420493333E+9	2.238045000E-5
1.420496667E+9	2.205964000E-5
1.420500000E+9	2.230859000E-5
1.420503333E+9	2.426947000E-5
1.420506667E+9	2.255456000E-5
1.420510000E+9	2.232221000E-5
1.420513333E+9	2.285552000E-5
1.420516667E+9	2.287096000E-5
1.420520000E+9	2.277506000E-5
1.420523333E+9	2.236006000E-5
1.420526667E+9	2.222134000E-5
1.420530000E+9	2.226403000E-5
1.420533333E+9	2.271727000E-5
1.420536667E+9	2.313504000E-5
1.420540000E+9	2.304003000E-5
1.420543333E+9	2.471481000E-5
1.420546667E+9	2.306417000E-5
1.420550000E+9	2.266328000E-5
1.420553333E+9	2.274645000E-5
1.420556667E+9	2.190962000E-5
1.420560000E+9	2.273716000E-5
1.420563333E+9	2.191498000E-5
1.420566667E+9	2.289357000E-5
1.420570000E+9	2.231724000E-5
1.420573333E+9	2.221673000E-5
1.420576667E+9	2.203833000E-5
1.420580000E+9	2.338935000E-5
1.420583333E+9	2.399355000E-5
1.420586667E+9	2.278814000E-5
1.420590000E+9	2.261447000E-5
1.420593333E+9	2.230572000E-5
1.420596667E+9	2.233440000E-5
1.420600000E+9	2.281831000E-5
1.420603333E+9	2.370822000E-5
1.420606667E+9	2.316460000E-5
1.420610000E+9	2.275049000E-5
1.420613333E+9	2.263444000E-5
1.420616667E+9	2.261536000E-5
1.420620000E+9	2.434502000E-5
1.420623333E+9	2.364390000E-5
1.420626667E+9	2.500989000E-5
1.420630000E+9	2.271620000E-5
1.420633333E+9	2.345451000E-5
1.420636667E+9	2.254290000E-5
1.420640000E+9	2.258224000E-5
1.420643333E+9	2.212783000E-5
1.420646667E+9	2.229123000E-5
1.420650000E+9	2.270777000E-5
1.420653333E+9	2.209937000E-5
1.420656667E+9	2.296318000E-5
1.420660000E+9	2.330805000E-5
1.420663333E+9	2.295403000E-5
1.420666667E+9	2.235780000E-5
1.420670000E+9	2.316188000E-5
1.420673333E+9	2.294309000E-5
1.420676667E+9	2.237767000E-5
1.420680000E+9	2.270640000E-5
1.420683333E+9	2.239832000E-5
1.420686667E+9	2.242369000E-5
1.420690000E+9	2.232998000E-5
1.420693333E+9	2.226762000E-5
1.420696667E+9	2.254351000E-5
1.420700000E+9	2.334427000E-5
1.420703333E+9	2.260950000E-5
1.420706667E+9	2.232224000E-5
1.420710000E+9	2.244467000E-5
1.420713333E+9	2.246531000E-5
1.420716667E+9	2.301404000E-5
1.420720000E+9	2.213232000E-5
1.420723333E+9	2.257871000E-5
1.420726667E+9	2.217026000E-5
1.420730000E+9	2.250409000E-5
1.420733333E+9	2.210910000E-5
1.420736667E+9	2.277221000E-5
1.420740000E+9	2.318979000E-5
1.420743333E+9	2.247779000E-5
1.420746667E+9	2.265977000E-5
1.420750000E+9	2.300542000E-5
1.420753333E+9	2.238377000E-5
1.420756667E+9	2.260416000E-5
1.420760000E+9	2.266356000E-5
1.420763333E+9	2.176822000E-5
1.420766667E+9	2.240629000E-5
1.420770000E+9	2.234745000E-5
1.420773333E+9	2.233413000E-5
1.420776667E+9	2.265821000E-5
1.420780000E+9	2.259846000E-5
1.420783333E+9	2.228328000E-5
1.420786667E+9	2.268549000E-5
1.420790000E+9	2.254527000E-5
1.420793333E+9	2.302822000E-5
1.420796667E+9	2.231643000E-5
1.420800000E+9	2.291535000E-5
1.420803333E+9	2.273207000E-5
1.420806667E+9	2.387121000E-5
1.420810000E+9	2.322161000E-5
1.420813333E+9	2.276814000E-5
1.420816667E+9	2.240821000E-5
1.420820000E+9	2.255364000E-5
1.420823333E+9	2.268009000E-5
1.420826667E+9	2.241478000E-5
1.420830000E+9	2.266326000E-5
1.420833333E+9	2.230195000E-5
1.420836667E+9	2.315898000E-5
1.420840000E+9	2.287953000E-5
1.420843333E+9	2.304861000E-5
1.420846667E+9	2.269020000E-5
1.420850000E+9	2.330537000E-5
1.420853333E+9	2.284654000E-5
1.420856667E+9	2.274835000E-5
1.420860000E+9	2.273658000E-5
1.420863333E+9	2.279535000E-5
1.420866667E+9	2.212678000E-5
1.420870000E+9	2.266500000E-5
1.420873333E+9	2.428480000E-5
1.420876667E+9	2.385483000E-5
1.420880000E+9	2.195935000E-5
1.420883333E+9	2.329902000E-5
1.420886667E+9	2.355720000E-5
1.420890000E+9	2.270104000E-5
1.420893333E+9	2.302407000E-5
1.420896667E+9	2.327489000E-5
1.420900000E+9	2.315379000E-5
1.420903333E+9	2.231964000E-5
1.420906667E+9	2.277756000E-5
1.420910000E+9	2.283774000E-5
1.420913333E+9	2.458940000E-5
1.420916667E+9	2.527315000E-5
1.420920000E+9	2.858208000E-5
1.420923333E+9	2.310856000E-5
1.420926667E+9	2.456898000E-5
1.420930000E+9	2.330081000E-5
1.420933333E+9	2.449574000E-5
1.420936667E+9	2.337617000E-5
1.420940000E+9	2.411424000E-5
1.420943333E+9	2.381976000E-5
1.420946667E+9	2.291349000E-5
1.420950000E+9	2.310382000E-5
1.420953333E+9	2.266891000E-5
1.420956667E+9	2.332413000E-5
1.420960000E+9	2.282688000E-5
1.420963333E+9	2.282255000E-5
1.420966667E+9	2.238809000E-5
1.420970000E+9	2.265980000E-5
1.420973333E+9	2.407567000E-5
1.420976667E+9	2.267386000E-5
1.420980000E+9	2.279828000E-5
1.420983333E+9	2.331343000E-5
1.420986667E+9	2.284476000E-5
1.420990000E+9	2.266916000E-5
1.420993333E+9	2.286830000E-5
1.420996667E+9	2.307281000E-5
1.421000000E+9	2.272767000E-5
1.421003333E+9	2.322031000E-5
1.421006667E+9	2.369937000E-5
1.421010000E+9	2.590400000E-5
1.421013333E+9	2.485498000E-5
1.421016667E+9	2.301702000E-5
1.421020000E+9	2.350393000E-5
1.421023333E+9	2.276376000E-5
1.421026667E+9	2.267414000E-5
1.421030000E+9	2.294533000E-5
1.421033333E+9	2.268651000E-5
1.421036667E+9	2.271143000E-5
1.421040000E+9	2.283563000E-5
1.421043333E+9	2.283538000E-5
1.421046667E+9	2.289908000E-5
1.421050000E+9	2.415301000E-5
1.421053333E+9	2.395767000E-5
1.421056667E+9	2.303892000E-5
1.421060000E+9	2.306491000E-5
1.421063333E+9	2.272725000E-5
1.421066667E+9	2.341748000E-5
1.421070000E+9	2.354306000E-5
1.421073333E+9	2.421206000E-5
1.421076667E+9	2.567182000E-5
1.421080000E+9	2.425389000E-5
1.421083333E+9	2.298316000E-5
1.421086667E+9	2.378918000E-5
1.421090000E+9	2.441296000E-5
1.421093333E+9	2.357392000E-5
1.421096667E+9	2.362522000E-5
1.421100000E+9	2.356036000E-5
1.421103333E+9	2.332971000E-5
1.421106667E+9	2.316060000E-5
1.421110000E+9	2.308979000E-5
1.421113333E+9	2.308690000E-5
1.421116667E+9	2.367453000E-5
1.421120000E+9	2.324595000E-5
1.421123333E+9	2.374933000E-5
1.421126667E+9	2.385200000E-5
1.421130000E+9	2.506316000E-5
1.421133333E+9	2.411403000E-5
1.421136667E+9	2.358969000E-5
1.421140000E+9	2.582023000E-5
1.421143333E+9	2.915705000E-5
1.421146667E+9	2.748888000E-5
1.421150000E+9	2.426337000E-5
1.421153333E+9	2.418215000E-5
1.421156667E+9	2.434035000E-5
1.421160000E+9	2.400920000E-5
1.421163333E+9	2.432282000E-5
1.421166667E+9	2.464957000E-5
1.421170000E+9	2.450238000E-5
1.421173333E+9	2.388830000E-5
1.421176667E+9	2.365042000E-5
1.421180000E+9	2.443339000E-5
1.421183333E+9	2.431204000E-5
1.421186667E+9	2.371191000E-5
1.421190000E+9	2.386948000E-5
1.421193333E+9	2.441513000E-5
1.421196667E+9	2.425503000E-5
1.421200000E+9	2.425820000E-5
1.421203333E+9	2.502294000E-5
1.421206667E+9	2.614361000E-5
1.421210000E+9	3.363844000E-5
1.421213333E+9	3.639848000E-5
1.421216667E+9	2.666739000E-5
1.421220000E+9	2.560620000E-5
1.421223333E+9	2.550205000E-5
1.421226667E+9	2.485514000E-5
1.421230000E+9	2.513807000E-5
1.421233333E+9	2.485498000E-5
1.421236667E+9	2.436152000E-5
1.421240000E+9	2.496191000E-5
1.421243333E+9	2.468747000E-5
1.421246667E+9	2.505598000E-5
1.421250000E+9	2.537681000E-5
1.421253333E+9	2.444488000E-5
1.421256667E+9	2.469302000E-5
1.421260000E+9	2.518542000E-5
1.421263333E+9	2.566227000E-5
1.421266667E+9	2.561914000E-5
1.421270000E+9	2.679606000E-5
1.421273333E+9	2.780966000E-5
1.421276667E+9	3.407451000E-5
1.421280000E+9	3.891935000E-5
1.421283333E+9	3.208643000E-5
1.421286667E+9	2.927301000E-5
1.421290000E+9	2.825300000E-5
1.421293333E+9	2.807837000E-5
1.421296667E+9	2.848036000E-5
1.421300000E+9	2.934300000E-5
1.421303333E+9	2.963914000E-5
1.421306667E+9	3.136881000E-5
1.421310000E+9	3.087936000E-5
1.421313333E+9	3.070478000E-5
1.421316667E+9	3.260260000E-5
1.421320000E+9	3.172175000E-5
1.421323333E+9	3.219487000E-5
1.421326667E+9	3.313209000E-5
1.421330000E+9	3.415936000E-5
1.421333333E+9	3.432365000E-5
1.421336667E+9	3.656263000E-5
1.421340000E+9	3.904000000E-5
1.421343333E+9	5.641855000E-5
1.421346667E+9	7.562426000E-5
1.421350000E+9	5.929283000E-5
1.421353333E+9	4.240374000E-5
1.421356667E+9	3.839315000E-5
1.421360000E+9	3.620772000E-5
1.421363333E+9	3.604842000E-5
1.421366667E+9	3.567417000E-5
1.421370000E+9	3.485154000E-5
1.421373333E+9	3.503863000E-5
1.421376667E+9	3.464332000E-5
1.421380000E+9	3.357100000E-5
1.421383333E+9	3.363242000E-5
1.421386667E+9	3.349067000E-5
1.421390000E+9	3.298998000E-5
1.421393333E+9	3.257794000E-5
1.421396667E+9	3.330709000E-5
1.421400000E+9	3.242845000E-5
