Frequency, Hz	Amplitude, Volts
1.419400000E+9	1.495678000E-5
1.419403333E+9	1.480842000E-5
1.419406667E+9	1.505668000E-5
1.419410000E+9	1.453229000E-5
1.419413333E+9	1.591169000E-5
1.419416667E+9	1.563751000E-5
1.419420000E+9	1.489537000E-5
1.419423333E+9	1.477632000E-5
1.419426667E+9	1.457834000E-5
1.419430000E+9	1.500967000E-5
1.419433333E+9	1.538858000E-5
1.419436667E+9	1.506451000E-5
1.419440000E+9	1.508570000E-5
1.419443333E+9	1.475728000E-5
1.419446667E+9	1.480282000E-5
1.419450000E+9	1.576776000E-5
1.419453333E+9	1.535891000E-5
1.419456667E+9	1.524728000E-5
1.419460000E+9	1.521702000E-5
1.419463333E+9	1.507001000E-5
1.419466667E+9	1.505099000E-5
1.419470000E+9	1.476879000E-5
1.419473333E+9	1.471953000E-5
1.419476667E+9	1.500926000E-5
1.419480000E+9	1.501005000E-5
1.419483333E+9	1.480395000E-5
1.419486667E+9	1.492512000E-5
1.419490000E+9	1.516050000E-5
1.419493333E+9	1.524632000E-5
1.419496667E+9	1.514370000E-5
1.419500000E+9	1.518779000E-5
1.419503333E+9	1.506853000E-5
1.419506667E+9	1.478940000E-5
1.419510000E+9	1.496097000E-5
1.419513333E+9	1.520692000E-5
1.419516667E+9	1.504105000E-5
1.419520000E+9	1.493054000E-5
1.419523333E+9	1.516775000E-5
1.419526667E+9	1.494402000E-5
1.419530000E+9	1.513564000E-5
1.419533333E+9	1.499002000E-5
1.419536667E+9	1.505881000E-5
1.419540000E+9	1.484391000E-5
1.419543333E+9	1.464944000E-5
1.419546667E+9	1.494496000E-5
1.419550000E+9	1.483503000E-5
1.419553333E+9	1.470428000E-5
1.419556667E+9	1.495006000E-5
1.419560000E+9	1.454023000E-5
1.419563333E+9	1.523556000E-5
1.419566667E+9	1.492454000E-5
1.419570000E+9	1.471996000E-5
1.419573333E+9	1.490694000E-5
1.419576667E+9	1.474695000E-5
1.419580000E+9	1.501437000E-5
1.419583333E+9	1.486076000E-5
1.419586667E+9	1.518441000E-5
1.419590000E+9	1.531938000E-5
1.419593333E+9	1.496757000E-5
1.419596667E+9	1.514021000E-5
1.419600000E+9	1.522681000E-5
1.419603333E+9	1.530976000E-5
1.419606667E+9	1.489743000E-5
1.419610000E+9	1.508073000E-5
1.419613333E+9	1.489859000E-5
1.419616667E+9	1.483987000E-5
1.419620000E+9	1.493892000E-5
1.419623333E+9	1.497457000E-5
1.419626667E+9	1.474470000E-5
1.419630000E+9	1.516773000E-5
1.419633333E+9	1.490156000E-5
1.419636667E+9	1.481589000E-5
1.419640000E+9	1.489343000E-5
1.419643333E+9	1.479830000E-5
1.419646667E+9	1.509462000E-5
1.419650000E+9	1.480603000E-5
1.419653333E+9	1.487093000E-5
1.419656667E+9	1.498321000E-5
1.419660000E+9	1.496534000E-5
1.419663333E+9	1.498342000E-5
1.419666667E+9	1.498244000E-5
1.419670000E+9	1.495092000E-5
1.419673333E+9	1.483287000E-5
1.419676667E+9	1.491516000E-5
1.419680000E+9	1.494547000E-5
1.419683333E+9	1.492325000E-5
1.419686667E+9	1.505967000E-5
1.419690000E+9	1.514310000E-5
1.419693333E+9	1.476555000E-5
1.419696667E+9	1.504631000E-5
1.419700000E+9	1.481127000E-5
1.419703333E+9	1.470909000E-5
1.419706667E+9	1.566062000E-5
1.419710000E+9	1.547496000E-5
1.419713333E+9	1.481701000E-5
1.419716667E+9	1.508993000E-5
1.419720000E+9	1.467075000E-5
1.419723333E+9	1.479903000E-5
1.419726667E+9	1.495604000E-5
1.419730000E+9	1.484856000E-5
1.419733333E+9	1.591145000E-5
1.419736667E+9	1.480834000E-5
1.419740000E+9	1.499814000E-5
1.419743333E+9	1.534957000E-5
1.419746667E+9	1.506839000E-5
1.419750000E+9	1.535203000E-5
1.419753333E+9	1.545184000E-5
1.419756667E+9	1.493400000E-5
1.419760000E+9	1.490990000E-5
1.419763333E+9	1.478199000E-5
1.419766667E+9	1.509740000E-5
1.419770000E+9	1.546139000E-5
1.419773333E+9	1.497592000E-5
1.419776667E+9	1.476038000E-5
1.419780000E+9	1.508158000E-5
1.419783333E+9	1.508462000E-5
1.419786667E+9	1.459490000E-5
1.419790000E+9	1.480493000E-5
1.419793333E+9	1.479453000E-5
1.419796667E+9	1.503350000E-5
1.419800000E+9	1.481713000E-5
1.419803333E+9	1.487143000E-5
1.419806667E+9	1.476658000E-5
1.419810000E+9	1.491052000E-5
1.419813333E+9	1.478997000E-5
1.419816667E+9	1.520281000E-5
1.419820000E+9	1.484509000E-5
1.419823333E+9	1.477419000E-5
1.419826667E+9	1.491956000E-5
1.419830000E+9	1.504176000E-5
1.419833333E+9	1.489025000E-5
1.419836667E+9	1.505987000E-5
1.419840000E+9	1.537666000E-5
1.419843333E+9	1.519740000E-5
1.419846667E+9	1.511462000E-5
1.419850000E+9	1.496236000E-5
1.419853333E+9	1.521522000E-5
1.419856667E+9	1.491206000E-5
1.419860000E+9	1.459925000E-5
1.419863333E+9	1.537117000E-5
1.419866667E+9	1.503403000E-5
1.419870000E+9	1.474390000E-5
1.419873333E+9	1.467689000E-5
1.419876667E+9	1.485826000E-5
1.419880000E+9	1.494657000E-5
1.419883333E+9	1.477925000E-5
1.419886667E+9	1.464934000E-5
1.419890000E+9	1.462066000E-5
1.419893333E+9	1.480441000E-5
1.419896667E+9	1.472540000E-5
1.419900000E+9	1.511161000E-5
1.419903333E+9	1.489578000E-5
1.419906667E+9	1.472194000E-5
1.419910000E+9	1.482023000E-5
1.419913333E+9	1.483883000E-5
1.419916667E+9	1.488795000E-5
1.419920000E+9	1.488125000E-5
1.419923333E+9	1.486051000E-5
1.419926667E+9	1.506165000E-5
1.419930000E+9	1.448927000E-5
1.419933333E+9	1.493487000E-5
1.419936667E+9	1.505187000E-5
1.419940000E+9	1.469332000E-5
1.419943333E+9	1.472852000E-5
1.419946667E+9	1.493223000E-5
1.419950000E+9	1.482292000E-5
1.419953333E+9	1.472197000E-5
1.419956667E+9	1.512479000E-5
1.419960000E+9	1.471901000E-5
1.419963333E+9	1.492790000E-5
1.419966667E+9	1.493859000E-5
1.419970000E+9	1.458396000E-5
1.419973333E+9	1.481342000E-5
1.419976667E+9	1.513056000E-5
1.419980000E+9	1.501499000E-5
1.419983333E+9	1.501727000E-5
1.419986667E+9	1.467356000E-5
1.419990000E+9	1.507777000E-5
1.419993333E+9	1.477022000E-5
1.419996667E+9	1.452744000E-5
1.420000000E+9	1.600104000E-5
1.420003333E+9	1.723193000E-5
1.420006667E+9	1.496065000E-5
1.420010000E+9	1.509866000E-5
1.420013333E+9	1.490750000E-5
1.420016667E+9	1.501226000E-5
1.420020000E+9	1.498128000E-5
1.420023333E+9	1.512730000E-5
1.420026667E+9	1.514917000E-5
1.420030000E+9	1.480694000E-5
1.420033333E+9	1.518783000E-5
1.420036667E+9	1.534290000E-5
1.420040000E+9	1.510824000E-5
1.420043333E+9	1.479156000E-5
1.420046667E+9	1.473400000E-5
1.420050000E+9	1.527115000E-5
1.420053333E+9	1.494777000E-5
1.420056667E+9	1.458508000E-5
1.420060000E+9	1.466531000E-5
1.420063333E+9	1.462781000E-5
1.420066667E+9	1.459947000E-5
1.420070000E+9	1.471051000E-5
1.420073333E+9	1.524010000E-5
1.420076667E+9	1.499776000E-5
1.420080000E+9	1.477995000E-5
1.420083333E+9	1.503203000E-5
1.420086667E+9	1.524808000E-5
1.420090000E+9	1.472611000E-5
1.420093333E+9	1.453746000E-5
1.420096667E+9	1.457810000E-5
1.420100000E+9	1.502246000E-5
1.420103333E+9	1.479044000E-5
1.420106667E+9	1.497564000E-5
1.420110000E+9	1.491270000E-5
1.420113333E+9	1.465610000E-5
1.420116667E+9	1.495389000E-5
1.420120000E+9	1.464713000E-5
1.420123333E+9	1.475495000E-5
1.420126667E+9	1.472685000E-5
1.420130000E+9	1.449918000E-5
1.420133333E+9	1.479781000E-5
1.420136667E+9	1.462922000E-5
1.420140000E+9	1.479762000E-5
1.420143333E+9	1.481210000E-5
1.420146667E+9	1.483630000E-5
1.420150000E+9	1.481623000E-5
1.420153333E+9	1.521971000E-5
1.420156667E+9	1.508840000E-5
1.420160000E+9	1.486732000E-5
1.420163333E+9	1.540897000E-5
1.420166667E+9	1.465144000E-5
1.420170000E+9	1.485968000E-5
1.420173333E+9	1.466803000E-5
1.420176667E+9	1.471623000E-5
1.420180000E+9	1.487218000E-5
1.420183333E+9	1.500351000E-5
1.420186667E+9	1.490943000E-5
1.420190000E+9	1.512011000E-5
1.420193333E+9	1.473698000E-5
1.420196667E+9	1.488803000E-5
1.420200000E+9	1.501527000E-5
1.420203333E+9	1.491994000E-5
1.420206667E+9	1.459869000E-5
1.420210000E+9	1.489289000E-5
1.420213333E+9	1.462090000E-5
1.420216667E+9	1.485495000E-5
1.420220000E+9	1.465721000E-5
1.420223333E+9	1.492390000E-5
1.420226667E+9	1.468848000E-5
1.420230000E+9	1.478643000E-5
1.420233333E+9	1.468295000E-5
1.420236667E+9	1.488836000E-5
1.420240000E+9	1.479469000E-5
1.420243333E+9	1.480204000E-5
1.420246667E+9	1.478300000E-5
1.420250000E+9	1.483267000E-5
1.420253333E+9	1.513624000E-5
1.420256667E+9	1.489848000E-5
1.420260000E+9	1.482871000E-5
1.420263333E+9	1.492728000E-5
1.420266667E+9	1.483099000E-5
1.420270000E+9	1.462399000E-5
1.420273333E+9	1.465301000E-5
1.420276667E+9	1.490501000E-5
1.420280000E+9	1.472384000E-5
1.420283333E+9	1.480797000E-5
1.420286667E+9	1.465282000E-5
1.420290000E+9	1.476282000E-5
1.420293333E+9	1.494056000E-5
1.420296667E+9	1.701058000E-5
1.420300000E+9	1.502571000E-5
1.420303333E+9	1.489261000E-5
1.420306667E+9	1.487122000E-5
1.420310000E+9	1.532862000E-5
1.420313333E+9	1.509927000E-5
1.420316667E+9	1.475705000E-5
1.420320000E+9	1.513167000E-5
1.420323333E+9	1.491965000E-5
1.420326667E+9	1.507740000E-5
1.420330000E+9	1.518199000E-5
1.420333333E+9	1.470239000E-5
1.420336667E+9	1.523847000E-5
1.420340000E+9	1.492600000E-5
1.420343333E+9	1.531203000E-5
1.420346667E+9	1.540331000E-5
1.420350000E+9	1.497413000E-5
1.420353333E+9	1.515461000E-5
1.420356667E+9	1.468300000E-5
1.420360000E+9	1.476404000E-5
1.420363333E+9	1.496953000E-5
1.420366667E+9	1.520288000E-5
1.420370000E+9	1.527764000E-5
1.420373333E+9	1.509708000E-5
1.420376667E+9	1.537950000E-5
1.420380000E+9	1.564931000E-5
1.420383333E+9	1.551412000E-5
1.420386667E+9	1.548252000E-5
1.420390000E+9	1.568953000E-5
1.420393333E+9	1.556645000E-5
1.420396667E+9	1.590031000E-5
1.420400000E+9	1.619090000E-5
1.420403333E+9	1.595086000E-5
1.420406667E+9	1.616534000E-5
1.420410000E+9	1.598273000E-5
1.420413333E+9	1.649248000E-5
1.420416667E+9	1.656089000E-5
1.420420000E+9	1.666944000E-5
1.420423333E+9	1.659591000E-5
1.420426667E+9	1.649334000E-5
1.420430000E+9	1.689742000E-5
1.420433333E+9	1.672851000E-5
1.420436667E+9	1.680166000E-5
1.420440000E+9	1.658750000E-5
1.420443333E+9	1.657923000E-5
1.420446667E+9	1.704380000E-5
1.420450000E+9	1.681141000E-5
1.420453333E+9	1.676659000E-5
1.420456667E+9	1.676083000E-5
1.420460000E+9	1.691026000E-5
1.420463333E+9	1.671190000E-5
1.420466667E+9	1.681362000E-5
1.420470000E+9	1.682551000E-5
1.420473333E+9	1.665500000E-5
1.420476667E+9	1.673301000E-5
1.420480000E+9	1.660125000E-5
1.420483333E+9	1.644670000E-5
1.420486667E+9	1.646623000E-5
1.420490000E+9	1.653809000E-5
1.420493333E+9	1.671909000E-5
1.420496667E+9	1.692964000E-5
1.420500000E+9	1.652339000E-5
1.420503333E+9	1.668674000E-5
1.420506667E+9	1.647370000E-5
1.420510000E+9	1.636082000E-5
1.420513333E+9	1.635231000E-5
1.420516667E+9	1.631660000E-5
1.420520000E+9	1.621568000E-5
1.420523333E+9	1.634978000E-5
1.420526667E+9	1.654813000E-5
1.420530000E+9	1.642993000E-5
1.420533333E+9	1.621034000E-5
1.420536667E+9	1.619623000E-5
1.420540000E+9	1.611954000E-5
1.420543333E+9	1.611393000E-5
1.420546667E+9	1.624449000E-5
1.420550000E+9	1.591718000E-5
1.420553333E+9	1.604659000E-5
1.420556667E+9	1.579060000E-5
1.420560000E+9	1.560501000E-5
1.420563333E+9	1.525585000E-5
1.420566667E+9	1.567259000E-5
1.420570000E+9	1.573084000E-5
1.420573333E+9	1.566050000E-5
1.420576667E+9	1.579479000E-5
1.420580000E+9	1.572786000E-5
1.420583333E+9	1.550843000E-5
1.420586667E+9	1.559174000E-5
1.420590000E+9	1.764823000E-5
1.420593333E+9	1.619628000E-5
1.420596667E+9	1.544748000E-5
1.420600000E+9	1.562802000E-5
1.420603333E+9	1.554499000E-5
1.420606667E+9	1.604677000E-5
1.420610000E+9	1.600714000E-5
1.420613333E+9	1.598720000E-5
1.420616667E+9	1.561889000E-5
1.420620000E+9	1.613673000E-5
1.420623333E+9	1.611007000E-5
1.420626667E+9	1.589654000E-5
1.420630000E+9	1.563385000E-5
1.420633333E+9	1.582993000E-5
1.420636667E+9	1.572969000E-5
1.420640000E+9	1.583452000E-5
1.420643333E+9	1.586242000E-5
1.420646667E+9	1.651945000E-5
1.420650000E+9	1.562992000E-5
1.420653333E+9	1.544346000E-5
1.420656667E+9	1.563768000E-5
1.420660000E+9	1.584216000E-5
1.420663333E+9	1.576588000E-5
1.420666667E+9	1.577606000E-5
1.420670000E+9	1.567956000E-5
1.420673333E+9	1.539213000E-5
1.420676667E+9	1.604981000E-5
1.420680000E+9	1.606242000E-5
1.420683333E+9	1.586944000E-5
1.420686667E+9	1.607992000E-5
1.420690000E+9	1.586578000E-5
1.420693333E+9	1.544987000E-5
1.420696667E+9	1.583781000E-5
1.420700000E+9	1.586311000E-5
1.420703333E+9	1.561738000E-5
1.420706667E+9	1.541056000E-5
1.420710000E+9	1.554997000E-5
1.420713333E+9	1.579493000E-5
1.420716667E+9	1.564096000E-5
1.420720000E+9	1.568025000E-5
1.420723333E+9	1.559548000E-5
1.420726667E+9	1.521029000E-5
1.420730000E+9	1.543320000E-5
1.420733333E+9	1.537359000E-5
1.420736667E+9	1.578036000E-5
1.420740000E+9	1.542055000E-5
1.420743333E+9	1.570404000E-5
1.420746667E+9	1.571301000E-5
1.420750000E+9	1.565584000E-5
1.420753333E+9	1.566865000E-5
1.420756667E+9	1.614453000E-5
1.420760000E+9	1.575927000E-5
1.420763333E+9	1.546402000E-5
1.420766667E+9	1.559182000E-5
1.420770000E+9	1.556760000E-5
1.420773333E+9	1.584130000E-5
1.420776667E+9	1.561611000E-5
1.420780000E+9	1.557155000E-5
1.420783333E+9	1.518990000E-5
1.420786667E+9	1.572846000E-5
1.420790000E+9	1.579833000E-5
1.420793333E+9	1.633971000E-5
1.420796667E+9	1.682612000E-5
1.420800000E+9	1.617240000E-5
1.420803333E+9	1.597689000E-5
1.420806667E+9	1.585914000E-5
1.420810000E+9	1.602965000E-5
1.420813333E+9	1.566012000E-5
1.420816667E+9	1.589472000E-5
1.420820000E+9	1.599528000E-5
1.420823333E+9	1.582041000E-5
1.420826667E+9	1.565665000E-5
1.420830000E+9	1.573178000E-5
1.420833333E+9	1.590170000E-5
1.420836667E+9	1.558561000E-5
1.420840000E+9	1.584002000E-5
1.420843333E+9	1.560734000E-5
1.420846667E+9	1.571393000E-5
1.420850000E+9	1.577389000E-5
1.420853333E+9	1.540143000E-5
1.420856667E+9	1.518008000E-5
1.420860000E+9	1.538375000E-5
1.420863333E+9	1.569074000E-5
1.420866667E+9	1.546811000E-5
1.420870000E+9	1.590764000E-5
1.420873333E+9	1.508834000E-5
1.420876667E+9	1.514472000E-5
1.420880000E+9	1.553185000E-5
1.420883333E+9	2.201193000E-5
1.420886667E+9	2.024951000E-5
1.420890000E+9	1.537597000E-5
1.420893333E+9	1.498428000E-5
1.420896667E+9	1.514666000E-5
1.420900000E+9	1.551489000E-5
1.420903333E+9	1.571729000E-5
1.420906667E+9	1.652584000E-5
1.420910000E+9	1.553562000E-5
1.420913333E+9	1.620609000E-5
1.420916667E+9	1.596016000E-5
1.420920000E+9	1.546971000E-5
1.420923333E+9	1.510712000E-5
1.420926667E+9	1.545133000E-5
1.420930000E+9	1.573414000E-5
1.420933333E+9	1.517936000E-5
1.420936667E+9	1.529960000E-5
1.420940000E+9	1.515258000E-5
1.420943333E+9	1.603662000E-5
1.420946667E+9	1.552138000E-5
1.420950000E+9	1.516157000E-5
1.420953333E+9	1.519987000E-5
1.420956667E+9	1.488156000E-5
1.420960000E+9	1.469865000E-5
1.420963333E+9	1.488716000E-5
1.420966667E+9	1.541508000E-5
1.420970000E+9	1.517648000E-5
1.420973333E+9	1.503121000E-5
1.420976667E+9	1.500520000E-5
1.420980000E+9	1.480524000E-5
1.420983333E+9	1.503793000E-5
1.420986667E+9	1.493543000E-5
1.420990000E+9	1.539298000E-5
1.420993333E+9	1.500436000E-5
1.420996667E+9	1.497018000E-5
1.421000000E+9	1.498293000E-5
1.421003333E+9	1.470181000E-5
1.421006667E+9	1.494962000E-5
1.421010000E+9	1.513160000E-5
1.421013333E+9	1.483673000E-5
1.421016667E+9	1.489426000E-5
1.421020000E+9	1.524319000E-5
1.421023333E+9	1.513579000E-5
1.421026667E+9	1.513948000E-5
1.421030000E+9	1.497776000E-5
1.421033333E+9	1.472698000E-5
1.421036667E+9	1.492358000E-5
1.421040000E+9	1.491973000E-5
1.421043333E+9	1.502454000E-5
1.421046667E+9	1.486766000E-5
1.421050000E+9	1.493408000E-5
1.421053333E+9	1.478552000E-5
1.421056667E+9	1.501048000E-5
1.421060000E+9	1.502873000E-5
1.421063333E+9	1.466581000E-5
1.421066667E+9	1.496208000E-5
1.421070000E+9	1.461981000E-5
1.421073333E+9	1.511626000E-5
1.421076667E+9	1.485914000E-5
1.421080000E+9	1.474316000E-5
1.421083333E+9	1.493425000E-5
1.421086667E+9	1.447885000E-5
1.421090000E+9	1.465831000E-5
1.421093333E+9	1.514442000E-5
1.421096667E+9	1.528776000E-5
1.421100000E+9	1.508078000E-5
1.421103333E+9	1.519845000E-5
1.421106667E+9	1.488283000E-5
1.421110000E+9	1.500136000E-5
1.421113333E+9	1.494219000E-5
1.421116667E+9	1.478779000E-5
1.421120000E+9	1.476427000E-5
1.421123333E+9	1.453010000E-5
1.421126667E+9	1.483772000E-5
1.421130000E+9	1.466354000E-5
1.421133333E+9	1.473678000E-5
1.421136667E+9	1.468000000E-5
1.421140000E+9	1.481444000E-5
1.421143333E+9	1.475278000E-5
1.421146667E+9	1.438963000E-5
1.421150000E+9	1.465605000E-5
1.421153333E+9	1.459218000E-5
1.421156667E+9	1.503657000E-5
1.421160000E+9	1.519296000E-5
1.421163333E+9	1.505821000E-5
1.421166667E+9	1.496683000E-5
1.421170000E+9	1.480896000E-5
1.421173333E+9	1.494345000E-5
1.421176667E+9	1.761281000E-5
1.421180000E+9	2.102300000E-5
1.421183333E+9	1.501166000E-5
1.421186667E+9	1.506802000E-5
1.421190000E+9	1.469442000E-5
1.421193333E+9	1.495230000E-5
1.421196667E+9	1.518089000E-5
1.421200000E+9	1.470996000E-5
1.421203333E+9	1.492831000E-5
1.421206667E+9	1.534859000E-5
1.421210000E+9	1.495496000E-5
1.421213333E+9	1.494109000E-5
1.421216667E+9	1.465369000E-5
1.421220000E+9	1.483099000E-5
1.421223333E+9	1.486014000E-5
1.421226667E+9	1.458342000E-5
1.421230000E+9	1.478657000E-5
1.421233333E+9	1.447043000E-5
1.421236667E+9	1.490807000E-5
1.421240000E+9	1.486376000E-5
1.421243333E+9	1.500255000E-5
1.421246667E+9	1.481963000E-5
1.421250000E+9	1.511516000E-5
1.421253333E+9	1.491630000E-5
1.421256667E+9	1.486830000E-5
1.421260000E+9	1.500797000E-5
1.421263333E+9	1.497571000E-5
1.421266667E+9	1.467185000E-5
1.421270000E+9	1.491712000E-5
1.421273333E+9	1.475569000E-5
1.421276667E+9	1.466558000E-5
1.421280000E+9	1.489187000E-5
1.421283333E+9	1.473648000E-5
1.421286667E+9	1.460117000E-5
1.421290000E+9	1.477281000E-5
1.421293333E+9	1.483972000E-5
1.421296667E+9	1.439829000E-5
1.421300000E+9	1.457778000E-5
1.421303333E+9	1.447399000E-5
1.421306667E+9	1.481480000E-5
1.421310000E+9	1.459066000E-5
1.421313333E+9	1.466035000E-5
1.421316667E+9	1.508138000E-5
1.421320000E+9	1.490048000E-5
1.421323333E+9	1.481064000E-5
1.421326667E+9	1.461700000E-5
1.421330000E+9	1.468413000E-5
1.421333333E+9	1.464278000E-5
1.421336667E+9	1.491368000E-5
1.421340000E+9	1.489097000E-5
1.421343333E+9	1.487292000E-5
1.421346667E+9	1.467351000E-5
1.421350000E+9	1.474507000E-5
1.421353333E+9	1.521986000E-5
1.421356667E+9	1.549529000E-5
1.421360000E+9	1.482669000E-5
1.421363333E+9	1.502284000E-5
1.421366667E+9	1.547430000E-5
1.421370000E+9	1.501524000E-5
1.421373333E+9	1.484716000E-5
1.421376667E+9	1.462013000E-5
1.421380000E+9	1.495745000E-5
1.421383333E+9	1.493187000E-5
1.421386667E+9	1.470572000E-5
1.421390000E+9	1.530168000E-5
1.421393333E+9	1.489408000E-5
1.421396667E+9	1.484132000E-5
1.421400000E+9	1.474779000E-5
