Frequency, Hz	Amplitude, Volts
1.419400000E+9	2.165408000E-5
1.419403333E+9	2.138110000E-5
1.419406667E+9	2.140155000E-5
1.419410000E+9	2.141131000E-5
1.419413333E+9	2.129458000E-5
1.419416667E+9	2.118071000E-5
1.419420000E+9	2.128469000E-5
1.419423333E+9	2.114175000E-5
1.419426667E+9	2.114249000E-5
1.419430000E+9	2.137680000E-5
1.419433333E+9	2.175063000E-5
1.419436667E+9	2.170483000E-5
1.419440000E+9	2.183908000E-5
1.419443333E+9	2.144874000E-5
1.419446667E+9	2.174175000E-5
1.419450000E+9	2.314246000E-5
1.419453333E+9	2.204005000E-5
1.419456667E+9	2.135374000E-5
1.419460000E+9	2.143805000E-5
1.419463333E+9	2.116553000E-5
1.419466667E+9	2.137290000E-5
1.419470000E+9	2.154632000E-5
1.419473333E+9	2.161679000E-5
1.419476667E+9	2.103457000E-5
1.419480000E+9	2.099671000E-5
1.419483333E+9	2.080171000E-5
1.419486667E+9	2.111382000E-5
1.419490000E+9	2.121507000E-5
1.419493333E+9	2.147226000E-5
1.419496667E+9	2.112502000E-5
1.419500000E+9	2.126892000E-5
1.419503333E+9	2.153445000E-5
1.419506667E+9	2.159674000E-5
1.419510000E+9	2.115657000E-5
1.419513333E+9	2.121840000E-5
1.419516667E+9	2.106496000E-5
1.419520000E+9	2.160065000E-5
1.419523333E+9	2.142760000E-5
1.419526667E+9	2.094186000E-5
1.419530000E+9	2.128270000E-5
1.419533333E+9	2.116553000E-5
1.419536667E+9	2.120475000E-5
1.419540000E+9	2.143532000E-5
1.419543333E+9	2.170590000E-5
1.419546667E+9	2.118899000E-5
1.419550000E+9	2.130999000E-5
1.419553333E+9	2.128852000E-5
1.419556667E+9	2.067368000E-5
1.419560000E+9	2.124276000E-5
1.419563333E+9	2.099141000E-5
1.419566667E+9	2.103256000E-5
1.419570000E+9	2.143768000E-5
1.419573333E+9	2.165225000E-5
1.419576667E+9	2.120838000E-5
1.419580000E+9	2.135196000E-5
1.419583333E+9	2.112349000E-5
1.419586667E+9	2.123147000E-5
1.419590000E+9	2.128805000E-5
1.419593333E+9	2.140108000E-5
1.419596667E+9	2.110747000E-5
1.419600000E+9	2.087767000E-5
1.419603333E+9	2.125375000E-5
1.419606667E+9	2.134015000E-5
1.419610000E+9	2.125550000E-5
1.419613333E+9	2.105301000E-5
1.419616667E+9	2.099104000E-5
1.419620000E+9	2.122499000E-5
1.419623333E+9	2.135076000E-5
1.419626667E+9	2.182307000E-5
1.419630000E+9	2.126735000E-5
1.419633333E+9	2.107813000E-5
1.419636667E+9	2.132565000E-5
1.419640000E+9	2.129458000E-5
1.419643333E+9	2.133502000E-5
1.419646667E+9	2.127822000E-5
1.419650000E+9	2.133532000E-5
1.419653333E+9	2.116997000E-5
1.419656667E+9	2.122464000E-5
1.419660000E+9	2.153270000E-5
1.419663333E+9	2.122954000E-5
1.419666667E+9	2.093423000E-5
1.419670000E+9	2.171537000E-5
1.419673333E+9	2.108912000E-5
1.419676667E+9	2.114660000E-5
1.419680000E+9	2.109674000E-5
1.419683333E+9	2.108111000E-5
1.419686667E+9	2.113736000E-5
1.419690000E+9	2.078447000E-5
1.419693333E+9	2.128735000E-5
1.419696667E+9	2.079940000E-5
1.419700000E+9	2.134305000E-5
1.419703333E+9	2.147080000E-5
1.419706667E+9	2.120429000E-5
1.419710000E+9	2.157245000E-5
1.419713333E+9	2.117704000E-5
1.419716667E+9	2.057000000E-5
1.419720000E+9	2.108347000E-5
1.419723333E+9	2.136408000E-5
1.419726667E+9	2.120247000E-5
1.419730000E+9	2.107574000E-5
1.419733333E+9	2.210811000E-5
1.419736667E+9	2.151372000E-5
1.419740000E+9	2.238748000E-5
1.419743333E+9	2.314774000E-5
1.419746667E+9	2.134936000E-5
1.419750000E+9	2.160687000E-5
1.419753333E+9	2.120051000E-5
1.419756667E+9	2.133949000E-5
1.419760000E+9	2.103861000E-5
1.419763333E+9	2.110063000E-5
1.419766667E+9	2.143570000E-5
1.419770000E+9	2.139742000E-5
1.419773333E+9	2.095051000E-5
1.419776667E+9	2.112771000E-5
1.419780000E+9	2.154081000E-5
1.419783333E+9	2.121039000E-5
1.419786667E+9	2.132881000E-5
1.419790000E+9	2.116465000E-5
1.419793333E+9	2.137800000E-5
1.419796667E+9	2.114491000E-5
1.419800000E+9	2.097528000E-5
1.419803333E+9	2.144625000E-5
1.419806667E+9	2.114593000E-5
1.419810000E+9	2.108273000E-5
1.419813333E+9	2.106420000E-5
1.419816667E+9	2.131394000E-5
1.419820000E+9	2.146486000E-5
1.419823333E+9	2.130150000E-5
1.419826667E+9	2.121253000E-5
1.419830000E+9	2.091927000E-5
1.419833333E+9	2.086104000E-5
1.419836667E+9	2.112637000E-5
1.419840000E+9	2.076039000E-5
1.419843333E+9	2.030620000E-5
1.419846667E+9	2.091916000E-5
1.419850000E+9	2.097205000E-5
1.419853333E+9	2.118799000E-5
1.419856667E+9	2.116914000E-5
1.419860000E+9	2.104504000E-5
1.419863333E+9	2.105708000E-5
1.419866667E+9	2.106991000E-5
1.419870000E+9	2.174581000E-5
1.419873333E+9	2.115907000E-5
1.419876667E+9	2.083119000E-5
1.419880000E+9	2.109512000E-5
1.419883333E+9	2.106223000E-5
1.419886667E+9	2.096064000E-5
1.419890000E+9	2.062514000E-5
1.419893333E+9	2.087279000E-5
1.419896667E+9	2.095415000E-5
1.419900000E+9	2.073799000E-5
1.419903333E+9	2.110494000E-5
1.419906667E+9	2.103238000E-5
1.419910000E+9	2.129509000E-5
1.419913333E+9	2.160998000E-5
1.419916667E+9	2.113384000E-5
1.419920000E+9	2.112514000E-5
1.419923333E+9	2.110399000E-5
1.419926667E+9	2.106744000E-5
1.419930000E+9	2.111737000E-5
1.419933333E+9	2.103762000E-5
1.419936667E+9	2.135339000E-5
1.419940000E+9	2.135175000E-5
1.419943333E+9	2.123052000E-5
1.419946667E+9	2.150139000E-5
1.419950000E+9	2.131151000E-5
1.419953333E+9	2.120752000E-5
1.419956667E+9	2.108324000E-5
1.419960000E+9	2.105622000E-5
1.419963333E+9	2.109348000E-5
1.419966667E+9	2.107195000E-5
1.419970000E+9	2.126331000E-5
1.419973333E+9	2.084961000E-5
1.419976667E+9	2.150021000E-5
1.419980000E+9	2.098995000E-5
1.419983333E+9	2.137833000E-5
1.419986667E+9	2.099532000E-5
1.419990000E+9	2.088148000E-5
1.419993333E+9	2.106117000E-5
1.419996667E+9	2.128242000E-5
1.420000000E+9	2.180209000E-5
1.420003333E+9	2.258791000E-5
1.420006667E+9	2.127943000E-5
1.420010000E+9	2.080760000E-5
1.420013333E+9	2.117883000E-5
1.420016667E+9	2.140576000E-5
1.420020000E+9	2.140294000E-5
1.420023333E+9	2.138774000E-5
1.420026667E+9	2.093113000E-5
1.420030000E+9	2.148053000E-5
1.420033333E+9	2.172495000E-5
1.420036667E+9	2.190310000E-5
1.420040000E+9	2.072661000E-5
1.420043333E+9	2.067495000E-5
1.420046667E+9	2.118069000E-5
1.420050000E+9	2.133438000E-5
1.420053333E+9	2.085889000E-5
1.420056667E+9	2.070300000E-5
1.420060000E+9	2.098548000E-5
1.420063333E+9	2.135451000E-5
1.420066667E+9	2.088519000E-5
1.420070000E+9	2.040494000E-5
1.420073333E+9	2.137323000E-5
1.420076667E+9	2.113709000E-5
1.420080000E+9	2.153563000E-5
1.420083333E+9	2.123807000E-5
1.420086667E+9	2.105673000E-5
1.420090000E+9	2.085387000E-5
1.420093333E+9	2.099221000E-5
1.420096667E+9	2.103108000E-5
1.420100000E+9	2.120959000E-5
1.420103333E+9	2.089969000E-5
1.420106667E+9	2.090678000E-5
1.420110000E+9	2.097318000E-5
1.420113333E+9	2.054580000E-5
1.420116667E+9	2.075082000E-5
1.420120000E+9	2.116182000E-5
1.420123333E+9	2.037722000E-5
1.420126667E+9	2.108746000E-5
1.420130000E+9	2.092628000E-5
1.420133333E+9	2.070623000E-5
1.420136667E+9	2.084671000E-5
1.420140000E+9	2.078554000E-5
1.420143333E+9	2.079474000E-5
1.420146667E+9	2.081555000E-5
1.420150000E+9	2.123658000E-5
1.420153333E+9	2.131839000E-5
1.420156667E+9	2.079477000E-5
1.420160000E+9	2.077471000E-5
1.420163333E+9	2.125335000E-5
1.420166667E+9	2.086725000E-5
1.420170000E+9	2.073665000E-5
1.420173333E+9	2.078148000E-5
1.420176667E+9	2.113709000E-5
1.420180000E+9	2.085362000E-5
1.420183333E+9	2.089772000E-5
1.420186667E+9	2.108667000E-5
1.420190000E+9	2.106334000E-5
1.420193333E+9	2.090747000E-5
1.420196667E+9	2.116426000E-5
1.420200000E+9	2.087981000E-5
1.420203333E+9	2.078682000E-5
1.420206667E+9	2.066830000E-5
1.420210000E+9	2.114976000E-5
1.420213333E+9	2.124161000E-5
1.420216667E+9	2.082067000E-5
1.420220000E+9	2.147808000E-5
1.420223333E+9	2.073512000E-5
1.420226667E+9	2.089652000E-5
1.420230000E+9	2.118676000E-5
1.420233333E+9	2.079258000E-5
1.420236667E+9	2.107648000E-5
1.420240000E+9	2.121642000E-5
1.420243333E+9	2.118313000E-5
1.420246667E+9	2.074786000E-5
1.420250000E+9	2.109809000E-5
1.420253333E+9	2.158420000E-5
1.420256667E+9	2.095056000E-5
1.420260000E+9	2.091937000E-5
1.420263333E+9	2.145965000E-5
1.420266667E+9	2.148714000E-5
1.420270000E+9	2.101675000E-5
1.420273333E+9	2.102566000E-5
1.420276667E+9	2.112041000E-5
1.420280000E+9	2.072730000E-5
1.420283333E+9	2.071130000E-5
1.420286667E+9	2.099265000E-5
1.420290000E+9	2.086443000E-5
1.420293333E+9	2.093017000E-5
1.420296667E+9	2.146443000E-5
1.420300000E+9	2.126962000E-5
1.420303333E+9	2.145049000E-5
1.420306667E+9	2.130498000E-5
1.420310000E+9	2.135548000E-5
1.420313333E+9	2.083705000E-5
1.420316667E+9	2.122809000E-5
1.420320000E+9	2.123387000E-5
1.420323333E+9	2.094757000E-5
1.420326667E+9	2.172126000E-5
1.420330000E+9	2.158709000E-5
1.420333333E+9	2.144559000E-5
1.420336667E+9	2.108725000E-5
1.420340000E+9	2.057515000E-5
1.420343333E+9	2.099205000E-5
1.420346667E+9	2.088306000E-5
1.420350000E+9	2.133689000E-5
1.420353333E+9	2.163509000E-5
1.420356667E+9	2.109037000E-5
1.420360000E+9	2.103794000E-5
1.420363333E+9	2.096271000E-5
1.420366667E+9	2.134912000E-5
1.420370000E+9	2.098373000E-5
1.420373333E+9	2.127709000E-5
1.420376667E+9	2.091999000E-5
1.420380000E+9	2.095790000E-5
1.420383333E+9	2.118355000E-5
1.420386667E+9	2.117065000E-5
1.420390000E+9	2.120117000E-5
1.420393333E+9	2.103219000E-5
1.420396667E+9	2.092780000E-5
1.420400000E+9	2.113690000E-5
1.420403333E+9	2.159105000E-5
1.420406667E+9	2.094619000E-5
1.420410000E+9	2.011710000E-5
1.420413333E+9	2.108931000E-5
1.420416667E+9	2.057366000E-5
1.420420000E+9	2.135684000E-5
1.420423333E+9	2.106464000E-5
1.420426667E+9	2.092440000E-5
1.420430000E+9	2.122651000E-5
1.420433333E+9	2.140212000E-5
1.420436667E+9	2.081375000E-5
1.420440000E+9	2.048146000E-5
1.420443333E+9	2.077263000E-5
1.420446667E+9	2.151818000E-5
1.420450000E+9	2.094237000E-5
1.420453333E+9	2.137241000E-5
1.420456667E+9	2.148813000E-5
1.420460000E+9	2.120817000E-5
1.420463333E+9	2.094118000E-5
1.420466667E+9	2.158797000E-5
1.420470000E+9	2.149363000E-5
1.420473333E+9	2.117936000E-5
1.420476667E+9	2.119132000E-5
1.420480000E+9	2.108146000E-5
1.420483333E+9	2.122956000E-5
1.420486667E+9	2.131053000E-5
1.420490000E+9	2.170783000E-5
1.420493333E+9	2.126775000E-5
1.420496667E+9	2.163578000E-5
1.420500000E+9	2.088235000E-5
1.420503333E+9	2.105012000E-5
1.420506667E+9	2.061490000E-5
1.420510000E+9	2.119974000E-5
1.420513333E+9	2.069716000E-5
1.420516667E+9	2.125200000E-5
1.420520000E+9	2.115661000E-5
1.420523333E+9	2.111227000E-5
1.420526667E+9	2.098965000E-5
1.420530000E+9	2.126243000E-5
1.420533333E+9	2.133125000E-5
1.420536667E+9	2.060117000E-5
1.420540000E+9	2.085451000E-5
1.420543333E+9	2.095053000E-5
1.420546667E+9	2.086090000E-5
1.420550000E+9	2.131467000E-5
1.420553333E+9	2.110979000E-5
1.420556667E+9	2.141413000E-5
1.420560000E+9	2.100231000E-5
1.420563333E+9	2.091535000E-5
1.420566667E+9	2.091073000E-5
1.420570000E+9	2.065002000E-5
1.420573333E+9	2.093701000E-5
1.420576667E+9	2.112502000E-5
1.420580000E+9	2.084128000E-5
1.420583333E+9	2.082694000E-5
1.420586667E+9	2.083725000E-5
1.420590000E+9	2.074262000E-5
1.420593333E+9	2.118011000E-5
1.420596667E+9	2.107452000E-5
1.420600000E+9	2.129203000E-5
1.420603333E+9	2.099152000E-5
1.420606667E+9	2.095737000E-5
1.420610000E+9	2.110782000E-5
1.420613333E+9	2.090853000E-5
1.420616667E+9	2.060558000E-5
1.420620000E+9	2.223108000E-5
1.420623333E+9	2.230989000E-5
1.420626667E+9	2.157188000E-5
1.420630000E+9	2.090536000E-5
1.420633333E+9	2.073740000E-5
1.420636667E+9	2.137159000E-5
1.420640000E+9	2.084947000E-5
1.420643333E+9	2.071119000E-5
1.420646667E+9	2.101020000E-5
1.420650000E+9	2.071103000E-5
1.420653333E+9	2.075843000E-5
1.420656667E+9	2.077598000E-5
1.420660000E+9	2.077950000E-5
1.420663333E+9	2.092109000E-5
1.420666667E+9	2.106883000E-5
1.420670000E+9	2.104903000E-5
1.420673333E+9	2.111264000E-5
1.420676667E+9	2.082589000E-5
1.420680000E+9	2.139037000E-5
1.420683333E+9	2.055341000E-5
1.420686667E+9	2.102337000E-5
1.420690000E+9	2.161726000E-5
1.420693333E+9	2.133811000E-5
1.420696667E+9	2.106436000E-5
1.420700000E+9	2.089359000E-5
1.420703333E+9	2.073838000E-5
1.420706667E+9	2.100489000E-5
1.420710000E+9	2.044434000E-5
1.420713333E+9	2.086805000E-5
1.420716667E+9	2.061563000E-5
1.420720000E+9	2.039869000E-5
1.420723333E+9	2.054526000E-5
1.420726667E+9	2.069439000E-5
1.420730000E+9	2.077986000E-5
1.420733333E+9	2.084137000E-5
1.420736667E+9	2.089079000E-5
1.420740000E+9	2.095309000E-5
1.420743333E+9	2.090327000E-5
1.420746667E+9	2.109535000E-5
1.420750000E+9	2.120023000E-5
1.420753333E+9	2.083911000E-5
1.420756667E+9	2.155181000E-5
1.420760000E+9	2.138333000E-5
1.420763333E+9	2.089013000E-5
1.420766667E+9	2.091379000E-5
1.420770000E+9	2.072336000E-5
1.420773333E+9	2.072586000E-5
1.420776667E+9	2.100208000E-5
1.420780000E+9	2.088042000E-5
1.420783333E+9	2.064553000E-5
1.420786667E+9	2.130508000E-5
1.420790000E+9	2.110323000E-5
1.420793333E+9	2.093145000E-5
1.420796667E+9	2.099226000E-5
1.420800000E+9	2.074669000E-5
1.420803333E+9	2.084119000E-5
1.420806667E+9	2.090499000E-5
1.420810000E+9	2.079643000E-5
1.420813333E+9	2.107936000E-5
1.420816667E+9	2.071726000E-5
1.420820000E+9	2.051114000E-5
1.420823333E+9	2.126990000E-5
1.420826667E+9	2.144062000E-5
1.420830000E+9	2.123506000E-5
1.420833333E+9	2.118981000E-5
1.420836667E+9	2.041408000E-5
1.420840000E+9	2.088031000E-5
1.420843333E+9	2.011324000E-5
1.420846667E+9	2.146212000E-5
1.420850000E+9	2.137687000E-5
1.420853333E+9	2.128018000E-5
1.420856667E+9	2.021202000E-5
1.420860000E+9	2.080747000E-5
1.420863333E+9	2.062427000E-5
1.420866667E+9	2.117074000E-5
1.420870000E+9	2.093639000E-5
1.420873333E+9	2.109137000E-5
1.420876667E+9	2.085163000E-5
1.420880000E+9	2.033784000E-5
1.420883333E+9	2.246351000E-5
1.420886667E+9	2.191455000E-5
1.420890000E+9	2.085641000E-5
1.420893333E+9	2.126820000E-5
1.420896667E+9	2.155540000E-5
1.420900000E+9	2.082660000E-5
1.420903333E+9	2.148546000E-5
1.420906667E+9	2.129834000E-5
1.420910000E+9	2.133005000E-5
1.420913333E+9	2.556252000E-5
1.420916667E+9	2.322274000E-5
1.420920000E+9	2.117918000E-5
1.420923333E+9	2.092752000E-5
1.420926667E+9	2.102374000E-5
1.420930000E+9	2.107153000E-5
1.420933333E+9	2.057617000E-5
1.420936667E+9	2.081688000E-5
1.420940000E+9	2.079522000E-5
1.420943333E+9	2.073344000E-5
1.420946667E+9	2.095415000E-5
1.420950000E+9	2.103134000E-5
1.420953333E+9	2.074255000E-5
1.420956667E+9	2.093920000E-5
1.420960000E+9	2.153298000E-5
1.420963333E+9	2.125419000E-5
1.420966667E+9	2.080315000E-5
1.420970000E+9	2.067615000E-5
1.420973333E+9	2.053121000E-5
1.420976667E+9	2.116849000E-5
1.420980000E+9	2.081158000E-5
1.420983333E+9	2.115647000E-5
1.420986667E+9	2.096795000E-5
1.420990000E+9	2.051961000E-5
1.420993333E+9	2.076716000E-5
1.420996667E+9	2.118630000E-5
1.421000000E+9	2.067218000E-5
1.421003333E+9	2.086447000E-5
1.421006667E+9	2.098793000E-5
1.421010000E+9	2.164284000E-5
1.421013333E+9	2.103859000E-5
1.421016667E+9	2.053854000E-5
1.421020000E+9	2.061350000E-5
1.421023333E+9	2.093789000E-5
1.421026667E+9	2.183742000E-5
1.421030000E+9	2.165546000E-5
1.421033333E+9	2.056420000E-5
1.421036667E+9	2.052648000E-5
1.421040000E+9	2.078810000E-5
1.421043333E+9	2.106344000E-5
1.421046667E+9	2.095484000E-5
1.421050000E+9	2.085760000E-5
1.421053333E+9	2.070782000E-5
1.421056667E+9	2.061880000E-5
1.421060000E+9	2.080961000E-5
1.421063333E+9	2.102998000E-5
1.421066667E+9	2.115229000E-5
1.421070000E+9	2.065002000E-5
1.421073333E+9	2.089763000E-5
1.421076667E+9	2.088999000E-5
1.421080000E+9	2.077733000E-5
1.421083333E+9	2.087359000E-5
1.421086667E+9	2.091425000E-5
1.421090000E+9	2.129107000E-5
1.421093333E+9	2.171804000E-5
1.421096667E+9	2.292491000E-5
1.421100000E+9	2.090403000E-5
1.421103333E+9	2.111250000E-5
1.421106667E+9	2.159767000E-5
1.421110000E+9	2.060106000E-5
1.421113333E+9	2.068630000E-5
1.421116667E+9	2.106089000E-5
1.421120000E+9	2.070664000E-5
1.421123333E+9	2.065106000E-5
1.421126667E+9	2.094400000E-5
1.421130000E+9	2.061730000E-5
1.421133333E+9	2.097399000E-5
1.421136667E+9	2.115180000E-5
1.421140000E+9	2.056137000E-5
1.421143333E+9	2.100568000E-5
1.421146667E+9	2.048966000E-5
1.421150000E+9	2.101506000E-5
1.421153333E+9	2.049430000E-5
1.421156667E+9	2.112678000E-5
1.421160000E+9	2.102250000E-5
1.421163333E+9	2.309922000E-5
1.421166667E+9	2.136929000E-5
1.421170000E+9	2.123975000E-5
1.421173333E+9	2.083668000E-5
1.421176667E+9	2.175207000E-5
1.421180000E+9	2.369159000E-5
1.421183333E+9	2.075444000E-5
1.421186667E+9	2.091319000E-5
1.421190000E+9	2.140247000E-5
1.421193333E+9	2.076492000E-5
1.421196667E+9	2.140226000E-5
1.421200000E+9	2.123551000E-5
1.421203333E+9	2.135963000E-5
1.421206667E+9	2.287792000E-5
1.421210000E+9	2.185645000E-5
1.421213333E+9	2.120345000E-5
1.421216667E+9	2.126213000E-5
1.421220000E+9	2.149231000E-5
1.421223333E+9	2.118590000E-5
1.421226667E+9	2.109463000E-5
1.421230000E+9	2.319392000E-5
1.421233333E+9	2.249095000E-5
1.421236667E+9	2.113943000E-5
1.421240000E+9	2.084714000E-5
1.421243333E+9	2.131926000E-5
1.421246667E+9	2.123292000E-5
1.421250000E+9	2.137915000E-5
1.421253333E+9	2.092805000E-5
1.421256667E+9	2.084803000E-5
1.421260000E+9	2.152683000E-5
1.421263333E+9	2.132300000E-5
1.421266667E+9	2.129998000E-5
1.421270000E+9	2.168016000E-5
1.421273333E+9	2.135843000E-5
1.421276667E+9	2.140980000E-5
1.421280000E+9	2.158475000E-5
1.421283333E+9	2.183802000E-5
1.421286667E+9	2.194595000E-5
1.421290000E+9	2.215839000E-5
1.421293333E+9	2.219613000E-5
1.421296667E+9	2.475687000E-5
1.421300000E+9	2.597679000E-5
1.421303333E+9	2.225846000E-5
1.421306667E+9	2.171398000E-5
1.421310000E+9	2.184325000E-5
1.421313333E+9	2.219764000E-5
1.421316667E+9	2.195691000E-5
1.421320000E+9	2.233972000E-5
1.421323333E+9	2.218370000E-5
1.421326667E+9	2.177023000E-5
1.421330000E+9	2.221773000E-5
1.421333333E+9	2.272907000E-5
1.421336667E+9	2.226207000E-5
1.421340000E+9	2.169080000E-5
1.421343333E+9	2.275714000E-5
1.421346667E+9	2.264224000E-5
1.421350000E+9	2.278482000E-5
1.421353333E+9	2.362932000E-5
1.421356667E+9	2.297559000E-5
1.421360000E+9	2.322965000E-5
1.421363333E+9	2.897321000E-5
1.421366667E+9	3.584149000E-5
1.421370000E+9	2.521539000E-5
1.421373333E+9	2.291057000E-5
1.421376667E+9	2.314375000E-5
1.421380000E+9	2.236566000E-5
1.421383333E+9	2.227655000E-5
1.421386667E+9	2.255773000E-5
1.421390000E+9	2.226846000E-5
1.421393333E+9	2.192757000E-5
1.421396667E+9	2.251348000E-5
1.421400000E+9	2.267887000E-5
