Frequency, Hz	Amplitude, Volts
1.419400000E+9	1.489843000E-5
1.419403333E+9	1.471922000E-5
1.419406667E+9	1.501898000E-5
1.419410000E+9	1.518119000E-5
1.419413333E+9	1.619888000E-5
1.419416667E+9	1.559959000E-5
1.419420000E+9	1.509374000E-5
1.419423333E+9	1.509271000E-5
1.419426667E+9	1.485198000E-5
1.419430000E+9	1.507813000E-5
1.419433333E+9	1.510305000E-5
1.419436667E+9	1.514831000E-5
1.419440000E+9	1.504027000E-5
1.419443333E+9	1.486143000E-5
1.419446667E+9	1.510773000E-5
1.419450000E+9	1.533528000E-5
1.419453333E+9	1.550421000E-5
1.419456667E+9	1.471444000E-5
1.419460000E+9	1.503449000E-5
1.419463333E+9	1.499453000E-5
1.419466667E+9	1.517699000E-5
1.419470000E+9	1.514891000E-5
1.419473333E+9	1.498229000E-5
1.419476667E+9	1.501077000E-5
1.419480000E+9	1.525220000E-5
1.419483333E+9	1.493538000E-5
1.419486667E+9	1.506658000E-5
1.419490000E+9	1.541222000E-5
1.419493333E+9	1.519904000E-5
1.419496667E+9	1.527163000E-5
1.419500000E+9	1.516224000E-5
1.419503333E+9	1.493971000E-5
1.419506667E+9	1.523312000E-5
1.419510000E+9	1.518666000E-5
1.419513333E+9	1.494832000E-5
1.419516667E+9	1.496276000E-5
1.419520000E+9	1.519402000E-5
1.419523333E+9	1.488636000E-5
1.419526667E+9	1.490288000E-5
1.419530000E+9	1.512127000E-5
1.419533333E+9	1.509390000E-5
1.419536667E+9	1.484318000E-5
1.419540000E+9	1.484285000E-5
1.419543333E+9	1.502457000E-5
1.419546667E+9	1.477573000E-5
1.419550000E+9	1.507931000E-5
1.419553333E+9	1.508558000E-5
1.419556667E+9	1.470728000E-5
1.419560000E+9	1.494273000E-5
1.419563333E+9	1.495586000E-5
1.419566667E+9	1.522442000E-5
1.419570000E+9	1.522526000E-5
1.419573333E+9	1.485174000E-5
1.419576667E+9	1.505582000E-5
1.419580000E+9	1.482261000E-5
1.419583333E+9	1.481311000E-5
1.419586667E+9	1.473146000E-5
1.419590000E+9	1.510275000E-5
1.419593333E+9	1.515347000E-5
1.419596667E+9	1.532313000E-5
1.419600000E+9	1.505484000E-5
1.419603333E+9	1.524850000E-5
1.419606667E+9	1.499557000E-5
1.419610000E+9	1.487720000E-5
1.419613333E+9	1.489563000E-5
1.419616667E+9	1.489333000E-5
1.419620000E+9	1.534674000E-5
1.419623333E+9	1.490427000E-5
1.419626667E+9	1.496309000E-5
1.419630000E+9	1.475641000E-5
1.419633333E+9	1.489974000E-5
1.419636667E+9	1.514016000E-5
1.419640000E+9	1.494634000E-5
1.419643333E+9	1.477990000E-5
1.419646667E+9	1.507716000E-5
1.419650000E+9	1.513408000E-5
1.419653333E+9	1.508039000E-5
1.419656667E+9	1.502928000E-5
1.419660000E+9	1.523750000E-5
1.419663333E+9	1.509828000E-5
1.419666667E+9	1.530390000E-5
1.419670000E+9	1.492641000E-5
1.419673333E+9	1.491244000E-5
1.419676667E+9	1.561257000E-5
1.419680000E+9	1.484634000E-5
1.419683333E+9	1.500510000E-5
1.419686667E+9	1.489300000E-5
1.419690000E+9	1.503948000E-5
1.419693333E+9	1.452335000E-5
1.419696667E+9	1.503264000E-5
1.419700000E+9	1.494473000E-5
1.419703333E+9	1.500527000E-5
1.419706667E+9	1.524204000E-5
1.419710000E+9	1.496468000E-5
1.419713333E+9	1.512169000E-5
1.419716667E+9	1.529128000E-5
1.419720000E+9	1.519525000E-5
1.419723333E+9	1.524182000E-5
1.419726667E+9	1.496854000E-5
1.419730000E+9	1.505621000E-5
1.419733333E+9	1.592092000E-5
1.419736667E+9	1.495829000E-5
1.419740000E+9	1.485449000E-5
1.419743333E+9	1.524848000E-5
1.419746667E+9	1.502492000E-5
1.419750000E+9	1.531876000E-5
1.419753333E+9	1.543219000E-5
1.419756667E+9	1.516239000E-5
1.419760000E+9	1.504876000E-5
1.419763333E+9	1.505316000E-5
1.419766667E+9	1.505119000E-5
1.419770000E+9	1.511244000E-5
1.419773333E+9	1.505721000E-5
1.419776667E+9	1.522083000E-5
1.419780000E+9	1.553760000E-5
1.419783333E+9	1.543459000E-5
1.419786667E+9	1.513051000E-5
1.419790000E+9	1.498668000E-5
1.419793333E+9	1.508825000E-5
1.419796667E+9	1.490246000E-5
1.419800000E+9	1.509912000E-5
1.419803333E+9	1.499079000E-5
1.419806667E+9	1.508262000E-5
1.419810000E+9	1.494726000E-5
1.419813333E+9	1.510579000E-5
1.419816667E+9	1.489292000E-5
1.419820000E+9	1.516736000E-5
1.419823333E+9	1.503136000E-5
1.419826667E+9	1.513524000E-5
1.419830000E+9	1.511564000E-5
1.419833333E+9	1.518146000E-5
1.419836667E+9	1.502700000E-5
1.419840000E+9	1.486134000E-5
1.419843333E+9	1.497668000E-5
1.419846667E+9	1.506852000E-5
1.419850000E+9	1.497240000E-5
1.419853333E+9	1.494944000E-5
1.419856667E+9	1.502142000E-5
1.419860000E+9	1.501285000E-5
1.419863333E+9	1.538544000E-5
1.419866667E+9	1.496210000E-5
1.419870000E+9	1.500016000E-5
1.419873333E+9	1.480607000E-5
1.419876667E+9	1.482814000E-5
1.419880000E+9	1.468439000E-5
1.419883333E+9	1.491197000E-5
1.419886667E+9	1.528590000E-5
1.419890000E+9	1.498405000E-5
1.419893333E+9	1.504876000E-5
1.419896667E+9	1.499249000E-5
1.419900000E+9	1.509218000E-5
1.419903333E+9	1.516224000E-5
1.419906667E+9	1.529430000E-5
1.419910000E+9	1.495476000E-5
1.419913333E+9	1.502452000E-5
1.419916667E+9	1.516963000E-5
1.419920000E+9	1.501244000E-5
1.419923333E+9	1.534034000E-5
1.419926667E+9	1.484632000E-5
1.419930000E+9	1.499358000E-5
1.419933333E+9	1.511762000E-5
1.419936667E+9	1.485585000E-5
1.419940000E+9	1.495556000E-5
1.419943333E+9	1.467584000E-5
1.419946667E+9	1.501928000E-5
1.419950000E+9	1.500519000E-5
1.419953333E+9	1.506708000E-5
1.419956667E+9	1.477101000E-5
1.419960000E+9	1.490638000E-5
1.419963333E+9	1.493745000E-5
1.419966667E+9	1.472316000E-5
1.419970000E+9	1.491048000E-5
1.419973333E+9	1.523623000E-5
1.419976667E+9	1.528590000E-5
1.419980000E+9	1.591666000E-5
1.419983333E+9	1.518701000E-5
1.419986667E+9	1.473316000E-5
1.419990000E+9	1.530946000E-5
1.419993333E+9	1.500501000E-5
1.419996667E+9	1.495822000E-5
1.420000000E+9	1.532103000E-5
1.420003333E+9	1.561498000E-5
1.420006667E+9	1.484372000E-5
1.420010000E+9	1.478475000E-5
1.420013333E+9	1.518394000E-5
1.420016667E+9	1.513742000E-5
1.420020000E+9	1.495895000E-5
1.420023333E+9	1.495115000E-5
1.420026667E+9	1.484699000E-5
1.420030000E+9	1.465649000E-5
1.420033333E+9	1.504903000E-5
1.420036667E+9	1.476247000E-5
1.420040000E+9	1.517226000E-5
1.420043333E+9	1.538301000E-5
1.420046667E+9	1.475589000E-5
1.420050000E+9	1.513198000E-5
1.420053333E+9	1.522725000E-5
1.420056667E+9	1.503548000E-5
1.420060000E+9	1.532315000E-5
1.420063333E+9	1.494709000E-5
1.420066667E+9	1.486072000E-5
1.420070000E+9	1.508857000E-5
1.420073333E+9	1.499840000E-5
1.420076667E+9	1.471723000E-5
1.420080000E+9	1.498232000E-5
1.420083333E+9	1.497104000E-5
1.420086667E+9	1.504380000E-5
1.420090000E+9	1.511938000E-5
1.420093333E+9	1.481797000E-5
1.420096667E+9	1.507875000E-5
1.420100000E+9	1.481324000E-5
1.420103333E+9	1.472313000E-5
1.420106667E+9	1.512381000E-5
1.420110000E+9	1.480335000E-5
1.420113333E+9	1.449813000E-5
1.420116667E+9	1.509577000E-5
1.420120000E+9	1.502847000E-5
1.420123333E+9	1.501715000E-5
1.420126667E+9	1.529525000E-5
1.420130000E+9	1.528501000E-5
1.420133333E+9	1.516152000E-5
1.420136667E+9	1.492825000E-5
1.420140000E+9	1.490967000E-5
1.420143333E+9	1.487352000E-5
1.420146667E+9	1.471927000E-5
1.420150000E+9	1.504359000E-5
1.420153333E+9	1.533341000E-5
1.420156667E+9	1.494918000E-5
1.420160000E+9	1.498413000E-5
1.420163333E+9	1.509892000E-5
1.420166667E+9	1.511520000E-5
1.420170000E+9	1.493786000E-5
1.420173333E+9	1.482477000E-5
1.420176667E+9	1.494721000E-5
1.420180000E+9	1.479799000E-5
1.420183333E+9	1.500402000E-5
1.420186667E+9	1.493695000E-5
1.420190000E+9	1.496598000E-5
1.420193333E+9	1.499539000E-5
1.420196667E+9	1.474416000E-5
1.420200000E+9	1.500552000E-5
1.420203333E+9	1.511679000E-5
1.420206667E+9	1.512076000E-5
1.420210000E+9	1.488533000E-5
1.420213333E+9	1.512715000E-5
1.420216667E+9	1.496269000E-5
1.420220000E+9	1.523344000E-5
1.420223333E+9	1.481916000E-5
1.420226667E+9	1.530173000E-5
1.420230000E+9	1.495323000E-5
1.420233333E+9	1.489778000E-5
1.420236667E+9	1.526882000E-5
1.420240000E+9	1.510292000E-5
1.420243333E+9	1.526151000E-5
1.420246667E+9	1.515451000E-5
1.420250000E+9	1.516505000E-5
1.420253333E+9	1.503310000E-5
1.420256667E+9	1.518853000E-5
1.420260000E+9	1.512948000E-5
1.420263333E+9	1.514440000E-5
1.420266667E+9	1.544753000E-5
1.420270000E+9	1.491575000E-5
1.420273333E+9	1.523121000E-5
1.420276667E+9	1.534084000E-5
1.420280000E+9	1.521345000E-5
1.420283333E+9	1.507130000E-5
1.420286667E+9	1.488473000E-5
1.420290000E+9	1.517779000E-5
1.420293333E+9	1.530262000E-5
1.420296667E+9	1.570274000E-5
1.420300000E+9	1.491160000E-5
1.420303333E+9	1.494363000E-5
1.420306667E+9	1.492166000E-5
1.420310000E+9	1.532784000E-5
1.420313333E+9	1.524061000E-5
1.420316667E+9	1.495152000E-5
1.420320000E+9	1.507072000E-5
1.420323333E+9	1.454416000E-5
1.420326667E+9	1.545547000E-5
1.420330000E+9	1.510552000E-5
1.420333333E+9	1.533114000E-5
1.420336667E+9	1.500288000E-5
1.420340000E+9	1.498115000E-5
1.420343333E+9	1.501196000E-5
1.420346667E+9	1.481283000E-5
1.420350000E+9	1.479526000E-5
1.420353333E+9	1.470891000E-5
1.420356667E+9	1.500395000E-5
1.420360000E+9	1.522392000E-5
1.420363333E+9	1.496752000E-5
1.420366667E+9	1.528479000E-5
1.420370000E+9	1.509573000E-5
1.420373333E+9	1.485521000E-5
1.420376667E+9	1.508507000E-5
1.420380000E+9	1.520440000E-5
1.420383333E+9	1.488651000E-5
1.420386667E+9	1.510806000E-5
1.420390000E+9	1.504455000E-5
1.420393333E+9	1.520179000E-5
1.420396667E+9	1.512287000E-5
1.420400000E+9	1.569612000E-5
1.420403333E+9	1.555706000E-5
1.420406667E+9	1.534756000E-5
1.420410000E+9	1.522506000E-5
1.420413333E+9	1.548240000E-5
1.420416667E+9	1.549126000E-5
1.420420000E+9	1.529562000E-5
1.420423333E+9	1.577639000E-5
1.420426667E+9	1.574004000E-5
1.420430000E+9	1.577059000E-5
1.420433333E+9	1.562363000E-5
1.420436667E+9	1.587658000E-5
1.420440000E+9	1.620623000E-5
1.420443333E+9	1.641124000E-5
1.420446667E+9	1.653900000E-5
1.420450000E+9	1.645407000E-5
1.420453333E+9	1.684896000E-5
1.420456667E+9	1.678160000E-5
1.420460000E+9	1.683969000E-5
1.420463333E+9	1.675936000E-5
1.420466667E+9	1.666342000E-5
1.420470000E+9	1.665658000E-5
1.420473333E+9	1.656437000E-5
1.420476667E+9	1.697135000E-5
1.420480000E+9	1.699992000E-5
1.420483333E+9	1.660749000E-5
1.420486667E+9	1.678875000E-5
1.420490000E+9	1.648287000E-5
1.420493333E+9	1.670533000E-5
1.420496667E+9	1.710234000E-5
1.420500000E+9	1.707472000E-5
1.420503333E+9	1.663002000E-5
1.420506667E+9	1.664318000E-5
1.420510000E+9	1.671309000E-5
1.420513333E+9	1.628868000E-5
1.420516667E+9	1.665531000E-5
1.420520000E+9	1.650429000E-5
1.420523333E+9	1.624166000E-5
1.420526667E+9	1.634300000E-5
1.420530000E+9	1.565041000E-5
1.420533333E+9	1.638675000E-5
1.420536667E+9	1.621808000E-5
1.420540000E+9	1.584403000E-5
1.420543333E+9	1.583711000E-5
1.420546667E+9	1.618174000E-5
1.420550000E+9	1.638570000E-5
1.420553333E+9	1.629158000E-5
1.420556667E+9	1.602509000E-5
1.420560000E+9	1.611437000E-5
1.420563333E+9	1.585080000E-5
1.420566667E+9	1.627729000E-5
1.420570000E+9	1.580708000E-5
1.420573333E+9	1.582870000E-5
1.420576667E+9	1.617292000E-5
1.420580000E+9	1.571212000E-5
1.420583333E+9	1.589474000E-5
1.420586667E+9	1.588643000E-5
1.420590000E+9	1.631576000E-5
1.420593333E+9	1.617926000E-5
1.420596667E+9	1.600668000E-5
1.420600000E+9	1.608255000E-5
1.420603333E+9	1.572071000E-5
1.420606667E+9	1.597033000E-5
1.420610000E+9	1.623629000E-5
1.420613333E+9	1.614944000E-5
1.420616667E+9	1.597033000E-5
1.420620000E+9	1.630865000E-5
1.420623333E+9	1.626773000E-5
1.420626667E+9	1.573281000E-5
1.420630000E+9	1.603171000E-5
1.420633333E+9	1.603386000E-5
1.420636667E+9	1.598404000E-5
1.420640000E+9	1.589326000E-5
1.420643333E+9	1.628004000E-5
1.420646667E+9	1.663315000E-5
1.420650000E+9	1.602113000E-5
1.420653333E+9	1.585942000E-5
1.420656667E+9	1.605182000E-5
1.420660000E+9	1.567366000E-5
1.420663333E+9	1.591480000E-5
1.420666667E+9	1.592358000E-5
1.420670000E+9	1.582505000E-5
1.420673333E+9	1.604946000E-5
1.420676667E+9	1.587346000E-5
1.420680000E+9	1.614092000E-5
1.420683333E+9	1.602476000E-5
1.420686667E+9	1.614208000E-5
1.420690000E+9	1.591120000E-5
1.420693333E+9	1.590733000E-5
1.420696667E+9	1.629491000E-5
1.420700000E+9	1.618999000E-5
1.420703333E+9	1.563499000E-5
1.420706667E+9	1.632666000E-5
1.420710000E+9	1.601792000E-5
1.420713333E+9	1.639910000E-5
1.420716667E+9	1.594777000E-5
1.420720000E+9	1.608017000E-5
1.420723333E+9	1.637290000E-5
1.420726667E+9	1.587759000E-5
1.420730000E+9	1.613797000E-5
1.420733333E+9	1.606392000E-5
1.420736667E+9	1.650582000E-5
1.420740000E+9	1.628943000E-5
1.420743333E+9	1.607977000E-5
1.420746667E+9	1.582441000E-5
1.420750000E+9	1.615953000E-5
1.420753333E+9	1.603564000E-5
1.420756667E+9	1.660827000E-5
1.420760000E+9	1.660206000E-5
1.420763333E+9	1.653253000E-5
1.420766667E+9	1.604855000E-5
1.420770000E+9	1.601148000E-5
1.420773333E+9	1.645927000E-5
1.420776667E+9	1.631340000E-5
1.420780000E+9	1.607534000E-5
1.420783333E+9	1.589900000E-5
1.420786667E+9	1.598257000E-5
1.420790000E+9	1.608217000E-5
1.420793333E+9	1.638595000E-5
1.420796667E+9	1.670638000E-5
1.420800000E+9	1.627018000E-5
1.420803333E+9	1.587639000E-5
1.420806667E+9	1.618286000E-5
1.420810000E+9	1.631784000E-5
1.420813333E+9	1.570560000E-5
1.420816667E+9	1.593066000E-5
1.420820000E+9	1.575513000E-5
1.420823333E+9	1.588677000E-5
1.420826667E+9	1.561245000E-5
1.420830000E+9	1.528334000E-5
1.420833333E+9	1.557274000E-5
1.420836667E+9	1.544122000E-5
1.420840000E+9	1.557042000E-5
1.420843333E+9	1.532724000E-5
1.420846667E+9	1.525168000E-5
1.420850000E+9	1.563802000E-5
1.420853333E+9	1.513619000E-5
1.420856667E+9	1.539159000E-5
1.420860000E+9	1.565067000E-5
1.420863333E+9	1.523523000E-5
1.420866667E+9	1.547639000E-5
1.420870000E+9	1.556411000E-5
1.420873333E+9	1.549512000E-5
1.420876667E+9	1.529300000E-5
1.420880000E+9	1.529227000E-5
1.420883333E+9	1.711465000E-5
1.420886667E+9	1.650913000E-5
1.420890000E+9	1.533619000E-5
1.420893333E+9	1.538443000E-5
1.420896667E+9	1.577963000E-5
1.420900000E+9	1.578647000E-5
1.420903333E+9	1.545805000E-5
1.420906667E+9	1.634501000E-5
1.420910000E+9	1.549004000E-5
1.420913333E+9	1.650125000E-5
1.420916667E+9	1.614655000E-5
1.420920000E+9	1.573587000E-5
1.420923333E+9	1.560353000E-5
1.420926667E+9	1.520012000E-5
1.420930000E+9	1.549383000E-5
1.420933333E+9	1.563481000E-5
1.420936667E+9	1.522839000E-5
1.420940000E+9	1.528343000E-5
1.420943333E+9	1.599698000E-5
1.420946667E+9	1.623344000E-5
1.420950000E+9	1.532185000E-5
1.420953333E+9	1.514249000E-5
1.420956667E+9	1.523339000E-5
1.420960000E+9	1.505405000E-5
1.420963333E+9	1.508674000E-5
1.420966667E+9	1.530437000E-5
1.420970000E+9	1.555161000E-5
1.420973333E+9	1.543837000E-5
1.420976667E+9	1.538571000E-5
1.420980000E+9	1.520092000E-5
1.420983333E+9	1.551642000E-5
1.420986667E+9	1.497702000E-5
1.420990000E+9	1.558135000E-5
1.420993333E+9	1.530692000E-5
1.420996667E+9	1.519495000E-5
1.421000000E+9	1.545479000E-5
1.421003333E+9	1.539363000E-5
1.421006667E+9	1.526605000E-5
1.421010000E+9	1.520608000E-5
1.421013333E+9	1.507997000E-5
1.421016667E+9	1.509428000E-5
1.421020000E+9	1.539355000E-5
1.421023333E+9	1.536441000E-5
1.421026667E+9	1.533944000E-5
1.421030000E+9	1.510377000E-5
1.421033333E+9	1.493451000E-5
1.421036667E+9	1.464779000E-5
1.421040000E+9	1.522779000E-5
1.421043333E+9	1.492328000E-5
1.421046667E+9	1.484341000E-5
1.421050000E+9	1.498244000E-5
1.421053333E+9	1.497842000E-5
1.421056667E+9	1.555554000E-5
1.421060000E+9	1.513017000E-5
1.421063333E+9	1.504544000E-5
1.421066667E+9	1.493750000E-5
1.421070000E+9	1.489890000E-5
1.421073333E+9	1.491100000E-5
1.421076667E+9	1.500698000E-5
1.421080000E+9	1.512663000E-5
1.421083333E+9	1.492527000E-5
1.421086667E+9	1.490255000E-5
1.421090000E+9	1.483288000E-5
1.421093333E+9	1.550310000E-5
1.421096667E+9	1.551422000E-5
1.421100000E+9	1.509152000E-5
1.421103333E+9	1.496731000E-5
1.421106667E+9	1.501872000E-5
1.421110000E+9	1.482933000E-5
1.421113333E+9	1.491680000E-5
1.421116667E+9	1.478716000E-5
1.421120000E+9	1.481298000E-5
1.421123333E+9	1.482077000E-5
1.421126667E+9	1.475901000E-5
1.421130000E+9	1.489518000E-5
1.421133333E+9	1.544291000E-5
1.421136667E+9	1.518895000E-5
1.421140000E+9	1.496668000E-5
1.421143333E+9	1.509805000E-5
1.421146667E+9	1.483964000E-5
1.421150000E+9	1.481652000E-5
1.421153333E+9	1.505407000E-5
1.421156667E+9	1.502563000E-5
1.421160000E+9	1.499308000E-5
1.421163333E+9	1.505139000E-5
1.421166667E+9	1.515874000E-5
1.421170000E+9	1.481473000E-5
1.421173333E+9	1.508688000E-5
1.421176667E+9	1.595438000E-5
1.421180000E+9	1.731380000E-5
1.421183333E+9	1.494017000E-5
1.421186667E+9	1.489966000E-5
1.421190000E+9	1.506410000E-5
1.421193333E+9	1.533592000E-5
1.421196667E+9	1.514074000E-5
1.421200000E+9	1.520281000E-5
1.421203333E+9	1.492897000E-5
1.421206667E+9	1.533820000E-5
1.421210000E+9	1.493131000E-5
1.421213333E+9	1.484191000E-5
1.421216667E+9	1.494683000E-5
1.421220000E+9	1.493381000E-5
1.421223333E+9	1.473068000E-5
1.421226667E+9	1.505714000E-5
1.421230000E+9	1.477069000E-5
1.421233333E+9	1.484570000E-5
1.421236667E+9	1.500512000E-5
1.421240000E+9	1.472100000E-5
1.421243333E+9	1.554045000E-5
1.421246667E+9	1.496954000E-5
1.421250000E+9	1.479544000E-5
1.421253333E+9	1.496440000E-5
1.421256667E+9	1.465482000E-5
1.421260000E+9	1.495274000E-5
1.421263333E+9	1.521771000E-5
1.421266667E+9	1.489361000E-5
1.421270000E+9	1.483305000E-5
1.421273333E+9	1.496938000E-5
1.421276667E+9	1.523660000E-5
1.421280000E+9	1.495379000E-5
1.421283333E+9	1.485642000E-5
1.421286667E+9	1.490858000E-5
1.421290000E+9	1.483129000E-5
1.421293333E+9	1.474755000E-5
1.421296667E+9	1.465625000E-5
1.421300000E+9	1.480756000E-5
1.421303333E+9	1.443748000E-5
1.421306667E+9	1.494826000E-5
1.421310000E+9	1.518991000E-5
1.421313333E+9	1.475088000E-5
1.421316667E+9	1.514618000E-5
1.421320000E+9	1.470749000E-5
1.421323333E+9	1.503627000E-5
1.421326667E+9	1.462208000E-5
1.421330000E+9	1.519223000E-5
1.421333333E+9	1.492489000E-5
1.421336667E+9	1.514976000E-5
1.421340000E+9	1.516224000E-5
1.421343333E+9	1.484352000E-5
1.421346667E+9	1.483816000E-5
1.421350000E+9	1.445687000E-5
1.421353333E+9	1.489331000E-5
1.421356667E+9	1.538895000E-5
1.421360000E+9	1.516881000E-5
1.421363333E+9	1.481029000E-5
1.421366667E+9	1.538162000E-5
1.421370000E+9	1.504645000E-5
1.421373333E+9	1.508494000E-5
1.421376667E+9	1.498056000E-5
1.421380000E+9	1.489982000E-5
1.421383333E+9	1.523452000E-5
1.421386667E+9	1.499010000E-5
1.421390000E+9	1.501684000E-5
1.421393333E+9	1.523859000E-5
1.421396667E+9	1.460350000E-5
1.421400000E+9	1.461402000E-5
