Frequency, Hz	Amplitude, Volts
1.419400000E+9	1.744755000E-5
1.419403333E+9	1.759578000E-5
1.419406667E+9	1.784464000E-5
1.419410000E+9	1.757578000E-5
1.419413333E+9	1.753328000E-5
1.419416667E+9	1.758191000E-5
1.419420000E+9	1.758950000E-5
1.419423333E+9	1.757045000E-5
1.419426667E+9	1.741555000E-5
1.419430000E+9	1.711416000E-5
1.419433333E+9	1.801190000E-5
1.419436667E+9	1.757045000E-5
1.419440000E+9	1.758939000E-5
1.419443333E+9	1.765794000E-5
1.419446667E+9	1.767604000E-5
1.419450000E+9	1.880923000E-5
1.419453333E+9	1.787737000E-5
1.419456667E+9	1.774320000E-5
1.419460000E+9	1.749697000E-5
1.419463333E+9	1.740660000E-5
1.419466667E+9	1.726765000E-5
1.419470000E+9	1.735956000E-5
1.419473333E+9	1.700234000E-5
1.419476667E+9	1.757006000E-5
1.419480000E+9	1.720674000E-5
1.419483333E+9	1.703170000E-5
1.419486667E+9	1.698755000E-5
1.419490000E+9	1.741756000E-5
1.419493333E+9	1.723278000E-5
1.419496667E+9	1.730916000E-5
1.419500000E+9	1.754071000E-5
1.419503333E+9	1.737573000E-5
1.419506667E+9	1.773541000E-5
1.419510000E+9	1.744671000E-5
1.419513333E+9	1.706265000E-5
1.419516667E+9	1.743449000E-5
1.419520000E+9	1.763034000E-5
1.419523333E+9	1.741119000E-5
1.419526667E+9	1.728384000E-5
1.419530000E+9	1.746812000E-5
1.419533333E+9	1.703364000E-5
1.419536667E+9	1.765971000E-5
1.419540000E+9	1.769060000E-5
1.419543333E+9	1.745179000E-5
1.419546667E+9	1.715084000E-5
1.419550000E+9	1.737909000E-5
1.419553333E+9	1.689440000E-5
1.419556667E+9	1.726196000E-5
1.419560000E+9	1.731887000E-5
1.419563333E+9	1.750214000E-5
1.419566667E+9	1.699090000E-5
1.419570000E+9	1.736080000E-5
1.419573333E+9	1.753228000E-5
1.419576667E+9	1.734041000E-5
1.419580000E+9	1.720572000E-5
1.419583333E+9	1.739375000E-5
1.419586667E+9	1.721194000E-5
1.419590000E+9	1.709673000E-5
1.419593333E+9	1.762770000E-5
1.419596667E+9	1.709491000E-5
1.419600000E+9	1.722888000E-5
1.419603333E+9	1.773738000E-5
1.419606667E+9	1.692728000E-5
1.419610000E+9	1.693977000E-5
1.419613333E+9	1.729117000E-5
1.419616667E+9	1.711062000E-5
1.419620000E+9	1.716067000E-5
1.419623333E+9	1.709386000E-5
1.419626667E+9	1.748852000E-5
1.419630000E+9	1.750862000E-5
1.419633333E+9	1.730224000E-5
1.419636667E+9	1.768903000E-5
1.419640000E+9	1.704064000E-5
1.419643333E+9	1.719145000E-5
1.419646667E+9	1.721413000E-5
1.419650000E+9	1.730918000E-5
1.419653333E+9	1.729899000E-5
1.419656667E+9	1.731517000E-5
1.419660000E+9	1.675920000E-5
1.419663333E+9	1.710058000E-5
1.419666667E+9	1.736575000E-5
1.419670000E+9	1.721755000E-5
1.419673333E+9	1.737888000E-5
1.419676667E+9	1.728912000E-5
1.419680000E+9	1.703901000E-5
1.419683333E+9	1.701435000E-5
1.419686667E+9	1.712017000E-5
1.419690000E+9	1.706966000E-5
1.419693333E+9	1.748330000E-5
1.419696667E+9	1.701034000E-5
1.419700000E+9	1.725324000E-5
1.419703333E+9	1.739894000E-5
1.419706667E+9	1.678256000E-5
1.419710000E+9	1.709906000E-5
1.419713333E+9	1.710969000E-5
1.419716667E+9	1.710343000E-5
1.419720000E+9	1.706734000E-5
1.419723333E+9	1.741287000E-5
1.419726667E+9	1.770360000E-5
1.419730000E+9	1.720875000E-5
1.419733333E+9	1.837383000E-5
1.419736667E+9	1.746944000E-5
1.419740000E+9	1.786469000E-5
1.419743333E+9	1.865670000E-5
1.419746667E+9	1.811556000E-5
1.419750000E+9	1.761672000E-5
1.419753333E+9	1.753838000E-5
1.419756667E+9	1.723889000E-5
1.419760000E+9	1.707521000E-5
1.419763333E+9	1.743331000E-5
1.419766667E+9	1.697839000E-5
1.419770000E+9	1.723117000E-5
1.419773333E+9	1.724451000E-5
1.419776667E+9	1.725616000E-5
1.419780000E+9	1.748723000E-5
1.419783333E+9	1.715361000E-5
1.419786667E+9	1.686811000E-5
1.419790000E+9	1.724964000E-5
1.419793333E+9	1.737815000E-5
1.419796667E+9	1.758294000E-5
1.419800000E+9	1.734672000E-5
1.419803333E+9	1.736124000E-5
1.419806667E+9	1.706796000E-5
1.419810000E+9	1.731241000E-5
1.419813333E+9	1.736760000E-5
1.419816667E+9	1.734403000E-5
1.419820000E+9	1.776014000E-5
1.419823333E+9	1.749244000E-5
1.419826667E+9	1.727351000E-5
1.419830000E+9	1.780020000E-5
1.419833333E+9	1.760535000E-5
1.419836667E+9	1.732580000E-5
1.419840000E+9	1.711807000E-5
1.419843333E+9	1.738174000E-5
1.419846667E+9	1.721977000E-5
1.419850000E+9	1.721109000E-5
1.419853333E+9	1.739296000E-5
1.419856667E+9	1.738584000E-5
1.419860000E+9	1.705690000E-5
1.419863333E+9	1.773627000E-5
1.419866667E+9	1.696989000E-5
1.419870000E+9	1.689924000E-5
1.419873333E+9	1.695252000E-5
1.419876667E+9	1.744702000E-5
1.419880000E+9	1.720244000E-5
1.419883333E+9	1.726575000E-5
1.419886667E+9	1.759306000E-5
1.419890000E+9	1.732553000E-5
1.419893333E+9	1.746261000E-5
1.419896667E+9	1.744242000E-5
1.419900000E+9	1.745562000E-5
1.419903333E+9	1.725241000E-5
1.419906667E+9	1.711577000E-5
1.419910000E+9	1.719450000E-5
1.419913333E+9	1.747117000E-5
1.419916667E+9	1.753928000E-5
1.419920000E+9	1.748568000E-5
1.419923333E+9	1.720402000E-5
1.419926667E+9	1.719235000E-5
1.419930000E+9	1.727584000E-5
1.419933333E+9	1.739096000E-5
1.419936667E+9	1.712464000E-5
1.419940000E+9	1.723609000E-5
1.419943333E+9	1.720531000E-5
1.419946667E+9	1.744096000E-5
1.419950000E+9	1.700679000E-5
1.419953333E+9	1.699221000E-5
1.419956667E+9	1.720293000E-5
1.419960000E+9	1.719092000E-5
1.419963333E+9	1.707902000E-5
1.419966667E+9	1.716695000E-5
1.419970000E+9	1.710557000E-5
1.419973333E+9	1.738101000E-5
1.419976667E+9	1.677263000E-5
1.419980000E+9	1.735622000E-5
1.419983333E+9	1.709010000E-5
1.419986667E+9	1.726429000E-5
1.419990000E+9	1.705189000E-5
1.419993333E+9	1.736106000E-5
1.419996667E+9	1.750971000E-5
1.420000000E+9	1.738235000E-5
1.420003333E+9	1.771953000E-5
1.420006667E+9	1.706500000E-5
1.420010000E+9	1.710274000E-5
1.420013333E+9	1.733181000E-5
1.420016667E+9	1.716203000E-5
1.420020000E+9	1.726243000E-5
1.420023333E+9	1.758489000E-5
1.420026667E+9	1.774470000E-5
1.420030000E+9	1.739738000E-5
1.420033333E+9	1.744970000E-5
1.420036667E+9	1.826720000E-5
1.420040000E+9	1.804539000E-5
1.420043333E+9	1.751127000E-5
1.420046667E+9	1.740467000E-5
1.420050000E+9	1.706320000E-5
1.420053333E+9	1.718850000E-5
1.420056667E+9	1.746334000E-5
1.420060000E+9	1.742248000E-5
1.420063333E+9	1.717394000E-5
1.420066667E+9	1.712788000E-5
1.420070000E+9	1.749682000E-5
1.420073333E+9	1.759804000E-5
1.420076667E+9	1.738143000E-5
1.420080000E+9	1.729039000E-5
1.420083333E+9	1.742603000E-5
1.420086667E+9	1.704831000E-5
1.420090000E+9	1.737641000E-5
1.420093333E+9	1.730468000E-5
1.420096667E+9	1.758736000E-5
1.420100000E+9	1.735744000E-5
1.420103333E+9	1.711694000E-5
1.420106667E+9	1.725934000E-5
1.420110000E+9	1.706125000E-5
1.420113333E+9	1.726787000E-5
1.420116667E+9	1.734384000E-5
1.420120000E+9	1.750496000E-5
1.420123333E+9	1.751975000E-5
1.420126667E+9	1.735895000E-5
1.420130000E+9	1.726444000E-5
1.420133333E+9	1.730587000E-5
1.420136667E+9	1.709494000E-5
1.420140000E+9	1.709149000E-5
1.420143333E+9	1.739422000E-5
1.420146667E+9	1.759516000E-5
1.420150000E+9	1.755581000E-5
1.420153333E+9	1.754240000E-5
1.420156667E+9	1.772513000E-5
1.420160000E+9	1.752031000E-5
1.420163333E+9	1.759887000E-5
1.420166667E+9	1.740706000E-5
1.420170000E+9	1.759878000E-5
1.420173333E+9	1.788522000E-5
1.420176667E+9	1.770455000E-5
1.420180000E+9	1.772957000E-5
1.420183333E+9	1.804505000E-5
1.420186667E+9	1.796599000E-5
1.420190000E+9	1.809767000E-5
1.420193333E+9	1.766506000E-5
1.420196667E+9	1.797420000E-5
1.420200000E+9	1.795249000E-5
1.420203333E+9	1.809805000E-5
1.420206667E+9	1.824383000E-5
1.420210000E+9	1.799988000E-5
1.420213333E+9	1.851435000E-5
1.420216667E+9	1.829894000E-5
1.420220000E+9	1.845106000E-5
1.420223333E+9	1.853306000E-5
1.420226667E+9	1.836215000E-5
1.420230000E+9	1.846095000E-5
1.420233333E+9	1.798848000E-5
1.420236667E+9	1.905499000E-5
1.420240000E+9	1.891278000E-5
1.420243333E+9	1.858086000E-5
1.420246667E+9	1.843718000E-5
1.420250000E+9	1.869525000E-5
1.420253333E+9	1.940209000E-5
1.420256667E+9	1.845322000E-5
1.420260000E+9	1.892453000E-5
1.420263333E+9	1.875642000E-5
1.420266667E+9	1.972113000E-5
1.420270000E+9	1.858009000E-5
1.420273333E+9	1.885300000E-5
1.420276667E+9	1.844555000E-5
1.420280000E+9	1.867999000E-5
1.420283333E+9	1.862101000E-5
1.420286667E+9	1.871639000E-5
1.420290000E+9	1.838937000E-5
1.420293333E+9	1.823031000E-5
1.420296667E+9	1.841883000E-5
1.420300000E+9	1.866463000E-5
1.420303333E+9	1.873458000E-5
1.420306667E+9	1.837992000E-5
1.420310000E+9	1.905026000E-5
1.420313333E+9	1.901501000E-5
1.420316667E+9	1.888879000E-5
1.420320000E+9	1.902132000E-5
1.420323333E+9	1.858335000E-5
1.420326667E+9	1.943475000E-5
1.420330000E+9	1.962954000E-5
1.420333333E+9	1.900946000E-5
1.420336667E+9	1.812145000E-5
1.420340000E+9	1.833554000E-5
1.420343333E+9	1.841867000E-5
1.420346667E+9	1.793401000E-5
1.420350000E+9	1.758359000E-5
1.420353333E+9	1.779400000E-5
1.420356667E+9	1.761401000E-5
1.420360000E+9	1.743413000E-5
1.420363333E+9	1.734980000E-5
1.420366667E+9	1.734243000E-5
1.420370000E+9	1.718445000E-5
1.420373333E+9	1.756611000E-5
1.420376667E+9	1.765098000E-5
1.420380000E+9	1.758471000E-5
1.420383333E+9	1.743572000E-5
1.420386667E+9	1.793121000E-5
1.420390000E+9	1.723039000E-5
1.420393333E+9	1.761623000E-5
1.420396667E+9	1.749399000E-5
1.420400000E+9	1.739663000E-5
1.420403333E+9	1.744778000E-5
1.420406667E+9	1.754352000E-5
1.420410000E+9	1.773744000E-5
1.420413333E+9	1.723456000E-5
1.420416667E+9	1.775645000E-5
1.420420000E+9	1.752165000E-5
1.420423333E+9	1.714707000E-5
1.420426667E+9	1.751809000E-5
1.420430000E+9	1.745044000E-5
1.420433333E+9	1.745562000E-5
1.420436667E+9	1.755566000E-5
1.420440000E+9	1.718407000E-5
1.420443333E+9	1.723121000E-5
1.420446667E+9	1.743080000E-5
1.420450000E+9	1.725279000E-5
1.420453333E+9	1.749053000E-5
1.420456667E+9	1.737895000E-5
1.420460000E+9	1.747777000E-5
1.420463333E+9	1.742481000E-5
1.420466667E+9	1.746357000E-5
1.420470000E+9	1.742345000E-5
1.420473333E+9	1.688978000E-5
1.420476667E+9	1.720525000E-5
1.420480000E+9	1.797766000E-5
1.420483333E+9	1.745821000E-5
1.420486667E+9	1.735668000E-5
1.420490000E+9	1.735927000E-5
1.420493333E+9	1.735923000E-5
1.420496667E+9	1.726877000E-5
1.420500000E+9	1.718548000E-5
1.420503333E+9	1.732692000E-5
1.420506667E+9	1.726526000E-5
1.420510000E+9	1.736875000E-5
1.420513333E+9	1.761447000E-5
1.420516667E+9	1.702255000E-5
1.420520000E+9	1.757651000E-5
1.420523333E+9	1.699417000E-5
1.420526667E+9	1.697599000E-5
1.420530000E+9	1.703186000E-5
1.420533333E+9	1.739667000E-5
1.420536667E+9	1.712970000E-5
1.420540000E+9	1.684337000E-5
1.420543333E+9	1.697461000E-5
1.420546667E+9	1.708787000E-5
1.420550000E+9	1.679375000E-5
1.420553333E+9	1.711062000E-5
1.420556667E+9	1.713708000E-5
1.420560000E+9	1.692718000E-5
1.420563333E+9	1.683204000E-5
1.420566667E+9	1.690644000E-5
1.420570000E+9	1.712724000E-5
1.420573333E+9	1.674591000E-5
1.420576667E+9	1.746411000E-5
1.420580000E+9	1.701971000E-5
1.420583333E+9	1.657057000E-5
1.420586667E+9	1.701022000E-5
1.420590000E+9	1.718907000E-5
1.420593333E+9	1.673088000E-5
1.420596667E+9	1.687875000E-5
1.420600000E+9	1.726797000E-5
1.420603333E+9	1.721814000E-5
1.420606667E+9	1.713160000E-5
1.420610000E+9	1.726234000E-5
1.420613333E+9	1.709098000E-5
1.420616667E+9	1.697673000E-5
1.420620000E+9	1.798563000E-5
1.420623333E+9	1.855202000E-5
1.420626667E+9	1.767930000E-5
1.420630000E+9	1.695012000E-5
1.420633333E+9	1.731081000E-5
1.420636667E+9	1.675585000E-5
1.420640000E+9	1.667755000E-5
1.420643333E+9	1.716289000E-5
1.420646667E+9	1.687710000E-5
1.420650000E+9	1.690666000E-5
1.420653333E+9	1.684821000E-5
1.420656667E+9	1.732873000E-5
1.420660000E+9	1.695844000E-5
1.420663333E+9	1.682660000E-5
1.420666667E+9	1.680292000E-5
1.420670000E+9	1.708684000E-5
1.420673333E+9	1.675966000E-5
1.420676667E+9	1.709954000E-5
1.420680000E+9	1.698788000E-5
1.420683333E+9	1.675261000E-5
1.420686667E+9	1.676050000E-5
1.420690000E+9	1.707528000E-5
1.420693333E+9	1.679855000E-5
1.420696667E+9	1.688112000E-5
1.420700000E+9	1.706402000E-5
1.420703333E+9	1.688464000E-5
1.420706667E+9	1.690590000E-5
1.420710000E+9	1.701192000E-5
1.420713333E+9	1.677122000E-5
1.420716667E+9	1.664614000E-5
1.420720000E+9	1.711277000E-5
1.420723333E+9	1.697815000E-5
1.420726667E+9	1.679288000E-5
1.420730000E+9	1.693990000E-5
1.420733333E+9	1.673279000E-5
1.420736667E+9	1.716406000E-5
1.420740000E+9	1.693596000E-5
1.420743333E+9	1.736402000E-5
1.420746667E+9	1.654414000E-5
1.420750000E+9	1.689571000E-5
1.420753333E+9	1.686887000E-5
1.420756667E+9	1.640731000E-5
1.420760000E+9	1.695604000E-5
1.420763333E+9	1.674047000E-5
1.420766667E+9	1.662077000E-5
1.420770000E+9	1.703538000E-5
1.420773333E+9	1.701358000E-5
1.420776667E+9	1.688659000E-5
1.420780000E+9	1.650906000E-5
1.420783333E+9	1.667314000E-5
1.420786667E+9	1.684281000E-5
1.420790000E+9	1.664069000E-5
1.420793333E+9	1.684609000E-5
1.420796667E+9	1.712685000E-5
1.420800000E+9	1.696404000E-5
1.420803333E+9	1.666505000E-5
1.420806667E+9	1.680196000E-5
1.420810000E+9	1.673415000E-5
1.420813333E+9	1.701803000E-5
1.420816667E+9	1.707422000E-5
1.420820000E+9	1.692133000E-5
1.420823333E+9	1.704318000E-5
1.420826667E+9	1.700143000E-5
1.420830000E+9	1.699437000E-5
1.420833333E+9	1.716406000E-5
1.420836667E+9	1.655598000E-5
1.420840000E+9	1.697060000E-5
1.420843333E+9	1.694714000E-5
1.420846667E+9	1.685767000E-5
1.420850000E+9	1.682167000E-5
1.420853333E+9	1.669691000E-5
1.420856667E+9	1.658120000E-5
1.420860000E+9	1.696076000E-5
1.420863333E+9	1.721687000E-5
1.420866667E+9	1.685563000E-5
1.420870000E+9	1.681685000E-5
1.420873333E+9	1.709312000E-5
1.420876667E+9	1.703486000E-5
1.420880000E+9	1.659107000E-5
1.420883333E+9	1.702098000E-5
1.420886667E+9	1.698648000E-5
1.420890000E+9	1.716730000E-5
1.420893333E+9	1.736392000E-5
1.420896667E+9	1.703946000E-5
1.420900000E+9	1.736156000E-5
1.420903333E+9	1.715449000E-5
1.420906667E+9	1.713245000E-5
1.420910000E+9	1.733276000E-5
1.420913333E+9	2.091158000E-5
1.420916667E+9	2.019644000E-5
1.420920000E+9	1.937795000E-5
1.420923333E+9	1.731070000E-5
1.420926667E+9	1.796442000E-5
1.420930000E+9	1.724417000E-5
1.420933333E+9	1.690920000E-5
1.420936667E+9	1.739873000E-5
1.420940000E+9	1.725590000E-5
1.420943333E+9	1.697133000E-5
1.420946667E+9	1.652007000E-5
1.420950000E+9	1.672732000E-5
1.420953333E+9	1.724408000E-5
1.420956667E+9	1.703689000E-5
1.420960000E+9	1.689835000E-5
1.420963333E+9	1.691440000E-5
1.420966667E+9	1.698395000E-5
1.420970000E+9	1.710583000E-5
1.420973333E+9	1.699245000E-5
1.420976667E+9	1.679338000E-5
1.420980000E+9	1.698708000E-5
1.420983333E+9	1.720674000E-5
1.420986667E+9	1.715837000E-5
1.420990000E+9	1.704683000E-5
1.420993333E+9	1.694364000E-5
1.420996667E+9	1.681002000E-5
1.421000000E+9	1.725938000E-5
1.421003333E+9	1.724434000E-5
1.421006667E+9	1.687910000E-5
1.421010000E+9	1.694306000E-5
1.421013333E+9	1.664040000E-5
1.421016667E+9	1.687673000E-5
1.421020000E+9	1.699618000E-5
1.421023333E+9	1.705125000E-5
1.421026667E+9	1.673461000E-5
1.421030000E+9	1.740875000E-5
1.421033333E+9	1.705475000E-5
1.421036667E+9	1.730927000E-5
1.421040000E+9	1.710213000E-5
1.421043333E+9	1.686591000E-5
1.421046667E+9	1.687652000E-5
1.421050000E+9	1.688551000E-5
1.421053333E+9	1.710107000E-5
1.421056667E+9	1.700081000E-5
1.421060000E+9	1.667947000E-5
1.421063333E+9	1.699572000E-5
1.421066667E+9	1.715811000E-5
1.421070000E+9	1.684777000E-5
1.421073333E+9	1.697332000E-5
1.421076667E+9	1.691320000E-5
1.421080000E+9	1.656840000E-5
1.421083333E+9	1.700341000E-5
1.421086667E+9	1.694697000E-5
1.421090000E+9	1.708022000E-5
1.421093333E+9	1.724321000E-5
1.421096667E+9	1.746963000E-5
1.421100000E+9	1.717854000E-5
1.421103333E+9	1.732511000E-5
1.421106667E+9	1.719692000E-5
1.421110000E+9	1.695805000E-5
1.421113333E+9	1.688950000E-5
1.421116667E+9	1.697696000E-5
1.421120000E+9	1.723764000E-5
1.421123333E+9	1.738651000E-5
1.421126667E+9	1.722447000E-5
1.421130000E+9	1.738575000E-5
1.421133333E+9	1.738309000E-5
1.421136667E+9	1.734904000E-5
1.421140000E+9	1.734892000E-5
1.421143333E+9	1.695535000E-5
1.421146667E+9	1.719945000E-5
1.421150000E+9	1.722372000E-5
1.421153333E+9	1.721394000E-5
1.421156667E+9	1.766124000E-5
1.421160000E+9	1.745144000E-5
1.421163333E+9	1.723053000E-5
1.421166667E+9	1.698867000E-5
1.421170000E+9	1.710409000E-5
1.421173333E+9	1.674935000E-5
1.421176667E+9	1.733868000E-5
1.421180000E+9	1.735302000E-5
1.421183333E+9	1.732962000E-5
1.421186667E+9	1.693901000E-5
1.421190000E+9	1.737552000E-5
1.421193333E+9	1.742714000E-5
1.421196667E+9	1.680989000E-5
1.421200000E+9	1.721578000E-5
1.421203333E+9	1.733215000E-5
1.421206667E+9	1.848559000E-5
1.421210000E+9	1.836292000E-5
1.421213333E+9	1.763376000E-5
1.421216667E+9	1.751958000E-5
1.421220000E+9	1.733185000E-5
1.421223333E+9	1.727512000E-5
1.421226667E+9	1.705331000E-5
1.421230000E+9	1.744560000E-5
1.421233333E+9	1.741544000E-5
1.421236667E+9	1.709247000E-5
1.421240000E+9	1.715462000E-5
1.421243333E+9	1.679296000E-5
1.421246667E+9	1.702188000E-5
1.421250000E+9	1.683793000E-5
1.421253333E+9	1.697645000E-5
1.421256667E+9	1.733661000E-5
1.421260000E+9	1.722670000E-5
1.421263333E+9	1.730715000E-5
1.421266667E+9	1.720591000E-5
1.421270000E+9	1.749511000E-5
1.421273333E+9	1.729527000E-5
1.421276667E+9	1.712228000E-5
1.421280000E+9	1.724548000E-5
1.421283333E+9	1.732003000E-5
1.421286667E+9	1.729503000E-5
1.421290000E+9	1.707011000E-5
1.421293333E+9	1.699387000E-5
1.421296667E+9	1.759373000E-5
1.421300000E+9	1.777128000E-5
1.421303333E+9	1.680550000E-5
1.421306667E+9	1.678667000E-5
1.421310000E+9	1.704247000E-5
1.421313333E+9	1.672761000E-5
1.421316667E+9	1.673722000E-5
1.421320000E+9	1.697651000E-5
1.421323333E+9	1.695637000E-5
1.421326667E+9	1.713981000E-5
1.421330000E+9	1.702687000E-5
1.421333333E+9	1.684860000E-5
1.421336667E+9	1.690224000E-5
1.421340000E+9	1.707813000E-5
1.421343333E+9	1.720618000E-5
1.421346667E+9	1.731768000E-5
1.421350000E+9	1.718382000E-5
1.421353333E+9	1.712145000E-5
1.421356667E+9	1.759534000E-5
1.421360000E+9	1.755801000E-5
1.421363333E+9	1.823234000E-5
1.421366667E+9	1.976750000E-5
1.421370000E+9	1.747706000E-5
1.421373333E+9	1.735729000E-5
1.421376667E+9	1.690362000E-5
1.421380000E+9	1.727258000E-5
1.421383333E+9	1.720508000E-5
1.421386667E+9	1.740716000E-5
1.421390000E+9	1.688149000E-5
1.421393333E+9	1.720869000E-5
1.421396667E+9	1.717132000E-5
1.421400000E+9	1.754127000E-5
