Frequency, Hz	Amplitude, Volts
1.419400000E+9	1.609773000E-5
1.419403333E+9	1.592057000E-5
1.419406667E+9	1.596039000E-5
1.419410000E+9	1.619447000E-5
1.419413333E+9	1.664002000E-5
1.419416667E+9	1.621901000E-5
1.419420000E+9	1.569646000E-5
1.419423333E+9	1.609441000E-5
1.419426667E+9	1.593523000E-5
1.419430000E+9	1.638329000E-5
1.419433333E+9	1.617389000E-5
1.419436667E+9	1.603264000E-5
1.419440000E+9	1.606085000E-5
1.419443333E+9	1.642618000E-5
1.419446667E+9	1.693271000E-5
1.419450000E+9	1.965432000E-5
1.419453333E+9	1.725303000E-5
1.419456667E+9	1.642989000E-5
1.419460000E+9	1.596468000E-5
1.419463333E+9	1.598885000E-5
1.419466667E+9	1.606260000E-5
1.419470000E+9	1.638480000E-5
1.419473333E+9	1.591912000E-5
1.419476667E+9	1.617599000E-5
1.419480000E+9	1.625484000E-5
1.419483333E+9	1.575337000E-5
1.419486667E+9	1.597496000E-5
1.419490000E+9	1.591414000E-5
1.419493333E+9	1.593614000E-5
1.419496667E+9	1.601006000E-5
1.419500000E+9	1.621539000E-5
1.419503333E+9	1.591035000E-5
1.419506667E+9	1.627275000E-5
1.419510000E+9	1.604235000E-5
1.419513333E+9	1.593526000E-5
1.419516667E+9	1.599203000E-5
1.419520000E+9	1.602066000E-5
1.419523333E+9	1.603509000E-5
1.419526667E+9	1.611437000E-5
1.419530000E+9	1.598132000E-5
1.419533333E+9	1.576044000E-5
1.419536667E+9	1.603138000E-5
1.419540000E+9	1.606217000E-5
1.419543333E+9	1.621764000E-5
1.419546667E+9	1.593428000E-5
1.419550000E+9	1.604583000E-5
1.419553333E+9	1.581736000E-5
1.419556667E+9	1.571053000E-5
1.419560000E+9	1.604090000E-5
1.419563333E+9	1.632465000E-5
1.419566667E+9	1.600406000E-5
1.419570000E+9	1.596121000E-5
1.419573333E+9	1.621039000E-5
1.419576667E+9	1.589980000E-5
1.419580000E+9	1.593117000E-5
1.419583333E+9	1.566628000E-5
1.419586667E+9	1.573589000E-5
1.419590000E+9	1.607832000E-5
1.419593333E+9	1.587376000E-5
1.419596667E+9	1.531972000E-5
1.419600000E+9	1.640259000E-5
1.419603333E+9	1.638453000E-5
1.419606667E+9	1.578722000E-5
1.419610000E+9	1.619436000E-5
1.419613333E+9	1.599481000E-5
1.419616667E+9	1.601524000E-5
1.419620000E+9	1.625757000E-5
1.419623333E+9	1.578838000E-5
1.419626667E+9	1.597043000E-5
1.419630000E+9	1.603437000E-5
1.419633333E+9	1.624180000E-5
1.419636667E+9	1.619893000E-5
1.419640000E+9	1.634854000E-5
1.419643333E+9	1.573577000E-5
1.419646667E+9	1.594613000E-5
1.419650000E+9	1.562898000E-5
1.419653333E+9	1.570391000E-5
1.419656667E+9	1.579354000E-5
1.419660000E+9	1.565333000E-5
1.419663333E+9	1.590939000E-5
1.419666667E+9	1.601679000E-5
1.419670000E+9	1.596889000E-5
1.419673333E+9	1.586813000E-5
1.419676667E+9	1.592443000E-5
1.419680000E+9	1.596778000E-5
1.419683333E+9	1.597564000E-5
1.419686667E+9	1.574182000E-5
1.419690000E+9	1.581763000E-5
1.419693333E+9	1.594644000E-5
1.419696667E+9	1.616851000E-5
1.419700000E+9	1.600373000E-5
1.419703333E+9	1.603720000E-5
1.419706667E+9	1.604141000E-5
1.419710000E+9	1.597485000E-5
1.419713333E+9	1.614673000E-5
1.419716667E+9	1.608529000E-5
1.419720000E+9	1.589921000E-5
1.419723333E+9	1.616683000E-5
1.419726667E+9	1.620265000E-5
1.419730000E+9	1.671489000E-5
1.419733333E+9	1.642436000E-5
1.419736667E+9	1.570404000E-5
1.419740000E+9	1.711282000E-5
1.419743333E+9	1.924517000E-5
1.419746667E+9	1.715617000E-5
1.419750000E+9	1.668132000E-5
1.419753333E+9	1.628970000E-5
1.419756667E+9	1.589189000E-5
1.419760000E+9	1.621495000E-5
1.419763333E+9	1.611979000E-5
1.419766667E+9	1.593864000E-5
1.419770000E+9	1.599950000E-5
1.419773333E+9	1.625447000E-5
1.419776667E+9	1.588363000E-5
1.419780000E+9	1.640987000E-5
1.419783333E+9	1.586264000E-5
1.419786667E+9	1.649046000E-5
1.419790000E+9	1.628476000E-5
1.419793333E+9	1.599310000E-5
1.419796667E+9	1.596216000E-5
1.419800000E+9	1.625375000E-5
1.419803333E+9	1.586217000E-5
1.419806667E+9	1.587771000E-5
1.419810000E+9	1.622166000E-5
1.419813333E+9	1.588696000E-5
1.419816667E+9	1.585634000E-5
1.419820000E+9	1.630507000E-5
1.419823333E+9	1.647851000E-5
1.419826667E+9	1.625977000E-5
1.419830000E+9	1.636844000E-5
1.419833333E+9	1.631985000E-5
1.419836667E+9	1.603421000E-5
1.419840000E+9	1.589374000E-5
1.419843333E+9	1.605429000E-5
1.419846667E+9	1.588406000E-5
1.419850000E+9	1.592148000E-5
1.419853333E+9	1.616457000E-5
1.419856667E+9	1.597950000E-5
1.419860000E+9	1.626704000E-5
1.419863333E+9	1.682585000E-5
1.419866667E+9	1.659781000E-5
1.419870000E+9	1.707971000E-5
1.419873333E+9	1.629306000E-5
1.419876667E+9	1.595741000E-5
1.419880000E+9	1.595087000E-5
1.419883333E+9	1.620479000E-5
1.419886667E+9	1.616439000E-5
1.419890000E+9	1.591727000E-5
1.419893333E+9	1.640334000E-5
1.419896667E+9	1.650843000E-5
1.419900000E+9	1.669268000E-5
1.419903333E+9	1.612743000E-5
1.419906667E+9	1.589125000E-5
1.419910000E+9	1.621593000E-5
1.419913333E+9	1.642916000E-5
1.419916667E+9	1.672267000E-5
1.419920000E+9	1.640379000E-5
1.419923333E+9	1.591805000E-5
1.419926667E+9	1.619995000E-5
1.419930000E+9	1.629831000E-5
1.419933333E+9	1.619838000E-5
1.419936667E+9	1.631354000E-5
1.419940000E+9	1.634282000E-5
1.419943333E+9	1.629292000E-5
1.419946667E+9	1.602080000E-5
1.419950000E+9	1.608750000E-5
1.419953333E+9	1.624886000E-5
1.419956667E+9	1.598073000E-5
1.419960000E+9	1.614556000E-5
1.419963333E+9	1.623308000E-5
1.419966667E+9	1.611250000E-5
1.419970000E+9	1.604432000E-5
1.419973333E+9	1.640169000E-5
1.419976667E+9	1.616133000E-5
1.419980000E+9	1.597671000E-5
1.419983333E+9	1.620801000E-5
1.419986667E+9	1.618907000E-5
1.419990000E+9	1.595736000E-5
1.419993333E+9	1.636646000E-5
1.419996667E+9	1.603768000E-5
1.420000000E+9	1.642701000E-5
1.420003333E+9	1.677306000E-5
1.420006667E+9	1.624389000E-5
1.420010000E+9	1.608411000E-5
1.420013333E+9	1.635500000E-5
1.420016667E+9	1.601661000E-5
1.420020000E+9	1.640342000E-5
1.420023333E+9	1.621369000E-5
1.420026667E+9	1.629857000E-5
1.420030000E+9	1.603463000E-5
1.420033333E+9	1.715485000E-5
1.420036667E+9	1.873606000E-5
1.420040000E+9	1.682923000E-5
1.420043333E+9	1.608711000E-5
1.420046667E+9	1.661863000E-5
1.420050000E+9	1.655149000E-5
1.420053333E+9	1.627366000E-5
1.420056667E+9	1.634199000E-5
1.420060000E+9	1.623242000E-5
1.420063333E+9	1.623082000E-5
1.420066667E+9	1.652137000E-5
1.420070000E+9	1.614994000E-5
1.420073333E+9	1.667315000E-5
1.420076667E+9	1.596351000E-5
1.420080000E+9	1.607149000E-5
1.420083333E+9	1.607260000E-5
1.420086667E+9	1.615836000E-5
1.420090000E+9	1.622262000E-5
1.420093333E+9	1.624503000E-5
1.420096667E+9	1.624089000E-5
1.420100000E+9	1.653313000E-5
1.420103333E+9	1.610017000E-5
1.420106667E+9	1.613280000E-5
1.420110000E+9	1.613220000E-5
1.420113333E+9	1.645192000E-5
1.420116667E+9	1.646166000E-5
1.420120000E+9	1.648083000E-5
1.420123333E+9	1.638779000E-5
1.420126667E+9	1.626763000E-5
1.420130000E+9	1.637105000E-5
1.420133333E+9	1.620343000E-5
1.420136667E+9	1.592730000E-5
1.420140000E+9	1.640722000E-5
1.420143333E+9	1.628584000E-5
1.420146667E+9	1.655206000E-5
1.420150000E+9	1.649375000E-5
1.420153333E+9	1.641812000E-5
1.420156667E+9	1.657026000E-5
1.420160000E+9	1.680816000E-5
1.420163333E+9	1.663760000E-5
1.420166667E+9	1.638266000E-5
1.420170000E+9	1.673524000E-5
1.420173333E+9	1.658921000E-5
1.420176667E+9	1.636379000E-5
1.420180000E+9	1.659085000E-5
1.420183333E+9	1.648508000E-5
1.420186667E+9	1.690967000E-5
1.420190000E+9	1.674018000E-5
1.420193333E+9	1.704518000E-5
1.420196667E+9	1.709224000E-5
1.420200000E+9	1.707339000E-5
1.420203333E+9	1.667742000E-5
1.420206667E+9	1.661717000E-5
1.420210000E+9	1.657190000E-5
1.420213333E+9	1.655986000E-5
1.420216667E+9	1.690180000E-5
1.420220000E+9	1.703353000E-5
1.420223333E+9	1.685040000E-5
1.420226667E+9	1.755007000E-5
1.420230000E+9	1.715937000E-5
1.420233333E+9	1.696850000E-5
1.420236667E+9	1.721338000E-5
1.420240000E+9	1.728498000E-5
1.420243333E+9	1.701386000E-5
1.420246667E+9	1.689152000E-5
1.420250000E+9	1.715990000E-5
1.420253333E+9	1.765011000E-5
1.420256667E+9	1.739793000E-5
1.420260000E+9	1.737912000E-5
1.420263333E+9	1.740387000E-5
1.420266667E+9	1.724082000E-5
1.420270000E+9	1.715427000E-5
1.420273333E+9	1.709144000E-5
1.420276667E+9	1.749417000E-5
1.420280000E+9	1.742205000E-5
1.420283333E+9	1.748560000E-5
1.420286667E+9	1.771496000E-5
1.420290000E+9	1.703211000E-5
1.420293333E+9	1.751961000E-5
1.420296667E+9	1.724181000E-5
1.420300000E+9	1.711919000E-5
1.420303333E+9	1.717349000E-5
1.420306667E+9	1.773619000E-5
1.420310000E+9	1.878399000E-5
1.420313333E+9	1.784652000E-5
1.420316667E+9	1.744175000E-5
1.420320000E+9	1.761126000E-5
1.420323333E+9	1.755013000E-5
1.420326667E+9	1.858480000E-5
1.420330000E+9	2.003913000E-5
1.420333333E+9	1.841938000E-5
1.420336667E+9	1.775686000E-5
1.420340000E+9	1.772035000E-5
1.420343333E+9	1.749292000E-5
1.420346667E+9	1.783986000E-5
1.420350000E+9	1.755510000E-5
1.420353333E+9	1.707551000E-5
1.420356667E+9	1.675294000E-5
1.420360000E+9	1.658182000E-5
1.420363333E+9	1.675502000E-5
1.420366667E+9	1.659076000E-5
1.420370000E+9	1.666869000E-5
1.420373333E+9	1.653927000E-5
1.420376667E+9	1.633383000E-5
1.420380000E+9	1.636549000E-5
1.420383333E+9	1.650839000E-5
1.420386667E+9	1.603009000E-5
1.420390000E+9	1.618430000E-5
1.420393333E+9	1.599205000E-5
1.420396667E+9	1.608204000E-5
1.420400000E+9	1.619237000E-5
1.420403333E+9	1.605427000E-5
1.420406667E+9	1.608667000E-5
1.420410000E+9	1.610065000E-5
1.420413333E+9	1.628353000E-5
1.420416667E+9	1.651321000E-5
1.420420000E+9	1.620384000E-5
1.420423333E+9	1.632633000E-5
1.420426667E+9	1.602960000E-5
1.420430000E+9	1.603909000E-5
1.420433333E+9	1.604848000E-5
1.420436667E+9	1.625875000E-5
1.420440000E+9	1.624091000E-5
1.420443333E+9	1.608510000E-5
1.420446667E+9	1.618919000E-5
1.420450000E+9	1.608877000E-5
1.420453333E+9	1.613245000E-5
1.420456667E+9	1.630414000E-5
1.420460000E+9	1.639337000E-5
1.420463333E+9	1.634447000E-5
1.420466667E+9	1.636736000E-5
1.420470000E+9	1.611529000E-5
1.420473333E+9	1.624054000E-5
1.420476667E+9	1.605315000E-5
1.420480000E+9	1.634000000E-5
1.420483333E+9	1.636905000E-5
1.420486667E+9	1.606962000E-5
1.420490000E+9	1.644702000E-5
1.420493333E+9	1.677002000E-5
1.420496667E+9	1.660672000E-5
1.420500000E+9	1.631632000E-5
1.420503333E+9	1.663777000E-5
1.420506667E+9	1.648763000E-5
1.420510000E+9	1.631727000E-5
1.420513333E+9	1.644569000E-5
1.420516667E+9	1.653404000E-5
1.420520000E+9	1.651780000E-5
1.420523333E+9	1.634955000E-5
1.420526667E+9	1.613138000E-5
1.420530000E+9	1.624840000E-5
1.420533333E+9	1.620753000E-5
1.420536667E+9	1.622001000E-5
1.420540000E+9	1.592772000E-5
1.420543333E+9	1.654519000E-5
1.420546667E+9	1.639801000E-5
1.420550000E+9	1.633316000E-5
1.420553333E+9	1.610461000E-5
1.420556667E+9	1.581183000E-5
1.420560000E+9	1.582639000E-5
1.420563333E+9	1.568743000E-5
1.420566667E+9	1.622501000E-5
1.420570000E+9	1.612264000E-5
1.420573333E+9	1.596112000E-5
1.420576667E+9	1.617702000E-5
1.420580000E+9	1.590989000E-5
1.420583333E+9	1.564993000E-5
1.420586667E+9	1.630663000E-5
1.420590000E+9	1.618693000E-5
1.420593333E+9	1.572984000E-5
1.420596667E+9	1.559418000E-5
1.420600000E+9	1.624820000E-5
1.420603333E+9	1.701693000E-5
1.420606667E+9	1.661515000E-5
1.420610000E+9	1.594711000E-5
1.420613333E+9	1.584899000E-5
1.420616667E+9	1.573259000E-5
1.420620000E+9	1.829052000E-5
1.420623333E+9	1.905231000E-5
1.420626667E+9	1.682973000E-5
1.420630000E+9	1.579544000E-5
1.420633333E+9	1.592351000E-5
1.420636667E+9	1.595359000E-5
1.420640000E+9	1.597224000E-5
1.420643333E+9	1.677468000E-5
1.420646667E+9	1.630706000E-5
1.420650000E+9	1.559054000E-5
1.420653333E+9	1.565287000E-5
1.420656667E+9	1.552617000E-5
1.420660000E+9	1.551213000E-5
1.420663333E+9	1.611382000E-5
1.420666667E+9	1.552542000E-5
1.420670000E+9	1.600958000E-5
1.420673333E+9	1.592554000E-5
1.420676667E+9	1.566390000E-5
1.420680000E+9	1.577552000E-5
1.420683333E+9	1.638930000E-5
1.420686667E+9	1.547119000E-5
1.420690000E+9	1.578148000E-5
1.420693333E+9	1.557309000E-5
1.420696667E+9	1.600065000E-5
1.420700000E+9	1.600721000E-5
1.420703333E+9	1.566845000E-5
1.420706667E+9	1.572161000E-5
1.420710000E+9	1.585625000E-5
1.420713333E+9	1.579294000E-5
1.420716667E+9	1.583984000E-5
1.420720000E+9	1.620514000E-5
1.420723333E+9	1.546268000E-5
1.420726667E+9	1.569825000E-5
1.420730000E+9	1.578727000E-5
1.420733333E+9	1.588872000E-5
1.420736667E+9	1.574762000E-5
1.420740000E+9	1.581289000E-5
1.420743333E+9	1.571588000E-5
1.420746667E+9	1.566237000E-5
1.420750000E+9	1.571931000E-5
1.420753333E+9	1.602300000E-5
1.420756667E+9	1.644049000E-5
1.420760000E+9	1.603627000E-5
1.420763333E+9	1.576112000E-5
1.420766667E+9	1.594121000E-5
1.420770000E+9	1.542080000E-5
1.420773333E+9	1.600220000E-5
1.420776667E+9	1.589303000E-5
1.420780000E+9	1.564481000E-5
1.420783333E+9	1.545248000E-5
1.420786667E+9	1.582761000E-5
1.420790000E+9	1.579719000E-5
1.420793333E+9	1.667478000E-5
1.420796667E+9	1.595203000E-5
1.420800000E+9	1.572337000E-5
1.420803333E+9	1.623003000E-5
1.420806667E+9	1.562675000E-5
1.420810000E+9	1.617242000E-5
1.420813333E+9	1.579398000E-5
1.420816667E+9	1.574809000E-5
1.420820000E+9	1.560523000E-5
1.420823333E+9	1.623399000E-5
1.420826667E+9	1.563250000E-5
1.420830000E+9	1.587808000E-5
1.420833333E+9	1.564508000E-5
1.420836667E+9	1.580888000E-5
1.420840000E+9	1.592620000E-5
1.420843333E+9	1.581696000E-5
1.420846667E+9	1.584504000E-5
1.420850000E+9	1.539903000E-5
1.420853333E+9	1.597078000E-5
1.420856667E+9	1.540219000E-5
1.420860000E+9	1.576688000E-5
1.420863333E+9	1.576205000E-5
1.420866667E+9	1.577504000E-5
1.420870000E+9	1.588903000E-5
1.420873333E+9	1.590170000E-5
1.420876667E+9	1.553502000E-5
1.420880000E+9	1.586963000E-5
1.420883333E+9	1.613422000E-5
1.420886667E+9	1.625140000E-5
1.420890000E+9	1.554860000E-5
1.420893333E+9	1.600441000E-5
1.420896667E+9	1.585394000E-5
1.420900000E+9	1.660776000E-5
1.420903333E+9	1.619108000E-5
1.420906667E+9	1.674018000E-5
1.420910000E+9	1.582486000E-5
1.420913333E+9	2.288968000E-5
1.420916667E+9	2.182460000E-5
1.420920000E+9	1.863717000E-5
1.420923333E+9	1.570737000E-5
1.420926667E+9	1.636582000E-5
1.420930000E+9	1.556585000E-5
1.420933333E+9	1.587100000E-5
1.420936667E+9	1.592765000E-5
1.420940000E+9	1.584826000E-5
1.420943333E+9	1.708661000E-5
1.420946667E+9	1.611786000E-5
1.420950000E+9	1.583609000E-5
1.420953333E+9	1.580496000E-5
1.420956667E+9	1.575482000E-5
1.420960000E+9	1.573052000E-5
1.420963333E+9	1.571477000E-5
1.420966667E+9	1.582721000E-5
1.420970000E+9	1.580520000E-5
1.420973333E+9	1.629959000E-5
1.420976667E+9	1.568972000E-5
1.420980000E+9	1.600498000E-5
1.420983333E+9	1.544553000E-5
1.420986667E+9	1.546344000E-5
1.420990000E+9	1.598368000E-5
1.420993333E+9	1.565673000E-5
1.420996667E+9	1.563631000E-5
1.421000000E+9	1.561803000E-5
1.421003333E+9	1.575970000E-5
1.421006667E+9	1.601851000E-5
1.421010000E+9	1.602935000E-5
1.421013333E+9	1.590385000E-5
1.421016667E+9	1.612117000E-5
1.421020000E+9	1.587337000E-5
1.421023333E+9	1.599493000E-5
1.421026667E+9	1.610160000E-5
1.421030000E+9	1.602147000E-5
1.421033333E+9	1.560127000E-5
1.421036667E+9	1.558942000E-5
1.421040000E+9	1.578968000E-5
1.421043333E+9	1.608545000E-5
1.421046667E+9	1.563689000E-5
1.421050000E+9	1.571086000E-5
1.421053333E+9	1.614861000E-5
1.421056667E+9	1.618294000E-5
1.421060000E+9	1.550195000E-5
1.421063333E+9	1.583623000E-5
1.421066667E+9	1.617769000E-5
1.421070000E+9	1.588237000E-5
1.421073333E+9	1.552499000E-5
1.421076667E+9	1.542861000E-5
1.421080000E+9	1.575556000E-5
1.421083333E+9	1.540058000E-5
1.421086667E+9	1.568855000E-5
1.421090000E+9	1.607770000E-5
1.421093333E+9	1.636269000E-5
1.421096667E+9	1.627994000E-5
1.421100000E+9	1.586289000E-5
1.421103333E+9	1.575825000E-5
1.421106667E+9	1.586306000E-5
1.421110000E+9	1.557717000E-5
1.421113333E+9	1.557249000E-5
1.421116667E+9	1.547642000E-5
1.421120000E+9	1.543105000E-5
1.421123333E+9	1.577161000E-5
1.421126667E+9	1.591356000E-5
1.421130000E+9	1.615230000E-5
1.421133333E+9	1.637187000E-5
1.421136667E+9	1.589731000E-5
1.421140000E+9	1.580376000E-5
1.421143333E+9	1.566452000E-5
1.421146667E+9	1.568283000E-5
1.421150000E+9	1.577019000E-5
1.421153333E+9	1.569550000E-5
1.421156667E+9	1.576458000E-5
1.421160000E+9	1.567454000E-5
1.421163333E+9	1.624446000E-5
1.421166667E+9	1.578212000E-5
1.421170000E+9	1.568580000E-5
1.421173333E+9	1.571966000E-5
1.421176667E+9	1.587644000E-5
1.421180000E+9	1.588694000E-5
1.421183333E+9	1.559716000E-5
1.421186667E+9	1.566155000E-5
1.421190000E+9	1.579653000E-5
1.421193333E+9	1.564697000E-5
1.421196667E+9	1.581100000E-5
1.421200000E+9	1.515931000E-5
1.421203333E+9	1.608374000E-5
1.421206667E+9	1.851821000E-5
1.421210000E+9	1.780730000E-5
1.421213333E+9	1.714178000E-5
1.421216667E+9	1.562992000E-5
1.421220000E+9	1.615716000E-5
1.421223333E+9	1.590504000E-5
1.421226667E+9	1.565820000E-5
1.421230000E+9	1.581110000E-5
1.421233333E+9	1.597990000E-5
1.421236667E+9	1.546151000E-5
1.421240000E+9	1.586050000E-5
1.421243333E+9	1.590303000E-5
1.421246667E+9	1.575248000E-5
1.421250000E+9	1.579811000E-5
1.421253333E+9	1.581532000E-5
1.421256667E+9	1.562275000E-5
1.421260000E+9	1.599319000E-5
1.421263333E+9	1.597408000E-5
1.421266667E+9	1.582220000E-5
1.421270000E+9	1.597864000E-5
1.421273333E+9	1.561865000E-5
1.421276667E+9	1.608805000E-5
1.421280000E+9	1.595662000E-5
1.421283333E+9	1.592683000E-5
1.421286667E+9	1.591580000E-5
1.421290000E+9	1.577689000E-5
1.421293333E+9	1.596352000E-5
1.421296667E+9	1.636264000E-5
1.421300000E+9	1.663402000E-5
1.421303333E+9	1.581637000E-5
1.421306667E+9	1.582606000E-5
1.421310000E+9	1.565063000E-5
1.421313333E+9	1.589682000E-5
1.421316667E+9	1.612667000E-5
1.421320000E+9	1.582929000E-5
1.421323333E+9	1.608693000E-5
1.421326667E+9	1.570108000E-5
1.421330000E+9	1.570032000E-5
1.421333333E+9	1.589319000E-5
1.421336667E+9	1.597732000E-5
1.421340000E+9	1.584304000E-5
1.421343333E+9	1.614561000E-5
1.421346667E+9	1.616858000E-5
1.421350000E+9	1.623283000E-5
1.421353333E+9	1.639639000E-5
1.421356667E+9	1.606992000E-5
1.421360000E+9	1.620708000E-5
1.421363333E+9	1.694729000E-5
1.421366667E+9	1.937356000E-5
1.421370000E+9	1.662299000E-5
1.421373333E+9	1.598064000E-5
1.421376667E+9	1.616408000E-5
1.421380000E+9	1.587646000E-5
1.421383333E+9	1.624011000E-5
1.421386667E+9	1.616216000E-5
1.421390000E+9	1.604333000E-5
1.421393333E+9	1.614301000E-5
1.421396667E+9	1.594963000E-5
1.421400000E+9	1.576037000E-5
