Frequency, Hz	Amplitude, Volts
1.419400000E+9	1.722578000E-5
1.419403333E+9	1.723773000E-5
1.419406667E+9	1.722985000E-5
1.419410000E+9	1.705117000E-5
1.419413333E+9	1.733971000E-5
1.419416667E+9	1.730053000E-5
1.419420000E+9	1.700968000E-5
1.419423333E+9	1.713900000E-5
1.419426667E+9	1.695203000E-5
1.419430000E+9	1.698760000E-5
1.419433333E+9	1.694392000E-5
1.419436667E+9	1.720412000E-5
1.419440000E+9	1.719921000E-5
1.419443333E+9	1.702691000E-5
1.419446667E+9	1.698163000E-5
1.419450000E+9	1.774079000E-5
1.419453333E+9	1.737140000E-5
1.419456667E+9	1.704258000E-5
1.419460000E+9	1.762391000E-5
1.419463333E+9	1.713777000E-5
1.419466667E+9	1.712386000E-5
1.419470000E+9	1.696594000E-5
1.419473333E+9	1.714538000E-5
1.419476667E+9	1.707802000E-5
1.419480000E+9	1.701689000E-5
1.419483333E+9	1.722926000E-5
1.419486667E+9	1.740011000E-5
1.419490000E+9	1.705198000E-5
1.419493333E+9	1.742041000E-5
1.419496667E+9	1.731146000E-5
1.419500000E+9	1.709998000E-5
1.419503333E+9	1.706590000E-5
1.419506667E+9	1.704036000E-5
1.419510000E+9	1.727521000E-5
1.419513333E+9	1.672003000E-5
1.419516667E+9	1.697735000E-5
1.419520000E+9	1.687436000E-5
1.419523333E+9	1.691231000E-5
1.419526667E+9	1.722408000E-5
1.419530000E+9	1.721018000E-5
1.419533333E+9	1.673590000E-5
1.419536667E+9	1.711547000E-5
1.419540000E+9	1.710670000E-5
1.419543333E+9	1.711403000E-5
1.419546667E+9	1.690187000E-5
1.419550000E+9	1.717485000E-5
1.419553333E+9	1.707354000E-5
1.419556667E+9	1.656317000E-5
1.419560000E+9	1.633969000E-5
1.419563333E+9	1.704490000E-5
1.419566667E+9	1.716768000E-5
1.419570000E+9	1.702508000E-5
1.419573333E+9	1.704228000E-5
1.419576667E+9	1.652409000E-5
1.419580000E+9	1.664488000E-5
1.419583333E+9	1.668022000E-5
1.419586667E+9	1.693572000E-5
1.419590000E+9	1.695700000E-5
1.419593333E+9	1.664767000E-5
1.419596667E+9	1.714997000E-5
1.419600000E+9	1.698193000E-5
1.419603333E+9	1.694963000E-5
1.419606667E+9	1.691416000E-5
1.419610000E+9	1.698984000E-5
1.419613333E+9	1.720928000E-5
1.419616667E+9	1.697371000E-5
1.419620000E+9	1.661323000E-5
1.419623333E+9	1.708907000E-5
1.419626667E+9	1.714621000E-5
1.419630000E+9	1.684868000E-5
1.419633333E+9	1.694511000E-5
1.419636667E+9	1.694571000E-5
1.419640000E+9	1.684435000E-5
1.419643333E+9	1.697530000E-5
1.419646667E+9	1.681835000E-5
1.419650000E+9	1.698238000E-5
1.419653333E+9	1.731709000E-5
1.419656667E+9	1.668341000E-5
1.419660000E+9	1.681628000E-5
1.419663333E+9	1.666038000E-5
1.419666667E+9	1.698842000E-5
1.419670000E+9	1.716715000E-5
1.419673333E+9	1.703344000E-5
1.419676667E+9	1.727927000E-5
1.419680000E+9	1.711938000E-5
1.419683333E+9	1.681377000E-5
1.419686667E+9	1.688772000E-5
1.419690000E+9	1.687817000E-5
1.419693333E+9	1.695734000E-5
1.419696667E+9	1.717537000E-5
1.419700000E+9	1.708796000E-5
1.419703333E+9	1.637943000E-5
1.419706667E+9	1.679856000E-5
1.419710000E+9	1.692644000E-5
1.419713333E+9	1.684048000E-5
1.419716667E+9	1.688583000E-5
1.419720000E+9	1.691732000E-5
1.419723333E+9	1.666082000E-5
1.419726667E+9	1.688199000E-5
1.419730000E+9	1.695901000E-5
1.419733333E+9	1.717015000E-5
1.419736667E+9	1.695153000E-5
1.419740000E+9	1.708258000E-5
1.419743333E+9	1.767439000E-5
1.419746667E+9	1.677249000E-5
1.419750000E+9	1.661584000E-5
1.419753333E+9	1.672587000E-5
1.419756667E+9	1.645284000E-5
1.419760000E+9	1.681226000E-5
1.419763333E+9	1.655337000E-5
1.419766667E+9	1.662721000E-5
1.419770000E+9	1.663927000E-5
1.419773333E+9	1.657692000E-5
1.419776667E+9	1.681870000E-5
1.419780000E+9	1.644224000E-5
1.419783333E+9	1.682424000E-5
1.419786667E+9	1.687736000E-5
1.419790000E+9	1.710058000E-5
1.419793333E+9	1.705683000E-5
1.419796667E+9	1.664113000E-5
1.419800000E+9	1.693709000E-5
1.419803333E+9	1.658713000E-5
1.419806667E+9	1.672972000E-5
1.419810000E+9	1.648466000E-5
1.419813333E+9	1.698197000E-5
1.419816667E+9	1.691793000E-5
1.419820000E+9	1.626366000E-5
1.419823333E+9	1.697561000E-5
1.419826667E+9	1.693397000E-5
1.419830000E+9	1.697082000E-5
1.419833333E+9	1.677597000E-5
1.419836667E+9	1.692815000E-5
1.419840000E+9	1.655613000E-5
1.419843333E+9	1.681050000E-5
1.419846667E+9	1.686124000E-5
1.419850000E+9	1.674877000E-5
1.419853333E+9	1.675594000E-5
1.419856667E+9	1.679340000E-5
1.419860000E+9	1.692460000E-5
1.419863333E+9	1.681488000E-5
1.419866667E+9	1.698128000E-5
1.419870000E+9	1.694238000E-5
1.419873333E+9	1.677263000E-5
1.419876667E+9	1.676525000E-5
1.419880000E+9	1.685601000E-5
1.419883333E+9	1.705335000E-5
1.419886667E+9	1.651974000E-5
1.419890000E+9	1.663676000E-5
1.419893333E+9	1.662110000E-5
1.419896667E+9	1.670337000E-5
1.419900000E+9	1.673221000E-5
1.419903333E+9	1.672234000E-5
1.419906667E+9	1.674441000E-5
1.419910000E+9	1.649493000E-5
1.419913333E+9	1.659482000E-5
1.419916667E+9	1.656682000E-5
1.419920000E+9	1.684185000E-5
1.419923333E+9	1.646455000E-5
1.419926667E+9	1.661075000E-5
1.419930000E+9	1.653360000E-5
1.419933333E+9	1.658360000E-5
1.419936667E+9	1.668224000E-5
1.419940000E+9	1.654112000E-5
1.419943333E+9	1.643017000E-5
1.419946667E+9	1.665285000E-5
1.419950000E+9	1.647187000E-5
1.419953333E+9	1.658684000E-5
1.419956667E+9	1.625879000E-5
1.419960000E+9	1.662655000E-5
1.419963333E+9	1.665283000E-5
1.419966667E+9	1.669334000E-5
1.419970000E+9	1.681983000E-5
1.419973333E+9	1.689362000E-5
1.419976667E+9	1.667350000E-5
1.419980000E+9	1.789909000E-5
1.419983333E+9	1.693271000E-5
1.419986667E+9	1.665325000E-5
1.419990000E+9	1.705074000E-5
1.419993333E+9	1.670918000E-5
1.419996667E+9	1.721803000E-5
1.420000000E+9	1.680105000E-5
1.420003333E+9	1.711686000E-5
1.420006667E+9	1.652504000E-5
1.420010000E+9	1.648186000E-5
1.420013333E+9	1.668658000E-5
1.420016667E+9	1.629376000E-5
1.420020000E+9	1.682716000E-5
1.420023333E+9	1.689504000E-5
1.420026667E+9	1.677530000E-5
1.420030000E+9	1.658193000E-5
1.420033333E+9	1.706273000E-5
1.420036667E+9	1.705308000E-5
1.420040000E+9	1.660359000E-5
1.420043333E+9	1.678175000E-5
1.420046667E+9	1.632888000E-5
1.420050000E+9	1.664902000E-5
1.420053333E+9	1.640927000E-5
1.420056667E+9	1.629414000E-5
1.420060000E+9	1.636469000E-5
1.420063333E+9	1.621073000E-5
1.420066667E+9	1.646327000E-5
1.420070000E+9	1.644381000E-5
1.420073333E+9	1.648508000E-5
1.420076667E+9	1.651903000E-5
1.420080000E+9	1.655960000E-5
1.420083333E+9	1.657446000E-5
1.420086667E+9	1.654686000E-5
1.420090000E+9	1.668804000E-5
1.420093333E+9	1.633763000E-5
1.420096667E+9	1.677169000E-5
1.420100000E+9	1.635366000E-5
1.420103333E+9	1.648021000E-5
1.420106667E+9	1.653477000E-5
1.420110000E+9	1.669341000E-5
1.420113333E+9	1.652954000E-5
1.420116667E+9	1.652722000E-5
1.420120000E+9	1.644330000E-5
1.420123333E+9	1.667077000E-5
1.420126667E+9	1.626989000E-5
1.420130000E+9	1.632332000E-5
1.420133333E+9	1.646795000E-5
1.420136667E+9	1.643118000E-5
1.420140000E+9	1.657162000E-5
1.420143333E+9	1.620683000E-5
1.420146667E+9	1.640552000E-5
1.420150000E+9	1.651829000E-5
1.420153333E+9	1.647099000E-5
1.420156667E+9	1.679882000E-5
1.420160000E+9	1.638750000E-5
1.420163333E+9	1.652466000E-5
1.420166667E+9	1.654577000E-5
1.420170000E+9	1.609842000E-5
1.420173333E+9	1.652005000E-5
1.420176667E+9	1.638554000E-5
1.420180000E+9	1.662338000E-5
1.420183333E+9	1.647925000E-5
1.420186667E+9	1.618199000E-5
1.420190000E+9	1.649757000E-5
1.420193333E+9	1.656084000E-5
1.420196667E+9	1.635833000E-5
1.420200000E+9	1.664875000E-5
1.420203333E+9	1.638265000E-5
1.420206667E+9	1.625322000E-5
1.420210000E+9	1.659295000E-5
1.420213333E+9	1.643038000E-5
1.420216667E+9	1.652484000E-5
1.420220000E+9	1.642452000E-5
1.420223333E+9	1.635078000E-5
1.420226667E+9	1.654861000E-5
1.420230000E+9	1.645378000E-5
1.420233333E+9	1.613484000E-5
1.420236667E+9	1.669032000E-5
1.420240000E+9	1.647077000E-5
1.420243333E+9	1.609648000E-5
1.420246667E+9	1.640695000E-5
1.420250000E+9	1.670755000E-5
1.420253333E+9	1.631376000E-5
1.420256667E+9	1.637721000E-5
1.420260000E+9	1.608676000E-5
1.420263333E+9	1.673044000E-5
1.420266667E+9	1.647873000E-5
1.420270000E+9	1.650859000E-5
1.420273333E+9	1.617634000E-5
1.420276667E+9	1.618249000E-5
1.420280000E+9	1.643502000E-5
1.420283333E+9	1.655373000E-5
1.420286667E+9	1.637310000E-5
1.420290000E+9	1.652364000E-5
1.420293333E+9	1.625375000E-5
1.420296667E+9	1.634565000E-5
1.420300000E+9	1.610721000E-5
1.420303333E+9	1.684625000E-5
1.420306667E+9	1.677470000E-5
1.420310000E+9	1.654835000E-5
1.420313333E+9	1.643053000E-5
1.420316667E+9	1.656098000E-5
1.420320000E+9	1.649057000E-5
1.420323333E+9	1.660572000E-5
1.420326667E+9	1.702973000E-5
1.420330000E+9	1.695842000E-5
1.420333333E+9	1.633874000E-5
1.420336667E+9	1.668211000E-5
1.420340000E+9	1.676201000E-5
1.420343333E+9	1.662893000E-5
1.420346667E+9	1.652170000E-5
1.420350000E+9	1.647699000E-5
1.420353333E+9	1.642706000E-5
1.420356667E+9	1.652210000E-5
1.420360000E+9	1.616695000E-5
1.420363333E+9	1.599257000E-5
1.420366667E+9	1.655662000E-5
1.420370000E+9	1.665692000E-5
1.420373333E+9	1.646939000E-5
1.420376667E+9	1.665753000E-5
1.420380000E+9	1.619170000E-5
1.420383333E+9	1.627576000E-5
1.420386667E+9	1.653368000E-5
1.420390000E+9	1.652168000E-5
1.420393333E+9	1.674027000E-5
1.420396667E+9	1.659227000E-5
1.420400000E+9	1.657077000E-5
1.420403333E+9	1.662798000E-5
1.420406667E+9	1.626438000E-5
1.420410000E+9	1.643574000E-5
1.420413333E+9	1.684947000E-5
1.420416667E+9	1.683335000E-5
1.420420000E+9	1.676098000E-5
1.420423333E+9	1.657157000E-5
1.420426667E+9	1.660745000E-5
1.420430000E+9	1.658963000E-5
1.420433333E+9	1.656849000E-5
1.420436667E+9	1.644881000E-5
1.420440000E+9	1.679449000E-5
1.420443333E+9	1.671038000E-5
1.420446667E+9	1.672093000E-5
1.420450000E+9	1.690217000E-5
1.420453333E+9	1.695388000E-5
1.420456667E+9	1.682888000E-5
1.420460000E+9	1.690878000E-5
1.420463333E+9	1.679043000E-5
1.420466667E+9	1.731790000E-5
1.420470000E+9	1.735988000E-5
1.420473333E+9	1.703579000E-5
1.420476667E+9	1.731475000E-5
1.420480000E+9	1.753422000E-5
1.420483333E+9	1.771004000E-5
1.420486667E+9	1.751046000E-5
1.420490000E+9	1.753834000E-5
1.420493333E+9	1.734319000E-5
1.420496667E+9	1.766731000E-5
1.420500000E+9	1.792846000E-5
1.420503333E+9	1.818533000E-5
1.420506667E+9	1.808690000E-5
1.420510000E+9	1.832101000E-5
1.420513333E+9	1.858486000E-5
1.420516667E+9	1.818426000E-5
1.420520000E+9	1.809815000E-5
1.420523333E+9	1.818110000E-5
1.420526667E+9	1.810147000E-5
1.420530000E+9	1.846311000E-5
1.420533333E+9	1.817932000E-5
1.420536667E+9	1.810984000E-5
1.420540000E+9	1.833989000E-5
1.420543333E+9	1.806781000E-5
1.420546667E+9	1.857136000E-5
1.420550000E+9	1.803479000E-5
1.420553333E+9	1.793546000E-5
1.420556667E+9	1.809568000E-5
1.420560000E+9	1.794699000E-5
1.420563333E+9	1.788379000E-5
1.420566667E+9	1.786973000E-5
1.420570000E+9	1.824411000E-5
1.420573333E+9	1.799045000E-5
1.420576667E+9	1.785577000E-5
1.420580000E+9	1.800844000E-5
1.420583333E+9	1.790914000E-5
1.420586667E+9	1.795574000E-5
1.420590000E+9	1.845673000E-5
1.420593333E+9	1.803151000E-5
1.420596667E+9	1.783512000E-5
1.420600000E+9	1.777198000E-5
1.420603333E+9	1.804997000E-5
1.420606667E+9	1.766456000E-5
1.420610000E+9	1.782134000E-5
1.420613333E+9	1.810576000E-5
1.420616667E+9	1.789119000E-5
1.420620000E+9	1.871209000E-5
1.420623333E+9	1.845025000E-5
1.420626667E+9	1.799565000E-5
1.420630000E+9	1.824972000E-5
1.420633333E+9	1.824812000E-5
1.420636667E+9	1.854100000E-5
1.420640000E+9	1.800640000E-5
1.420643333E+9	1.848269000E-5
1.420646667E+9	1.799709000E-5
1.420650000E+9	1.822629000E-5
1.420653333E+9	1.820485000E-5
1.420656667E+9	1.783872000E-5
1.420660000E+9	1.806876000E-5
1.420663333E+9	1.772303000E-5
1.420666667E+9	1.830153000E-5
1.420670000E+9	1.839432000E-5
1.420673333E+9	1.807809000E-5
1.420676667E+9	1.824467000E-5
1.420680000E+9	1.816931000E-5
1.420683333E+9	1.772046000E-5
1.420686667E+9	1.768091000E-5
1.420690000E+9	1.817513000E-5
1.420693333E+9	1.784717000E-5
1.420696667E+9	1.757537000E-5
1.420700000E+9	1.776236000E-5
1.420703333E+9	1.745698000E-5
1.420706667E+9	1.737420000E-5
1.420710000E+9	1.752119000E-5
1.420713333E+9	1.721360000E-5
1.420716667E+9	1.717328000E-5
1.420720000E+9	1.702670000E-5
1.420723333E+9	1.705288000E-5
1.420726667E+9	1.728701000E-5
1.420730000E+9	1.706516000E-5
1.420733333E+9	1.724230000E-5
1.420736667E+9	1.711252000E-5
1.420740000E+9	1.723283000E-5
1.420743333E+9	1.704979000E-5
1.420746667E+9	1.704217000E-5
1.420750000E+9	1.661798000E-5
1.420753333E+9	1.678721000E-5
1.420756667E+9	1.657619000E-5
1.420760000E+9	1.659699000E-5
1.420763333E+9	1.653518000E-5
1.420766667E+9	1.647017000E-5
1.420770000E+9	1.693443000E-5
1.420773333E+9	1.695138000E-5
1.420776667E+9	1.656115000E-5
1.420780000E+9	1.671744000E-5
1.420783333E+9	1.646851000E-5
1.420786667E+9	1.653731000E-5
1.420790000E+9	1.658189000E-5
1.420793333E+9	1.685191000E-5
1.420796667E+9	1.612518000E-5
1.420800000E+9	1.637693000E-5
1.420803333E+9	1.644556000E-5
1.420806667E+9	1.654021000E-5
1.420810000E+9	1.681096000E-5
1.420813333E+9	1.656086000E-5
1.420816667E+9	1.652772000E-5
1.420820000E+9	1.680838000E-5
1.420823333E+9	1.630192000E-5
1.420826667E+9	1.636907000E-5
1.420830000E+9	1.645300000E-5
1.420833333E+9	1.679056000E-5
1.420836667E+9	1.628446000E-5
1.420840000E+9	1.667303000E-5
1.420843333E+9	1.655849000E-5
1.420846667E+9	1.622359000E-5
1.420850000E+9	1.634657000E-5
1.420853333E+9	1.645616000E-5
1.420856667E+9	1.623750000E-5
1.420860000E+9	1.644991000E-5
1.420863333E+9	1.622530000E-5
1.420866667E+9	1.601837000E-5
1.420870000E+9	1.641091000E-5
1.420873333E+9	1.636560000E-5
1.420876667E+9	1.629015000E-5
1.420880000E+9	1.639490000E-5
1.420883333E+9	1.666056000E-5
1.420886667E+9	1.639854000E-5
1.420890000E+9	1.627170000E-5
1.420893333E+9	1.627636000E-5
1.420896667E+9	1.641190000E-5
1.420900000E+9	1.654670000E-5
1.420903333E+9	1.639420000E-5
1.420906667E+9	1.660247000E-5
1.420910000E+9	1.632137000E-5
1.420913333E+9	1.898672000E-5
1.420916667E+9	1.781936000E-5
1.420920000E+9	1.606383000E-5
1.420923333E+9	1.616805000E-5
1.420926667E+9	1.649764000E-5
1.420930000E+9	1.630675000E-5
1.420933333E+9	1.620176000E-5
1.420936667E+9	1.652380000E-5
1.420940000E+9	1.637168000E-5
1.420943333E+9	1.615650000E-5
1.420946667E+9	1.630477000E-5
1.420950000E+9	1.619707000E-5
1.420953333E+9	1.604532000E-5
1.420956667E+9	1.603678000E-5
1.420960000E+9	1.604874000E-5
1.420963333E+9	1.638326000E-5
1.420966667E+9	1.600566000E-5
1.420970000E+9	1.640406000E-5
1.420973333E+9	1.641686000E-5
1.420976667E+9	1.632680000E-5
1.420980000E+9	1.659037000E-5
1.420983333E+9	1.631426000E-5
1.420986667E+9	1.654699000E-5
1.420990000E+9	1.601686000E-5
1.420993333E+9	1.659690000E-5
1.420996667E+9	1.650112000E-5
1.421000000E+9	1.668812000E-5
1.421003333E+9	1.651138000E-5
1.421006667E+9	1.623841000E-5
1.421010000E+9	1.601245000E-5
1.421013333E+9	1.623346000E-5
1.421016667E+9	1.620852000E-5
1.421020000E+9	1.634978000E-5
1.421023333E+9	1.629542000E-5
1.421026667E+9	1.641545000E-5
1.421030000E+9	1.639998000E-5
1.421033333E+9	1.631719000E-5
1.421036667E+9	1.635105000E-5
1.421040000E+9	1.630494000E-5
1.421043333E+9	1.631497000E-5
1.421046667E+9	1.622936000E-5
1.421050000E+9	1.624690000E-5
1.421053333E+9	1.649341000E-5
1.421056667E+9	1.627892000E-5
1.421060000E+9	1.646327000E-5
1.421063333E+9	1.658522000E-5
1.421066667E+9	1.622035000E-5
1.421070000E+9	1.611927000E-5
1.421073333E+9	1.594630000E-5
1.421076667E+9	1.577398000E-5
1.421080000E+9	1.606097000E-5
1.421083333E+9	1.646583000E-5
1.421086667E+9	1.644518000E-5
1.421090000E+9	1.612195000E-5
1.421093333E+9	1.626059000E-5
1.421096667E+9	1.646404000E-5
1.421100000E+9	1.626981000E-5
1.421103333E+9	1.639810000E-5
1.421106667E+9	1.623934000E-5
1.421110000E+9	1.649091000E-5
1.421113333E+9	1.625957000E-5
1.421116667E+9	1.622300000E-5
1.421120000E+9	1.624658000E-5
1.421123333E+9	1.641841000E-5
1.421126667E+9	1.658477000E-5
1.421130000E+9	1.658049000E-5
1.421133333E+9	1.607641000E-5
1.421136667E+9	1.611140000E-5
1.421140000E+9	1.649837000E-5
1.421143333E+9	1.642122000E-5
1.421146667E+9	1.642445000E-5
1.421150000E+9	1.650868000E-5
1.421153333E+9	1.666933000E-5
1.421156667E+9	1.633725000E-5
1.421160000E+9	1.633720000E-5
1.421163333E+9	1.664427000E-5
1.421166667E+9	1.630672000E-5
1.421170000E+9	1.634739000E-5
1.421173333E+9	1.634115000E-5
1.421176667E+9	1.640860000E-5
1.421180000E+9	1.633980000E-5
1.421183333E+9	1.618413000E-5
1.421186667E+9	1.620973000E-5
1.421190000E+9	1.645342000E-5
1.421193333E+9	1.656226000E-5
1.421196667E+9	1.661821000E-5
1.421200000E+9	1.640217000E-5
1.421203333E+9	1.652905000E-5
1.421206667E+9	1.757315000E-5
1.421210000E+9	1.700992000E-5
1.421213333E+9	1.672120000E-5
1.421216667E+9	1.640884000E-5
1.421220000E+9	1.602713000E-5
1.421223333E+9	1.602226000E-5
1.421226667E+9	1.667143000E-5
1.421230000E+9	1.653320000E-5
1.421233333E+9	1.610486000E-5
1.421236667E+9	1.619995000E-5
1.421240000E+9	1.634445000E-5
1.421243333E+9	1.601088000E-5
1.421246667E+9	1.652451000E-5
1.421250000E+9	1.614114000E-5
1.421253333E+9	1.647254000E-5
1.421256667E+9	1.631386000E-5
1.421260000E+9	1.653764000E-5
1.421263333E+9	1.637925000E-5
1.421266667E+9	1.645387000E-5
1.421270000E+9	1.615497000E-5
1.421273333E+9	1.623608000E-5
1.421276667E+9	1.612143000E-5
1.421280000E+9	1.598671000E-5
1.421283333E+9	1.593115000E-5
1.421286667E+9	1.619129000E-5
1.421290000E+9	1.628691000E-5
1.421293333E+9	1.640761000E-5
1.421296667E+9	1.630842000E-5
1.421300000E+9	1.640868000E-5
1.421303333E+9	1.596766000E-5
1.421306667E+9	1.627681000E-5
1.421310000E+9	1.638833000E-5
1.421313333E+9	1.634748000E-5
1.421316667E+9	1.658271000E-5
1.421320000E+9	1.635599000E-5
1.421323333E+9	1.634197000E-5
1.421326667E+9	1.602842000E-5
1.421330000E+9	1.649247000E-5
1.421333333E+9	1.651854000E-5
1.421336667E+9	1.623510000E-5
1.421340000E+9	1.596526000E-5
1.421343333E+9	1.599333000E-5
1.421346667E+9	1.631342000E-5
1.421350000E+9	1.627297000E-5
1.421353333E+9	1.595739000E-5
1.421356667E+9	1.585683000E-5
1.421360000E+9	1.642003000E-5
1.421363333E+9	1.624612000E-5
1.421366667E+9	1.644738000E-5
1.421370000E+9	1.616558000E-5
1.421373333E+9	1.616520000E-5
1.421376667E+9	1.600324000E-5
1.421380000E+9	1.617002000E-5
1.421383333E+9	1.649574000E-5
1.421386667E+9	1.628305000E-5
1.421390000E+9	1.608943000E-5
1.421393333E+9	1.675219000E-5
1.421396667E+9	1.618146000E-5
1.421400000E+9	1.625765000E-5
