Frequency, Hz	Amplitude, Volts
1.419400000E+9	1.802527000E-5
1.419403333E+9	1.777826000E-5
1.419406667E+9	1.780593000E-5
1.419410000E+9	1.797416000E-5
1.419413333E+9	1.807043000E-5
1.419416667E+9	1.792176000E-5
1.419420000E+9	1.817172000E-5
1.419423333E+9	1.777540000E-5
1.419426667E+9	1.790157000E-5
1.419430000E+9	1.768952000E-5
1.419433333E+9	1.803551000E-5
1.419436667E+9	1.739606000E-5
1.419440000E+9	1.795562000E-5
1.419443333E+9	1.839034000E-5
1.419446667E+9	1.824031000E-5
1.419450000E+9	1.880147000E-5
1.419453333E+9	1.820401000E-5
1.419456667E+9	1.787384000E-5
1.419460000E+9	1.804458000E-5
1.419463333E+9	1.783136000E-5
1.419466667E+9	1.779486000E-5
1.419470000E+9	1.817599000E-5
1.419473333E+9	1.783626000E-5
1.419476667E+9	1.780763000E-5
1.419480000E+9	1.739669000E-5
1.419483333E+9	1.778053000E-5
1.419486667E+9	1.804533000E-5
1.419490000E+9	1.845519000E-5
1.419493333E+9	1.765963000E-5
1.419496667E+9	1.768091000E-5
1.419500000E+9	1.798737000E-5
1.419503333E+9	1.770811000E-5
1.419506667E+9	1.770574000E-5
1.419510000E+9	1.756549000E-5
1.419513333E+9	1.772389000E-5
1.419516667E+9	1.778102000E-5
1.419520000E+9	1.770973000E-5
1.419523333E+9	1.763901000E-5
1.419526667E+9	1.750711000E-5
1.419530000E+9	1.752681000E-5
1.419533333E+9	1.816568000E-5
1.419536667E+9	1.846097000E-5
1.419540000E+9	1.787996000E-5
1.419543333E+9	1.779174000E-5
1.419546667E+9	1.753670000E-5
1.419550000E+9	1.745092000E-5
1.419553333E+9	1.736848000E-5
1.419556667E+9	1.771998000E-5
1.419560000E+9	1.781494000E-5
1.419563333E+9	1.779797000E-5
1.419566667E+9	1.773146000E-5
1.419570000E+9	1.770016000E-5
1.419573333E+9	1.775770000E-5
1.419576667E+9	1.765732000E-5
1.419580000E+9	1.760167000E-5
1.419583333E+9	1.828494000E-5
1.419586667E+9	1.789779000E-5
1.419590000E+9	1.748660000E-5
1.419593333E+9	1.735910000E-5
1.419596667E+9	1.734693000E-5
1.419600000E+9	1.760003000E-5
1.419603333E+9	1.771484000E-5
1.419606667E+9	1.805169000E-5
1.419610000E+9	1.757315000E-5
1.419613333E+9	1.765684000E-5
1.419616667E+9	1.743294000E-5
1.419620000E+9	1.752329000E-5
1.419623333E+9	1.762602000E-5
1.419626667E+9	1.766801000E-5
1.419630000E+9	1.813182000E-5
1.419633333E+9	1.789400000E-5
1.419636667E+9	1.732249000E-5
1.419640000E+9	1.740834000E-5
1.419643333E+9	1.780073000E-5
1.419646667E+9	1.770907000E-5
1.419650000E+9	1.765192000E-5
1.419653333E+9	1.802509000E-5
1.419656667E+9	1.800049000E-5
1.419660000E+9	1.745731000E-5
1.419663333E+9	1.770034000E-5
1.419666667E+9	1.766281000E-5
1.419670000E+9	1.755801000E-5
1.419673333E+9	1.755861000E-5
1.419676667E+9	1.811413000E-5
1.419680000E+9	1.762306000E-5
1.419683333E+9	1.735119000E-5
1.419686667E+9	1.738958000E-5
1.419690000E+9	1.738806000E-5
1.419693333E+9	1.760281000E-5
1.419696667E+9	1.752329000E-5
1.419700000E+9	1.807418000E-5
1.419703333E+9	1.727963000E-5
1.419706667E+9	1.763394000E-5
1.419710000E+9	1.757244000E-5
1.419713333E+9	1.728677000E-5
1.419716667E+9	1.766535000E-5
1.419720000E+9	1.775365000E-5
1.419723333E+9	1.829149000E-5
1.419726667E+9	1.810379000E-5
1.419730000E+9	1.783046000E-5
1.419733333E+9	1.940688000E-5
1.419736667E+9	1.780620000E-5
1.419740000E+9	1.748796000E-5
1.419743333E+9	1.888908000E-5
1.419746667E+9	1.850610000E-5
1.419750000E+9	1.779563000E-5
1.419753333E+9	1.773343000E-5
1.419756667E+9	1.769987000E-5
1.419760000E+9	1.738048000E-5
1.419763333E+9	1.748739000E-5
1.419766667E+9	1.756214000E-5
1.419770000E+9	1.805094000E-5
1.419773333E+9	1.769732000E-5
1.419776667E+9	1.756252000E-5
1.419780000E+9	1.737670000E-5
1.419783333E+9	1.752908000E-5
1.419786667E+9	1.710330000E-5
1.419790000E+9	1.761103000E-5
1.419793333E+9	1.763127000E-5
1.419796667E+9	1.752138000E-5
1.419800000E+9	1.731422000E-5
1.419803333E+9	1.722497000E-5
1.419806667E+9	1.755986000E-5
1.419810000E+9	1.767988000E-5
1.419813333E+9	1.803077000E-5
1.419816667E+9	1.777789000E-5
1.419820000E+9	1.781928000E-5
1.419823333E+9	1.739633000E-5
1.419826667E+9	1.749219000E-5
1.419830000E+9	1.769571000E-5
1.419833333E+9	1.763220000E-5
1.419836667E+9	1.755204000E-5
1.419840000E+9	1.772007000E-5
1.419843333E+9	1.760453000E-5
1.419846667E+9	1.761824000E-5
1.419850000E+9	1.725288000E-5
1.419853333E+9	1.747642000E-5
1.419856667E+9	1.718611000E-5
1.419860000E+9	1.768515000E-5
1.419863333E+9	1.858590000E-5
1.419866667E+9	1.733417000E-5
1.419870000E+9	1.731787000E-5
1.419873333E+9	1.738559000E-5
1.419876667E+9	1.770331000E-5
1.419880000E+9	1.738575000E-5
1.419883333E+9	1.730524000E-5
1.419886667E+9	1.759848000E-5
1.419890000E+9	1.700223000E-5
1.419893333E+9	1.733301000E-5
1.419896667E+9	1.754899000E-5
1.419900000E+9	1.761246000E-5
1.419903333E+9	1.770555000E-5
1.419906667E+9	1.759769000E-5
1.419910000E+9	1.805330000E-5
1.419913333E+9	1.743658000E-5
1.419916667E+9	1.748118000E-5
1.419920000E+9	1.741242000E-5
1.419923333E+9	1.744839000E-5
1.419926667E+9	1.731117000E-5
1.419930000E+9	1.732157000E-5
1.419933333E+9	1.752600000E-5
1.419936667E+9	1.722428000E-5
1.419940000E+9	1.706151000E-5
1.419943333E+9	1.702573000E-5
1.419946667E+9	1.689456000E-5
1.419950000E+9	1.748537000E-5
1.419953333E+9	1.736369000E-5
1.419956667E+9	1.805730000E-5
1.419960000E+9	1.704552000E-5
1.419963333E+9	1.709748000E-5
1.419966667E+9	1.711015000E-5
1.419970000E+9	1.714538000E-5
1.419973333E+9	1.743445000E-5
1.419976667E+9	1.729244000E-5
1.419980000E+9	1.749705000E-5
1.419983333E+9	1.718707000E-5
1.419986667E+9	1.753332000E-5
1.419990000E+9	1.753511000E-5
1.419993333E+9	1.744757000E-5
1.419996667E+9	1.752079000E-5
1.420000000E+9	1.789481000E-5
1.420003333E+9	1.864413000E-5
1.420006667E+9	1.761525000E-5
1.420010000E+9	1.722845000E-5
1.420013333E+9	1.729527000E-5
1.420016667E+9	1.716065000E-5
1.420020000E+9	1.757668000E-5
1.420023333E+9	1.764232000E-5
1.420026667E+9	1.779338000E-5
1.420030000E+9	1.752123000E-5
1.420033333E+9	1.757962000E-5
1.420036667E+9	1.829779000E-5
1.420040000E+9	1.787849000E-5
1.420043333E+9	1.750120000E-5
1.420046667E+9	1.799772000E-5
1.420050000E+9	1.784284000E-5
1.420053333E+9	1.746977000E-5
1.420056667E+9	1.693373000E-5
1.420060000E+9	1.724991000E-5
1.420063333E+9	1.707950000E-5
1.420066667E+9	1.732774000E-5
1.420070000E+9	1.748115000E-5
1.420073333E+9	1.706288000E-5
1.420076667E+9	1.716191000E-5
1.420080000E+9	1.713243000E-5
1.420083333E+9	1.711611000E-5
1.420086667E+9	1.699910000E-5
1.420090000E+9	1.722183000E-5
1.420093333E+9	1.738187000E-5
1.420096667E+9	1.807632000E-5
1.420100000E+9	1.726895000E-5
1.420103333E+9	1.715675000E-5
1.420106667E+9	1.692877000E-5
1.420110000E+9	1.704853000E-5
1.420113333E+9	1.714361000E-5
1.420116667E+9	1.702781000E-5
1.420120000E+9	1.718277000E-5
1.420123333E+9	1.738815000E-5
1.420126667E+9	1.721094000E-5
1.420130000E+9	1.743771000E-5
1.420133333E+9	1.730257000E-5
1.420136667E+9	1.701508000E-5
1.420140000E+9	1.748021000E-5
1.420143333E+9	1.779541000E-5
1.420146667E+9	1.731032000E-5
1.420150000E+9	1.756121000E-5
1.420153333E+9	1.726338000E-5
1.420156667E+9	1.717164000E-5
1.420160000E+9	1.743966000E-5
1.420163333E+9	1.740521000E-5
1.420166667E+9	1.738338000E-5
1.420170000E+9	1.716557000E-5
1.420173333E+9	1.725789000E-5
1.420176667E+9	1.759107000E-5
1.420180000E+9	1.730061000E-5
1.420183333E+9	1.780065000E-5
1.420186667E+9	1.808837000E-5
1.420190000E+9	1.812038000E-5
1.420193333E+9	1.790597000E-5
1.420196667E+9	1.740538000E-5
1.420200000E+9	1.731214000E-5
1.420203333E+9	1.767686000E-5
1.420206667E+9	1.735171000E-5
1.420210000E+9	1.762000000E-5
1.420213333E+9	1.798170000E-5
1.420216667E+9	1.793296000E-5
1.420220000E+9	1.779877000E-5
1.420223333E+9	1.758688000E-5
1.420226667E+9	1.760417000E-5
1.420230000E+9	1.800666000E-5
1.420233333E+9	1.819083000E-5
1.420236667E+9	1.886280000E-5
1.420240000E+9	1.807035000E-5
1.420243333E+9	1.817487000E-5
1.420246667E+9	1.830661000E-5
1.420250000E+9	1.839238000E-5
1.420253333E+9	1.818867000E-5
1.420256667E+9	1.876864000E-5
1.420260000E+9	1.868680000E-5
1.420263333E+9	1.841699000E-5
1.420266667E+9	1.851943000E-5
1.420270000E+9	1.903603000E-5
1.420273333E+9	1.892368000E-5
1.420276667E+9	1.916582000E-5
1.420280000E+9	1.904211000E-5
1.420283333E+9	1.932358000E-5
1.420286667E+9	1.916929000E-5
1.420290000E+9	1.880684000E-5
1.420293333E+9	1.904765000E-5
1.420296667E+9	1.898084000E-5
1.420300000E+9	1.876147000E-5
1.420303333E+9	1.928036000E-5
1.420306667E+9	1.933056000E-5
1.420310000E+9	1.958044000E-5
1.420313333E+9	1.917771000E-5
1.420316667E+9	1.945781000E-5
1.420320000E+9	1.915019000E-5
1.420323333E+9	1.925024000E-5
1.420326667E+9	1.931969000E-5
1.420330000E+9	1.979150000E-5
1.420333333E+9	1.933799000E-5
1.420336667E+9	1.872352000E-5
1.420340000E+9	1.879029000E-5
1.420343333E+9	1.850149000E-5
1.420346667E+9	1.853019000E-5
1.420350000E+9	1.834803000E-5
1.420353333E+9	1.842597000E-5
1.420356667E+9	1.788542000E-5
1.420360000E+9	1.773512000E-5
1.420363333E+9	1.768439000E-5
1.420366667E+9	1.790870000E-5
1.420370000E+9	1.780364000E-5
1.420373333E+9	1.806864000E-5
1.420376667E+9	1.833176000E-5
1.420380000E+9	1.794506000E-5
1.420383333E+9	1.767146000E-5
1.420386667E+9	1.739398000E-5
1.420390000E+9	1.720145000E-5
1.420393333E+9	1.743468000E-5
1.420396667E+9	1.756642000E-5
1.420400000E+9	1.784926000E-5
1.420403333E+9	1.755254000E-5
1.420406667E+9	1.737766000E-5
1.420410000E+9	1.744562000E-5
1.420413333E+9	1.748393000E-5
1.420416667E+9	1.757813000E-5
1.420420000E+9	1.784554000E-5
1.420423333E+9	1.773440000E-5
1.420426667E+9	1.763576000E-5
1.420430000E+9	1.720797000E-5
1.420433333E+9	1.670938000E-5
1.420436667E+9	1.724779000E-5
1.420440000E+9	1.744860000E-5
1.420443333E+9	1.710078000E-5
1.420446667E+9	1.750494000E-5
1.420450000E+9	1.755593000E-5
1.420453333E+9	1.738000000E-5
1.420456667E+9	1.721564000E-5
1.420460000E+9	1.719345000E-5
1.420463333E+9	1.738993000E-5
1.420466667E+9	1.759862000E-5
1.420470000E+9	1.777983000E-5
1.420473333E+9	1.712263000E-5
1.420476667E+9	1.727339000E-5
1.420480000E+9	1.732701000E-5
1.420483333E+9	1.733139000E-5
1.420486667E+9	1.719826000E-5
1.420490000E+9	1.765358000E-5
1.420493333E+9	1.729924000E-5
1.420496667E+9	1.709643000E-5
1.420500000E+9	1.717501000E-5
1.420503333E+9	1.695458000E-5
1.420506667E+9	1.719872000E-5
1.420510000E+9	1.732393000E-5
1.420513333E+9	1.799756000E-5
1.420516667E+9	1.744282000E-5
1.420520000E+9	1.733978000E-5
1.420523333E+9	1.744912000E-5
1.420526667E+9	1.718005000E-5
1.420530000E+9	1.743606000E-5
1.420533333E+9	1.695859000E-5
1.420536667E+9	1.707727000E-5
1.420540000E+9	1.723427000E-5
1.420543333E+9	1.714105000E-5
1.420546667E+9	1.746210000E-5
1.420550000E+9	1.726901000E-5
1.420553333E+9	1.704781000E-5
1.420556667E+9	1.715146000E-5
1.420560000E+9	1.731471000E-5
1.420563333E+9	1.760519000E-5
1.420566667E+9	1.749374000E-5
1.420570000E+9	1.699417000E-5
1.420573333E+9	1.706099000E-5
1.420576667E+9	1.754260000E-5
1.420580000E+9	1.761689000E-5
1.420583333E+9	1.694481000E-5
1.420586667E+9	1.715306000E-5
1.420590000E+9	1.693457000E-5
1.420593333E+9	1.702758000E-5
1.420596667E+9	1.708157000E-5
1.420600000E+9	1.709876000E-5
1.420603333E+9	1.722716000E-5
1.420606667E+9	1.752144000E-5
1.420610000E+9	1.736184000E-5
1.420613333E+9	1.707512000E-5
1.420616667E+9	1.711245000E-5
1.420620000E+9	1.789567000E-5
1.420623333E+9	1.784556000E-5
1.420626667E+9	1.807249000E-5
1.420630000E+9	1.724654000E-5
1.420633333E+9	1.717931000E-5
1.420636667E+9	1.714621000E-5
1.420640000E+9	1.711825000E-5
1.420643333E+9	1.682459000E-5
1.420646667E+9	1.698647000E-5
1.420650000E+9	1.671818000E-5
1.420653333E+9	1.724063000E-5
1.420656667E+9	1.726023000E-5
1.420660000E+9	1.713747000E-5
1.420663333E+9	1.750788000E-5
1.420666667E+9	1.707701000E-5
1.420670000E+9	1.700191000E-5
1.420673333E+9	1.719611000E-5
1.420676667E+9	1.738880000E-5
1.420680000E+9	1.672761000E-5
1.420683333E+9	1.697593000E-5
1.420686667E+9	1.694537000E-5
1.420690000E+9	1.679500000E-5
1.420693333E+9	1.688420000E-5
1.420696667E+9	1.744177000E-5
1.420700000E+9	1.724582000E-5
1.420703333E+9	1.705003000E-5
1.420706667E+9	1.699019000E-5
1.420710000E+9	1.689992000E-5
1.420713333E+9	1.695213000E-5
1.420716667E+9	1.687104000E-5
1.420720000E+9	1.673678000E-5
1.420723333E+9	1.722818000E-5
1.420726667E+9	1.721776000E-5
1.420730000E+9	1.700385000E-5
1.420733333E+9	1.715206000E-5
1.420736667E+9	1.701997000E-5
1.420740000E+9	1.682396000E-5
1.420743333E+9	1.709031000E-5
1.420746667E+9	1.712389000E-5
1.420750000E+9	1.734156000E-5
1.420753333E+9	1.698654000E-5
1.420756667E+9	1.688012000E-5
1.420760000E+9	1.694212000E-5
1.420763333E+9	1.730038000E-5
1.420766667E+9	1.684261000E-5
1.420770000E+9	1.764385000E-5
1.420773333E+9	1.680423000E-5
1.420776667E+9	1.692169000E-5
1.420780000E+9	1.689039000E-5
1.420783333E+9	1.680528000E-5
1.420786667E+9	1.719013000E-5
1.420790000E+9	1.695741000E-5
1.420793333E+9	1.763136000E-5
1.420796667E+9	1.751759000E-5
1.420800000E+9	1.656653000E-5
1.420803333E+9	1.707474000E-5
1.420806667E+9	1.704949000E-5
1.420810000E+9	1.702016000E-5
1.420813333E+9	1.699719000E-5
1.420816667E+9	1.700961000E-5
1.420820000E+9	1.703910000E-5
1.420823333E+9	1.718445000E-5
1.420826667E+9	1.689319000E-5
1.420830000E+9	1.711333000E-5
1.420833333E+9	1.711085000E-5
1.420836667E+9	1.671401000E-5
1.420840000E+9	1.759480000E-5
1.420843333E+9	1.736840000E-5
1.420846667E+9	1.733177000E-5
1.420850000E+9	1.718018000E-5
1.420853333E+9	1.700208000E-5
1.420856667E+9	1.687702000E-5
1.420860000E+9	1.691271000E-5
1.420863333E+9	1.727311000E-5
1.420866667E+9	1.708740000E-5
1.420870000E+9	1.694987000E-5
1.420873333E+9	1.702134000E-5
1.420876667E+9	1.717799000E-5
1.420880000E+9	1.680709000E-5
1.420883333E+9	1.773325000E-5
1.420886667E+9	1.765110000E-5
1.420890000E+9	1.732835000E-5
1.420893333E+9	1.673496000E-5
1.420896667E+9	1.709755000E-5
1.420900000E+9	1.719671000E-5
1.420903333E+9	1.679849000E-5
1.420906667E+9	1.742251000E-5
1.420910000E+9	1.716461000E-5
1.420913333E+9	1.955953000E-5
1.420916667E+9	1.977391000E-5
1.420920000E+9	2.054328000E-5
1.420923333E+9	1.735157000E-5
1.420926667E+9	1.833544000E-5
1.420930000E+9	1.699812000E-5
1.420933333E+9	1.720859000E-5
1.420936667E+9	1.736272000E-5
1.420940000E+9	1.707142000E-5
1.420943333E+9	1.708082000E-5
1.420946667E+9	1.691227000E-5
1.420950000E+9	1.681874000E-5
1.420953333E+9	1.687606000E-5
1.420956667E+9	1.655940000E-5
1.420960000E+9	1.729634000E-5
1.420963333E+9	1.682882000E-5
1.420966667E+9	1.722489000E-5
1.420970000E+9	1.692698000E-5
1.420973333E+9	1.701487000E-5
1.420976667E+9	1.697205000E-5
1.420980000E+9	1.723283000E-5
1.420983333E+9	1.730724000E-5
1.420986667E+9	1.735131000E-5
1.420990000E+9	1.707223000E-5
1.420993333E+9	1.754489000E-5
1.420996667E+9	1.746933000E-5
1.421000000E+9	1.739688000E-5
1.421003333E+9	1.689838000E-5
1.421006667E+9	1.704668000E-5
1.421010000E+9	1.680041000E-5
1.421013333E+9	1.677941000E-5
1.421016667E+9	1.667077000E-5
1.421020000E+9	1.703822000E-5
1.421023333E+9	1.713512000E-5
1.421026667E+9	1.690364000E-5
1.421030000E+9	1.682182000E-5
1.421033333E+9	1.702067000E-5
1.421036667E+9	1.706473000E-5
1.421040000E+9	1.696030000E-5
1.421043333E+9	1.682396000E-5
1.421046667E+9	1.683095000E-5
1.421050000E+9	1.726063000E-5
1.421053333E+9	1.709543000E-5
1.421056667E+9	1.699365000E-5
1.421060000E+9	1.724603000E-5
1.421063333E+9	1.722491000E-5
1.421066667E+9	1.738985000E-5
1.421070000E+9	1.709853000E-5
1.421073333E+9	1.718639000E-5
1.421076667E+9	1.712955000E-5
1.421080000E+9	1.700673000E-5
1.421083333E+9	1.676369000E-5
1.421086667E+9	1.706312000E-5
1.421090000E+9	1.693496000E-5
1.421093333E+9	1.713819000E-5
1.421096667E+9	1.731847000E-5
1.421100000E+9	1.713990000E-5
1.421103333E+9	1.739659000E-5
1.421106667E+9	1.715828000E-5
1.421110000E+9	1.734574000E-5
1.421113333E+9	1.729072000E-5
1.421116667E+9	1.709737000E-5
1.421120000E+9	1.777696000E-5
1.421123333E+9	1.751061000E-5
1.421126667E+9	1.723760000E-5
1.421130000E+9	1.766454000E-5
1.421133333E+9	1.736184000E-5
1.421136667E+9	1.698445000E-5
1.421140000E+9	1.691751000E-5
1.421143333E+9	1.737269000E-5
1.421146667E+9	1.665820000E-5
1.421150000E+9	1.685506000E-5
1.421153333E+9	1.758502000E-5
1.421156667E+9	1.692193000E-5
1.421160000E+9	1.691281000E-5
1.421163333E+9	1.756619000E-5
1.421166667E+9	1.747877000E-5
1.421170000E+9	1.772949000E-5
1.421173333E+9	1.732583000E-5
1.421176667E+9	1.725089000E-5
1.421180000E+9	1.795726000E-5
1.421183333E+9	1.705679000E-5
1.421186667E+9	1.695481000E-5
1.421190000E+9	1.736659000E-5
1.421193333E+9	1.751265000E-5
1.421196667E+9	1.807402000E-5
1.421200000E+9	1.752487000E-5
1.421203333E+9	1.713552000E-5
1.421206667E+9	1.806940000E-5
1.421210000E+9	1.821633000E-5
1.421213333E+9	1.852832000E-5
1.421216667E+9	1.754031000E-5
1.421220000E+9	1.758284000E-5
1.421223333E+9	1.718818000E-5
1.421226667E+9	1.681170000E-5
1.421230000E+9	1.745069000E-5
1.421233333E+9	1.727679000E-5
1.421236667E+9	1.703158000E-5
1.421240000E+9	1.700072000E-5
1.421243333E+9	1.697164000E-5
1.421246667E+9	1.688585000E-5
1.421250000E+9	1.698288000E-5
1.421253333E+9	1.727531000E-5
1.421256667E+9	1.700794000E-5
1.421260000E+9	1.754094000E-5
1.421263333E+9	1.855202000E-5
1.421266667E+9	1.791948000E-5
1.421270000E+9	1.739462000E-5
1.421273333E+9	1.747383000E-5
1.421276667E+9	1.757929000E-5
1.421280000E+9	1.745518000E-5
1.421283333E+9	1.704911000E-5
1.421286667E+9	1.738926000E-5
1.421290000E+9	1.746106000E-5
1.421293333E+9	1.702330000E-5
1.421296667E+9	1.718818000E-5
1.421300000E+9	1.737874000E-5
1.421303333E+9	1.743118000E-5
1.421306667E+9	1.773052000E-5
1.421310000E+9	1.780864000E-5
1.421313333E+9	1.736692000E-5
1.421316667E+9	1.710933000E-5
1.421320000E+9	1.768992000E-5
1.421323333E+9	1.778166000E-5
1.421326667E+9	1.775700000E-5
1.421330000E+9	2.201026000E-5
1.421333333E+9	2.358539000E-5
1.421336667E+9	1.823558000E-5
1.421340000E+9	1.788964000E-5
1.421343333E+9	1.779510000E-5
1.421346667E+9	1.753547000E-5
1.421350000E+9	1.770767000E-5
1.421353333E+9	1.750050000E-5
1.421356667E+9	1.787185000E-5
1.421360000E+9	1.767135000E-5
1.421363333E+9	1.737956000E-5
1.421366667E+9	1.838705000E-5
1.421370000E+9	1.717009000E-5
1.421373333E+9	1.767016000E-5
1.421376667E+9	1.699243000E-5
1.421380000E+9	1.747374000E-5
1.421383333E+9	1.757514000E-5
1.421386667E+9	1.708903000E-5
1.421390000E+9	1.729575000E-5
1.421393333E+9	1.751092000E-5
1.421396667E+9	1.804832000E-5
1.421400000E+9	1.965902000E-5
