Frequency, Hz	Amplitude, Volts
1.419400000E+9	1.516585000E-5
1.419403333E+9	1.507323000E-5
1.419406667E+9	1.505392000E-5
1.419410000E+9	1.492676000E-5
1.419413333E+9	1.603789000E-5
1.419416667E+9	1.560888000E-5
1.419420000E+9	1.527247000E-5
1.419423333E+9	1.472549000E-5
1.419426667E+9	1.503817000E-5
1.419430000E+9	1.533155000E-5
1.419433333E+9	1.530124000E-5
1.419436667E+9	1.518008000E-5
1.419440000E+9	1.494670000E-5
1.419443333E+9	1.519832000E-5
1.419446667E+9	1.582535000E-5
1.419450000E+9	1.956827000E-5
1.419453333E+9	1.620988000E-5
1.419456667E+9	1.546986000E-5
1.419460000E+9	1.495438000E-5
1.419463333E+9	1.518601000E-5
1.419466667E+9	1.559477000E-5
1.419470000E+9	1.491345000E-5
1.419473333E+9	1.519393000E-5
1.419476667E+9	1.535149000E-5
1.419480000E+9	1.499394000E-5
1.419483333E+9	1.504076000E-5
1.419486667E+9	1.538742000E-5
1.419490000E+9	1.525809000E-5
1.419493333E+9	1.552394000E-5
1.419496667E+9	1.521483000E-5
1.419500000E+9	1.508467000E-5
1.419503333E+9	1.522461000E-5
1.419506667E+9	1.512461000E-5
1.419510000E+9	1.497232000E-5
1.419513333E+9	1.478324000E-5
1.419516667E+9	1.529167000E-5
1.419520000E+9	1.517384000E-5
1.419523333E+9	1.514224000E-5
1.419526667E+9	1.534547000E-5
1.419530000E+9	1.512109000E-5
1.419533333E+9	1.505896000E-5
1.419536667E+9	1.502645000E-5
1.419540000E+9	1.545111000E-5
1.419543333E+9	1.548300000E-5
1.419546667E+9	1.524246000E-5
1.419550000E+9	1.541420000E-5
1.419553333E+9	1.515144000E-5
1.419556667E+9	1.570701000E-5
1.419560000E+9	1.519512000E-5
1.419563333E+9	1.518203000E-5
1.419566667E+9	1.524413000E-5
1.419570000E+9	1.527509000E-5
1.419573333E+9	1.540970000E-5
1.419576667E+9	1.517106000E-5
1.419580000E+9	1.514367000E-5
1.419583333E+9	1.529107000E-5
1.419586667E+9	1.534547000E-5
1.419590000E+9	1.521657000E-5
1.419593333E+9	1.542417000E-5
1.419596667E+9	1.530954000E-5
1.419600000E+9	1.519884000E-5
1.419603333E+9	1.519550000E-5
1.419606667E+9	1.529901000E-5
1.419610000E+9	1.523285000E-5
1.419613333E+9	1.515529000E-5
1.419616667E+9	1.507661000E-5
1.419620000E+9	1.496775000E-5
1.419623333E+9	1.508499000E-5
1.419626667E+9	1.517679000E-5
1.419630000E+9	1.524980000E-5
1.419633333E+9	1.497462000E-5
1.419636667E+9	1.523969000E-5
1.419640000E+9	1.530247000E-5
1.419643333E+9	1.494125000E-5
1.419646667E+9	1.523521000E-5
1.419650000E+9	1.535361000E-5
1.419653333E+9	1.534701000E-5
1.419656667E+9	1.538490000E-5
1.419660000E+9	1.496639000E-5
1.419663333E+9	1.511365000E-5
1.419666667E+9	1.507754000E-5
1.419670000E+9	1.493636000E-5
1.419673333E+9	1.508663000E-5
1.419676667E+9	1.515734000E-5
1.419680000E+9	1.515347000E-5
1.419683333E+9	1.504536000E-5
1.419686667E+9	1.536911000E-5
1.419690000E+9	1.495957000E-5
1.419693333E+9	1.471040000E-5
1.419696667E+9	1.544419000E-5
1.419700000E+9	1.530553000E-5
1.419703333E+9	1.517386000E-5
1.419706667E+9	1.501789000E-5
1.419710000E+9	1.532912000E-5
1.419713333E+9	1.527564000E-5
1.419716667E+9	1.519533000E-5
1.419720000E+9	1.519518000E-5
1.419723333E+9	1.520979000E-5
1.419726667E+9	1.540405000E-5
1.419730000E+9	1.508448000E-5
1.419733333E+9	1.577566000E-5
1.419736667E+9	1.534588000E-5
1.419740000E+9	1.666003000E-5
1.419743333E+9	2.000187000E-5
1.419746667E+9	1.578592000E-5
1.419750000E+9	1.572965000E-5
1.419753333E+9	1.521721000E-5
1.419756667E+9	1.525697000E-5
1.419760000E+9	1.545270000E-5
1.419763333E+9	1.484200000E-5
1.419766667E+9	1.534384000E-5
1.419770000E+9	1.512662000E-5
1.419773333E+9	1.515114000E-5
1.419776667E+9	1.493730000E-5
1.419780000E+9	1.550270000E-5
1.419783333E+9	1.522232000E-5
1.419786667E+9	1.509423000E-5
1.419790000E+9	1.511248000E-5
1.419793333E+9	1.525357000E-5
1.419796667E+9	1.506898000E-5
1.419800000E+9	1.516014000E-5
1.419803333E+9	1.517426000E-5
1.419806667E+9	1.525401000E-5
1.419810000E+9	1.489387000E-5
1.419813333E+9	1.535230000E-5
1.419816667E+9	1.526133000E-5
1.419820000E+9	1.497339000E-5
1.419823333E+9	1.528465000E-5
1.419826667E+9	1.541926000E-5
1.419830000E+9	1.517856000E-5
1.419833333E+9	1.520348000E-5
1.419836667E+9	1.497053000E-5
1.419840000E+9	1.514285000E-5
1.419843333E+9	1.520784000E-5
1.419846667E+9	1.509815000E-5
1.419850000E+9	1.476136000E-5
1.419853333E+9	1.513860000E-5
1.419856667E+9	1.498058000E-5
1.419860000E+9	1.549308000E-5
1.419863333E+9	1.554045000E-5
1.419866667E+9	1.534384000E-5
1.419870000E+9	1.550945000E-5
1.419873333E+9	1.538591000E-5
1.419876667E+9	1.512595000E-5
1.419880000E+9	1.537541000E-5
1.419883333E+9	1.532365000E-5
1.419886667E+9	1.498681000E-5
1.419890000E+9	1.501801000E-5
1.419893333E+9	1.505511000E-5
1.419896667E+9	1.526295000E-5
1.419900000E+9	1.563626000E-5
1.419903333E+9	1.478122000E-5
1.419906667E+9	1.472496000E-5
1.419910000E+9	1.496765000E-5
1.419913333E+9	1.531486000E-5
1.419916667E+9	1.501898000E-5
1.419920000E+9	1.500108000E-5
1.419923333E+9	1.501181000E-5
1.419926667E+9	1.494804000E-5
1.419930000E+9	1.485645000E-5
1.419933333E+9	1.515262000E-5
1.419936667E+9	1.491185000E-5
1.419940000E+9	1.488519000E-5
1.419943333E+9	1.520775000E-5
1.419946667E+9	1.506771000E-5
1.419950000E+9	1.527786000E-5
1.419953333E+9	1.496425000E-5
1.419956667E+9	1.503543000E-5
1.419960000E+9	1.536832000E-5
1.419963333E+9	1.530154000E-5
1.419966667E+9	1.502716000E-5
1.419970000E+9	1.493085000E-5
1.419973333E+9	1.536608000E-5
1.419976667E+9	1.544007000E-5
1.419980000E+9	1.646985000E-5
1.419983333E+9	1.551438000E-5
1.419986667E+9	1.527665000E-5
1.419990000E+9	1.554224000E-5
1.419993333E+9	1.542609000E-5
1.419996667E+9	1.497283000E-5
1.420000000E+9	1.523202000E-5
1.420003333E+9	1.523912000E-5
1.420006667E+9	1.511656000E-5
1.420010000E+9	1.497260000E-5
1.420013333E+9	1.487707000E-5
1.420016667E+9	1.531832000E-5
1.420020000E+9	1.534873000E-5
1.420023333E+9	1.519799000E-5
1.420026667E+9	1.568309000E-5
1.420030000E+9	1.543869000E-5
1.420033333E+9	1.661765000E-5
1.420036667E+9	1.815477000E-5
1.420040000E+9	1.574673000E-5
1.420043333E+9	1.530302000E-5
1.420046667E+9	1.520149000E-5
1.420050000E+9	1.524811000E-5
1.420053333E+9	1.534448000E-5
1.420056667E+9	1.526526000E-5
1.420060000E+9	1.520381000E-5
1.420063333E+9	1.533922000E-5
1.420066667E+9	1.493481000E-5
1.420070000E+9	1.493451000E-5
1.420073333E+9	1.552351000E-5
1.420076667E+9	1.522118000E-5
1.420080000E+9	1.505732000E-5
1.420083333E+9	1.491120000E-5
1.420086667E+9	1.521022000E-5
1.420090000E+9	1.509815000E-5
1.420093333E+9	1.511208000E-5
1.420096667E+9	1.518093000E-5
1.420100000E+9	1.490376000E-5
1.420103333E+9	1.510922000E-5
1.420106667E+9	1.544027000E-5
1.420110000E+9	1.545275000E-5
1.420113333E+9	1.524513000E-5
1.420116667E+9	1.502654000E-5
1.420120000E+9	1.526815000E-5
1.420123333E+9	1.547012000E-5
1.420126667E+9	1.541720000E-5
1.420130000E+9	1.528850000E-5
1.420133333E+9	1.506443000E-5
1.420136667E+9	1.525116000E-5
1.420140000E+9	1.494438000E-5
1.420143333E+9	1.495505000E-5
1.420146667E+9	1.519782000E-5
1.420150000E+9	1.521543000E-5
1.420153333E+9	1.504760000E-5
1.420156667E+9	1.502578000E-5
1.420160000E+9	1.537382000E-5
1.420163333E+9	1.517184000E-5
1.420166667E+9	1.519991000E-5
1.420170000E+9	1.476117000E-5
1.420173333E+9	1.535621000E-5
1.420176667E+9	1.508148000E-5
1.420180000E+9	1.527239000E-5
1.420183333E+9	1.525605000E-5
1.420186667E+9	1.540667000E-5
1.420190000E+9	1.534776000E-5
1.420193333E+9	1.518746000E-5
1.420196667E+9	1.514314000E-5
1.420200000E+9	1.537072000E-5
1.420203333E+9	1.524823000E-5
1.420206667E+9	1.483332000E-5
1.420210000E+9	1.528751000E-5
1.420213333E+9	1.496315000E-5
1.420216667E+9	1.549720000E-5
1.420220000E+9	1.536361000E-5
1.420223333E+9	1.526585000E-5
1.420226667E+9	1.535483000E-5
1.420230000E+9	1.511835000E-5
1.420233333E+9	1.527865000E-5
1.420236667E+9	1.554328000E-5
1.420240000E+9	1.503079000E-5
1.420243333E+9	1.483368000E-5
1.420246667E+9	1.517514000E-5
1.420250000E+9	1.525910000E-5
1.420253333E+9	1.499129000E-5
1.420256667E+9	1.546895000E-5
1.420260000E+9	1.517739000E-5
1.420263333E+9	1.508383000E-5
1.420266667E+9	1.522309000E-5
1.420270000E+9	1.508116000E-5
1.420273333E+9	1.543479000E-5
1.420276667E+9	1.527320000E-5
1.420280000E+9	1.531158000E-5
1.420283333E+9	1.496775000E-5
1.420286667E+9	1.510113000E-5
1.420290000E+9	1.501582000E-5
1.420293333E+9	1.530368000E-5
1.420296667E+9	1.650526000E-5
1.420300000E+9	1.559148000E-5
1.420303333E+9	1.554872000E-5
1.420306667E+9	1.551685000E-5
1.420310000E+9	1.611218000E-5
1.420313333E+9	1.548825000E-5
1.420316667E+9	1.565728000E-5
1.420320000E+9	1.557924000E-5
1.420323333E+9	1.567645000E-5
1.420326667E+9	1.723176000E-5
1.420330000E+9	1.800579000E-5
1.420333333E+9	1.567868000E-5
1.420336667E+9	1.576577000E-5
1.420340000E+9	1.601211000E-5
1.420343333E+9	1.643477000E-5
1.420346667E+9	1.640154000E-5
1.420350000E+9	1.613760000E-5
1.420353333E+9	1.609771000E-5
1.420356667E+9	1.643349000E-5
1.420360000E+9	1.658393000E-5
1.420363333E+9	1.663959000E-5
1.420366667E+9	1.734753000E-5
1.420370000E+9	1.678035000E-5
1.420373333E+9	1.729520000E-5
1.420376667E+9	1.731920000E-5
1.420380000E+9	1.764699000E-5
1.420383333E+9	1.760142000E-5
1.420386667E+9	1.770790000E-5
1.420390000E+9	1.744152000E-5
1.420393333E+9	1.752660000E-5
1.420396667E+9	1.761455000E-5
1.420400000E+9	1.764312000E-5
1.420403333E+9	1.785479000E-5
1.420406667E+9	1.758780000E-5
1.420410000E+9	1.739117000E-5
1.420413333E+9	1.763640000E-5
1.420416667E+9	1.790689000E-5
1.420420000E+9	1.763702000E-5
1.420423333E+9	1.782760000E-5
1.420426667E+9	1.782445000E-5
1.420430000E+9	1.786446000E-5
1.420433333E+9	1.788210000E-5
1.420436667E+9	1.768870000E-5
1.420440000E+9	1.728244000E-5
1.420443333E+9	1.782007000E-5
1.420446667E+9	1.764982000E-5
1.420450000E+9	1.795606000E-5
1.420453333E+9	1.757865000E-5
1.420456667E+9	1.772681000E-5
1.420460000E+9	1.785985000E-5
1.420463333E+9	1.723117000E-5
1.420466667E+9	1.760310000E-5
1.420470000E+9	1.750833000E-5
1.420473333E+9	1.762056000E-5
1.420476667E+9	1.735912000E-5
1.420480000E+9	1.716459000E-5
1.420483333E+9	1.695144000E-5
1.420486667E+9	1.751188000E-5
1.420490000E+9	1.707170000E-5
1.420493333E+9	1.679724000E-5
1.420496667E+9	1.737796000E-5
1.420500000E+9	1.689824000E-5
1.420503333E+9	1.656022000E-5
1.420506667E+9	1.627463000E-5
1.420510000E+9	1.645038000E-5
1.420513333E+9	1.648939000E-5
1.420516667E+9	1.642952000E-5
1.420520000E+9	1.649777000E-5
1.420523333E+9	1.595424000E-5
1.420526667E+9	1.598596000E-5
1.420530000E+9	1.630217000E-5
1.420533333E+9	1.625432000E-5
1.420536667E+9	1.634574000E-5
1.420540000E+9	1.588371000E-5
1.420543333E+9	1.640358000E-5
1.420546667E+9	1.603888000E-5
1.420550000E+9	1.603956000E-5
1.420553333E+9	1.633546000E-5
1.420556667E+9	1.590106000E-5
1.420560000E+9	1.594601000E-5
1.420563333E+9	1.579056000E-5
1.420566667E+9	1.607413000E-5
1.420570000E+9	1.619593000E-5
1.420573333E+9	1.591211000E-5
1.420576667E+9	1.586663000E-5
1.420580000E+9	1.601785000E-5
1.420583333E+9	1.586000000E-5
1.420586667E+9	1.566473000E-5
1.420590000E+9	1.655966000E-5
1.420593333E+9	1.635673000E-5
1.420596667E+9	1.607500000E-5
1.420600000E+9	1.580406000E-5
1.420603333E+9	1.621231000E-5
1.420606667E+9	1.628977000E-5
1.420610000E+9	1.655949000E-5
1.420613333E+9	1.655544000E-5
1.420616667E+9	1.605669000E-5
1.420620000E+9	1.924350000E-5
1.420623333E+9	1.918955000E-5
1.420626667E+9	1.668277000E-5
1.420630000E+9	1.600800000E-5
1.420633333E+9	1.627922000E-5
1.420636667E+9	1.628403000E-5
1.420640000E+9	1.620525000E-5
1.420643333E+9	1.638286000E-5
1.420646667E+9	1.649000000E-5
1.420650000E+9	1.616303000E-5
1.420653333E+9	1.596284000E-5
1.420656667E+9	1.606761000E-5
1.420660000E+9	1.602198000E-5
1.420663333E+9	1.628419000E-5
1.420666667E+9	1.562186000E-5
1.420670000E+9	1.577486000E-5
1.420673333E+9	1.574994000E-5
1.420676667E+9	1.599855000E-5
1.420680000E+9	1.578893000E-5
1.420683333E+9	1.574465000E-5
1.420686667E+9	1.568659000E-5
1.420690000E+9	1.558270000E-5
1.420693333E+9	1.564264000E-5
1.420696667E+9	1.588064000E-5
1.420700000E+9	1.569599000E-5
1.420703333E+9	1.552610000E-5
1.420706667E+9	1.566793000E-5
1.420710000E+9	1.567779000E-5
1.420713333E+9	1.595101000E-5
1.420716667E+9	1.606794000E-5
1.420720000E+9	1.611897000E-5
1.420723333E+9	1.564058000E-5
1.420726667E+9	1.591905000E-5
1.420730000E+9	1.574679000E-5
1.420733333E+9	1.549529000E-5
1.420736667E+9	1.610270000E-5
1.420740000E+9	1.632207000E-5
1.420743333E+9	1.636355000E-5
1.420746667E+9	1.634118000E-5
1.420750000E+9	1.594737000E-5
1.420753333E+9	1.618464000E-5
1.420756667E+9	1.653164000E-5
1.420760000E+9	1.617631000E-5
1.420763333E+9	1.641212000E-5
1.420766667E+9	1.582931000E-5
1.420770000E+9	1.588418000E-5
1.420773333E+9	1.640673000E-5
1.420776667E+9	1.606113000E-5
1.420780000E+9	1.607443000E-5
1.420783333E+9	1.593477000E-5
1.420786667E+9	1.619383000E-5
1.420790000E+9	1.652698000E-5
1.420793333E+9	1.692170000E-5
1.420796667E+9	1.627311000E-5
1.420800000E+9	1.637047000E-5
1.420803333E+9	1.657541000E-5
1.420806667E+9	1.575193000E-5
1.420810000E+9	1.634667000E-5
1.420813333E+9	1.631393000E-5
1.420816667E+9	1.587048000E-5
1.420820000E+9	1.612627000E-5
1.420823333E+9	1.598849000E-5
1.420826667E+9	1.569432000E-5
1.420830000E+9	1.611285000E-5
1.420833333E+9	1.582761000E-5
1.420836667E+9	1.520688000E-5
1.420840000E+9	1.564965000E-5
1.420843333E+9	1.551073000E-5
1.420846667E+9	1.578330000E-5
1.420850000E+9	1.573530000E-5
1.420853333E+9	1.571515000E-5
1.420856667E+9	1.582574000E-5
1.420860000E+9	1.594469000E-5
1.420863333E+9	1.512660000E-5
1.420866667E+9	1.581710000E-5
1.420870000E+9	1.578484000E-5
1.420873333E+9	1.571357000E-5
1.420876667E+9	1.546613000E-5
1.420880000E+9	1.541486000E-5
1.420883333E+9	1.740133000E-5
1.420886667E+9	1.668658000E-5
1.420890000E+9	1.582946000E-5
1.420893333E+9	1.537877000E-5
1.420896667E+9	1.600728000E-5
1.420900000E+9	1.573843000E-5
1.420903333E+9	1.628424000E-5
1.420906667E+9	1.701265000E-5
1.420910000E+9	1.559310000E-5
1.420913333E+9	2.452577000E-5
1.420916667E+9	2.150604000E-5
1.420920000E+9	1.627938000E-5
1.420923333E+9	1.513291000E-5
1.420926667E+9	1.513813000E-5
1.420930000E+9	1.541034000E-5
1.420933333E+9	1.521376000E-5
1.420936667E+9	1.568323000E-5
1.420940000E+9	1.566208000E-5
1.420943333E+9	1.612189000E-5
1.420946667E+9	1.575577000E-5
1.420950000E+9	1.530575000E-5
1.420953333E+9	1.522399000E-5
1.420956667E+9	1.557799000E-5
1.420960000E+9	1.546691000E-5
1.420963333E+9	1.550945000E-5
1.420966667E+9	1.557748000E-5
1.420970000E+9	1.541014000E-5
1.420973333E+9	1.567104000E-5
1.420976667E+9	1.516535000E-5
1.420980000E+9	1.562069000E-5
1.420983333E+9	1.537308000E-5
1.420986667E+9	1.564065000E-5
1.420990000E+9	1.554766000E-5
1.420993333E+9	1.493112000E-5
1.420996667E+9	1.512994000E-5
1.421000000E+9	1.530282000E-5
1.421003333E+9	1.530074000E-5
1.421006667E+9	1.491865000E-5
1.421010000E+9	1.552331000E-5
1.421013333E+9	1.532105000E-5
1.421016667E+9	1.525088000E-5
1.421020000E+9	1.543173000E-5
1.421023333E+9	1.511920000E-5
1.421026667E+9	1.533279000E-5
1.421030000E+9	1.514382000E-5
1.421033333E+9	1.524373000E-5
1.421036667E+9	1.533301000E-5
1.421040000E+9	1.533245000E-5
1.421043333E+9	1.512517000E-5
1.421046667E+9	1.497712000E-5
1.421050000E+9	1.490792000E-5
1.421053333E+9	1.548597000E-5
1.421056667E+9	1.550205000E-5
1.421060000E+9	1.523931000E-5
1.421063333E+9	1.533375000E-5
1.421066667E+9	1.501595000E-5
1.421070000E+9	1.499797000E-5
1.421073333E+9	1.529558000E-5
1.421076667E+9	1.535984000E-5
1.421080000E+9	1.533956000E-5
1.421083333E+9	1.522319000E-5
1.421086667E+9	1.542136000E-5
1.421090000E+9	1.539168000E-5
1.421093333E+9	1.607816000E-5
1.421096667E+9	1.517856000E-5
1.421100000E+9	1.544193000E-5
1.421103333E+9	1.496409000E-5
1.421106667E+9	1.531136000E-5
1.421110000E+9	1.521234000E-5
1.421113333E+9	1.516593000E-5
1.421116667E+9	1.536105000E-5
1.421120000E+9	1.507643000E-5
1.421123333E+9	1.508913000E-5
1.421126667E+9	1.548728000E-5
1.421130000E+9	1.545633000E-5
1.421133333E+9	1.543752000E-5
1.421136667E+9	1.534534000E-5
1.421140000E+9	1.534578000E-5
1.421143333E+9	1.514603000E-5
1.421146667E+9	1.530601000E-5
1.421150000E+9	1.520314000E-5
1.421153333E+9	1.531851000E-5
1.421156667E+9	1.532660000E-5
1.421160000E+9	1.517721000E-5
1.421163333E+9	1.532061000E-5
1.421166667E+9	1.535419000E-5
1.421170000E+9	1.486400000E-5
1.421173333E+9	1.512479000E-5
1.421176667E+9	1.634030000E-5
1.421180000E+9	1.805914000E-5
1.421183333E+9	1.522239000E-5
1.421186667E+9	1.510305000E-5
1.421190000E+9	1.509582000E-5
1.421193333E+9	1.527266000E-5
1.421196667E+9	1.550062000E-5
1.421200000E+9	1.581435000E-5
1.421203333E+9	1.577672000E-5
1.421206667E+9	1.968025000E-5
1.421210000E+9	1.738367000E-5
1.421213333E+9	1.564891000E-5
1.421216667E+9	1.540045000E-5
1.421220000E+9	1.518189000E-5
1.421223333E+9	1.549169000E-5
1.421226667E+9	1.504741000E-5
1.421230000E+9	1.521293000E-5
1.421233333E+9	1.492962000E-5
1.421236667E+9	1.508355000E-5
1.421240000E+9	1.541732000E-5
1.421243333E+9	1.571774000E-5
1.421246667E+9	1.499835000E-5
1.421250000E+9	1.530623000E-5
1.421253333E+9	1.496851000E-5
1.421256667E+9	1.506322000E-5
1.421260000E+9	1.517226000E-5
1.421263333E+9	1.519839000E-5
1.421266667E+9	1.526374000E-5
1.421270000E+9	1.525144000E-5
1.421273333E+9	1.497954000E-5
1.421276667E+9	1.535761000E-5
1.421280000E+9	1.533870000E-5
1.421283333E+9	1.532138000E-5
1.421286667E+9	1.607699000E-5
1.421290000E+9	1.614650000E-5
1.421293333E+9	1.522382000E-5
1.421296667E+9	1.543837000E-5
1.421300000E+9	1.540579000E-5
1.421303333E+9	1.542253000E-5
1.421306667E+9	1.536517000E-5
1.421310000E+9	1.502043000E-5
1.421313333E+9	1.525170000E-5
1.421316667E+9	1.550717000E-5
1.421320000E+9	1.535245000E-5
1.421323333E+9	1.522091000E-5
1.421326667E+9	1.517566000E-5
1.421330000E+9	1.550780000E-5
1.421333333E+9	1.523449000E-5
1.421336667E+9	1.537406000E-5
1.421340000E+9	1.488932000E-5
1.421343333E+9	1.539463000E-5
1.421346667E+9	1.522885000E-5
1.421350000E+9	1.549320000E-5
1.421353333E+9	1.830501000E-5
1.421356667E+9	2.120522000E-5
1.421360000E+9	1.680201000E-5
1.421363333E+9	1.607860000E-5
1.421366667E+9	1.602367000E-5
1.421370000E+9	1.521594000E-5
1.421373333E+9	1.531233000E-5
1.421376667E+9	1.554200000E-5
1.421380000E+9	1.544731000E-5
1.421383333E+9	1.511095000E-5
1.421386667E+9	1.553925000E-5
1.421390000E+9	1.574887000E-5
1.421393333E+9	1.555796000E-5
1.421396667E+9	1.557842000E-5
1.421400000E+9	1.571957000E-5
