Frequency, Hz	Amplitude, Volts
1.419400000E+9	2.228807000E-5
1.419403333E+9	2.224790000E-5
1.419406667E+9	2.183318000E-5
1.419410000E+9	2.248071000E-5
1.419413333E+9	2.267033000E-5
1.419416667E+9	2.266179000E-5
1.419420000E+9	2.215374000E-5
1.419423333E+9	2.243410000E-5
1.419426667E+9	2.200922000E-5
1.419430000E+9	2.244477000E-5
1.419433333E+9	2.232238000E-5
1.419436667E+9	2.221497000E-5
1.419440000E+9	2.440950000E-5
1.419443333E+9	2.275489000E-5
1.419446667E+9	2.343188000E-5
1.419450000E+9	2.842413000E-5
1.419453333E+9	2.758184000E-5
1.419456667E+9	2.568448000E-5
1.419460000E+9	2.246464000E-5
1.419463333E+9	2.243226000E-5
1.419466667E+9	2.216471000E-5
1.419470000E+9	2.180566000E-5
1.419473333E+9	2.222305000E-5
1.419476667E+9	2.250535000E-5
1.419480000E+9	2.166029000E-5
1.419483333E+9	2.230141000E-5
1.419486667E+9	2.214550000E-5
1.419490000E+9	2.250370000E-5
1.419493333E+9	2.245463000E-5
1.419496667E+9	2.225521000E-5
1.419500000E+9	2.215488000E-5
1.419503333E+9	2.238974000E-5
1.419506667E+9	2.231709000E-5
1.419510000E+9	2.236613000E-5
1.419513333E+9	2.208402000E-5
1.419516667E+9	2.248661000E-5
1.419520000E+9	2.228046000E-5
1.419523333E+9	2.218139000E-5
1.419526667E+9	2.211182000E-5
1.419530000E+9	2.235071000E-5
1.419533333E+9	2.227068000E-5
1.419536667E+9	2.221305000E-5
1.419540000E+9	2.244120000E-5
1.419543333E+9	2.230896000E-5
1.419546667E+9	2.244179000E-5
1.419550000E+9	2.239451000E-5
1.419553333E+9	2.279750000E-5
1.419556667E+9	2.207737000E-5
1.419560000E+9	2.199328000E-5
1.419563333E+9	2.188017000E-5
1.419566667E+9	2.196552000E-5
1.419570000E+9	2.199854000E-5
1.419573333E+9	2.202749000E-5
1.419576667E+9	2.228868000E-5
1.419580000E+9	2.280947000E-5
1.419583333E+9	2.295501000E-5
1.419586667E+9	2.271897000E-5
1.419590000E+9	2.212226000E-5
1.419593333E+9	2.249439000E-5
1.419596667E+9	2.192557000E-5
1.419600000E+9	2.198323000E-5
1.419603333E+9	2.247032000E-5
1.419606667E+9	2.223616000E-5
1.419610000E+9	2.237873000E-5
1.419613333E+9	2.210430000E-5
1.419616667E+9	2.230308000E-5
1.419620000E+9	2.238612000E-5
1.419623333E+9	2.229603000E-5
1.419626667E+9	2.213684000E-5
1.419630000E+9	2.265691000E-5
1.419633333E+9	2.263593000E-5
1.419636667E+9	2.232905000E-5
1.419640000E+9	2.250824000E-5
1.419643333E+9	2.225413000E-5
1.419646667E+9	2.184459000E-5
1.419650000E+9	2.256347000E-5
1.419653333E+9	2.201052000E-5
1.419656667E+9	2.263344000E-5
1.419660000E+9	2.252684000E-5
1.419663333E+9	2.265433000E-5
1.419666667E+9	2.172989000E-5
1.419670000E+9	2.240607000E-5
1.419673333E+9	2.248088000E-5
1.419676667E+9	2.276781000E-5
1.419680000E+9	2.265791000E-5
1.419683333E+9	2.187073000E-5
1.419686667E+9	2.203158000E-5
1.419690000E+9	2.189639000E-5
1.419693333E+9	2.189305000E-5
1.419696667E+9	2.238116000E-5
1.419700000E+9	2.230800000E-5
1.419703333E+9	2.200173000E-5
1.419706667E+9	2.190683000E-5
1.419710000E+9	2.174932000E-5
1.419713333E+9	2.231417000E-5
1.419716667E+9	2.187736000E-5
1.419720000E+9	2.227195000E-5
1.419723333E+9	2.358710000E-5
1.419726667E+9	2.276424000E-5
1.419730000E+9	2.271919000E-5
1.419733333E+9	2.857947000E-5
1.419736667E+9	2.329705000E-5
1.419740000E+9	2.331172000E-5
1.419743333E+9	2.849610000E-5
1.419746667E+9	2.784529000E-5
1.419750000E+9	2.413371000E-5
1.419753333E+9	2.367669000E-5
1.419756667E+9	2.287606000E-5
1.419760000E+9	2.254960000E-5
1.419763333E+9	2.284162000E-5
1.419766667E+9	2.344666000E-5
1.419770000E+9	2.309159000E-5
1.419773333E+9	2.308698000E-5
1.419776667E+9	2.211743000E-5
1.419780000E+9	2.217523000E-5
1.419783333E+9	2.173137000E-5
1.419786667E+9	2.200231000E-5
1.419790000E+9	2.200825000E-5
1.419793333E+9	2.248140000E-5
1.419796667E+9	2.214180000E-5
1.419800000E+9	2.180132000E-5
1.419803333E+9	2.173030000E-5
1.419806667E+9	2.181753000E-5
1.419810000E+9	2.207233000E-5
1.419813333E+9	2.237617000E-5
1.419816667E+9	2.235702000E-5
1.419820000E+9	2.210459000E-5
1.419823333E+9	2.235385000E-5
1.419826667E+9	2.204339000E-5
1.419830000E+9	2.208600000E-5
1.419833333E+9	2.215809000E-5
1.419836667E+9	2.213648000E-5
1.419840000E+9	2.240582000E-5
1.419843333E+9	2.240088000E-5
1.419846667E+9	2.229571000E-5
1.419850000E+9	2.223030000E-5
1.419853333E+9	2.199062000E-5
1.419856667E+9	2.208872000E-5
1.419860000E+9	2.273716000E-5
1.419863333E+9	2.224695000E-5
1.419866667E+9	2.242386000E-5
1.419870000E+9	2.400570000E-5
1.419873333E+9	2.229830000E-5
1.419876667E+9	2.180094000E-5
1.419880000E+9	2.223882000E-5
1.419883333E+9	2.244595000E-5
1.419886667E+9	2.209573000E-5
1.419890000E+9	2.178398000E-5
1.419893333E+9	2.191599000E-5
1.419896667E+9	2.232454000E-5
1.419900000E+9	2.204228000E-5
1.419903333E+9	2.185546000E-5
1.419906667E+9	2.180472000E-5
1.419910000E+9	2.198567000E-5
1.419913333E+9	2.223982000E-5
1.419916667E+9	2.244805000E-5
1.419920000E+9	2.190267000E-5
1.419923333E+9	2.214892000E-5
1.419926667E+9	2.164061000E-5
1.419930000E+9	2.223718000E-5
1.419933333E+9	2.184894000E-5
1.419936667E+9	2.220468000E-5
1.419940000E+9	2.193959000E-5
1.419943333E+9	2.168337000E-5
1.419946667E+9	2.218317000E-5
1.419950000E+9	2.194458000E-5
1.419953333E+9	2.168949000E-5
1.419956667E+9	2.239552000E-5
1.419960000E+9	2.217479000E-5
1.419963333E+9	2.190055000E-5
1.419966667E+9	2.172619000E-5
1.419970000E+9	2.225728000E-5
1.419973333E+9	2.186221000E-5
1.419976667E+9	2.180051000E-5
1.419980000E+9	2.384360000E-5
1.419983333E+9	2.242115000E-5
1.419986667E+9	2.232454000E-5
1.419990000E+9	2.184620000E-5
1.419993333E+9	2.141770000E-5
1.419996667E+9	2.211044000E-5
1.420000000E+9	2.251880000E-5
1.420003333E+9	2.303348000E-5
1.420006667E+9	2.212911000E-5
1.420010000E+9	2.197372000E-5
1.420013333E+9	2.171360000E-5
1.420016667E+9	2.232697000E-5
1.420020000E+9	2.192136000E-5
1.420023333E+9	2.212838000E-5
1.420026667E+9	2.363892000E-5
1.420030000E+9	2.219842000E-5
1.420033333E+9	2.359932000E-5
1.420036667E+9	2.614220000E-5
1.420040000E+9	2.742951000E-5
1.420043333E+9	2.262291000E-5
1.420046667E+9	2.251104000E-5
1.420050000E+9	2.266819000E-5
1.420053333E+9	2.278882000E-5
1.420056667E+9	2.164667000E-5
1.420060000E+9	2.208901000E-5
1.420063333E+9	2.183663000E-5
1.420066667E+9	2.176122000E-5
1.420070000E+9	2.175682000E-5
1.420073333E+9	2.190329000E-5
1.420076667E+9	2.215761000E-5
1.420080000E+9	2.198005000E-5
1.420083333E+9	2.196219000E-5
1.420086667E+9	2.209098000E-5
1.420090000E+9	2.182920000E-5
1.420093333E+9	2.208329000E-5
1.420096667E+9	2.221695000E-5
1.420100000E+9	2.177333000E-5
1.420103333E+9	2.207960000E-5
1.420106667E+9	2.172810000E-5
1.420110000E+9	2.193349000E-5
1.420113333E+9	2.199521000E-5
1.420116667E+9	2.195332000E-5
1.420120000E+9	2.181109000E-5
1.420123333E+9	2.187794000E-5
1.420126667E+9	2.182731000E-5
1.420130000E+9	2.172216000E-5
1.420133333E+9	2.178512000E-5
1.420136667E+9	2.211437000E-5
1.420140000E+9	2.220771000E-5
1.420143333E+9	2.221966000E-5
1.420146667E+9	2.210556000E-5
1.420150000E+9	2.186276000E-5
1.420153333E+9	2.181150000E-5
1.420156667E+9	2.143132000E-5
1.420160000E+9	2.204830000E-5
1.420163333E+9	2.263185000E-5
1.420166667E+9	2.209119000E-5
1.420170000E+9	2.185167000E-5
1.420173333E+9	2.183114000E-5
1.420176667E+9	2.200854000E-5
1.420180000E+9	2.206884000E-5
1.420183333E+9	2.182453000E-5
1.420186667E+9	2.243923000E-5
1.420190000E+9	2.220583000E-5
1.420193333E+9	2.263533000E-5
1.420196667E+9	2.242994000E-5
1.420200000E+9	2.204961000E-5
1.420203333E+9	2.206875000E-5
1.420206667E+9	2.219708000E-5
1.420210000E+9	2.190695000E-5
1.420213333E+9	2.185443000E-5
1.420216667E+9	2.202749000E-5
1.420220000E+9	2.201734000E-5
1.420223333E+9	2.203003000E-5
1.420226667E+9	2.179718000E-5
1.420230000E+9	2.201715000E-5
1.420233333E+9	2.210260000E-5
1.420236667E+9	2.237617000E-5
1.420240000E+9	2.202005000E-5
1.420243333E+9	2.227860000E-5
1.420246667E+9	2.206487000E-5
1.420250000E+9	2.261313000E-5
1.420253333E+9	2.187500000E-5
1.420256667E+9	2.219501000E-5
1.420260000E+9	2.216547000E-5
1.420263333E+9	2.227626000E-5
1.420266667E+9	2.172460000E-5
1.420270000E+9	2.126598000E-5
1.420273333E+9	2.229015000E-5
1.420276667E+9	2.186855000E-5
1.420280000E+9	2.229478000E-5
1.420283333E+9	2.223608000E-5
1.420286667E+9	2.239593000E-5
1.420290000E+9	2.196796000E-5
1.420293333E+9	2.194029000E-5
1.420296667E+9	2.321651000E-5
1.420300000E+9	2.167416000E-5
1.420303333E+9	2.180214000E-5
1.420306667E+9	2.235451000E-5
1.420310000E+9	2.339790000E-5
1.420313333E+9	2.224504000E-5
1.420316667E+9	2.256853000E-5
1.420320000E+9	2.311148000E-5
1.420323333E+9	2.247101000E-5
1.420326667E+9	2.409569000E-5
1.420330000E+9	2.672901000E-5
1.420333333E+9	2.694946000E-5
1.420336667E+9	2.289498000E-5
1.420340000E+9	2.229103000E-5
1.420343333E+9	2.252520000E-5
1.420346667E+9	2.196557000E-5
1.420350000E+9	2.217610000E-5
1.420353333E+9	2.171603000E-5
1.420356667E+9	2.203712000E-5
1.420360000E+9	2.215929000E-5
1.420363333E+9	2.203896000E-5
1.420366667E+9	2.205872000E-5
1.420370000E+9	2.209551000E-5
1.420373333E+9	2.183563000E-5
1.420376667E+9	2.207761000E-5
1.420380000E+9	2.219657000E-5
1.420383333E+9	2.229945000E-5
1.420386667E+9	2.180774000E-5
1.420390000E+9	2.182741000E-5
1.420393333E+9	2.216391000E-5
1.420396667E+9	2.145911000E-5
1.420400000E+9	2.153565000E-5
1.420403333E+9	2.166074000E-5
1.420406667E+9	2.235034000E-5
1.420410000E+9	2.179543000E-5
1.420413333E+9	2.204910000E-5
1.420416667E+9	2.192875000E-5
1.420420000E+9	2.228396000E-5
1.420423333E+9	2.246233000E-5
1.420426667E+9	2.207408000E-5
1.420430000E+9	2.213499000E-5
1.420433333E+9	2.226647000E-5
1.420436667E+9	2.213526000E-5
1.420440000E+9	2.181334000E-5
1.420443333E+9	2.195954000E-5
1.420446667E+9	2.201538000E-5
1.420450000E+9	2.219930000E-5
1.420453333E+9	2.213283000E-5
1.420456667E+9	2.190548000E-5
1.420460000E+9	2.222044000E-5
1.420463333E+9	2.210471000E-5
1.420466667E+9	2.217990000E-5
1.420470000E+9	2.289543000E-5
1.420473333E+9	2.199035000E-5
1.420476667E+9	2.212071000E-5
1.420480000E+9	2.232709000E-5
1.420483333E+9	2.201301000E-5
1.420486667E+9	2.220963000E-5
1.420490000E+9	2.195949000E-5
1.420493333E+9	2.189257000E-5
1.420496667E+9	2.197319000E-5
1.420500000E+9	2.186979000E-5
1.420503333E+9	2.168835000E-5
1.420506667E+9	2.211959000E-5
1.420510000E+9	2.172276000E-5
1.420513333E+9	2.240929000E-5
1.420516667E+9	2.225878000E-5
1.420520000E+9	2.224260000E-5
1.420523333E+9	2.222808000E-5
1.420526667E+9	2.254347000E-5
1.420530000E+9	2.155985000E-5
1.420533333E+9	2.197365000E-5
1.420536667E+9	2.230367000E-5
1.420540000E+9	2.212695000E-5
1.420543333E+9	2.188276000E-5
1.420546667E+9	2.200554000E-5
1.420550000E+9	2.174328000E-5
1.420553333E+9	2.208101000E-5
1.420556667E+9	2.189180000E-5
1.420560000E+9	2.233577000E-5
1.420563333E+9	2.210238000E-5
1.420566667E+9	2.155962000E-5
1.420570000E+9	2.186509000E-5
1.420573333E+9	2.210519000E-5
1.420576667E+9	2.201623000E-5
1.420580000E+9	2.182537000E-5
1.420583333E+9	2.134694000E-5
1.420586667E+9	2.195031000E-5
1.420590000E+9	2.268332000E-5
1.420593333E+9	2.226645000E-5
1.420596667E+9	2.164096000E-5
1.420600000E+9	2.250770000E-5
1.420603333E+9	2.366671000E-5
1.420606667E+9	2.256845000E-5
1.420610000E+9	2.297718000E-5
1.420613333E+9	2.331166000E-5
1.420616667E+9	2.168523000E-5
1.420620000E+9	2.678691000E-5
1.420623333E+9	2.902976000E-5
1.420626667E+9	2.848862000E-5
1.420630000E+9	2.229057000E-5
1.420633333E+9	2.239318000E-5
1.420636667E+9	2.242251000E-5
1.420640000E+9	2.203753000E-5
1.420643333E+9	2.208014000E-5
1.420646667E+9	2.177723000E-5
1.420650000E+9	2.140456000E-5
1.420653333E+9	2.170138000E-5
1.420656667E+9	2.177864000E-5
1.420660000E+9	2.212455000E-5
1.420663333E+9	2.200960000E-5
1.420666667E+9	2.207204000E-5
1.420670000E+9	2.174397000E-5
1.420673333E+9	2.214841000E-5
1.420676667E+9	2.153972000E-5
1.420680000E+9	2.172777000E-5
1.420683333E+9	2.217796000E-5
1.420686667E+9	2.204286000E-5
1.420690000E+9	2.192798000E-5
1.420693333E+9	2.160269000E-5
1.420696667E+9	2.183683000E-5
1.420700000E+9	2.162816000E-5
1.420703333E+9	2.209233000E-5
1.420706667E+9	2.190327000E-5
1.420710000E+9	2.193051000E-5
1.420713333E+9	2.154100000E-5
1.420716667E+9	2.172123000E-5
1.420720000E+9	2.199951000E-5
1.420723333E+9	2.189420000E-5
1.420726667E+9	2.251042000E-5
1.420730000E+9	2.143833000E-5
1.420733333E+9	2.175986000E-5
1.420736667E+9	2.223901000E-5
1.420740000E+9	2.161000000E-5
1.420743333E+9	2.209495000E-5
1.420746667E+9	2.160073000E-5
1.420750000E+9	2.190974000E-5
1.420753333E+9	2.213086000E-5
1.420756667E+9	2.164248000E-5
1.420760000E+9	2.145030000E-5
1.420763333E+9	2.192846000E-5
1.420766667E+9	2.172438000E-5
1.420770000E+9	2.183278000E-5
1.420773333E+9	2.196345000E-5
1.420776667E+9	2.197059000E-5
1.420780000E+9	2.179115000E-5
1.420783333E+9	2.157378000E-5
1.420786667E+9	2.157953000E-5
1.420790000E+9	2.185289000E-5
1.420793333E+9	2.189632000E-5
1.420796667E+9	2.203959000E-5
1.420800000E+9	2.227640000E-5
1.420803333E+9	2.177921000E-5
1.420806667E+9	2.226449000E-5
1.420810000E+9	2.180027000E-5
1.420813333E+9	2.169730000E-5
1.420816667E+9	2.195737000E-5
1.420820000E+9	2.198106000E-5
1.420823333E+9	2.203664000E-5
1.420826667E+9	2.199960000E-5
1.420830000E+9	2.190760000E-5
1.420833333E+9	2.146783000E-5
1.420836667E+9	2.171360000E-5
1.420840000E+9	2.199052000E-5
1.420843333E+9	2.215435000E-5
1.420846667E+9	2.166288000E-5
1.420850000E+9	2.214849000E-5
1.420853333E+9	2.134575000E-5
1.420856667E+9	2.139016000E-5
1.420860000E+9	2.179972000E-5
1.420863333E+9	2.141201000E-5
1.420866667E+9	2.179012000E-5
1.420870000E+9	2.167625000E-5
1.420873333E+9	2.183946000E-5
1.420876667E+9	2.173130000E-5
1.420880000E+9	2.175099000E-5
1.420883333E+9	2.557611000E-5
1.420886667E+9	2.363934000E-5
1.420890000E+9	2.145953000E-5
1.420893333E+9	2.242504000E-5
1.420896667E+9	2.229228000E-5
1.420900000E+9	2.192658000E-5
1.420903333E+9	2.394818000E-5
1.420906667E+9	2.516165000E-5
1.420910000E+9	2.238487000E-5
1.420913333E+9	3.687094000E-5
1.420916667E+9	3.800140000E-5
1.420920000E+9	3.745676000E-5
1.420923333E+9	2.332152000E-5
1.420926667E+9	2.482969000E-5
1.420930000E+9	2.278384000E-5
1.420933333E+9	2.211469000E-5
1.420936667E+9	2.201185000E-5
1.420940000E+9	2.202873000E-5
1.420943333E+9	2.154793000E-5
1.420946667E+9	2.181013000E-5
1.420950000E+9	2.176318000E-5
1.420953333E+9	2.208533000E-5
1.420956667E+9	2.206470000E-5
1.420960000E+9	2.179792000E-5
1.420963333E+9	2.177754000E-5
1.420966667E+9	2.193104000E-5
1.420970000E+9	2.211459000E-5
1.420973333E+9	2.202309000E-5
1.420976667E+9	2.151164000E-5
1.420980000E+9	2.272188000E-5
1.420983333E+9	2.691217000E-5
1.420986667E+9	2.518985000E-5
1.420990000E+9	2.214088000E-5
1.420993333E+9	2.299277000E-5
1.420996667E+9	2.428072000E-5
1.421000000E+9	2.283949000E-5
1.421003333E+9	2.312943000E-5
1.421006667E+9	2.259039000E-5
1.421010000E+9	2.219291000E-5
1.421013333E+9	2.217854000E-5
1.421016667E+9	2.218867000E-5
1.421020000E+9	2.141062000E-5
1.421023333E+9	2.185534000E-5
1.421026667E+9	2.216225000E-5
1.421030000E+9	2.224233000E-5
1.421033333E+9	2.174466000E-5
1.421036667E+9	2.171637000E-5
1.421040000E+9	2.205792000E-5
1.421043333E+9	2.196557000E-5
1.421046667E+9	2.149566000E-5
1.421050000E+9	2.149868000E-5
1.421053333E+9	2.094166000E-5
1.421056667E+9	2.199443000E-5
1.421060000E+9	2.161788000E-5
1.421063333E+9	2.166238000E-5
1.421066667E+9	2.189103000E-5
1.421070000E+9	2.182134000E-5
1.421073333E+9	2.234924000E-5
1.421076667E+9	2.195400000E-5
1.421080000E+9	2.159039000E-5
1.421083333E+9	2.161487000E-5
1.421086667E+9	2.162671000E-5
1.421090000E+9	2.184915000E-5
1.421093333E+9	2.168149000E-5
1.421096667E+9	2.192097000E-5
1.421100000E+9	2.154350000E-5
1.421103333E+9	2.200458000E-5
1.421106667E+9	2.211796000E-5
1.421110000E+9	2.160639000E-5
1.421113333E+9	2.180640000E-5
1.421116667E+9	2.167587000E-5
1.421120000E+9	2.209267000E-5
1.421123333E+9	2.153203000E-5
1.421126667E+9	2.159786000E-5
1.421130000E+9	2.234877000E-5
1.421133333E+9	2.175615000E-5
1.421136667E+9	2.149903000E-5
1.421140000E+9	2.212289000E-5
1.421143333E+9	2.178656000E-5
1.421146667E+9	2.226073000E-5
1.421150000E+9	2.152534000E-5
1.421153333E+9	2.141086000E-5
1.421156667E+9	2.172457000E-5
1.421160000E+9	2.163346000E-5
1.421163333E+9	2.149908000E-5
1.421166667E+9	2.223020000E-5
1.421170000E+9	2.219808000E-5
1.421173333E+9	2.216364000E-5
1.421176667E+9	2.355019000E-5
1.421180000E+9	2.465623000E-5
1.421183333E+9	2.199663000E-5
1.421186667E+9	2.193865000E-5
1.421190000E+9	2.225271000E-5
1.421193333E+9	2.180343000E-5
1.421196667E+9	2.236416000E-5
1.421200000E+9	2.274550000E-5
1.421203333E+9	2.189286000E-5
1.421206667E+9	2.928757000E-5
1.421210000E+9	2.868592000E-5
1.421213333E+9	2.718188000E-5
1.421216667E+9	2.196902000E-5
1.421220000E+9	2.312871000E-5
1.421223333E+9	2.212600000E-5
1.421226667E+9	2.196996000E-5
1.421230000E+9	2.158079000E-5
1.421233333E+9	2.195489000E-5
1.421236667E+9	2.198060000E-5
1.421240000E+9	2.154031000E-5
1.421243333E+9	2.212425000E-5
1.421246667E+9	2.182094000E-5
1.421250000E+9	2.207841000E-5
1.421253333E+9	2.147773000E-5
1.421256667E+9	2.154535000E-5
1.421260000E+9	2.238475000E-5
1.421263333E+9	2.187717000E-5
1.421266667E+9	2.186922000E-5
1.421270000E+9	2.169568000E-5
1.421273333E+9	2.217289000E-5
1.421276667E+9	2.178716000E-5
1.421280000E+9	2.163911000E-5
1.421283333E+9	2.133633000E-5
1.421286667E+9	2.136626000E-5
1.421290000E+9	2.191508000E-5
1.421293333E+9	2.196888000E-5
1.421296667E+9	2.180408000E-5
1.421300000E+9	2.215179000E-5
1.421303333E+9	2.167482000E-5
1.421306667E+9	2.179340000E-5
1.421310000E+9	2.171923000E-5
1.421313333E+9	2.175446000E-5
1.421316667E+9	2.158100000E-5
1.421320000E+9	2.172932000E-5
1.421323333E+9	2.164921000E-5
1.421326667E+9	2.189017000E-5
1.421330000E+9	2.178515000E-5
1.421333333E+9	2.206669000E-5
1.421336667E+9	2.226031000E-5
1.421340000E+9	2.194426000E-5
1.421343333E+9	2.200332000E-5
1.421346667E+9	2.152875000E-5
1.421350000E+9	2.185006000E-5
1.421353333E+9	2.148811000E-5
1.421356667E+9	2.259392000E-5
1.421360000E+9	2.182077000E-5
1.421363333E+9	2.206322000E-5
1.421366667E+9	2.279125000E-5
1.421370000E+9	2.177754000E-5
1.421373333E+9	2.162939000E-5
1.421376667E+9	2.204276000E-5
1.421380000E+9	2.165320000E-5
1.421383333E+9	2.216902000E-5
1.421386667E+9	2.218999000E-5
1.421390000E+9	2.208967000E-5
1.421393333E+9	2.168725000E-5
1.421396667E+9	2.200313000E-5
1.421400000E+9	2.169914000E-5
