Frequency, Hz	Amplitude, Volts
1.419400000E+9	1.672109000E-5
1.419403333E+9	1.672528000E-5
1.419406667E+9	1.663046000E-5
1.419410000E+9	1.670201000E-5
1.419413333E+9	1.701525000E-5
1.419416667E+9	1.670874000E-5
1.419420000E+9	1.676245000E-5
1.419423333E+9	1.652054000E-5
1.419426667E+9	1.680133000E-5
1.419430000E+9	1.673165000E-5
1.419433333E+9	1.659954000E-5
1.419436667E+9	1.654366000E-5
1.419440000E+9	1.694078000E-5
1.419443333E+9	1.662426000E-5
1.419446667E+9	1.706545000E-5
1.419450000E+9	1.670975000E-5
1.419453333E+9	1.693524000E-5
1.419456667E+9	1.668978000E-5
1.419460000E+9	1.692904000E-5
1.419463333E+9	1.658098000E-5
1.419466667E+9	1.673266000E-5
1.419470000E+9	1.692973000E-5
1.419473333E+9	1.678909000E-5
1.419476667E+9	1.680838000E-5
1.419480000E+9	1.643778000E-5
1.419483333E+9	1.657950000E-5
1.419486667E+9	1.657821000E-5
1.419490000E+9	1.679960000E-5
1.419493333E+9	1.696404000E-5
1.419496667E+9	1.709695000E-5
1.419500000E+9	1.652284000E-5
1.419503333E+9	1.687450000E-5
1.419506667E+9	1.675013000E-5
1.419510000E+9	1.722506000E-5
1.419513333E+9	1.638835000E-5
1.419516667E+9	1.684526000E-5
1.419520000E+9	1.660087000E-5
1.419523333E+9	1.638696000E-5
1.419526667E+9	1.647041000E-5
1.419530000E+9	1.643726000E-5
1.419533333E+9	1.635488000E-5
1.419536667E+9	1.661256000E-5
1.419540000E+9	1.682158000E-5
1.419543333E+9	1.702601000E-5
1.419546667E+9	1.658976000E-5
1.419550000E+9	1.642439000E-5
1.419553333E+9	1.641698000E-5
1.419556667E+9	1.667248000E-5
1.419560000E+9	1.649337000E-5
1.419563333E+9	1.671159000E-5
1.419566667E+9	1.647516000E-5
1.419570000E+9	1.674803000E-5
1.419573333E+9	1.654966000E-5
1.419576667E+9	1.661303000E-5
1.419580000E+9	1.644193000E-5
1.419583333E+9	1.655080000E-5
1.419586667E+9	1.675436000E-5
1.419590000E+9	1.672989000E-5
1.419593333E+9	1.672120000E-5
1.419596667E+9	1.642962000E-5
1.419600000E+9	1.668583000E-5
1.419603333E+9	1.690490000E-5
1.419606667E+9	1.665378000E-5
1.419610000E+9	1.657903000E-5
1.419613333E+9	1.631454000E-5
1.419616667E+9	1.664597000E-5
1.419620000E+9	1.635493000E-5
1.419623333E+9	1.664003000E-5
1.419626667E+9	1.662769000E-5
1.419630000E+9	1.637614000E-5
1.419633333E+9	1.626986000E-5
1.419636667E+9	1.629194000E-5
1.419640000E+9	1.649089000E-5
1.419643333E+9	1.663879000E-5
1.419646667E+9	1.641662000E-5
1.419650000E+9	1.644285000E-5
1.419653333E+9	1.653418000E-5
1.419656667E+9	1.626602000E-5
1.419660000E+9	1.639924000E-5
1.419663333E+9	1.647891000E-5
1.419666667E+9	1.644500000E-5
1.419670000E+9	1.670526000E-5
1.419673333E+9	1.628736000E-5
1.419676667E+9	1.627363000E-5
1.419680000E+9	1.623717000E-5
1.419683333E+9	1.652348000E-5
1.419686667E+9	1.648327000E-5
1.419690000E+9	1.628494000E-5
1.419693333E+9	1.643857000E-5
1.419696667E+9	1.635287000E-5
1.419700000E+9	1.618377000E-5
1.419703333E+9	1.614047000E-5
1.419706667E+9	1.633892000E-5
1.419710000E+9	1.629177000E-5
1.419713333E+9	1.651782000E-5
1.419716667E+9	1.662528000E-5
1.419720000E+9	1.637169000E-5
1.419723333E+9	1.684021000E-5
1.419726667E+9	1.652783000E-5
1.419730000E+9	1.668885000E-5
1.419733333E+9	1.630496000E-5
1.419736667E+9	1.619020000E-5
1.419740000E+9	1.628167000E-5
1.419743333E+9	1.638799000E-5
1.419746667E+9	1.665499000E-5
1.419750000E+9	1.634565000E-5
1.419753333E+9	1.612053000E-5
1.419756667E+9	1.643587000E-5
1.419760000E+9	1.630806000E-5
1.419763333E+9	1.666252000E-5
1.419766667E+9	1.622065000E-5
1.419770000E+9	1.633896000E-5
1.419773333E+9	1.644229000E-5
1.419776667E+9	1.636706000E-5
1.419780000E+9	1.618775000E-5
1.419783333E+9	1.668050000E-5
1.419786667E+9	1.648922000E-5
1.419790000E+9	1.652727000E-5
1.419793333E+9	1.642683000E-5
1.419796667E+9	1.602826000E-5
1.419800000E+9	1.655818000E-5
1.419803333E+9	1.639983000E-5
1.419806667E+9	1.636992000E-5
1.419810000E+9	1.637335000E-5
1.419813333E+9	1.638340000E-5
1.419816667E+9	1.666064000E-5
1.419820000E+9	1.627525000E-5
1.419823333E+9	1.658699000E-5
1.419826667E+9	1.621126000E-5
1.419830000E+9	1.650102000E-5
1.419833333E+9	1.645334000E-5
1.419836667E+9	1.580133000E-5
1.419840000E+9	1.629931000E-5
1.419843333E+9	1.655411000E-5
1.419846667E+9	1.663033000E-5
1.419850000E+9	1.612761000E-5
1.419853333E+9	1.641168000E-5
1.419856667E+9	1.632336000E-5
1.419860000E+9	1.625172000E-5
1.419863333E+9	1.630332000E-5
1.419866667E+9	1.636354000E-5
1.419870000E+9	1.659107000E-5
1.419873333E+9	1.635669000E-5
1.419876667E+9	1.624028000E-5
1.419880000E+9	1.637766000E-5
1.419883333E+9	1.687473000E-5
1.419886667E+9	1.646614000E-5
1.419890000E+9	1.622763000E-5
1.419893333E+9	1.635396000E-5
1.419896667E+9	1.636513000E-5
1.419900000E+9	1.621653000E-5
1.419903333E+9	1.635084000E-5
1.419906667E+9	1.591389000E-5
1.419910000E+9	1.647200000E-5
1.419913333E+9	1.622091000E-5
1.419916667E+9	1.612110000E-5
1.419920000E+9	1.619746000E-5
1.419923333E+9	1.618295000E-5
1.419926667E+9	1.608914000E-5
1.419930000E+9	1.627097000E-5
1.419933333E+9	1.620182000E-5
1.419936667E+9	1.615457000E-5
1.419940000E+9	1.639443000E-5
1.419943333E+9	1.656298000E-5
1.419946667E+9	1.639636000E-5
1.419950000E+9	1.607754000E-5
1.419953333E+9	1.634531000E-5
1.419956667E+9	1.587846000E-5
1.419960000E+9	1.634865000E-5
1.419963333E+9	1.637524000E-5
1.419966667E+9	1.631963000E-5
1.419970000E+9	1.624515000E-5
1.419973333E+9	1.645168000E-5
1.419976667E+9	1.669970000E-5
1.419980000E+9	1.778059000E-5
1.419983333E+9	1.610983000E-5
1.419986667E+9	1.632128000E-5
1.419990000E+9	1.619508000E-5
1.419993333E+9	1.616232000E-5
1.419996667E+9	1.597334000E-5
1.420000000E+9	1.647831000E-5
1.420003333E+9	1.663141000E-5
1.420006667E+9	1.590347000E-5
1.420010000E+9	1.630840000E-5
1.420013333E+9	1.588265000E-5
1.420016667E+9	1.602136000E-5
1.420020000E+9	1.606392000E-5
1.420023333E+9	1.616946000E-5
1.420026667E+9	1.625222000E-5
1.420030000E+9	1.598587000E-5
1.420033333E+9	1.584783000E-5
1.420036667E+9	1.606034000E-5
1.420040000E+9	1.651403000E-5
1.420043333E+9	1.624194000E-5
1.420046667E+9	1.613994000E-5
1.420050000E+9	1.595079000E-5
1.420053333E+9	1.639152000E-5
1.420056667E+9	1.596880000E-5
1.420060000E+9	1.619474000E-5
1.420063333E+9	1.634973000E-5
1.420066667E+9	1.638401000E-5
1.420070000E+9	1.631793000E-5
1.420073333E+9	1.585521000E-5
1.420076667E+9	1.617528000E-5
1.420080000E+9	1.625518000E-5
1.420083333E+9	1.641210000E-5
1.420086667E+9	1.652415000E-5
1.420090000E+9	1.605337000E-5
1.420093333E+9	1.630541000E-5
1.420096667E+9	1.586881000E-5
1.420100000E+9	1.616193000E-5
1.420103333E+9	1.575178000E-5
1.420106667E+9	1.613888000E-5
1.420110000E+9	1.615902000E-5
1.420113333E+9	1.576188000E-5
1.420116667E+9	1.600424000E-5
1.420120000E+9	1.600132000E-5
1.420123333E+9	1.610312000E-5
1.420126667E+9	1.608600000E-5
1.420130000E+9	1.583922000E-5
1.420133333E+9	1.619477000E-5
1.420136667E+9	1.617258000E-5
1.420140000E+9	1.587064000E-5
1.420143333E+9	1.609054000E-5
1.420146667E+9	1.577715000E-5
1.420150000E+9	1.607091000E-5
1.420153333E+9	1.583376000E-5
1.420156667E+9	1.637132000E-5
1.420160000E+9	1.610622000E-5
1.420163333E+9	1.610719000E-5
1.420166667E+9	1.597324000E-5
1.420170000E+9	1.566812000E-5
1.420173333E+9	1.560136000E-5
1.420176667E+9	1.590205000E-5
1.420180000E+9	1.576202000E-5
1.420183333E+9	1.631891000E-5
1.420186667E+9	1.573587000E-5
1.420190000E+9	1.610091000E-5
1.420193333E+9	1.583796000E-5
1.420196667E+9	1.578020000E-5
1.420200000E+9	1.598453000E-5
1.420203333E+9	1.599437000E-5
1.420206667E+9	1.584724000E-5
1.420210000E+9	1.596475000E-5
1.420213333E+9	1.593372000E-5
1.420216667E+9	1.642486000E-5
1.420220000E+9	1.595825000E-5
1.420223333E+9	1.609149000E-5
1.420226667E+9	1.587057000E-5
1.420230000E+9	1.602710000E-5
1.420233333E+9	1.629929000E-5
1.420236667E+9	1.575627000E-5
1.420240000E+9	1.588814000E-5
1.420243333E+9	1.551927000E-5
1.420246667E+9	1.594770000E-5
1.420250000E+9	1.601204000E-5
1.420253333E+9	1.626263000E-5
1.420256667E+9	1.594179000E-5
1.420260000E+9	1.609817000E-5
1.420263333E+9	1.622197000E-5
1.420266667E+9	1.612959000E-5
1.420270000E+9	1.556509000E-5
1.420273333E+9	1.600742000E-5
1.420276667E+9	1.593955000E-5
1.420280000E+9	1.593612000E-5
1.420283333E+9	1.584504000E-5
1.420286667E+9	1.602833000E-5
1.420290000E+9	1.602763000E-5
1.420293333E+9	1.602465000E-5
1.420296667E+9	1.640623000E-5
1.420300000E+9	1.596026000E-5
1.420303333E+9	1.589067000E-5
1.420306667E+9	1.576811000E-5
1.420310000E+9	1.606450000E-5
1.420313333E+9	1.610889000E-5
1.420316667E+9	1.593055000E-5
1.420320000E+9	1.610123000E-5
1.420323333E+9	1.612876000E-5
1.420326667E+9	1.600215000E-5
1.420330000E+9	1.603354000E-5
1.420333333E+9	1.615583000E-5
1.420336667E+9	1.596808000E-5
1.420340000E+9	1.592038000E-5
1.420343333E+9	1.603331000E-5
1.420346667E+9	1.574365000E-5
1.420350000E+9	1.571826000E-5
1.420353333E+9	1.590207000E-5
1.420356667E+9	1.578280000E-5
1.420360000E+9	1.600292000E-5
1.420363333E+9	1.612078000E-5
1.420366667E+9	1.591038000E-5
1.420370000E+9	1.588570000E-5
1.420373333E+9	1.565529000E-5
1.420376667E+9	1.599979000E-5
1.420380000E+9	1.608824000E-5
1.420383333E+9	1.611220000E-5
1.420386667E+9	1.595969000E-5
1.420390000E+9	1.605382000E-5
1.420393333E+9	1.597111000E-5
1.420396667E+9	1.628231000E-5
1.420400000E+9	1.605810000E-5
1.420403333E+9	1.581548000E-5
1.420406667E+9	1.601141000E-5
1.420410000E+9	1.587702000E-5
1.420413333E+9	1.592676000E-5
1.420416667E+9	1.603484000E-5
1.420420000E+9	1.602316000E-5
1.420423333E+9	1.609243000E-5
1.420426667E+9	1.602856000E-5
1.420430000E+9	1.618452000E-5
1.420433333E+9	1.621689000E-5
1.420436667E+9	1.624362000E-5
1.420440000E+9	1.581911000E-5
1.420443333E+9	1.601848000E-5
1.420446667E+9	1.594142000E-5
1.420450000E+9	1.608679000E-5
1.420453333E+9	1.637578000E-5
1.420456667E+9	1.633985000E-5
1.420460000E+9	1.642389000E-5
1.420463333E+9	1.630734000E-5
1.420466667E+9	1.666753000E-5
1.420470000E+9	1.675660000E-5
1.420473333E+9	1.673913000E-5
1.420476667E+9	1.749084000E-5
1.420480000E+9	1.701717000E-5
1.420483333E+9	1.741463000E-5
1.420486667E+9	1.689723000E-5
1.420490000E+9	1.703452000E-5
1.420493333E+9	1.758379000E-5
1.420496667E+9	1.730960000E-5
1.420500000E+9	1.737758000E-5
1.420503333E+9	1.759391000E-5
1.420506667E+9	1.772005000E-5
1.420510000E+9	1.733055000E-5
1.420513333E+9	1.769684000E-5
1.420516667E+9	1.751915000E-5
1.420520000E+9	1.794855000E-5
1.420523333E+9	1.797367000E-5
1.420526667E+9	1.814734000E-5
1.420530000E+9	1.770716000E-5
1.420533333E+9	1.796495000E-5
1.420536667E+9	1.758006000E-5
1.420540000E+9	1.773128000E-5
1.420543333E+9	1.763204000E-5
1.420546667E+9	1.801057000E-5
1.420550000E+9	1.771280000E-5
1.420553333E+9	1.755466000E-5
1.420556667E+9	1.747226000E-5
1.420560000E+9	1.758726000E-5
1.420563333E+9	1.756708000E-5
1.420566667E+9	1.767907000E-5
1.420570000E+9	1.761372000E-5
1.420573333E+9	1.771472000E-5
1.420576667E+9	1.761525000E-5
1.420580000E+9	1.771684000E-5
1.420583333E+9	1.731174000E-5
1.420586667E+9	1.718954000E-5
1.420590000E+9	1.831496000E-5
1.420593333E+9	1.733065000E-5
1.420596667E+9	1.715091000E-5
1.420600000E+9	1.712654000E-5
1.420603333E+9	1.781848000E-5
1.420606667E+9	1.766688000E-5
1.420610000E+9	1.758732000E-5
1.420613333E+9	1.705870000E-5
1.420616667E+9	1.750181000E-5
1.420620000E+9	1.766970000E-5
1.420623333E+9	1.767142000E-5
1.420626667E+9	1.750792000E-5
1.420630000E+9	1.755208000E-5
1.420633333E+9	1.744740000E-5
1.420636667E+9	1.758703000E-5
1.420640000E+9	1.771043000E-5
1.420643333E+9	1.761913000E-5
1.420646667E+9	1.773033000E-5
1.420650000E+9	1.730048000E-5
1.420653333E+9	1.750394000E-5
1.420656667E+9	1.779174000E-5
1.420660000E+9	1.754050000E-5
1.420663333E+9	1.763076000E-5
1.420666667E+9	1.732698000E-5
1.420670000E+9	1.736903000E-5
1.420673333E+9	1.742546000E-5
1.420676667E+9	1.717798000E-5
1.420680000E+9	1.751911000E-5
1.420683333E+9	1.701011000E-5
1.420686667E+9	1.728377000E-5
1.420690000E+9	1.700268000E-5
1.420693333E+9	1.689913000E-5
1.420696667E+9	1.676762000E-5
1.420700000E+9	1.678831000E-5
1.420703333E+9	1.680430000E-5
1.420706667E+9	1.668841000E-5
1.420710000E+9	1.660764000E-5
1.420713333E+9	1.653275000E-5
1.420716667E+9	1.656971000E-5
1.420720000E+9	1.644578000E-5
1.420723333E+9	1.652829000E-5
1.420726667E+9	1.634380000E-5
1.420730000E+9	1.598931000E-5
1.420733333E+9	1.612379000E-5
1.420736667E+9	1.621361000E-5
1.420740000E+9	1.604844000E-5
1.420743333E+9	1.633146000E-5
1.420746667E+9	1.619597000E-5
1.420750000E+9	1.624109000E-5
1.420753333E+9	1.601120000E-5
1.420756667E+9	1.630926000E-5
1.420760000E+9	1.644505000E-5
1.420763333E+9	1.633239000E-5
1.420766667E+9	1.620347000E-5
1.420770000E+9	1.606055000E-5
1.420773333E+9	1.642486000E-5
1.420776667E+9	1.606170000E-5
1.420780000E+9	1.638930000E-5
1.420783333E+9	1.619673000E-5
1.420786667E+9	1.605925000E-5
1.420790000E+9	1.622569000E-5
1.420793333E+9	1.621125000E-5
1.420796667E+9	1.615540000E-5
1.420800000E+9	1.586431000E-5
1.420803333E+9	1.589566000E-5
1.420806667E+9	1.582917000E-5
1.420810000E+9	1.607876000E-5
1.420813333E+9	1.607902000E-5
1.420816667E+9	1.587724000E-5
1.420820000E+9	1.584504000E-5
1.420823333E+9	1.610072000E-5
1.420826667E+9	1.638509000E-5
1.420830000E+9	1.567936000E-5
1.420833333E+9	1.600955000E-5
1.420836667E+9	1.575107000E-5
1.420840000E+9	1.600832000E-5
1.420843333E+9	1.605103000E-5
1.420846667E+9	1.550687000E-5
1.420850000E+9	1.584825000E-5
1.420853333E+9	1.589146000E-5
1.420856667E+9	1.598785000E-5
1.420860000E+9	1.586337000E-5
1.420863333E+9	1.575975000E-5
1.420866667E+9	1.575548000E-5
1.420870000E+9	1.549070000E-5
1.420873333E+9	1.608884000E-5
1.420876667E+9	1.569687000E-5
1.420880000E+9	1.564141000E-5
1.420883333E+9	1.806527000E-5
1.420886667E+9	1.698661000E-5
1.420890000E+9	1.580840000E-5
1.420893333E+9	1.582404000E-5
1.420896667E+9	1.627227000E-5
1.420900000E+9	1.617499000E-5
1.420903333E+9	1.586952000E-5
1.420906667E+9	1.592778000E-5
1.420910000E+9	1.589078000E-5
1.420913333E+9	1.585420000E-5
1.420916667E+9	1.569779000E-5
1.420920000E+9	1.615155000E-5
1.420923333E+9	1.574806000E-5
1.420926667E+9	1.596296000E-5
1.420930000E+9	1.570910000E-5
1.420933333E+9	1.571890000E-5
1.420936667E+9	1.593318000E-5
1.420940000E+9	1.585277000E-5
1.420943333E+9	1.580972000E-5
1.420946667E+9	1.581715000E-5
1.420950000E+9	1.568859000E-5
1.420953333E+9	1.577538000E-5
1.420956667E+9	1.585221000E-5
1.420960000E+9	1.578954000E-5
1.420963333E+9	1.559552000E-5
1.420966667E+9	1.560780000E-5
1.420970000E+9	1.580014000E-5
1.420973333E+9	1.606371000E-5
1.420976667E+9	1.569019000E-5
1.420980000E+9	1.575171000E-5
1.420983333E+9	1.570449000E-5
1.420986667E+9	1.553400000E-5
1.420990000E+9	1.597189000E-5
1.420993333E+9	1.623007000E-5
1.420996667E+9	1.615888000E-5
1.421000000E+9	1.580881000E-5
1.421003333E+9	1.586947000E-5
1.421006667E+9	1.567097000E-5
1.421010000E+9	1.593155000E-5
1.421013333E+9	1.583278000E-5
1.421016667E+9	1.605020000E-5
1.421020000E+9	1.555810000E-5
1.421023333E+9	1.593094000E-5
1.421026667E+9	1.530539000E-5
1.421030000E+9	1.583762000E-5
1.421033333E+9	1.579812000E-5
1.421036667E+9	1.584557000E-5
1.421040000E+9	1.583000000E-5
1.421043333E+9	1.591521000E-5
1.421046667E+9	1.570386000E-5
1.421050000E+9	1.580258000E-5
1.421053333E+9	1.575890000E-5
1.421056667E+9	1.566896000E-5
1.421060000E+9	1.573104000E-5
1.421063333E+9	1.590603000E-5
1.421066667E+9	1.583473000E-5
1.421070000E+9	1.575281000E-5
1.421073333E+9	1.587510000E-5
1.421076667E+9	1.583019000E-5
1.421080000E+9	1.581006000E-5
1.421083333E+9	1.572834000E-5
1.421086667E+9	1.567244000E-5
1.421090000E+9	1.580562000E-5
1.421093333E+9	1.576667000E-5
1.421096667E+9	1.588830000E-5
1.421100000E+9	1.590492000E-5
1.421103333E+9	1.603060000E-5
1.421106667E+9	1.570313000E-5
1.421110000E+9	1.571286000E-5
1.421113333E+9	1.583407000E-5
1.421116667E+9	1.587555000E-5
1.421120000E+9	1.610609000E-5
1.421123333E+9	1.580125000E-5
1.421126667E+9	1.574864000E-5
1.421130000E+9	1.578508000E-5
1.421133333E+9	1.610098000E-5
1.421136667E+9	1.585371000E-5
1.421140000E+9	1.561682000E-5
1.421143333E+9	1.575191000E-5
1.421146667E+9	1.573440000E-5
1.421150000E+9	1.555752000E-5
1.421153333E+9	1.597317000E-5
1.421156667E+9	1.610666000E-5
1.421160000E+9	1.592412000E-5
1.421163333E+9	1.573126000E-5
1.421166667E+9	1.574341000E-5
1.421170000E+9	1.570687000E-5
1.421173333E+9	1.578462000E-5
1.421176667E+9	1.694401000E-5
1.421180000E+9	1.756302000E-5
1.421183333E+9	1.577538000E-5
1.421186667E+9	1.597643000E-5
1.421190000E+9	1.585180000E-5
1.421193333E+9	1.574367000E-5
1.421196667E+9	1.594646000E-5
1.421200000E+9	1.564742000E-5
1.421203333E+9	1.586007000E-5
1.421206667E+9	1.588418000E-5
1.421210000E+9	1.581013000E-5
1.421213333E+9	1.573846000E-5
1.421216667E+9	1.581937000E-5
1.421220000E+9	1.595613000E-5
1.421223333E+9	1.594611000E-5
1.421226667E+9	1.581447000E-5
1.421230000E+9	1.574707000E-5
1.421233333E+9	1.566475000E-5
1.421236667E+9	1.563219000E-5
1.421240000E+9	1.564739000E-5
1.421243333E+9	1.595743000E-5
1.421246667E+9	1.606634000E-5
1.421250000E+9	1.601558000E-5
1.421253333E+9	1.588488000E-5
1.421256667E+9	1.591987000E-5
1.421260000E+9	1.555480000E-5
1.421263333E+9	1.589235000E-5
1.421266667E+9	1.557521000E-5
1.421270000E+9	1.564629000E-5
1.421273333E+9	1.581013000E-5
1.421276667E+9	1.563948000E-5
1.421280000E+9	1.609810000E-5
1.421283333E+9	1.582048000E-5
1.421286667E+9	1.602777000E-5
1.421290000E+9	1.600570000E-5
1.421293333E+9	1.588937000E-5
1.421296667E+9	1.567266000E-5
1.421300000E+9	1.593512000E-5
1.421303333E+9	1.582701000E-5
1.421306667E+9	1.566353000E-5
1.421310000E+9	1.559155000E-5
1.421313333E+9	1.554577000E-5
1.421316667E+9	1.534691000E-5
1.421320000E+9	1.596203000E-5
1.421323333E+9	1.602256000E-5
1.421326667E+9	1.573903000E-5
1.421330000E+9	1.581928000E-5
1.421333333E+9	1.552566000E-5
1.421336667E+9	1.585496000E-5
1.421340000E+9	1.582230000E-5
1.421343333E+9	1.583981000E-5
1.421346667E+9	1.555289000E-5
1.421350000E+9	1.574023000E-5
1.421353333E+9	1.551653000E-5
1.421356667E+9	1.589165000E-5
1.421360000E+9	1.593717000E-5
1.421363333E+9	1.589374000E-5
1.421366667E+9	1.690232000E-5
1.421370000E+9	1.589636000E-5
1.421373333E+9	1.608663000E-5
1.421376667E+9	1.579159000E-5
1.421380000E+9	1.557574000E-5
1.421383333E+9	1.580683000E-5
1.421386667E+9	1.572931000E-5
1.421390000E+9	1.587451000E-5
1.421393333E+9	1.577351000E-5
1.421396667E+9	1.590057000E-5
1.421400000E+9	1.591470000E-5
