Frequency, Hz	Amplitude, Volts
1.419400000E+9	2.190950000E-5
1.419403333E+9	2.184366000E-5
1.419406667E+9	2.234239000E-5
1.419410000E+9	2.152825000E-5
1.419413333E+9	2.278094000E-5
1.419416667E+9	2.291278000E-5
1.419420000E+9	2.221927000E-5
1.419423333E+9	2.211415000E-5
1.419426667E+9	2.250530000E-5
1.419430000E+9	2.246440000E-5
1.419433333E+9	2.381215000E-5
1.419436667E+9	2.262977000E-5
1.419440000E+9	2.234080000E-5
1.419443333E+9	2.190322000E-5
1.419446667E+9	2.183798000E-5
1.419450000E+9	2.247175000E-5
1.419453333E+9	2.226567000E-5
1.419456667E+9	2.252013000E-5
1.419460000E+9	2.274225000E-5
1.419463333E+9	2.232846000E-5
1.419466667E+9	2.203427000E-5
1.419470000E+9	2.224712000E-5
1.419473333E+9	2.206436000E-5
1.419476667E+9	2.274987000E-5
1.419480000E+9	2.216676000E-5
1.419483333E+9	2.175231000E-5
1.419486667E+9	2.205600000E-5
1.419490000E+9	2.226009000E-5
1.419493333E+9	2.215610000E-5
1.419496667E+9	2.209158000E-5
1.419500000E+9	2.245029000E-5
1.419503333E+9	2.227212000E-5
1.419506667E+9	2.252899000E-5
1.419510000E+9	2.240346000E-5
1.419513333E+9	2.217815000E-5
1.419516667E+9	2.208084000E-5
1.419520000E+9	2.234700000E-5
1.419523333E+9	2.214717000E-5
1.419526667E+9	2.190469000E-5
1.419530000E+9	2.180518000E-5
1.419533333E+9	2.193735000E-5
1.419536667E+9	2.169330000E-5
1.419540000E+9	2.209903000E-5
1.419543333E+9	2.231119000E-5
1.419546667E+9	2.237774000E-5
1.419550000E+9	2.211677000E-5
1.419553333E+9	2.233087000E-5
1.419556667E+9	2.188039000E-5
1.419560000E+9	2.241950000E-5
1.419563333E+9	2.200970000E-5
1.419566667E+9	2.188163000E-5
1.419570000E+9	2.191787000E-5
1.419573333E+9	2.221571000E-5
1.419576667E+9	2.246193000E-5
1.419580000E+9	2.168966000E-5
1.419583333E+9	2.234200000E-5
1.419586667E+9	2.217138000E-5
1.419590000E+9	2.236792000E-5
1.419593333E+9	2.223423000E-5
1.419596667E+9	2.212226000E-5
1.419600000E+9	2.215826000E-5
1.419603333E+9	2.272558000E-5
1.419606667E+9	2.253881000E-5
1.419610000E+9	2.238986000E-5
1.419613333E+9	2.293513000E-5
1.419616667E+9	2.203944000E-5
1.419620000E+9	2.238979000E-5
1.419623333E+9	2.219991000E-5
1.419626667E+9	2.240208000E-5
1.419630000E+9	2.231677000E-5
1.419633333E+9	2.192935000E-5
1.419636667E+9	2.237055000E-5
1.419640000E+9	2.247565000E-5
1.419643333E+9	2.254040000E-5
1.419646667E+9	2.249678000E-5
1.419650000E+9	2.205641000E-5
1.419653333E+9	2.189459000E-5
1.419656667E+9	2.264306000E-5
1.419660000E+9	2.178735000E-5
1.419663333E+9	2.206710000E-5
1.419666667E+9	2.214581000E-5
1.419670000E+9	2.244544000E-5
1.419673333E+9	2.210393000E-5
1.419676667E+9	2.282287000E-5
1.419680000E+9	2.216999000E-5
1.419683333E+9	2.210522000E-5
1.419686667E+9	2.200059000E-5
1.419690000E+9	2.185786000E-5
1.419693333E+9	2.232025000E-5
1.419696667E+9	2.201405000E-5
1.419700000E+9	2.183167000E-5
1.419703333E+9	2.210066000E-5
1.419706667E+9	2.281495000E-5
1.419710000E+9	2.214951000E-5
1.419713333E+9	2.220983000E-5
1.419716667E+9	2.221722000E-5
1.419720000E+9	2.230242000E-5
1.419723333E+9	2.285748000E-5
1.419726667E+9	2.325754000E-5
1.419730000E+9	2.314756000E-5
1.419733333E+9	2.311950000E-5
1.419736667E+9	2.207519000E-5
1.419740000E+9	2.220368000E-5
1.419743333E+9	2.220656000E-5
1.419746667E+9	2.237696000E-5
1.419750000E+9	2.282974000E-5
1.419753333E+9	2.233079000E-5
1.419756667E+9	2.184359000E-5
1.419760000E+9	2.235368000E-5
1.419763333E+9	2.222664000E-5
1.419766667E+9	2.208074000E-5
1.419770000E+9	2.258144000E-5
1.419773333E+9	2.203673000E-5
1.419776667E+9	2.191344000E-5
1.419780000E+9	2.225425000E-5
1.419783333E+9	2.251242000E-5
1.419786667E+9	2.275524000E-5
1.419790000E+9	2.234970000E-5
1.419793333E+9	2.234592000E-5
1.419796667E+9	2.257656000E-5
1.419800000E+9	2.230562000E-5
1.419803333E+9	2.211517000E-5
1.419806667E+9	2.214350000E-5
1.419810000E+9	2.237489000E-5
1.419813333E+9	2.198907000E-5
1.419816667E+9	2.187950000E-5
1.419820000E+9	2.212583000E-5
1.419823333E+9	2.245266000E-5
1.419826667E+9	2.255802000E-5
1.419830000E+9	2.292521000E-5
1.419833333E+9	2.236013000E-5
1.419836667E+9	2.216773000E-5
1.419840000E+9	2.195515000E-5
1.419843333E+9	2.240398000E-5
1.419846667E+9	2.268330000E-5
1.419850000E+9	2.217596000E-5
1.419853333E+9	2.270872000E-5
1.419856667E+9	2.206000000E-5
1.419860000E+9	2.202150000E-5
1.419863333E+9	2.266816000E-5
1.419866667E+9	2.265766000E-5
1.419870000E+9	2.247266000E-5
1.419873333E+9	2.207371000E-5
1.419876667E+9	2.185244000E-5
1.419880000E+9	2.226894000E-5
1.419883333E+9	2.210672000E-5
1.419886667E+9	2.237303000E-5
1.419890000E+9	2.204935000E-5
1.419893333E+9	2.218205000E-5
1.419896667E+9	2.250904000E-5
1.419900000E+9	2.242305000E-5
1.419903333E+9	2.216345000E-5
1.419906667E+9	2.233653000E-5
1.419910000E+9	2.214015000E-5
1.419913333E+9	2.248122000E-5
1.419916667E+9	2.256627000E-5
1.419920000E+9	2.251450000E-5
1.419923333E+9	2.205240000E-5
1.419926667E+9	2.265602000E-5
1.419930000E+9	2.242854000E-5
1.419933333E+9	2.254119000E-5
1.419936667E+9	2.256211000E-5
1.419940000E+9	2.228477000E-5
1.419943333E+9	2.196868000E-5
1.419946667E+9	2.261360000E-5
1.419950000E+9	2.205959000E-5
1.419953333E+9	2.207030000E-5
1.419956667E+9	2.237693000E-5
1.419960000E+9	2.185357000E-5
1.419963333E+9	2.277456000E-5
1.419966667E+9	2.251952000E-5
1.419970000E+9	2.219469000E-5
1.419973333E+9	2.240484000E-5
1.419976667E+9	2.204417000E-5
1.419980000E+9	2.206559000E-5
1.419983333E+9	2.198748000E-5
1.419986667E+9	2.225736000E-5
1.419990000E+9	2.275499000E-5
1.419993333E+9	2.200970000E-5
1.419996667E+9	2.279678000E-5
1.420000000E+9	2.370515000E-5
1.420003333E+9	2.571473000E-5
1.420006667E+9	2.250192000E-5
1.420010000E+9	2.229554000E-5
1.420013333E+9	2.193964000E-5
1.420016667E+9	2.275212000E-5
1.420020000E+9	2.347504000E-5
1.420023333E+9	2.258400000E-5
1.420026667E+9	2.275964000E-5
1.420030000E+9	2.213900000E-5
1.420033333E+9	2.256100000E-5
1.420036667E+9	2.220144000E-5
1.420040000E+9	2.236883000E-5
1.420043333E+9	2.253604000E-5
1.420046667E+9	2.197093000E-5
1.420050000E+9	2.214720000E-5
1.420053333E+9	2.227542000E-5
1.420056667E+9	2.218967000E-5
1.420060000E+9	2.258154000E-5
1.420063333E+9	2.233055000E-5
1.420066667E+9	2.202655000E-5
1.420070000E+9	2.185654000E-5
1.420073333E+9	2.279663000E-5
1.420076667E+9	2.252387000E-5
1.420080000E+9	2.272119000E-5
1.420083333E+9	2.254497000E-5
1.420086667E+9	2.206858000E-5
1.420090000E+9	2.189452000E-5
1.420093333E+9	2.232412000E-5
1.420096667E+9	2.258166000E-5
1.420100000E+9	2.220483000E-5
1.420103333E+9	2.224788000E-5
1.420106667E+9	2.249525000E-5
1.420110000E+9	2.246311000E-5
1.420113333E+9	2.254146000E-5
1.420116667E+9	2.212940000E-5
1.420120000E+9	2.191561000E-5
1.420123333E+9	2.265278000E-5
1.420126667E+9	2.244527000E-5
1.420130000E+9	2.235788000E-5
1.420133333E+9	2.228663000E-5
1.420136667E+9	2.273291000E-5
1.420140000E+9	2.214335000E-5
1.420143333E+9	2.256506000E-5
1.420146667E+9	2.207480000E-5
1.420150000E+9	2.212795000E-5
1.420153333E+9	2.245483000E-5
1.420156667E+9	2.197725000E-5
1.420160000E+9	2.261119000E-5
1.420163333E+9	2.233869000E-5
1.420166667E+9	2.221090000E-5
1.420170000E+9	2.238689000E-5
1.420173333E+9	2.183937000E-5
1.420176667E+9	2.233059000E-5
1.420180000E+9	2.239234000E-5
1.420183333E+9	2.238979000E-5
1.420186667E+9	2.236438000E-5
1.420190000E+9	2.210920000E-5
1.420193333E+9	2.237352000E-5
1.420196667E+9	2.211481000E-5
1.420200000E+9	2.267929000E-5
1.420203333E+9	2.239446000E-5
1.420206667E+9	2.231354000E-5
1.420210000E+9	2.240476000E-5
1.420213333E+9	2.204511000E-5
1.420216667E+9	2.241510000E-5
1.420220000E+9	2.254436000E-5
1.420223333E+9	2.182975000E-5
1.420226667E+9	2.249308000E-5
1.420230000E+9	2.302263000E-5
1.420233333E+9	2.186605000E-5
1.420236667E+9	2.224634000E-5
1.420240000E+9	2.277714000E-5
1.420243333E+9	2.233484000E-5
1.420246667E+9	2.223801000E-5
1.420250000E+9	2.286220000E-5
1.420253333E+9	2.252426000E-5
1.420256667E+9	2.257162000E-5
1.420260000E+9	2.236026000E-5
1.420263333E+9	2.274083000E-5
1.420266667E+9	2.504630000E-5
1.420270000E+9	2.223686000E-5
1.420273333E+9	2.276963000E-5
1.420276667E+9	2.212595000E-5
1.420280000E+9	2.225655000E-5
1.420283333E+9	2.244430000E-5
1.420286667E+9	2.215012000E-5
1.420290000E+9	2.238261000E-5
1.420293333E+9	2.241938000E-5
1.420296667E+9	2.371592000E-5
1.420300000E+9	2.292582000E-5
1.420303333E+9	2.253812000E-5
1.420306667E+9	2.290134000E-5
1.420310000E+9	2.336253000E-5
1.420313333E+9	2.340928000E-5
1.420316667E+9	2.208668000E-5
1.420320000E+9	2.253901000E-5
1.420323333E+9	2.217922000E-5
1.420326667E+9	2.224653000E-5
1.420330000E+9	2.186480000E-5
1.420333333E+9	2.267344000E-5
1.420336667E+9	2.226359000E-5
1.420340000E+9	2.233351000E-5
1.420343333E+9	2.252219000E-5
1.420346667E+9	2.274165000E-5
1.420350000E+9	2.256538000E-5
1.420353333E+9	2.244369000E-5
1.420356667E+9	2.211352000E-5
1.420360000E+9	2.233763000E-5
1.420363333E+9	2.239325000E-5
1.420366667E+9	2.281488000E-5
1.420370000E+9	2.260612000E-5
1.420373333E+9	2.252832000E-5
1.420376667E+9	2.244024000E-5
1.420380000E+9	2.285768000E-5
1.420383333E+9	2.266498000E-5
1.420386667E+9	2.286094000E-5
1.420390000E+9	2.264000000E-5
1.420393333E+9	2.253045000E-5
1.420396667E+9	2.272124000E-5
1.420400000E+9	2.285863000E-5
1.420403333E+9	2.274355000E-5
1.420406667E+9	2.212931000E-5
1.420410000E+9	2.226965000E-5
1.420413333E+9	2.250540000E-5
1.420416667E+9	2.277383000E-5
1.420420000E+9	2.221805000E-5
1.420423333E+9	2.216354000E-5
1.420426667E+9	2.256954000E-5
1.420430000E+9	2.241118000E-5
1.420433333E+9	2.282723000E-5
1.420436667E+9	2.228746000E-5
1.420440000E+9	2.209144000E-5
1.420443333E+9	2.261757000E-5
1.420446667E+9	2.272700000E-5
1.420450000E+9	2.275424000E-5
1.420453333E+9	2.262591000E-5
1.420456667E+9	2.270223000E-5
1.420460000E+9	2.254663000E-5
1.420463333E+9	2.205721000E-5
1.420466667E+9	2.224656000E-5
1.420470000E+9	2.211920000E-5
1.420473333E+9	2.221156000E-5
1.420476667E+9	2.240747000E-5
1.420480000E+9	2.277654000E-5
1.420483333E+9	2.277929000E-5
1.420486667E+9	2.253705000E-5
1.420490000E+9	2.257267000E-5
1.420493333E+9	2.260429000E-5
1.420496667E+9	2.245981000E-5
1.420500000E+9	2.305534000E-5
1.420503333E+9	2.223960000E-5
1.420506667E+9	2.234224000E-5
1.420510000E+9	2.235788000E-5
1.420513333E+9	2.256402000E-5
1.420516667E+9	2.209707000E-5
1.420520000E+9	2.299494000E-5
1.420523333E+9	2.209347000E-5
1.420526667E+9	2.257864000E-5
1.420530000E+9	2.252402000E-5
1.420533333E+9	2.221854000E-5
1.420536667E+9	2.190033000E-5
1.420540000E+9	2.218940000E-5
1.420543333E+9	2.249572000E-5
1.420546667E+9	2.209617000E-5
1.420550000E+9	2.252328000E-5
1.420553333E+9	2.215985000E-5
1.420556667E+9	2.212921000E-5
1.420560000E+9	2.193200000E-5
1.420563333E+9	2.220337000E-5
1.420566667E+9	2.207653000E-5
1.420570000E+9	2.240646000E-5
1.420573333E+9	2.248256000E-5
1.420576667E+9	2.210694000E-5
1.420580000E+9	2.234762000E-5
1.420583333E+9	2.213524000E-5
1.420586667E+9	2.233305000E-5
1.420590000E+9	2.256982000E-5
1.420593333E+9	2.240811000E-5
1.420596667E+9	2.212046000E-5
1.420600000E+9	2.291840000E-5
1.420603333E+9	2.313638000E-5
1.420606667E+9	2.306337000E-5
1.420610000E+9	2.259072000E-5
1.420613333E+9	2.241382000E-5
1.420616667E+9	2.242425000E-5
1.420620000E+9	2.212695000E-5
1.420623333E+9	2.235353000E-5
1.420626667E+9	2.231939000E-5
1.420630000E+9	2.218609000E-5
1.420633333E+9	2.256407000E-5
1.420636667E+9	2.228320000E-5
1.420640000E+9	2.216522000E-5
1.420643333E+9	2.236708000E-5
1.420646667E+9	2.309436000E-5
1.420650000E+9	2.279089000E-5
1.420653333E+9	2.268574000E-5
1.420656667E+9	2.266975000E-5
1.420660000E+9	2.225279000E-5
1.420663333E+9	2.210883000E-5
1.420666667E+9	2.272935000E-5
1.420670000E+9	2.222900000E-5
1.420673333E+9	2.199724000E-5
1.420676667E+9	2.225257000E-5
1.420680000E+9	2.263739000E-5
1.420683333E+9	2.227626000E-5
1.420686667E+9	2.220895000E-5
1.420690000E+9	2.242632000E-5
1.420693333E+9	2.209755000E-5
1.420696667E+9	2.204850000E-5
1.420700000E+9	2.242738000E-5
1.420703333E+9	2.220407000E-5
1.420706667E+9	2.191871000E-5
1.420710000E+9	2.177867000E-5
1.420713333E+9	2.204884000E-5
1.420716667E+9	2.202222000E-5
1.420720000E+9	2.250795000E-5
1.420723333E+9	2.218441000E-5
1.420726667E+9	2.244499000E-5
1.420730000E+9	2.238521000E-5
1.420733333E+9	2.223579000E-5
1.420736667E+9	2.241374000E-5
1.420740000E+9	2.241635000E-5
1.420743333E+9	2.222268000E-5
1.420746667E+9	2.217119000E-5
1.420750000E+9	2.215303000E-5
1.420753333E+9	2.220554000E-5
1.420756667E+9	2.196863000E-5
1.420760000E+9	2.288694000E-5
1.420763333E+9	2.205842000E-5
1.420766667E+9	2.202999000E-5
1.420770000E+9	2.218166000E-5
1.420773333E+9	2.213971000E-5
1.420776667E+9	2.256114000E-5
1.420780000E+9	2.221656000E-5
1.420783333E+9	2.227547000E-5
1.420786667E+9	2.198350000E-5
1.420790000E+9	2.261019000E-5
1.420793333E+9	2.271869000E-5
1.420796667E+9	2.320617000E-5
1.420800000E+9	2.204165000E-5
1.420803333E+9	2.205700000E-5
1.420806667E+9	2.172343000E-5
1.420810000E+9	2.233572000E-5
1.420813333E+9	2.294473000E-5
1.420816667E+9	2.251346000E-5
1.420820000E+9	2.216878000E-5
1.420823333E+9	2.272421000E-5
1.420826667E+9	2.220622000E-5
1.420830000E+9	2.180556000E-5
1.420833333E+9	2.242499000E-5
1.420836667E+9	2.213786000E-5
1.420840000E+9	2.477039000E-5
1.420843333E+9	2.783056000E-5
1.420846667E+9	2.260039000E-5
1.420850000E+9	2.194949000E-5
1.420853333E+9	2.180240000E-5
1.420856667E+9	2.216014000E-5
1.420860000E+9	2.208387000E-5
1.420863333E+9	2.240437000E-5
1.420866667E+9	2.278684000E-5
1.420870000E+9	2.272623000E-5
1.420873333E+9	2.251084000E-5
1.420876667E+9	2.228585000E-5
1.420880000E+9	2.231268000E-5
1.420883333E+9	2.584990000E-5
1.420886667E+9	2.459275000E-5
1.420890000E+9	2.182379000E-5
1.420893333E+9	2.269513000E-5
1.420896667E+9	2.364969000E-5
1.420900000E+9	2.496970000E-5
1.420903333E+9	2.292305000E-5
1.420906667E+9	2.320900000E-5
1.420910000E+9	2.230105000E-5
1.420913333E+9	2.231513000E-5
1.420916667E+9	2.232356000E-5
1.420920000E+9	2.265127000E-5
1.420923333E+9	2.216763000E-5
1.420926667E+9	2.184081000E-5
1.420930000E+9	2.245345000E-5
1.420933333E+9	2.218258000E-5
1.420936667E+9	2.235120000E-5
1.420940000E+9	2.190988000E-5
1.420943333E+9	2.261149000E-5
1.420946667E+9	2.247150000E-5
1.420950000E+9	2.233584000E-5
1.420953333E+9	2.213704000E-5
1.420956667E+9	2.187186000E-5
1.420960000E+9	2.237084000E-5
1.420963333E+9	2.241269000E-5
1.420966667E+9	2.265157000E-5
1.420970000E+9	2.232128000E-5
1.420973333E+9	2.208193000E-5
1.420976667E+9	2.233440000E-5
1.420980000E+9	2.243709000E-5
1.420983333E+9	2.228545000E-5
1.420986667E+9	2.237846000E-5
1.420990000E+9	2.226833000E-5
1.420993333E+9	2.225249000E-5
1.420996667E+9	2.150682000E-5
1.421000000E+9	2.225672000E-5
1.421003333E+9	2.221449000E-5
1.421006667E+9	2.230362000E-5
1.421010000E+9	2.225621000E-5
1.421013333E+9	2.183651000E-5
1.421016667E+9	2.210840000E-5
1.421020000E+9	2.216294000E-5
1.421023333E+9	2.231371000E-5
1.421026667E+9	2.222878000E-5
1.421030000E+9	2.209233000E-5
1.421033333E+9	2.224570000E-5
1.421036667E+9	2.223982000E-5
1.421040000E+9	2.267075000E-5
1.421043333E+9	2.242024000E-5
1.421046667E+9	2.186554000E-5
1.421050000E+9	2.199881000E-5
1.421053333E+9	2.209284000E-5
1.421056667E+9	2.206390000E-5
1.421060000E+9	2.200129000E-5
1.421063333E+9	2.208564000E-5
1.421066667E+9	2.208741000E-5
1.421070000E+9	2.179627000E-5
1.421073333E+9	2.205351000E-5
1.421076667E+9	2.175021000E-5
1.421080000E+9	2.198420000E-5
1.421083333E+9	2.203729000E-5
1.421086667E+9	2.175799000E-5
1.421090000E+9	2.206218000E-5
1.421093333E+9	2.253154000E-5
1.421096667E+9	2.278794000E-5
1.421100000E+9	2.181186000E-5
1.421103333E+9	2.250214000E-5
1.421106667E+9	2.225665000E-5
1.421110000E+9	2.233989000E-5
1.421113333E+9	2.211131000E-5
1.421116667E+9	2.200902000E-5
1.421120000E+9	2.205545000E-5
1.421123333E+9	2.203137000E-5
1.421126667E+9	2.195595000E-5
1.421130000E+9	2.237268000E-5
1.421133333E+9	2.281157000E-5
1.421136667E+9	2.203040000E-5
1.421140000E+9	2.193812000E-5
1.421143333E+9	2.233552000E-5
1.421146667E+9	2.175978000E-5
1.421150000E+9	2.228810000E-5
1.421153333E+9	2.225083000E-5
1.421156667E+9	2.223286000E-5
1.421160000E+9	2.195342000E-5
1.421163333E+9	2.229950000E-5
1.421166667E+9	2.224111000E-5
1.421170000E+9	2.245177000E-5
1.421173333E+9	2.208882000E-5
1.421176667E+9	2.378662000E-5
1.421180000E+9	2.610916000E-5
1.421183333E+9	2.212170000E-5
1.421186667E+9	2.274560000E-5
1.421190000E+9	2.262890000E-5
1.421193333E+9	2.262813000E-5
1.421196667E+9	2.197797000E-5
1.421200000E+9	2.217866000E-5
1.421203333E+9	2.221197000E-5
1.421206667E+9	2.294118000E-5
1.421210000E+9	2.285309000E-5
1.421213333E+9	2.242191000E-5
1.421216667E+9	2.198456000E-5
1.421220000E+9	2.235245000E-5
1.421223333E+9	2.257666000E-5
1.421226667E+9	2.161076000E-5
1.421230000E+9	2.287940000E-5
1.421233333E+9	2.282139000E-5
1.421236667E+9	2.196253000E-5
1.421240000E+9	2.244238000E-5
1.421243333E+9	2.203944000E-5
1.421246667E+9	2.203107000E-5
1.421250000E+9	2.228007000E-5
1.421253333E+9	2.224526000E-5
1.421256667E+9	2.214438000E-5
1.421260000E+9	2.260563000E-5
1.421263333E+9	2.226902000E-5
1.421266667E+9	2.280889000E-5
1.421270000E+9	2.251309000E-5
1.421273333E+9	2.278699000E-5
1.421276667E+9	2.332654000E-5
1.421280000E+9	2.268317000E-5
1.421283333E+9	2.229737000E-5
1.421286667E+9	2.243662000E-5
1.421290000E+9	2.222449000E-5
1.421293333E+9	2.248122000E-5
1.421296667E+9	2.320179000E-5
1.421300000E+9	2.344290000E-5
1.421303333E+9	2.250330000E-5
1.421306667E+9	2.242736000E-5
1.421310000E+9	2.294627000E-5
1.421313333E+9	2.264689000E-5
1.421316667E+9	2.316078000E-5
1.421320000E+9	2.336781000E-5
1.421323333E+9	2.309124000E-5
1.421326667E+9	2.331627000E-5
1.421330000E+9	2.286611000E-5
1.421333333E+9	2.332434000E-5
1.421336667E+9	2.403075000E-5
1.421340000E+9	2.441111000E-5
1.421343333E+9	2.882218000E-5
1.421346667E+9	2.759535000E-5
1.421350000E+9	2.354670000E-5
1.421353333E+9	2.382659000E-5
1.421356667E+9	2.397743000E-5
1.421360000E+9	2.343299000E-5
1.421363333E+9	2.550102000E-5
1.421366667E+9	2.867071000E-5
1.421370000E+9	2.390507000E-5
1.421373333E+9	2.292821000E-5
1.421376667E+9	2.282052000E-5
1.421380000E+9	2.300861000E-5
1.421383333E+9	2.375481000E-5
1.421386667E+9	2.290023000E-5
1.421390000E+9	2.320683000E-5
1.421393333E+9	2.329444000E-5
1.421396667E+9	2.288445000E-5
1.421400000E+9	2.309273000E-5
