Frequency, Hz	Amplitude, Volts
1.419400000E+9	1.459242000E-5
1.419403333E+9	1.464269000E-5
1.419406667E+9	1.478109000E-5
1.419410000E+9	1.460124000E-5
1.419413333E+9	1.474876000E-5
1.419416667E+9	1.464928000E-5
1.419420000E+9	1.479149000E-5
1.419423333E+9	1.441181000E-5
1.419426667E+9	1.440373000E-5
1.419430000E+9	1.476418000E-5
1.419433333E+9	1.494466000E-5
1.419436667E+9	1.465092000E-5
1.419440000E+9	1.476895000E-5
1.419443333E+9	1.488625000E-5
1.419446667E+9	1.490630000E-5
1.419450000E+9	1.517756000E-5
1.419453333E+9	1.563123000E-5
1.419456667E+9	1.526207000E-5
1.419460000E+9	1.454801000E-5
1.419463333E+9	1.482162000E-5
1.419466667E+9	1.470112000E-5
1.419470000E+9	1.481870000E-5
1.419473333E+9	1.446730000E-5
1.419476667E+9	1.460707000E-5
1.419480000E+9	1.464606000E-5
1.419483333E+9	1.456754000E-5
1.419486667E+9	1.490799000E-5
1.419490000E+9	1.465041000E-5
1.419493333E+9	1.471466000E-5
1.419496667E+9	1.477792000E-5
1.419500000E+9	1.449801000E-5
1.419503333E+9	1.443195000E-5
1.419506667E+9	1.446058000E-5
1.419510000E+9	1.476355000E-5
1.419513333E+9	1.446922000E-5
1.419516667E+9	1.457590000E-5
1.419520000E+9	1.486490000E-5
1.419523333E+9	1.481815000E-5
1.419526667E+9	1.462784000E-5
1.419530000E+9	1.446058000E-5
1.419533333E+9	1.462105000E-5
1.419536667E+9	1.462644000E-5
1.419540000E+9	1.459638000E-5
1.419543333E+9	1.456831000E-5
1.419546667E+9	1.473957000E-5
1.419550000E+9	1.500021000E-5
1.419553333E+9	1.479096000E-5
1.419556667E+9	1.461948000E-5
1.419560000E+9	1.446946000E-5
1.419563333E+9	1.484073000E-5
1.419566667E+9	1.466945000E-5
1.419570000E+9	1.492790000E-5
1.419573333E+9	1.477072000E-5
1.419576667E+9	1.455758000E-5
1.419580000E+9	1.473557000E-5
1.419583333E+9	1.463430000E-5
1.419586667E+9	1.475009000E-5
1.419590000E+9	1.461204000E-5
1.419593333E+9	1.467273000E-5
1.419596667E+9	1.490648000E-5
1.419600000E+9	1.464766000E-5
1.419603333E+9	1.470465000E-5
1.419606667E+9	1.450993000E-5
1.419610000E+9	1.467456000E-5
1.419613333E+9	1.469884000E-5
1.419616667E+9	1.430912000E-5
1.419620000E+9	1.455389000E-5
1.419623333E+9	1.485205000E-5
1.419626667E+9	1.455817000E-5
1.419630000E+9	1.475924000E-5
1.419633333E+9	1.454247000E-5
1.419636667E+9	1.471182000E-5
1.419640000E+9	1.505573000E-5
1.419643333E+9	1.464889000E-5
1.419646667E+9	1.473974000E-5
1.419650000E+9	1.464688000E-5
1.419653333E+9	1.466227000E-5
1.419656667E+9	1.467261000E-5
1.419660000E+9	1.473418000E-5
1.419663333E+9	1.452865000E-5
1.419666667E+9	1.462823000E-5
1.419670000E+9	1.476678000E-5
1.419673333E+9	1.439521000E-5
1.419676667E+9	1.456786000E-5
1.419680000E+9	1.465367000E-5
1.419683333E+9	1.471306000E-5
1.419686667E+9	1.490779000E-5
1.419690000E+9	1.444889000E-5
1.419693333E+9	1.464888000E-5
1.419696667E+9	1.479101000E-5
1.419700000E+9	1.446044000E-5
1.419703333E+9	1.457647000E-5
1.419706667E+9	1.488287000E-5
1.419710000E+9	1.457466000E-5
1.419713333E+9	1.507406000E-5
1.419716667E+9	1.454712000E-5
1.419720000E+9	1.452814000E-5
1.419723333E+9	1.456361000E-5
1.419726667E+9	1.479269000E-5
1.419730000E+9	1.467696000E-5
1.419733333E+9	1.486092000E-5
1.419736667E+9	1.479128000E-5
1.419740000E+9	1.451001000E-5
1.419743333E+9	1.509084000E-5
1.419746667E+9	1.566863000E-5
1.419750000E+9	1.501005000E-5
1.419753333E+9	1.509541000E-5
1.419756667E+9	1.447094000E-5
1.419760000E+9	1.463844000E-5
1.419763333E+9	1.477771000E-5
1.419766667E+9	1.495413000E-5
1.419770000E+9	1.499071000E-5
1.419773333E+9	1.460422000E-5
1.419776667E+9	1.448035000E-5
1.419780000E+9	1.463546000E-5
1.419783333E+9	1.474275000E-5
1.419786667E+9	1.464303000E-5
1.419790000E+9	1.476764000E-5
1.419793333E+9	1.474688000E-5
1.419796667E+9	1.474745000E-5
1.419800000E+9	1.463531000E-5
1.419803333E+9	1.494988000E-5
1.419806667E+9	1.475887000E-5
1.419810000E+9	1.428234000E-5
1.419813333E+9	1.441692000E-5
1.419816667E+9	1.455450000E-5
1.419820000E+9	1.468011000E-5
1.419823333E+9	1.467317000E-5
1.419826667E+9	1.453248000E-5
1.419830000E+9	1.444846000E-5
1.419833333E+9	1.449996000E-5
1.419836667E+9	1.465177000E-5
1.419840000E+9	1.434414000E-5
1.419843333E+9	1.495604000E-5
1.419846667E+9	1.475786000E-5
1.419850000E+9	1.450186000E-5
1.419853333E+9	1.459394000E-5
1.419856667E+9	1.449398000E-5
1.419860000E+9	1.480260000E-5
1.419863333E+9	1.519515000E-5
1.419866667E+9	1.463120000E-5
1.419870000E+9	1.471156000E-5
1.419873333E+9	1.454073000E-5
1.419876667E+9	1.464323000E-5
1.419880000E+9	1.470112000E-5
1.419883333E+9	1.458364000E-5
1.419886667E+9	1.482298000E-5
1.419890000E+9	1.474785000E-5
1.419893333E+9	1.463605000E-5
1.419896667E+9	1.474324000E-5
1.419900000E+9	1.508191000E-5
1.419903333E+9	1.465824000E-5
1.419906667E+9	1.488156000E-5
1.419910000E+9	1.452953000E-5
1.419913333E+9	1.453848000E-5
1.419916667E+9	1.464819000E-5
1.419920000E+9	1.457228000E-5
1.419923333E+9	1.458910000E-5
1.419926667E+9	1.458611000E-5
1.419930000E+9	1.469960000E-5
1.419933333E+9	1.458630000E-5
1.419936667E+9	1.457892000E-5
1.419940000E+9	1.480275000E-5
1.419943333E+9	1.473516000E-5
1.419946667E+9	1.494038000E-5
1.419950000E+9	1.453559000E-5
1.419953333E+9	1.472960000E-5
1.419956667E+9	1.461160000E-5
1.419960000E+9	1.471303000E-5
1.419963333E+9	1.454558000E-5
1.419966667E+9	1.479112000E-5
1.419970000E+9	1.465081000E-5
1.419973333E+9	1.496458000E-5
1.419976667E+9	1.536247000E-5
1.419980000E+9	1.652507000E-5
1.419983333E+9	1.485092000E-5
1.419986667E+9	1.464595000E-5
1.419990000E+9	1.468639000E-5
1.419993333E+9	1.483326000E-5
1.419996667E+9	1.471119000E-5
1.420000000E+9	1.455287000E-5
1.420003333E+9	1.482072000E-5
1.420006667E+9	1.437286000E-5
1.420010000E+9	1.459306000E-5
1.420013333E+9	1.475689000E-5
1.420016667E+9	1.478703000E-5
1.420020000E+9	1.478907000E-5
1.420023333E+9	1.449766000E-5
1.420026667E+9	1.501217000E-5
1.420030000E+9	1.443322000E-5
1.420033333E+9	1.494929000E-5
1.420036667E+9	1.492954000E-5
1.420040000E+9	1.572475000E-5
1.420043333E+9	1.502782000E-5
1.420046667E+9	1.478501000E-5
1.420050000E+9	1.478904000E-5
1.420053333E+9	1.486774000E-5
1.420056667E+9	1.435088000E-5
1.420060000E+9	1.454806000E-5
1.420063333E+9	1.431201000E-5
1.420066667E+9	1.470023000E-5
1.420070000E+9	1.419249000E-5
1.420073333E+9	1.474534000E-5
1.420076667E+9	1.470352000E-5
1.420080000E+9	1.458882000E-5
1.420083333E+9	1.435792000E-5
1.420086667E+9	1.456172000E-5
1.420090000E+9	1.463877000E-5
1.420093333E+9	1.479749000E-5
1.420096667E+9	1.471105000E-5
1.420100000E+9	1.463341000E-5
1.420103333E+9	1.473018000E-5
1.420106667E+9	1.448280000E-5
1.420110000E+9	1.462982000E-5
1.420113333E+9	1.453541000E-5
1.420116667E+9	1.483321000E-5
1.420120000E+9	1.452101000E-5
1.420123333E+9	1.467377000E-5
1.420126667E+9	1.464846000E-5
1.420130000E+9	1.445173000E-5
1.420133333E+9	1.455865000E-5
1.420136667E+9	1.472268000E-5
1.420140000E+9	1.451970000E-5
1.420143333E+9	1.460395000E-5
1.420146667E+9	1.443015000E-5
1.420150000E+9	1.452683000E-5
1.420153333E+9	1.446846000E-5
1.420156667E+9	1.465111000E-5
1.420160000E+9	1.451008000E-5
1.420163333E+9	1.469174000E-5
1.420166667E+9	1.454226000E-5
1.420170000E+9	1.438179000E-5
1.420173333E+9	1.460731000E-5
1.420176667E+9	1.459316000E-5
1.420180000E+9	1.461147000E-5
1.420183333E+9	1.488545000E-5
1.420186667E+9	1.448868000E-5
1.420190000E+9	1.453186000E-5
1.420193333E+9	1.450965000E-5
1.420196667E+9	1.474509000E-5
1.420200000E+9	1.512537000E-5
1.420203333E+9	1.469331000E-5
1.420206667E+9	1.436141000E-5
1.420210000E+9	1.482245000E-5
1.420213333E+9	1.481413000E-5
1.420216667E+9	1.456718000E-5
1.420220000E+9	1.458022000E-5
1.420223333E+9	1.463684000E-5
1.420226667E+9	1.458148000E-5
1.420230000E+9	1.472591000E-5
1.420233333E+9	1.442506000E-5
1.420236667E+9	1.533646000E-5
1.420240000E+9	1.435321000E-5
1.420243333E+9	1.447966000E-5
1.420246667E+9	1.453383000E-5
1.420250000E+9	1.461997000E-5
1.420253333E+9	1.441632000E-5
1.420256667E+9	1.448991000E-5
1.420260000E+9	1.475971000E-5
1.420263333E+9	1.475219000E-5
1.420266667E+9	1.466834000E-5
1.420270000E+9	1.492017000E-5
1.420273333E+9	1.490246000E-5
1.420276667E+9	1.463706000E-5
1.420280000E+9	1.453894000E-5
1.420283333E+9	1.473622000E-5
1.420286667E+9	1.444514000E-5
1.420290000E+9	1.452793000E-5
1.420293333E+9	1.466663000E-5
1.420296667E+9	1.514556000E-5
1.420300000E+9	1.430059000E-5
1.420303333E+9	1.498968000E-5
1.420306667E+9	1.465221000E-5
1.420310000E+9	1.514270000E-5
1.420313333E+9	1.498584000E-5
1.420316667E+9	1.466235000E-5
1.420320000E+9	1.484385000E-5
1.420323333E+9	1.459872000E-5
1.420326667E+9	1.496552000E-5
1.420330000E+9	1.498420000E-5
1.420333333E+9	1.575785000E-5
1.420336667E+9	1.520087000E-5
1.420340000E+9	1.470129000E-5
1.420343333E+9	1.460717000E-5
1.420346667E+9	1.505539000E-5
1.420350000E+9	1.487692000E-5
1.420353333E+9	1.451741000E-5
1.420356667E+9	1.478001000E-5
1.420360000E+9	1.449735000E-5
1.420363333E+9	1.444010000E-5
1.420366667E+9	1.492492000E-5
1.420370000E+9	1.442788000E-5
1.420373333E+9	1.453992000E-5
1.420376667E+9	1.478623000E-5
1.420380000E+9	1.467485000E-5
1.420383333E+9	1.453106000E-5
1.420386667E+9	1.461049000E-5
1.420390000E+9	1.487953000E-5
1.420393333E+9	1.449974000E-5
1.420396667E+9	1.486869000E-5
1.420400000E+9	1.459236000E-5
1.420403333E+9	1.478696000E-5
1.420406667E+9	1.459104000E-5
1.420410000E+9	1.448595000E-5
1.420413333E+9	1.478617000E-5
1.420416667E+9	1.490447000E-5
1.420420000E+9	1.465366000E-5
1.420423333E+9	1.502957000E-5
1.420426667E+9	1.490807000E-5
1.420430000E+9	1.495226000E-5
1.420433333E+9	1.449457000E-5
1.420436667E+9	1.513650000E-5
1.420440000E+9	1.474589000E-5
1.420443333E+9	1.475082000E-5
1.420446667E+9	1.513047000E-5
1.420450000E+9	1.500052000E-5
1.420453333E+9	1.504042000E-5
1.420456667E+9	1.492194000E-5
1.420460000E+9	1.512001000E-5
1.420463333E+9	1.510863000E-5
1.420466667E+9	1.499145000E-5
1.420470000E+9	1.558224000E-5
1.420473333E+9	1.536139000E-5
1.420476667E+9	1.555714000E-5
1.420480000E+9	1.563277000E-5
1.420483333E+9	1.578914000E-5
1.420486667E+9	1.637119000E-5
1.420490000E+9	1.612209000E-5
1.420493333E+9	1.612131000E-5
1.420496667E+9	1.646795000E-5
1.420500000E+9	1.647920000E-5
1.420503333E+9	1.588396000E-5
1.420506667E+9	1.617952000E-5
1.420510000E+9	1.632639000E-5
1.420513333E+9	1.632148000E-5
1.420516667E+9	1.615462000E-5
1.420520000E+9	1.624655000E-5
1.420523333E+9	1.628644000E-5
1.420526667E+9	1.645206000E-5
1.420530000E+9	1.631759000E-5
1.420533333E+9	1.651735000E-5
1.420536667E+9	1.638513000E-5
1.420540000E+9	1.617245000E-5
1.420543333E+9	1.617210000E-5
1.420546667E+9	1.640951000E-5
1.420550000E+9	1.642616000E-5
1.420553333E+9	1.638578000E-5
1.420556667E+9	1.622729000E-5
1.420560000E+9	1.632357000E-5
1.420563333E+9	1.606960000E-5
1.420566667E+9	1.591522000E-5
1.420570000E+9	1.603574000E-5
1.420573333E+9	1.599052000E-5
1.420576667E+9	1.572304000E-5
1.420580000E+9	1.575863000E-5
1.420583333E+9	1.521141000E-5
1.420586667E+9	1.553906000E-5
1.420590000E+9	1.578961000E-5
1.420593333E+9	1.551274000E-5
1.420596667E+9	1.528368000E-5
1.420600000E+9	1.533414000E-5
1.420603333E+9	1.530706000E-5
1.420606667E+9	1.529745000E-5
1.420610000E+9	1.569920000E-5
1.420613333E+9	1.562577000E-5
1.420616667E+9	1.524835000E-5
1.420620000E+9	1.549727000E-5
1.420623333E+9	1.536495000E-5
1.420626667E+9	1.711348000E-5
1.420630000E+9	1.530390000E-5
1.420633333E+9	1.520208000E-5
1.420636667E+9	1.532698000E-5
1.420640000E+9	1.550069000E-5
1.420643333E+9	1.529078000E-5
1.420646667E+9	1.596722000E-5
1.420650000E+9	1.566671000E-5
1.420653333E+9	1.531876000E-5
1.420656667E+9	1.536127000E-5
1.420660000E+9	1.545533000E-5
1.420663333E+9	1.557404000E-5
1.420666667E+9	1.555432000E-5
1.420670000E+9	1.561358000E-5
1.420673333E+9	1.562417000E-5
1.420676667E+9	1.579157000E-5
1.420680000E+9	1.583131000E-5
1.420683333E+9	1.595711000E-5
1.420686667E+9	1.559658000E-5
1.420690000E+9	1.601723000E-5
1.420693333E+9	1.596629000E-5
1.420696667E+9	1.590869000E-5
1.420700000E+9	1.603763000E-5
1.420703333E+9	1.597594000E-5
1.420706667E+9	1.599920000E-5
1.420710000E+9	1.626780000E-5
1.420713333E+9	1.595282000E-5
1.420716667E+9	1.589495000E-5
1.420720000E+9	1.605397000E-5
1.420723333E+9	1.584045000E-5
1.420726667E+9	1.595165000E-5
1.420730000E+9	1.590832000E-5
1.420733333E+9	1.621602000E-5
1.420736667E+9	1.598720000E-5
1.420740000E+9	1.604434000E-5
1.420743333E+9	1.616477000E-5
1.420746667E+9	1.577829000E-5
1.420750000E+9	1.589739000E-5
1.420753333E+9	1.633351000E-5
1.420756667E+9	1.645956000E-5
1.420760000E+9	1.666269000E-5
1.420763333E+9	1.621077000E-5
1.420766667E+9	1.605962000E-5
1.420770000E+9	1.652533000E-5
1.420773333E+9	1.597150000E-5
1.420776667E+9	1.607924000E-5
1.420780000E+9	1.600246000E-5
1.420783333E+9	1.577517000E-5
1.420786667E+9	1.563720000E-5
1.420790000E+9	1.625882000E-5
1.420793333E+9	1.625052000E-5
1.420796667E+9	1.665899000E-5
1.420800000E+9	1.619714000E-5
1.420803333E+9	1.574916000E-5
1.420806667E+9	1.579013000E-5
1.420810000E+9	1.542522000E-5
1.420813333E+9	1.559264000E-5
1.420816667E+9	1.520546000E-5
1.420820000E+9	1.513925000E-5
1.420823333E+9	1.529011000E-5
1.420826667E+9	1.547005000E-5
1.420830000E+9	1.528167000E-5
1.420833333E+9	1.542815000E-5
1.420836667E+9	1.517879000E-5
1.420840000E+9	1.539749000E-5
1.420843333E+9	1.494516000E-5
1.420846667E+9	1.545961000E-5
1.420850000E+9	1.540640000E-5
1.420853333E+9	1.511289000E-5
1.420856667E+9	1.506748000E-5
1.420860000E+9	1.497433000E-5
1.420863333E+9	1.541498000E-5
1.420866667E+9	1.530008000E-5
1.420870000E+9	1.520147000E-5
1.420873333E+9	1.534913000E-5
1.420876667E+9	1.538292000E-5
1.420880000E+9	1.524488000E-5
1.420883333E+9	1.584477000E-5
1.420886667E+9	1.562608000E-5
1.420890000E+9	1.504658000E-5
1.420893333E+9	1.472210000E-5
1.420896667E+9	1.524545000E-5
1.420900000E+9	1.588713000E-5
1.420903333E+9	1.547387000E-5
1.420906667E+9	1.581314000E-5
1.420910000E+9	1.551307000E-5
1.420913333E+9	1.587472000E-5
1.420916667E+9	1.711598000E-5
1.420920000E+9	1.989280000E-5
1.420923333E+9	1.519000000E-5
1.420926667E+9	1.506714000E-5
1.420930000E+9	1.506324000E-5
1.420933333E+9	1.474381000E-5
1.420936667E+9	1.514758000E-5
1.420940000E+9	1.546477000E-5
1.420943333E+9	1.565223000E-5
1.420946667E+9	1.578216000E-5
1.420950000E+9	1.513845000E-5
1.420953333E+9	1.500079000E-5
1.420956667E+9	1.513366000E-5
1.420960000E+9	1.507300000E-5
1.420963333E+9	1.523462000E-5
1.420966667E+9	1.533175000E-5
1.420970000E+9	1.500267000E-5
1.420973333E+9	1.511843000E-5
1.420976667E+9	1.499888000E-5
1.420980000E+9	1.453835000E-5
1.420983333E+9	1.508956000E-5
1.420986667E+9	1.507275000E-5
1.420990000E+9	1.546888000E-5
1.420993333E+9	1.500207000E-5
1.420996667E+9	1.473521000E-5
1.421000000E+9	1.507623000E-5
1.421003333E+9	1.469774000E-5
1.421006667E+9	1.472921000E-5
1.421010000E+9	1.505638000E-5
1.421013333E+9	1.465541000E-5
1.421016667E+9	1.465715000E-5
1.421020000E+9	1.529945000E-5
1.421023333E+9	1.484083000E-5
1.421026667E+9	1.459654000E-5
1.421030000E+9	1.483660000E-5
1.421033333E+9	1.482305000E-5
1.421036667E+9	1.479183000E-5
1.421040000E+9	1.487075000E-5
1.421043333E+9	1.468976000E-5
1.421046667E+9	1.486415000E-5
1.421050000E+9	1.463955000E-5
1.421053333E+9	1.466566000E-5
1.421056667E+9	1.528986000E-5
1.421060000E+9	1.488061000E-5
1.421063333E+9	1.486046000E-5
1.421066667E+9	1.492181000E-5
1.421070000E+9	1.477150000E-5
1.421073333E+9	1.451326000E-5
1.421076667E+9	1.481322000E-5
1.421080000E+9	1.445106000E-5
1.421083333E+9	1.473329000E-5
1.421086667E+9	1.457201000E-5
1.421090000E+9	1.491886000E-5
1.421093333E+9	1.508174000E-5
1.421096667E+9	1.491650000E-5
1.421100000E+9	1.456168000E-5
1.421103333E+9	1.437112000E-5
1.421106667E+9	1.452257000E-5
1.421110000E+9	1.436663000E-5
1.421113333E+9	1.458677000E-5
1.421116667E+9	1.440941000E-5
1.421120000E+9	1.429799000E-5
1.421123333E+9	1.470895000E-5
1.421126667E+9	1.445703000E-5
1.421130000E+9	1.453309000E-5
1.421133333E+9	1.509503000E-5
1.421136667E+9	1.479602000E-5
1.421140000E+9	1.458621000E-5
1.421143333E+9	1.469627000E-5
1.421146667E+9	1.463652000E-5
1.421150000E+9	1.499004000E-5
1.421153333E+9	1.487457000E-5
1.421156667E+9	1.468622000E-5
1.421160000E+9	1.457966000E-5
1.421163333E+9	1.434903000E-5
1.421166667E+9	1.456836000E-5
1.421170000E+9	1.440624000E-5
1.421173333E+9	1.435808000E-5
1.421176667E+9	1.503276000E-5
1.421180000E+9	1.525737000E-5
1.421183333E+9	1.441689000E-5
1.421186667E+9	1.466462000E-5
1.421190000E+9	1.465799000E-5
1.421193333E+9	1.465102000E-5
1.421196667E+9	1.480194000E-5
1.421200000E+9	1.471185000E-5
1.421203333E+9	1.478324000E-5
1.421206667E+9	1.527737000E-5
1.421210000E+9	1.531430000E-5
1.421213333E+9	1.641333000E-5
1.421216667E+9	1.497012000E-5
1.421220000E+9	1.432833000E-5
1.421223333E+9	1.474468000E-5
1.421226667E+9	1.430185000E-5
1.421230000E+9	1.464967000E-5
1.421233333E+9	1.483660000E-5
1.421236667E+9	1.462174000E-5
1.421240000E+9	1.461166000E-5
1.421243333E+9	1.515378000E-5
1.421246667E+9	1.470210000E-5
1.421250000E+9	1.446263000E-5
1.421253333E+9	1.467386000E-5
1.421256667E+9	1.459143000E-5
1.421260000E+9	1.461795000E-5
1.421263333E+9	1.451180000E-5
1.421266667E+9	1.457313000E-5
1.421270000E+9	1.478381000E-5
1.421273333E+9	1.471778000E-5
1.421276667E+9	1.463173000E-5
1.421280000E+9	1.511327000E-5
1.421283333E+9	1.487940000E-5
1.421286667E+9	1.504123000E-5
1.421290000E+9	1.457814000E-5
1.421293333E+9	1.461407000E-5
1.421296667E+9	1.466945000E-5
1.421300000E+9	1.451884000E-5
1.421303333E+9	1.447812000E-5
1.421306667E+9	1.444281000E-5
1.421310000E+9	1.456948000E-5
1.421313333E+9	1.440879000E-5
1.421316667E+9	1.457330000E-5
1.421320000E+9	1.472122000E-5
1.421323333E+9	1.443761000E-5
1.421326667E+9	1.485451000E-5
1.421330000E+9	1.480932000E-5
1.421333333E+9	1.476715000E-5
1.421336667E+9	1.448596000E-5
1.421340000E+9	1.469164000E-5
1.421343333E+9	1.481506000E-5
1.421346667E+9	1.454895000E-5
1.421350000E+9	1.462331000E-5
1.421353333E+9	1.455514000E-5
1.421356667E+9	1.480576000E-5
1.421360000E+9	1.453762000E-5
1.421363333E+9	1.478529000E-5
1.421366667E+9	1.491539000E-5
1.421370000E+9	1.443229000E-5
1.421373333E+9	1.470165000E-5
1.421376667E+9	1.466574000E-5
1.421380000E+9	1.463796000E-5
1.421383333E+9	1.445809000E-5
1.421386667E+9	1.493996000E-5
1.421390000E+9	1.466660000E-5
1.421393333E+9	1.506273000E-5
1.421396667E+9	1.462872000E-5
1.421400000E+9	1.461009000E-5
