Frequency, Hz	Amplitude, Volts
1.419400000E+9	1.984418000E-5
1.419403333E+9	1.873975000E-5
1.419406667E+9	1.883288000E-5
1.419410000E+9	1.836429000E-5
1.419413333E+9	1.847577000E-5
1.419416667E+9	1.903778000E-5
1.419420000E+9	1.886833000E-5
1.419423333E+9	1.884909000E-5
1.419426667E+9	1.854122000E-5
1.419430000E+9	1.862623000E-5
1.419433333E+9	1.867158000E-5
1.419436667E+9	1.837532000E-5
1.419440000E+9	1.883813000E-5
1.419443333E+9	1.921491000E-5
1.419446667E+9	1.990167000E-5
1.419450000E+9	1.964549000E-5
1.419453333E+9	1.977441000E-5
1.419456667E+9	1.910462000E-5
1.419460000E+9	1.851921000E-5
1.419463333E+9	1.874656000E-5
1.419466667E+9	1.893164000E-5
1.419470000E+9	1.904299000E-5
1.419473333E+9	1.887088000E-5
1.419476667E+9	1.825541000E-5
1.419480000E+9	1.868292000E-5
1.419483333E+9	1.822533000E-5
1.419486667E+9	1.851008000E-5
1.419490000E+9	1.925407000E-5
1.419493333E+9	2.007851000E-5
1.419496667E+9	1.897143000E-5
1.419500000E+9	1.828936000E-5
1.419503333E+9	1.842618000E-5
1.419506667E+9	1.859257000E-5
1.419510000E+9	1.821235000E-5
1.419513333E+9	1.869688000E-5
1.419516667E+9	1.887187000E-5
1.419520000E+9	1.855126000E-5
1.419523333E+9	1.843455000E-5
1.419526667E+9	1.808661000E-5
1.419530000E+9	1.840345000E-5
1.419533333E+9	1.855513000E-5
1.419536667E+9	1.973500000E-5
1.419540000E+9	1.975889000E-5
1.419543333E+9	1.850002000E-5
1.419546667E+9	1.862584000E-5
1.419550000E+9	1.847068000E-5
1.419553333E+9	1.844085000E-5
1.419556667E+9	1.817072000E-5
1.419560000E+9	1.871111000E-5
1.419563333E+9	1.894039000E-5
1.419566667E+9	1.869293000E-5
1.419570000E+9	1.825958000E-5
1.419573333E+9	1.817998000E-5
1.419576667E+9	1.827763000E-5
1.419580000E+9	1.867252000E-5
1.419583333E+9	1.921897000E-5
1.419586667E+9	2.004831000E-5
1.419590000E+9	1.870267000E-5
1.419593333E+9	1.830408000E-5
1.419596667E+9	1.873018000E-5
1.419600000E+9	1.886168000E-5
1.419603333E+9	1.862044000E-5
1.419606667E+9	1.820009000E-5
1.419610000E+9	1.896634000E-5
1.419613333E+9	1.835343000E-5
1.419616667E+9	1.830852000E-5
1.419620000E+9	1.806920000E-5
1.419623333E+9	1.850309000E-5
1.419626667E+9	1.859192000E-5
1.419630000E+9	1.909994000E-5
1.419633333E+9	1.952038000E-5
1.419636667E+9	1.844484000E-5
1.419640000E+9	1.862600000E-5
1.419643333E+9	1.810783000E-5
1.419646667E+9	1.846830000E-5
1.419650000E+9	1.836685000E-5
1.419653333E+9	1.859621000E-5
1.419656667E+9	1.867913000E-5
1.419660000E+9	1.818847000E-5
1.419663333E+9	1.863527000E-5
1.419666667E+9	1.819234000E-5
1.419670000E+9	1.881700000E-5
1.419673333E+9	1.855534000E-5
1.419676667E+9	1.915618000E-5
1.419680000E+9	1.974802000E-5
1.419683333E+9	1.859053000E-5
1.419686667E+9	1.817877000E-5
1.419690000E+9	1.830286000E-5
1.419693333E+9	1.795562000E-5
1.419696667E+9	1.822471000E-5
1.419700000E+9	1.869419000E-5
1.419703333E+9	1.869653000E-5
1.419706667E+9	1.844267000E-5
1.419710000E+9	1.825409000E-5
1.419713333E+9	1.810308000E-5
1.419716667E+9	1.844988000E-5
1.419720000E+9	1.839349000E-5
1.419723333E+9	1.972705000E-5
1.419726667E+9	1.957180000E-5
1.419730000E+9	1.878218000E-5
1.419733333E+9	2.048202000E-5
1.419736667E+9	1.850043000E-5
1.419740000E+9	1.811572000E-5
1.419743333E+9	1.934924000E-5
1.419746667E+9	1.998859000E-5
1.419750000E+9	1.972579000E-5
1.419753333E+9	1.837825000E-5
1.419756667E+9	1.815958000E-5
1.419760000E+9	1.843119000E-5
1.419763333E+9	1.859770000E-5
1.419766667E+9	1.838235000E-5
1.419770000E+9	1.877686000E-5
1.419773333E+9	1.941159000E-5
1.419776667E+9	1.874602000E-5
1.419780000E+9	1.845272000E-5
1.419783333E+9	1.864546000E-5
1.419786667E+9	1.798231000E-5
1.419790000E+9	1.845754000E-5
1.419793333E+9	1.851533000E-5
1.419796667E+9	1.865492000E-5
1.419800000E+9	1.827001000E-5
1.419803333E+9	1.843178000E-5
1.419806667E+9	1.846508000E-5
1.419810000E+9	1.871795000E-5
1.419813333E+9	1.856438000E-5
1.419816667E+9	1.929129000E-5
1.419820000E+9	1.983782000E-5
1.419823333E+9	1.831713000E-5
1.419826667E+9	1.852897000E-5
1.419830000E+9	1.840171000E-5
1.419833333E+9	1.833945000E-5
1.419836667E+9	1.777048000E-5
1.419840000E+9	1.859137000E-5
1.419843333E+9	1.872804000E-5
1.419846667E+9	1.805843000E-5
1.419850000E+9	1.830820000E-5
1.419853333E+9	1.844289000E-5
1.419856667E+9	1.839198000E-5
1.419860000E+9	1.863594000E-5
1.419863333E+9	1.919950000E-5
1.419866667E+9	1.967673000E-5
1.419870000E+9	1.984958000E-5
1.419873333E+9	1.833298000E-5
1.419876667E+9	1.795627000E-5
1.419880000E+9	1.871555000E-5
1.419883333E+9	1.843581000E-5
1.419886667E+9	1.846001000E-5
1.419890000E+9	1.871406000E-5
1.419893333E+9	1.872788000E-5
1.419896667E+9	1.849401000E-5
1.419900000E+9	1.813678000E-5
1.419903333E+9	1.820683000E-5
1.419906667E+9	1.840153000E-5
1.419910000E+9	1.941513000E-5
1.419913333E+9	1.918740000E-5
1.419916667E+9	1.809461000E-5
1.419920000E+9	1.790070000E-5
1.419923333E+9	1.814245000E-5
1.419926667E+9	1.796185000E-5
1.419930000E+9	1.818210000E-5
1.419933333E+9	1.816540000E-5
1.419936667E+9	1.868963000E-5
1.419940000E+9	1.819330000E-5
1.419943333E+9	1.857488000E-5
1.419946667E+9	1.774437000E-5
1.419950000E+9	1.825605000E-5
1.419953333E+9	1.837024000E-5
1.419956667E+9	1.911270000E-5
1.419960000E+9	1.917199000E-5
1.419963333E+9	1.804882000E-5
1.419966667E+9	1.825421000E-5
1.419970000E+9	1.811544000E-5
1.419973333E+9	1.821481000E-5
1.419976667E+9	1.814082000E-5
1.419980000E+9	1.853675000E-5
1.419983333E+9	1.866695000E-5
1.419986667E+9	1.818625000E-5
1.419990000E+9	1.792511000E-5
1.419993333E+9	1.754811000E-5
1.419996667E+9	1.804091000E-5
1.420000000E+9	1.899168000E-5
1.420003333E+9	2.115006000E-5
1.420006667E+9	1.933548000E-5
1.420010000E+9	1.837042000E-5
1.420013333E+9	1.769878000E-5
1.420016667E+9	1.828392000E-5
1.420020000E+9	1.819017000E-5
1.420023333E+9	1.802691000E-5
1.420026667E+9	1.835234000E-5
1.420030000E+9	1.824493000E-5
1.420033333E+9	1.856946000E-5
1.420036667E+9	1.845112000E-5
1.420040000E+9	1.902458000E-5
1.420043333E+9	1.827139000E-5
1.420046667E+9	1.812225000E-5
1.420050000E+9	1.908120000E-5
1.420053333E+9	1.892719000E-5
1.420056667E+9	1.819434000E-5
1.420060000E+9	1.801969000E-5
1.420063333E+9	1.787845000E-5
1.420066667E+9	1.766265000E-5
1.420070000E+9	1.786636000E-5
1.420073333E+9	1.810777000E-5
1.420076667E+9	1.794656000E-5
1.420080000E+9	1.791519000E-5
1.420083333E+9	1.785389000E-5
1.420086667E+9	1.789129000E-5
1.420090000E+9	1.780235000E-5
1.420093333E+9	1.755040000E-5
1.420096667E+9	1.857030000E-5
1.420100000E+9	1.912871000E-5
1.420103333E+9	1.836929000E-5
1.420106667E+9	1.789306000E-5
1.420110000E+9	1.766828000E-5
1.420113333E+9	1.785207000E-5
1.420116667E+9	1.782881000E-5
1.420120000E+9	1.798119000E-5
1.420123333E+9	1.781758000E-5
1.420126667E+9	1.779074000E-5
1.420130000E+9	1.770298000E-5
1.420133333E+9	1.804069000E-5
1.420136667E+9	1.799630000E-5
1.420140000E+9	1.799339000E-5
1.420143333E+9	1.880713000E-5
1.420146667E+9	1.897866000E-5
1.420150000E+9	1.827506000E-5
1.420153333E+9	1.803317000E-5
1.420156667E+9	1.805342000E-5
1.420160000E+9	1.796047000E-5
1.420163333E+9	1.878748000E-5
1.420166667E+9	1.829146000E-5
1.420170000E+9	1.799488000E-5
1.420173333E+9	1.783007000E-5
1.420176667E+9	1.794500000E-5
1.420180000E+9	1.831194000E-5
1.420183333E+9	1.821521000E-5
1.420186667E+9	1.800871000E-5
1.420190000E+9	1.904213000E-5
1.420193333E+9	1.905041000E-5
1.420196667E+9	1.802687000E-5
1.420200000E+9	1.827067000E-5
1.420203333E+9	1.791718000E-5
1.420206667E+9	1.823830000E-5
1.420210000E+9	1.835657000E-5
1.420213333E+9	1.834009000E-5
1.420216667E+9	1.815433000E-5
1.420220000E+9	1.776443000E-5
1.420223333E+9	1.796045000E-5
1.420226667E+9	1.803325000E-5
1.420230000E+9	1.786261000E-5
1.420233333E+9	1.793708000E-5
1.420236667E+9	1.860669000E-5
1.420240000E+9	1.902687000E-5
1.420243333E+9	1.849531000E-5
1.420246667E+9	1.818889000E-5
1.420250000E+9	1.841317000E-5
1.420253333E+9	1.829685000E-5
1.420256667E+9	1.843648000E-5
1.420260000E+9	1.843411000E-5
1.420263333E+9	1.864794000E-5
1.420266667E+9	1.837990000E-5
1.420270000E+9	1.837159000E-5
1.420273333E+9	1.833729000E-5
1.420276667E+9	1.849395000E-5
1.420280000E+9	1.872479000E-5
1.420283333E+9	1.923562000E-5
1.420286667E+9	1.940878000E-5
1.420290000E+9	1.891450000E-5
1.420293333E+9	1.877956000E-5
1.420296667E+9	1.915781000E-5
1.420300000E+9	1.862972000E-5
1.420303333E+9	1.853439000E-5
1.420306667E+9	1.948115000E-5
1.420310000E+9	2.024631000E-5
1.420313333E+9	1.934389000E-5
1.420316667E+9	1.930555000E-5
1.420320000E+9	1.936199000E-5
1.420323333E+9	1.951907000E-5
1.420326667E+9	1.946217000E-5
1.420330000E+9	1.996536000E-5
1.420333333E+9	2.132097000E-5
1.420336667E+9	1.963866000E-5
1.420340000E+9	1.932733000E-5
1.420343333E+9	1.970505000E-5
1.420346667E+9	1.948800000E-5
1.420350000E+9	1.924416000E-5
1.420353333E+9	1.955588000E-5
1.420356667E+9	1.971364000E-5
1.420360000E+9	1.925732000E-5
1.420363333E+9	1.937214000E-5
1.420366667E+9	1.935039000E-5
1.420370000E+9	1.970408000E-5
1.420373333E+9	1.963283000E-5
1.420376667E+9	2.027734000E-5
1.420380000E+9	1.972466000E-5
1.420383333E+9	1.959468000E-5
1.420386667E+9	1.939546000E-5
1.420390000E+9	1.969700000E-5
1.420393333E+9	1.955564000E-5
1.420396667E+9	1.960991000E-5
1.420400000E+9	1.942381000E-5
1.420403333E+9	1.949587000E-5
1.420406667E+9	1.929478000E-5
1.420410000E+9	1.968377000E-5
1.420413333E+9	1.943964000E-5
1.420416667E+9	1.962303000E-5
1.420420000E+9	1.954315000E-5
1.420423333E+9	1.989431000E-5
1.420426667E+9	2.014752000E-5
1.420430000E+9	1.979070000E-5
1.420433333E+9	1.960027000E-5
1.420436667E+9	1.916024000E-5
1.420440000E+9	1.951511000E-5
1.420443333E+9	1.918601000E-5
1.420446667E+9	1.941410000E-5
1.420450000E+9	1.957599000E-5
1.420453333E+9	1.896451000E-5
1.420456667E+9	1.960783000E-5
1.420460000E+9	1.909766000E-5
1.420463333E+9	1.911320000E-5
1.420466667E+9	1.947322000E-5
1.420470000E+9	1.933192000E-5
1.420473333E+9	1.945367000E-5
1.420476667E+9	1.865246000E-5
1.420480000E+9	1.876336000E-5
1.420483333E+9	1.864184000E-5
1.420486667E+9	1.816071000E-5
1.420490000E+9	1.878496000E-5
1.420493333E+9	1.849190000E-5
1.420496667E+9	1.827173000E-5
1.420500000E+9	1.834190000E-5
1.420503333E+9	1.824363000E-5
1.420506667E+9	1.796175000E-5
1.420510000E+9	1.873592000E-5
1.420513333E+9	1.858092000E-5
1.420516667E+9	1.886141000E-5
1.420520000E+9	1.915463000E-5
1.420523333E+9	1.844696000E-5
1.420526667E+9	1.826463000E-5
1.420530000E+9	1.835578000E-5
1.420533333E+9	1.807946000E-5
1.420536667E+9	1.807565000E-5
1.420540000E+9	1.811222000E-5
1.420543333E+9	1.855077000E-5
1.420546667E+9	1.842927000E-5
1.420550000E+9	1.823482000E-5
1.420553333E+9	1.801963000E-5
1.420556667E+9	1.811381000E-5
1.420560000E+9	1.850415000E-5
1.420563333E+9	1.825796000E-5
1.420566667E+9	1.843231000E-5
1.420570000E+9	1.787107000E-5
1.420573333E+9	1.801987000E-5
1.420576667E+9	1.810173000E-5
1.420580000E+9	1.813754000E-5
1.420583333E+9	1.800782000E-5
1.420586667E+9	1.831679000E-5
1.420590000E+9	1.981381000E-5
1.420593333E+9	1.836304000E-5
1.420596667E+9	1.782012000E-5
1.420600000E+9	1.833399000E-5
1.420603333E+9	1.983490000E-5
1.420606667E+9	1.819468000E-5
1.420610000E+9	1.879540000E-5
1.420613333E+9	1.830036000E-5
1.420616667E+9	1.757529000E-5
1.420620000E+9	1.798214000E-5
1.420623333E+9	1.856141000E-5
1.420626667E+9	1.950529000E-5
1.420630000E+9	1.783563000E-5
1.420633333E+9	1.826046000E-5
1.420636667E+9	1.804884000E-5
1.420640000E+9	1.797266000E-5
1.420643333E+9	1.783289000E-5
1.420646667E+9	1.798619000E-5
1.420650000E+9	1.761308000E-5
1.420653333E+9	1.804713000E-5
1.420656667E+9	1.857291000E-5
1.420660000E+9	1.821039000E-5
1.420663333E+9	1.798113000E-5
1.420666667E+9	1.820959000E-5
1.420670000E+9	1.807517000E-5
1.420673333E+9	1.790650000E-5
1.420676667E+9	1.833061000E-5
1.420680000E+9	1.803075000E-5
1.420683333E+9	1.825437000E-5
1.420686667E+9	1.795803000E-5
1.420690000E+9	1.748952000E-5
1.420693333E+9	1.784973000E-5
1.420696667E+9	1.788340000E-5
1.420700000E+9	1.777157000E-5
1.420703333E+9	1.803390000E-5
1.420706667E+9	1.830479000E-5
1.420710000E+9	1.823322000E-5
1.420713333E+9	1.785124000E-5
1.420716667E+9	1.793535000E-5
1.420720000E+9	1.768385000E-5
1.420723333E+9	1.799191000E-5
1.420726667E+9	1.802871000E-5
1.420730000E+9	1.769684000E-5
1.420733333E+9	1.760140000E-5
1.420736667E+9	1.769426000E-5
1.420740000E+9	1.763950000E-5
1.420743333E+9	1.858904000E-5
1.420746667E+9	1.815900000E-5
1.420750000E+9	1.879932000E-5
1.420753333E+9	1.862660000E-5
1.420756667E+9	1.785177000E-5
1.420760000E+9	1.771035000E-5
1.420763333E+9	1.779039000E-5
1.420766667E+9	1.770685000E-5
1.420770000E+9	1.771770000E-5
1.420773333E+9	1.794713000E-5
1.420776667E+9	1.792609000E-5
1.420780000E+9	1.790678000E-5
1.420783333E+9	1.748065000E-5
1.420786667E+9	1.786142000E-5
1.420790000E+9	1.761811000E-5
1.420793333E+9	1.787278000E-5
1.420796667E+9	1.861134000E-5
1.420800000E+9	1.831385000E-5
1.420803333E+9	1.765878000E-5
1.420806667E+9	1.803840000E-5
1.420810000E+9	1.786230000E-5
1.420813333E+9	1.776886000E-5
1.420816667E+9	1.827545000E-5
1.420820000E+9	1.801320000E-5
1.420823333E+9	1.799213000E-5
1.420826667E+9	1.787929000E-5
1.420830000E+9	1.789638000E-5
1.420833333E+9	1.788198000E-5
1.420836667E+9	1.747171000E-5
1.420840000E+9	1.772959000E-5
1.420843333E+9	1.823316000E-5
1.420846667E+9	1.858580000E-5
1.420850000E+9	1.771052000E-5
1.420853333E+9	1.795880000E-5
1.420856667E+9	1.738279000E-5
1.420860000E+9	1.783175000E-5
1.420863333E+9	1.809100000E-5
1.420866667E+9	1.788838000E-5
1.420870000E+9	1.738666000E-5
1.420873333E+9	1.766777000E-5
1.420876667E+9	1.779455000E-5
1.420880000E+9	1.812129000E-5
1.420883333E+9	2.007194000E-5
1.420886667E+9	1.934270000E-5
1.420890000E+9	1.847143000E-5
1.420893333E+9	1.847072000E-5
1.420896667E+9	1.873915000E-5
1.420900000E+9	1.807331000E-5
1.420903333E+9	1.843000000E-5
1.420906667E+9	1.822529000E-5
1.420910000E+9	1.776509000E-5
1.420913333E+9	1.925914000E-5
1.420916667E+9	1.983122000E-5
1.420920000E+9	2.132481000E-5
1.420923333E+9	1.793050000E-5
1.420926667E+9	1.856679000E-5
1.420930000E+9	1.815782000E-5
1.420933333E+9	1.790509000E-5
1.420936667E+9	1.850033000E-5
1.420940000E+9	1.799677000E-5
1.420943333E+9	1.821481000E-5
1.420946667E+9	1.785060000E-5
1.420950000E+9	1.855988000E-5
1.420953333E+9	1.878366000E-5
1.420956667E+9	1.801718000E-5
1.420960000E+9	1.766244000E-5
1.420963333E+9	1.817988000E-5
1.420966667E+9	1.776745000E-5
1.420970000E+9	1.805238000E-5
1.420973333E+9	1.810256000E-5
1.420976667E+9	1.796077000E-5
1.420980000E+9	1.767666000E-5
1.420983333E+9	1.859892000E-5
1.420986667E+9	1.832878000E-5
1.420990000E+9	1.800717000E-5
1.420993333E+9	1.797456000E-5
1.420996667E+9	1.785783000E-5
1.421000000E+9	1.792932000E-5
1.421003333E+9	1.777034000E-5
1.421006667E+9	1.796171000E-5
1.421010000E+9	1.804188000E-5
1.421013333E+9	1.792460000E-5
1.421016667E+9	1.830304000E-5
1.421020000E+9	1.883937000E-5
1.421023333E+9	1.830680000E-5
1.421026667E+9	1.804894000E-5
1.421030000E+9	1.836762000E-5
1.421033333E+9	1.799539000E-5
1.421036667E+9	1.770685000E-5
1.421040000E+9	1.828231000E-5
1.421043333E+9	1.825409000E-5
1.421046667E+9	1.750148000E-5
1.421050000E+9	1.780155000E-5
1.421053333E+9	1.741609000E-5
1.421056667E+9	1.802454000E-5
1.421060000E+9	1.814381000E-5
1.421063333E+9	1.823494000E-5
1.421066667E+9	1.822277000E-5
1.421070000E+9	1.775088000E-5
1.421073333E+9	1.755502000E-5
1.421076667E+9	1.864587000E-5
1.421080000E+9	1.854552000E-5
1.421083333E+9	1.840208000E-5
1.421086667E+9	1.828091000E-5
1.421090000E+9	1.823664000E-5
1.421093333E+9	1.790045000E-5
1.421096667E+9	1.804133000E-5
1.421100000E+9	1.825878000E-5
1.421103333E+9	1.845333000E-5
1.421106667E+9	1.807192000E-5
1.421110000E+9	1.810027000E-5
1.421113333E+9	1.760322000E-5
1.421116667E+9	1.806083000E-5
1.421120000E+9	1.786340000E-5
1.421123333E+9	1.813196000E-5
1.421126667E+9	1.844421000E-5
1.421130000E+9	1.860366000E-5
1.421133333E+9	1.837976000E-5
1.421136667E+9	1.777426000E-5
1.421140000E+9	1.796929000E-5
1.421143333E+9	1.834781000E-5
1.421146667E+9	1.835881000E-5
1.421150000E+9	1.850240000E-5
1.421153333E+9	1.906757000E-5
1.421156667E+9	1.888524000E-5
1.421160000E+9	1.799345000E-5
1.421163333E+9	1.809902000E-5
1.421166667E+9	1.826257000E-5
1.421170000E+9	1.828695000E-5
1.421173333E+9	1.811079000E-5
1.421176667E+9	1.863545000E-5
1.421180000E+9	1.914325000E-5
1.421183333E+9	1.771626000E-5
1.421186667E+9	1.809980000E-5
1.421190000E+9	1.837710000E-5
1.421193333E+9	1.846095000E-5
1.421196667E+9	1.884916000E-5
1.421200000E+9	1.843548000E-5
1.421203333E+9	1.809926000E-5
1.421206667E+9	1.841362000E-5
1.421210000E+9	1.904230000E-5
1.421213333E+9	1.939533000E-5
1.421216667E+9	1.895785000E-5
1.421220000E+9	1.982911000E-5
1.421223333E+9	2.012371000E-5
1.421226667E+9	1.869240000E-5
1.421230000E+9	1.821033000E-5
1.421233333E+9	1.864511000E-5
1.421236667E+9	1.843271000E-5
1.421240000E+9	1.841408000E-5
1.421243333E+9	1.846038000E-5
1.421246667E+9	1.811530000E-5
1.421250000E+9	1.778545000E-5
1.421253333E+9	1.811145000E-5
1.421256667E+9	1.795608000E-5
1.421260000E+9	1.871565000E-5
1.421263333E+9	2.019197000E-5
1.421266667E+9	2.098087000E-5
1.421270000E+9	1.877111000E-5
1.421273333E+9	1.859217000E-5
1.421276667E+9	1.890003000E-5
1.421280000E+9	1.875446000E-5
1.421283333E+9	1.889547000E-5
1.421286667E+9	2.011247000E-5
1.421290000E+9	2.176174000E-5
1.421293333E+9	2.016100000E-5
1.421296667E+9	1.904374000E-5
1.421300000E+9	1.894004000E-5
1.421303333E+9	1.888141000E-5
1.421306667E+9	1.929154000E-5
1.421310000E+9	1.967532000E-5
1.421313333E+9	1.949108000E-5
1.421316667E+9	1.960640000E-5
1.421320000E+9	1.956114000E-5
1.421323333E+9	1.996192000E-5
1.421326667E+9	2.012656000E-5
1.421330000E+9	2.129488000E-5
1.421333333E+9	2.615885000E-5
1.421336667E+9	2.124050000E-5
1.421340000E+9	1.941362000E-5
1.421343333E+9	1.998210000E-5
1.421346667E+9	2.039983000E-5
1.421350000E+9	2.057526000E-5
1.421353333E+9	2.142497000E-5
1.421356667E+9	2.347742000E-5
1.421360000E+9	2.111194000E-5
1.421363333E+9	2.008901000E-5
1.421366667E+9	2.012923000E-5
1.421370000E+9	1.983294000E-5
1.421373333E+9	1.996052000E-5
1.421376667E+9	1.982780000E-5
1.421380000E+9	2.016370000E-5
1.421383333E+9	2.022651000E-5
1.421386667E+9	1.996098000E-5
1.421390000E+9	2.005088000E-5
1.421393333E+9	2.012579000E-5
1.421396667E+9	2.008468000E-5
1.421400000E+9	2.451463000E-5
