Frequency, Hz	Amplitude, Volts
1.419400000E+9	1.723176000E-5
1.419403333E+9	1.660629000E-5
1.419406667E+9	1.708900000E-5
1.419410000E+9	1.663002000E-5
1.419413333E+9	1.707572000E-5
1.419416667E+9	1.663547000E-5
1.419420000E+9	1.633157000E-5
1.419423333E+9	1.638256000E-5
1.419426667E+9	1.637232000E-5
1.419430000E+9	1.667579000E-5
1.419433333E+9	1.648600000E-5
1.419436667E+9	1.627638000E-5
1.419440000E+9	1.770529000E-5
1.419443333E+9	1.647857000E-5
1.419446667E+9	1.778519000E-5
1.419450000E+9	2.079153000E-5
1.419453333E+9	1.690566000E-5
1.419456667E+9	1.643601000E-5
1.419460000E+9	1.653244000E-5
1.419463333E+9	1.640171000E-5
1.419466667E+9	1.641709000E-5
1.419470000E+9	1.642704000E-5
1.419473333E+9	1.631426000E-5
1.419476667E+9	1.644359000E-5
1.419480000E+9	1.621171000E-5
1.419483333E+9	1.679652000E-5
1.419486667E+9	1.665508000E-5
1.419490000E+9	1.682108000E-5
1.419493333E+9	1.685880000E-5
1.419496667E+9	1.642218000E-5
1.419500000E+9	1.653264000E-5
1.419503333E+9	1.632375000E-5
1.419506667E+9	1.646064000E-5
1.419510000E+9	1.627613000E-5
1.419513333E+9	1.634151000E-5
1.419516667E+9	1.639794000E-5
1.419520000E+9	1.660926000E-5
1.419523333E+9	1.652903000E-5
1.419526667E+9	1.632243000E-5
1.419530000E+9	1.637959000E-5
1.419533333E+9	1.664442000E-5
1.419536667E+9	1.676748000E-5
1.419540000E+9	1.691234000E-5
1.419543333E+9	1.639067000E-5
1.419546667E+9	1.656104000E-5
1.419550000E+9	1.618763000E-5
1.419553333E+9	1.655738000E-5
1.419556667E+9	1.639130000E-5
1.419560000E+9	1.643201000E-5
1.419563333E+9	1.624676000E-5
1.419566667E+9	1.621386000E-5
1.419570000E+9	1.598075000E-5
1.419573333E+9	1.601482000E-5
1.419576667E+9	1.644968000E-5
1.419580000E+9	1.627608000E-5
1.419583333E+9	1.652306000E-5
1.419586667E+9	1.650799000E-5
1.419590000E+9	1.630480000E-5
1.419593333E+9	1.626264000E-5
1.419596667E+9	1.612423000E-5
1.419600000E+9	1.653034000E-5
1.419603333E+9	1.640252000E-5
1.419606667E+9	1.630056000E-5
1.419610000E+9	1.674739000E-5
1.419613333E+9	1.626652000E-5
1.419616667E+9	1.607959000E-5
1.419620000E+9	1.626589000E-5
1.419623333E+9	1.652974000E-5
1.419626667E+9	1.622959000E-5
1.419630000E+9	1.614918000E-5
1.419633333E+9	1.658193000E-5
1.419636667E+9	1.642795000E-5
1.419640000E+9	1.622131000E-5
1.419643333E+9	1.646648000E-5
1.419646667E+9	1.628319000E-5
1.419650000E+9	1.607712000E-5
1.419653333E+9	1.612671000E-5
1.419656667E+9	1.659719000E-5
1.419660000E+9	1.627633000E-5
1.419663333E+9	1.593183000E-5
1.419666667E+9	1.615045000E-5
1.419670000E+9	1.643899000E-5
1.419673333E+9	1.615648000E-5
1.419676667E+9	1.620650000E-5
1.419680000E+9	1.698880000E-5
1.419683333E+9	1.634483000E-5
1.419686667E+9	1.600717000E-5
1.419690000E+9	1.610236000E-5
1.419693333E+9	1.633795000E-5
1.419696667E+9	1.597515000E-5
1.419700000E+9	1.628920000E-5
1.419703333E+9	1.641974000E-5
1.419706667E+9	1.613888000E-5
1.419710000E+9	1.652406000E-5
1.419713333E+9	1.618608000E-5
1.419716667E+9	1.625056000E-5
1.419720000E+9	1.647473000E-5
1.419723333E+9	1.630672000E-5
1.419726667E+9	1.671329000E-5
1.419730000E+9	1.631868000E-5
1.419733333E+9	1.799681000E-5
1.419736667E+9	1.678374000E-5
1.419740000E+9	1.728352000E-5
1.419743333E+9	2.018877000E-5
1.419746667E+9	1.657293000E-5
1.419750000E+9	1.670761000E-5
1.419753333E+9	1.624285000E-5
1.419756667E+9	1.639254000E-5
1.419760000E+9	1.680725000E-5
1.419763333E+9	1.638189000E-5
1.419766667E+9	1.637058000E-5
1.419770000E+9	1.643449000E-5
1.419773333E+9	1.669699000E-5
1.419776667E+9	1.648379000E-5
1.419780000E+9	1.621936000E-5
1.419783333E+9	1.644975000E-5
1.419786667E+9	1.607495000E-5
1.419790000E+9	1.600292000E-5
1.419793333E+9	1.614320000E-5
1.419796667E+9	1.648566000E-5
1.419800000E+9	1.620671000E-5
1.419803333E+9	1.658158000E-5
1.419806667E+9	1.650712000E-5
1.419810000E+9	1.601770000E-5
1.419813333E+9	1.659282000E-5
1.419816667E+9	1.663110000E-5
1.419820000E+9	1.694766000E-5
1.419823333E+9	1.648153000E-5
1.419826667E+9	1.611099000E-5
1.419830000E+9	1.607436000E-5
1.419833333E+9	1.621319000E-5
1.419836667E+9	1.622843000E-5
1.419840000E+9	1.615001000E-5
1.419843333E+9	1.628525000E-5
1.419846667E+9	1.640432000E-5
1.419850000E+9	1.602196000E-5
1.419853333E+9	1.644980000E-5
1.419856667E+9	1.609322000E-5
1.419860000E+9	1.631590000E-5
1.419863333E+9	1.623542000E-5
1.419866667E+9	1.653869000E-5
1.419870000E+9	1.683986000E-5
1.419873333E+9	1.653064000E-5
1.419876667E+9	1.605637000E-5
1.419880000E+9	1.622376000E-5
1.419883333E+9	1.630754000E-5
1.419886667E+9	1.631945000E-5
1.419890000E+9	1.623784000E-5
1.419893333E+9	1.636312000E-5
1.419896667E+9	1.663643000E-5
1.419900000E+9	1.628314000E-5
1.419903333E+9	1.639413000E-5
1.419906667E+9	1.611499000E-5
1.419910000E+9	1.634833000E-5
1.419913333E+9	1.643128000E-5
1.419916667E+9	1.618928000E-5
1.419920000E+9	1.607442000E-5
1.419923333E+9	1.573954000E-5
1.419926667E+9	1.616610000E-5
1.419930000E+9	1.625839000E-5
1.419933333E+9	1.662146000E-5
1.419936667E+9	1.624505000E-5
1.419940000E+9	1.641001000E-5
1.419943333E+9	1.624735000E-5
1.419946667E+9	1.636918000E-5
1.419950000E+9	1.620407000E-5
1.419953333E+9	1.617306000E-5
1.419956667E+9	1.632503000E-5
1.419960000E+9	1.670483000E-5
1.419963333E+9	1.621121000E-5
1.419966667E+9	1.599194000E-5
1.419970000E+9	1.569356000E-5
1.419973333E+9	1.615646000E-5
1.419976667E+9	1.617194000E-5
1.419980000E+9	1.590450000E-5
1.419983333E+9	1.635145000E-5
1.419986667E+9	1.593035000E-5
1.419990000E+9	1.625841000E-5
1.419993333E+9	1.613872000E-5
1.419996667E+9	1.615194000E-5
1.420000000E+9	1.685247000E-5
1.420003333E+9	1.704213000E-5
1.420006667E+9	1.671981000E-5
1.420010000E+9	1.607542000E-5
1.420013333E+9	1.617947000E-5
1.420016667E+9	1.603491000E-5
1.420020000E+9	1.598174000E-5
1.420023333E+9	1.650640000E-5
1.420026667E+9	1.713226000E-5
1.420030000E+9	1.652812000E-5
1.420033333E+9	1.745455000E-5
1.420036667E+9	1.865142000E-5
1.420040000E+9	1.682036000E-5
1.420043333E+9	1.607925000E-5
1.420046667E+9	1.591206000E-5
1.420050000E+9	1.599029000E-5
1.420053333E+9	1.620057000E-5
1.420056667E+9	1.607574000E-5
1.420060000E+9	1.607791000E-5
1.420063333E+9	1.604029000E-5
1.420066667E+9	1.614451000E-5
1.420070000E+9	1.609655000E-5
1.420073333E+9	1.595419000E-5
1.420076667E+9	1.608551000E-5
1.420080000E+9	1.609681000E-5
1.420083333E+9	1.609271000E-5
1.420086667E+9	1.614834000E-5
1.420090000E+9	1.589320000E-5
1.420093333E+9	1.601382000E-5
1.420096667E+9	1.636682000E-5
1.420100000E+9	1.653308000E-5
1.420103333E+9	1.625793000E-5
1.420106667E+9	1.612791000E-5
1.420110000E+9	1.615909000E-5
1.420113333E+9	1.606671000E-5
1.420116667E+9	1.592519000E-5
1.420120000E+9	1.600579000E-5
1.420123333E+9	1.601948000E-5
1.420126667E+9	1.641673000E-5
1.420130000E+9	1.619630000E-5
1.420133333E+9	1.621315000E-5
1.420136667E+9	1.625750000E-5
1.420140000E+9	1.623112000E-5
1.420143333E+9	1.619244000E-5
1.420146667E+9	1.625614000E-5
1.420150000E+9	1.613248000E-5
1.420153333E+9	1.584795000E-5
1.420156667E+9	1.627856000E-5
1.420160000E+9	1.614606000E-5
1.420163333E+9	1.595257000E-5
1.420166667E+9	1.597729000E-5
1.420170000E+9	1.597896000E-5
1.420173333E+9	1.600835000E-5
1.420176667E+9	1.589292000E-5
1.420180000E+9	1.594440000E-5
1.420183333E+9	1.626829000E-5
1.420186667E+9	1.615132000E-5
1.420190000E+9	1.614675000E-5
1.420193333E+9	1.655802000E-5
1.420196667E+9	1.576492000E-5
1.420200000E+9	1.618222000E-5
1.420203333E+9	1.610823000E-5
1.420206667E+9	1.577149000E-5
1.420210000E+9	1.622241000E-5
1.420213333E+9	1.618786000E-5
1.420216667E+9	1.619150000E-5
1.420220000E+9	1.580781000E-5
1.420223333E+9	1.585850000E-5
1.420226667E+9	1.596261000E-5
1.420230000E+9	1.612929000E-5
1.420233333E+9	1.625086000E-5
1.420236667E+9	1.611288000E-5
1.420240000E+9	1.606646000E-5
1.420243333E+9	1.606873000E-5
1.420246667E+9	1.594895000E-5
1.420250000E+9	1.582508000E-5
1.420253333E+9	1.603565000E-5
1.420256667E+9	1.606455000E-5
1.420260000E+9	1.574417000E-5
1.420263333E+9	1.635035000E-5
1.420266667E+9	1.653349000E-5
1.420270000E+9	1.613175000E-5
1.420273333E+9	1.605142000E-5
1.420276667E+9	1.609865000E-5
1.420280000E+9	1.624275000E-5
1.420283333E+9	1.614212000E-5
1.420286667E+9	1.617808000E-5
1.420290000E+9	1.569193000E-5
1.420293333E+9	1.605657000E-5
1.420296667E+9	1.700839000E-5
1.420300000E+9	1.628569000E-5
1.420303333E+9	1.608118000E-5
1.420306667E+9	1.623499000E-5
1.420310000E+9	1.664168000E-5
1.420313333E+9	1.614421000E-5
1.420316667E+9	1.638461000E-5
1.420320000E+9	1.709215000E-5
1.420323333E+9	1.608943000E-5
1.420326667E+9	1.727878000E-5
1.420330000E+9	1.833707000E-5
1.420333333E+9	1.684557000E-5
1.420336667E+9	1.640473000E-5
1.420340000E+9	1.613771000E-5
1.420343333E+9	1.612543000E-5
1.420346667E+9	1.623271000E-5
1.420350000E+9	1.593404000E-5
1.420353333E+9	1.647062000E-5
1.420356667E+9	1.618958000E-5
1.420360000E+9	1.613739000E-5
1.420363333E+9	1.622010000E-5
1.420366667E+9	1.600294000E-5
1.420370000E+9	1.629072000E-5
1.420373333E+9	1.603333000E-5
1.420376667E+9	1.651590000E-5
1.420380000E+9	1.641295000E-5
1.420383333E+9	1.664208000E-5
1.420386667E+9	1.639974000E-5
1.420390000E+9	1.683490000E-5
1.420393333E+9	1.692410000E-5
1.420396667E+9	1.692193000E-5
1.420400000E+9	1.690733000E-5
1.420403333E+9	1.683069000E-5
1.420406667E+9	1.674979000E-5
1.420410000E+9	1.669904000E-5
1.420413333E+9	1.691284000E-5
1.420416667E+9	1.695812000E-5
1.420420000E+9	1.709421000E-5
1.420423333E+9	1.743855000E-5
1.420426667E+9	1.798692000E-5
1.420430000E+9	1.764399000E-5
1.420433333E+9	1.749920000E-5
1.420436667E+9	1.790691000E-5
1.420440000E+9	1.812732000E-5
1.420443333E+9	1.828213000E-5
1.420446667E+9	1.886993000E-5
1.420450000E+9	1.847011000E-5
1.420453333E+9	1.858735000E-5
1.420456667E+9	1.873117000E-5
1.420460000E+9	1.898826000E-5
1.420463333E+9	1.864651000E-5
1.420466667E+9	1.937056000E-5
1.420470000E+9	1.897897000E-5
1.420473333E+9	1.901770000E-5
1.420476667E+9	1.878166000E-5
1.420480000E+9	1.886995000E-5
1.420483333E+9	1.917127000E-5
1.420486667E+9	1.886050000E-5
1.420490000E+9	1.886839000E-5
1.420493333E+9	1.874790000E-5
1.420496667E+9	1.844150000E-5
1.420500000E+9	1.893287000E-5
1.420503333E+9	1.862320000E-5
1.420506667E+9	1.835032000E-5
1.420510000E+9	1.859590000E-5
1.420513333E+9	1.819510000E-5
1.420516667E+9	1.850193000E-5
1.420520000E+9	1.792810000E-5
1.420523333E+9	1.767857000E-5
1.420526667E+9	1.728155000E-5
1.420530000E+9	1.755876000E-5
1.420533333E+9	1.758842000E-5
1.420536667E+9	1.725165000E-5
1.420540000E+9	1.720567000E-5
1.420543333E+9	1.709258000E-5
1.420546667E+9	1.712989000E-5
1.420550000E+9	1.720104000E-5
1.420553333E+9	1.689193000E-5
1.420556667E+9	1.665100000E-5
1.420560000E+9	1.678461000E-5
1.420563333E+9	1.662498000E-5
1.420566667E+9	1.696663000E-5
1.420570000E+9	1.659768000E-5
1.420573333E+9	1.641365000E-5
1.420576667E+9	1.653148000E-5
1.420580000E+9	1.657108000E-5
1.420583333E+9	1.647397000E-5
1.420586667E+9	1.626325000E-5
1.420590000E+9	1.679652000E-5
1.420593333E+9	1.646793000E-5
1.420596667E+9	1.607068000E-5
1.420600000E+9	1.664027000E-5
1.420603333E+9	1.690488000E-5
1.420606667E+9	1.679504000E-5
1.420610000E+9	1.679701000E-5
1.420613333E+9	1.790290000E-5
1.420616667E+9	1.629963000E-5
1.420620000E+9	1.863050000E-5
1.420623333E+9	1.895207000E-5
1.420626667E+9	1.628523000E-5
1.420630000E+9	1.630596000E-5
1.420633333E+9	1.598917000E-5
1.420636667E+9	1.651990000E-5
1.420640000E+9	1.613983000E-5
1.420643333E+9	1.619191000E-5
1.420646667E+9	1.581697000E-5
1.420650000E+9	1.590829000E-5
1.420653333E+9	1.618162000E-5
1.420656667E+9	1.618789000E-5
1.420660000E+9	1.635167000E-5
1.420663333E+9	1.614070000E-5
1.420666667E+9	1.613377000E-5
1.420670000E+9	1.638937000E-5
1.420673333E+9	1.633438000E-5
1.420676667E+9	1.611174000E-5
1.420680000E+9	1.613308000E-5
1.420683333E+9	1.617901000E-5
1.420686667E+9	1.595634000E-5
1.420690000E+9	1.625556000E-5
1.420693333E+9	1.617199000E-5
1.420696667E+9	1.621490000E-5
1.420700000E+9	1.622328000E-5
1.420703333E+9	1.604760000E-5
1.420706667E+9	1.612563000E-5
1.420710000E+9	1.620447000E-5
1.420713333E+9	1.608649000E-5
1.420716667E+9	1.584341000E-5
1.420720000E+9	1.617796000E-5
1.420723333E+9	1.588952000E-5
1.420726667E+9	1.602580000E-5
1.420730000E+9	1.597052000E-5
1.420733333E+9	1.611706000E-5
1.420736667E+9	1.588155000E-5
1.420740000E+9	1.636257000E-5
1.420743333E+9	1.613082000E-5
1.420746667E+9	1.609584000E-5
1.420750000E+9	1.592449000E-5
1.420753333E+9	1.647424000E-5
1.420756667E+9	1.641387000E-5
1.420760000E+9	1.605336000E-5
1.420763333E+9	1.626918000E-5
1.420766667E+9	1.604649000E-5
1.420770000E+9	1.596245000E-5
1.420773333E+9	1.574728000E-5
1.420776667E+9	1.643255000E-5
1.420780000E+9	1.611366000E-5
1.420783333E+9	1.585277000E-5
1.420786667E+9	1.597448000E-5
1.420790000E+9	1.630235000E-5
1.420793333E+9	1.603947000E-5
1.420796667E+9	1.608058000E-5
1.420800000E+9	1.623397000E-5
1.420803333E+9	1.641837000E-5
1.420806667E+9	1.632506000E-5
1.420810000E+9	1.598231000E-5
1.420813333E+9	1.554930000E-5
1.420816667E+9	1.601858000E-5
1.420820000E+9	1.591597000E-5
1.420823333E+9	1.623125000E-5
1.420826667E+9	1.604307000E-5
1.420830000E+9	1.620228000E-5
1.420833333E+9	1.603122000E-5
1.420836667E+9	1.580333000E-5
1.420840000E+9	1.616354000E-5
1.420843333E+9	1.633275000E-5
1.420846667E+9	1.646379000E-5
1.420850000E+9	1.624218000E-5
1.420853333E+9	1.603345000E-5
1.420856667E+9	1.588207000E-5
1.420860000E+9	1.594268000E-5
1.420863333E+9	1.564945000E-5
1.420866667E+9	1.582514000E-5
1.420870000E+9	1.607978000E-5
1.420873333E+9	1.636319000E-5
1.420876667E+9	1.634298000E-5
1.420880000E+9	1.617839000E-5
1.420883333E+9	1.916803000E-5
1.420886667E+9	1.792109000E-5
1.420890000E+9	1.654975000E-5
1.420893333E+9	1.628573000E-5
1.420896667E+9	1.620657000E-5
1.420900000E+9	1.634863000E-5
1.420903333E+9	1.788190000E-5
1.420906667E+9	1.992281000E-5
1.420910000E+9	1.636499000E-5
1.420913333E+9	2.294372000E-5
1.420916667E+9	2.144222000E-5
1.420920000E+9	1.673215000E-5
1.420923333E+9	1.582569000E-5
1.420926667E+9	1.616897000E-5
1.420930000E+9	1.637124000E-5
1.420933333E+9	1.637249000E-5
1.420936667E+9	1.605318000E-5
1.420940000E+9	1.630906000E-5
1.420943333E+9	1.587587000E-5
1.420946667E+9	1.597401000E-5
1.420950000E+9	1.598968000E-5
1.420953333E+9	1.627590000E-5
1.420956667E+9	1.618622000E-5
1.420960000E+9	1.616571000E-5
1.420963333E+9	1.615473000E-5
1.420966667E+9	1.607786000E-5
1.420970000E+9	1.640495000E-5
1.420973333E+9	1.596724000E-5
1.420976667E+9	1.590397000E-5
1.420980000E+9	1.621641000E-5
1.420983333E+9	1.576091000E-5
1.420986667E+9	1.632945000E-5
1.420990000E+9	1.638191000E-5
1.420993333E+9	1.637211000E-5
1.420996667E+9	1.625393000E-5
1.421000000E+9	1.590115000E-5
1.421003333E+9	1.665928000E-5
1.421006667E+9	1.607479000E-5
1.421010000E+9	1.613672000E-5
1.421013333E+9	1.628698000E-5
1.421016667E+9	1.616001000E-5
1.421020000E+9	1.603094000E-5
1.421023333E+9	1.606364000E-5
1.421026667E+9	1.604798000E-5
1.421030000E+9	1.608973000E-5
1.421033333E+9	1.627468000E-5
1.421036667E+9	1.643415000E-5
1.421040000E+9	1.627617000E-5
1.421043333E+9	1.609268000E-5
1.421046667E+9	1.620231000E-5
1.421050000E+9	1.604273000E-5
1.421053333E+9	1.625370000E-5
1.421056667E+9	1.655348000E-5
1.421060000E+9	1.608768000E-5
1.421063333E+9	1.604115000E-5
1.421066667E+9	1.621799000E-5
1.421070000E+9	1.617178000E-5
1.421073333E+9	1.654670000E-5
1.421076667E+9	1.636736000E-5
1.421080000E+9	1.617038000E-5
1.421083333E+9	1.604996000E-5
1.421086667E+9	1.610841000E-5
1.421090000E+9	1.639780000E-5
1.421093333E+9	1.617897000E-5
1.421096667E+9	1.593739000E-5
1.421100000E+9	1.617182000E-5
1.421103333E+9	1.623128000E-5
1.421106667E+9	1.634976000E-5
1.421110000E+9	1.631969000E-5
1.421113333E+9	1.623528000E-5
1.421116667E+9	1.620073000E-5
1.421120000E+9	1.615464000E-5
1.421123333E+9	1.628805000E-5
1.421126667E+9	1.631393000E-5
1.421130000E+9	1.627450000E-5
1.421133333E+9	1.630373000E-5
1.421136667E+9	1.628121000E-5
1.421140000E+9	1.646462000E-5
1.421143333E+9	1.637169000E-5
1.421146667E+9	1.649274000E-5
1.421150000E+9	1.617041000E-5
1.421153333E+9	1.604460000E-5
1.421156667E+9	1.615575000E-5
1.421160000E+9	1.590446000E-5
1.421163333E+9	1.603116000E-5
1.421166667E+9	1.670190000E-5
1.421170000E+9	1.633234000E-5
1.421173333E+9	1.651967000E-5
1.421176667E+9	1.817106000E-5
1.421180000E+9	2.014097000E-5
1.421183333E+9	1.614513000E-5
1.421186667E+9	1.612187000E-5
1.421190000E+9	1.607092000E-5
1.421193333E+9	1.617844000E-5
1.421196667E+9	1.645504000E-5
1.421200000E+9	1.681925000E-5
1.421203333E+9	1.631161000E-5
1.421206667E+9	1.873399000E-5
1.421210000E+9	1.791730000E-5
1.421213333E+9	1.657610000E-5
1.421216667E+9	1.659427000E-5
1.421220000E+9	1.639782000E-5
1.421223333E+9	1.664807000E-5
1.421226667E+9	1.625936000E-5
1.421230000E+9	1.621230000E-5
1.421233333E+9	1.617221000E-5
1.421236667E+9	1.613415000E-5
1.421240000E+9	1.624159000E-5
1.421243333E+9	1.613785000E-5
1.421246667E+9	1.620683000E-5
1.421250000E+9	1.628253000E-5
1.421253333E+9	1.606844000E-5
1.421256667E+9	1.623986000E-5
1.421260000E+9	1.631110000E-5
1.421263333E+9	1.632719000E-5
1.421266667E+9	1.639384000E-5
1.421270000E+9	1.604770000E-5
1.421273333E+9	1.601123000E-5
1.421276667E+9	1.618546000E-5
1.421280000E+9	1.637844000E-5
1.421283333E+9	1.625932000E-5
1.421286667E+9	1.619963000E-5
1.421290000E+9	1.649654000E-5
1.421293333E+9	1.628092000E-5
1.421296667E+9	1.650741000E-5
1.421300000E+9	1.663483000E-5
1.421303333E+9	1.643672000E-5
1.421306667E+9	1.648445000E-5
1.421310000E+9	1.651746000E-5
1.421313333E+9	1.655942000E-5
1.421316667E+9	1.642710000E-5
1.421320000E+9	1.642158000E-5
1.421323333E+9	1.663083000E-5
1.421326667E+9	1.679473000E-5
1.421330000E+9	1.636081000E-5
1.421333333E+9	1.698990000E-5
1.421336667E+9	1.705355000E-5
1.421340000E+9	1.700669000E-5
1.421343333E+9	1.784442000E-5
1.421346667E+9	2.045534000E-5
1.421350000E+9	1.875630000E-5
1.421353333E+9	1.701695000E-5
1.421356667E+9	1.713796000E-5
1.421360000E+9	1.679133000E-5
1.421363333E+9	1.708569000E-5
1.421366667E+9	1.796103000E-5
1.421370000E+9	1.709560000E-5
1.421373333E+9	1.660574000E-5
1.421376667E+9	1.652656000E-5
1.421380000E+9	1.652052000E-5
1.421383333E+9	1.665261000E-5
1.421386667E+9	1.642715000E-5
1.421390000E+9	1.645620000E-5
1.421393333E+9	1.685447000E-5
1.421396667E+9	1.638070000E-5
1.421400000E+9	1.621157000E-5
