Frequency, Hz	Amplitude, Volts
1.419400000E+9	1.558511000E-5
1.419403333E+9	1.596487000E-5
1.419406667E+9	1.568902000E-5
1.419410000E+9	1.575011000E-5
1.419413333E+9	1.653478000E-5
1.419416667E+9	1.605086000E-5
1.419420000E+9	1.613292000E-5
1.419423333E+9	1.569213000E-5
1.419426667E+9	1.595137000E-5
1.419430000E+9	1.597075000E-5
1.419433333E+9	1.597727000E-5
1.419436667E+9	1.572651000E-5
1.419440000E+9	1.586970000E-5
1.419443333E+9	1.595396000E-5
1.419446667E+9	1.596394000E-5
1.419450000E+9	1.623749000E-5
1.419453333E+9	1.688132000E-5
1.419456667E+9	1.643349000E-5
1.419460000E+9	1.644417000E-5
1.419463333E+9	1.619079000E-5
1.419466667E+9	1.611030000E-5
1.419470000E+9	1.619296000E-5
1.419473333E+9	1.574935000E-5
1.419476667E+9	1.596615000E-5
1.419480000E+9	1.586661000E-5
1.419483333E+9	1.549802000E-5
1.419486667E+9	1.600138000E-5
1.419490000E+9	1.569393000E-5
1.419493333E+9	1.599900000E-5
1.419496667E+9	1.589437000E-5
1.419500000E+9	1.601152000E-5
1.419503333E+9	1.569820000E-5
1.419506667E+9	1.574007000E-5
1.419510000E+9	1.595708000E-5
1.419513333E+9	1.586283000E-5
1.419516667E+9	1.588500000E-5
1.419520000E+9	1.578753000E-5
1.419523333E+9	1.558361000E-5
1.419526667E+9	1.590072000E-5
1.419530000E+9	1.588997000E-5
1.419533333E+9	1.543349000E-5
1.419536667E+9	1.586334000E-5
1.419540000E+9	1.635432000E-5
1.419543333E+9	1.607832000E-5
1.419546667E+9	1.615521000E-5
1.419550000E+9	1.600343000E-5
1.419553333E+9	1.546412000E-5
1.419556667E+9	1.556750000E-5
1.419560000E+9	1.582319000E-5
1.419563333E+9	1.600217000E-5
1.419566667E+9	1.564455000E-5
1.419570000E+9	1.583571000E-5
1.419573333E+9	1.578890000E-5
1.419576667E+9	1.588943000E-5
1.419580000E+9	1.618365000E-5
1.419583333E+9	1.557160000E-5
1.419586667E+9	1.602833000E-5
1.419590000E+9	1.598387000E-5
1.419593333E+9	1.545615000E-5
1.419596667E+9	1.593400000E-5
1.419600000E+9	1.616576000E-5
1.419603333E+9	1.594441000E-5
1.419606667E+9	1.575779000E-5
1.419610000E+9	1.582913000E-5
1.419613333E+9	1.594923000E-5
1.419616667E+9	1.594891000E-5
1.419620000E+9	1.588042000E-5
1.419623333E+9	1.582574000E-5
1.419626667E+9	1.606868000E-5
1.419630000E+9	1.611145000E-5
1.419633333E+9	1.604264000E-5
1.419636667E+9	1.562035000E-5
1.419640000E+9	1.591344000E-5
1.419643333E+9	1.542741000E-5
1.419646667E+9	1.596849000E-5
1.419650000E+9	1.572511000E-5
1.419653333E+9	1.599774000E-5
1.419656667E+9	1.576721000E-5
1.419660000E+9	1.559271000E-5
1.419663333E+9	1.577462000E-5
1.419666667E+9	1.592764000E-5
1.419670000E+9	1.594513000E-5
1.419673333E+9	1.604913000E-5
1.419676667E+9	1.598433000E-5
1.419680000E+9	1.587191000E-5
1.419683333E+9	1.590259000E-5
1.419686667E+9	1.541192000E-5
1.419690000E+9	1.591320000E-5
1.419693333E+9	1.564227000E-5
1.419696667E+9	1.575579000E-5
1.419700000E+9	1.589772000E-5
1.419703333E+9	1.559632000E-5
1.419706667E+9	1.581352000E-5
1.419710000E+9	1.606055000E-5
1.419713333E+9	1.602545000E-5
1.419716667E+9	1.581418000E-5
1.419720000E+9	1.591393000E-5
1.419723333E+9	1.587357000E-5
1.419726667E+9	1.564902000E-5
1.419730000E+9	1.590390000E-5
1.419733333E+9	1.733154000E-5
1.419736667E+9	1.625693000E-5
1.419740000E+9	1.592645000E-5
1.419743333E+9	1.575433000E-5
1.419746667E+9	1.720164000E-5
1.419750000E+9	1.651383000E-5
1.419753333E+9	1.589617000E-5
1.419756667E+9	1.597525000E-5
1.419760000E+9	1.594527000E-5
1.419763333E+9	1.578644000E-5
1.419766667E+9	1.563660000E-5
1.419770000E+9	1.616117000E-5
1.419773333E+9	1.549529000E-5
1.419776667E+9	1.575937000E-5
1.419780000E+9	1.597513000E-5
1.419783333E+9	1.547024000E-5
1.419786667E+9	1.577310000E-5
1.419790000E+9	1.583065000E-5
1.419793333E+9	1.588373000E-5
1.419796667E+9	1.580189000E-5
1.419800000E+9	1.560292000E-5
1.419803333E+9	1.574776000E-5
1.419806667E+9	1.562467000E-5
1.419810000E+9	1.553928000E-5
1.419813333E+9	1.583562000E-5
1.419816667E+9	1.575086000E-5
1.419820000E+9	1.574182000E-5
1.419823333E+9	1.612634000E-5
1.419826667E+9	1.575207000E-5
1.419830000E+9	1.587754000E-5
1.419833333E+9	1.605138000E-5
1.419836667E+9	1.585984000E-5
1.419840000E+9	1.549734000E-5
1.419843333E+9	1.549931000E-5
1.419846667E+9	1.531143000E-5
1.419850000E+9	1.576681000E-5
1.419853333E+9	1.581029000E-5
1.419856667E+9	1.584931000E-5
1.419860000E+9	1.589755000E-5
1.419863333E+9	1.603697000E-5
1.419866667E+9	1.570215000E-5
1.419870000E+9	1.566120000E-5
1.419873333E+9	1.593834000E-5
1.419876667E+9	1.561454000E-5
1.419880000E+9	1.566857000E-5
1.419883333E+9	1.576942000E-5
1.419886667E+9	1.580912000E-5
1.419890000E+9	1.569967000E-5
1.419893333E+9	1.595823000E-5
1.419896667E+9	1.665789000E-5
1.419900000E+9	1.626782000E-5
1.419903333E+9	1.578138000E-5
1.419906667E+9	1.615001000E-5
1.419910000E+9	1.604442000E-5
1.419913333E+9	1.613278000E-5
1.419916667E+9	1.602685000E-5
1.419920000E+9	1.584630000E-5
1.419923333E+9	1.591454000E-5
1.419926667E+9	1.593967000E-5
1.419930000E+9	1.564177000E-5
1.419933333E+9	1.582701000E-5
1.419936667E+9	1.608312000E-5
1.419940000E+9	1.574313000E-5
1.419943333E+9	1.585700000E-5
1.419946667E+9	1.610086000E-5
1.419950000E+9	1.596034000E-5
1.419953333E+9	1.616422000E-5
1.419956667E+9	1.597818000E-5
1.419960000E+9	1.615405000E-5
1.419963333E+9	1.609428000E-5
1.419966667E+9	1.600505000E-5
1.419970000E+9	1.637430000E-5
1.419973333E+9	1.657261000E-5
1.419976667E+9	1.606385000E-5
1.419980000E+9	1.658917000E-5
1.419983333E+9	1.642140000E-5
1.419986667E+9	1.654375000E-5
1.419990000E+9	1.612889000E-5
1.419993333E+9	1.593302000E-5
1.419996667E+9	1.622074000E-5
1.420000000E+9	1.710198000E-5
1.420003333E+9	1.768913000E-5
1.420006667E+9	1.647800000E-5
1.420010000E+9	1.676659000E-5
1.420013333E+9	1.638407000E-5
1.420016667E+9	1.648962000E-5
1.420020000E+9	1.638182000E-5
1.420023333E+9	1.668205000E-5
1.420026667E+9	1.677644000E-5
1.420030000E+9	1.643601000E-5
1.420033333E+9	1.640205000E-5
1.420036667E+9	1.682747000E-5
1.420040000E+9	1.754140000E-5
1.420043333E+9	1.672671000E-5
1.420046667E+9	1.683289000E-5
1.420050000E+9	1.638889000E-5
1.420053333E+9	1.650303000E-5
1.420056667E+9	1.664215000E-5
1.420060000E+9	1.656689000E-5
1.420063333E+9	1.656273000E-5
1.420066667E+9	1.648785000E-5
1.420070000E+9	1.637513000E-5
1.420073333E+9	1.642151000E-5
1.420076667E+9	1.670608000E-5
1.420080000E+9	1.671074000E-5
1.420083333E+9	1.678286000E-5
1.420086667E+9	1.694081000E-5
1.420090000E+9	1.639978000E-5
1.420093333E+9	1.678146000E-5
1.420096667E+9	1.695377000E-5
1.420100000E+9	1.663116000E-5
1.420103333E+9	1.660667000E-5
1.420106667E+9	1.652598000E-5
1.420110000E+9	1.652939000E-5
1.420113333E+9	1.667914000E-5
1.420116667E+9	1.688928000E-5
1.420120000E+9	1.678330000E-5
1.420123333E+9	1.671038000E-5
1.420126667E+9	1.680135000E-5
1.420130000E+9	1.689742000E-5
1.420133333E+9	1.687860000E-5
1.420136667E+9	1.674364000E-5
1.420140000E+9	1.672168000E-5
1.420143333E+9	1.655815000E-5
1.420146667E+9	1.677041000E-5
1.420150000E+9	1.659431000E-5
1.420153333E+9	1.640579000E-5
1.420156667E+9	1.670293000E-5
1.420160000E+9	1.692758000E-5
1.420163333E+9	1.694373000E-5
1.420166667E+9	1.642057000E-5
1.420170000E+9	1.677153000E-5
1.420173333E+9	1.722092000E-5
1.420176667E+9	1.700029000E-5
1.420180000E+9	1.709387000E-5
1.420183333E+9	1.734914000E-5
1.420186667E+9	1.739930000E-5
1.420190000E+9	1.778996000E-5
1.420193333E+9	1.724900000E-5
1.420196667E+9	1.729191000E-5
1.420200000E+9	1.705707000E-5
1.420203333E+9	1.711098000E-5
1.420206667E+9	1.713286000E-5
1.420210000E+9	1.689440000E-5
1.420213333E+9	1.743246000E-5
1.420216667E+9	1.730574000E-5
1.420220000E+9	1.696540000E-5
1.420223333E+9	1.713363000E-5
1.420226667E+9	1.758226000E-5
1.420230000E+9	1.762360000E-5
1.420233333E+9	1.716774000E-5
1.420236667E+9	1.732614000E-5
1.420240000E+9	1.708941000E-5
1.420243333E+9	1.734015000E-5
1.420246667E+9	1.747146000E-5
1.420250000E+9	1.719855000E-5
1.420253333E+9	1.717188000E-5
1.420256667E+9	1.693806000E-5
1.420260000E+9	1.714730000E-5
1.420263333E+9	1.735159000E-5
1.420266667E+9	1.731045000E-5
1.420270000E+9	1.776139000E-5
1.420273333E+9	1.721417000E-5
1.420276667E+9	1.696613000E-5
1.420280000E+9	1.721812000E-5
1.420283333E+9	1.702397000E-5
1.420286667E+9	1.718450000E-5
1.420290000E+9	1.704298000E-5
1.420293333E+9	1.733451000E-5
1.420296667E+9	1.757236000E-5
1.420300000E+9	1.721510000E-5
1.420303333E+9	1.708457000E-5
1.420306667E+9	1.760306000E-5
1.420310000E+9	1.735378000E-5
1.420313333E+9	1.714794000E-5
1.420316667E+9	1.758887000E-5
1.420320000E+9	1.787847000E-5
1.420323333E+9	1.698648000E-5
1.420326667E+9	1.723749000E-5
1.420330000E+9	1.757373000E-5
1.420333333E+9	1.820411000E-5
1.420336667E+9	1.778346000E-5
1.420340000E+9	1.756426000E-5
1.420343333E+9	1.761586000E-5
1.420346667E+9	1.798800000E-5
1.420350000E+9	1.725756000E-5
1.420353333E+9	1.739499000E-5
1.420356667E+9	1.704657000E-5
1.420360000E+9	1.695449000E-5
1.420363333E+9	1.711177000E-5
1.420366667E+9	1.723355000E-5
1.420370000E+9	1.661280000E-5
1.420373333E+9	1.679890000E-5
1.420376667E+9	1.650912000E-5
1.420380000E+9	1.617681000E-5
1.420383333E+9	1.643673000E-5
1.420386667E+9	1.631809000E-5
1.420390000E+9	1.589209000E-5
1.420393333E+9	1.601915000E-5
1.420396667E+9	1.629714000E-5
1.420400000E+9	1.623984000E-5
1.420403333E+9	1.634488000E-5
1.420406667E+9	1.616917000E-5
1.420410000E+9	1.595907000E-5
1.420413333E+9	1.587827000E-5
1.420416667E+9	1.597313000E-5
1.420420000E+9	1.612761000E-5
1.420423333E+9	1.608999000E-5
1.420426667E+9	1.585470000E-5
1.420430000E+9	1.628666000E-5
1.420433333E+9	1.614286000E-5
1.420436667E+9	1.608370000E-5
1.420440000E+9	1.608888000E-5
1.420443333E+9	1.602441000E-5
1.420446667E+9	1.619362000E-5
1.420450000E+9	1.632994000E-5
1.420453333E+9	1.596401000E-5
1.420456667E+9	1.669455000E-5
1.420460000E+9	1.643908000E-5
1.420463333E+9	1.599149000E-5
1.420466667E+9	1.586106000E-5
1.420470000E+9	1.631865000E-5
1.420473333E+9	1.595788000E-5
1.420476667E+9	1.606919000E-5
1.420480000E+9	1.611604000E-5
1.420483333E+9	1.638052000E-5
1.420486667E+9	1.599904000E-5
1.420490000E+9	1.617251000E-5
1.420493333E+9	1.680107000E-5
1.420496667E+9	1.633810000E-5
1.420500000E+9	1.609082000E-5
1.420503333E+9	1.637038000E-5
1.420506667E+9	1.622401000E-5
1.420510000E+9	1.669200000E-5
1.420513333E+9	1.651626000E-5
1.420516667E+9	1.625675000E-5
1.420520000E+9	1.629607000E-5
1.420523333E+9	1.613707000E-5
1.420526667E+9	1.606724000E-5
1.420530000E+9	1.656306000E-5
1.420533333E+9	1.669086000E-5
1.420536667E+9	1.661856000E-5
1.420540000E+9	1.620383000E-5
1.420543333E+9	1.636794000E-5
1.420546667E+9	1.626648000E-5
1.420550000E+9	1.628739000E-5
1.420553333E+9	1.627014000E-5
1.420556667E+9	1.637858000E-5
1.420560000E+9	1.633555000E-5
1.420563333E+9	1.618887000E-5
1.420566667E+9	1.622795000E-5
1.420570000E+9	1.617872000E-5
1.420573333E+9	1.650777000E-5
1.420576667E+9	1.614315000E-5
1.420580000E+9	1.657290000E-5
1.420583333E+9	1.614164000E-5
1.420586667E+9	1.615668000E-5
1.420590000E+9	1.635834000E-5
1.420593333E+9	1.643829000E-5
1.420596667E+9	1.623597000E-5
1.420600000E+9	1.658692000E-5
1.420603333E+9	1.610733000E-5
1.420606667E+9	1.657148000E-5
1.420610000E+9	1.651256000E-5
1.420613333E+9	1.659885000E-5
1.420616667E+9	1.641871000E-5
1.420620000E+9	1.628455000E-5
1.420623333E+9	1.679521000E-5
1.420626667E+9	1.797363000E-5
1.420630000E+9	1.648452000E-5
1.420633333E+9	1.658364000E-5
1.420636667E+9	1.665257000E-5
1.420640000E+9	1.646958000E-5
1.420643333E+9	1.705906000E-5
1.420646667E+9	1.656826000E-5
1.420650000E+9	1.625104000E-5
1.420653333E+9	1.620187000E-5
1.420656667E+9	1.590892000E-5
1.420660000E+9	1.579370000E-5
1.420663333E+9	1.635161000E-5
1.420666667E+9	1.628019000E-5
1.420670000E+9	1.604249000E-5
1.420673333E+9	1.612880000E-5
1.420676667E+9	1.590528000E-5
1.420680000E+9	1.646187000E-5
1.420683333E+9	1.630820000E-5
1.420686667E+9	1.595157000E-5
1.420690000E+9	1.595559000E-5
1.420693333E+9	1.582606000E-5
1.420696667E+9	1.616603000E-5
1.420700000E+9	1.590902000E-5
1.420703333E+9	1.593972000E-5
1.420706667E+9	1.583101000E-5
1.420710000E+9	1.588143000E-5
1.420713333E+9	1.581281000E-5
1.420716667E+9	1.629596000E-5
1.420720000E+9	1.611391000E-5
1.420723333E+9	1.573819000E-5
1.420726667E+9	1.570037000E-5
1.420730000E+9	1.585634000E-5
1.420733333E+9	1.591213000E-5
1.420736667E+9	1.676161000E-5
1.420740000E+9	1.590317000E-5
1.420743333E+9	1.585512000E-5
1.420746667E+9	1.574519000E-5
1.420750000E+9	1.555275000E-5
1.420753333E+9	1.641821000E-5
1.420756667E+9	1.626171000E-5
1.420760000E+9	1.636269000E-5
1.420763333E+9	1.577407000E-5
1.420766667E+9	1.590906000E-5
1.420770000E+9	1.593440000E-5
1.420773333E+9	1.577083000E-5
1.420776667E+9	1.580376000E-5
1.420780000E+9	1.564948000E-5
1.420783333E+9	1.570858000E-5
1.420786667E+9	1.618551000E-5
1.420790000E+9	1.617199000E-5
1.420793333E+9	1.706910000E-5
1.420796667E+9	1.563124000E-5
1.420800000E+9	1.582884000E-5
1.420803333E+9	1.588441000E-5
1.420806667E+9	1.585801000E-5
1.420810000E+9	1.576513000E-5
1.420813333E+9	1.584955000E-5
1.420816667E+9	1.580673000E-5
1.420820000E+9	1.581753000E-5
1.420823333E+9	1.581419000E-5
1.420826667E+9	1.568912000E-5
1.420830000E+9	1.593071000E-5
1.420833333E+9	1.585188000E-5
1.420836667E+9	1.576908000E-5
1.420840000E+9	1.576181000E-5
1.420843333E+9	1.614051000E-5
1.420846667E+9	1.579708000E-5
1.420850000E+9	1.595799000E-5
1.420853333E+9	1.562692000E-5
1.420856667E+9	1.588429000E-5
1.420860000E+9	1.577630000E-5
1.420863333E+9	1.563315000E-5
1.420866667E+9	1.616319000E-5
1.420870000E+9	1.591398000E-5
1.420873333E+9	1.573622000E-5
1.420876667E+9	1.589968000E-5
1.420880000E+9	1.546762000E-5
1.420883333E+9	1.695671000E-5
1.420886667E+9	1.642421000E-5
1.420890000E+9	1.578994000E-5
1.420893333E+9	1.583489000E-5
1.420896667E+9	1.607239000E-5
1.420900000E+9	1.620870000E-5
1.420903333E+9	1.701446000E-5
1.420906667E+9	1.743713000E-5
1.420910000E+9	1.589624000E-5
1.420913333E+9	1.642104000E-5
1.420916667E+9	1.736484000E-5
1.420920000E+9	1.951543000E-5
1.420923333E+9	1.609211000E-5
1.420926667E+9	1.585658000E-5
1.420930000E+9	1.587897000E-5
1.420933333E+9	1.567488000E-5
1.420936667E+9	1.595129000E-5
1.420940000E+9	1.624790000E-5
1.420943333E+9	1.664815000E-5
1.420946667E+9	1.584141000E-5
1.420950000E+9	1.596370000E-5
1.420953333E+9	1.605701000E-5
1.420956667E+9	1.580418000E-5
1.420960000E+9	1.562795000E-5
1.420963333E+9	1.620950000E-5
1.420966667E+9	1.615717000E-5
1.420970000E+9	1.575686000E-5
1.420973333E+9	1.582484000E-5
1.420976667E+9	1.607945000E-5
1.420980000E+9	1.600160000E-5
1.420983333E+9	1.576745000E-5
1.420986667E+9	1.618720000E-5
1.420990000E+9	1.591187000E-5
1.420993333E+9	1.567533000E-5
1.420996667E+9	1.536473000E-5
1.421000000E+9	1.571519000E-5
1.421003333E+9	1.599486000E-5
1.421006667E+9	1.605561000E-5
1.421010000E+9	1.588411000E-5
1.421013333E+9	1.594035000E-5
1.421016667E+9	1.595969000E-5
1.421020000E+9	1.552583000E-5
1.421023333E+9	1.591040000E-5
1.421026667E+9	1.556004000E-5
1.421030000E+9	1.569598000E-5
1.421033333E+9	1.594492000E-5
1.421036667E+9	1.562658000E-5
1.421040000E+9	1.581103000E-5
1.421043333E+9	1.576126000E-5
1.421046667E+9	1.577850000E-5
1.421050000E+9	1.557722000E-5
1.421053333E+9	1.620875000E-5
1.421056667E+9	1.626539000E-5
1.421060000E+9	1.580420000E-5
1.421063333E+9	1.578373000E-5
1.421066667E+9	1.597699000E-5
1.421070000E+9	1.561447000E-5
1.421073333E+9	1.569541000E-5
1.421076667E+9	1.584096000E-5
1.421080000E+9	1.572478000E-5
1.421083333E+9	1.572339000E-5
1.421086667E+9	1.586524000E-5
1.421090000E+9	1.636447000E-5
1.421093333E+9	1.585124000E-5
1.421096667E+9	1.575108000E-5
1.421100000E+9	1.604800000E-5
1.421103333E+9	1.555352000E-5
1.421106667E+9	1.626736000E-5
1.421110000E+9	1.586614000E-5
1.421113333E+9	1.569851000E-5
1.421116667E+9	1.580652000E-5
1.421120000E+9	1.589050000E-5
1.421123333E+9	1.566896000E-5
1.421126667E+9	1.602643000E-5
1.421130000E+9	1.587989000E-5
1.421133333E+9	1.577616000E-5
1.421136667E+9	1.568246000E-5
1.421140000E+9	1.600821000E-5
1.421143333E+9	1.568549000E-5
1.421146667E+9	1.592171000E-5
1.421150000E+9	1.575252000E-5
1.421153333E+9	1.559198000E-5
1.421156667E+9	1.578784000E-5
1.421160000E+9	1.542964000E-5
1.421163333E+9	1.584148000E-5
1.421166667E+9	1.611639000E-5
1.421170000E+9	1.581298000E-5
1.421173333E+9	1.606406000E-5
1.421176667E+9	1.633864000E-5
1.421180000E+9	1.666770000E-5
1.421183333E+9	1.585026000E-5
1.421186667E+9	1.561301000E-5
1.421190000E+9	1.589270000E-5
1.421193333E+9	1.578722000E-5
1.421196667E+9	1.603006000E-5
1.421200000E+9	1.623877000E-5
1.421203333E+9	1.628233000E-5
1.421206667E+9	1.583473000E-5
1.421210000E+9	1.663572000E-5
1.421213333E+9	1.698630000E-5
1.421216667E+9	1.554481000E-5
1.421220000E+9	1.581765000E-5
1.421223333E+9	1.556900000E-5
1.421226667E+9	1.566003000E-5
1.421230000E+9	1.552349000E-5
1.421233333E+9	1.556169000E-5
1.421236667E+9	1.593708000E-5
1.421240000E+9	1.585540000E-5
1.421243333E+9	1.562026000E-5
1.421246667E+9	1.587123000E-5
1.421250000E+9	1.580548000E-5
1.421253333E+9	1.569736000E-5
1.421256667E+9	1.595772000E-5
1.421260000E+9	1.595851000E-5
1.421263333E+9	1.557885000E-5
1.421266667E+9	1.576607000E-5
1.421270000E+9	1.600352000E-5
1.421273333E+9	1.584517000E-5
1.421276667E+9	1.581458000E-5
1.421280000E+9	1.577706000E-5
1.421283333E+9	1.568115000E-5
1.421286667E+9	1.602678000E-5
1.421290000E+9	1.552758000E-5
1.421293333E+9	1.578294000E-5
1.421296667E+9	1.556090000E-5
1.421300000E+9	1.558249000E-5
1.421303333E+9	1.577145000E-5
1.421306667E+9	1.571900000E-5
1.421310000E+9	1.589498000E-5
1.421313333E+9	1.590967000E-5
1.421316667E+9	1.613004000E-5
1.421320000E+9	1.585822000E-5
1.421323333E+9	1.570075000E-5
1.421326667E+9	1.608150000E-5
1.421330000E+9	1.564848000E-5
1.421333333E+9	1.556609000E-5
1.421336667E+9	1.588842000E-5
1.421340000E+9	1.585455000E-5
1.421343333E+9	1.591952000E-5
1.421346667E+9	1.588492000E-5
1.421350000E+9	1.584892000E-5
1.421353333E+9	1.576742000E-5
1.421356667E+9	1.572459000E-5
1.421360000E+9	1.554039000E-5
1.421363333E+9	1.558806000E-5
1.421366667E+9	1.620963000E-5
1.421370000E+9	1.600155000E-5
1.421373333E+9	1.564878000E-5
1.421376667E+9	1.560694000E-5
1.421380000E+9	1.546735000E-5
1.421383333E+9	1.566371000E-5
1.421386667E+9	1.553536000E-5
1.421390000E+9	1.634870000E-5
1.421393333E+9	1.562225000E-5
1.421396667E+9	1.584544000E-5
1.421400000E+9	1.593351000E-5
