Frequency, Hz	Amplitude, Volts
1.419400000E+9	1.557743000E-5
1.419403333E+9	1.601742000E-5
1.419406667E+9	1.554126000E-5
1.419410000E+9	1.559009000E-5
1.419413333E+9	1.566748000E-5
1.419416667E+9	1.553171000E-5
1.419420000E+9	1.578438000E-5
1.419423333E+9	1.544266000E-5
1.419426667E+9	1.535140000E-5
1.419430000E+9	1.559600000E-5
1.419433333E+9	1.563763000E-5
1.419436667E+9	1.574711000E-5
1.419440000E+9	1.586642000E-5
1.419443333E+9	1.568404000E-5
1.419446667E+9	1.587717000E-5
1.419450000E+9	1.723102000E-5
1.419453333E+9	1.619084000E-5
1.419456667E+9	1.578911000E-5
1.419460000E+9	1.585387000E-5
1.419463333E+9	1.585199000E-5
1.419466667E+9	1.574519000E-5
1.419470000E+9	1.569975000E-5
1.419473333E+9	1.565306000E-5
1.419476667E+9	1.557071000E-5
1.419480000E+9	1.573288000E-5
1.419483333E+9	1.561269000E-5
1.419486667E+9	1.527239000E-5
1.419490000E+9	1.562982000E-5
1.419493333E+9	1.554352000E-5
1.419496667E+9	1.570110000E-5
1.419500000E+9	1.554609000E-5
1.419503333E+9	1.534854000E-5
1.419506667E+9	1.550156000E-5
1.419510000E+9	1.553838000E-5
1.419513333E+9	1.555081000E-5
1.419516667E+9	1.545009000E-5
1.419520000E+9	1.555701000E-5
1.419523333E+9	1.559490000E-5
1.419526667E+9	1.537178000E-5
1.419530000E+9	1.567073000E-5
1.419533333E+9	1.593990000E-5
1.419536667E+9	1.585394000E-5
1.419540000E+9	1.576437000E-5
1.419543333E+9	1.576998000E-5
1.419546667E+9	1.540168000E-5
1.419550000E+9	1.572682000E-5
1.419553333E+9	1.568170000E-5
1.419556667E+9	1.573770000E-5
1.419560000E+9	1.548960000E-5
1.419563333E+9	1.584584000E-5
1.419566667E+9	1.570679000E-5
1.419570000E+9	1.576499000E-5
1.419573333E+9	1.579736000E-5
1.419576667E+9	1.577983000E-5
1.419580000E+9	1.573040000E-5
1.419583333E+9	1.561917000E-5
1.419586667E+9	1.586024000E-5
1.419590000E+9	1.568314000E-5
1.419593333E+9	1.558840000E-5
1.419596667E+9	1.536827000E-5
1.419600000E+9	1.585317000E-5
1.419603333E+9	1.587984000E-5
1.419606667E+9	1.555612000E-5
1.419610000E+9	1.535162000E-5
1.419613333E+9	1.568540000E-5
1.419616667E+9	1.546531000E-5
1.419620000E+9	1.513659000E-5
1.419623333E+9	1.569782000E-5
1.419626667E+9	1.592325000E-5
1.419630000E+9	1.535230000E-5
1.419633333E+9	1.557177000E-5
1.419636667E+9	1.556796000E-5
1.419640000E+9	1.574593000E-5
1.419643333E+9	1.583955000E-5
1.419646667E+9	1.595236000E-5
1.419650000E+9	1.563809000E-5
1.419653333E+9	1.566210000E-5
1.419656667E+9	1.533350000E-5
1.419660000E+9	1.573034000E-5
1.419663333E+9	1.564412000E-5
1.419666667E+9	1.568971000E-5
1.419670000E+9	1.564749000E-5
1.419673333E+9	1.573762000E-5
1.419676667E+9	1.549618000E-5
1.419680000E+9	1.581650000E-5
1.419683333E+9	1.535164000E-5
1.419686667E+9	1.554089000E-5
1.419690000E+9	1.557312000E-5
1.419693333E+9	1.575937000E-5
1.419696667E+9	1.515566000E-5
1.419700000E+9	1.550156000E-5
1.419703333E+9	1.563157000E-5
1.419706667E+9	1.574391000E-5
1.419710000E+9	1.564424000E-5
1.419713333E+9	1.540586000E-5
1.419716667E+9	1.556734000E-5
1.419720000E+9	1.565426000E-5
1.419723333E+9	1.565481000E-5
1.419726667E+9	1.548441000E-5
1.419730000E+9	1.542058000E-5
1.419733333E+9	1.610652000E-5
1.419736667E+9	1.580730000E-5
1.419740000E+9	1.579597000E-5
1.419743333E+9	1.649718000E-5
1.419746667E+9	1.593225000E-5
1.419750000E+9	1.655451000E-5
1.419753333E+9	1.602530000E-5
1.419756667E+9	1.556278000E-5
1.419760000E+9	1.566968000E-5
1.419763333E+9	1.576342000E-5
1.419766667E+9	1.567237000E-5
1.419770000E+9	1.565495000E-5
1.419773333E+9	1.533402000E-5
1.419776667E+9	1.545664000E-5
1.419780000E+9	1.583939000E-5
1.419783333E+9	1.545648000E-5
1.419786667E+9	1.572123000E-5
1.419790000E+9	1.589577000E-5
1.419793333E+9	1.565117000E-5
1.419796667E+9	1.546961000E-5
1.419800000E+9	1.553319000E-5
1.419803333E+9	1.542571000E-5
1.419806667E+9	1.532944000E-5
1.419810000E+9	1.572877000E-5
1.419813333E+9	1.563729000E-5
1.419816667E+9	1.580730000E-5
1.419820000E+9	1.607383000E-5
1.419823333E+9	1.585653000E-5
1.419826667E+9	1.585060000E-5
1.419830000E+9	1.584607000E-5
1.419833333E+9	1.580886000E-5
1.419836667E+9	1.567104000E-5
1.419840000E+9	1.554785000E-5
1.419843333E+9	1.561306000E-5
1.419846667E+9	1.559762000E-5
1.419850000E+9	1.574529000E-5
1.419853333E+9	1.581423000E-5
1.419856667E+9	1.551313000E-5
1.419860000E+9	1.559555000E-5
1.419863333E+9	1.581603000E-5
1.419866667E+9	1.575793000E-5
1.419870000E+9	1.551709000E-5
1.419873333E+9	1.544554000E-5
1.419876667E+9	1.573257000E-5
1.419880000E+9	1.533397000E-5
1.419883333E+9	1.542997000E-5
1.419886667E+9	1.537208000E-5
1.419890000E+9	1.556709000E-5
1.419893333E+9	1.561281000E-5
1.419896667E+9	1.575077000E-5
1.419900000E+9	1.599577000E-5
1.419903333E+9	1.565611000E-5
1.419906667E+9	1.565357000E-5
1.419910000E+9	1.509964000E-5
1.419913333E+9	1.560915000E-5
1.419916667E+9	1.556102000E-5
1.419920000E+9	1.533867000E-5
1.419923333E+9	1.546720000E-5
1.419926667E+9	1.506432000E-5
1.419930000E+9	1.533601000E-5
1.419933333E+9	1.528131000E-5
1.419936667E+9	1.570505000E-5
1.419940000E+9	1.554580000E-5
1.419943333E+9	1.537637000E-5
1.419946667E+9	1.559648000E-5
1.419950000E+9	1.564850000E-5
1.419953333E+9	1.509639000E-5
1.419956667E+9	1.517743000E-5
1.419960000E+9	1.544827000E-5
1.419963333E+9	1.525099000E-5
1.419966667E+9	1.553601000E-5
1.419970000E+9	1.565477000E-5
1.419973333E+9	1.601498000E-5
1.419976667E+9	1.571124000E-5
1.419980000E+9	1.527809000E-5
1.419983333E+9	1.551509000E-5
1.419986667E+9	1.567201000E-5
1.419990000E+9	1.588424000E-5
1.419993333E+9	1.547559000E-5
1.419996667E+9	1.561853000E-5
1.420000000E+9	1.637801000E-5
1.420003333E+9	1.744587000E-5
1.420006667E+9	1.572509000E-5
1.420010000E+9	1.547873000E-5
1.420013333E+9	1.568399000E-5
1.420016667E+9	1.526584000E-5
1.420020000E+9	1.570953000E-5
1.420023333E+9	1.561881000E-5
1.420026667E+9	1.582486000E-5
1.420030000E+9	1.538968000E-5
1.420033333E+9	1.597583000E-5
1.420036667E+9	1.653320000E-5
1.420040000E+9	1.607008000E-5
1.420043333E+9	1.557772000E-5
1.420046667E+9	1.573492000E-5
1.420050000E+9	1.585763000E-5
1.420053333E+9	1.568500000E-5
1.420056667E+9	1.563713000E-5
1.420060000E+9	1.565089000E-5
1.420063333E+9	1.573095000E-5
1.420066667E+9	1.547048000E-5
1.420070000E+9	1.550930000E-5
1.420073333E+9	1.540140000E-5
1.420076667E+9	1.586243000E-5
1.420080000E+9	1.561886000E-5
1.420083333E+9	1.553106000E-5
1.420086667E+9	1.565218000E-5
1.420090000E+9	1.564546000E-5
1.420093333E+9	1.575726000E-5
1.420096667E+9	1.543800000E-5
1.420100000E+9	1.526205000E-5
1.420103333E+9	1.541092000E-5
1.420106667E+9	1.563444000E-5
1.420110000E+9	1.536154000E-5
1.420113333E+9	1.532529000E-5
1.420116667E+9	1.536793000E-5
1.420120000E+9	1.565342000E-5
1.420123333E+9	1.555048000E-5
1.420126667E+9	1.552634000E-5
1.420130000E+9	1.531015000E-5
1.420133333E+9	1.561186000E-5
1.420136667E+9	1.567173000E-5
1.420140000E+9	1.536533000E-5
1.420143333E+9	1.558995000E-5
1.420146667E+9	1.539315000E-5
1.420150000E+9	1.528789000E-5
1.420153333E+9	1.541332000E-5
1.420156667E+9	1.558551000E-5
1.420160000E+9	1.603125000E-5
1.420163333E+9	1.541796000E-5
1.420166667E+9	1.539316000E-5
1.420170000E+9	1.552827000E-5
1.420173333E+9	1.551239000E-5
1.420176667E+9	1.545058000E-5
1.420180000E+9	1.562116000E-5
1.420183333E+9	1.531040000E-5
1.420186667E+9	1.532892000E-5
1.420190000E+9	1.577298000E-5
1.420193333E+9	1.531156000E-5
1.420196667E+9	1.602277000E-5
1.420200000E+9	1.568392000E-5
1.420203333E+9	1.552917000E-5
1.420206667E+9	1.591417000E-5
1.420210000E+9	1.532256000E-5
1.420213333E+9	1.553441000E-5
1.420216667E+9	1.569201000E-5
1.420220000E+9	1.542758000E-5
1.420223333E+9	1.586491000E-5
1.420226667E+9	1.564732000E-5
1.420230000E+9	1.549364000E-5
1.420233333E+9	1.584785000E-5
1.420236667E+9	1.565137000E-5
1.420240000E+9	1.571125000E-5
1.420243333E+9	1.567858000E-5
1.420246667E+9	1.549060000E-5
1.420250000E+9	1.555871000E-5
1.420253333E+9	1.594084000E-5
1.420256667E+9	1.549883000E-5
1.420260000E+9	1.552697000E-5
1.420263333E+9	1.569046000E-5
1.420266667E+9	1.546991000E-5
1.420270000E+9	1.561454000E-5
1.420273333E+9	1.568008000E-5
1.420276667E+9	1.538030000E-5
1.420280000E+9	1.576491000E-5
1.420283333E+9	1.577990000E-5
1.420286667E+9	1.562493000E-5
1.420290000E+9	1.545626000E-5
1.420293333E+9	1.581756000E-5
1.420296667E+9	1.577694000E-5
1.420300000E+9	1.576082000E-5
1.420303333E+9	1.563948000E-5
1.420306667E+9	1.597496000E-5
1.420310000E+9	1.608422000E-5
1.420313333E+9	1.615568000E-5
1.420316667E+9	1.620899000E-5
1.420320000E+9	1.621701000E-5
1.420323333E+9	1.611726000E-5
1.420326667E+9	1.645378000E-5
1.420330000E+9	1.707757000E-5
1.420333333E+9	1.678347000E-5
1.420336667E+9	1.643619000E-5
1.420340000E+9	1.633637000E-5
1.420343333E+9	1.658304000E-5
1.420346667E+9	1.709506000E-5
1.420350000E+9	1.690813000E-5
1.420353333E+9	1.730593000E-5
1.420356667E+9	1.727925000E-5
1.420360000E+9	1.698949000E-5
1.420363333E+9	1.700109000E-5
1.420366667E+9	1.694945000E-5
1.420370000E+9	1.732519000E-5
1.420373333E+9	1.771426000E-5
1.420376667E+9	1.792523000E-5
1.420380000E+9	1.769561000E-5
1.420383333E+9	1.830736000E-5
1.420386667E+9	1.799383000E-5
1.420390000E+9	1.838755000E-5
1.420393333E+9	1.815571000E-5
1.420396667E+9	1.828548000E-5
1.420400000E+9	1.840003000E-5
1.420403333E+9	1.812281000E-5
1.420406667E+9	1.820919000E-5
1.420410000E+9	1.826060000E-5
1.420413333E+9	1.849231000E-5
1.420416667E+9	1.806799000E-5
1.420420000E+9	1.832127000E-5
1.420423333E+9	1.825838000E-5
1.420426667E+9	1.808373000E-5
1.420430000E+9	1.779695000E-5
1.420433333E+9	1.762178000E-5
1.420436667E+9	1.750617000E-5
1.420440000E+9	1.762983000E-5
1.420443333E+9	1.766520000E-5
1.420446667E+9	1.756416000E-5
1.420450000E+9	1.745915000E-5
1.420453333E+9	1.747107000E-5
1.420456667E+9	1.742267000E-5
1.420460000E+9	1.751486000E-5
1.420463333E+9	1.685384000E-5
1.420466667E+9	1.697526000E-5
1.420470000E+9	1.685791000E-5
1.420473333E+9	1.652337000E-5
1.420476667E+9	1.719099000E-5
1.420480000E+9	1.712483000E-5
1.420483333E+9	1.697336000E-5
1.420486667E+9	1.664628000E-5
1.420490000E+9	1.684102000E-5
1.420493333E+9	1.675789000E-5
1.420496667E+9	1.699488000E-5
1.420500000E+9	1.664522000E-5
1.420503333E+9	1.638574000E-5
1.420506667E+9	1.651314000E-5
1.420510000E+9	1.674420000E-5
1.420513333E+9	1.628437000E-5
1.420516667E+9	1.598629000E-5
1.420520000E+9	1.617240000E-5
1.420523333E+9	1.643857000E-5
1.420526667E+9	1.625077000E-5
1.420530000E+9	1.640448000E-5
1.420533333E+9	1.641962000E-5
1.420536667E+9	1.641772000E-5
1.420540000E+9	1.657341000E-5
1.420543333E+9	1.626304000E-5
1.420546667E+9	1.633003000E-5
1.420550000E+9	1.642988000E-5
1.420553333E+9	1.613512000E-5
1.420556667E+9	1.594848000E-5
1.420560000E+9	1.616860000E-5
1.420563333E+9	1.619620000E-5
1.420566667E+9	1.614355000E-5
1.420570000E+9	1.600951000E-5
1.420573333E+9	1.617563000E-5
1.420576667E+9	1.565400000E-5
1.420580000E+9	1.580243000E-5
1.420583333E+9	1.617229000E-5
1.420586667E+9	1.616983000E-5
1.420590000E+9	1.723916000E-5
1.420593333E+9	1.618233000E-5
1.420596667E+9	1.600118000E-5
1.420600000E+9	1.583035000E-5
1.420603333E+9	1.617380000E-5
1.420606667E+9	1.603706000E-5
1.420610000E+9	1.631777000E-5
1.420613333E+9	1.642631000E-5
1.420616667E+9	1.627259000E-5
1.420620000E+9	1.651381000E-5
1.420623333E+9	1.677934000E-5
1.420626667E+9	1.692533000E-5
1.420630000E+9	1.619854000E-5
1.420633333E+9	1.581638000E-5
1.420636667E+9	1.605886000E-5
1.420640000E+9	1.613967000E-5
1.420643333E+9	1.676179000E-5
1.420646667E+9	1.679032000E-5
1.420650000E+9	1.589195000E-5
1.420653333E+9	1.598598000E-5
1.420656667E+9	1.600459000E-5
1.420660000E+9	1.615497000E-5
1.420663333E+9	1.606745000E-5
1.420666667E+9	1.587956000E-5
1.420670000E+9	1.572803000E-5
1.420673333E+9	1.611458000E-5
1.420676667E+9	1.616129000E-5
1.420680000E+9	1.570791000E-5
1.420683333E+9	1.630460000E-5
1.420686667E+9	1.619136000E-5
1.420690000E+9	1.596947000E-5
1.420693333E+9	1.629068000E-5
1.420696667E+9	1.645660000E-5
1.420700000E+9	1.638826000E-5
1.420703333E+9	1.608040000E-5
1.420706667E+9	1.645336000E-5
1.420710000E+9	1.643612000E-5
1.420713333E+9	1.616628000E-5
1.420716667E+9	1.622899000E-5
1.420720000E+9	1.654157000E-5
1.420723333E+9	1.628666000E-5
1.420726667E+9	1.632721000E-5
1.420730000E+9	1.616170000E-5
1.420733333E+9	1.616761000E-5
1.420736667E+9	1.631352000E-5
1.420740000E+9	1.665195000E-5
1.420743333E+9	1.645295000E-5
1.420746667E+9	1.632994000E-5
1.420750000E+9	1.626945000E-5
1.420753333E+9	1.658133000E-5
1.420756667E+9	1.698978000E-5
1.420760000E+9	1.618158000E-5
1.420763333E+9	1.640045000E-5
1.420766667E+9	1.629732000E-5
1.420770000E+9	1.647283000E-5
1.420773333E+9	1.606884000E-5
1.420776667E+9	1.649935000E-5
1.420780000E+9	1.637594000E-5
1.420783333E+9	1.591830000E-5
1.420786667E+9	1.650011000E-5
1.420790000E+9	1.650393000E-5
1.420793333E+9	1.680026000E-5
1.420796667E+9	1.694935000E-5
1.420800000E+9	1.627574000E-5
1.420803333E+9	1.623763000E-5
1.420806667E+9	1.600786000E-5
1.420810000E+9	1.620132000E-5
1.420813333E+9	1.636400000E-5
1.420816667E+9	1.613666000E-5
1.420820000E+9	1.611750000E-5
1.420823333E+9	1.626545000E-5
1.420826667E+9	1.571591000E-5
1.420830000E+9	1.612081000E-5
1.420833333E+9	1.622102000E-5
1.420836667E+9	1.582767000E-5
1.420840000E+9	1.586545000E-5
1.420843333E+9	1.561346000E-5
1.420846667E+9	1.563729000E-5
1.420850000E+9	1.566643000E-5
1.420853333E+9	1.585500000E-5
1.420856667E+9	1.558047000E-5
1.420860000E+9	1.594763000E-5
1.420863333E+9	1.572820000E-5
1.420866667E+9	1.574379000E-5
1.420870000E+9	1.584678000E-5
1.420873333E+9	1.566425000E-5
1.420876667E+9	1.547917000E-5
1.420880000E+9	1.545058000E-5
1.420883333E+9	1.724855000E-5
1.420886667E+9	1.636837000E-5
1.420890000E+9	1.542163000E-5
1.420893333E+9	1.548740000E-5
1.420896667E+9	1.558174000E-5
1.420900000E+9	1.617677000E-5
1.420903333E+9	1.617869000E-5
1.420906667E+9	1.638394000E-5
1.420910000E+9	1.599043000E-5
1.420913333E+9	1.895631000E-5
1.420916667E+9	1.831685000E-5
1.420920000E+9	1.820457000E-5
1.420923333E+9	1.574858000E-5
1.420926667E+9	1.586566000E-5
1.420930000E+9	1.560616000E-5
1.420933333E+9	1.582853000E-5
1.420936667E+9	1.578382000E-5
1.420940000E+9	1.537416000E-5
1.420943333E+9	1.659431000E-5
1.420946667E+9	1.575226000E-5
1.420950000E+9	1.562922000E-5
1.420953333E+9	1.540581000E-5
1.420956667E+9	1.544005000E-5
1.420960000E+9	1.516988000E-5
1.420963333E+9	1.537212000E-5
1.420966667E+9	1.560235000E-5
1.420970000E+9	1.586670000E-5
1.420973333E+9	1.569636000E-5
1.420976667E+9	1.541347000E-5
1.420980000E+9	1.585484000E-5
1.420983333E+9	1.561574000E-5
1.420986667E+9	1.571845000E-5
1.420990000E+9	1.571952000E-5
1.420993333E+9	1.516283000E-5
1.420996667E+9	1.522416000E-5
1.421000000E+9	1.545923000E-5
1.421003333E+9	1.568404000E-5
1.421006667E+9	1.556069000E-5
1.421010000E+9	1.583457000E-5
1.421013333E+9	1.528490000E-5
1.421016667E+9	1.554859000E-5
1.421020000E+9	1.576224000E-5
1.421023333E+9	1.571479000E-5
1.421026667E+9	1.543546000E-5
1.421030000E+9	1.537232000E-5
1.421033333E+9	1.530091000E-5
1.421036667E+9	1.547654000E-5
1.421040000E+9	1.499020000E-5
1.421043333E+9	1.548801000E-5
1.421046667E+9	1.517138000E-5
1.421050000E+9	1.534173000E-5
1.421053333E+9	1.541023000E-5
1.421056667E+9	1.564965000E-5
1.421060000E+9	1.527326000E-5
1.421063333E+9	1.529899000E-5
1.421066667E+9	1.554314000E-5
1.421070000E+9	1.521866000E-5
1.421073333E+9	1.542195000E-5
1.421076667E+9	1.551574000E-5
1.421080000E+9	1.530889000E-5
1.421083333E+9	1.555127000E-5
1.421086667E+9	1.553765000E-5
1.421090000E+9	1.555695000E-5
1.421093333E+9	1.597287000E-5
1.421096667E+9	1.567793000E-5
1.421100000E+9	1.571966000E-5
1.421103333E+9	1.556438000E-5
1.421106667E+9	1.540161000E-5
1.421110000E+9	1.528959000E-5
1.421113333E+9	1.537035000E-5
1.421116667E+9	1.513822000E-5
1.421120000E+9	1.530598000E-5
1.421123333E+9	1.527717000E-5
1.421126667E+9	1.545805000E-5
1.421130000E+9	1.559165000E-5
1.421133333E+9	1.569846000E-5
1.421136667E+9	1.552960000E-5
1.421140000E+9	1.578198000E-5
1.421143333E+9	1.542831000E-5
1.421146667E+9	1.538554000E-5
1.421150000E+9	1.597780000E-5
1.421153333E+9	1.699370000E-5
1.421156667E+9	1.564395000E-5
1.421160000E+9	1.544605000E-5
1.421163333E+9	1.546195000E-5
1.421166667E+9	1.575096000E-5
1.421170000E+9	1.550717000E-5
1.421173333E+9	1.515967000E-5
1.421176667E+9	1.550592000E-5
1.421180000E+9	1.588159000E-5
1.421183333E+9	1.529335000E-5
1.421186667E+9	1.562212000E-5
1.421190000E+9	1.530667000E-5
1.421193333E+9	1.557868000E-5
1.421196667E+9	1.551533000E-5
1.421200000E+9	1.525456000E-5
1.421203333E+9	1.580263000E-5
1.421206667E+9	1.648300000E-5
1.421210000E+9	1.629469000E-5
1.421213333E+9	1.614793000E-5
1.421216667E+9	1.554089000E-5
1.421220000E+9	1.665107000E-5
1.421223333E+9	1.619922000E-5
1.421226667E+9	1.524194000E-5
1.421230000E+9	1.536712000E-5
1.421233333E+9	1.556269000E-5
1.421236667E+9	1.522003000E-5
1.421240000E+9	1.544305000E-5
1.421243333E+9	1.540906000E-5
1.421246667E+9	1.538289000E-5
1.421250000E+9	1.534200000E-5
1.421253333E+9	1.537990000E-5
1.421256667E+9	1.528764000E-5
1.421260000E+9	1.511895000E-5
1.421263333E+9	1.536739000E-5
1.421266667E+9	1.545330000E-5
1.421270000E+9	1.541615000E-5
1.421273333E+9	1.546524000E-5
1.421276667E+9	1.535876000E-5
1.421280000E+9	1.562913000E-5
1.421283333E+9	1.577419000E-5
1.421286667E+9	1.608552000E-5
1.421290000E+9	1.670682000E-5
1.421293333E+9	1.595040000E-5
1.421296667E+9	1.568431000E-5
1.421300000E+9	1.540298000E-5
1.421303333E+9	1.531178000E-5
1.421306667E+9	1.555441000E-5
1.421310000E+9	1.551968000E-5
1.421313333E+9	1.529785000E-5
1.421316667E+9	1.522449000E-5
1.421320000E+9	1.529147000E-5
1.421323333E+9	1.551365000E-5
1.421326667E+9	1.556300000E-5
1.421330000E+9	1.565232000E-5
1.421333333E+9	1.571998000E-5
1.421336667E+9	1.551307000E-5
1.421340000E+9	1.565804000E-5
1.421343333E+9	1.545917000E-5
1.421346667E+9	1.566528000E-5
1.421350000E+9	1.603296000E-5
1.421353333E+9	1.857503000E-5
1.421356667E+9	2.246252000E-5
1.421360000E+9	1.748581000E-5
1.421363333E+9	1.585026000E-5
1.421366667E+9	1.548803000E-5
1.421370000E+9	1.547236000E-5
1.421373333E+9	1.544571000E-5
1.421376667E+9	1.537762000E-5
1.421380000E+9	1.526113000E-5
1.421383333E+9	1.522849000E-5
1.421386667E+9	1.583037000E-5
1.421390000E+9	1.578864000E-5
1.421393333E+9	1.514789000E-5
1.421396667E+9	1.548518000E-5
1.421400000E+9	1.548869000E-5
