Frequency, Hz	Amplitude, Volts
1.419400000E+9	2.091881000E-5
1.419403333E+9	2.106140000E-5
1.419406667E+9	2.091459000E-5
1.419410000E+9	2.092472000E-5
1.419413333E+9	2.051384000E-5
1.419416667E+9	2.019662000E-5
1.419420000E+9	2.036830000E-5
1.419423333E+9	2.085811000E-5
1.419426667E+9	2.084442000E-5
1.419430000E+9	2.101207000E-5
1.419433333E+9	2.066043000E-5
1.419436667E+9	2.106362000E-5
1.419440000E+9	2.107655000E-5
1.419443333E+9	2.075544000E-5
1.419446667E+9	2.106977000E-5
1.419450000E+9	2.197539000E-5
1.419453333E+9	2.144794000E-5
1.419456667E+9	2.101476000E-5
1.419460000E+9	2.099701000E-5
1.419463333E+9	2.061628000E-5
1.419466667E+9	2.115898000E-5
1.419470000E+9	2.096591000E-5
1.419473333E+9	2.099885000E-5
1.419476667E+9	2.090189000E-5
1.419480000E+9	2.086727000E-5
1.419483333E+9	2.044566000E-5
1.419486667E+9	2.073788000E-5
1.419490000E+9	2.097093000E-5
1.419493333E+9	2.061146000E-5
1.419496667E+9	2.078228000E-5
1.419500000E+9	2.094414000E-5
1.419503333E+9	2.094435000E-5
1.419506667E+9	2.058243000E-5
1.419510000E+9	2.060038000E-5
1.419513333E+9	2.026708000E-5
1.419516667E+9	2.130620000E-5
1.419520000E+9	2.117613000E-5
1.419523333E+9	2.096466000E-5
1.419526667E+9	2.086223000E-5
1.419530000E+9	2.077569000E-5
1.419533333E+9	2.102240000E-5
1.419536667E+9	2.054711000E-5
1.419540000E+9	2.061194000E-5
1.419543333E+9	2.077911000E-5
1.419546667E+9	2.083392000E-5
1.419550000E+9	2.074360000E-5
1.419553333E+9	2.106531000E-5
1.419556667E+9	2.060379000E-5
1.419560000E+9	2.091025000E-5
1.419563333E+9	2.089726000E-5
1.419566667E+9	2.059875000E-5
1.419570000E+9	2.020356000E-5
1.419573333E+9	2.055995000E-5
1.419576667E+9	2.075136000E-5
1.419580000E+9	2.064469000E-5
1.419583333E+9	2.081274000E-5
1.419586667E+9	2.065013000E-5
1.419590000E+9	2.082849000E-5
1.419593333E+9	2.075168000E-5
1.419596667E+9	2.071055000E-5
1.419600000E+9	2.028770000E-5
1.419603333E+9	2.053872000E-5
1.419606667E+9	2.006731000E-5
1.419610000E+9	2.104069000E-5
1.419613333E+9	2.094426000E-5
1.419616667E+9	2.056734000E-5
1.419620000E+9	2.087300000E-5
1.419623333E+9	2.101929000E-5
1.419626667E+9	2.071920000E-5
1.419630000E+9	2.044357000E-5
1.419633333E+9	2.076850000E-5
1.419636667E+9	2.071703000E-5
1.419640000E+9	2.104762000E-5
1.419643333E+9	2.064938000E-5
1.419646667E+9	2.086608000E-5
1.419650000E+9	2.057953000E-5
1.419653333E+9	2.118795000E-5
1.419656667E+9	2.072677000E-5
1.419660000E+9	2.075433000E-5
1.419663333E+9	2.124189000E-5
1.419666667E+9	2.090543000E-5
1.419670000E+9	2.074601000E-5
1.419673333E+9	2.056291000E-5
1.419676667E+9	2.048418000E-5
1.419680000E+9	2.082161000E-5
1.419683333E+9	2.062448000E-5
1.419686667E+9	2.115731000E-5
1.419690000E+9	2.100944000E-5
1.419693333E+9	2.072953000E-5
1.419696667E+9	2.072893000E-5
1.419700000E+9	2.050740000E-5
1.419703333E+9	2.075155000E-5
1.419706667E+9	2.051368000E-5
1.419710000E+9	2.076971000E-5
1.419713333E+9	2.066485000E-5
1.419716667E+9	2.078582000E-5
1.419720000E+9	2.084616000E-5
1.419723333E+9	2.076356000E-5
1.419726667E+9	2.157176000E-5
1.419730000E+9	2.080523000E-5
1.419733333E+9	2.087724000E-5
1.419736667E+9	2.090639000E-5
1.419740000E+9	2.120419000E-5
1.419743333E+9	2.149889000E-5
1.419746667E+9	2.172772000E-5
1.419750000E+9	2.081635000E-5
1.419753333E+9	2.074025000E-5
1.419756667E+9	2.086516000E-5
1.419760000E+9	2.085149000E-5
1.419763333E+9	2.070525000E-5
1.419766667E+9	2.066821000E-5
1.419770000E+9	2.057226000E-5
1.419773333E+9	2.047307000E-5
1.419776667E+9	2.080747000E-5
1.419780000E+9	2.131577000E-5
1.419783333E+9	2.111637000E-5
1.419786667E+9	2.052438000E-5
1.419790000E+9	2.133056000E-5
1.419793333E+9	2.087220000E-5
1.419796667E+9	2.113906000E-5
1.419800000E+9	2.071421000E-5
1.419803333E+9	2.040776000E-5
1.419806667E+9	2.086933000E-5
1.419810000E+9	2.033777000E-5
1.419813333E+9	2.096038000E-5
1.419816667E+9	2.094403000E-5
1.419820000E+9	2.104240000E-5
1.419823333E+9	2.086786000E-5
1.419826667E+9	2.025576000E-5
1.419830000E+9	2.094097000E-5
1.419833333E+9	2.083474000E-5
1.419836667E+9	2.060793000E-5
1.419840000E+9	2.023893000E-5
1.419843333E+9	2.053376000E-5
1.419846667E+9	2.137668000E-5
1.419850000E+9	2.057038000E-5
1.419853333E+9	2.036807000E-5
1.419856667E+9	2.072174000E-5
1.419860000E+9	2.093628000E-5
1.419863333E+9	2.088969000E-5
1.419866667E+9	2.079735000E-5
1.419870000E+9	2.073613000E-5
1.419873333E+9	2.051835000E-5
1.419876667E+9	2.064011000E-5
1.419880000E+9	2.073032000E-5
1.419883333E+9	2.110203000E-5
1.419886667E+9	2.075118000E-5
1.419890000E+9	2.076700000E-5
1.419893333E+9	2.067870000E-5
1.419896667E+9	2.046950000E-5
1.419900000E+9	2.084909000E-5
1.419903333E+9	2.113688000E-5
1.419906667E+9	2.051814000E-5
1.419910000E+9	2.063547000E-5
1.419913333E+9	2.098237000E-5
1.419916667E+9	2.106372000E-5
1.419920000E+9	2.042906000E-5
1.419923333E+9	2.027171000E-5
1.419926667E+9	2.056575000E-5
1.419930000E+9	2.103376000E-5
1.419933333E+9	2.071378000E-5
1.419936667E+9	2.034997000E-5
1.419940000E+9	2.115222000E-5
1.419943333E+9	2.093644000E-5
1.419946667E+9	2.119914000E-5
1.419950000E+9	2.086988000E-5
1.419953333E+9	2.060949000E-5
1.419956667E+9	2.052452000E-5
1.419960000E+9	2.083618000E-5
1.419963333E+9	2.094936000E-5
1.419966667E+9	2.069248000E-5
1.419970000E+9	2.103801000E-5
1.419973333E+9	2.062647000E-5
1.419976667E+9	2.057389000E-5
1.419980000E+9	2.052673000E-5
1.419983333E+9	2.076073000E-5
1.419986667E+9	2.128251000E-5
1.419990000E+9	2.096883000E-5
1.419993333E+9	2.065428000E-5
1.419996667E+9	2.100508000E-5
1.420000000E+9	2.098793000E-5
1.420003333E+9	2.132230000E-5
1.420006667E+9	2.055255000E-5
1.420010000E+9	2.094564000E-5
1.420013333E+9	2.077813000E-5
1.420016667E+9	2.081626000E-5
1.420020000E+9	2.119000000E-5
1.420023333E+9	2.059237000E-5
1.420026667E+9	2.124101000E-5
1.420030000E+9	2.072921000E-5
1.420033333E+9	2.132665000E-5
1.420036667E+9	2.143862000E-5
1.420040000E+9	2.169085000E-5
1.420043333E+9	2.032014000E-5
1.420046667E+9	2.062717000E-5
1.420050000E+9	2.102162000E-5
1.420053333E+9	2.103981000E-5
1.420056667E+9	2.058310000E-5
1.420060000E+9	2.121514000E-5
1.420063333E+9	2.076661000E-5
1.420066667E+9	2.052396000E-5
1.420070000E+9	2.058776000E-5
1.420073333E+9	2.074617000E-5
1.420076667E+9	2.067080000E-5
1.420080000E+9	2.117502000E-5
1.420083333E+9	2.040586000E-5
1.420086667E+9	2.083998000E-5
1.420090000E+9	2.101075000E-5
1.420093333E+9	2.069555000E-5
1.420096667E+9	2.061033000E-5
1.420100000E+9	2.034382000E-5
1.420103333E+9	2.048411000E-5
1.420106667E+9	2.063247000E-5
1.420110000E+9	2.067593000E-5
1.420113333E+9	2.076251000E-5
1.420116667E+9	2.059190000E-5
1.420120000E+9	2.057084000E-5
1.420123333E+9	2.064444000E-5
1.420126667E+9	2.067352000E-5
1.420130000E+9	2.065677000E-5
1.420133333E+9	2.059174000E-5
1.420136667E+9	2.034990000E-5
1.420140000E+9	2.044528000E-5
1.420143333E+9	2.084142000E-5
1.420146667E+9	2.081891000E-5
1.420150000E+9	2.101036000E-5
1.420153333E+9	2.046073000E-5
1.420156667E+9	2.081965000E-5
1.420160000E+9	2.074478000E-5
1.420163333E+9	2.050573000E-5
1.420166667E+9	2.113671000E-5
1.420170000E+9	2.071635000E-5
1.420173333E+9	2.061563000E-5
1.420176667E+9	2.039499000E-5
1.420180000E+9	2.086979000E-5
1.420183333E+9	2.114753000E-5
1.420186667E+9	2.052501000E-5
1.420190000E+9	2.075708000E-5
1.420193333E+9	2.041498000E-5
1.420196667E+9	2.083348000E-5
1.420200000E+9	2.084414000E-5
1.420203333E+9	2.036541000E-5
1.420206667E+9	2.085266000E-5
1.420210000E+9	2.091794000E-5
1.420213333E+9	2.106376000E-5
1.420216667E+9	2.082733000E-5
1.420220000E+9	2.083247000E-5
1.420223333E+9	2.053642000E-5
1.420226667E+9	2.048568000E-5
1.420230000E+9	2.079860000E-5
1.420233333E+9	2.071920000E-5
1.420236667E+9	2.047703000E-5
1.420240000E+9	2.045536000E-5
1.420243333E+9	2.053448000E-5
1.420246667E+9	2.074346000E-5
1.420250000E+9	2.078685000E-5
1.420253333E+9	2.083019000E-5
1.420256667E+9	2.058783000E-5
1.420260000E+9	2.090603000E-5
1.420263333E+9	2.054729000E-5
1.420266667E+9	2.098905000E-5
1.420270000E+9	2.074068000E-5
1.420273333E+9	2.099030000E-5
1.420276667E+9	2.061821000E-5
1.420280000E+9	2.059762000E-5
1.420283333E+9	2.072900000E-5
1.420286667E+9	2.042926000E-5
1.420290000E+9	2.098984000E-5
1.420293333E+9	2.065255000E-5
1.420296667E+9	2.047675000E-5
1.420300000E+9	2.056987000E-5
1.420303333E+9	2.106217000E-5
1.420306667E+9	2.096821000E-5
1.420310000E+9	2.059533000E-5
1.420313333E+9	2.105632000E-5
1.420316667E+9	2.066912000E-5
1.420320000E+9	2.093917000E-5
1.420323333E+9	2.113008000E-5
1.420326667E+9	2.168549000E-5
1.420330000E+9	2.141138000E-5
1.420333333E+9	2.124124000E-5
1.420336667E+9	2.062668000E-5
1.420340000E+9	2.064448000E-5
1.420343333E+9	2.073276000E-5
1.420346667E+9	2.049196000E-5
1.420350000E+9	2.070298000E-5
1.420353333E+9	2.100994000E-5
1.420356667E+9	2.081789000E-5
1.420360000E+9	2.048343000E-5
1.420363333E+9	2.094249000E-5
1.420366667E+9	2.063048000E-5
1.420370000E+9	2.106600000E-5
1.420373333E+9	2.141617000E-5
1.420376667E+9	2.037100000E-5
1.420380000E+9	2.031621000E-5
1.420383333E+9	2.082070000E-5
1.420386667E+9	2.077824000E-5
1.420390000E+9	2.067704000E-5
1.420393333E+9	2.041664000E-5
1.420396667E+9	2.084291000E-5
1.420400000E+9	2.112801000E-5
1.420403333E+9	2.062921000E-5
1.420406667E+9	2.082326000E-5
1.420410000E+9	2.073679000E-5
1.420413333E+9	2.081158000E-5
1.420416667E+9	2.065011000E-5
1.420420000E+9	2.015796000E-5
1.420423333E+9	2.084648000E-5
1.420426667E+9	2.089363000E-5
1.420430000E+9	2.094352000E-5
1.420433333E+9	2.122213000E-5
1.420436667E+9	2.069171000E-5
1.420440000E+9	2.062142000E-5
1.420443333E+9	2.054966000E-5
1.420446667E+9	2.074123000E-5
1.420450000E+9	2.107033000E-5
1.420453333E+9	2.113955000E-5
1.420456667E+9	2.100980000E-5
1.420460000E+9	2.088240000E-5
1.420463333E+9	2.107954000E-5
1.420466667E+9	2.071476000E-5
1.420470000E+9	2.049268000E-5
1.420473333E+9	2.086649000E-5
1.420476667E+9	2.086195000E-5
1.420480000E+9	2.083163000E-5
1.420483333E+9	2.047498000E-5
1.420486667E+9	2.064859000E-5
1.420490000E+9	2.096390000E-5
1.420493333E+9	2.018334000E-5
1.420496667E+9	2.082664000E-5
1.420500000E+9	2.078262000E-5
1.420503333E+9	2.073859000E-5
1.420506667E+9	2.082001000E-5
1.420510000E+9	2.089182000E-5
1.420513333E+9	2.083273000E-5
1.420516667E+9	2.039096000E-5
1.420520000E+9	2.088529000E-5
1.420523333E+9	2.038689000E-5
1.420526667E+9	2.090015000E-5
1.420530000E+9	2.042022000E-5
1.420533333E+9	2.081647000E-5
1.420536667E+9	2.062387000E-5
1.420540000E+9	2.050537000E-5
1.420543333E+9	2.064596000E-5
1.420546667E+9	2.087749000E-5
1.420550000E+9	2.099798000E-5
1.420553333E+9	2.065854000E-5
1.420556667E+9	2.064025000E-5
1.420560000E+9	2.074485000E-5
1.420563333E+9	2.114558000E-5
1.420566667E+9	2.073237000E-5
1.420570000E+9	2.101130000E-5
1.420573333E+9	2.079668000E-5
1.420576667E+9	2.042341000E-5
1.420580000E+9	2.086095000E-5
1.420583333E+9	2.038881000E-5
1.420586667E+9	2.072916000E-5
1.420590000E+9	2.075763000E-5
1.420593333E+9	2.053946000E-5
1.420596667E+9	2.089107000E-5
1.420600000E+9	2.050287000E-5
1.420603333E+9	2.113219000E-5
1.420606667E+9	2.136554000E-5
1.420610000E+9	2.058450000E-5
1.420613333E+9	2.059669000E-5
1.420616667E+9	2.087011000E-5
1.420620000E+9	2.262937000E-5
1.420623333E+9	2.219396000E-5
1.420626667E+9	2.144766000E-5
1.420630000E+9	2.062450000E-5
1.420633333E+9	2.057644000E-5
1.420636667E+9	2.034391000E-5
1.420640000E+9	2.089843000E-5
1.420643333E+9	2.059857000E-5
1.420646667E+9	2.090665000E-5
1.420650000E+9	2.065269000E-5
1.420653333E+9	2.083828000E-5
1.420656667E+9	2.067583000E-5
1.420660000E+9	2.057554000E-5
1.420663333E+9	2.060624000E-5
1.420666667E+9	2.091519000E-5
1.420670000E+9	2.077765000E-5
1.420673333E+9	2.081414000E-5
1.420676667E+9	2.072195000E-5
1.420680000E+9	2.027670000E-5
1.420683333E+9	2.047368000E-5
1.420686667E+9	2.064544000E-5
1.420690000E+9	2.092290000E-5
1.420693333E+9	2.062967000E-5
1.420696667E+9	2.111751000E-5
1.420700000E+9	2.079828000E-5
1.420703333E+9	2.082319000E-5
1.420706667E+9	2.072051000E-5
1.420710000E+9	2.089040000E-5
1.420713333E+9	2.072730000E-5
1.420716667E+9	2.047239000E-5
1.420720000E+9	2.038823000E-5
1.420723333E+9	2.092897000E-5
1.420726667E+9	2.090430000E-5
1.420730000E+9	2.065199000E-5
1.420733333E+9	2.044441000E-5
1.420736667E+9	2.062622000E-5
1.420740000E+9	2.083693000E-5
1.420743333E+9	2.089490000E-5
1.420746667E+9	2.084776000E-5
1.420750000E+9	2.074350000E-5
1.420753333E+9	2.050022000E-5
1.420756667E+9	2.066358000E-5
1.420760000E+9	2.052031000E-5
1.420763333E+9	2.039150000E-5
1.420766667E+9	2.036215000E-5
1.420770000E+9	2.051229000E-5
1.420773333E+9	2.049851000E-5
1.420776667E+9	2.069618000E-5
1.420780000E+9	2.103524000E-5
1.420783333E+9	2.101742000E-5
1.420786667E+9	2.089630000E-5
1.420790000E+9	2.080180000E-5
1.420793333E+9	2.065122000E-5
1.420796667E+9	2.091803000E-5
1.420800000E+9	2.063420000E-5
1.420803333E+9	2.072136000E-5
1.420806667E+9	2.057953000E-5
1.420810000E+9	2.108926000E-5
1.420813333E+9	2.078096000E-5
1.420816667E+9	2.070430000E-5
1.420820000E+9	2.106240000E-5
1.420823333E+9	2.090616000E-5
1.420826667E+9	2.049209000E-5
1.420830000E+9	2.047536000E-5
1.420833333E+9	2.073483000E-5
1.420836667E+9	2.039992000E-5
1.420840000E+9	2.086081000E-5
1.420843333E+9	2.070232000E-5
1.420846667E+9	2.195520000E-5
1.420850000E+9	2.279700000E-5
1.420853333E+9	2.031391000E-5
1.420856667E+9	2.026272000E-5
1.420860000E+9	2.057395000E-5
1.420863333E+9	2.081439000E-5
1.420866667E+9	2.029109000E-5
1.420870000E+9	2.074906000E-5
1.420873333E+9	2.059056000E-5
1.420876667E+9	2.059504000E-5
1.420880000E+9	2.064276000E-5
1.420883333E+9	2.108616000E-5
1.420886667E+9	2.062616000E-5
1.420890000E+9	2.100872000E-5
1.420893333E+9	2.067466000E-5
1.420896667E+9	2.150781000E-5
1.420900000E+9	2.189670000E-5
1.420903333E+9	2.161821000E-5
1.420906667E+9	2.149408000E-5
1.420910000E+9	2.057531000E-5
1.420913333E+9	2.506391000E-5
1.420916667E+9	2.243824000E-5
1.420920000E+9	2.174366000E-5
1.420923333E+9	2.065305000E-5
1.420926667E+9	2.088097000E-5
1.420930000E+9	2.103104000E-5
1.420933333E+9	2.031371000E-5
1.420936667E+9	2.060395000E-5
1.420940000E+9	2.076912000E-5
1.420943333E+9	2.075225000E-5
1.420946667E+9	2.092486000E-5
1.420950000E+9	2.056388000E-5
1.420953333E+9	2.083719000E-5
1.420956667E+9	2.039730000E-5
1.420960000E+9	2.073173000E-5
1.420963333E+9	2.054549000E-5
1.420966667E+9	2.032708000E-5
1.420970000E+9	2.064278000E-5
1.420973333E+9	2.050940000E-5
1.420976667E+9	2.055246000E-5
1.420980000E+9	2.071783000E-5
1.420983333E+9	2.045375000E-5
1.420986667E+9	2.054364000E-5
1.420990000E+9	2.069491000E-5
1.420993333E+9	2.046228000E-5
1.420996667E+9	2.029343000E-5
1.421000000E+9	2.054770000E-5
1.421003333E+9	2.068792000E-5
1.421006667E+9	2.038523000E-5
1.421010000E+9	2.032779000E-5
1.421013333E+9	2.072764000E-5
1.421016667E+9	2.058767000E-5
1.421020000E+9	2.048580000E-5
1.421023333E+9	2.041294000E-5
1.421026667E+9	2.044218000E-5
1.421030000E+9	2.044802000E-5
1.421033333E+9	2.048487000E-5
1.421036667E+9	2.083559000E-5
1.421040000E+9	2.100226000E-5
1.421043333E+9	2.095497000E-5
1.421046667E+9	2.089552000E-5
1.421050000E+9	2.077551000E-5
1.421053333E+9	2.069655000E-5
1.421056667E+9	2.038129000E-5
1.421060000E+9	2.069873000E-5
1.421063333E+9	2.025765000E-5
1.421066667E+9	2.066859000E-5
1.421070000E+9	2.070864000E-5
1.421073333E+9	2.066669000E-5
1.421076667E+9	2.056413000E-5
1.421080000E+9	2.073467000E-5
1.421083333E+9	2.029523000E-5
1.421086667E+9	2.090504000E-5
1.421090000E+9	2.014031000E-5
1.421093333E+9	2.083494000E-5
1.421096667E+9	2.096591000E-5
1.421100000E+9	2.046696000E-5
1.421103333E+9	2.077902000E-5
1.421106667E+9	2.118934000E-5
1.421110000E+9	2.084034000E-5
1.421113333E+9	2.097993000E-5
1.421116667E+9	2.028371000E-5
1.421120000E+9	2.034346000E-5
1.421123333E+9	2.053281000E-5
1.421126667E+9	2.034293000E-5
1.421130000E+9	2.060465000E-5
1.421133333E+9	2.093242000E-5
1.421136667E+9	2.050387000E-5
1.421140000E+9	2.090740000E-5
1.421143333E+9	2.075544000E-5
1.421146667E+9	2.029296000E-5
1.421150000E+9	2.046255000E-5
1.421153333E+9	2.076267000E-5
1.421156667E+9	2.056158000E-5
1.421160000E+9	2.093920000E-5
1.421163333E+9	2.072363000E-5
1.421166667E+9	2.087091000E-5
1.421170000E+9	2.090171000E-5
1.421173333E+9	2.085032000E-5
1.421176667E+9	2.097468000E-5
1.421180000E+9	2.094667000E-5
1.421183333E+9	2.034465000E-5
1.421186667E+9	2.048899000E-5
1.421190000E+9	2.081962000E-5
1.421193333E+9	2.050008000E-5
1.421196667E+9	2.078639000E-5
1.421200000E+9	2.052481000E-5
1.421203333E+9	2.065117000E-5
1.421206667E+9	2.238487000E-5
1.421210000E+9	2.146184000E-5
1.421213333E+9	2.107190000E-5
1.421216667E+9	2.052393000E-5
1.421220000E+9	2.041007000E-5
1.421223333E+9	2.061481000E-5
1.421226667E+9	2.052188000E-5
1.421230000E+9	2.110471000E-5
1.421233333E+9	2.057556000E-5
1.421236667E+9	2.005388000E-5
1.421240000E+9	2.033031000E-5
1.421243333E+9	2.044649000E-5
1.421246667E+9	2.041011000E-5
1.421250000E+9	2.064145000E-5
1.421253333E+9	2.013233000E-5
1.421256667E+9	2.075250000E-5
1.421260000E+9	2.062394000E-5
1.421263333E+9	2.037351000E-5
1.421266667E+9	2.094304000E-5
1.421270000E+9	2.095668000E-5
1.421273333E+9	2.038351000E-5
1.421276667E+9	2.070991000E-5
1.421280000E+9	2.091555000E-5
1.421283333E+9	2.093012000E-5
1.421286667E+9	2.051609000E-5
1.421290000E+9	2.057303000E-5
1.421293333E+9	2.096379000E-5
1.421296667E+9	2.092862000E-5
1.421300000E+9	2.069141000E-5
1.421303333E+9	2.022030000E-5
1.421306667E+9	2.074234000E-5
1.421310000E+9	2.082157000E-5
1.421313333E+9	2.071924000E-5
1.421316667E+9	2.068687000E-5
1.421320000E+9	2.068769000E-5
1.421323333E+9	2.105414000E-5
1.421326667E+9	2.063247000E-5
1.421330000E+9	2.076857000E-5
1.421333333E+9	2.072074000E-5
1.421336667E+9	2.112300000E-5
1.421340000E+9	2.105123000E-5
1.421343333E+9	2.262462000E-5
1.421346667E+9	2.234865000E-5
1.421350000E+9	2.087648000E-5
1.421353333E+9	2.055767000E-5
1.421356667E+9	2.111357000E-5
1.421360000E+9	2.085204000E-5
1.421363333E+9	2.131195000E-5
1.421366667E+9	2.298295000E-5
1.421370000E+9	2.075139000E-5
1.421373333E+9	2.054661000E-5
1.421376667E+9	2.081478000E-5
1.421380000E+9	2.067257000E-5
1.421383333E+9	2.074624000E-5
1.421386667E+9	2.098005000E-5
1.421390000E+9	2.108516000E-5
1.421393333E+9	2.097081000E-5
1.421396667E+9	2.060721000E-5
1.421400000E+9	2.082618000E-5
