Frequency, Hz	Amplitude, Volts
1.419400000E+9	2.169125000E-5
1.419403333E+9	2.117637000E-5
1.419406667E+9	2.109188000E-5
1.419410000E+9	2.116124000E-5
1.419413333E+9	2.124003000E-5
1.419416667E+9	2.133736000E-5
1.419420000E+9	2.155803000E-5
1.419423333E+9	2.153910000E-5
1.419426667E+9	2.156222000E-5
1.419430000E+9	2.122798000E-5
1.419433333E+9	2.076164000E-5
1.419436667E+9	2.145498000E-5
1.419440000E+9	2.159883000E-5
1.419443333E+9	2.253131000E-5
1.419446667E+9	2.100270000E-5
1.419450000E+9	2.175317000E-5
1.419453333E+9	2.238408000E-5
1.419456667E+9	2.142168000E-5
1.419460000E+9	2.146929000E-5
1.419463333E+9	2.162260000E-5
1.419466667E+9	2.169990000E-5
1.419470000E+9	2.100805000E-5
1.419473333E+9	2.080541000E-5
1.419476667E+9	2.123516000E-5
1.419480000E+9	2.130150000E-5
1.419483333E+9	2.087114000E-5
1.419486667E+9	2.120948000E-5
1.419490000E+9	2.142311000E-5
1.419493333E+9	2.173030000E-5
1.419496667E+9	2.080176000E-5
1.419500000E+9	2.133886000E-5
1.419503333E+9	2.072409000E-5
1.419506667E+9	2.117558000E-5
1.419510000E+9	2.156752000E-5
1.419513333E+9	2.147888000E-5
1.419516667E+9	2.094421000E-5
1.419520000E+9	2.087983000E-5
1.419523333E+9	2.055970000E-5
1.419526667E+9	2.092449000E-5
1.419530000E+9	2.065403000E-5
1.419533333E+9	2.155410000E-5
1.419536667E+9	2.228770000E-5
1.419540000E+9	2.158347000E-5
1.419543333E+9	2.158617000E-5
1.419546667E+9	2.098825000E-5
1.419550000E+9	2.139819000E-5
1.419553333E+9	2.089703000E-5
1.419556667E+9	2.132153000E-5
1.419560000E+9	2.109109000E-5
1.419563333E+9	2.086051000E-5
1.419566667E+9	2.111876000E-5
1.419570000E+9	2.071701000E-5
1.419573333E+9	2.105560000E-5
1.419576667E+9	2.109816000E-5
1.419580000E+9	2.132162000E-5
1.419583333E+9	2.193012000E-5
1.419586667E+9	2.126399000E-5
1.419590000E+9	2.091753000E-5
1.419593333E+9	2.090935000E-5
1.419596667E+9	2.161171000E-5
1.419600000E+9	2.108778000E-5
1.419603333E+9	2.111955000E-5
1.419606667E+9	2.152617000E-5
1.419610000E+9	2.092922000E-5
1.419613333E+9	2.115159000E-5
1.419616667E+9	2.104319000E-5
1.419620000E+9	2.105160000E-5
1.419623333E+9	2.103956000E-5
1.419626667E+9	2.104270000E-5
1.419630000E+9	2.155962000E-5
1.419633333E+9	2.130568000E-5
1.419636667E+9	2.168018000E-5
1.419640000E+9	2.108917000E-5
1.419643333E+9	2.092858000E-5
1.419646667E+9	2.119560000E-5
1.419650000E+9	2.123816000E-5
1.419653333E+9	2.144643000E-5
1.419656667E+9	2.072993000E-5
1.419660000E+9	2.079041000E-5
1.419663333E+9	2.083252000E-5
1.419666667E+9	2.077651000E-5
1.419670000E+9	2.106233000E-5
1.419673333E+9	2.201502000E-5
1.419676667E+9	2.255193000E-5
1.419680000E+9	2.107482000E-5
1.419683333E+9	2.044443000E-5
1.419686667E+9	2.113256000E-5
1.419690000E+9	2.071904000E-5
1.419693333E+9	2.078990000E-5
1.419696667E+9	2.094798000E-5
1.419700000E+9	2.106878000E-5
1.419703333E+9	2.124355000E-5
1.419706667E+9	2.082817000E-5
1.419710000E+9	2.060264000E-5
1.419713333E+9	2.096680000E-5
1.419716667E+9	2.118053000E-5
1.419720000E+9	2.129645000E-5
1.419723333E+9	2.154547000E-5
1.419726667E+9	2.093715000E-5
1.419730000E+9	2.090283000E-5
1.419733333E+9	2.173748000E-5
1.419736667E+9	2.104067000E-5
1.419740000E+9	2.116161000E-5
1.419743333E+9	2.140324000E-5
1.419746667E+9	2.326020000E-5
1.419750000E+9	2.163103000E-5
1.419753333E+9	2.099793000E-5
1.419756667E+9	2.132719000E-5
1.419760000E+9	2.149669000E-5
1.419763333E+9	2.059267000E-5
1.419766667E+9	2.095456000E-5
1.419770000E+9	2.186477000E-5
1.419773333E+9	2.130421000E-5
1.419776667E+9	2.081437000E-5
1.419780000E+9	2.076399000E-5
1.419783333E+9	2.078821000E-5
1.419786667E+9	2.053566000E-5
1.419790000E+9	2.091436000E-5
1.419793333E+9	2.146509000E-5
1.419796667E+9	2.133190000E-5
1.419800000E+9	2.084938000E-5
1.419803333E+9	2.079700000E-5
1.419806667E+9	2.039311000E-5
1.419810000E+9	2.106163000E-5
1.419813333E+9	2.082026000E-5
1.419816667E+9	2.123821000E-5
1.419820000E+9	2.097449000E-5
1.419823333E+9	2.095725000E-5
1.419826667E+9	2.097869000E-5
1.419830000E+9	2.096096000E-5
1.419833333E+9	2.101310000E-5
1.419836667E+9	2.063057000E-5
1.419840000E+9	2.082470000E-5
1.419843333E+9	2.082721000E-5
1.419846667E+9	2.084282000E-5
1.419850000E+9	2.011571000E-5
1.419853333E+9	2.071783000E-5
1.419856667E+9	2.076588000E-5
1.419860000E+9	2.150203000E-5
1.419863333E+9	2.149148000E-5
1.419866667E+9	2.118879000E-5
1.419870000E+9	2.087534000E-5
1.419873333E+9	2.090814000E-5
1.419876667E+9	2.116674000E-5
1.419880000E+9	2.059540000E-5
1.419883333E+9	2.076638000E-5
1.419886667E+9	2.104305000E-5
1.419890000E+9	2.066692000E-5
1.419893333E+9	2.092152000E-5
1.419896667E+9	2.085845000E-5
1.419900000E+9	2.096819000E-5
1.419903333E+9	2.051233000E-5
1.419906667E+9	2.102580000E-5
1.419910000E+9	2.241433000E-5
1.419913333E+9	2.103517000E-5
1.419916667E+9	2.094352000E-5
1.419920000E+9	2.112968000E-5
1.419923333E+9	2.064052000E-5
1.419926667E+9	2.068837000E-5
1.419930000E+9	2.040646000E-5
1.419933333E+9	2.108338000E-5
1.419936667E+9	2.078689000E-5
1.419940000E+9	2.108931000E-5
1.419943333E+9	2.056921000E-5
1.419946667E+9	2.086571000E-5
1.419950000E+9	2.166333000E-5
1.419953333E+9	2.110592000E-5
1.419956667E+9	2.171179000E-5
1.419960000E+9	2.066689000E-5
1.419963333E+9	2.066621000E-5
1.419966667E+9	2.065587000E-5
1.419970000E+9	2.088813000E-5
1.419973333E+9	2.080509000E-5
1.419976667E+9	2.084586000E-5
1.419980000E+9	2.101234000E-5
1.419983333E+9	2.063436000E-5
1.419986667E+9	2.104943000E-5
1.419990000E+9	2.122895000E-5
1.419993333E+9	2.056442000E-5
1.419996667E+9	2.134842000E-5
1.420000000E+9	2.163821000E-5
1.420003333E+9	2.201727000E-5
1.420006667E+9	2.062215000E-5
1.420010000E+9	2.062722000E-5
1.420013333E+9	2.030071000E-5
1.420016667E+9	2.070919000E-5
1.420020000E+9	2.093398000E-5
1.420023333E+9	2.063023000E-5
1.420026667E+9	2.092006000E-5
1.420030000E+9	2.120179000E-5
1.420033333E+9	2.078244000E-5
1.420036667E+9	2.106686000E-5
1.420040000E+9	2.266184000E-5
1.420043333E+9	2.101130000E-5
1.420046667E+9	2.108829000E-5
1.420050000E+9	2.182412000E-5
1.420053333E+9	2.112372000E-5
1.420056667E+9	2.067125000E-5
1.420060000E+9	2.084277000E-5
1.420063333E+9	2.131450000E-5
1.420066667E+9	2.099558000E-5
1.420070000E+9	2.026041000E-5
1.420073333E+9	2.068137000E-5
1.420076667E+9	2.057958000E-5
1.420080000E+9	2.073396000E-5
1.420083333E+9	2.065909000E-5
1.420086667E+9	2.063193000E-5
1.420090000E+9	2.061744000E-5
1.420093333E+9	2.063544000E-5
1.420096667E+9	2.152166000E-5
1.420100000E+9	2.029528000E-5
1.420103333E+9	2.033915000E-5
1.420106667E+9	2.047536000E-5
1.420110000E+9	2.039119000E-5
1.420113333E+9	2.119172000E-5
1.420116667E+9	2.078570000E-5
1.420120000E+9	2.108176000E-5
1.420123333E+9	2.067064000E-5
1.420126667E+9	2.053647000E-5
1.420130000E+9	2.110863000E-5
1.420133333E+9	2.061576000E-5
1.420136667E+9	2.084577000E-5
1.420140000E+9	2.111939000E-5
1.420143333E+9	2.115494000E-5
1.420146667E+9	2.100547000E-5
1.420150000E+9	2.041428000E-5
1.420153333E+9	2.076239000E-5
1.420156667E+9	2.065544000E-5
1.420160000E+9	2.085641000E-5
1.420163333E+9	2.089123000E-5
1.420166667E+9	2.088159000E-5
1.420170000E+9	2.023749000E-5
1.420173333E+9	2.077012000E-5
1.420176667E+9	2.059427000E-5
1.420180000E+9	2.078057000E-5
1.420183333E+9	2.050337000E-5
1.420186667E+9	2.081229000E-5
1.420190000E+9	2.102536000E-5
1.420193333E+9	2.077227000E-5
1.420196667E+9	2.102351000E-5
1.420200000E+9	2.096208000E-5
1.420203333E+9	2.056776000E-5
1.420206667E+9	2.042978000E-5
1.420210000E+9	2.070785000E-5
1.420213333E+9	2.043408000E-5
1.420216667E+9	2.086228000E-5
1.420220000E+9	2.028376000E-5
1.420223333E+9	2.149356000E-5
1.420226667E+9	2.050749000E-5
1.420230000E+9	2.037997000E-5
1.420233333E+9	2.100831000E-5
1.420236667E+9	2.134734000E-5
1.420240000E+9	2.022512000E-5
1.420243333E+9	2.036975000E-5
1.420246667E+9	2.089402000E-5
1.420250000E+9	2.093524000E-5
1.420253333E+9	2.057194000E-5
1.420256667E+9	2.060703000E-5
1.420260000E+9	2.107019000E-5
1.420263333E+9	2.164916000E-5
1.420266667E+9	2.089370000E-5
1.420270000E+9	2.103065000E-5
1.420273333E+9	2.086319000E-5
1.420276667E+9	2.049898000E-5
1.420280000E+9	2.042154000E-5
1.420283333E+9	2.074109000E-5
1.420286667E+9	2.077154000E-5
1.420290000E+9	2.073872000E-5
1.420293333E+9	2.048510000E-5
1.420296667E+9	2.094072000E-5
1.420300000E+9	2.080239000E-5
1.420303333E+9	2.134111000E-5
1.420306667E+9	2.113757000E-5
1.420310000E+9	2.066426000E-5
1.420313333E+9	2.064589000E-5
1.420316667E+9	2.097574000E-5
1.420320000E+9	2.048026000E-5
1.420323333E+9	2.051172000E-5
1.420326667E+9	2.100755000E-5
1.420330000E+9	2.176057000E-5
1.420333333E+9	2.227339000E-5
1.420336667E+9	2.112625000E-5
1.420340000E+9	2.105900000E-5
1.420343333E+9	2.088418000E-5
1.420346667E+9	2.124969000E-5
1.420350000E+9	2.044023000E-5
1.420353333E+9	2.066376000E-5
1.420356667E+9	2.043292000E-5
1.420360000E+9	2.069366000E-5
1.420363333E+9	2.052418000E-5
1.420366667E+9	2.068635000E-5
1.420370000E+9	2.062305000E-5
1.420373333E+9	2.065680000E-5
1.420376667E+9	2.119577000E-5
1.420380000E+9	2.070348000E-5
1.420383333E+9	2.100318000E-5
1.420386667E+9	2.049329000E-5
1.420390000E+9	2.044375000E-5
1.420393333E+9	2.079394000E-5
1.420396667E+9	2.097374000E-5
1.420400000E+9	2.079486000E-5
1.420403333E+9	2.054925000E-5
1.420406667E+9	2.077135000E-5
1.420410000E+9	2.091822000E-5
1.420413333E+9	2.048917000E-5
1.420416667E+9	2.029971000E-5
1.420420000E+9	2.062792000E-5
1.420423333E+9	2.071544000E-5
1.420426667E+9	2.044528000E-5
1.420430000E+9	2.055117000E-5
1.420433333E+9	2.064365000E-5
1.420436667E+9	2.070941000E-5
1.420440000E+9	2.047631000E-5
1.420443333E+9	2.082804000E-5
1.420446667E+9	2.054917000E-5
1.420450000E+9	2.059090000E-5
1.420453333E+9	2.041110000E-5
1.420456667E+9	2.063828000E-5
1.420460000E+9	2.097903000E-5
1.420463333E+9	2.011958000E-5
1.420466667E+9	2.078292000E-5
1.420470000E+9	2.137675000E-5
1.420473333E+9	2.059764000E-5
1.420476667E+9	2.044072000E-5
1.420480000E+9	2.017271000E-5
1.420483333E+9	2.051711000E-5
1.420486667E+9	2.051934000E-5
1.420490000E+9	2.039022000E-5
1.420493333E+9	2.019001000E-5
1.420496667E+9	2.109693000E-5
1.420500000E+9	2.075182000E-5
1.420503333E+9	2.103145000E-5
1.420506667E+9	2.079705000E-5
1.420510000E+9	2.048206000E-5
1.420513333E+9	2.076492000E-5
1.420516667E+9	2.065700000E-5
1.420520000E+9	2.095279000E-5
1.420523333E+9	2.038505000E-5
1.420526667E+9	2.006667000E-5
1.420530000E+9	2.073278000E-5
1.420533333E+9	2.046237000E-5
1.420536667E+9	2.141756000E-5
1.420540000E+9	2.077886000E-5
1.420543333E+9	2.050416000E-5
1.420546667E+9	2.058310000E-5
1.420550000E+9	2.027136000E-5
1.420553333E+9	2.031235000E-5
1.420556667E+9	2.061038000E-5
1.420560000E+9	2.066235000E-5
1.420563333E+9	2.069080000E-5
1.420566667E+9	2.038190000E-5
1.420570000E+9	2.078920000E-5
1.420573333E+9	2.062649000E-5
1.420576667E+9	2.111148000E-5
1.420580000E+9	2.103921000E-5
1.420583333E+9	2.078564000E-5
1.420586667E+9	2.055307000E-5
1.420590000E+9	2.086044000E-5
1.420593333E+9	2.087437000E-5
1.420596667E+9	2.006033000E-5
1.420600000E+9	2.038595000E-5
1.420603333E+9	2.097028000E-5
1.420606667E+9	2.100155000E-5
1.420610000E+9	2.078034000E-5
1.420613333E+9	2.077074000E-5
1.420616667E+9	2.086408000E-5
1.420620000E+9	2.066431000E-5
1.420623333E+9	2.157302000E-5
1.420626667E+9	2.416046000E-5
1.420630000E+9	2.138936000E-5
1.420633333E+9	2.092159000E-5
1.420636667E+9	2.041870000E-5
1.420640000E+9	2.050636000E-5
1.420643333E+9	2.031282000E-5
1.420646667E+9	2.075298000E-5
1.420650000E+9	2.062459000E-5
1.420653333E+9	2.062058000E-5
1.420656667E+9	2.056056000E-5
1.420660000E+9	2.059888000E-5
1.420663333E+9	2.018884000E-5
1.420666667E+9	2.079401000E-5
1.420670000E+9	2.046990000E-5
1.420673333E+9	2.057126000E-5
1.420676667E+9	2.023356000E-5
1.420680000E+9	2.073378000E-5
1.420683333E+9	2.074744000E-5
1.420686667E+9	2.027194000E-5
1.420690000E+9	2.060800000E-5
1.420693333E+9	2.054486000E-5
1.420696667E+9	2.039631000E-5
1.420700000E+9	2.080191000E-5
1.420703333E+9	2.057416000E-5
1.420706667E+9	2.080223000E-5
1.420710000E+9	2.039956000E-5
1.420713333E+9	2.029993000E-5
1.420716667E+9	2.066099000E-5
1.420720000E+9	2.034186000E-5
1.420723333E+9	2.060056000E-5
1.420726667E+9	2.058561000E-5
1.420730000E+9	2.019463000E-5
1.420733333E+9	2.081421000E-5
1.420736667E+9	2.081651000E-5
1.420740000E+9	2.068262000E-5
1.420743333E+9	2.033933000E-5
1.420746667E+9	2.016713000E-5
1.420750000E+9	2.069973000E-5
1.420753333E+9	2.011803000E-5
1.420756667E+9	2.024456000E-5
1.420760000E+9	2.060619000E-5
1.420763333E+9	2.059420000E-5
1.420766667E+9	2.045613000E-5
1.420770000E+9	2.093432000E-5
1.420773333E+9	2.108639000E-5
1.420776667E+9	2.048600000E-5
1.420780000E+9	2.060841000E-5
1.420783333E+9	2.055738000E-5
1.420786667E+9	2.038223000E-5
1.420790000E+9	2.053773000E-5
1.420793333E+9	2.075786000E-5
1.420796667E+9	2.074180000E-5
1.420800000E+9	2.058975000E-5
1.420803333E+9	2.040211000E-5
1.420806667E+9	2.029813000E-5
1.420810000E+9	2.081130000E-5
1.420813333E+9	2.059407000E-5
1.420816667E+9	2.047738000E-5
1.420820000E+9	2.062853000E-5
1.420823333E+9	2.040953000E-5
1.420826667E+9	2.060031000E-5
1.420830000E+9	2.045752000E-5
1.420833333E+9	2.046107000E-5
1.420836667E+9	2.091831000E-5
1.420840000E+9	2.083373000E-5
1.420843333E+9	2.047828000E-5
1.420846667E+9	2.055587000E-5
1.420850000E+9	2.123420000E-5
1.420853333E+9	2.072243000E-5
1.420856667E+9	2.088529000E-5
1.420860000E+9	2.016914000E-5
1.420863333E+9	2.054411000E-5
1.420866667E+9	2.046981000E-5
1.420870000E+9	2.070009000E-5
1.420873333E+9	2.064176000E-5
1.420876667E+9	2.003931000E-5
1.420880000E+9	2.024000000E-5
1.420883333E+9	2.167930000E-5
1.420886667E+9	2.152256000E-5
1.420890000E+9	2.042534000E-5
1.420893333E+9	2.028868000E-5
1.420896667E+9	2.121439000E-5
1.420900000E+9	2.107144000E-5
1.420903333E+9	2.037163000E-5
1.420906667E+9	2.040220000E-5
1.420910000E+9	2.049984000E-5
1.420913333E+9	2.152343000E-5
1.420916667E+9	2.386906000E-5
1.420920000E+9	2.929118000E-5
1.420923333E+9	2.090662000E-5
1.420926667E+9	2.084295000E-5
1.420930000E+9	2.045983000E-5
1.420933333E+9	2.053545000E-5
1.420936667E+9	2.054071000E-5
1.420940000E+9	2.008923000E-5
1.420943333E+9	2.034268000E-5
1.420946667E+9	2.027080000E-5
1.420950000E+9	2.070164000E-5
1.420953333E+9	2.019846000E-5
1.420956667E+9	2.049817000E-5
1.420960000E+9	2.059560000E-5
1.420963333E+9	2.055142000E-5
1.420966667E+9	2.013025000E-5
1.420970000E+9	2.074202000E-5
1.420973333E+9	2.084742000E-5
1.420976667E+9	2.037765000E-5
1.420980000E+9	2.043920000E-5
1.420983333E+9	2.090238000E-5
1.420986667E+9	2.074751000E-5
1.420990000E+9	1.973703000E-5
1.420993333E+9	2.031947000E-5
1.420996667E+9	1.991986000E-5
1.421000000E+9	2.003843000E-5
1.421003333E+9	2.054684000E-5
1.421006667E+9	2.079196000E-5
1.421010000E+9	2.063213000E-5
1.421013333E+9	2.066791000E-5
1.421016667E+9	2.008837000E-5
1.421020000E+9	2.084394000E-5
1.421023333E+9	2.039546000E-5
1.421026667E+9	2.071819000E-5
1.421030000E+9	2.097654000E-5
1.421033333E+9	2.048571000E-5
1.421036667E+9	2.074350000E-5
1.421040000E+9	2.062976000E-5
1.421043333E+9	2.033726000E-5
1.421046667E+9	2.069112000E-5
1.421050000E+9	2.043543000E-5
1.421053333E+9	2.039524000E-5
1.421056667E+9	2.052459000E-5
1.421060000E+9	2.063633000E-5
1.421063333E+9	2.018323000E-5
1.421066667E+9	2.074207000E-5
1.421070000E+9	2.031369000E-5
1.421073333E+9	2.073754000E-5
1.421076667E+9	2.073094000E-5
1.421080000E+9	2.022860000E-5
1.421083333E+9	2.101816000E-5
1.421086667E+9	2.056219000E-5
1.421090000E+9	2.006366000E-5
1.421093333E+9	2.055117000E-5
1.421096667E+9	2.069984000E-5
1.421100000E+9	2.041670000E-5
1.421103333E+9	2.016684000E-5
1.421106667E+9	2.037525000E-5
1.421110000E+9	2.021774000E-5
1.421113333E+9	2.006947000E-5
1.421116667E+9	2.003882000E-5
1.421120000E+9	2.037015000E-5
1.421123333E+9	2.111512000E-5
1.421126667E+9	2.091565000E-5
1.421130000E+9	2.063089000E-5
1.421133333E+9	2.032257000E-5
1.421136667E+9	2.041110000E-5
1.421140000E+9	2.052186000E-5
1.421143333E+9	2.012285000E-5
1.421146667E+9	2.074590000E-5
1.421150000E+9	2.032712000E-5
1.421153333E+9	2.055334000E-5
1.421156667E+9	2.041982000E-5
1.421160000E+9	2.008451000E-5
1.421163333E+9	2.103385000E-5
1.421166667E+9	2.073296000E-5
1.421170000E+9	2.090405000E-5
1.421173333E+9	1.995703000E-5
1.421176667E+9	2.042782000E-5
1.421180000E+9	2.110617000E-5
1.421183333E+9	2.013476000E-5
1.421186667E+9	2.064544000E-5
1.421190000E+9	2.056009000E-5
1.421193333E+9	2.056074000E-5
1.421196667E+9	2.068181000E-5
1.421200000E+9	2.031820000E-5
1.421203333E+9	1.987436000E-5
1.421206667E+9	2.080742000E-5
1.421210000E+9	2.195617000E-5
1.421213333E+9	2.378623000E-5
1.421216667E+9	2.075617000E-5
1.421220000E+9	2.063472000E-5
1.421223333E+9	2.027877000E-5
1.421226667E+9	2.029461000E-5
1.421230000E+9	2.034427000E-5
1.421233333E+9	2.056225000E-5
1.421236667E+9	2.053541000E-5
1.421240000E+9	2.015272000E-5
1.421243333E+9	2.024126000E-5
1.421246667E+9	2.040610000E-5
1.421250000E+9	2.052619000E-5
1.421253333E+9	2.057065000E-5
1.421256667E+9	2.027125000E-5
1.421260000E+9	2.054928000E-5
1.421263333E+9	2.069839000E-5
1.421266667E+9	2.038622000E-5
1.421270000E+9	2.024933000E-5
1.421273333E+9	2.045314000E-5
1.421276667E+9	2.058613000E-5
1.421280000E+9	2.057418000E-5
1.421283333E+9	2.037727000E-5
1.421286667E+9	2.027487000E-5
1.421290000E+9	2.016414000E-5
1.421293333E+9	2.065115000E-5
1.421296667E+9	2.039047000E-5
1.421300000E+9	2.124327000E-5
1.421303333E+9	2.036863000E-5
1.421306667E+9	2.071546000E-5
1.421310000E+9	2.044744000E-5
1.421313333E+9	2.024629000E-5
1.421316667E+9	2.070423000E-5
1.421320000E+9	2.133309000E-5
1.421323333E+9	2.038116000E-5
1.421326667E+9	2.075243000E-5
1.421330000E+9	2.066585000E-5
1.421333333E+9	2.062668000E-5
1.421336667E+9	2.041433000E-5
1.421340000E+9	2.050497000E-5
1.421343333E+9	2.071101000E-5
1.421346667E+9	2.070341000E-5
1.421350000E+9	2.060178000E-5
1.421353333E+9	2.080552000E-5
1.421356667E+9	2.096862000E-5
1.421360000E+9	2.102780000E-5
1.421363333E+9	2.116437000E-5
1.421366667E+9	2.308277000E-5
1.421370000E+9	2.108266000E-5
1.421373333E+9	2.040180000E-5
1.421376667E+9	2.067397000E-5
1.421380000E+9	2.047253000E-5
1.421383333E+9	2.059585000E-5
1.421386667E+9	2.066140000E-5
1.421390000E+9	2.078637000E-5
1.421393333E+9	2.056797000E-5
1.421396667E+9	2.101412000E-5
1.421400000E+9	2.115605000E-5
