Frequency, Hz	Amplitude, Volts
1.419400000E+9	1.601507000E-5
1.419403333E+9	1.623130000E-5
1.419406667E+9	1.648376000E-5
1.419410000E+9	1.621151000E-5
1.419413333E+9	1.711412000E-5
1.419416667E+9	1.623228000E-5
1.419420000E+9	1.593082000E-5
1.419423333E+9	1.624243000E-5
1.419426667E+9	1.585103000E-5
1.419430000E+9	1.584023000E-5
1.419433333E+9	1.633546000E-5
1.419436667E+9	1.602733000E-5
1.419440000E+9	1.623542000E-5
1.419443333E+9	1.609909000E-5
1.419446667E+9	1.672429000E-5
1.419450000E+9	2.065739000E-5
1.419453333E+9	1.680543000E-5
1.419456667E+9	1.614279000E-5
1.419460000E+9	1.606815000E-5
1.419463333E+9	1.621867000E-5
1.419466667E+9	1.586393000E-5
1.419470000E+9	1.588699000E-5
1.419473333E+9	1.599558000E-5
1.419476667E+9	1.617375000E-5
1.419480000E+9	1.619415000E-5
1.419483333E+9	1.577093000E-5
1.419486667E+9	1.601405000E-5
1.419490000E+9	1.611446000E-5
1.419493333E+9	1.597890000E-5
1.419496667E+9	1.619331000E-5
1.419500000E+9	1.610871000E-5
1.419503333E+9	1.621719000E-5
1.419506667E+9	1.564945000E-5
1.419510000E+9	1.615434000E-5
1.419513333E+9	1.567793000E-5
1.419516667E+9	1.589591000E-5
1.419520000E+9	1.582611000E-5
1.419523333E+9	1.600884000E-5
1.419526667E+9	1.618923000E-5
1.419530000E+9	1.608432000E-5
1.419533333E+9	1.604270000E-5
1.419536667E+9	1.580751000E-5
1.419540000E+9	1.613276000E-5
1.419543333E+9	1.578675000E-5
1.419546667E+9	1.558617000E-5
1.419550000E+9	1.587902000E-5
1.419553333E+9	1.597541000E-5
1.419556667E+9	1.577812000E-5
1.419560000E+9	1.614448000E-5
1.419563333E+9	1.612697000E-5
1.419566667E+9	1.615710000E-5
1.419570000E+9	1.614900000E-5
1.419573333E+9	1.608285000E-5
1.419576667E+9	1.588882000E-5
1.419580000E+9	1.590198000E-5
1.419583333E+9	1.599839000E-5
1.419586667E+9	1.617400000E-5
1.419590000E+9	1.586606000E-5
1.419593333E+9	1.622991000E-5
1.419596667E+9	1.594576000E-5
1.419600000E+9	1.580257000E-5
1.419603333E+9	1.636118000E-5
1.419606667E+9	1.602981000E-5
1.419610000E+9	1.588002000E-5
1.419613333E+9	1.576499000E-5
1.419616667E+9	1.605397000E-5
1.419620000E+9	1.590212000E-5
1.419623333E+9	1.618878000E-5
1.419626667E+9	1.573065000E-5
1.419630000E+9	1.598311000E-5
1.419633333E+9	1.577791000E-5
1.419636667E+9	1.595795000E-5
1.419640000E+9	1.595497000E-5
1.419643333E+9	1.598236000E-5
1.419646667E+9	1.616741000E-5
1.419650000E+9	1.611865000E-5
1.419653333E+9	1.616869000E-5
1.419656667E+9	1.635500000E-5
1.419660000E+9	1.608623000E-5
1.419663333E+9	1.624030000E-5
1.419666667E+9	1.608199000E-5
1.419670000E+9	1.623185000E-5
1.419673333E+9	1.609119000E-5
1.419676667E+9	1.602423000E-5
1.419680000E+9	1.597932000E-5
1.419683333E+9	1.574892000E-5
1.419686667E+9	1.552907000E-5
1.419690000E+9	1.603203000E-5
1.419693333E+9	1.579854000E-5
1.419696667E+9	1.594056000E-5
1.419700000E+9	1.600120000E-5
1.419703333E+9	1.615384000E-5
1.419706667E+9	1.616145000E-5
1.419710000E+9	1.590822000E-5
1.419713333E+9	1.605926000E-5
1.419716667E+9	1.585366000E-5
1.419720000E+9	1.572634000E-5
1.419723333E+9	1.663919000E-5
1.419726667E+9	1.584165000E-5
1.419730000E+9	1.573207000E-5
1.419733333E+9	1.703652000E-5
1.419736667E+9	1.621917000E-5
1.419740000E+9	1.700029000E-5
1.419743333E+9	2.021277000E-5
1.419746667E+9	1.676680000E-5
1.419750000E+9	1.662763000E-5
1.419753333E+9	1.603643000E-5
1.419756667E+9	1.592881000E-5
1.419760000E+9	1.616150000E-5
1.419763333E+9	1.579760000E-5
1.419766667E+9	1.598069000E-5
1.419770000E+9	1.617389000E-5
1.419773333E+9	1.600997000E-5
1.419776667E+9	1.622220000E-5
1.419780000E+9	1.616507000E-5
1.419783333E+9	1.567770000E-5
1.419786667E+9	1.570832000E-5
1.419790000E+9	1.617659000E-5
1.419793333E+9	1.602200000E-5
1.419796667E+9	1.587067000E-5
1.419800000E+9	1.608116000E-5
1.419803333E+9	1.600758000E-5
1.419806667E+9	1.570867000E-5
1.419810000E+9	1.574242000E-5
1.419813333E+9	1.605371000E-5
1.419816667E+9	1.625333000E-5
1.419820000E+9	1.593676000E-5
1.419823333E+9	1.617734000E-5
1.419826667E+9	1.608955000E-5
1.419830000E+9	1.628012000E-5
1.419833333E+9	1.607719000E-5
1.419836667E+9	1.584767000E-5
1.419840000E+9	1.555273000E-5
1.419843333E+9	1.604034000E-5
1.419846667E+9	1.591763000E-5
1.419850000E+9	1.581699000E-5
1.419853333E+9	1.582993000E-5
1.419856667E+9	1.567741000E-5
1.419860000E+9	1.574588000E-5
1.419863333E+9	1.569501000E-5
1.419866667E+9	1.626295000E-5
1.419870000E+9	1.585428000E-5
1.419873333E+9	1.584403000E-5
1.419876667E+9	1.594639000E-5
1.419880000E+9	1.575556000E-5
1.419883333E+9	1.594058000E-5
1.419886667E+9	1.565458000E-5
1.419890000E+9	1.597233000E-5
1.419893333E+9	1.563569000E-5
1.419896667E+9	1.598383000E-5
1.419900000E+9	1.589554000E-5
1.419903333E+9	1.581112000E-5
1.419906667E+9	1.574088000E-5
1.419910000E+9	1.590127000E-5
1.419913333E+9	1.600435000E-5
1.419916667E+9	1.595857000E-5
1.419920000E+9	1.584880000E-5
1.419923333E+9	1.581121000E-5
1.419926667E+9	1.598476000E-5
1.419930000E+9	1.574306000E-5
1.419933333E+9	1.586998000E-5
1.419936667E+9	1.611851000E-5
1.419940000E+9	1.584797000E-5
1.419943333E+9	1.586792000E-5
1.419946667E+9	1.565577000E-5
1.419950000E+9	1.576371000E-5
1.419953333E+9	1.586708000E-5
1.419956667E+9	1.574330000E-5
1.419960000E+9	1.570825000E-5
1.419963333E+9	1.595436000E-5
1.419966667E+9	1.562795000E-5
1.419970000E+9	1.565708000E-5
1.419973333E+9	1.578958000E-5
1.419976667E+9	1.582474000E-5
1.419980000E+9	1.565974000E-5
1.419983333E+9	1.560795000E-5
1.419986667E+9	1.599684000E-5
1.419990000E+9	1.603298000E-5
1.419993333E+9	1.567187000E-5
1.419996667E+9	1.591924000E-5
1.420000000E+9	1.686378000E-5
1.420003333E+9	1.812233000E-5
1.420006667E+9	1.612820000E-5
1.420010000E+9	1.629950000E-5
1.420013333E+9	1.561862000E-5
1.420016667E+9	1.587177000E-5
1.420020000E+9	1.595322000E-5
1.420023333E+9	1.577594000E-5
1.420026667E+9	1.571943000E-5
1.420030000E+9	1.594282000E-5
1.420033333E+9	1.669127000E-5
1.420036667E+9	1.863547000E-5
1.420040000E+9	1.602059000E-5
1.420043333E+9	1.570023000E-5
1.420046667E+9	1.612903000E-5
1.420050000E+9	1.623863000E-5
1.420053333E+9	1.606464000E-5
1.420056667E+9	1.569784000E-5
1.420060000E+9	1.614671000E-5
1.420063333E+9	1.609064000E-5
1.420066667E+9	1.595084000E-5
1.420070000E+9	1.583310000E-5
1.420073333E+9	1.615554000E-5
1.420076667E+9	1.614334000E-5
1.420080000E+9	1.623929000E-5
1.420083333E+9	1.615348000E-5
1.420086667E+9	1.589449000E-5
1.420090000E+9	1.603120000E-5
1.420093333E+9	1.585839000E-5
1.420096667E+9	1.614774000E-5
1.420100000E+9	1.628244000E-5
1.420103333E+9	1.620594000E-5
1.420106667E+9	1.605196000E-5
1.420110000E+9	1.618972000E-5
1.420113333E+9	1.613666000E-5
1.420116667E+9	1.612655000E-5
1.420120000E+9	1.603764000E-5
1.420123333E+9	1.645681000E-5
1.420126667E+9	1.645839000E-5
1.420130000E+9	1.588865000E-5
1.420133333E+9	1.612510000E-5
1.420136667E+9	1.633521000E-5
1.420140000E+9	1.629721000E-5
1.420143333E+9	1.639321000E-5
1.420146667E+9	1.636382000E-5
1.420150000E+9	1.641832000E-5
1.420153333E+9	1.636303000E-5
1.420156667E+9	1.704447000E-5
1.420160000E+9	1.676280000E-5
1.420163333E+9	1.638103000E-5
1.420166667E+9	1.689979000E-5
1.420170000E+9	1.635438000E-5
1.420173333E+9	1.654991000E-5
1.420176667E+9	1.677565000E-5
1.420180000E+9	1.650607000E-5
1.420183333E+9	1.675715000E-5
1.420186667E+9	1.693431000E-5
1.420190000E+9	1.683625000E-5
1.420193333E+9	1.696263000E-5
1.420196667E+9	1.694241000E-5
1.420200000E+9	1.711325000E-5
1.420203333E+9	1.655969000E-5
1.420206667E+9	1.682489000E-5
1.420210000E+9	1.698753000E-5
1.420213333E+9	1.666351000E-5
1.420216667E+9	1.678081000E-5
1.420220000E+9	1.685643000E-5
1.420223333E+9	1.695959000E-5
1.420226667E+9	1.695877000E-5
1.420230000E+9	1.668920000E-5
1.420233333E+9	1.717722000E-5
1.420236667E+9	1.706910000E-5
1.420240000E+9	1.722693000E-5
1.420243333E+9	1.723124000E-5
1.420246667E+9	1.752635000E-5
1.420250000E+9	1.706200000E-5
1.420253333E+9	1.713228000E-5
1.420256667E+9	1.694930000E-5
1.420260000E+9	1.714240000E-5
1.420263333E+9	1.706421000E-5
1.420266667E+9	1.720278000E-5
1.420270000E+9	1.734468000E-5
1.420273333E+9	1.711658000E-5
1.420276667E+9	1.725245000E-5
1.420280000E+9	1.725211000E-5
1.420283333E+9	1.695008000E-5
1.420286667E+9	1.723204000E-5
1.420290000E+9	1.705091000E-5
1.420293333E+9	1.694312000E-5
1.420296667E+9	1.744066000E-5
1.420300000E+9	1.739138000E-5
1.420303333E+9	1.719016000E-5
1.420306667E+9	1.729157000E-5
1.420310000E+9	1.759114000E-5
1.420313333E+9	1.729387000E-5
1.420316667E+9	1.750573000E-5
1.420320000E+9	1.756222000E-5
1.420323333E+9	1.739569000E-5
1.420326667E+9	1.840056000E-5
1.420330000E+9	1.971832000E-5
1.420333333E+9	1.784785000E-5
1.420336667E+9	1.768474000E-5
1.420340000E+9	1.770164000E-5
1.420343333E+9	1.787751000E-5
1.420346667E+9	1.790029000E-5
1.420350000E+9	1.789078000E-5
1.420353333E+9	1.784830000E-5
1.420356667E+9	1.785693000E-5
1.420360000E+9	1.823019000E-5
1.420363333E+9	1.809644000E-5
1.420366667E+9	1.798692000E-5
1.420370000E+9	1.768140000E-5
1.420373333E+9	1.743911000E-5
1.420376667E+9	1.738036000E-5
1.420380000E+9	1.747585000E-5
1.420383333E+9	1.751577000E-5
1.420386667E+9	1.718435000E-5
1.420390000E+9	1.739663000E-5
1.420393333E+9	1.695760000E-5
1.420396667E+9	1.705516000E-5
1.420400000E+9	1.700845000E-5
1.420403333E+9	1.692289000E-5
1.420406667E+9	1.715782000E-5
1.420410000E+9	1.693992000E-5
1.420413333E+9	1.685923000E-5
1.420416667E+9	1.647352000E-5
1.420420000E+9	1.698952000E-5
1.420423333E+9	1.672267000E-5
1.420426667E+9	1.653095000E-5
1.420430000E+9	1.642555000E-5
1.420433333E+9	1.618878000E-5
1.420436667E+9	1.649125000E-5
1.420440000E+9	1.660855000E-5
1.420443333E+9	1.624102000E-5
1.420446667E+9	1.639598000E-5
1.420450000E+9	1.679342000E-5
1.420453333E+9	1.641250000E-5
1.420456667E+9	1.629995000E-5
1.420460000E+9	1.617407000E-5
1.420463333E+9	1.628634000E-5
1.420466667E+9	1.635723000E-5
1.420470000E+9	1.627527000E-5
1.420473333E+9	1.607226000E-5
1.420476667E+9	1.616363000E-5
1.420480000E+9	1.651162000E-5
1.420483333E+9	1.622526000E-5
1.420486667E+9	1.637910000E-5
1.420490000E+9	1.613445000E-5
1.420493333E+9	1.653969000E-5
1.420496667E+9	1.620822000E-5
1.420500000E+9	1.609200000E-5
1.420503333E+9	1.619141000E-5
1.420506667E+9	1.588684000E-5
1.420510000E+9	1.588659000E-5
1.420513333E+9	1.591372000E-5
1.420516667E+9	1.629460000E-5
1.420520000E+9	1.586874000E-5
1.420523333E+9	1.567276000E-5
1.420526667E+9	1.594350000E-5
1.420530000E+9	1.594849000E-5
1.420533333E+9	1.609220000E-5
1.420536667E+9	1.589554000E-5
1.420540000E+9	1.569780000E-5
1.420543333E+9	1.602636000E-5
1.420546667E+9	1.613207000E-5
1.420550000E+9	1.630622000E-5
1.420553333E+9	1.616640000E-5
1.420556667E+9	1.565065000E-5
1.420560000E+9	1.578266000E-5
1.420563333E+9	1.623567000E-5
1.420566667E+9	1.623681000E-5
1.420570000E+9	1.647958000E-5
1.420573333E+9	1.604907000E-5
1.420576667E+9	1.589247000E-5
1.420580000E+9	1.651162000E-5
1.420583333E+9	1.580001000E-5
1.420586667E+9	1.632067000E-5
1.420590000E+9	1.691736000E-5
1.420593333E+9	1.630881000E-5
1.420596667E+9	1.607341000E-5
1.420600000E+9	1.598882000E-5
1.420603333E+9	1.641311000E-5
1.420606667E+9	1.624589000E-5
1.420610000E+9	1.622742000E-5
1.420613333E+9	1.641599000E-5
1.420616667E+9	1.632666000E-5
1.420620000E+9	1.829614000E-5
1.420623333E+9	1.896780000E-5
1.420626667E+9	1.666170000E-5
1.420630000E+9	1.588690000E-5
1.420633333E+9	1.637578000E-5
1.420636667E+9	1.626543000E-5
1.420640000E+9	1.630573000E-5
1.420643333E+9	1.694552000E-5
1.420646667E+9	1.659340000E-5
1.420650000E+9	1.615866000E-5
1.420653333E+9	1.660463000E-5
1.420656667E+9	1.620792000E-5
1.420660000E+9	1.619397000E-5
1.420663333E+9	1.651869000E-5
1.420666667E+9	1.632795000E-5
1.420670000E+9	1.649841000E-5
1.420673333E+9	1.642982000E-5
1.420676667E+9	1.643964000E-5
1.420680000E+9	1.664363000E-5
1.420683333E+9	1.683793000E-5
1.420686667E+9	1.650917000E-5
1.420690000E+9	1.642059000E-5
1.420693333E+9	1.633483000E-5
1.420696667E+9	1.646435000E-5
1.420700000E+9	1.645291000E-5
1.420703333E+9	1.604798000E-5
1.420706667E+9	1.645972000E-5
1.420710000E+9	1.660083000E-5
1.420713333E+9	1.616550000E-5
1.420716667E+9	1.654477000E-5
1.420720000E+9	1.636709000E-5
1.420723333E+9	1.647066000E-5
1.420726667E+9	1.603655000E-5
1.420730000E+9	1.615632000E-5
1.420733333E+9	1.624612000E-5
1.420736667E+9	1.657106000E-5
1.420740000E+9	1.619981000E-5
1.420743333E+9	1.634208000E-5
1.420746667E+9	1.630695000E-5
1.420750000E+9	1.600772000E-5
1.420753333E+9	1.631739000E-5
1.420756667E+9	1.654368000E-5
1.420760000E+9	1.641787000E-5
1.420763333E+9	1.604136000E-5
1.420766667E+9	1.594946000E-5
1.420770000E+9	1.616647000E-5
1.420773333E+9	1.610130000E-5
1.420776667E+9	1.620130000E-5
1.420780000E+9	1.589472000E-5
1.420783333E+9	1.582722000E-5
1.420786667E+9	1.609609000E-5
1.420790000E+9	1.625054000E-5
1.420793333E+9	1.701833000E-5
1.420796667E+9	1.619036000E-5
1.420800000E+9	1.613583000E-5
1.420803333E+9	1.622505000E-5
1.420806667E+9	1.586195000E-5
1.420810000E+9	1.587460000E-5
1.420813333E+9	1.589654000E-5
1.420816667E+9	1.593773000E-5
1.420820000E+9	1.611855000E-5
1.420823333E+9	1.591431000E-5
1.420826667E+9	1.550559000E-5
1.420830000E+9	1.609667000E-5
1.420833333E+9	1.578801000E-5
1.420836667E+9	1.595238000E-5
1.420840000E+9	1.571205000E-5
1.420843333E+9	1.578862000E-5
1.420846667E+9	1.578217000E-5
1.420850000E+9	1.561636000E-5
1.420853333E+9	1.573331000E-5
1.420856667E+9	1.566459000E-5
1.420860000E+9	1.607207000E-5
1.420863333E+9	1.604382000E-5
1.420866667E+9	1.615192000E-5
1.420870000E+9	1.594478000E-5
1.420873333E+9	1.554717000E-5
1.420876667E+9	1.584531000E-5
1.420880000E+9	1.577746000E-5
1.420883333E+9	1.649545000E-5
1.420886667E+9	1.629610000E-5
1.420890000E+9	1.575923000E-5
1.420893333E+9	1.579563000E-5
1.420896667E+9	1.572219000E-5
1.420900000E+9	1.616754000E-5
1.420903333E+9	1.610386000E-5
1.420906667E+9	1.670102000E-5
1.420910000E+9	1.612405000E-5
1.420913333E+9	2.222124000E-5
1.420916667E+9	2.147254000E-5
1.420920000E+9	1.654401000E-5
1.420923333E+9	1.592508000E-5
1.420926667E+9	1.615859000E-5
1.420930000E+9	1.574287000E-5
1.420933333E+9	1.596370000E-5
1.420936667E+9	1.541892000E-5
1.420940000E+9	1.587958000E-5
1.420943333E+9	1.625299000E-5
1.420946667E+9	1.584057000E-5
1.420950000E+9	1.552990000E-5
1.420953333E+9	1.543098000E-5
1.420956667E+9	1.548625000E-5
1.420960000E+9	1.587142000E-5
1.420963333E+9	1.551930000E-5
1.420966667E+9	1.605375000E-5
1.420970000E+9	1.590666000E-5
1.420973333E+9	1.559593000E-5
1.420976667E+9	1.565068000E-5
1.420980000E+9	1.569246000E-5
1.420983333E+9	1.594935000E-5
1.420986667E+9	1.625017000E-5
1.420990000E+9	1.595543000E-5
1.420993333E+9	1.589053000E-5
1.420996667E+9	1.552245000E-5
1.421000000E+9	1.600041000E-5
1.421003333E+9	1.559434000E-5
1.421006667E+9	1.557215000E-5
1.421010000E+9	1.580298000E-5
1.421013333E+9	1.543810000E-5
1.421016667E+9	1.604030000E-5
1.421020000E+9	1.578053000E-5
1.421023333E+9	1.542719000E-5
1.421026667E+9	1.566107000E-5
1.421030000E+9	1.572102000E-5
1.421033333E+9	1.564464000E-5
1.421036667E+9	1.592606000E-5
1.421040000E+9	1.595774000E-5
1.421043333E+9	1.583256000E-5
1.421046667E+9	1.592225000E-5
1.421050000E+9	1.569539000E-5
1.421053333E+9	1.618318000E-5
1.421056667E+9	1.553859000E-5
1.421060000E+9	1.556724000E-5
1.421063333E+9	1.556705000E-5
1.421066667E+9	1.569644000E-5
1.421070000E+9	1.563449000E-5
1.421073333E+9	1.578413000E-5
1.421076667E+9	1.549586000E-5
1.421080000E+9	1.557023000E-5
1.421083333E+9	1.585723000E-5
1.421086667E+9	1.626616000E-5
1.421090000E+9	1.638968000E-5
1.421093333E+9	1.609031000E-5
1.421096667E+9	1.577346000E-5
1.421100000E+9	1.568395000E-5
1.421103333E+9	1.564960000E-5
1.421106667E+9	1.560002000E-5
1.421110000E+9	1.562074000E-5
1.421113333E+9	1.546569000E-5
1.421116667E+9	1.568807000E-5
1.421120000E+9	1.609838000E-5
1.421123333E+9	1.572157000E-5
1.421126667E+9	1.570508000E-5
1.421130000E+9	1.591098000E-5
1.421133333E+9	1.539216000E-5
1.421136667E+9	1.532202000E-5
1.421140000E+9	1.567373000E-5
1.421143333E+9	1.593582000E-5
1.421146667E+9	1.561313000E-5
1.421150000E+9	1.589151000E-5
1.421153333E+9	1.617505000E-5
1.421156667E+9	1.575958000E-5
1.421160000E+9	1.592003000E-5
1.421163333E+9	1.607985000E-5
1.421166667E+9	1.556509000E-5
1.421170000E+9	1.554304000E-5
1.421173333E+9	1.564831000E-5
1.421176667E+9	1.619820000E-5
1.421180000E+9	1.677707000E-5
1.421183333E+9	1.545681000E-5
1.421186667E+9	1.552977000E-5
1.421190000E+9	1.548013000E-5
1.421193333E+9	1.574349000E-5
1.421196667E+9	1.573202000E-5
1.421200000E+9	1.525295000E-5
1.421203333E+9	1.582924000E-5
1.421206667E+9	1.830891000E-5
1.421210000E+9	1.737125000E-5
1.421213333E+9	1.546861000E-5
1.421216667E+9	1.564132000E-5
1.421220000E+9	1.659970000E-5
1.421223333E+9	1.596121000E-5
1.421226667E+9	1.568097000E-5
1.421230000E+9	1.591155000E-5
1.421233333E+9	1.587212000E-5
1.421236667E+9	1.570620000E-5
1.421240000E+9	1.562412000E-5
1.421243333E+9	1.579292000E-5
1.421246667E+9	1.577918000E-5
1.421250000E+9	1.570784000E-5
1.421253333E+9	1.531302000E-5
1.421256667E+9	1.564883000E-5
1.421260000E+9	1.556984000E-5
1.421263333E+9	1.564410000E-5
1.421266667E+9	1.578044000E-5
1.421270000E+9	1.545857000E-5
1.421273333E+9	1.550275000E-5
1.421276667E+9	1.594361000E-5
1.421280000E+9	1.588145000E-5
1.421283333E+9	1.578036000E-5
1.421286667E+9	1.657963000E-5
1.421290000E+9	1.654813000E-5
1.421293333E+9	1.592317000E-5
1.421296667E+9	1.576101000E-5
1.421300000E+9	1.550886000E-5
1.421303333E+9	1.607032000E-5
1.421306667E+9	1.557881000E-5
1.421310000E+9	1.564283000E-5
1.421313333E+9	1.563378000E-5
1.421316667E+9	1.591421000E-5
1.421320000E+9	1.586691000E-5
1.421323333E+9	1.571988000E-5
1.421326667E+9	1.573373000E-5
1.421330000E+9	1.576108000E-5
1.421333333E+9	1.553161000E-5
1.421336667E+9	1.587177000E-5
1.421340000E+9	1.591945000E-5
1.421343333E+9	1.574600000E-5
1.421346667E+9	1.592704000E-5
1.421350000E+9	1.597820000E-5
1.421353333E+9	1.865173000E-5
1.421356667E+9	2.332907000E-5
1.421360000E+9	1.708543000E-5
1.421363333E+9	1.589402000E-5
1.421366667E+9	1.611161000E-5
1.421370000E+9	1.570217000E-5
1.421373333E+9	1.564737000E-5
1.421376667E+9	1.569701000E-5
1.421380000E+9	1.592949000E-5
1.421383333E+9	1.604892000E-5
1.421386667E+9	1.570829000E-5
1.421390000E+9	1.600760000E-5
1.421393333E+9	1.573302000E-5
1.421396667E+9	1.573907000E-5
1.421400000E+9	1.564555000E-5
