Frequency, Hz	Amplitude, Volts
1.419400000E+9	1.521739000E-5
1.419403333E+9	1.535574000E-5
1.419406667E+9	1.555595000E-5
1.419410000E+9	1.549434000E-5
1.419413333E+9	1.615897000E-5
1.419416667E+9	1.555323000E-5
1.419420000E+9	1.570225000E-5
1.419423333E+9	1.569100000E-5
1.419426667E+9	1.542703000E-5
1.419430000E+9	1.553850000E-5
1.419433333E+9	1.605013000E-5
1.419436667E+9	1.563639000E-5
1.419440000E+9	1.564314000E-5
1.419443333E+9	1.544078000E-5
1.419446667E+9	1.533097000E-5
1.419450000E+9	1.590024000E-5
1.419453333E+9	1.580996000E-5
1.419456667E+9	1.601167000E-5
1.419460000E+9	1.550377000E-5
1.419463333E+9	1.573249000E-5
1.419466667E+9	1.542385000E-5
1.419470000E+9	1.564067000E-5
1.419473333E+9	1.540135000E-5
1.419476667E+9	1.574880000E-5
1.419480000E+9	1.589882000E-5
1.419483333E+9	1.550248000E-5
1.419486667E+9	1.531842000E-5
1.419490000E+9	1.570106000E-5
1.419493333E+9	1.533234000E-5
1.419496667E+9	1.552341000E-5
1.419500000E+9	1.560114000E-5
1.419503333E+9	1.532828000E-5
1.419506667E+9	1.529389000E-5
1.419510000E+9	1.562601000E-5
1.419513333E+9	1.545648000E-5
1.419516667E+9	1.582272000E-5
1.419520000E+9	1.537634000E-5
1.419523333E+9	1.548152000E-5
1.419526667E+9	1.554944000E-5
1.419530000E+9	1.556133000E-5
1.419533333E+9	1.552648000E-5
1.419536667E+9	1.536537000E-5
1.419540000E+9	1.556466000E-5
1.419543333E+9	1.560545000E-5
1.419546667E+9	1.536307000E-5
1.419550000E+9	1.571715000E-5
1.419553333E+9	1.549475000E-5
1.419556667E+9	1.557232000E-5
1.419560000E+9	1.542937000E-5
1.419563333E+9	1.539663000E-5
1.419566667E+9	1.560556000E-5
1.419570000E+9	1.534468000E-5
1.419573333E+9	1.544831000E-5
1.419576667E+9	1.566783000E-5
1.419580000E+9	1.581942000E-5
1.419583333E+9	1.546835000E-5
1.419586667E+9	1.545223000E-5
1.419590000E+9	1.581244000E-5
1.419593333E+9	1.546640000E-5
1.419596667E+9	1.546176000E-5
1.419600000E+9	1.566841000E-5
1.419603333E+9	1.531400000E-5
1.419606667E+9	1.560989000E-5
1.419610000E+9	1.550751000E-5
1.419613333E+9	1.547443000E-5
1.419616667E+9	1.550583000E-5
1.419620000E+9	1.538515000E-5
1.419623333E+9	1.542202000E-5
1.419626667E+9	1.564247000E-5
1.419630000E+9	1.549734000E-5
1.419633333E+9	1.555048000E-5
1.419636667E+9	1.586738000E-5
1.419640000E+9	1.563360000E-5
1.419643333E+9	1.551020000E-5
1.419646667E+9	1.554886000E-5
1.419650000E+9	1.540383000E-5
1.419653333E+9	1.508727000E-5
1.419656667E+9	1.555393000E-5
1.419660000E+9	1.534180000E-5
1.419663333E+9	1.530964000E-5
1.419666667E+9	1.561786000E-5
1.419670000E+9	1.557616000E-5
1.419673333E+9	1.519557000E-5
1.419676667E+9	1.534517000E-5
1.419680000E+9	1.527606000E-5
1.419683333E+9	1.554577000E-5
1.419686667E+9	1.557514000E-5
1.419690000E+9	1.565493000E-5
1.419693333E+9	1.530212000E-5
1.419696667E+9	1.547737000E-5
1.419700000E+9	1.541919000E-5
1.419703333E+9	1.519981000E-5
1.419706667E+9	1.543398000E-5
1.419710000E+9	1.542353000E-5
1.419713333E+9	1.539120000E-5
1.419716667E+9	1.556042000E-5
1.419720000E+9	1.535149000E-5
1.419723333E+9	1.541606000E-5
1.419726667E+9	1.541371000E-5
1.419730000E+9	1.550140000E-5
1.419733333E+9	1.557011000E-5
1.419736667E+9	1.582778000E-5
1.419740000E+9	1.517046000E-5
1.419743333E+9	1.548616000E-5
1.419746667E+9	1.565897000E-5
1.419750000E+9	1.566561000E-5
1.419753333E+9	1.595674000E-5
1.419756667E+9	1.554995000E-5
1.419760000E+9	1.537367000E-5
1.419763333E+9	1.511241000E-5
1.419766667E+9	1.544298000E-5
1.419770000E+9	1.531977000E-5
1.419773333E+9	1.563279000E-5
1.419776667E+9	1.509481000E-5
1.419780000E+9	1.524823000E-5
1.419783333E+9	1.545484000E-5
1.419786667E+9	1.520425000E-5
1.419790000E+9	1.559483000E-5
1.419793333E+9	1.506369000E-5
1.419796667E+9	1.523964000E-5
1.419800000E+9	1.518256000E-5
1.419803333E+9	1.520743000E-5
1.419806667E+9	1.535324000E-5
1.419810000E+9	1.544588000E-5
1.419813333E+9	1.537733000E-5
1.419816667E+9	1.525843000E-5
1.419820000E+9	1.509317000E-5
1.419823333E+9	1.539887000E-5
1.419826667E+9	1.524761000E-5
1.419830000E+9	1.573741000E-5
1.419833333E+9	1.579067000E-5
1.419836667E+9	1.553804000E-5
1.419840000E+9	1.552251000E-5
1.419843333E+9	1.549861000E-5
1.419846667E+9	1.552383000E-5
1.419850000E+9	1.535884000E-5
1.419853333E+9	1.543252000E-5
1.419856667E+9	1.541544000E-5
1.419860000E+9	1.482797000E-5
1.419863333E+9	1.561226000E-5
1.419866667E+9	1.560602000E-5
1.419870000E+9	1.536864000E-5
1.419873333E+9	1.527351000E-5
1.419876667E+9	1.516237000E-5
1.419880000E+9	1.521662000E-5
1.419883333E+9	1.543185000E-5
1.419886667E+9	1.529664000E-5
1.419890000E+9	1.563717000E-5
1.419893333E+9	1.541393000E-5
1.419896667E+9	1.503251000E-5
1.419900000E+9	1.564821000E-5
1.419903333E+9	1.553760000E-5
1.419906667E+9	1.585100000E-5
1.419910000E+9	1.521903000E-5
1.419913333E+9	1.539979000E-5
1.419916667E+9	1.552493000E-5
1.419920000E+9	1.558138000E-5
1.419923333E+9	1.529624000E-5
1.419926667E+9	1.524928000E-5
1.419930000E+9	1.524383000E-5
1.419933333E+9	1.544878000E-5
1.419936667E+9	1.533483000E-5
1.419940000E+9	1.530351000E-5
1.419943333E+9	1.511140000E-5
1.419946667E+9	1.544285000E-5
1.419950000E+9	1.523508000E-5
1.419953333E+9	1.527536000E-5
1.419956667E+9	1.507289000E-5
1.419960000E+9	1.510864000E-5
1.419963333E+9	1.531603000E-5
1.419966667E+9	1.535296000E-5
1.419970000E+9	1.518763000E-5
1.419973333E+9	1.570592000E-5
1.419976667E+9	1.548050000E-5
1.419980000E+9	1.641114000E-5
1.419983333E+9	1.552644000E-5
1.419986667E+9	1.560892000E-5
1.419990000E+9	1.540709000E-5
1.419993333E+9	1.523804000E-5
1.419996667E+9	1.528435000E-5
1.420000000E+9	1.639413000E-5
1.420003333E+9	1.723800000E-5
1.420006667E+9	1.529117000E-5
1.420010000E+9	1.536453000E-5
1.420013333E+9	1.523280000E-5
1.420016667E+9	1.530847000E-5
1.420020000E+9	1.553550000E-5
1.420023333E+9	1.514149000E-5
1.420026667E+9	1.511852000E-5
1.420030000E+9	1.506628000E-5
1.420033333E+9	1.539757000E-5
1.420036667E+9	1.551007000E-5
1.420040000E+9	1.555832000E-5
1.420043333E+9	1.538782000E-5
1.420046667E+9	1.522432000E-5
1.420050000E+9	1.573383000E-5
1.420053333E+9	1.562937000E-5
1.420056667E+9	1.496713000E-5
1.420060000E+9	1.514084000E-5
1.420063333E+9	1.512443000E-5
1.420066667E+9	1.552285000E-5
1.420070000E+9	1.521898000E-5
1.420073333E+9	1.498566000E-5
1.420076667E+9	1.511309000E-5
1.420080000E+9	1.530411000E-5
1.420083333E+9	1.524540000E-5
1.420086667E+9	1.525907000E-5
1.420090000E+9	1.515959000E-5
1.420093333E+9	1.512659000E-5
1.420096667E+9	1.527740000E-5
1.420100000E+9	1.505150000E-5
1.420103333E+9	1.536282000E-5
1.420106667E+9	1.549597000E-5
1.420110000E+9	1.524083000E-5
1.420113333E+9	1.515047000E-5
1.420116667E+9	1.495698000E-5
1.420120000E+9	1.516607000E-5
1.420123333E+9	1.541099000E-5
1.420126667E+9	1.575330000E-5
1.420130000E+9	1.518985000E-5
1.420133333E+9	1.557278000E-5
1.420136667E+9	1.550265000E-5
1.420140000E+9	1.521584000E-5
1.420143333E+9	1.512290000E-5
1.420146667E+9	1.542380000E-5
1.420150000E+9	1.507409000E-5
1.420153333E+9	1.500739000E-5
1.420156667E+9	1.536098000E-5
1.420160000E+9	1.523874000E-5
1.420163333E+9	1.505259000E-5
1.420166667E+9	1.524235000E-5
1.420170000E+9	1.505054000E-5
1.420173333E+9	1.495113000E-5
1.420176667E+9	1.487749000E-5
1.420180000E+9	1.549284000E-5
1.420183333E+9	1.494192000E-5
1.420186667E+9	1.537681000E-5
1.420190000E+9	1.533114000E-5
1.420193333E+9	1.486211000E-5
1.420196667E+9	1.522095000E-5
1.420200000E+9	1.553657000E-5
1.420203333E+9	1.540205000E-5
1.420206667E+9	1.471570000E-5
1.420210000E+9	1.545832000E-5
1.420213333E+9	1.523126000E-5
1.420216667E+9	1.525012000E-5
1.420220000E+9	1.506801000E-5
1.420223333E+9	1.499437000E-5
1.420226667E+9	1.506089000E-5
1.420230000E+9	1.552551000E-5
1.420233333E+9	1.524209000E-5
1.420236667E+9	1.540202000E-5
1.420240000E+9	1.540992000E-5
1.420243333E+9	1.516520000E-5
1.420246667E+9	1.521679000E-5
1.420250000E+9	1.515525000E-5
1.420253333E+9	1.529983000E-5
1.420256667E+9	1.527321000E-5
1.420260000E+9	1.512576000E-5
1.420263333E+9	1.509420000E-5
1.420266667E+9	1.583647000E-5
1.420270000E+9	1.511214000E-5
1.420273333E+9	1.519433000E-5
1.420276667E+9	1.537274000E-5
1.420280000E+9	1.528569000E-5
1.420283333E+9	1.528319000E-5
1.420286667E+9	1.513925000E-5
1.420290000E+9	1.500323000E-5
1.420293333E+9	1.532182000E-5
1.420296667E+9	1.550469000E-5
1.420300000E+9	1.526079000E-5
1.420303333E+9	1.493630000E-5
1.420306667E+9	1.506304000E-5
1.420310000E+9	1.504638000E-5
1.420313333E+9	1.552968000E-5
1.420316667E+9	1.547571000E-5
1.420320000E+9	1.535597000E-5
1.420323333E+9	1.530307000E-5
1.420326667E+9	1.532562000E-5
1.420330000E+9	1.531360000E-5
1.420333333E+9	1.532333000E-5
1.420336667E+9	1.537143000E-5
1.420340000E+9	1.497023000E-5
1.420343333E+9	1.540562000E-5
1.420346667E+9	1.513019000E-5
1.420350000E+9	1.543654000E-5
1.420353333E+9	1.498359000E-5
1.420356667E+9	1.529837000E-5
1.420360000E+9	1.527512000E-5
1.420363333E+9	1.517268000E-5
1.420366667E+9	1.525687000E-5
1.420370000E+9	1.527215000E-5
1.420373333E+9	1.527880000E-5
1.420376667E+9	1.506066000E-5
1.420380000E+9	1.532973000E-5
1.420383333E+9	1.481579000E-5
1.420386667E+9	1.550632000E-5
1.420390000E+9	1.539098000E-5
1.420393333E+9	1.520925000E-5
1.420396667E+9	1.523446000E-5
1.420400000E+9	1.492066000E-5
1.420403333E+9	1.508496000E-5
1.420406667E+9	1.529323000E-5
1.420410000E+9	1.519013000E-5
1.420413333E+9	1.533705000E-5
1.420416667E+9	1.559622000E-5
1.420420000E+9	1.536404000E-5
1.420423333E+9	1.536849000E-5
1.420426667E+9	1.549674000E-5
1.420430000E+9	1.535712000E-5
1.420433333E+9	1.528162000E-5
1.420436667E+9	1.520475000E-5
1.420440000E+9	1.537961000E-5
1.420443333E+9	1.534718000E-5
1.420446667E+9	1.509375000E-5
1.420450000E+9	1.545263000E-5
1.420453333E+9	1.564239000E-5
1.420456667E+9	1.568612000E-5
1.420460000E+9	1.524338000E-5
1.420463333E+9	1.576084000E-5
1.420466667E+9	1.556232000E-5
1.420470000E+9	1.592419000E-5
1.420473333E+9	1.614561000E-5
1.420476667E+9	1.619191000E-5
1.420480000E+9	1.614387000E-5
1.420483333E+9	1.647243000E-5
1.420486667E+9	1.653359000E-5
1.420490000E+9	1.680183000E-5
1.420493333E+9	1.692572000E-5
1.420496667E+9	1.697504000E-5
1.420500000E+9	1.716195000E-5
1.420503333E+9	1.717021000E-5
1.420506667E+9	1.700894000E-5
1.420510000E+9	1.719526000E-5
1.420513333E+9	1.695974000E-5
1.420516667E+9	1.669822000E-5
1.420520000E+9	1.692804000E-5
1.420523333E+9	1.698451000E-5
1.420526667E+9	1.685251000E-5
1.420530000E+9	1.672231000E-5
1.420533333E+9	1.705636000E-5
1.420536667E+9	1.679692000E-5
1.420540000E+9	1.679834000E-5
1.420543333E+9	1.737458000E-5
1.420546667E+9	1.717302000E-5
1.420550000E+9	1.722409000E-5
1.420553333E+9	1.695570000E-5
1.420556667E+9	1.688019000E-5
1.420560000E+9	1.743675000E-5
1.420563333E+9	1.697651000E-5
1.420566667E+9	1.685303000E-5
1.420570000E+9	1.726224000E-5
1.420573333E+9	1.707266000E-5
1.420576667E+9	1.683156000E-5
1.420580000E+9	1.656322000E-5
1.420583333E+9	1.620786000E-5
1.420586667E+9	1.616789000E-5
1.420590000E+9	1.720272000E-5
1.420593333E+9	1.613145000E-5
1.420596667E+9	1.628519000E-5
1.420600000E+9	1.633752000E-5
1.420603333E+9	1.643305000E-5
1.420606667E+9	1.648298000E-5
1.420610000E+9	1.673720000E-5
1.420613333E+9	1.650285000E-5
1.420616667E+9	1.621497000E-5
1.420620000E+9	1.623467000E-5
1.420623333E+9	1.626789000E-5
1.420626667E+9	1.685660000E-5
1.420630000E+9	1.692772000E-5
1.420633333E+9	1.653729000E-5
1.420636667E+9	1.727432000E-5
1.420640000E+9	1.726181000E-5
1.420643333E+9	1.693358000E-5
1.420646667E+9	1.727830000E-5
1.420650000E+9	1.748184000E-5
1.420653333E+9	1.689675000E-5
1.420656667E+9	1.721288000E-5
1.420660000E+9	1.719147000E-5
1.420663333E+9	1.734952000E-5
1.420666667E+9	1.740869000E-5
1.420670000E+9	1.698684000E-5
1.420673333E+9	1.735043000E-5
1.420676667E+9	1.741953000E-5
1.420680000E+9	1.702975000E-5
1.420683333E+9	1.737304000E-5
1.420686667E+9	1.708397000E-5
1.420690000E+9	1.699279000E-5
1.420693333E+9	1.718254000E-5
1.420696667E+9	1.705554000E-5
1.420700000E+9	1.694275000E-5
1.420703333E+9	1.667273000E-5
1.420706667E+9	1.665850000E-5
1.420710000E+9	1.686532000E-5
1.420713333E+9	1.683523000E-5
1.420716667E+9	1.690998000E-5
1.420720000E+9	1.655675000E-5
1.420723333E+9	1.641828000E-5
1.420726667E+9	1.627424000E-5
1.420730000E+9	1.643762000E-5
1.420733333E+9	1.672915000E-5
1.420736667E+9	1.654882000E-5
1.420740000E+9	1.645606000E-5
1.420743333E+9	1.592594000E-5
1.420746667E+9	1.591211000E-5
1.420750000E+9	1.614200000E-5
1.420753333E+9	1.611405000E-5
1.420756667E+9	1.621611000E-5
1.420760000E+9	1.696889000E-5
1.420763333E+9	1.665914000E-5
1.420766667E+9	1.625863000E-5
1.420770000E+9	1.630817000E-5
1.420773333E+9	1.607830000E-5
1.420776667E+9	1.609506000E-5
1.420780000E+9	1.617670000E-5
1.420783333E+9	1.582373000E-5
1.420786667E+9	1.606872000E-5
1.420790000E+9	1.575669000E-5
1.420793333E+9	1.604411000E-5
1.420796667E+9	1.666768000E-5
1.420800000E+9	1.619637000E-5
1.420803333E+9	1.601187000E-5
1.420806667E+9	1.560389000E-5
1.420810000E+9	1.582046000E-5
1.420813333E+9	1.582364000E-5
1.420816667E+9	1.553582000E-5
1.420820000E+9	1.551763000E-5
1.420823333E+9	1.562620000E-5
1.420826667E+9	1.544322000E-5
1.420830000E+9	1.564651000E-5
1.420833333E+9	1.564003000E-5
1.420836667E+9	1.566994000E-5
1.420840000E+9	1.592417000E-5
1.420843333E+9	1.567985000E-5
1.420846667E+9	1.587484000E-5
1.420850000E+9	1.551007000E-5
1.420853333E+9	1.553604000E-5
1.420856667E+9	1.549684000E-5
1.420860000E+9	1.541401000E-5
1.420863333E+9	1.564081000E-5
1.420866667E+9	1.533956000E-5
1.420870000E+9	1.569033000E-5
1.420873333E+9	1.552581000E-5
1.420876667E+9	1.505638000E-5
1.420880000E+9	1.506791000E-5
1.420883333E+9	1.696434000E-5
1.420886667E+9	1.588914000E-5
1.420890000E+9	1.537558000E-5
1.420893333E+9	1.484774000E-5
1.420896667E+9	1.561985000E-5
1.420900000E+9	1.632184000E-5
1.420903333E+9	1.526156000E-5
1.420906667E+9	1.551889000E-5
1.420910000E+9	1.595453000E-5
1.420913333E+9	1.564118000E-5
1.420916667E+9	1.561025000E-5
1.420920000E+9	1.606974000E-5
1.420923333E+9	1.530921000E-5
1.420926667E+9	1.541342000E-5
1.420930000E+9	1.529753000E-5
1.420933333E+9	1.528536000E-5
1.420936667E+9	1.543551000E-5
1.420940000E+9	1.529745000E-5
1.420943333E+9	1.542014000E-5
1.420946667E+9	1.615753000E-5
1.420950000E+9	1.557988000E-5
1.420953333E+9	1.543246000E-5
1.420956667E+9	1.509536000E-5
1.420960000E+9	1.513134000E-5
1.420963333E+9	1.516620000E-5
1.420966667E+9	1.525510000E-5
1.420970000E+9	1.538723000E-5
1.420973333E+9	1.523665000E-5
1.420976667E+9	1.534977000E-5
1.420980000E+9	1.498503000E-5
1.420983333E+9	1.570348000E-5
1.420986667E+9	1.525739000E-5
1.420990000E+9	1.518781000E-5
1.420993333E+9	1.573311000E-5
1.420996667E+9	1.485097000E-5
1.421000000E+9	1.541655000E-5
1.421003333E+9	1.530827000E-5
1.421006667E+9	1.489084000E-5
1.421010000E+9	1.497541000E-5
1.421013333E+9	1.562622000E-5
1.421016667E+9	1.539472000E-5
1.421020000E+9	1.527279000E-5
1.421023333E+9	1.545365000E-5
1.421026667E+9	1.491624000E-5
1.421030000E+9	1.489554000E-5
1.421033333E+9	1.557030000E-5
1.421036667E+9	1.514749000E-5
1.421040000E+9	1.519055000E-5
1.421043333E+9	1.519053000E-5
1.421046667E+9	1.524458000E-5
1.421050000E+9	1.543715000E-5
1.421053333E+9	1.507351000E-5
1.421056667E+9	1.522237000E-5
1.421060000E+9	1.555026000E-5
1.421063333E+9	1.510249000E-5
1.421066667E+9	1.536309000E-5
1.421070000E+9	1.523222000E-5
1.421073333E+9	1.492994000E-5
1.421076667E+9	1.504927000E-5
1.421080000E+9	1.508853000E-5
1.421083333E+9	1.498018000E-5
1.421086667E+9	1.529953000E-5
1.421090000E+9	1.528670000E-5
1.421093333E+9	1.538279000E-5
1.421096667E+9	1.588991000E-5
1.421100000E+9	1.526632000E-5
1.421103333E+9	1.513426000E-5
1.421106667E+9	1.533527000E-5
1.421110000E+9	1.503462000E-5
1.421113333E+9	1.517279000E-5
1.421116667E+9	1.489982000E-5
1.421120000E+9	1.527865000E-5
1.421123333E+9	1.522488000E-5
1.421126667E+9	1.536350000E-5
1.421130000E+9	1.540931000E-5
1.421133333E+9	1.585152000E-5
1.421136667E+9	1.562589000E-5
1.421140000E+9	1.534374000E-5
1.421143333E+9	1.519730000E-5
1.421146667E+9	1.536221000E-5
1.421150000E+9	1.514320000E-5
1.421153333E+9	1.537435000E-5
1.421156667E+9	1.527479000E-5
1.421160000E+9	1.525724000E-5
1.421163333E+9	1.504394000E-5
1.421166667E+9	1.522907000E-5
1.421170000E+9	1.514277000E-5
1.421173333E+9	1.522148000E-5
1.421176667E+9	1.626400000E-5
1.421180000E+9	1.673476000E-5
1.421183333E+9	1.530114000E-5
1.421186667E+9	1.525402000E-5
1.421190000E+9	1.527046000E-5
1.421193333E+9	1.525635000E-5
1.421196667E+9	1.539820000E-5
1.421200000E+9	1.533442000E-5
1.421203333E+9	1.510537000E-5
1.421206667E+9	1.552513000E-5
1.421210000E+9	1.515516000E-5
1.421213333E+9	1.559848000E-5
1.421216667E+9	1.506817000E-5
1.421220000E+9	1.511978000E-5
1.421223333E+9	1.523652000E-5
1.421226667E+9	1.512222000E-5
1.421230000E+9	1.512668000E-5
1.421233333E+9	1.527757000E-5
1.421236667E+9	1.517586000E-5
1.421240000E+9	1.508176000E-5
1.421243333E+9	1.542949000E-5
1.421246667E+9	1.548562000E-5
1.421250000E+9	1.482744000E-5
1.421253333E+9	1.513237000E-5
1.421256667E+9	1.525786000E-5
1.421260000E+9	1.521563000E-5
1.421263333E+9	1.486448000E-5
1.421266667E+9	1.474267000E-5
1.421270000E+9	1.512668000E-5
1.421273333E+9	1.552556000E-5
1.421276667E+9	1.516147000E-5
1.421280000E+9	1.521597000E-5
1.421283333E+9	1.520628000E-5
1.421286667E+9	1.489954000E-5
1.421290000E+9	1.508732000E-5
1.421293333E+9	1.508080000E-5
1.421296667E+9	1.513125000E-5
1.421300000E+9	1.513129000E-5
1.421303333E+9	1.473175000E-5
1.421306667E+9	1.529439000E-5
1.421310000E+9	1.503829000E-5
1.421313333E+9	1.525362000E-5
1.421316667E+9	1.533853000E-5
1.421320000E+9	1.535742000E-5
1.421323333E+9	1.494114000E-5
1.421326667E+9	1.503306000E-5
1.421330000E+9	1.514643000E-5
1.421333333E+9	1.524329000E-5
1.421336667E+9	1.507454000E-5
1.421340000E+9	1.522620000E-5
1.421343333E+9	1.518408000E-5
1.421346667E+9	1.510713000E-5
1.421350000E+9	1.515773000E-5
1.421353333E+9	1.497768000E-5
1.421356667E+9	1.506405000E-5
1.421360000E+9	1.517216000E-5
1.421363333E+9	1.505367000E-5
1.421366667E+9	1.553876000E-5
1.421370000E+9	1.523484000E-5
1.421373333E+9	1.496138000E-5
1.421376667E+9	1.471358000E-5
1.421380000E+9	1.534940000E-5
1.421383333E+9	1.500054000E-5
1.421386667E+9	1.516783000E-5
1.421390000E+9	1.528249000E-5
1.421393333E+9	1.527670000E-5
1.421396667E+9	1.535398000E-5
1.421400000E+9	1.542997000E-5
