Frequency, Hz	Amplitude, Volts
1.419400000E+9	1.519785000E-5
1.419403333E+9	1.511692000E-5
1.419406667E+9	1.497845000E-5
1.419410000E+9	1.506326000E-5
1.419413333E+9	1.590387000E-5
1.419416667E+9	1.549618000E-5
1.419420000E+9	1.503142000E-5
1.419423333E+9	1.516806000E-5
1.419426667E+9	1.491925000E-5
1.419430000E+9	1.497198000E-5
1.419433333E+9	1.520570000E-5
1.419436667E+9	1.525721000E-5
1.419440000E+9	1.530470000E-5
1.419443333E+9	1.503101000E-5
1.419446667E+9	1.543759000E-5
1.419450000E+9	1.537978000E-5
1.419453333E+9	1.536979000E-5
1.419456667E+9	1.508555000E-5
1.419460000E+9	1.516553000E-5
1.419463333E+9	1.500934000E-5
1.419466667E+9	1.514387000E-5
1.419470000E+9	1.507026000E-5
1.419473333E+9	1.521796000E-5
1.419476667E+9	1.492089000E-5
1.419480000E+9	1.484376000E-5
1.419483333E+9	1.501359000E-5
1.419486667E+9	1.497466000E-5
1.419490000E+9	1.504313000E-5
1.419493333E+9	1.547435000E-5
1.419496667E+9	1.526874000E-5
1.419500000E+9	1.520647000E-5
1.419503333E+9	1.532283000E-5
1.419506667E+9	1.498151000E-5
1.419510000E+9	1.504942000E-5
1.419513333E+9	1.492096000E-5
1.419516667E+9	1.517038000E-5
1.419520000E+9	1.533963000E-5
1.419523333E+9	1.517548000E-5
1.419526667E+9	1.489503000E-5
1.419530000E+9	1.523419000E-5
1.419533333E+9	1.504684000E-5
1.419536667E+9	1.524487000E-5
1.419540000E+9	1.535338000E-5
1.419543333E+9	1.496530000E-5
1.419546667E+9	1.511264000E-5
1.419550000E+9	1.533998000E-5
1.419553333E+9	1.498507000E-5
1.419556667E+9	1.509707000E-5
1.419560000E+9	1.508530000E-5
1.419563333E+9	1.542151000E-5
1.419566667E+9	1.535329000E-5
1.419570000E+9	1.514626000E-5
1.419573333E+9	1.488061000E-5
1.419576667E+9	1.509515000E-5
1.419580000E+9	1.513147000E-5
1.419583333E+9	1.500474000E-5
1.419586667E+9	1.512662000E-5
1.419590000E+9	1.491074000E-5
1.419593333E+9	1.503160000E-5
1.419596667E+9	1.486565000E-5
1.419600000E+9	1.522666000E-5
1.419603333E+9	1.526563000E-5
1.419606667E+9	1.496926000E-5
1.419610000E+9	1.501865000E-5
1.419613333E+9	1.520047000E-5
1.419616667E+9	1.519922000E-5
1.419620000E+9	1.517558000E-5
1.419623333E+9	1.521844000E-5
1.419626667E+9	1.505411000E-5
1.419630000E+9	1.516368000E-5
1.419633333E+9	1.512893000E-5
1.419636667E+9	1.530904000E-5
1.419640000E+9	1.531025000E-5
1.419643333E+9	1.524505000E-5
1.419646667E+9	1.538672000E-5
1.419650000E+9	1.494630000E-5
1.419653333E+9	1.533833000E-5
1.419656667E+9	1.500501000E-5
1.419660000E+9	1.525384000E-5
1.419663333E+9	1.499861000E-5
1.419666667E+9	1.493390000E-5
1.419670000E+9	1.506291000E-5
1.419673333E+9	1.507539000E-5
1.419676667E+9	1.514957000E-5
1.419680000E+9	1.507204000E-5
1.419683333E+9	1.485324000E-5
1.419686667E+9	1.499344000E-5
1.419690000E+9	1.479848000E-5
1.419693333E+9	1.507676000E-5
1.419696667E+9	1.512126000E-5
1.419700000E+9	1.481085000E-5
1.419703333E+9	1.499661000E-5
1.419706667E+9	1.530921000E-5
1.419710000E+9	1.511279000E-5
1.419713333E+9	1.529733000E-5
1.419716667E+9	1.531676000E-5
1.419720000E+9	1.505094000E-5
1.419723333E+9	1.500601000E-5
1.419726667E+9	1.500937000E-5
1.419730000E+9	1.509543000E-5
1.419733333E+9	1.567450000E-5
1.419736667E+9	1.499552000E-5
1.419740000E+9	1.512047000E-5
1.419743333E+9	1.539472000E-5
1.419746667E+9	1.512122000E-5
1.419750000E+9	1.558610000E-5
1.419753333E+9	1.547219000E-5
1.419756667E+9	1.514556000E-5
1.419760000E+9	1.502744000E-5
1.419763333E+9	1.480322000E-5
1.419766667E+9	1.513125000E-5
1.419770000E+9	1.494004000E-5
1.419773333E+9	1.510985000E-5
1.419776667E+9	1.503887000E-5
1.419780000E+9	1.559179000E-5
1.419783333E+9	1.542119000E-5
1.419786667E+9	1.524138000E-5
1.419790000E+9	1.512164000E-5
1.419793333E+9	1.502443000E-5
1.419796667E+9	1.488643000E-5
1.419800000E+9	1.526726000E-5
1.419803333E+9	1.558429000E-5
1.419806667E+9	1.498327000E-5
1.419810000E+9	1.491585000E-5
1.419813333E+9	1.513180000E-5
1.419816667E+9	1.530465000E-5
1.419820000E+9	1.527897000E-5
1.419823333E+9	1.524410000E-5
1.419826667E+9	1.509342000E-5
1.419830000E+9	1.509669000E-5
1.419833333E+9	1.485519000E-5
1.419836667E+9	1.505610000E-5
1.419840000E+9	1.505246000E-5
1.419843333E+9	1.513311000E-5
1.419846667E+9	1.496435000E-5
1.419850000E+9	1.471736000E-5
1.419853333E+9	1.561826000E-5
1.419856667E+9	1.507065000E-5
1.419860000E+9	1.492863000E-5
1.419863333E+9	1.516573000E-5
1.419866667E+9	1.498959000E-5
1.419870000E+9	1.521948000E-5
1.419873333E+9	1.483875000E-5
1.419876667E+9	1.540326000E-5
1.419880000E+9	1.506688000E-5
1.419883333E+9	1.506698000E-5
1.419886667E+9	1.509359000E-5
1.419890000E+9	1.517378000E-5
1.419893333E+9	1.480805000E-5
1.419896667E+9	1.518366000E-5
1.419900000E+9	1.571324000E-5
1.419903333E+9	1.511701000E-5
1.419906667E+9	1.491265000E-5
1.419910000E+9	1.476506000E-5
1.419913333E+9	1.499621000E-5
1.419916667E+9	1.509385000E-5
1.419920000E+9	1.512109000E-5
1.419923333E+9	1.536655000E-5
1.419926667E+9	1.494933000E-5
1.419930000E+9	1.512436000E-5
1.419933333E+9	1.491535000E-5
1.419936667E+9	1.531366000E-5
1.419940000E+9	1.512263000E-5
1.419943333E+9	1.500006000E-5
1.419946667E+9	1.514289000E-5
1.419950000E+9	1.492515000E-5
1.419953333E+9	1.504463000E-5
1.419956667E+9	1.509077000E-5
1.419960000E+9	1.532385000E-5
1.419963333E+9	1.523665000E-5
1.419966667E+9	1.503282000E-5
1.419970000E+9	1.551753000E-5
1.419973333E+9	1.531243000E-5
1.419976667E+9	1.521159000E-5
1.419980000E+9	1.601530000E-5
1.419983333E+9	1.508515000E-5
1.419986667E+9	1.498130000E-5
1.419990000E+9	1.519674000E-5
1.419993333E+9	1.522740000E-5
1.419996667E+9	1.497074000E-5
1.420000000E+9	1.548783000E-5
1.420003333E+9	1.544190000E-5
1.420006667E+9	1.462657000E-5
1.420010000E+9	1.526020000E-5
1.420013333E+9	1.532663000E-5
1.420016667E+9	1.503258000E-5
1.420020000E+9	1.517208000E-5
1.420023333E+9	1.488620000E-5
1.420026667E+9	1.520655000E-5
1.420030000E+9	1.493361000E-5
1.420033333E+9	1.515451000E-5
1.420036667E+9	1.505274000E-5
1.420040000E+9	1.502584000E-5
1.420043333E+9	1.501270000E-5
1.420046667E+9	1.473460000E-5
1.420050000E+9	1.501730000E-5
1.420053333E+9	1.482840000E-5
1.420056667E+9	1.513278000E-5
1.420060000E+9	1.500641000E-5
1.420063333E+9	1.500211000E-5
1.420066667E+9	1.487437000E-5
1.420070000E+9	1.505081000E-5
1.420073333E+9	1.475388000E-5
1.420076667E+9	1.507507000E-5
1.420080000E+9	1.513798000E-5
1.420083333E+9	1.528843000E-5
1.420086667E+9	1.502972000E-5
1.420090000E+9	1.509094000E-5
1.420093333E+9	1.514829000E-5
1.420096667E+9	1.503827000E-5
1.420100000E+9	1.486278000E-5
1.420103333E+9	1.514861000E-5
1.420106667E+9	1.505259000E-5
1.420110000E+9	1.494499000E-5
1.420113333E+9	1.503152000E-5
1.420116667E+9	1.498235000E-5
1.420120000E+9	1.505089000E-5
1.420123333E+9	1.531654000E-5
1.420126667E+9	1.478553000E-5
1.420130000E+9	1.496217000E-5
1.420133333E+9	1.508048000E-5
1.420136667E+9	1.507351000E-5
1.420140000E+9	1.492155000E-5
1.420143333E+9	1.480829000E-5
1.420146667E+9	1.479292000E-5
1.420150000E+9	1.503126000E-5
1.420153333E+9	1.497009000E-5
1.420156667E+9	1.522341000E-5
1.420160000E+9	1.531941000E-5
1.420163333E+9	1.521729000E-5
1.420166667E+9	1.508656000E-5
1.420170000E+9	1.492377000E-5
1.420173333E+9	1.507021000E-5
1.420176667E+9	1.490196000E-5
1.420180000E+9	1.507899000E-5
1.420183333E+9	1.509304000E-5
1.420186667E+9	1.505902000E-5
1.420190000E+9	1.497370000E-5
1.420193333E+9	1.491154000E-5
1.420196667E+9	1.543905000E-5
1.420200000E+9	1.519850000E-5
1.420203333E+9	1.521173000E-5
1.420206667E+9	1.497452000E-5
1.420210000E+9	1.514864000E-5
1.420213333E+9	1.515906000E-5
1.420216667E+9	1.532061000E-5
1.420220000E+9	1.520386000E-5
1.420223333E+9	1.478099000E-5
1.420226667E+9	1.557076000E-5
1.420230000E+9	1.509770000E-5
1.420233333E+9	1.495666000E-5
1.420236667E+9	1.515563000E-5
1.420240000E+9	1.502250000E-5
1.420243333E+9	1.514563000E-5
1.420246667E+9	1.482660000E-5
1.420250000E+9	1.495790000E-5
1.420253333E+9	1.511118000E-5
1.420256667E+9	1.503423000E-5
1.420260000E+9	1.516921000E-5
1.420263333E+9	1.492304000E-5
1.420266667E+9	1.547423000E-5
1.420270000E+9	1.486583000E-5
1.420273333E+9	1.521433000E-5
1.420276667E+9	1.498275000E-5
1.420280000E+9	1.484869000E-5
1.420283333E+9	1.513732000E-5
1.420286667E+9	1.496657000E-5
1.420290000E+9	1.466090000E-5
1.420293333E+9	1.476801000E-5
1.420296667E+9	1.583911000E-5
1.420300000E+9	1.517079000E-5
1.420303333E+9	1.526463000E-5
1.420306667E+9	1.545192000E-5
1.420310000E+9	1.525017000E-5
1.420313333E+9	1.505894000E-5
1.420316667E+9	1.512089000E-5
1.420320000E+9	1.529980000E-5
1.420323333E+9	1.487411000E-5
1.420326667E+9	1.535083000E-5
1.420330000E+9	1.539325000E-5
1.420333333E+9	1.524575000E-5
1.420336667E+9	1.519642000E-5
1.420340000E+9	1.509211000E-5
1.420343333E+9	1.494767000E-5
1.420346667E+9	1.549950000E-5
1.420350000E+9	1.522091000E-5
1.420353333E+9	1.515395000E-5
1.420356667E+9	1.483554000E-5
1.420360000E+9	1.484738000E-5
1.420363333E+9	1.513667000E-5
1.420366667E+9	1.512484000E-5
1.420370000E+9	1.508290000E-5
1.420373333E+9	1.536447000E-5
1.420376667E+9	1.542974000E-5
1.420380000E+9	1.518184000E-5
1.420383333E+9	1.529997000E-5
1.420386667E+9	1.548108000E-5
1.420390000E+9	1.522859000E-5
1.420393333E+9	1.536832000E-5
1.420396667E+9	1.531097000E-5
1.420400000E+9	1.552124000E-5
1.420403333E+9	1.537343000E-5
1.420406667E+9	1.524025000E-5
1.420410000E+9	1.536761000E-5
1.420413333E+9	1.545567000E-5
1.420416667E+9	1.602129000E-5
1.420420000E+9	1.569723000E-5
1.420423333E+9	1.597197000E-5
1.420426667E+9	1.577996000E-5
1.420430000E+9	1.576498000E-5
1.420433333E+9	1.593022000E-5
1.420436667E+9	1.594674000E-5
1.420440000E+9	1.640969000E-5
1.420443333E+9	1.639139000E-5
1.420446667E+9	1.666329000E-5
1.420450000E+9	1.677199000E-5
1.420453333E+9	1.690152000E-5
1.420456667E+9	1.682767000E-5
1.420460000E+9	1.705016000E-5
1.420463333E+9	1.693691000E-5
1.420466667E+9	1.703770000E-5
1.420470000E+9	1.710948000E-5
1.420473333E+9	1.686383000E-5
1.420476667E+9	1.715183000E-5
1.420480000E+9	1.701835000E-5
1.420483333E+9	1.705836000E-5
1.420486667E+9	1.646757000E-5
1.420490000E+9	1.709710000E-5
1.420493333E+9	1.665310000E-5
1.420496667E+9	1.702943000E-5
1.420500000E+9	1.705795000E-5
1.420503333E+9	1.654268000E-5
1.420506667E+9	1.645567000E-5
1.420510000E+9	1.683559000E-5
1.420513333E+9	1.666007000E-5
1.420516667E+9	1.655960000E-5
1.420520000E+9	1.675452000E-5
1.420523333E+9	1.620217000E-5
1.420526667E+9	1.611904000E-5
1.420530000E+9	1.635087000E-5
1.420533333E+9	1.621646000E-5
1.420536667E+9	1.628088000E-5
1.420540000E+9	1.622731000E-5
1.420543333E+9	1.628534000E-5
1.420546667E+9	1.614965000E-5
1.420550000E+9	1.645457000E-5
1.420553333E+9	1.620317000E-5
1.420556667E+9	1.604756000E-5
1.420560000E+9	1.603449000E-5
1.420563333E+9	1.582444000E-5
1.420566667E+9	1.574265000E-5
1.420570000E+9	1.589057000E-5
1.420573333E+9	1.597853000E-5
1.420576667E+9	1.568600000E-5
1.420580000E+9	1.620811000E-5
1.420583333E+9	1.600196000E-5
1.420586667E+9	1.594336000E-5
1.420590000E+9	1.613071000E-5
1.420593333E+9	1.598699000E-5
1.420596667E+9	1.606105000E-5
1.420600000E+9	1.570253000E-5
1.420603333E+9	1.565293000E-5
1.420606667E+9	1.589893000E-5
1.420610000E+9	1.634874000E-5
1.420613333E+9	1.645132000E-5
1.420616667E+9	1.629092000E-5
1.420620000E+9	1.657279000E-5
1.420623333E+9	1.649933000E-5
1.420626667E+9	1.597834000E-5
1.420630000E+9	1.594559000E-5
1.420633333E+9	1.560316000E-5
1.420636667E+9	1.631039000E-5
1.420640000E+9	1.628900000E-5
1.420643333E+9	1.616292000E-5
1.420646667E+9	1.654741000E-5
1.420650000E+9	1.638533000E-5
1.420653333E+9	1.603479000E-5
1.420656667E+9	1.588804000E-5
1.420660000E+9	1.581199000E-5
1.420663333E+9	1.598039000E-5
1.420666667E+9	1.600995000E-5
1.420670000E+9	1.606829000E-5
1.420673333E+9	1.608814000E-5
1.420676667E+9	1.593916000E-5
1.420680000E+9	1.623649000E-5
1.420683333E+9	1.626652000E-5
1.420686667E+9	1.586614000E-5
1.420690000E+9	1.606554000E-5
1.420693333E+9	1.608785000E-5
1.420696667E+9	1.614575000E-5
1.420700000E+9	1.569374000E-5
1.420703333E+9	1.581600000E-5
1.420706667E+9	1.579223000E-5
1.420710000E+9	1.583925000E-5
1.420713333E+9	1.640997000E-5
1.420716667E+9	1.636280000E-5
1.420720000E+9	1.633370000E-5
1.420723333E+9	1.638605000E-5
1.420726667E+9	1.600097000E-5
1.420730000E+9	1.620692000E-5
1.420733333E+9	1.618176000E-5
1.420736667E+9	1.615953000E-5
1.420740000E+9	1.629313000E-5
1.420743333E+9	1.599233000E-5
1.420746667E+9	1.625284000E-5
1.420750000E+9	1.601259000E-5
1.420753333E+9	1.605673000E-5
1.420756667E+9	1.654786000E-5
1.420760000E+9	1.678210000E-5
1.420763333E+9	1.652707000E-5
1.420766667E+9	1.604812000E-5
1.420770000E+9	1.627349000E-5
1.420773333E+9	1.612958000E-5
1.420776667E+9	1.645811000E-5
1.420780000E+9	1.610038000E-5
1.420783333E+9	1.650901000E-5
1.420786667E+9	1.579214000E-5
1.420790000E+9	1.615134000E-5
1.420793333E+9	1.653920000E-5
1.420796667E+9	1.722574000E-5
1.420800000E+9	1.630609000E-5
1.420803333E+9	1.610425000E-5
1.420806667E+9	1.607272000E-5
1.420810000E+9	1.619812000E-5
1.420813333E+9	1.609165000E-5
1.420816667E+9	1.572577000E-5
1.420820000E+9	1.571495000E-5
1.420823333E+9	1.601964000E-5
1.420826667E+9	1.553234000E-5
1.420830000E+9	1.573665000E-5
1.420833333E+9	1.639065000E-5
1.420836667E+9	1.561869000E-5
1.420840000E+9	1.570315000E-5
1.420843333E+9	1.587194000E-5
1.420846667E+9	1.528026000E-5
1.420850000E+9	1.558119000E-5
1.420853333E+9	1.538247000E-5
1.420856667E+9	1.577116000E-5
1.420860000E+9	1.533956000E-5
1.420863333E+9	1.560360000E-5
1.420866667E+9	1.524302000E-5
1.420870000E+9	1.568309000E-5
1.420873333E+9	1.550004000E-5
1.420876667E+9	1.560933000E-5
1.420880000E+9	1.550067000E-5
1.420883333E+9	1.668152000E-5
1.420886667E+9	1.624474000E-5
1.420890000E+9	1.535891000E-5
1.420893333E+9	1.538564000E-5
1.420896667E+9	1.591935000E-5
1.420900000E+9	1.586019000E-5
1.420903333E+9	1.651397000E-5
1.420906667E+9	1.675561000E-5
1.420910000E+9	1.605840000E-5
1.420913333E+9	1.734432000E-5
1.420916667E+9	1.609374000E-5
1.420920000E+9	1.598833000E-5
1.420923333E+9	1.537538000E-5
1.420926667E+9	1.532014000E-5
1.420930000E+9	1.548550000E-5
1.420933333E+9	1.536439000E-5
1.420936667E+9	1.575700000E-5
1.420940000E+9	1.588206000E-5
1.420943333E+9	1.622131000E-5
1.420946667E+9	1.586654000E-5
1.420950000E+9	1.541955000E-5
1.420953333E+9	1.520642000E-5
1.420956667E+9	1.553652000E-5
1.420960000E+9	1.562491000E-5
1.420963333E+9	1.555441000E-5
1.420966667E+9	1.530583000E-5
1.420970000E+9	1.518104000E-5
1.420973333E+9	1.535709000E-5
1.420976667E+9	1.528484000E-5
1.420980000E+9	1.534315000E-5
1.420983333E+9	1.542719000E-5
1.420986667E+9	1.536702000E-5
1.420990000E+9	1.542068000E-5
1.420993333E+9	1.526099000E-5
1.420996667E+9	1.503837000E-5
1.421000000E+9	1.535817000E-5
1.421003333E+9	1.512082000E-5
1.421006667E+9	1.498229000E-5
1.421010000E+9	1.506404000E-5
1.421013333E+9	1.497245000E-5
1.421016667E+9	1.513758000E-5
1.421020000E+9	1.544793000E-5
1.421023333E+9	1.516194000E-5
1.421026667E+9	1.508292000E-5
1.421030000E+9	1.505038000E-5
1.421033333E+9	1.499542000E-5
1.421036667E+9	1.514724000E-5
1.421040000E+9	1.520520000E-5
1.421043333E+9	1.537203000E-5
1.421046667E+9	1.519750000E-5
1.421050000E+9	1.525479000E-5
1.421053333E+9	1.515082000E-5
1.421056667E+9	1.561443000E-5
1.421060000E+9	1.541153000E-5
1.421063333E+9	1.516397000E-5
1.421066667E+9	1.511161000E-5
1.421070000E+9	1.488540000E-5
1.421073333E+9	1.488658000E-5
1.421076667E+9	1.549336000E-5
1.421080000E+9	1.508665000E-5
1.421083333E+9	1.525287000E-5
1.421086667E+9	1.518911000E-5
1.421090000E+9	1.492115000E-5
1.421093333E+9	1.533823000E-5
1.421096667E+9	1.523004000E-5
1.421100000E+9	1.494711000E-5
1.421103333E+9	1.513429000E-5
1.421106667E+9	1.487535000E-5
1.421110000E+9	1.536773000E-5
1.421113333E+9	1.517579000E-5
1.421116667E+9	1.511123000E-5
1.421120000E+9	1.487731000E-5
1.421123333E+9	1.488855000E-5
1.421126667E+9	1.496683000E-5
1.421130000E+9	1.528526000E-5
1.421133333E+9	1.527569000E-5
1.421136667E+9	1.539270000E-5
1.421140000E+9	1.494589000E-5
1.421143333E+9	1.494663000E-5
1.421146667E+9	1.466724000E-5
1.421150000E+9	1.520039000E-5
1.421153333E+9	1.468303000E-5
1.421156667E+9	1.498787000E-5
1.421160000E+9	1.489305000E-5
1.421163333E+9	1.519799000E-5
1.421166667E+9	1.503812000E-5
1.421170000E+9	1.537472000E-5
1.421173333E+9	1.500932000E-5
1.421176667E+9	1.577502000E-5
1.421180000E+9	1.687369000E-5
1.421183333E+9	1.513275000E-5
1.421186667E+9	1.495473000E-5
1.421190000E+9	1.527390000E-5
1.421193333E+9	1.473536000E-5
1.421196667E+9	1.517183000E-5
1.421200000E+9	1.527021000E-5
1.421203333E+9	1.500888000E-5
1.421206667E+9	1.577809000E-5
1.421210000E+9	1.528178000E-5
1.421213333E+9	1.483536000E-5
1.421216667E+9	1.492822000E-5
1.421220000E+9	1.491535000E-5
1.421223333E+9	1.476347000E-5
1.421226667E+9	1.487305000E-5
1.421230000E+9	1.500934000E-5
1.421233333E+9	1.513729000E-5
1.421236667E+9	1.474181000E-5
1.421240000E+9	1.493289000E-5
1.421243333E+9	1.527491000E-5
1.421246667E+9	1.508421000E-5
1.421250000E+9	1.498268000E-5
1.421253333E+9	1.501948000E-5
1.421256667E+9	1.511632000E-5
1.421260000E+9	1.482098000E-5
1.421263333E+9	1.489130000E-5
1.421266667E+9	1.507112000E-5
1.421270000E+9	1.489724000E-5
1.421273333E+9	1.517416000E-5
1.421276667E+9	1.499285000E-5
1.421280000E+9	1.527670000E-5
1.421283333E+9	1.506994000E-5
1.421286667E+9	1.476955000E-5
1.421290000E+9	1.465359000E-5
1.421293333E+9	1.510610000E-5
1.421296667E+9	1.514497000E-5
1.421300000E+9	1.507525000E-5
1.421303333E+9	1.489329000E-5
1.421306667E+9	1.494247000E-5
1.421310000E+9	1.506532000E-5
1.421313333E+9	1.501374000E-5
1.421316667E+9	1.525731000E-5
1.421320000E+9	1.498712000E-5
1.421323333E+9	1.486812000E-5
1.421326667E+9	1.491208000E-5
1.421330000E+9	1.486381000E-5
1.421333333E+9	1.502007000E-5
1.421336667E+9	1.518499000E-5
1.421340000E+9	1.491093000E-5
1.421343333E+9	1.480831000E-5
1.421346667E+9	1.486461000E-5
1.421350000E+9	1.492620000E-5
1.421353333E+9	1.496854000E-5
1.421356667E+9	1.563571000E-5
1.421360000E+9	1.486653000E-5
1.421363333E+9	1.472688000E-5
1.421366667E+9	1.525840000E-5
1.421370000E+9	1.478964000E-5
1.421373333E+9	1.521169000E-5
1.421376667E+9	1.520420000E-5
1.421380000E+9	1.517213000E-5
1.421383333E+9	1.481067000E-5
1.421386667E+9	1.494919000E-5
1.421390000E+9	1.489230000E-5
1.421393333E+9	1.533508000E-5
1.421396667E+9	1.516610000E-5
1.421400000E+9	1.500980000E-5
