Frequency, Hz	Amplitude, Volts
1.419400000E+9	1.527135000E-5
1.419403333E+9	1.496560000E-5
1.419406667E+9	1.511088000E-5
1.419410000E+9	1.521801000E-5
1.419413333E+9	1.590773000E-5
1.419416667E+9	1.569291000E-5
1.419420000E+9	1.543885000E-5
1.419423333E+9	1.519106000E-5
1.419426667E+9	1.519387000E-5
1.419430000E+9	1.534259000E-5
1.419433333E+9	1.564416000E-5
1.419436667E+9	1.520991000E-5
1.419440000E+9	1.529899000E-5
1.419443333E+9	1.511634000E-5
1.419446667E+9	1.519248000E-5
1.419450000E+9	1.577109000E-5
1.419453333E+9	1.563811000E-5
1.419456667E+9	1.560326000E-5
1.419460000E+9	1.520289000E-5
1.419463333E+9	1.535048000E-5
1.419466667E+9	1.521958000E-5
1.419470000E+9	1.502047000E-5
1.419473333E+9	1.520394000E-5
1.419476667E+9	1.508269000E-5
1.419480000E+9	1.534905000E-5
1.419483333E+9	1.516986000E-5
1.419486667E+9	1.539861000E-5
1.419490000E+9	1.550660000E-5
1.419493333E+9	1.543302000E-5
1.419496667E+9	1.541308000E-5
1.419500000E+9	1.530591000E-5
1.419503333E+9	1.530600000E-5
1.419506667E+9	1.552965000E-5
1.419510000E+9	1.514179000E-5
1.419513333E+9	1.511355000E-5
1.419516667E+9	1.522043000E-5
1.419520000E+9	1.544922000E-5
1.419523333E+9	1.533752000E-5
1.419526667E+9	1.512358000E-5
1.419530000E+9	1.512184000E-5
1.419533333E+9	1.495973000E-5
1.419536667E+9	1.540914000E-5
1.419540000E+9	1.512507000E-5
1.419543333E+9	1.523491000E-5
1.419546667E+9	1.533820000E-5
1.419550000E+9	1.531106000E-5
1.419553333E+9	1.513606000E-5
1.419556667E+9	1.539558000E-5
1.419560000E+9	1.503690000E-5
1.419563333E+9	1.493940000E-5
1.419566667E+9	1.527831000E-5
1.419570000E+9	1.525268000E-5
1.419573333E+9	1.545472000E-5
1.419576667E+9	1.517951000E-5
1.419580000E+9	1.550722000E-5
1.419583333E+9	1.545255000E-5
1.419586667E+9	1.527103000E-5
1.419590000E+9	1.512170000E-5
1.419593333E+9	1.528074000E-5
1.419596667E+9	1.542026000E-5
1.419600000E+9	1.500046000E-5
1.419603333E+9	1.560259000E-5
1.419606667E+9	1.534458000E-5
1.419610000E+9	1.527444000E-5
1.419613333E+9	1.536248000E-5
1.419616667E+9	1.530916000E-5
1.419620000E+9	1.495353000E-5
1.419623333E+9	1.521542000E-5
1.419626667E+9	1.516706000E-5
1.419630000E+9	1.533464000E-5
1.419633333E+9	1.538152000E-5
1.419636667E+9	1.557746000E-5
1.419640000E+9	1.559769000E-5
1.419643333E+9	1.537561000E-5
1.419646667E+9	1.512735000E-5
1.419650000E+9	1.510886000E-5
1.419653333E+9	1.509896000E-5
1.419656667E+9	1.511594000E-5
1.419660000E+9	1.499346000E-5
1.419663333E+9	1.539769000E-5
1.419666667E+9	1.541312000E-5
1.419670000E+9	1.546107000E-5
1.419673333E+9	1.517404000E-5
1.419676667E+9	1.530496000E-5
1.419680000E+9	1.535715000E-5
1.419683333E+9	1.488985000E-5
1.419686667E+9	1.512257000E-5
1.419690000E+9	1.514964000E-5
1.419693333E+9	1.513612000E-5
1.419696667E+9	1.505152000E-5
1.419700000E+9	1.525091000E-5
1.419703333E+9	1.496120000E-5
1.419706667E+9	1.554784000E-5
1.419710000E+9	1.536734000E-5
1.419713333E+9	1.557199000E-5
1.419716667E+9	1.539861000E-5
1.419720000E+9	1.507476000E-5
1.419723333E+9	1.506671000E-5
1.419726667E+9	1.532064000E-5
1.419730000E+9	1.543064000E-5
1.419733333E+9	1.545058000E-5
1.419736667E+9	1.531477000E-5
1.419740000E+9	1.504451000E-5
1.419743333E+9	1.565336000E-5
1.419746667E+9	1.510266000E-5
1.419750000E+9	1.529266000E-5
1.419753333E+9	1.584402000E-5
1.419756667E+9	1.518236000E-5
1.419760000E+9	1.561923000E-5
1.419763333E+9	1.538645000E-5
1.419766667E+9	1.513313000E-5
1.419770000E+9	1.514733000E-5
1.419773333E+9	1.520206000E-5
1.419776667E+9	1.507226000E-5
1.419780000E+9	1.532241000E-5
1.419783333E+9	1.557548000E-5
1.419786667E+9	1.520353000E-5
1.419790000E+9	1.553801000E-5
1.419793333E+9	1.504374000E-5
1.419796667E+9	1.504562000E-5
1.419800000E+9	1.511639000E-5
1.419803333E+9	1.533017000E-5
1.419806667E+9	1.531208000E-5
1.419810000E+9	1.490434000E-5
1.419813333E+9	1.539492000E-5
1.419816667E+9	1.541845000E-5
1.419820000E+9	1.542831000E-5
1.419823333E+9	1.526659000E-5
1.419826667E+9	1.525697000E-5
1.419830000E+9	1.560667000E-5
1.419833333E+9	1.518116000E-5
1.419836667E+9	1.496662000E-5
1.419840000E+9	1.522834000E-5
1.419843333E+9	1.518893000E-5
1.419846667E+9	1.533421000E-5
1.419850000E+9	1.523593000E-5
1.419853333E+9	1.552470000E-5
1.419856667E+9	1.532219000E-5
1.419860000E+9	1.491467000E-5
1.419863333E+9	1.535048000E-5
1.419866667E+9	1.529056000E-5
1.419870000E+9	1.547068000E-5
1.419873333E+9	1.534071000E-5
1.419876667E+9	1.535722000E-5
1.419880000E+9	1.542011000E-5
1.419883333E+9	1.528303000E-5
1.419886667E+9	1.530376000E-5
1.419890000E+9	1.542626000E-5
1.419893333E+9	1.504479000E-5
1.419896667E+9	1.504192000E-5
1.419900000E+9	1.503494000E-5
1.419903333E+9	1.555675000E-5
1.419906667E+9	1.528826000E-5
1.419910000E+9	1.505031000E-5
1.419913333E+9	1.506536000E-5
1.419916667E+9	1.522218000E-5
1.419920000E+9	1.539962000E-5
1.419923333E+9	1.527361000E-5
1.419926667E+9	1.522877000E-5
1.419930000E+9	1.530578000E-5
1.419933333E+9	1.518766000E-5
1.419936667E+9	1.577899000E-5
1.419940000E+9	1.543374000E-5
1.419943333E+9	1.528118000E-5
1.419946667E+9	1.497901000E-5
1.419950000E+9	1.513599000E-5
1.419953333E+9	1.533478000E-5
1.419956667E+9	1.512663000E-5
1.419960000E+9	1.514201000E-5
1.419963333E+9	1.535075000E-5
1.419966667E+9	1.513596000E-5
1.419970000E+9	1.491390000E-5
1.419973333E+9	1.549996000E-5
1.419976667E+9	1.532036000E-5
1.419980000E+9	1.622843000E-5
1.419983333E+9	1.519603000E-5
1.419986667E+9	1.473306000E-5
1.419990000E+9	1.548315000E-5
1.419993333E+9	1.559896000E-5
1.419996667E+9	1.524312000E-5
1.420000000E+9	1.648119000E-5
1.420003333E+9	1.702497000E-5
1.420006667E+9	1.522270000E-5
1.420010000E+9	1.548492000E-5
1.420013333E+9	1.507476000E-5
1.420016667E+9	1.521164000E-5
1.420020000E+9	1.562464000E-5
1.420023333E+9	1.535737000E-5
1.420026667E+9	1.542119000E-5
1.420030000E+9	1.521477000E-5
1.420033333E+9	1.515857000E-5
1.420036667E+9	1.538865000E-5
1.420040000E+9	1.525701000E-5
1.420043333E+9	1.499111000E-5
1.420046667E+9	1.492887000E-5
1.420050000E+9	1.522080000E-5
1.420053333E+9	1.535631000E-5
1.420056667E+9	1.512429000E-5
1.420060000E+9	1.560381000E-5
1.420063333E+9	1.520248000E-5
1.420066667E+9	1.529694000E-5
1.420070000E+9	1.523762000E-5
1.420073333E+9	1.531623000E-5
1.420076667E+9	1.539402000E-5
1.420080000E+9	1.508741000E-5
1.420083333E+9	1.514666000E-5
1.420086667E+9	1.542644000E-5
1.420090000E+9	1.510630000E-5
1.420093333E+9	1.476775000E-5
1.420096667E+9	1.525799000E-5
1.420100000E+9	1.510091000E-5
1.420103333E+9	1.498874000E-5
1.420106667E+9	1.512381000E-5
1.420110000E+9	1.548315000E-5
1.420113333E+9	1.545195000E-5
1.420116667E+9	1.526408000E-5
1.420120000E+9	1.503329000E-5
1.420123333E+9	1.530037000E-5
1.420126667E+9	1.565661000E-5
1.420130000E+9	1.512077000E-5
1.420133333E+9	1.514576000E-5
1.420136667E+9	1.522596000E-5
1.420140000E+9	1.522439000E-5
1.420143333E+9	1.512252000E-5
1.420146667E+9	1.521721000E-5
1.420150000E+9	1.522123000E-5
1.420153333E+9	1.544921000E-5
1.420156667E+9	1.574816000E-5
1.420160000E+9	1.541056000E-5
1.420163333E+9	1.546280000E-5
1.420166667E+9	1.519030000E-5
1.420170000E+9	1.530280000E-5
1.420173333E+9	1.548711000E-5
1.420176667E+9	1.501878000E-5
1.420180000E+9	1.526149000E-5
1.420183333E+9	1.544125000E-5
1.420186667E+9	1.505552000E-5
1.420190000E+9	1.522839000E-5
1.420193333E+9	1.532021000E-5
1.420196667E+9	1.492294000E-5
1.420200000E+9	1.564421000E-5
1.420203333E+9	1.532569000E-5
1.420206667E+9	1.517738000E-5
1.420210000E+9	1.502472000E-5
1.420213333E+9	1.507141000E-5
1.420216667E+9	1.521884000E-5
1.420220000E+9	1.540344000E-5
1.420223333E+9	1.527891000E-5
1.420226667E+9	1.521158000E-5
1.420230000E+9	1.539103000E-5
1.420233333E+9	1.502647000E-5
1.420236667E+9	1.508429000E-5
1.420240000E+9	1.511005000E-5
1.420243333E+9	1.517883000E-5
1.420246667E+9	1.507459000E-5
1.420250000E+9	1.516438000E-5
1.420253333E+9	1.537240000E-5
1.420256667E+9	1.526759000E-5
1.420260000E+9	1.509556000E-5
1.420263333E+9	1.515598000E-5
1.420266667E+9	1.549022000E-5
1.420270000E+9	1.514116000E-5
1.420273333E+9	1.531681000E-5
1.420276667E+9	1.528635000E-5
1.420280000E+9	1.519166000E-5
1.420283333E+9	1.517586000E-5
1.420286667E+9	1.530618000E-5
1.420290000E+9	1.532330000E-5
1.420293333E+9	1.529965000E-5
1.420296667E+9	1.587012000E-5
1.420300000E+9	1.527321000E-5
1.420303333E+9	1.538297000E-5
1.420306667E+9	1.545031000E-5
1.420310000E+9	1.542312000E-5
1.420313333E+9	1.557177000E-5
1.420316667E+9	1.523984000E-5
1.420320000E+9	1.531667000E-5
1.420323333E+9	1.488470000E-5
1.420326667E+9	1.486913000E-5
1.420330000E+9	1.531274000E-5
1.420333333E+9	1.537004000E-5
1.420336667E+9	1.533542000E-5
1.420340000E+9	1.519038000E-5
1.420343333E+9	1.512494000E-5
1.420346667E+9	1.528098000E-5
1.420350000E+9	1.514967000E-5
1.420353333E+9	1.539839000E-5
1.420356667E+9	1.525712000E-5
1.420360000E+9	1.500326000E-5
1.420363333E+9	1.516087000E-5
1.420366667E+9	1.530917000E-5
1.420370000E+9	1.505281000E-5
1.420373333E+9	1.536888000E-5
1.420376667E+9	1.540887000E-5
1.420380000E+9	1.501311000E-5
1.420383333E+9	1.507006000E-5
1.420386667E+9	1.557526000E-5
1.420390000E+9	1.531371000E-5
1.420393333E+9	1.543474000E-5
1.420396667E+9	1.541743000E-5
1.420400000E+9	1.541009000E-5
1.420403333E+9	1.530697000E-5
1.420406667E+9	1.502505000E-5
1.420410000E+9	1.507557000E-5
1.420413333E+9	1.515192000E-5
1.420416667E+9	1.532226000E-5
1.420420000E+9	1.542737000E-5
1.420423333E+9	1.554161000E-5
1.420426667E+9	1.560410000E-5
1.420430000E+9	1.527907000E-5
1.420433333E+9	1.518379000E-5
1.420436667E+9	1.549795000E-5
1.420440000E+9	1.561070000E-5
1.420443333E+9	1.542074000E-5
1.420446667E+9	1.526275000E-5
1.420450000E+9	1.545362000E-5
1.420453333E+9	1.564455000E-5
1.420456667E+9	1.526133000E-5
1.420460000E+9	1.567053000E-5
1.420463333E+9	1.571172000E-5
1.420466667E+9	1.551300000E-5
1.420470000E+9	1.565976000E-5
1.420473333E+9	1.590024000E-5
1.420476667E+9	1.595301000E-5
1.420480000E+9	1.633010000E-5
1.420483333E+9	1.641406000E-5
1.420486667E+9	1.669209000E-5
1.420490000E+9	1.666395000E-5
1.420493333E+9	1.681382000E-5
1.420496667E+9	1.685236000E-5
1.420500000E+9	1.725154000E-5
1.420503333E+9	1.751856000E-5
1.420506667E+9	1.694485000E-5
1.420510000E+9	1.760192000E-5
1.420513333E+9	1.719373000E-5
1.420516667E+9	1.698292000E-5
1.420520000E+9	1.707189000E-5
1.420523333E+9	1.693224000E-5
1.420526667E+9	1.747161000E-5
1.420530000E+9	1.689842000E-5
1.420533333E+9	1.714022000E-5
1.420536667E+9	1.709823000E-5
1.420540000E+9	1.706659000E-5
1.420543333E+9	1.718709000E-5
1.420546667E+9	1.701956000E-5
1.420550000E+9	1.708136000E-5
1.420553333E+9	1.678031000E-5
1.420556667E+9	1.661351000E-5
1.420560000E+9	1.690445000E-5
1.420563333E+9	1.690326000E-5
1.420566667E+9	1.714455000E-5
1.420570000E+9	1.658551000E-5
1.420573333E+9	1.689998000E-5
1.420576667E+9	1.686917000E-5
1.420580000E+9	1.697451000E-5
1.420583333E+9	1.695674000E-5
1.420586667E+9	1.688650000E-5
1.420590000E+9	1.652402000E-5
1.420593333E+9	1.667786000E-5
1.420596667E+9	1.626772000E-5
1.420600000E+9	1.652928000E-5
1.420603333E+9	1.640099000E-5
1.420606667E+9	1.622583000E-5
1.420610000E+9	1.639459000E-5
1.420613333E+9	1.677057000E-5
1.420616667E+9	1.618789000E-5
1.420620000E+9	1.623403000E-5
1.420623333E+9	1.660576000E-5
1.420626667E+9	1.648347000E-5
1.420630000E+9	1.652117000E-5
1.420633333E+9	1.662177000E-5
1.420636667E+9	1.660842000E-5
1.420640000E+9	1.718365000E-5
1.420643333E+9	1.676464000E-5
1.420646667E+9	1.713740000E-5
1.420650000E+9	1.724900000E-5
1.420653333E+9	1.708620000E-5
1.420656667E+9	1.712626000E-5
1.420660000E+9	1.701773000E-5
1.420663333E+9	1.743177000E-5
1.420666667E+9	1.717630000E-5
1.420670000E+9	1.711356000E-5
1.420673333E+9	1.702667000E-5
1.420676667E+9	1.734494000E-5
1.420680000E+9	1.745313000E-5
1.420683333E+9	1.720482000E-5
1.420686667E+9	1.726514000E-5
1.420690000E+9	1.716610000E-5
1.420693333E+9	1.730135000E-5
1.420696667E+9	1.738015000E-5
1.420700000E+9	1.710653000E-5
1.420703333E+9	1.707075000E-5
1.420706667E+9	1.730758000E-5
1.420710000E+9	1.707054000E-5
1.420713333E+9	1.692574000E-5
1.420716667E+9	1.670960000E-5
1.420720000E+9	1.661143000E-5
1.420723333E+9	1.687728000E-5
1.420726667E+9	1.654147000E-5
1.420730000E+9	1.635581000E-5
1.420733333E+9	1.640374000E-5
1.420736667E+9	1.611865000E-5
1.420740000E+9	1.641529000E-5
1.420743333E+9	1.611373000E-5
1.420746667E+9	1.635739000E-5
1.420750000E+9	1.613886000E-5
1.420753333E+9	1.652818000E-5
1.420756667E+9	1.591783000E-5
1.420760000E+9	1.685289000E-5
1.420763333E+9	1.666051000E-5
1.420766667E+9	1.620308000E-5
1.420770000E+9	1.595107000E-5
1.420773333E+9	1.628580000E-5
1.420776667E+9	1.579138000E-5
1.420780000E+9	1.624929000E-5
1.420783333E+9	1.615936000E-5
1.420786667E+9	1.610920000E-5
1.420790000E+9	1.603284000E-5
1.420793333E+9	1.606163000E-5
1.420796667E+9	1.663198000E-5
1.420800000E+9	1.635109000E-5
1.420803333E+9	1.572670000E-5
1.420806667E+9	1.569598000E-5
1.420810000E+9	1.584280000E-5
1.420813333E+9	1.572316000E-5
1.420816667E+9	1.571541000E-5
1.420820000E+9	1.557928000E-5
1.420823333E+9	1.550181000E-5
1.420826667E+9	1.540135000E-5
1.420830000E+9	1.521669000E-5
1.420833333E+9	1.581880000E-5
1.420836667E+9	1.565893000E-5
1.420840000E+9	1.562122000E-5
1.420843333E+9	1.600746000E-5
1.420846667E+9	1.567227000E-5
1.420850000E+9	1.576920000E-5
1.420853333E+9	1.582253000E-5
1.420856667E+9	1.559619000E-5
1.420860000E+9	1.573183000E-5
1.420863333E+9	1.563729000E-5
1.420866667E+9	1.584831000E-5
1.420870000E+9	1.556476000E-5
1.420873333E+9	1.600934000E-5
1.420876667E+9	1.562927000E-5
1.420880000E+9	1.540508000E-5
1.420883333E+9	1.678212000E-5
1.420886667E+9	1.604418000E-5
1.420890000E+9	1.538806000E-5
1.420893333E+9	1.539568000E-5
1.420896667E+9	1.589772000E-5
1.420900000E+9	1.613464000E-5
1.420903333E+9	1.561032000E-5
1.420906667E+9	1.597206000E-5
1.420910000E+9	1.605673000E-5
1.420913333E+9	1.625891000E-5
1.420916667E+9	1.582194000E-5
1.420920000E+9	1.651622000E-5
1.420923333E+9	1.525911000E-5
1.420926667E+9	1.551566000E-5
1.420930000E+9	1.562429000E-5
1.420933333E+9	1.562157000E-5
1.420936667E+9	1.533569000E-5
1.420940000E+9	1.529117000E-5
1.420943333E+9	1.533188000E-5
1.420946667E+9	1.618764000E-5
1.420950000E+9	1.560586000E-5
1.420953333E+9	1.548625000E-5
1.420956667E+9	1.522481000E-5
1.420960000E+9	1.530652000E-5
1.420963333E+9	1.536048000E-5
1.420966667E+9	1.543280000E-5
1.420970000E+9	1.506245000E-5
1.420973333E+9	1.537880000E-5
1.420976667E+9	1.542065000E-5
1.420980000E+9	1.553248000E-5
1.420983333E+9	1.552242000E-5
1.420986667E+9	1.526382000E-5
1.420990000E+9	1.547335000E-5
1.420993333E+9	1.585604000E-5
1.420996667E+9	1.526295000E-5
1.421000000E+9	1.535997000E-5
1.421003333E+9	1.546496000E-5
1.421006667E+9	1.521512000E-5
1.421010000E+9	1.536447000E-5
1.421013333E+9	1.582276000E-5
1.421016667E+9	1.547163000E-5
1.421020000E+9	1.547034000E-5
1.421023333E+9	1.547472000E-5
1.421026667E+9	1.537970000E-5
1.421030000E+9	1.531203000E-5
1.421033333E+9	1.510242000E-5
1.421036667E+9	1.544997000E-5
1.421040000E+9	1.513266000E-5
1.421043333E+9	1.515869000E-5
1.421046667E+9	1.506939000E-5
1.421050000E+9	1.523964000E-5
1.421053333E+9	1.538412000E-5
1.421056667E+9	1.588872000E-5
1.421060000E+9	1.589214000E-5
1.421063333E+9	1.519253000E-5
1.421066667E+9	1.515426000E-5
1.421070000E+9	1.505795000E-5
1.421073333E+9	1.486559000E-5
1.421076667E+9	1.524565000E-5
1.421080000E+9	1.560429000E-5
1.421083333E+9	1.534980000E-5
1.421086667E+9	1.515912000E-5
1.421090000E+9	1.539220000E-5
1.421093333E+9	1.557890000E-5
1.421096667E+9	1.612811000E-5
1.421100000E+9	1.554089000E-5
1.421103333E+9	1.534401000E-5
1.421106667E+9	1.535742000E-5
1.421110000E+9	1.542055000E-5
1.421113333E+9	1.556488000E-5
1.421116667E+9	1.546426000E-5
1.421120000E+9	1.532589000E-5
1.421123333E+9	1.527382000E-5
1.421126667E+9	1.515441000E-5
1.421130000E+9	1.553163000E-5
1.421133333E+9	1.545202000E-5
1.421136667E+9	1.565730000E-5
1.421140000E+9	1.543937000E-5
1.421143333E+9	1.542834000E-5
1.421146667E+9	1.507060000E-5
1.421150000E+9	1.532507000E-5
1.421153333E+9	1.541430000E-5
1.421156667E+9	1.526832000E-5
1.421160000E+9	1.538814000E-5
1.421163333E+9	1.526508000E-5
1.421166667E+9	1.514650000E-5
1.421170000E+9	1.554893000E-5
1.421173333E+9	1.549070000E-5
1.421176667E+9	1.648084000E-5
1.421180000E+9	1.711649000E-5
1.421183333E+9	1.504797000E-5
1.421186667E+9	1.520041000E-5
1.421190000E+9	1.546565000E-5
1.421193333E+9	1.541308000E-5
1.421196667E+9	1.563061000E-5
1.421200000E+9	1.565797000E-5
1.421203333E+9	1.561754000E-5
1.421206667E+9	1.583522000E-5
1.421210000E+9	1.560518000E-5
1.421213333E+9	1.558398000E-5
1.421216667E+9	1.554710000E-5
1.421220000E+9	1.532264000E-5
1.421223333E+9	1.518599000E-5
1.421226667E+9	1.516473000E-5
1.421230000E+9	1.512323000E-5
1.421233333E+9	1.532882000E-5
1.421236667E+9	1.540879000E-5
1.421240000E+9	1.518064000E-5
1.421243333E+9	1.556980000E-5
1.421246667E+9	1.580925000E-5
1.421250000E+9	1.528744000E-5
1.421253333E+9	1.502121000E-5
1.421256667E+9	1.534792000E-5
1.421260000E+9	1.503679000E-5
1.421263333E+9	1.495221000E-5
1.421266667E+9	1.525143000E-5
1.421270000E+9	1.517493000E-5
1.421273333E+9	1.521590000E-5
1.421276667E+9	1.511163000E-5
1.421280000E+9	1.523329000E-5
1.421283333E+9	1.542251000E-5
1.421286667E+9	1.533336000E-5
1.421290000E+9	1.543078000E-5
1.421293333E+9	1.526697000E-5
1.421296667E+9	1.527749000E-5
1.421300000E+9	1.526426000E-5
1.421303333E+9	1.543710000E-5
1.421306667E+9	1.496146000E-5
1.421310000E+9	1.513690000E-5
1.421313333E+9	1.515601000E-5
1.421316667E+9	1.519280000E-5
1.421320000E+9	1.534974000E-5
1.421323333E+9	1.576219000E-5
1.421326667E+9	1.535879000E-5
1.421330000E+9	1.520521000E-5
1.421333333E+9	1.521249000E-5
1.421336667E+9	1.509198000E-5
1.421340000E+9	1.556644000E-5
1.421343333E+9	1.536373000E-5
1.421346667E+9	1.498439000E-5
1.421350000E+9	1.521594000E-5
1.421353333E+9	1.526190000E-5
1.421356667E+9	1.578592000E-5
1.421360000E+9	1.525665000E-5
1.421363333E+9	1.519493000E-5
1.421366667E+9	1.553635000E-5
1.421370000E+9	1.549837000E-5
1.421373333E+9	1.515415000E-5
1.421376667E+9	1.508673000E-5
1.421380000E+9	1.546064000E-5
1.421383333E+9	1.514430000E-5
1.421386667E+9	1.540625000E-5
1.421390000E+9	1.530343000E-5
1.421393333E+9	1.567227000E-5
1.421396667E+9	1.533663000E-5
1.421400000E+9	1.517966000E-5
