Frequency, Hz	Amplitude, Volts
1.419400000E+9	1.472376000E-5
1.419403333E+9	1.543362000E-5
1.419406667E+9	1.536493000E-5
1.419410000E+9	1.532098000E-5
1.419413333E+9	1.572406000E-5
1.419416667E+9	1.544600000E-5
1.419420000E+9	1.544366000E-5
1.419423333E+9	1.531736000E-5
1.419426667E+9	1.506155000E-5
1.419430000E+9	1.514422000E-5
1.419433333E+9	1.545433000E-5
1.419436667E+9	1.545750000E-5
1.419440000E+9	1.538840000E-5
1.419443333E+9	1.524992000E-5
1.419446667E+9	1.592659000E-5
1.419450000E+9	1.897609000E-5
1.419453333E+9	1.647316000E-5
1.419456667E+9	1.565287000E-5
1.419460000E+9	1.555048000E-5
1.419463333E+9	1.535714000E-5
1.419466667E+9	1.540498000E-5
1.419470000E+9	1.541478000E-5
1.419473333E+9	1.488924000E-5
1.419476667E+9	1.539691000E-5
1.419480000E+9	1.515307000E-5
1.419483333E+9	1.508467000E-5
1.419486667E+9	1.521569000E-5
1.419490000E+9	1.540726000E-5
1.419493333E+9	1.518413000E-5
1.419496667E+9	1.523897000E-5
1.419500000E+9	1.517706000E-5
1.419503333E+9	1.500138000E-5
1.419506667E+9	1.539034000E-5
1.419510000E+9	1.545759000E-5
1.419513333E+9	1.529889000E-5
1.419516667E+9	1.525077000E-5
1.419520000E+9	1.551177000E-5
1.419523333E+9	1.525911000E-5
1.419526667E+9	1.535162000E-5
1.419530000E+9	1.565096000E-5
1.419533333E+9	1.534684000E-5
1.419536667E+9	1.517829000E-5
1.419540000E+9	1.546981000E-5
1.419543333E+9	1.552002000E-5
1.419546667E+9	1.523959000E-5
1.419550000E+9	1.536080000E-5
1.419553333E+9	1.505625000E-5
1.419556667E+9	1.530118000E-5
1.419560000E+9	1.536429000E-5
1.419563333E+9	1.544726000E-5
1.419566667E+9	1.543446000E-5
1.419570000E+9	1.513981000E-5
1.419573333E+9	1.539396000E-5
1.419576667E+9	1.529635000E-5
1.419580000E+9	1.546186000E-5
1.419583333E+9	1.516155000E-5
1.419586667E+9	1.535429000E-5
1.419590000E+9	1.537436000E-5
1.419593333E+9	1.547518000E-5
1.419596667E+9	1.552535000E-5
1.419600000E+9	1.567085000E-5
1.419603333E+9	1.546249000E-5
1.419606667E+9	1.518526000E-5
1.419610000E+9	1.531329000E-5
1.419613333E+9	1.557093000E-5
1.419616667E+9	1.521936000E-5
1.419620000E+9	1.537316000E-5
1.419623333E+9	1.545923000E-5
1.419626667E+9	1.533458000E-5
1.419630000E+9	1.517609000E-5
1.419633333E+9	1.520276000E-5
1.419636667E+9	1.512516000E-5
1.419640000E+9	1.515631000E-5
1.419643333E+9	1.544931000E-5
1.419646667E+9	1.505142000E-5
1.419650000E+9	1.537242000E-5
1.419653333E+9	1.527170000E-5
1.419656667E+9	1.515358000E-5
1.419660000E+9	1.521016000E-5
1.419663333E+9	1.515012000E-5
1.419666667E+9	1.520378000E-5
1.419670000E+9	1.550195000E-5
1.419673333E+9	1.528039000E-5
1.419676667E+9	1.516365000E-5
1.419680000E+9	1.532182000E-5
1.419683333E+9	1.523365000E-5
1.419686667E+9	1.512909000E-5
1.419690000E+9	1.507908000E-5
1.419693333E+9	1.543817000E-5
1.419696667E+9	1.528484000E-5
1.419700000E+9	1.551109000E-5
1.419703333E+9	1.503337000E-5
1.419706667E+9	1.544780000E-5
1.419710000E+9	1.555755000E-5
1.419713333E+9	1.545907000E-5
1.419716667E+9	1.532853000E-5
1.419720000E+9	1.541273000E-5
1.419723333E+9	1.547316000E-5
1.419726667E+9	1.528846000E-5
1.419730000E+9	1.555663000E-5
1.419733333E+9	1.700987000E-5
1.419736667E+9	1.525141000E-5
1.419740000E+9	1.627368000E-5
1.419743333E+9	1.900691000E-5
1.419746667E+9	1.570818000E-5
1.419750000E+9	1.597278000E-5
1.419753333E+9	1.549245000E-5
1.419756667E+9	1.537288000E-5
1.419760000E+9	1.572775000E-5
1.419763333E+9	1.512179000E-5
1.419766667E+9	1.514653000E-5
1.419770000E+9	1.523175000E-5
1.419773333E+9	1.525595000E-5
1.419776667E+9	1.562586000E-5
1.419780000E+9	1.558737000E-5
1.419783333E+9	1.527026000E-5
1.419786667E+9	1.512478000E-5
1.419790000E+9	1.513464000E-5
1.419793333E+9	1.516848000E-5
1.419796667E+9	1.511106000E-5
1.419800000E+9	1.533970000E-5
1.419803333E+9	1.545331000E-5
1.419806667E+9	1.506437000E-5
1.419810000E+9	1.509558000E-5
1.419813333E+9	1.518134000E-5
1.419816667E+9	1.539389000E-5
1.419820000E+9	1.530946000E-5
1.419823333E+9	1.548783000E-5
1.419826667E+9	1.529039000E-5
1.419830000E+9	1.535093000E-5
1.419833333E+9	1.537781000E-5
1.419836667E+9	1.522668000E-5
1.419840000E+9	1.533781000E-5
1.419843333E+9	1.524388000E-5
1.419846667E+9	1.543527000E-5
1.419850000E+9	1.521851000E-5
1.419853333E+9	1.524493000E-5
1.419856667E+9	1.545063000E-5
1.419860000E+9	1.541295000E-5
1.419863333E+9	1.570706000E-5
1.419866667E+9	1.537347000E-5
1.419870000E+9	1.522807000E-5
1.419873333E+9	1.523772000E-5
1.419876667E+9	1.562303000E-5
1.419880000E+9	1.534563000E-5
1.419883333E+9	1.536066000E-5
1.419886667E+9	1.519759000E-5
1.419890000E+9	1.538855000E-5
1.419893333E+9	1.534039000E-5
1.419896667E+9	1.522048000E-5
1.419900000E+9	1.543449000E-5
1.419903333E+9	1.503114000E-5
1.419906667E+9	1.527076000E-5
1.419910000E+9	1.504559000E-5
1.419913333E+9	1.511790000E-5
1.419916667E+9	1.536867000E-5
1.419920000E+9	1.532786000E-5
1.419923333E+9	1.552978000E-5
1.419926667E+9	1.480968000E-5
1.419930000E+9	1.514596000E-5
1.419933333E+9	1.507592000E-5
1.419936667E+9	1.540222000E-5
1.419940000E+9	1.539115000E-5
1.419943333E+9	1.564472000E-5
1.419946667E+9	1.543784000E-5
1.419950000E+9	1.529397000E-5
1.419953333E+9	1.538988000E-5
1.419956667E+9	1.542637000E-5
1.419960000E+9	1.525602000E-5
1.419963333E+9	1.525014000E-5
1.419966667E+9	1.565199000E-5
1.419970000E+9	1.510614000E-5
1.419973333E+9	1.542063000E-5
1.419976667E+9	1.494535000E-5
1.419980000E+9	1.529949000E-5
1.419983333E+9	1.565728000E-5
1.419986667E+9	1.520006000E-5
1.419990000E+9	1.530425000E-5
1.419993333E+9	1.513062000E-5
1.419996667E+9	1.513845000E-5
1.420000000E+9	1.623453000E-5
1.420003333E+9	1.755564000E-5
1.420006667E+9	1.568326000E-5
1.420010000E+9	1.555069000E-5
1.420013333E+9	1.561636000E-5
1.420016667E+9	1.518368000E-5
1.420020000E+9	1.529043000E-5
1.420023333E+9	1.539369000E-5
1.420026667E+9	1.532481000E-5
1.420030000E+9	1.529572000E-5
1.420033333E+9	1.634658000E-5
1.420036667E+9	1.786573000E-5
1.420040000E+9	1.555536000E-5
1.420043333E+9	1.535355000E-5
1.420046667E+9	1.531580000E-5
1.420050000E+9	1.519921000E-5
1.420053333E+9	1.526429000E-5
1.420056667E+9	1.545745000E-5
1.420060000E+9	1.532367000E-5
1.420063333E+9	1.521614000E-5
1.420066667E+9	1.518183000E-5
1.420070000E+9	1.513818000E-5
1.420073333E+9	1.546103000E-5
1.420076667E+9	1.511233000E-5
1.420080000E+9	1.546986000E-5
1.420083333E+9	1.550321000E-5
1.420086667E+9	1.528516000E-5
1.420090000E+9	1.544783000E-5
1.420093333E+9	1.527170000E-5
1.420096667E+9	1.520194000E-5
1.420100000E+9	1.570373000E-5
1.420103333E+9	1.531333000E-5
1.420106667E+9	1.542947000E-5
1.420110000E+9	1.521376000E-5
1.420113333E+9	1.547472000E-5
1.420116667E+9	1.524068000E-5
1.420120000E+9	1.507396000E-5
1.420123333E+9	1.543734000E-5
1.420126667E+9	1.537745000E-5
1.420130000E+9	1.539615000E-5
1.420133333E+9	1.551920000E-5
1.420136667E+9	1.528061000E-5
1.420140000E+9	1.527895000E-5
1.420143333E+9	1.518506000E-5
1.420146667E+9	1.502025000E-5
1.420150000E+9	1.499460000E-5
1.420153333E+9	1.487478000E-5
1.420156667E+9	1.518893000E-5
1.420160000E+9	1.531479000E-5
1.420163333E+9	1.551479000E-5
1.420166667E+9	1.500076000E-5
1.420170000E+9	1.548140000E-5
1.420173333E+9	1.539118000E-5
1.420176667E+9	1.543981000E-5
1.420180000E+9	1.503043000E-5
1.420183333E+9	1.528293000E-5
1.420186667E+9	1.532441000E-5
1.420190000E+9	1.552995000E-5
1.420193333E+9	1.543507000E-5
1.420196667E+9	1.540620000E-5
1.420200000E+9	1.527546000E-5
1.420203333E+9	1.541645000E-5
1.420206667E+9	1.567703000E-5
1.420210000E+9	1.544142000E-5
1.420213333E+9	1.542272000E-5
1.420216667E+9	1.524152000E-5
1.420220000E+9	1.552459000E-5
1.420223333E+9	1.538473000E-5
1.420226667E+9	1.556177000E-5
1.420230000E+9	1.552334000E-5
1.420233333E+9	1.543461000E-5
1.420236667E+9	1.520773000E-5
1.420240000E+9	1.540177000E-5
1.420243333E+9	1.522351000E-5
1.420246667E+9	1.519997000E-5
1.420250000E+9	1.521029000E-5
1.420253333E+9	1.573062000E-5
1.420256667E+9	1.551210000E-5
1.420260000E+9	1.571075000E-5
1.420263333E+9	1.576520000E-5
1.420266667E+9	1.571384000E-5
1.420270000E+9	1.554999000E-5
1.420273333E+9	1.554900000E-5
1.420276667E+9	1.578439000E-5
1.420280000E+9	1.568406000E-5
1.420283333E+9	1.601377000E-5
1.420286667E+9	1.561505000E-5
1.420290000E+9	1.573252000E-5
1.420293333E+9	1.575861000E-5
1.420296667E+9	1.631361000E-5
1.420300000E+9	1.565618000E-5
1.420303333E+9	1.565395000E-5
1.420306667E+9	1.595984000E-5
1.420310000E+9	1.639935000E-5
1.420313333E+9	1.625475000E-5
1.420316667E+9	1.577351000E-5
1.420320000E+9	1.590642000E-5
1.420323333E+9	1.623706000E-5
1.420326667E+9	1.782578000E-5
1.420330000E+9	1.874203000E-5
1.420333333E+9	1.694332000E-5
1.420336667E+9	1.682945000E-5
1.420340000E+9	1.671685000E-5
1.420343333E+9	1.677632000E-5
1.420346667E+9	1.739489000E-5
1.420350000E+9	1.724857000E-5
1.420353333E+9	1.710568000E-5
1.420356667E+9	1.731266000E-5
1.420360000E+9	1.729197000E-5
1.420363333E+9	1.783061000E-5
1.420366667E+9	1.796104000E-5
1.420370000E+9	1.807769000E-5
1.420373333E+9	1.801557000E-5
1.420376667E+9	1.769049000E-5
1.420380000E+9	1.774227000E-5
1.420383333E+9	1.817701000E-5
1.420386667E+9	1.810157000E-5
1.420390000E+9	1.765599000E-5
1.420393333E+9	1.811133000E-5
1.420396667E+9	1.774198000E-5
1.420400000E+9	1.783626000E-5
1.420403333E+9	1.811322000E-5
1.420406667E+9	1.788428000E-5
1.420410000E+9	1.789025000E-5
1.420413333E+9	1.802794000E-5
1.420416667E+9	1.771797000E-5
1.420420000E+9	1.792312000E-5
1.420423333E+9	1.775649000E-5
1.420426667E+9	1.772077000E-5
1.420430000E+9	1.738443000E-5
1.420433333E+9	1.755466000E-5
1.420436667E+9	1.710649000E-5
1.420440000E+9	1.748552000E-5
1.420443333E+9	1.731380000E-5
1.420446667E+9	1.717537000E-5
1.420450000E+9	1.698275000E-5
1.420453333E+9	1.690922000E-5
1.420456667E+9	1.687308000E-5
1.420460000E+9	1.713870000E-5
1.420463333E+9	1.661207000E-5
1.420466667E+9	1.613045000E-5
1.420470000E+9	1.660908000E-5
1.420473333E+9	1.673171000E-5
1.420476667E+9	1.629637000E-5
1.420480000E+9	1.647840000E-5
1.420483333E+9	1.652878000E-5
1.420486667E+9	1.606872000E-5
1.420490000E+9	1.641199000E-5
1.420493333E+9	1.630115000E-5
1.420496667E+9	1.655233000E-5
1.420500000E+9	1.651513000E-5
1.420503333E+9	1.651829000E-5
1.420506667E+9	1.594238000E-5
1.420510000E+9	1.636727000E-5
1.420513333E+9	1.616042000E-5
1.420516667E+9	1.642214000E-5
1.420520000E+9	1.599493000E-5
1.420523333E+9	1.616441000E-5
1.420526667E+9	1.630482000E-5
1.420530000E+9	1.607800000E-5
1.420533333E+9	1.626141000E-5
1.420536667E+9	1.602545000E-5
1.420540000E+9	1.611168000E-5
1.420543333E+9	1.631992000E-5
1.420546667E+9	1.617864000E-5
1.420550000E+9	1.622818000E-5
1.420553333E+9	1.612612000E-5
1.420556667E+9	1.566980000E-5
1.420560000E+9	1.577519000E-5
1.420563333E+9	1.561413000E-5
1.420566667E+9	1.576402000E-5
1.420570000E+9	1.580886000E-5
1.420573333E+9	1.587555000E-5
1.420576667E+9	1.596771000E-5
1.420580000E+9	1.577947000E-5
1.420583333E+9	1.565775000E-5
1.420586667E+9	1.563838000E-5
1.420590000E+9	1.646777000E-5
1.420593333E+9	1.568297000E-5
1.420596667E+9	1.550139000E-5
1.420600000E+9	1.584536000E-5
1.420603333E+9	1.589921000E-5
1.420606667E+9	1.642346000E-5
1.420610000E+9	1.635967000E-5
1.420613333E+9	1.596437000E-5
1.420616667E+9	1.547440000E-5
1.420620000E+9	1.810852000E-5
1.420623333E+9	1.938218000E-5
1.420626667E+9	1.620927000E-5
1.420630000E+9	1.574209000E-5
1.420633333E+9	1.580416000E-5
1.420636667E+9	1.582357000E-5
1.420640000E+9	1.579294000E-5
1.420643333E+9	1.625834000E-5
1.420646667E+9	1.643015000E-5
1.420650000E+9	1.545603000E-5
1.420653333E+9	1.583953000E-5
1.420656667E+9	1.555885000E-5
1.420660000E+9	1.595065000E-5
1.420663333E+9	1.573623000E-5
1.420666667E+9	1.569012000E-5
1.420670000E+9	1.575276000E-5
1.420673333E+9	1.588380000E-5
1.420676667E+9	1.609619000E-5
1.420680000E+9	1.610645000E-5
1.420683333E+9	1.618402000E-5
1.420686667E+9	1.584689000E-5
1.420690000E+9	1.625855000E-5
1.420693333E+9	1.621901000E-5
1.420696667E+9	1.639578000E-5
1.420700000E+9	1.628104000E-5
1.420703333E+9	1.610321000E-5
1.420706667E+9	1.626025000E-5
1.420710000E+9	1.659010000E-5
1.420713333E+9	1.626391000E-5
1.420716667E+9	1.633568000E-5
1.420720000E+9	1.667854000E-5
1.420723333E+9	1.639038000E-5
1.420726667E+9	1.623114000E-5
1.420730000E+9	1.628138000E-5
1.420733333E+9	1.620475000E-5
1.420736667E+9	1.659788000E-5
1.420740000E+9	1.657037000E-5
1.420743333E+9	1.600197000E-5
1.420746667E+9	1.616768000E-5
1.420750000E+9	1.651406000E-5
1.420753333E+9	1.640419000E-5
1.420756667E+9	1.670531000E-5
1.420760000E+9	1.623257000E-5
1.420763333E+9	1.622815000E-5
1.420766667E+9	1.626382000E-5
1.420770000E+9	1.616257000E-5
1.420773333E+9	1.620947000E-5
1.420776667E+9	1.625084000E-5
1.420780000E+9	1.605704000E-5
1.420783333E+9	1.611745000E-5
1.420786667E+9	1.647431000E-5
1.420790000E+9	1.626075000E-5
1.420793333E+9	1.719354000E-5
1.420796667E+9	1.667517000E-5
1.420800000E+9	1.555888000E-5
1.420803333E+9	1.588788000E-5
1.420806667E+9	1.554596000E-5
1.420810000E+9	1.565840000E-5
1.420813333E+9	1.589250000E-5
1.420816667E+9	1.614951000E-5
1.420820000E+9	1.581967000E-5
1.420823333E+9	1.594138000E-5
1.420826667E+9	1.568991000E-5
1.420830000E+9	1.584713000E-5
1.420833333E+9	1.585458000E-5
1.420836667E+9	1.556664000E-5
1.420840000E+9	1.552612000E-5
1.420843333E+9	1.544653000E-5
1.420846667E+9	1.595976000E-5
1.420850000E+9	1.568380000E-5
1.420853333E+9	1.573157000E-5
1.420856667E+9	1.540544000E-5
1.420860000E+9	1.593605000E-5
1.420863333E+9	1.563866000E-5
1.420866667E+9	1.553120000E-5
1.420870000E+9	1.590225000E-5
1.420873333E+9	1.551881000E-5
1.420876667E+9	1.546513000E-5
1.420880000E+9	1.553686000E-5
1.420883333E+9	1.807597000E-5
1.420886667E+9	1.651426000E-5
1.420890000E+9	1.557300000E-5
1.420893333E+9	1.542751000E-5
1.420896667E+9	1.576977000E-5
1.420900000E+9	1.604214000E-5
1.420903333E+9	1.553268000E-5
1.420906667E+9	1.612460000E-5
1.420910000E+9	1.564459000E-5
1.420913333E+9	2.451667000E-5
1.420916667E+9	2.277279000E-5
1.420920000E+9	1.717085000E-5
1.420923333E+9	1.570811000E-5
1.420926667E+9	1.557926000E-5
1.420930000E+9	1.560431000E-5
1.420933333E+9	1.536910000E-5
1.420936667E+9	1.550915000E-5
1.420940000E+9	1.567230000E-5
1.420943333E+9	1.616392000E-5
1.420946667E+9	1.596468000E-5
1.420950000E+9	1.625991000E-5
1.420953333E+9	1.556753000E-5
1.420956667E+9	1.525972000E-5
1.420960000E+9	1.524515000E-5
1.420963333E+9	1.523573000E-5
1.420966667E+9	1.537264000E-5
1.420970000E+9	1.585439000E-5
1.420973333E+9	1.524011000E-5
1.420976667E+9	1.559737000E-5
1.420980000E+9	1.573729000E-5
1.420983333E+9	1.549111000E-5
1.420986667E+9	1.577173000E-5
1.420990000E+9	1.560878000E-5
1.420993333E+9	1.515565000E-5
1.420996667E+9	1.525411000E-5
1.421000000E+9	1.509089000E-5
1.421003333E+9	1.551428000E-5
1.421006667E+9	1.524005000E-5
1.421010000E+9	1.571909000E-5
1.421013333E+9	1.564680000E-5
1.421016667E+9	1.614951000E-5
1.421020000E+9	1.600665000E-5
1.421023333E+9	1.528861000E-5
1.421026667E+9	1.567109000E-5
1.421030000E+9	1.544865000E-5
1.421033333E+9	1.515208000E-5
1.421036667E+9	1.534008000E-5
1.421040000E+9	1.544090000E-5
1.421043333E+9	1.525170000E-5
1.421046667E+9	1.521002000E-5
1.421050000E+9	1.531348000E-5
1.421053333E+9	1.526726000E-5
1.421056667E+9	1.544617000E-5
1.421060000E+9	1.497724000E-5
1.421063333E+9	1.504111000E-5
1.421066667E+9	1.542378000E-5
1.421070000E+9	1.550115000E-5
1.421073333E+9	1.548944000E-5
1.421076667E+9	1.521991000E-5
1.421080000E+9	1.503806000E-5
1.421083333E+9	1.540870000E-5
1.421086667E+9	1.559326000E-5
1.421090000E+9	1.597569000E-5
1.421093333E+9	1.608121000E-5
1.421096667E+9	1.550437000E-5
1.421100000E+9	1.563564000E-5
1.421103333E+9	1.551262000E-5
1.421106667E+9	1.535648000E-5
1.421110000E+9	1.541613000E-5
1.421113333E+9	1.569413000E-5
1.421116667E+9	1.554242000E-5
1.421120000E+9	1.553451000E-5
1.421123333E+9	1.534731000E-5
1.421126667E+9	1.524937000E-5
1.421130000E+9	1.562747000E-5
1.421133333E+9	1.533192000E-5
1.421136667E+9	1.536547000E-5
1.421140000E+9	1.553441000E-5
1.421143333E+9	1.549511000E-5
1.421146667E+9	1.558225000E-5
1.421150000E+9	1.563421000E-5
1.421153333E+9	1.657106000E-5
1.421156667E+9	1.558414000E-5
1.421160000E+9	1.545519000E-5
1.421163333E+9	1.537173000E-5
1.421166667E+9	1.565025000E-5
1.421170000E+9	1.529772000E-5
1.421173333E+9	1.496953000E-5
1.421176667E+9	1.679598000E-5
1.421180000E+9	1.711684000E-5
1.421183333E+9	1.516553000E-5
1.421186667E+9	1.558241000E-5
1.421190000E+9	1.529620000E-5
1.421193333E+9	1.544958000E-5
1.421196667E+9	1.599535000E-5
1.421200000E+9	1.539668000E-5
1.421203333E+9	1.604569000E-5
1.421206667E+9	1.917748000E-5
1.421210000E+9	1.800547000E-5
1.421213333E+9	1.626175000E-5
1.421216667E+9	1.590754000E-5
1.421220000E+9	2.007758000E-5
1.421223333E+9	1.815958000E-5
1.421226667E+9	1.541283000E-5
1.421230000E+9	1.551266000E-5
1.421233333E+9	1.522414000E-5
1.421236667E+9	1.509892000E-5
1.421240000E+9	1.547374000E-5
1.421243333E+9	1.572896000E-5
1.421246667E+9	1.541591000E-5
1.421250000E+9	1.539066000E-5
1.421253333E+9	1.549087000E-5
1.421256667E+9	1.518895000E-5
1.421260000E+9	1.557397000E-5
1.421263333E+9	1.547418000E-5
1.421266667E+9	1.592176000E-5
1.421270000E+9	1.553635000E-5
1.421273333E+9	1.533239000E-5
1.421276667E+9	1.590673000E-5
1.421280000E+9	1.605685000E-5
1.421283333E+9	1.606455000E-5
1.421286667E+9	2.195139000E-5
1.421290000E+9	2.209522000E-5
1.421293333E+9	1.680039000E-5
1.421296667E+9	1.557707000E-5
1.421300000E+9	1.537217000E-5
1.421303333E+9	1.498301000E-5
1.421306667E+9	1.541270000E-5
1.421310000E+9	1.568528000E-5
1.421313333E+9	1.546501000E-5
1.421316667E+9	1.587219000E-5
1.421320000E+9	1.539363000E-5
1.421323333E+9	1.554016000E-5
1.421326667E+9	1.570801000E-5
1.421330000E+9	1.523598000E-5
1.421333333E+9	1.556505000E-5
1.421336667E+9	1.569812000E-5
1.421340000E+9	1.557952000E-5
1.421343333E+9	1.613797000E-5
1.421346667E+9	1.617844000E-5
1.421350000E+9	1.682917000E-5
1.421353333E+9	2.229598000E-5
1.421356667E+9	2.858983000E-5
1.421360000E+9	1.972113000E-5
1.421363333E+9	1.629356000E-5
1.421366667E+9	1.571288000E-5
1.421370000E+9	1.562677000E-5
1.421373333E+9	1.557758000E-5
1.421376667E+9	1.559187000E-5
1.421380000E+9	1.562169000E-5
1.421383333E+9	1.578574000E-5
1.421386667E+9	1.595956000E-5
1.421390000E+9	1.592676000E-5
1.421393333E+9	1.560196000E-5
1.421396667E+9	1.559559000E-5
1.421400000E+9	1.547785000E-5
