Frequency, Hz	Amplitude, Volts
1.419400000E+9	1.716491000E-5
1.419403333E+9	1.696032000E-5
1.419406667E+9	1.689237000E-5
1.419410000E+9	1.695842000E-5
1.419413333E+9	1.720922000E-5
1.419416667E+9	1.712850000E-5
1.419420000E+9	1.692531000E-5
1.419423333E+9	1.712980000E-5
1.419426667E+9	1.702616000E-5
1.419430000E+9	1.697886000E-5
1.419433333E+9	1.717552000E-5
1.419436667E+9	1.728404000E-5
1.419440000E+9	1.722742000E-5
1.419443333E+9	1.716529000E-5
1.419446667E+9	1.749833000E-5
1.419450000E+9	1.820693000E-5
1.419453333E+9	1.707489000E-5
1.419456667E+9	1.717107000E-5
1.419460000E+9	1.717922000E-5
1.419463333E+9	1.681384000E-5
1.419466667E+9	1.660178000E-5
1.419470000E+9	1.704979000E-5
1.419473333E+9	1.709425000E-5
1.419476667E+9	1.680174000E-5
1.419480000E+9	1.742075000E-5
1.419483333E+9	1.721816000E-5
1.419486667E+9	1.697233000E-5
1.419490000E+9	1.746342000E-5
1.419493333E+9	1.706220000E-5
1.419496667E+9	1.779283000E-5
1.419500000E+9	1.702210000E-5
1.419503333E+9	1.683340000E-5
1.419506667E+9	1.696263000E-5
1.419510000E+9	1.700044000E-5
1.419513333E+9	1.720520000E-5
1.419516667E+9	1.700117000E-5
1.419520000E+9	1.725343000E-5
1.419523333E+9	1.703289000E-5
1.419526667E+9	1.694515000E-5
1.419530000E+9	1.697794000E-5
1.419533333E+9	1.694924000E-5
1.419536667E+9	1.712053000E-5
1.419540000E+9	1.781897000E-5
1.419543333E+9	1.700683000E-5
1.419546667E+9	1.668387000E-5
1.419550000E+9	1.662586000E-5
1.419553333E+9	1.655715000E-5
1.419556667E+9	1.704505000E-5
1.419560000E+9	1.703160000E-5
1.419563333E+9	1.714933000E-5
1.419566667E+9	1.703444000E-5
1.419570000E+9	1.710234000E-5
1.419573333E+9	1.717692000E-5
1.419576667E+9	1.690692000E-5
1.419580000E+9	1.742758000E-5
1.419583333E+9	1.682502000E-5
1.419586667E+9	1.679102000E-5
1.419590000E+9	1.691156000E-5
1.419593333E+9	1.695927000E-5
1.419596667E+9	1.689170000E-5
1.419600000E+9	1.718809000E-5
1.419603333E+9	1.720992000E-5
1.419606667E+9	1.691494000E-5
1.419610000E+9	1.683542000E-5
1.419613333E+9	1.689058000E-5
1.419616667E+9	1.692325000E-5
1.419620000E+9	1.679045000E-5
1.419623333E+9	1.691119000E-5
1.419626667E+9	1.697004000E-5
1.419630000E+9	1.710873000E-5
1.419633333E+9	1.697418000E-5
1.419636667E+9	1.727683000E-5
1.419640000E+9	1.734713000E-5
1.419643333E+9	1.725059000E-5
1.419646667E+9	1.686021000E-5
1.419650000E+9	1.693925000E-5
1.419653333E+9	1.723287000E-5
1.419656667E+9	1.682291000E-5
1.419660000E+9	1.718722000E-5
1.419663333E+9	1.672151000E-5
1.419666667E+9	1.703332000E-5
1.419670000E+9	1.719318000E-5
1.419673333E+9	1.707362000E-5
1.419676667E+9	1.692854000E-5
1.419680000E+9	1.671271000E-5
1.419683333E+9	1.678483000E-5
1.419686667E+9	1.705908000E-5
1.419690000E+9	1.660957000E-5
1.419693333E+9	1.686783000E-5
1.419696667E+9	1.715389000E-5
1.419700000E+9	1.708406000E-5
1.419703333E+9	1.704058000E-5
1.419706667E+9	1.678225000E-5
1.419710000E+9	1.683305000E-5
1.419713333E+9	1.697511000E-5
1.419716667E+9	1.652007000E-5
1.419720000E+9	1.727641000E-5
1.419723333E+9	1.727965000E-5
1.419726667E+9	1.704268000E-5
1.419730000E+9	1.729911000E-5
1.419733333E+9	1.914437000E-5
1.419736667E+9	1.736209000E-5
1.419740000E+9	1.727857000E-5
1.419743333E+9	1.807547000E-5
1.419746667E+9	1.757275000E-5
1.419750000E+9	1.699475000E-5
1.419753333E+9	1.769429000E-5
1.419756667E+9	1.714897000E-5
1.419760000E+9	1.681938000E-5
1.419763333E+9	1.731802000E-5
1.419766667E+9	1.730597000E-5
1.419770000E+9	1.708112000E-5
1.419773333E+9	1.695926000E-5
1.419776667E+9	1.666287000E-5
1.419780000E+9	1.665800000E-5
1.419783333E+9	1.725273000E-5
1.419786667E+9	1.676949000E-5
1.419790000E+9	1.721415000E-5
1.419793333E+9	1.714255000E-5
1.419796667E+9	1.723249000E-5
1.419800000E+9	1.705273000E-5
1.419803333E+9	1.693222000E-5
1.419806667E+9	1.684230000E-5
1.419810000E+9	1.676203000E-5
1.419813333E+9	1.670696000E-5
1.419816667E+9	1.734731000E-5
1.419820000E+9	1.748447000E-5
1.419823333E+9	1.683775000E-5
1.419826667E+9	1.718737000E-5
1.419830000E+9	1.745648000E-5
1.419833333E+9	1.747923000E-5
1.419836667E+9	1.697832000E-5
1.419840000E+9	1.678241000E-5
1.419843333E+9	1.706887000E-5
1.419846667E+9	1.704140000E-5
1.419850000E+9	1.674582000E-5
1.419853333E+9	1.675114000E-5
1.419856667E+9	1.669193000E-5
1.419860000E+9	1.709359000E-5
1.419863333E+9	1.726890000E-5
1.419866667E+9	1.683185000E-5
1.419870000E+9	1.681179000E-5
1.419873333E+9	1.670617000E-5
1.419876667E+9	1.723507000E-5
1.419880000E+9	1.674371000E-5
1.419883333E+9	1.714481000E-5
1.419886667E+9	1.724158000E-5
1.419890000E+9	1.693118000E-5
1.419893333E+9	1.707622000E-5
1.419896667E+9	1.701259000E-5
1.419900000E+9	1.669160000E-5
1.419903333E+9	1.678455000E-5
1.419906667E+9	1.686304000E-5
1.419910000E+9	1.659049000E-5
1.419913333E+9	1.706316000E-5
1.419916667E+9	1.726960000E-5
1.419920000E+9	1.705247000E-5
1.419923333E+9	1.714574000E-5
1.419926667E+9	1.682681000E-5
1.419930000E+9	1.712792000E-5
1.419933333E+9	1.711784000E-5
1.419936667E+9	1.707920000E-5
1.419940000E+9	1.697461000E-5
1.419943333E+9	1.679384000E-5
1.419946667E+9	1.700385000E-5
1.419950000E+9	1.715796000E-5
1.419953333E+9	1.681855000E-5
1.419956667E+9	1.686085000E-5
1.419960000E+9	1.699178000E-5
1.419963333E+9	1.677842000E-5
1.419966667E+9	1.689000000E-5
1.419970000E+9	1.694855000E-5
1.419973333E+9	1.705960000E-5
1.419976667E+9	1.682618000E-5
1.419980000E+9	1.689013000E-5
1.419983333E+9	1.686672000E-5
1.419986667E+9	1.735700000E-5
1.419990000E+9	1.728540000E-5
1.419993333E+9	1.728487000E-5
1.419996667E+9	1.683766000E-5
1.420000000E+9	1.732591000E-5
1.420003333E+9	1.722179000E-5
1.420006667E+9	1.726738000E-5
1.420010000E+9	1.699074000E-5
1.420013333E+9	1.698797000E-5
1.420016667E+9	1.701951000E-5
1.420020000E+9	1.712591000E-5
1.420023333E+9	1.713570000E-5
1.420026667E+9	1.719654000E-5
1.420030000E+9	1.707107000E-5
1.420033333E+9	1.733459000E-5
1.420036667E+9	1.815832000E-5
1.420040000E+9	1.731899000E-5
1.420043333E+9	1.724190000E-5
1.420046667E+9	1.748138000E-5
1.420050000E+9	1.718586000E-5
1.420053333E+9	1.714493000E-5
1.420056667E+9	1.706421000E-5
1.420060000E+9	1.755084000E-5
1.420063333E+9	1.745683000E-5
1.420066667E+9	1.707339000E-5
1.420070000E+9	1.672570000E-5
1.420073333E+9	1.722128000E-5
1.420076667E+9	1.711373000E-5
1.420080000E+9	1.701525000E-5
1.420083333E+9	1.706704000E-5
1.420086667E+9	1.681129000E-5
1.420090000E+9	1.710461000E-5
1.420093333E+9	1.719662000E-5
1.420096667E+9	1.726816000E-5
1.420100000E+9	1.690551000E-5
1.420103333E+9	1.727168000E-5
1.420106667E+9	1.732245000E-5
1.420110000E+9	1.697850000E-5
1.420113333E+9	1.736976000E-5
1.420116667E+9	1.711594000E-5
1.420120000E+9	1.707596000E-5
1.420123333E+9	1.736409000E-5
1.420126667E+9	1.737033000E-5
1.420130000E+9	1.704051000E-5
1.420133333E+9	1.728836000E-5
1.420136667E+9	1.728320000E-5
1.420140000E+9	1.717909000E-5
1.420143333E+9	1.743980000E-5
1.420146667E+9	1.720357000E-5
1.420150000E+9	1.730399000E-5
1.420153333E+9	1.740876000E-5
1.420156667E+9	1.788055000E-5
1.420160000E+9	1.722158000E-5
1.420163333E+9	1.760906000E-5
1.420166667E+9	1.717722000E-5
1.420170000E+9	1.741655000E-5
1.420173333E+9	1.761335000E-5
1.420176667E+9	1.731287000E-5
1.420180000E+9	1.758448000E-5
1.420183333E+9	1.772346000E-5
1.420186667E+9	1.773049000E-5
1.420190000E+9	1.783641000E-5
1.420193333E+9	1.815092000E-5
1.420196667E+9	1.797712000E-5
1.420200000E+9	1.744698000E-5
1.420203333E+9	1.788159000E-5
1.420206667E+9	1.814164000E-5
1.420210000E+9	1.771490000E-5
1.420213333E+9	1.793519000E-5
1.420216667E+9	1.828032000E-5
1.420220000E+9	1.819874000E-5
1.420223333E+9	1.848445000E-5
1.420226667E+9	1.853064000E-5
1.420230000E+9	1.817148000E-5
1.420233333E+9	1.883602000E-5
1.420236667E+9	1.822505000E-5
1.420240000E+9	1.835550000E-5
1.420243333E+9	1.872891000E-5
1.420246667E+9	1.830511000E-5
1.420250000E+9	1.839222000E-5
1.420253333E+9	1.870725000E-5
1.420256667E+9	1.830623000E-5
1.420260000E+9	1.821887000E-5
1.420263333E+9	1.857044000E-5
1.420266667E+9	1.979111000E-5
1.420270000E+9	1.820529000E-5
1.420273333E+9	1.821839000E-5
1.420276667E+9	1.849468000E-5
1.420280000E+9	1.831268000E-5
1.420283333E+9	1.836736000E-5
1.420286667E+9	1.862294000E-5
1.420290000E+9	1.799306000E-5
1.420293333E+9	1.826842000E-5
1.420296667E+9	1.791057000E-5
1.420300000E+9	1.795123000E-5
1.420303333E+9	1.809181000E-5
1.420306667E+9	1.816350000E-5
1.420310000E+9	1.831717000E-5
1.420313333E+9	1.836544000E-5
1.420316667E+9	1.871902000E-5
1.420320000E+9	1.902566000E-5
1.420323333E+9	1.830885000E-5
1.420326667E+9	1.866074000E-5
1.420330000E+9	1.965473000E-5
1.420333333E+9	1.896445000E-5
1.420336667E+9	1.845203000E-5
1.420340000E+9	1.830376000E-5
1.420343333E+9	1.804317000E-5
1.420346667E+9	1.798729000E-5
1.420350000E+9	1.783563000E-5
1.420353333E+9	1.807563000E-5
1.420356667E+9	1.751854000E-5
1.420360000E+9	1.737117000E-5
1.420363333E+9	1.743937000E-5
1.420366667E+9	1.758112000E-5
1.420370000E+9	1.746607000E-5
1.420373333E+9	1.772266000E-5
1.420376667E+9	1.742376000E-5
1.420380000E+9	1.699497000E-5
1.420383333E+9	1.711684000E-5
1.420386667E+9	1.736335000E-5
1.420390000E+9	1.715135000E-5
1.420393333E+9	1.729881000E-5
1.420396667E+9	1.706563000E-5
1.420400000E+9	1.741070000E-5
1.420403333E+9	1.705492000E-5
1.420406667E+9	1.703776000E-5
1.420410000E+9	1.715266000E-5
1.420413333E+9	1.706588000E-5
1.420416667E+9	1.750418000E-5
1.420420000E+9	1.702876000E-5
1.420423333E+9	1.715767000E-5
1.420426667E+9	1.722188000E-5
1.420430000E+9	1.691446000E-5
1.420433333E+9	1.675850000E-5
1.420436667E+9	1.711724000E-5
1.420440000E+9	1.738907000E-5
1.420443333E+9	1.727068000E-5
1.420446667E+9	1.762227000E-5
1.420450000E+9	1.770413000E-5
1.420453333E+9	1.704771000E-5
1.420456667E+9	1.718060000E-5
1.420460000E+9	1.728493000E-5
1.420463333E+9	1.730707000E-5
1.420466667E+9	1.748489000E-5
1.420470000E+9	1.734045000E-5
1.420473333E+9	1.733109000E-5
1.420476667E+9	1.729155000E-5
1.420480000E+9	1.751065000E-5
1.420483333E+9	1.734955000E-5
1.420486667E+9	1.721874000E-5
1.420490000E+9	1.721328000E-5
1.420493333E+9	1.719024000E-5
1.420496667E+9	1.706352000E-5
1.420500000E+9	1.688147000E-5
1.420503333E+9	1.680755000E-5
1.420506667E+9	1.707864000E-5
1.420510000E+9	1.724249000E-5
1.420513333E+9	1.734952000E-5
1.420516667E+9	1.683333000E-5
1.420520000E+9	1.718360000E-5
1.420523333E+9	1.721615000E-5
1.420526667E+9	1.677917000E-5
1.420530000E+9	1.702717000E-5
1.420533333E+9	1.661962000E-5
1.420536667E+9	1.689688000E-5
1.420540000E+9	1.683921000E-5
1.420543333E+9	1.710741000E-5
1.420546667E+9	1.702108000E-5
1.420550000E+9	1.692850000E-5
1.420553333E+9	1.665297000E-5
1.420556667E+9	1.660182000E-5
1.420560000E+9	1.717364000E-5
1.420563333E+9	1.712333000E-5
1.420566667E+9	1.688903000E-5
1.420570000E+9	1.681754000E-5
1.420573333E+9	1.704692000E-5
1.420576667E+9	1.668416000E-5
1.420580000E+9	1.664235000E-5
1.420583333E+9	1.653756000E-5
1.420586667E+9	1.677810000E-5
1.420590000E+9	1.706455000E-5
1.420593333E+9	1.671401000E-5
1.420596667E+9	1.668715000E-5
1.420600000E+9	1.679062000E-5
1.420603333E+9	1.698997000E-5
1.420606667E+9	1.681111000E-5
1.420610000E+9	1.694031000E-5
1.420613333E+9	1.693786000E-5
1.420616667E+9	1.646205000E-5
1.420620000E+9	1.763959000E-5
1.420623333E+9	1.789259000E-5
1.420626667E+9	1.755822000E-5
1.420630000E+9	1.685018000E-5
1.420633333E+9	1.689755000E-5
1.420636667E+9	1.688310000E-5
1.420640000E+9	1.692016000E-5
1.420643333E+9	1.675767000E-5
1.420646667E+9	1.683207000E-5
1.420650000E+9	1.655866000E-5
1.420653333E+9	1.669675000E-5
1.420656667E+9	1.640428000E-5
1.420660000E+9	1.660003000E-5
1.420663333E+9	1.671034000E-5
1.420666667E+9	1.683542000E-5
1.420670000E+9	1.683224000E-5
1.420673333E+9	1.652107000E-5
1.420676667E+9	1.682389000E-5
1.420680000E+9	1.663335000E-5
1.420683333E+9	1.686571000E-5
1.420686667E+9	1.666633000E-5
1.420690000E+9	1.638821000E-5
1.420693333E+9	1.642216000E-5
1.420696667E+9	1.686741000E-5
1.420700000E+9	1.698365000E-5
1.420703333E+9	1.679984000E-5
1.420706667E+9	1.672785000E-5
1.420710000E+9	1.654225000E-5
1.420713333E+9	1.663450000E-5
1.420716667E+9	1.648810000E-5
1.420720000E+9	1.648767000E-5
1.420723333E+9	1.689085000E-5
1.420726667E+9	1.644735000E-5
1.420730000E+9	1.703721000E-5
1.420733333E+9	1.676194000E-5
1.420736667E+9	1.659830000E-5
1.420740000E+9	1.697351000E-5
1.420743333E+9	1.694122000E-5
1.420746667E+9	1.656228000E-5
1.420750000E+9	1.677621000E-5
1.420753333E+9	1.677906000E-5
1.420756667E+9	1.673061000E-5
1.420760000E+9	1.688536000E-5
1.420763333E+9	1.707242000E-5
1.420766667E+9	1.689499000E-5
1.420770000E+9	1.675638000E-5
1.420773333E+9	1.690558000E-5
1.420776667E+9	1.692854000E-5
1.420780000E+9	1.669537000E-5
1.420783333E+9	1.666783000E-5
1.420786667E+9	1.714609000E-5
1.420790000E+9	1.664255000E-5
1.420793333E+9	1.672770000E-5
1.420796667E+9	1.629285000E-5
1.420800000E+9	1.674729000E-5
1.420803333E+9	1.675690000E-5
1.420806667E+9	1.676407000E-5
1.420810000E+9	1.669054000E-5
1.420813333E+9	1.655460000E-5
1.420816667E+9	1.685837000E-5
1.420820000E+9	1.663004000E-5
1.420823333E+9	1.668894000E-5
1.420826667E+9	1.674621000E-5
1.420830000E+9	1.653847000E-5
1.420833333E+9	1.642257000E-5
1.420836667E+9	1.682788000E-5
1.420840000E+9	1.697038000E-5
1.420843333E+9	1.681473000E-5
1.420846667E+9	1.649339000E-5
1.420850000E+9	1.708860000E-5
1.420853333E+9	1.680591000E-5
1.420856667E+9	1.672295000E-5
1.420860000E+9	1.673070000E-5
1.420863333E+9	1.667879000E-5
1.420866667E+9	1.665513000E-5
1.420870000E+9	1.661652000E-5
1.420873333E+9	1.712305000E-5
1.420876667E+9	1.655100000E-5
1.420880000E+9	1.695872000E-5
1.420883333E+9	1.697727000E-5
1.420886667E+9	1.674989000E-5
1.420890000E+9	1.662142000E-5
1.420893333E+9	1.684492000E-5
1.420896667E+9	1.681761000E-5
1.420900000E+9	1.690265000E-5
1.420903333E+9	1.701448000E-5
1.420906667E+9	1.716693000E-5
1.420910000E+9	1.664899000E-5
1.420913333E+9	2.055325000E-5
1.420916667E+9	2.002928000E-5
1.420920000E+9	1.815882000E-5
1.420923333E+9	1.736613000E-5
1.420926667E+9	1.824395000E-5
1.420930000E+9	1.674068000E-5
1.420933333E+9	1.670733000E-5
1.420936667E+9	1.710401000E-5
1.420940000E+9	1.705016000E-5
1.420943333E+9	1.691942000E-5
1.420946667E+9	1.672091000E-5
1.420950000E+9	1.662816000E-5
1.420953333E+9	1.680786000E-5
1.420956667E+9	1.711498000E-5
1.420960000E+9	1.681755000E-5
1.420963333E+9	1.680159000E-5
1.420966667E+9	1.658877000E-5
1.420970000E+9	1.695492000E-5
1.420973333E+9	1.693613000E-5
1.420976667E+9	1.684307000E-5
1.420980000E+9	1.694167000E-5
1.420983333E+9	1.699029000E-5
1.420986667E+9	1.672238000E-5
1.420990000E+9	1.683877000E-5
1.420993333E+9	1.669319000E-5
1.420996667E+9	1.680061000E-5
1.421000000E+9	1.698003000E-5
1.421003333E+9	1.677372000E-5
1.421006667E+9	1.648781000E-5
1.421010000E+9	1.639035000E-5
1.421013333E+9	1.669054000E-5
1.421016667E+9	1.660902000E-5
1.421020000E+9	1.679716000E-5
1.421023333E+9	1.691166000E-5
1.421026667E+9	1.655611000E-5
1.421030000E+9	1.654910000E-5
1.421033333E+9	1.668606000E-5
1.421036667E+9	1.694206000E-5
1.421040000E+9	1.693536000E-5
1.421043333E+9	1.697075000E-5
1.421046667E+9	1.696591000E-5
1.421050000E+9	1.692735000E-5
1.421053333E+9	1.678868000E-5
1.421056667E+9	1.691853000E-5
1.421060000E+9	1.694924000E-5
1.421063333E+9	1.652186000E-5
1.421066667E+9	1.697537000E-5
1.421070000E+9	1.702696000E-5
1.421073333E+9	1.692085000E-5
1.421076667E+9	1.693272000E-5
1.421080000E+9	1.662013000E-5
1.421083333E+9	1.716625000E-5
1.421086667E+9	1.692650000E-5
1.421090000E+9	1.703050000E-5
1.421093333E+9	1.685747000E-5
1.421096667E+9	1.715615000E-5
1.421100000E+9	1.719349000E-5
1.421103333E+9	1.692728000E-5
1.421106667E+9	1.662212000E-5
1.421110000E+9	1.693968000E-5
1.421113333E+9	1.690726000E-5
1.421116667E+9	1.680076000E-5
1.421120000E+9	1.679740000E-5
1.421123333E+9	1.676525000E-5
1.421126667E+9	1.701282000E-5
1.421130000E+9	1.686458000E-5
1.421133333E+9	1.726469000E-5
1.421136667E+9	1.697041000E-5
1.421140000E+9	1.682908000E-5
1.421143333E+9	1.700856000E-5
1.421146667E+9	1.711611000E-5
1.421150000E+9	1.644766000E-5
1.421153333E+9	1.676521000E-5
1.421156667E+9	1.725256000E-5
1.421160000E+9	1.710520000E-5
1.421163333E+9	1.702437000E-5
1.421166667E+9	1.714722000E-5
1.421170000E+9	1.688192000E-5
1.421173333E+9	1.705857000E-5
1.421176667E+9	1.746077000E-5
1.421180000E+9	1.710799000E-5
1.421183333E+9	1.671205000E-5
1.421186667E+9	1.708652000E-5
1.421190000E+9	1.672172000E-5
1.421193333E+9	1.724508000E-5
1.421196667E+9	1.737100000E-5
1.421200000E+9	1.720727000E-5
1.421203333E+9	1.714673000E-5
1.421206667E+9	1.865289000E-5
1.421210000E+9	1.820239000E-5
1.421213333E+9	1.731583000E-5
1.421216667E+9	1.728514000E-5
1.421220000E+9	1.796941000E-5
1.421223333E+9	1.721780000E-5
1.421226667E+9	1.718837000E-5
1.421230000E+9	1.721319000E-5
1.421233333E+9	1.714538000E-5
1.421236667E+9	1.725976000E-5
1.421240000E+9	1.688946000E-5
1.421243333E+9	1.663939000E-5
1.421246667E+9	1.713574000E-5
1.421250000E+9	1.676799000E-5
1.421253333E+9	1.682500000E-5
1.421256667E+9	1.680565000E-5
1.421260000E+9	1.718814000E-5
1.421263333E+9	1.710533000E-5
1.421266667E+9	1.712694000E-5
1.421270000E+9	1.688535000E-5
1.421273333E+9	1.689497000E-5
1.421276667E+9	1.693035000E-5
1.421280000E+9	1.656175000E-5
1.421283333E+9	1.709971000E-5
1.421286667E+9	1.696402000E-5
1.421290000E+9	1.672473000E-5
1.421293333E+9	1.706337000E-5
1.421296667E+9	1.735089000E-5
1.421300000E+9	1.745062000E-5
1.421303333E+9	1.744636000E-5
1.421306667E+9	1.729573000E-5
1.421310000E+9	1.702510000E-5
1.421313333E+9	1.688547000E-5
1.421316667E+9	1.687558000E-5
1.421320000E+9	1.664482000E-5
1.421323333E+9	1.731895000E-5
1.421326667E+9	1.721336000E-5
1.421330000E+9	1.717952000E-5
1.421333333E+9	1.732302000E-5
1.421336667E+9	1.700318000E-5
1.421340000E+9	1.685665000E-5
1.421343333E+9	1.675336000E-5
1.421346667E+9	1.749215000E-5
1.421350000E+9	1.733088000E-5
1.421353333E+9	1.708716000E-5
1.421356667E+9	1.714969000E-5
1.421360000E+9	1.731808000E-5
1.421363333E+9	1.782678000E-5
1.421366667E+9	1.988274000E-5
1.421370000E+9	1.763646000E-5
1.421373333E+9	1.738147000E-5
1.421376667E+9	1.709326000E-5
1.421380000E+9	1.699527000E-5
1.421383333E+9	1.701164000E-5
1.421386667E+9	1.730277000E-5
1.421390000E+9	1.682149000E-5
1.421393333E+9	1.705112000E-5
1.421396667E+9	1.676976000E-5
1.421400000E+9	1.696002000E-5
