Frequency, Hz	Amplitude, Volts
1.419400000E+9	1.690163000E-5
1.419403333E+9	1.669477000E-5
1.419406667E+9	1.644514000E-5
1.419410000E+9	1.694535000E-5
1.419413333E+9	1.711585000E-5
1.419416667E+9	1.662557000E-5
1.419420000E+9	1.650402000E-5
1.419423333E+9	1.677644000E-5
1.419426667E+9	1.685325000E-5
1.419430000E+9	1.650413000E-5
1.419433333E+9	1.635165000E-5
1.419436667E+9	1.689542000E-5
1.419440000E+9	1.790650000E-5
1.419443333E+9	1.717913000E-5
1.419446667E+9	1.739531000E-5
1.419450000E+9	1.936627000E-5
1.419453333E+9	1.714726000E-5
1.419456667E+9	1.632655000E-5
1.419460000E+9	1.671447000E-5
1.419463333E+9	1.657978000E-5
1.419466667E+9	1.675174000E-5
1.419470000E+9	1.646983000E-5
1.419473333E+9	1.637074000E-5
1.419476667E+9	1.651038000E-5
1.419480000E+9	1.695414000E-5
1.419483333E+9	1.636654000E-5
1.419486667E+9	1.687197000E-5
1.419490000E+9	1.657643000E-5
1.419493333E+9	1.655024000E-5
1.419496667E+9	1.675241000E-5
1.419500000E+9	1.652165000E-5
1.419503333E+9	1.671660000E-5
1.419506667E+9	1.657827000E-5
1.419510000E+9	1.668414000E-5
1.419513333E+9	1.625597000E-5
1.419516667E+9	1.666097000E-5
1.419520000E+9	1.677396000E-5
1.419523333E+9	1.677180000E-5
1.419526667E+9	1.668473000E-5
1.419530000E+9	1.658398000E-5
1.419533333E+9	1.695088000E-5
1.419536667E+9	1.677099000E-5
1.419540000E+9	1.692126000E-5
1.419543333E+9	1.675862000E-5
1.419546667E+9	1.631938000E-5
1.419550000E+9	1.666135000E-5
1.419553333E+9	1.688308000E-5
1.419556667E+9	1.670854000E-5
1.419560000E+9	1.661039000E-5
1.419563333E+9	1.645277000E-5
1.419566667E+9	1.622433000E-5
1.419570000E+9	1.666182000E-5
1.419573333E+9	1.663134000E-5
1.419576667E+9	1.625870000E-5
1.419580000E+9	1.631435000E-5
1.419583333E+9	1.672423000E-5
1.419586667E+9	1.663517000E-5
1.419590000E+9	1.671898000E-5
1.419593333E+9	1.645945000E-5
1.419596667E+9	1.654657000E-5
1.419600000E+9	1.634624000E-5
1.419603333E+9	1.631411000E-5
1.419606667E+9	1.650071000E-5
1.419610000E+9	1.648389000E-5
1.419613333E+9	1.672491000E-5
1.419616667E+9	1.648426000E-5
1.419620000E+9	1.617876000E-5
1.419623333E+9	1.662551000E-5
1.419626667E+9	1.644966000E-5
1.419630000E+9	1.666662000E-5
1.419633333E+9	1.687517000E-5
1.419636667E+9	1.648512000E-5
1.419640000E+9	1.674735000E-5
1.419643333E+9	1.665274000E-5
1.419646667E+9	1.613847000E-5
1.419650000E+9	1.634368000E-5
1.419653333E+9	1.640079000E-5
1.419656667E+9	1.652627000E-5
1.419660000E+9	1.637943000E-5
1.419663333E+9	1.627284000E-5
1.419666667E+9	1.637808000E-5
1.419670000E+9	1.666936000E-5
1.419673333E+9	1.675581000E-5
1.419676667E+9	1.643832000E-5
1.419680000E+9	1.675390000E-5
1.419683333E+9	1.627602000E-5
1.419686667E+9	1.665883000E-5
1.419690000E+9	1.639467000E-5
1.419693333E+9	1.655102000E-5
1.419696667E+9	1.642948000E-5
1.419700000E+9	1.640179000E-5
1.419703333E+9	1.621096000E-5
1.419706667E+9	1.673119000E-5
1.419710000E+9	1.672792000E-5
1.419713333E+9	1.644018000E-5
1.419716667E+9	1.658134000E-5
1.419720000E+9	1.669026000E-5
1.419723333E+9	1.663505000E-5
1.419726667E+9	1.684222000E-5
1.419730000E+9	1.697893000E-5
1.419733333E+9	1.867523000E-5
1.419736667E+9	1.688574000E-5
1.419740000E+9	1.717347000E-5
1.419743333E+9	1.934070000E-5
1.419746667E+9	1.690642000E-5
1.419750000E+9	1.670970000E-5
1.419753333E+9	1.640925000E-5
1.419756667E+9	1.652422000E-5
1.419760000E+9	1.665184000E-5
1.419763333E+9	1.659358000E-5
1.419766667E+9	1.638470000E-5
1.419770000E+9	1.662170000E-5
1.419773333E+9	1.663687000E-5
1.419776667E+9	1.644150000E-5
1.419780000E+9	1.625411000E-5
1.419783333E+9	1.641675000E-5
1.419786667E+9	1.665998000E-5
1.419790000E+9	1.659814000E-5
1.419793333E+9	1.659156000E-5
1.419796667E+9	1.665594000E-5
1.419800000E+9	1.664756000E-5
1.419803333E+9	1.673737000E-5
1.419806667E+9	1.654833000E-5
1.419810000E+9	1.648841000E-5
1.419813333E+9	1.635500000E-5
1.419816667E+9	1.644294000E-5
1.419820000E+9	1.668508000E-5
1.419823333E+9	1.661389000E-5
1.419826667E+9	1.660444000E-5
1.419830000E+9	1.645105000E-5
1.419833333E+9	1.675377000E-5
1.419836667E+9	1.635281000E-5
1.419840000E+9	1.629710000E-5
1.419843333E+9	1.646872000E-5
1.419846667E+9	1.657579000E-5
1.419850000E+9	1.608104000E-5
1.419853333E+9	1.624503000E-5
1.419856667E+9	1.624969000E-5
1.419860000E+9	1.657388000E-5
1.419863333E+9	1.642322000E-5
1.419866667E+9	1.683712000E-5
1.419870000E+9	1.709605000E-5
1.419873333E+9	1.661610000E-5
1.419876667E+9	1.653655000E-5
1.419880000E+9	1.621205000E-5
1.419883333E+9	1.628544000E-5
1.419886667E+9	1.652226000E-5
1.419890000E+9	1.677092000E-5
1.419893333E+9	1.653709000E-5
1.419896667E+9	1.631603000E-5
1.419900000E+9	1.620157000E-5
1.419903333E+9	1.640255000E-5
1.419906667E+9	1.636744000E-5
1.419910000E+9	1.635314000E-5
1.419913333E+9	1.651046000E-5
1.419916667E+9	1.628178000E-5
1.419920000E+9	1.634897000E-5
1.419923333E+9	1.625959000E-5
1.419926667E+9	1.619723000E-5
1.419930000E+9	1.637184000E-5
1.419933333E+9	1.638684000E-5
1.419936667E+9	1.634983000E-5
1.419940000E+9	1.632153000E-5
1.419943333E+9	1.635138000E-5
1.419946667E+9	1.652344000E-5
1.419950000E+9	1.675406000E-5
1.419953333E+9	1.629474000E-5
1.419956667E+9	1.640646000E-5
1.419960000E+9	1.671887000E-5
1.419963333E+9	1.656635000E-5
1.419966667E+9	1.662418000E-5
1.419970000E+9	1.621306000E-5
1.419973333E+9	1.634797000E-5
1.419976667E+9	1.615840000E-5
1.419980000E+9	1.639780000E-5
1.419983333E+9	1.641017000E-5
1.419986667E+9	1.610192000E-5
1.419990000E+9	1.639967000E-5
1.419993333E+9	1.653056000E-5
1.419996667E+9	1.625959000E-5
1.420000000E+9	1.675105000E-5
1.420003333E+9	1.727840000E-5
1.420006667E+9	1.649632000E-5
1.420010000E+9	1.639926000E-5
1.420013333E+9	1.581265000E-5
1.420016667E+9	1.647706000E-5
1.420020000E+9	1.638993000E-5
1.420023333E+9	1.644755000E-5
1.420026667E+9	1.777276000E-5
1.420030000E+9	1.637795000E-5
1.420033333E+9	1.717924000E-5
1.420036667E+9	1.794256000E-5
1.420040000E+9	1.630006000E-5
1.420043333E+9	1.639490000E-5
1.420046667E+9	1.634682000E-5
1.420050000E+9	1.673463000E-5
1.420053333E+9	1.644384000E-5
1.420056667E+9	1.642699000E-5
1.420060000E+9	1.614907000E-5
1.420063333E+9	1.638462000E-5
1.420066667E+9	1.617684000E-5
1.420070000E+9	1.627463000E-5
1.420073333E+9	1.633482000E-5
1.420076667E+9	1.654254000E-5
1.420080000E+9	1.637680000E-5
1.420083333E+9	1.604189000E-5
1.420086667E+9	1.611559000E-5
1.420090000E+9	1.650029000E-5
1.420093333E+9	1.613310000E-5
1.420096667E+9	1.617506000E-5
1.420100000E+9	1.647824000E-5
1.420103333E+9	1.635732000E-5
1.420106667E+9	1.613447000E-5
1.420110000E+9	1.638245000E-5
1.420113333E+9	1.638381000E-5
1.420116667E+9	1.631171000E-5
1.420120000E+9	1.617116000E-5
1.420123333E+9	1.596938000E-5
1.420126667E+9	1.637865000E-5
1.420130000E+9	1.652662000E-5
1.420133333E+9	1.618981000E-5
1.420136667E+9	1.623070000E-5
1.420140000E+9	1.665405000E-5
1.420143333E+9	1.624976000E-5
1.420146667E+9	1.625909000E-5
1.420150000E+9	1.630523000E-5
1.420153333E+9	1.614980000E-5
1.420156667E+9	1.630394000E-5
1.420160000E+9	1.609011000E-5
1.420163333E+9	1.605757000E-5
1.420166667E+9	1.614238000E-5
1.420170000E+9	1.641673000E-5
1.420173333E+9	1.625418000E-5
1.420176667E+9	1.626441000E-5
1.420180000E+9	1.623437000E-5
1.420183333E+9	1.618146000E-5
1.420186667E+9	1.631744000E-5
1.420190000E+9	1.630729000E-5
1.420193333E+9	1.643542000E-5
1.420196667E+9	1.601475000E-5
1.420200000E+9	1.626796000E-5
1.420203333E+9	1.616069000E-5
1.420206667E+9	1.612676000E-5
1.420210000E+9	1.624585000E-5
1.420213333E+9	1.623549000E-5
1.420216667E+9	1.641161000E-5
1.420220000E+9	1.599133000E-5
1.420223333E+9	1.598987000E-5
1.420226667E+9	1.617018000E-5
1.420230000E+9	1.622843000E-5
1.420233333E+9	1.641106000E-5
1.420236667E+9	1.603789000E-5
1.420240000E+9	1.648032000E-5
1.420243333E+9	1.611894000E-5
1.420246667E+9	1.638599000E-5
1.420250000E+9	1.641668000E-5
1.420253333E+9	1.625643000E-5
1.420256667E+9	1.609388000E-5
1.420260000E+9	1.630518000E-5
1.420263333E+9	1.638167000E-5
1.420266667E+9	1.684655000E-5
1.420270000E+9	1.605031000E-5
1.420273333E+9	1.624032000E-5
1.420276667E+9	1.614138000E-5
1.420280000E+9	1.634547000E-5
1.420283333E+9	1.620226000E-5
1.420286667E+9	1.628069000E-5
1.420290000E+9	1.612292000E-5
1.420293333E+9	1.640059000E-5
1.420296667E+9	1.722773000E-5
1.420300000E+9	1.632142000E-5
1.420303333E+9	1.652917000E-5
1.420306667E+9	1.640298000E-5
1.420310000E+9	1.665111000E-5
1.420313333E+9	1.625475000E-5
1.420316667E+9	1.667237000E-5
1.420320000E+9	1.749482000E-5
1.420323333E+9	1.617400000E-5
1.420326667E+9	1.706942000E-5
1.420330000E+9	1.762894000E-5
1.420333333E+9	1.679725000E-5
1.420336667E+9	1.651162000E-5
1.420340000E+9	1.639713000E-5
1.420343333E+9	1.628147000E-5
1.420346667E+9	1.667714000E-5
1.420350000E+9	1.658174000E-5
1.420353333E+9	1.632252000E-5
1.420356667E+9	1.650506000E-5
1.420360000E+9	1.658923000E-5
1.420363333E+9	1.649958000E-5
1.420366667E+9	1.651834000E-5
1.420370000E+9	1.647525000E-5
1.420373333E+9	1.618613000E-5
1.420376667E+9	1.667334000E-5
1.420380000E+9	1.630460000E-5
1.420383333E+9	1.678317000E-5
1.420386667E+9	1.662435000E-5
1.420390000E+9	1.680520000E-5
1.420393333E+9	1.675592000E-5
1.420396667E+9	1.678862000E-5
1.420400000E+9	1.693927000E-5
1.420403333E+9	1.702584000E-5
1.420406667E+9	1.731794000E-5
1.420410000E+9	1.751506000E-5
1.420413333E+9	1.749841000E-5
1.420416667E+9	1.788371000E-5
1.420420000E+9	1.771332000E-5
1.420423333E+9	1.788558000E-5
1.420426667E+9	1.842217000E-5
1.420430000E+9	1.810874000E-5
1.420433333E+9	1.801844000E-5
1.420436667E+9	1.835969000E-5
1.420440000E+9	1.843200000E-5
1.420443333E+9	1.869903000E-5
1.420446667E+9	1.874456000E-5
1.420450000E+9	1.888667000E-5
1.420453333E+9	1.915473000E-5
1.420456667E+9	1.913546000E-5
1.420460000E+9	1.896553000E-5
1.420463333E+9	1.941217000E-5
1.420466667E+9	1.943023000E-5
1.420470000E+9	1.926561000E-5
1.420473333E+9	1.915999000E-5
1.420476667E+9	1.923127000E-5
1.420480000E+9	1.890395000E-5
1.420483333E+9	1.911545000E-5
1.420486667E+9	1.899354000E-5
1.420490000E+9	1.933858000E-5
1.420493333E+9	1.911238000E-5
1.420496667E+9	1.889644000E-5
1.420500000E+9	1.888597000E-5
1.420503333E+9	1.924990000E-5
1.420506667E+9	1.828343000E-5
1.420510000E+9	1.824844000E-5
1.420513333E+9	1.799717000E-5
1.420516667E+9	1.794890000E-5
1.420520000E+9	1.788938000E-5
1.420523333E+9	1.762931000E-5
1.420526667E+9	1.774102000E-5
1.420530000E+9	1.757665000E-5
1.420533333E+9	1.758448000E-5
1.420536667E+9	1.712173000E-5
1.420540000E+9	1.731726000E-5
1.420543333E+9	1.737958000E-5
1.420546667E+9	1.722143000E-5
1.420550000E+9	1.713014000E-5
1.420553333E+9	1.696728000E-5
1.420556667E+9	1.668136000E-5
1.420560000E+9	1.674119000E-5
1.420563333E+9	1.682047000E-5
1.420566667E+9	1.690210000E-5
1.420570000E+9	1.662739000E-5
1.420573333E+9	1.643211000E-5
1.420576667E+9	1.627911000E-5
1.420580000E+9	1.678002000E-5
1.420583333E+9	1.663598000E-5
1.420586667E+9	1.657645000E-5
1.420590000E+9	1.727341000E-5
1.420593333E+9	1.674172000E-5
1.420596667E+9	1.648481000E-5
1.420600000E+9	1.678516000E-5
1.420603333E+9	1.729003000E-5
1.420606667E+9	1.659836000E-5
1.420610000E+9	1.684024000E-5
1.420613333E+9	1.773119000E-5
1.420616667E+9	1.634273000E-5
1.420620000E+9	1.803356000E-5
1.420623333E+9	1.857601000E-5
1.420626667E+9	1.672963000E-5
1.420630000E+9	1.628814000E-5
1.420633333E+9	1.655989000E-5
1.420636667E+9	1.644917000E-5
1.420640000E+9	1.630321000E-5
1.420643333E+9	1.619291000E-5
1.420646667E+9	1.656844000E-5
1.420650000E+9	1.635628000E-5
1.420653333E+9	1.643718000E-5
1.420656667E+9	1.629249000E-5
1.420660000E+9	1.657213000E-5
1.420663333E+9	1.643278000E-5
1.420666667E+9	1.604620000E-5
1.420670000E+9	1.664157000E-5
1.420673333E+9	1.604693000E-5
1.420676667E+9	1.618324000E-5
1.420680000E+9	1.637536000E-5
1.420683333E+9	1.639776000E-5
1.420686667E+9	1.630829000E-5
1.420690000E+9	1.617405000E-5
1.420693333E+9	1.656062000E-5
1.420696667E+9	1.652889000E-5
1.420700000E+9	1.659613000E-5
1.420703333E+9	1.609780000E-5
1.420706667E+9	1.643524000E-5
1.420710000E+9	1.631420000E-5
1.420713333E+9	1.628104000E-5
1.420716667E+9	1.618018000E-5
1.420720000E+9	1.601728000E-5
1.420723333E+9	1.634703000E-5
1.420726667E+9	1.609835000E-5
1.420730000E+9	1.609791000E-5
1.420733333E+9	1.609066000E-5
1.420736667E+9	1.614008000E-5
1.420740000E+9	1.638435000E-5
1.420743333E+9	1.651455000E-5
1.420746667E+9	1.636000000E-5
1.420750000E+9	1.618617000E-5
1.420753333E+9	1.624870000E-5
1.420756667E+9	1.611350000E-5
1.420760000E+9	1.598778000E-5
1.420763333E+9	1.630315000E-5
1.420766667E+9	1.610919000E-5
1.420770000E+9	1.633939000E-5
1.420773333E+9	1.638218000E-5
1.420776667E+9	1.638608000E-5
1.420780000E+9	1.622629000E-5
1.420783333E+9	1.614682000E-5
1.420786667E+9	1.616374000E-5
1.420790000E+9	1.644256000E-5
1.420793333E+9	1.617418000E-5
1.420796667E+9	1.627872000E-5
1.420800000E+9	1.631512000E-5
1.420803333E+9	1.618299000E-5
1.420806667E+9	1.633248000E-5
1.420810000E+9	1.628534000E-5
1.420813333E+9	1.607302000E-5
1.420816667E+9	1.646824000E-5
1.420820000E+9	1.606819000E-5
1.420823333E+9	1.647113000E-5
1.420826667E+9	1.653231000E-5
1.420830000E+9	1.636190000E-5
1.420833333E+9	1.622323000E-5
1.420836667E+9	1.623948000E-5
1.420840000E+9	1.605531000E-5
1.420843333E+9	1.632026000E-5
1.420846667E+9	1.636974000E-5
1.420850000E+9	1.597359000E-5
1.420853333E+9	1.638595000E-5
1.420856667E+9	1.665561000E-5
1.420860000E+9	1.650328000E-5
1.420863333E+9	1.598271000E-5
1.420866667E+9	1.619726000E-5
1.420870000E+9	1.625706000E-5
1.420873333E+9	1.636097000E-5
1.420876667E+9	1.603396000E-5
1.420880000E+9	1.578237000E-5
1.420883333E+9	2.042009000E-5
1.420886667E+9	1.919347000E-5
1.420890000E+9	1.649529000E-5
1.420893333E+9	1.636781000E-5
1.420896667E+9	1.639384000E-5
1.420900000E+9	1.634348000E-5
1.420903333E+9	1.773354000E-5
1.420906667E+9	2.029216000E-5
1.420910000E+9	1.693784000E-5
1.420913333E+9	2.107387000E-5
1.420916667E+9	2.045761000E-5
1.420920000E+9	1.656162000E-5
1.420923333E+9	1.630618000E-5
1.420926667E+9	1.631530000E-5
1.420930000E+9	1.700546000E-5
1.420933333E+9	1.638560000E-5
1.420936667E+9	1.648870000E-5
1.420940000E+9	1.635756000E-5
1.420943333E+9	1.648119000E-5
1.420946667E+9	1.606438000E-5
1.420950000E+9	1.619532000E-5
1.420953333E+9	1.651299000E-5
1.420956667E+9	1.591342000E-5
1.420960000E+9	1.613400000E-5
1.420963333E+9	1.646869000E-5
1.420966667E+9	1.645313000E-5
1.420970000E+9	1.617713000E-5
1.420973333E+9	1.624271000E-5
1.420976667E+9	1.611637000E-5
1.420980000E+9	1.641423000E-5
1.420983333E+9	1.666600000E-5
1.420986667E+9	1.651448000E-5
1.420990000E+9	1.628585000E-5
1.420993333E+9	1.635917000E-5
1.420996667E+9	1.636447000E-5
1.421000000E+9	1.630917000E-5
1.421003333E+9	1.631981000E-5
1.421006667E+9	1.616264000E-5
1.421010000E+9	1.609600000E-5
1.421013333E+9	1.639618000E-5
1.421016667E+9	1.617791000E-5
1.421020000E+9	1.587452000E-5
1.421023333E+9	1.638110000E-5
1.421026667E+9	1.617313000E-5
1.421030000E+9	1.656217000E-5
1.421033333E+9	1.631589000E-5
1.421036667E+9	1.591903000E-5
1.421040000E+9	1.672921000E-5
1.421043333E+9	1.619390000E-5
1.421046667E+9	1.660258000E-5
1.421050000E+9	1.622109000E-5
1.421053333E+9	1.607180000E-5
1.421056667E+9	1.617499000E-5
1.421060000E+9	1.614965000E-5
1.421063333E+9	1.636598000E-5
1.421066667E+9	1.658681000E-5
1.421070000E+9	1.633446000E-5
1.421073333E+9	1.601334000E-5
1.421076667E+9	1.632544000E-5
1.421080000E+9	1.623041000E-5
1.421083333E+9	1.666270000E-5
1.421086667E+9	1.647663000E-5
1.421090000E+9	1.632467000E-5
1.421093333E+9	1.621766000E-5
1.421096667E+9	1.657141000E-5
1.421100000E+9	1.657259000E-5
1.421103333E+9	1.650130000E-5
1.421106667E+9	1.626786000E-5
1.421110000E+9	1.646845000E-5
1.421113333E+9	1.623713000E-5
1.421116667E+9	1.640886000E-5
1.421120000E+9	1.638024000E-5
1.421123333E+9	1.638094000E-5
1.421126667E+9	1.674943000E-5
1.421130000E+9	1.636366000E-5
1.421133333E+9	1.641844000E-5
1.421136667E+9	1.638738000E-5
1.421140000E+9	1.661053000E-5
1.421143333E+9	1.648075000E-5
1.421146667E+9	1.665742000E-5
1.421150000E+9	1.651131000E-5
1.421153333E+9	1.653920000E-5
1.421156667E+9	1.654995000E-5
1.421160000E+9	1.628158000E-5
1.421163333E+9	1.650429000E-5
1.421166667E+9	1.643836000E-5
1.421170000E+9	1.662407000E-5
1.421173333E+9	1.629059000E-5
1.421176667E+9	1.833097000E-5
1.421180000E+9	2.104254000E-5
1.421183333E+9	1.662227000E-5
1.421186667E+9	1.650649000E-5
1.421190000E+9	1.648497000E-5
1.421193333E+9	1.634789000E-5
1.421196667E+9	1.699508000E-5
1.421200000E+9	1.698432000E-5
1.421203333E+9	1.651914000E-5
1.421206667E+9	1.830352000E-5
1.421210000E+9	1.769721000E-5
1.421213333E+9	1.645067000E-5
1.421216667E+9	1.662705000E-5
1.421220000E+9	1.670827000E-5
1.421223333E+9	1.660361000E-5
1.421226667E+9	1.641316000E-5
1.421230000E+9	1.640671000E-5
1.421233333E+9	1.677899000E-5
1.421236667E+9	1.631791000E-5
1.421240000E+9	1.645743000E-5
1.421243333E+9	1.628991000E-5
1.421246667E+9	1.664267000E-5
1.421250000E+9	1.651031000E-5
1.421253333E+9	1.631024000E-5
1.421256667E+9	1.620294000E-5
1.421260000E+9	1.650000000E-5
1.421263333E+9	1.629560000E-5
1.421266667E+9	1.641006000E-5
1.421270000E+9	1.641172000E-5
1.421273333E+9	1.652146000E-5
1.421276667E+9	1.640284000E-5
1.421280000E+9	1.649319000E-5
1.421283333E+9	1.645056000E-5
1.421286667E+9	1.624496000E-5
1.421290000E+9	1.651684000E-5
1.421293333E+9	1.648886000E-5
1.421296667E+9	1.666219000E-5
1.421300000E+9	1.652939000E-5
1.421303333E+9	1.658804000E-5
1.421306667E+9	1.623107000E-5
1.421310000E+9	1.674296000E-5
1.421313333E+9	1.683963000E-5
1.421316667E+9	1.651693000E-5
1.421320000E+9	1.666625000E-5
1.421323333E+9	1.635675000E-5
1.421326667E+9	1.639980000E-5
1.421330000E+9	1.657088000E-5
1.421333333E+9	1.685467000E-5
1.421336667E+9	1.715210000E-5
1.421340000E+9	1.722922000E-5
1.421343333E+9	1.737949000E-5
1.421346667E+9	1.830800000E-5
1.421350000E+9	1.760366000E-5
1.421353333E+9	1.704528000E-5
1.421356667E+9	1.692787000E-5
1.421360000E+9	1.714165000E-5
1.421363333E+9	1.688785000E-5
1.421366667E+9	1.744449000E-5
1.421370000E+9	1.694031000E-5
1.421373333E+9	1.638394000E-5
1.421376667E+9	1.687695000E-5
1.421380000E+9	1.649064000E-5
1.421383333E+9	1.658012000E-5
1.421386667E+9	1.691576000E-5
1.421390000E+9	1.671219000E-5
1.421393333E+9	1.642218000E-5
1.421396667E+9	1.680615000E-5
1.421400000E+9	1.679678000E-5
