Frequency, Hz	Amplitude, Volts
1.419400000E+9	2.196982000E-5
1.419403333E+9	2.226410000E-5
1.419406667E+9	2.235498000E-5
1.419410000E+9	2.202795000E-5
1.419413333E+9	2.232241000E-5
1.419416667E+9	2.289830000E-5
1.419420000E+9	2.179768000E-5
1.419423333E+9	2.194048000E-5
1.419426667E+9	2.229255000E-5
1.419430000E+9	2.225164000E-5
1.419433333E+9	2.288870000E-5
1.419436667E+9	2.239888000E-5
1.419440000E+9	2.303887000E-5
1.419443333E+9	2.172786000E-5
1.419446667E+9	2.246025000E-5
1.419450000E+9	2.322707000E-5
1.419453333E+9	2.608979000E-5
1.419456667E+9	2.443224000E-5
1.419460000E+9	2.363734000E-5
1.419463333E+9	2.328350000E-5
1.419466667E+9	2.172507000E-5
1.419470000E+9	2.242834000E-5
1.419473333E+9	2.190656000E-5
1.419476667E+9	2.180609000E-5
1.419480000E+9	2.189497000E-5
1.419483333E+9	2.584473000E-5
1.419486667E+9	2.323396000E-5
1.419490000E+9	2.259503000E-5
1.419493333E+9	2.195547000E-5
1.419496667E+9	2.194142000E-5
1.419500000E+9	2.218716000E-5
1.419503333E+9	2.229799000E-5
1.419506667E+9	2.231459000E-5
1.419510000E+9	2.218251000E-5
1.419513333E+9	2.206148000E-5
1.419516667E+9	2.269214000E-5
1.419520000E+9	2.222437000E-5
1.419523333E+9	2.300317000E-5
1.419526667E+9	2.315295000E-5
1.419530000E+9	2.198251000E-5
1.419533333E+9	2.170223000E-5
1.419536667E+9	2.194792000E-5
1.419540000E+9	2.209600000E-5
1.419543333E+9	2.184248000E-5
1.419546667E+9	2.187604000E-5
1.419550000E+9	2.245360000E-5
1.419553333E+9	2.232876000E-5
1.419556667E+9	2.224832000E-5
1.419560000E+9	2.200796000E-5
1.419563333E+9	2.233955000E-5
1.419566667E+9	2.200344000E-5
1.419570000E+9	2.161418000E-5
1.419573333E+9	2.198420000E-5
1.419576667E+9	2.202853000E-5
1.419580000E+9	2.191068000E-5
1.419583333E+9	2.203710000E-5
1.419586667E+9	2.232797000E-5
1.419590000E+9	2.288533000E-5
1.419593333E+9	2.464941000E-5
1.419596667E+9	2.196044000E-5
1.419600000E+9	2.257775000E-5
1.419603333E+9	2.233324000E-5
1.419606667E+9	2.207948000E-5
1.419610000E+9	2.210376000E-5
1.419613333E+9	2.206935000E-5
1.419616667E+9	2.176877000E-5
1.419620000E+9	2.196374000E-5
1.419623333E+9	2.181911000E-5
1.419626667E+9	2.246745000E-5
1.419630000E+9	2.220690000E-5
1.419633333E+9	2.272815000E-5
1.419636667E+9	2.206618000E-5
1.419640000E+9	2.273489000E-5
1.419643333E+9	2.232089000E-5
1.419646667E+9	2.232996000E-5
1.419650000E+9	2.175063000E-5
1.419653333E+9	2.203165000E-5
1.419656667E+9	2.196523000E-5
1.419660000E+9	2.430096000E-5
1.419663333E+9	2.232743000E-5
1.419666667E+9	2.187589000E-5
1.419670000E+9	2.188577000E-5
1.419673333E+9	2.203393000E-5
1.419676667E+9	2.212149000E-5
1.419680000E+9	2.207505000E-5
1.419683333E+9	2.232604000E-5
1.419686667E+9	2.252154000E-5
1.419690000E+9	2.159437000E-5
1.419693333E+9	2.230783000E-5
1.419696667E+9	2.215272000E-5
1.419700000E+9	2.205428000E-5
1.419703333E+9	2.175510000E-5
1.419706667E+9	2.175665000E-5
1.419710000E+9	2.182721000E-5
1.419713333E+9	2.178395000E-5
1.419716667E+9	2.238077000E-5
1.419720000E+9	2.213968000E-5
1.419723333E+9	2.219281000E-5
1.419726667E+9	2.433837000E-5
1.419730000E+9	2.335375000E-5
1.419733333E+9	2.503377000E-5
1.419736667E+9	2.201098000E-5
1.419740000E+9	2.218163000E-5
1.419743333E+9	2.208748000E-5
1.419746667E+9	2.543578000E-5
1.419750000E+9	2.362029000E-5
1.419753333E+9	2.358026000E-5
1.419756667E+9	2.280208000E-5
1.419760000E+9	2.200944000E-5
1.419763333E+9	2.199340000E-5
1.419766667E+9	2.184591000E-5
1.419770000E+9	2.255379000E-5
1.419773333E+9	2.194214000E-5
1.419776667E+9	2.171379000E-5
1.419780000E+9	2.225059000E-5
1.419783333E+9	2.231675000E-5
1.419786667E+9	2.251388000E-5
1.419790000E+9	2.322921000E-5
1.419793333E+9	2.361003000E-5
1.419796667E+9	2.288422000E-5
1.419800000E+9	2.177879000E-5
1.419803333E+9	2.203543000E-5
1.419806667E+9	2.166217000E-5
1.419810000E+9	2.236681000E-5
1.419813333E+9	2.212834000E-5
1.419816667E+9	2.202984000E-5
1.419820000E+9	2.223013000E-5
1.419823333E+9	2.208198000E-5
1.419826667E+9	2.209330000E-5
1.419830000E+9	2.214727000E-5
1.419833333E+9	2.227244000E-5
1.419836667E+9	2.209098000E-5
1.419840000E+9	2.177577000E-5
1.419843333E+9	2.211163000E-5
1.419846667E+9	2.160649000E-5
1.419850000E+9	2.174753000E-5
1.419853333E+9	2.218926000E-5
1.419856667E+9	2.231748000E-5
1.419860000E+9	2.201785000E-5
1.419863333E+9	2.227430000E-5
1.419866667E+9	2.232042000E-5
1.419870000E+9	2.205569000E-5
1.419873333E+9	2.177176000E-5
1.419876667E+9	2.222510000E-5
1.419880000E+9	2.185856000E-5
1.419883333E+9	2.208050000E-5
1.419886667E+9	2.214484000E-5
1.419890000E+9	2.150796000E-5
1.419893333E+9	2.205893000E-5
1.419896667E+9	2.279505000E-5
1.419900000E+9	2.230109000E-5
1.419903333E+9	2.166493000E-5
1.419906667E+9	2.190226000E-5
1.419910000E+9	2.184963000E-5
1.419913333E+9	2.213220000E-5
1.419916667E+9	2.175947000E-5
1.419920000E+9	2.192711000E-5
1.419923333E+9	2.230594000E-5
1.419926667E+9	2.194624000E-5
1.419930000E+9	2.225858000E-5
1.419933333E+9	2.200057000E-5
1.419936667E+9	2.239151000E-5
1.419940000E+9	2.255854000E-5
1.419943333E+9	2.213023000E-5
1.419946667E+9	2.196490000E-5
1.419950000E+9	2.231104000E-5
1.419953333E+9	2.171499000E-5
1.419956667E+9	2.205663000E-5
1.419960000E+9	2.214720000E-5
1.419963333E+9	2.213106000E-5
1.419966667E+9	2.176535000E-5
1.419970000E+9	2.187035000E-5
1.419973333E+9	2.189901000E-5
1.419976667E+9	2.190478000E-5
1.419980000E+9	2.233015000E-5
1.419983333E+9	2.284647000E-5
1.419986667E+9	2.176277000E-5
1.419990000E+9	2.210354000E-5
1.419993333E+9	2.201432000E-5
1.419996667E+9	2.249426000E-5
1.420000000E+9	2.264157000E-5
1.420003333E+9	2.241015000E-5
1.420006667E+9	2.212355000E-5
1.420010000E+9	2.183033000E-5
1.420013333E+9	2.204676000E-5
1.420016667E+9	2.169978000E-5
1.420020000E+9	2.218994000E-5
1.420023333E+9	2.214389000E-5
1.420026667E+9	2.279397000E-5
1.420030000E+9	2.251912000E-5
1.420033333E+9	2.244524000E-5
1.420036667E+9	2.208438000E-5
1.420040000E+9	2.573784000E-5
1.420043333E+9	2.263821000E-5
1.420046667E+9	2.322697000E-5
1.420050000E+9	2.300393000E-5
1.420053333E+9	2.183376000E-5
1.420056667E+9	2.218565000E-5
1.420060000E+9	2.173392000E-5
1.420063333E+9	2.211969000E-5
1.420066667E+9	2.234784000E-5
1.420070000E+9	2.216177000E-5
1.420073333E+9	2.221905000E-5
1.420076667E+9	2.249540000E-5
1.420080000E+9	2.189336000E-5
1.420083333E+9	2.186163000E-5
1.420086667E+9	2.144238000E-5
1.420090000E+9	2.194624000E-5
1.420093333E+9	2.208426000E-5
1.420096667E+9	2.224929000E-5
1.420100000E+9	2.208950000E-5
1.420103333E+9	2.229737000E-5
1.420106667E+9	2.203775000E-5
1.420110000E+9	2.223984000E-5
1.420113333E+9	2.207803000E-5
1.420116667E+9	2.187462000E-5
1.420120000E+9	2.203095000E-5
1.420123333E+9	2.177745000E-5
1.420126667E+9	2.218555000E-5
1.420130000E+9	2.224270000E-5
1.420133333E+9	2.343899000E-5
1.420136667E+9	2.268031000E-5
1.420140000E+9	2.189959000E-5
1.420143333E+9	2.169809000E-5
1.420146667E+9	2.234288000E-5
1.420150000E+9	2.162443000E-5
1.420153333E+9	2.173037000E-5
1.420156667E+9	2.186370000E-5
1.420160000E+9	2.199103000E-5
1.420163333E+9	2.213657000E-5
1.420166667E+9	2.169442000E-5
1.420170000E+9	2.185988000E-5
1.420173333E+9	2.209583000E-5
1.420176667E+9	2.180285000E-5
1.420180000E+9	2.163210000E-5
1.420183333E+9	2.181691000E-5
1.420186667E+9	2.195135000E-5
1.420190000E+9	2.164731000E-5
1.420193333E+9	2.200748000E-5
1.420196667E+9	2.236448000E-5
1.420200000E+9	2.273746000E-5
1.420203333E+9	2.169235000E-5
1.420206667E+9	2.195675000E-5
1.420210000E+9	2.194918000E-5
1.420213333E+9	2.167611000E-5
1.420216667E+9	2.228920000E-5
1.420220000E+9	2.190101000E-5
1.420223333E+9	2.191705000E-5
1.420226667E+9	2.214408000E-5
1.420230000E+9	2.231454000E-5
1.420233333E+9	2.201190000E-5
1.420236667E+9	2.232305000E-5
1.420240000E+9	2.198642000E-5
1.420243333E+9	2.175857000E-5
1.420246667E+9	2.203306000E-5
1.420250000E+9	2.179345000E-5
1.420253333E+9	2.214092000E-5
1.420256667E+9	2.221356000E-5
1.420260000E+9	2.198437000E-5
1.420263333E+9	2.189197000E-5
1.420266667E+9	2.233449000E-5
1.420270000E+9	2.194289000E-5
1.420273333E+9	2.179302000E-5
1.420276667E+9	2.237489000E-5
1.420280000E+9	2.278106000E-5
1.420283333E+9	2.225301000E-5
1.420286667E+9	2.156137000E-5
1.420290000E+9	2.205983000E-5
1.420293333E+9	2.205736000E-5
1.420296667E+9	2.221629000E-5
1.420300000E+9	2.221427000E-5
1.420303333E+9	2.191373000E-5
1.420306667E+9	2.241387000E-5
1.420310000E+9	2.284142000E-5
1.420313333E+9	2.257817000E-5
1.420316667E+9	2.176607000E-5
1.420320000E+9	2.267839000E-5
1.420323333E+9	2.281022000E-5
1.420326667E+9	2.230695000E-5
1.420330000E+9	2.256095000E-5
1.420333333E+9	2.546126000E-5
1.420336667E+9	2.311769000E-5
1.420340000E+9	2.306625000E-5
1.420343333E+9	2.229833000E-5
1.420346667E+9	2.182182000E-5
1.420350000E+9	2.174199000E-5
1.420353333E+9	2.202379000E-5
1.420356667E+9	2.204046000E-5
1.420360000E+9	2.163642000E-5
1.420363333E+9	2.257534000E-5
1.420366667E+9	2.319397000E-5
1.420370000E+9	2.201976000E-5
1.420373333E+9	2.202099000E-5
1.420376667E+9	2.213942000E-5
1.420380000E+9	2.172774000E-5
1.420383333E+9	2.194315000E-5
1.420386667E+9	2.203074000E-5
1.420390000E+9	2.197469000E-5
1.420393333E+9	2.211738000E-5
1.420396667E+9	2.207980000E-5
1.420400000E+9	2.200381000E-5
1.420403333E+9	2.213132000E-5
1.420406667E+9	2.239335000E-5
1.420410000E+9	2.216768000E-5
1.420413333E+9	2.214581000E-5
1.420416667E+9	2.168318000E-5
1.420420000E+9	2.172121000E-5
1.420423333E+9	2.186746000E-5
1.420426667E+9	2.200004000E-5
1.420430000E+9	2.220698000E-5
1.420433333E+9	2.217043000E-5
1.420436667E+9	2.240282000E-5
1.420440000E+9	2.219978000E-5
1.420443333E+9	2.187431000E-5
1.420446667E+9	2.240698000E-5
1.420450000E+9	2.197416000E-5
1.420453333E+9	2.223655000E-5
1.420456667E+9	2.219320000E-5
1.420460000E+9	2.202411000E-5
1.420463333E+9	2.200313000E-5
1.420466667E+9	2.130335000E-5
1.420470000E+9	2.182050000E-5
1.420473333E+9	2.194282000E-5
1.420476667E+9	2.168482000E-5
1.420480000E+9	2.214294000E-5
1.420483333E+9	2.185347000E-5
1.420486667E+9	2.183687000E-5
1.420490000E+9	2.168739000E-5
1.420493333E+9	2.193217000E-5
1.420496667E+9	2.223962000E-5
1.420500000E+9	2.250716000E-5
1.420503333E+9	2.159890000E-5
1.420506667E+9	2.190666000E-5
1.420510000E+9	2.225782000E-5
1.420513333E+9	2.208067000E-5
1.420516667E+9	2.239131000E-5
1.420520000E+9	2.240356000E-5
1.420523333E+9	2.212163000E-5
1.420526667E+9	2.189810000E-5
1.420530000E+9	2.213179000E-5
1.420533333E+9	2.195969000E-5
1.420536667E+9	2.222642000E-5
1.420540000E+9	2.220976000E-5
1.420543333E+9	2.184181000E-5
1.420546667E+9	2.134673000E-5
1.420550000E+9	2.170783000E-5
1.420553333E+9	2.173011000E-5
1.420556667E+9	2.159470000E-5
1.420560000E+9	2.150706000E-5
1.420563333E+9	2.183349000E-5
1.420566667E+9	2.206608000E-5
1.420570000E+9	2.232726000E-5
1.420573333E+9	2.192110000E-5
1.420576667E+9	2.195373000E-5
1.420580000E+9	2.203390000E-5
1.420583333E+9	2.174753000E-5
1.420586667E+9	2.177917000E-5
1.420590000E+9	2.195544000E-5
1.420593333E+9	2.194277000E-5
1.420596667E+9	2.193058000E-5
1.420600000E+9	2.278059000E-5
1.420603333E+9	2.309207000E-5
1.420606667E+9	2.309775000E-5
1.420610000E+9	2.217732000E-5
1.420613333E+9	2.203202000E-5
1.420616667E+9	2.195108000E-5
1.420620000E+9	2.272807000E-5
1.420623333E+9	2.286157000E-5
1.420626667E+9	2.600959000E-5
1.420630000E+9	2.194482000E-5
1.420633333E+9	2.345856000E-5
1.420636667E+9	2.256263000E-5
1.420640000E+9	2.221078000E-5
1.420643333E+9	2.218974000E-5
1.420646667E+9	2.272775000E-5
1.420650000E+9	2.178615000E-5
1.420653333E+9	2.199393000E-5
1.420656667E+9	2.166231000E-5
1.420660000E+9	2.226814000E-5
1.420663333E+9	2.309334000E-5
1.420666667E+9	2.180669000E-5
1.420670000E+9	2.252713000E-5
1.420673333E+9	2.256446000E-5
1.420676667E+9	2.197551000E-5
1.420680000E+9	2.157927000E-5
1.420683333E+9	2.213067000E-5
1.420686667E+9	2.189310000E-5
1.420690000E+9	2.266027000E-5
1.420693333E+9	2.165415000E-5
1.420696667E+9	2.157169000E-5
1.420700000E+9	2.233445000E-5
1.420703333E+9	2.206448000E-5
1.420706667E+9	2.201855000E-5
1.420710000E+9	2.192090000E-5
1.420713333E+9	2.192853000E-5
1.420716667E+9	2.209323000E-5
1.420720000E+9	2.239955000E-5
1.420723333E+9	2.202691000E-5
1.420726667E+9	2.183843000E-5
1.420730000E+9	2.226599000E-5
1.420733333E+9	2.209498000E-5
1.420736667E+9	2.216106000E-5
1.420740000E+9	2.280479000E-5
1.420743333E+9	2.210968000E-5
1.420746667E+9	2.219128000E-5
1.420750000E+9	2.202476000E-5
1.420753333E+9	2.208183000E-5
1.420756667E+9	2.205828000E-5
1.420760000E+9	2.222495000E-5
1.420763333E+9	2.199149000E-5
1.420766667E+9	2.131158000E-5
1.420770000E+9	2.199262000E-5
1.420773333E+9	2.210638000E-5
1.420776667E+9	2.197213000E-5
1.420780000E+9	2.217262000E-5
1.420783333E+9	2.224969000E-5
1.420786667E+9	2.211379000E-5
1.420790000E+9	2.227674000E-5
1.420793333E+9	2.281631000E-5
1.420796667E+9	2.289747000E-5
1.420800000E+9	2.185491000E-5
1.420803333E+9	2.162448000E-5
1.420806667E+9	2.238224000E-5
1.420810000E+9	2.263903000E-5
1.420813333E+9	2.206833000E-5
1.420816667E+9	2.270373000E-5
1.420820000E+9	2.184515000E-5
1.420823333E+9	2.219325000E-5
1.420826667E+9	2.200175000E-5
1.420830000E+9	2.243984000E-5
1.420833333E+9	2.223440000E-5
1.420836667E+9	2.691956000E-5
1.420840000E+9	2.606459000E-5
1.420843333E+9	2.232385000E-5
1.420846667E+9	2.197167000E-5
1.420850000E+9	2.193617000E-5
1.420853333E+9	2.161311000E-5
1.420856667E+9	2.158368000E-5
1.420860000E+9	2.215298000E-5
1.420863333E+9	2.218263000E-5
1.420866667E+9	2.246314000E-5
1.420870000E+9	2.205443000E-5
1.420873333E+9	2.233854000E-5
1.420876667E+9	2.293725000E-5
1.420880000E+9	2.168978000E-5
1.420883333E+9	2.202254000E-5
1.420886667E+9	2.223054000E-5
1.420890000E+9	2.191056000E-5
1.420893333E+9	2.216851000E-5
1.420896667E+9	2.236281000E-5
1.420900000E+9	2.354714000E-5
1.420903333E+9	2.268454000E-5
1.420906667E+9	2.319886000E-5
1.420910000E+9	2.202024000E-5
1.420913333E+9	2.328726000E-5
1.420916667E+9	2.644382000E-5
1.420920000E+9	3.244177000E-5
1.420923333E+9	2.288724000E-5
1.420926667E+9	2.608411000E-5
1.420930000E+9	2.252268000E-5
1.420933333E+9	2.193010000E-5
1.420936667E+9	2.234180000E-5
1.420940000E+9	2.212175000E-5
1.420943333E+9	2.295282000E-5
1.420946667E+9	2.242014000E-5
1.420950000E+9	2.185664000E-5
1.420953333E+9	2.185148000E-5
1.420956667E+9	2.222356000E-5
1.420960000E+9	2.278929000E-5
1.420963333E+9	2.204375000E-5
1.420966667E+9	2.211821000E-5
1.420970000E+9	2.215248000E-5
1.420973333E+9	2.205097000E-5
1.420976667E+9	2.152740000E-5
1.420980000E+9	2.246242000E-5
1.420983333E+9	2.257534000E-5
1.420986667E+9	2.196728000E-5
1.420990000E+9	2.239483000E-5
1.420993333E+9	2.285055000E-5
1.420996667E+9	2.238455000E-5
1.421000000E+9	2.234956000E-5
1.421003333E+9	2.262750000E-5
1.421006667E+9	2.271468000E-5
1.421010000E+9	2.244980000E-5
1.421013333E+9	2.228944000E-5
1.421016667E+9	2.199997000E-5
1.421020000E+9	2.191164000E-5
1.421023333E+9	2.182657000E-5
1.421026667E+9	2.203359000E-5
1.421030000E+9	2.203405000E-5
1.421033333E+9	2.268599000E-5
1.421036667E+9	2.118385000E-5
1.421040000E+9	2.233118000E-5
1.421043333E+9	2.266366000E-5
1.421046667E+9	2.227185000E-5
1.421050000E+9	2.223757000E-5
1.421053333E+9	2.182848000E-5
1.421056667E+9	2.247732000E-5
1.421060000E+9	2.205198000E-5
1.421063333E+9	2.174505000E-5
1.421066667E+9	2.197310000E-5
1.421070000E+9	2.180537000E-5
1.421073333E+9	2.274128000E-5
1.421076667E+9	2.239871000E-5
1.421080000E+9	2.174175000E-5
1.421083333E+9	2.237784000E-5
1.421086667E+9	2.258538000E-5
1.421090000E+9	2.209255000E-5
1.421093333E+9	2.207657000E-5
1.421096667E+9	2.199946000E-5
1.421100000E+9	2.182836000E-5
1.421103333E+9	2.287146000E-5
1.421106667E+9	2.226794000E-5
1.421110000E+9	2.174579000E-5
1.421113333E+9	2.180601000E-5
1.421116667E+9	2.186730000E-5
1.421120000E+9	2.178890000E-5
1.421123333E+9	2.188634000E-5
1.421126667E+9	2.193316000E-5
1.421130000E+9	2.202757000E-5
1.421133333E+9	2.228976000E-5
1.421136667E+9	2.244941000E-5
1.421140000E+9	2.277188000E-5
1.421143333E+9	2.310988000E-5
1.421146667E+9	2.236148000E-5
1.421150000E+9	2.246711000E-5
1.421153333E+9	2.240607000E-5
1.421156667E+9	2.188430000E-5
1.421160000E+9	2.229182000E-5
1.421163333E+9	2.185002000E-5
1.421166667E+9	2.266122000E-5
1.421170000E+9	2.205908000E-5
1.421173333E+9	2.227567000E-5
1.421176667E+9	2.240909000E-5
1.421180000E+9	2.253891000E-5
1.421183333E+9	2.172114000E-5
1.421186667E+9	2.233562000E-5
1.421190000E+9	2.229177000E-5
1.421193333E+9	2.199733000E-5
1.421196667E+9	2.238384000E-5
1.421200000E+9	2.231542000E-5
1.421203333E+9	2.157228000E-5
1.421206667E+9	2.340635000E-5
1.421210000E+9	2.470772000E-5
1.421213333E+9	2.548145000E-5
1.421216667E+9	2.303783000E-5
1.421220000E+9	2.349245000E-5
1.421223333E+9	2.263772000E-5
1.421226667E+9	2.210842000E-5
1.421230000E+9	2.207495000E-5
1.421233333E+9	2.229333000E-5
1.421236667E+9	2.212923000E-5
1.421240000E+9	2.200610000E-5
1.421243333E+9	2.250600000E-5
1.421246667E+9	2.214479000E-5
1.421250000E+9	2.221051000E-5
1.421253333E+9	2.203840000E-5
1.421256667E+9	2.247617000E-5
1.421260000E+9	2.311242000E-5
1.421263333E+9	2.190714000E-5
1.421266667E+9	2.246874000E-5
1.421270000E+9	2.220988000E-5
1.421273333E+9	2.252088000E-5
1.421276667E+9	2.528631000E-5
1.421280000E+9	2.435331000E-5
1.421283333E+9	2.288211000E-5
1.421286667E+9	2.263998000E-5
1.421290000E+9	2.277584000E-5
1.421293333E+9	2.319274000E-5
1.421296667E+9	2.289156000E-5
1.421300000E+9	2.318233000E-5
1.421303333E+9	2.266510000E-5
1.421306667E+9	2.325634000E-5
1.421310000E+9	2.333320000E-5
1.421313333E+9	2.411740000E-5
1.421316667E+9	2.416248000E-5
1.421320000E+9	2.394434000E-5
1.421323333E+9	2.396517000E-5
1.421326667E+9	2.408514000E-5
1.421330000E+9	2.495424000E-5
1.421333333E+9	2.511457000E-5
1.421336667E+9	2.683148000E-5
1.421340000E+9	2.884057000E-5
1.421343333E+9	4.460000000E-5
1.421346667E+9	3.887011000E-5
1.421350000E+9	2.697092000E-5
1.421353333E+9	2.658746000E-5
1.421356667E+9	2.524722000E-5
1.421360000E+9	2.450924000E-5
1.421363333E+9	2.492565000E-5
1.421366667E+9	2.499905000E-5
1.421370000E+9	2.399592000E-5
1.421373333E+9	2.429251000E-5
1.421376667E+9	2.427707000E-5
1.421380000E+9	2.406999000E-5
1.421383333E+9	2.537648000E-5
1.421386667E+9	2.431652000E-5
1.421390000E+9	2.418114000E-5
1.421393333E+9	2.397665000E-5
1.421396667E+9	2.355860000E-5
1.421400000E+9	2.453083000E-5
