Frequency, Hz	Amplitude, Volts
1.419400000E+9	1.644166000E-5
1.419403333E+9	1.654023000E-5
1.419406667E+9	1.677871000E-5
1.419410000E+9	1.697008000E-5
1.419413333E+9	1.692356000E-5
1.419416667E+9	1.659121000E-5
1.419420000E+9	1.673395000E-5
1.419423333E+9	1.683124000E-5
1.419426667E+9	1.662966000E-5
1.419430000E+9	1.667685000E-5
1.419433333E+9	1.688479000E-5
1.419436667E+9	1.697038000E-5
1.419440000E+9	1.671788000E-5
1.419443333E+9	1.643500000E-5
1.419446667E+9	1.685073000E-5
1.419450000E+9	1.681011000E-5
1.419453333E+9	1.669431000E-5
1.419456667E+9	1.681992000E-5
1.419460000E+9	1.671933000E-5
1.419463333E+9	1.654753000E-5
1.419466667E+9	1.674847000E-5
1.419470000E+9	1.672969000E-5
1.419473333E+9	1.673961000E-5
1.419476667E+9	1.657435000E-5
1.419480000E+9	1.646455000E-5
1.419483333E+9	1.663943000E-5
1.419486667E+9	1.635026000E-5
1.419490000E+9	1.659785000E-5
1.419493333E+9	1.654702000E-5
1.419496667E+9	1.676982000E-5
1.419500000E+9	1.663302000E-5
1.419503333E+9	1.674001000E-5
1.419506667E+9	1.653070000E-5
1.419510000E+9	1.677923000E-5
1.419513333E+9	1.641898000E-5
1.419516667E+9	1.687295000E-5
1.419520000E+9	1.676312000E-5
1.419523333E+9	1.678507000E-5
1.419526667E+9	1.677630000E-5
1.419530000E+9	1.653883000E-5
1.419533333E+9	1.693899000E-5
1.419536667E+9	1.626207000E-5
1.419540000E+9	1.657974000E-5
1.419543333E+9	1.676762000E-5
1.419546667E+9	1.653658000E-5
1.419550000E+9	1.680307000E-5
1.419553333E+9	1.686569000E-5
1.419556667E+9	1.629369000E-5
1.419560000E+9	1.618848000E-5
1.419563333E+9	1.658174000E-5
1.419566667E+9	1.665575000E-5
1.419570000E+9	1.687636000E-5
1.419573333E+9	1.634829000E-5
1.419576667E+9	1.641909000E-5
1.419580000E+9	1.656055000E-5
1.419583333E+9	1.676531000E-5
1.419586667E+9	1.641848000E-5
1.419590000E+9	1.664473000E-5
1.419593333E+9	1.666036000E-5
1.419596667E+9	1.634520000E-5
1.419600000E+9	1.645689000E-5
1.419603333E+9	1.615033000E-5
1.419606667E+9	1.677473000E-5
1.419610000E+9	1.666441000E-5
1.419613333E+9	1.623331000E-5
1.419616667E+9	1.629084000E-5
1.419620000E+9	1.661914000E-5
1.419623333E+9	1.675031000E-5
1.419626667E+9	1.614918000E-5
1.419630000E+9	1.629911000E-5
1.419633333E+9	1.668092000E-5
1.419636667E+9	1.631189000E-5
1.419640000E+9	1.676039000E-5
1.419643333E+9	1.661314000E-5
1.419646667E+9	1.647634000E-5
1.419650000E+9	1.631771000E-5
1.419653333E+9	1.656675000E-5
1.419656667E+9	1.679021000E-5
1.419660000E+9	1.607698000E-5
1.419663333E+9	1.671695000E-5
1.419666667E+9	1.678971000E-5
1.419670000E+9	1.612198000E-5
1.419673333E+9	1.643072000E-5
1.419676667E+9	1.662447000E-5
1.419680000E+9	1.654931000E-5
1.419683333E+9	1.654675000E-5
1.419686667E+9	1.665599000E-5
1.419690000E+9	1.636801000E-5
1.419693333E+9	1.621253000E-5
1.419696667E+9	1.645763000E-5
1.419700000E+9	1.646891000E-5
1.419703333E+9	1.642281000E-5
1.419706667E+9	1.665078000E-5
1.419710000E+9	1.626732000E-5
1.419713333E+9	1.636469000E-5
1.419716667E+9	1.632372000E-5
1.419720000E+9	1.677367000E-5
1.419723333E+9	1.680085000E-5
1.419726667E+9	1.657053000E-5
1.419730000E+9	1.647439000E-5
1.419733333E+9	1.694900000E-5
1.419736667E+9	1.626516000E-5
1.419740000E+9	1.639697000E-5
1.419743333E+9	1.657403000E-5
1.419746667E+9	1.661112000E-5
1.419750000E+9	1.644296000E-5
1.419753333E+9	1.657883000E-5
1.419756667E+9	1.642737000E-5
1.419760000E+9	1.634825000E-5
1.419763333E+9	1.625914000E-5
1.419766667E+9	1.650100000E-5
1.419770000E+9	1.620719000E-5
1.419773333E+9	1.640628000E-5
1.419776667E+9	1.612067000E-5
1.419780000E+9	1.634588000E-5
1.419783333E+9	1.642937000E-5
1.419786667E+9	1.654254000E-5
1.419790000E+9	1.629972000E-5
1.419793333E+9	1.648959000E-5
1.419796667E+9	1.619184000E-5
1.419800000E+9	1.622384000E-5
1.419803333E+9	1.623529000E-5
1.419806667E+9	1.629682000E-5
1.419810000E+9	1.641167000E-5
1.419813333E+9	1.615256000E-5
1.419816667E+9	1.639333000E-5
1.419820000E+9	1.624969000E-5
1.419823333E+9	1.656937000E-5
1.419826667E+9	1.633270000E-5
1.419830000E+9	1.646874000E-5
1.419833333E+9	1.659497000E-5
1.419836667E+9	1.651640000E-5
1.419840000E+9	1.627472000E-5
1.419843333E+9	1.654619000E-5
1.419846667E+9	1.662356000E-5
1.419850000E+9	1.647165000E-5
1.419853333E+9	1.627522000E-5
1.419856667E+9	1.630684000E-5
1.419860000E+9	1.630552000E-5
1.419863333E+9	1.629906000E-5
1.419866667E+9	1.644764000E-5
1.419870000E+9	1.659435000E-5
1.419873333E+9	1.657810000E-5
1.419876667E+9	1.608206000E-5
1.419880000E+9	1.650926000E-5
1.419883333E+9	1.668722000E-5
1.419886667E+9	1.639621000E-5
1.419890000E+9	1.626609000E-5
1.419893333E+9	1.649973000E-5
1.419896667E+9	1.623763000E-5
1.419900000E+9	1.608711000E-5
1.419903333E+9	1.650669000E-5
1.419906667E+9	1.652727000E-5
1.419910000E+9	1.615256000E-5
1.419913333E+9	1.629177000E-5
1.419916667E+9	1.593113000E-5
1.419920000E+9	1.635463000E-5
1.419923333E+9	1.625850000E-5
1.419926667E+9	1.610510000E-5
1.419930000E+9	1.597636000E-5
1.419933333E+9	1.614996000E-5
1.419936667E+9	1.612343000E-5
1.419940000E+9	1.615261000E-5
1.419943333E+9	1.619276000E-5
1.419946667E+9	1.626339000E-5
1.419950000E+9	1.597008000E-5
1.419953333E+9	1.647612000E-5
1.419956667E+9	1.608434000E-5
1.419960000E+9	1.617526000E-5
1.419963333E+9	1.638254000E-5
1.419966667E+9	1.623513000E-5
1.419970000E+9	1.635759000E-5
1.419973333E+9	1.662752000E-5
1.419976667E+9	1.637031000E-5
1.419980000E+9	1.733649000E-5
1.419983333E+9	1.648754000E-5
1.419986667E+9	1.611811000E-5
1.419990000E+9	1.617521000E-5
1.419993333E+9	1.639207000E-5
1.419996667E+9	1.623927000E-5
1.420000000E+9	1.652636000E-5
1.420003333E+9	1.633645000E-5
1.420006667E+9	1.642016000E-5
1.420010000E+9	1.624098000E-5
1.420013333E+9	1.611888000E-5
1.420016667E+9	1.611729000E-5
1.420020000E+9	1.622303000E-5
1.420023333E+9	1.614029000E-5
1.420026667E+9	1.637941000E-5
1.420030000E+9	1.631118000E-5
1.420033333E+9	1.625750000E-5
1.420036667E+9	1.662849000E-5
1.420040000E+9	1.626705000E-5
1.420043333E+9	1.583675000E-5
1.420046667E+9	1.610917000E-5
1.420050000E+9	1.578188000E-5
1.420053333E+9	1.629539000E-5
1.420056667E+9	1.635680000E-5
1.420060000E+9	1.606505000E-5
1.420063333E+9	1.604934000E-5
1.420066667E+9	1.579707000E-5
1.420070000E+9	1.626216000E-5
1.420073333E+9	1.619959000E-5
1.420076667E+9	1.598103000E-5
1.420080000E+9	1.615916000E-5
1.420083333E+9	1.601924000E-5
1.420086667E+9	1.652934000E-5
1.420090000E+9	1.607189000E-5
1.420093333E+9	1.588544000E-5
1.420096667E+9	1.607023000E-5
1.420100000E+9	1.619275000E-5
1.420103333E+9	1.620932000E-5
1.420106667E+9	1.641823000E-5
1.420110000E+9	1.620386000E-5
1.420113333E+9	1.598954000E-5
1.420116667E+9	1.606498000E-5
1.420120000E+9	1.584911000E-5
1.420123333E+9	1.628553000E-5
1.420126667E+9	1.605872000E-5
1.420130000E+9	1.611779000E-5
1.420133333E+9	1.649594000E-5
1.420136667E+9	1.645248000E-5
1.420140000E+9	1.594865000E-5
1.420143333E+9	1.598118000E-5
1.420146667E+9	1.621385000E-5
1.420150000E+9	1.619244000E-5
1.420153333E+9	1.584376000E-5
1.420156667E+9	1.600188000E-5
1.420160000E+9	1.610107000E-5
1.420163333E+9	1.604302000E-5
1.420166667E+9	1.639463000E-5
1.420170000E+9	1.591851000E-5
1.420173333E+9	1.611911000E-5
1.420176667E+9	1.590238000E-5
1.420180000E+9	1.643015000E-5
1.420183333E+9	1.607509000E-5
1.420186667E+9	1.583099000E-5
1.420190000E+9	1.608554000E-5
1.420193333E+9	1.610227000E-5
1.420196667E+9	1.645307000E-5
1.420200000E+9	1.622681000E-5
1.420203333E+9	1.598501000E-5
1.420206667E+9	1.597534000E-5
1.420210000E+9	1.597922000E-5
1.420213333E+9	1.615622000E-5
1.420216667E+9	1.625897000E-5
1.420220000E+9	1.574617000E-5
1.420223333E+9	1.598513000E-5
1.420226667E+9	1.602033000E-5
1.420230000E+9	1.605851000E-5
1.420233333E+9	1.608404000E-5
1.420236667E+9	1.590553000E-5
1.420240000E+9	1.598512000E-5
1.420243333E+9	1.611557000E-5
1.420246667E+9	1.592148000E-5
1.420250000E+9	1.575013000E-5
1.420253333E+9	1.610920000E-5
1.420256667E+9	1.586836000E-5
1.420260000E+9	1.631293000E-5
1.420263333E+9	1.609243000E-5
1.420266667E+9	1.603358000E-5
1.420270000E+9	1.569301000E-5
1.420273333E+9	1.581409000E-5
1.420276667E+9	1.609273000E-5
1.420280000E+9	1.627224000E-5
1.420283333E+9	1.596482000E-5
1.420286667E+9	1.601025000E-5
1.420290000E+9	1.598390000E-5
1.420293333E+9	1.623496000E-5
1.420296667E+9	1.585026000E-5
1.420300000E+9	1.596326000E-5
1.420303333E+9	1.604314000E-5
1.420306667E+9	1.613073000E-5
1.420310000E+9	1.631945000E-5
1.420313333E+9	1.594369000E-5
1.420316667E+9	1.593407000E-5
1.420320000E+9	1.606053000E-5
1.420323333E+9	1.591777000E-5
1.420326667E+9	1.582880000E-5
1.420330000E+9	1.654606000E-5
1.420333333E+9	1.573974000E-5
1.420336667E+9	1.607761000E-5
1.420340000E+9	1.570011000E-5
1.420343333E+9	1.623445000E-5
1.420346667E+9	1.619028000E-5
1.420350000E+9	1.609876000E-5
1.420353333E+9	1.576591000E-5
1.420356667E+9	1.603667000E-5
1.420360000E+9	1.591828000E-5
1.420363333E+9	1.581314000E-5
1.420366667E+9	1.609153000E-5
1.420370000E+9	1.607239000E-5
1.420373333E+9	1.620735000E-5
1.420376667E+9	1.609934000E-5
1.420380000E+9	1.599430000E-5
1.420383333E+9	1.595571000E-5
1.420386667E+9	1.611531000E-5
1.420390000E+9	1.606704000E-5
1.420393333E+9	1.596717000E-5
1.420396667E+9	1.629301000E-5
1.420400000E+9	1.602984000E-5
1.420403333E+9	1.607788000E-5
1.420406667E+9	1.603500000E-5
1.420410000E+9	1.626589000E-5
1.420413333E+9	1.589277000E-5
1.420416667E+9	1.628362000E-5
1.420420000E+9	1.629635000E-5
1.420423333E+9	1.594849000E-5
1.420426667E+9	1.654485000E-5
1.420430000E+9	1.614244000E-5
1.420433333E+9	1.613771000E-5
1.420436667E+9	1.628519000E-5
1.420440000E+9	1.610141000E-5
1.420443333E+9	1.586843000E-5
1.420446667E+9	1.630196000E-5
1.420450000E+9	1.638653000E-5
1.420453333E+9	1.623832000E-5
1.420456667E+9	1.687528000E-5
1.420460000E+9	1.613427000E-5
1.420463333E+9	1.626939000E-5
1.420466667E+9	1.685839000E-5
1.420470000E+9	1.677497000E-5
1.420473333E+9	1.673654000E-5
1.420476667E+9	1.687826000E-5
1.420480000E+9	1.689979000E-5
1.420483333E+9	1.684104000E-5
1.420486667E+9	1.726061000E-5
1.420490000E+9	1.720943000E-5
1.420493333E+9	1.726602000E-5
1.420496667E+9	1.741938000E-5
1.420500000E+9	1.753168000E-5
1.420503333E+9	1.734491000E-5
1.420506667E+9	1.772743000E-5
1.420510000E+9	1.768260000E-5
1.420513333E+9	1.758525000E-5
1.420516667E+9	1.781171000E-5
1.420520000E+9	1.772097000E-5
1.420523333E+9	1.790312000E-5
1.420526667E+9	1.760490000E-5
1.420530000E+9	1.783937000E-5
1.420533333E+9	1.779437000E-5
1.420536667E+9	1.788074000E-5
1.420540000E+9	1.775084000E-5
1.420543333E+9	1.781676000E-5
1.420546667E+9	1.763984000E-5
1.420550000E+9	1.772980000E-5
1.420553333E+9	1.764540000E-5
1.420556667E+9	1.751871000E-5
1.420560000E+9	1.751358000E-5
1.420563333E+9	1.756401000E-5
1.420566667E+9	1.749284000E-5
1.420570000E+9	1.746467000E-5
1.420573333E+9	1.757043000E-5
1.420576667E+9	1.748266000E-5
1.420580000E+9	1.799193000E-5
1.420583333E+9	1.778086000E-5
1.420586667E+9	1.779369000E-5
1.420590000E+9	1.811710000E-5
1.420593333E+9	1.729598000E-5
1.420596667E+9	1.735174000E-5
1.420600000E+9	1.763454000E-5
1.420603333E+9	1.766304000E-5
1.420606667E+9	1.748163000E-5
1.420610000E+9	1.760135000E-5
1.420613333E+9	1.769443000E-5
1.420616667E+9	1.738178000E-5
1.420620000E+9	1.752818000E-5
1.420623333E+9	1.784121000E-5
1.420626667E+9	1.758023000E-5
1.420630000E+9	1.791569000E-5
1.420633333E+9	1.763276000E-5
1.420636667E+9	1.775205000E-5
1.420640000E+9	1.792407000E-5
1.420643333E+9	1.764552000E-5
1.420646667E+9	1.779375000E-5
1.420650000E+9	1.753459000E-5
1.420653333E+9	1.757773000E-5
1.420656667E+9	1.758643000E-5
1.420660000E+9	1.768478000E-5
1.420663333E+9	1.766329000E-5
1.420666667E+9	1.776931000E-5
1.420670000E+9	1.766558000E-5
1.420673333E+9	1.739753000E-5
1.420676667E+9	1.735085000E-5
1.420680000E+9	1.770389000E-5
1.420683333E+9	1.727087000E-5
1.420686667E+9	1.703392000E-5
1.420690000E+9	1.690826000E-5
1.420693333E+9	1.709538000E-5
1.420696667E+9	1.717500000E-5
1.420700000E+9	1.705926000E-5
1.420703333E+9	1.713586000E-5
1.420706667E+9	1.704614000E-5
1.420710000E+9	1.680329000E-5
1.420713333E+9	1.683937000E-5
1.420716667E+9	1.663284000E-5
1.420720000E+9	1.687108000E-5
1.420723333E+9	1.664372000E-5
1.420726667E+9	1.670430000E-5
1.420730000E+9	1.662170000E-5
1.420733333E+9	1.650672000E-5
1.420736667E+9	1.641999000E-5
1.420740000E+9	1.684067000E-5
1.420743333E+9	1.644348000E-5
1.420746667E+9	1.607198000E-5
1.420750000E+9	1.659725000E-5
1.420753333E+9	1.644594000E-5
1.420756667E+9	1.643596000E-5
1.420760000E+9	1.638153000E-5
1.420763333E+9	1.605669000E-5
1.420766667E+9	1.629020000E-5
1.420770000E+9	1.620840000E-5
1.420773333E+9	1.606956000E-5
1.420776667E+9	1.605531000E-5
1.420780000E+9	1.588113000E-5
1.420783333E+9	1.625831000E-5
1.420786667E+9	1.651874000E-5
1.420790000E+9	1.625697000E-5
1.420793333E+9	1.604633000E-5
1.420796667E+9	1.619376000E-5
1.420800000E+9	1.610786000E-5
1.420803333E+9	1.601433000E-5
1.420806667E+9	1.575960000E-5
1.420810000E+9	1.601802000E-5
1.420813333E+9	1.601102000E-5
1.420816667E+9	1.589916000E-5
1.420820000E+9	1.585728000E-5
1.420823333E+9	1.595469000E-5
1.420826667E+9	1.595417000E-5
1.420830000E+9	1.570970000E-5
1.420833333E+9	1.589968000E-5
1.420836667E+9	1.575759000E-5
1.420840000E+9	1.606556000E-5
1.420843333E+9	1.587024000E-5
1.420846667E+9	1.583101000E-5
1.420850000E+9	1.600842000E-5
1.420853333E+9	1.601306000E-5
1.420856667E+9	1.592804000E-5
1.420860000E+9	1.592825000E-5
1.420863333E+9	1.593507000E-5
1.420866667E+9	1.582465000E-5
1.420870000E+9	1.596987000E-5
1.420873333E+9	1.622729000E-5
1.420876667E+9	1.603255000E-5
1.420880000E+9	1.594970000E-5
1.420883333E+9	1.656355000E-5
1.420886667E+9	1.627139000E-5
1.420890000E+9	1.602831000E-5
1.420893333E+9	1.595275000E-5
1.420896667E+9	1.591279000E-5
1.420900000E+9	1.591556000E-5
1.420903333E+9	1.617585000E-5
1.420906667E+9	1.606478000E-5
1.420910000E+9	1.590671000E-5
1.420913333E+9	1.678437000E-5
1.420916667E+9	1.666157000E-5
1.420920000E+9	1.588200000E-5
1.420923333E+9	1.567345000E-5
1.420926667E+9	1.594065000E-5
1.420930000E+9	1.572964000E-5
1.420933333E+9	1.593864000E-5
1.420936667E+9	1.591721000E-5
1.420940000E+9	1.576370000E-5
1.420943333E+9	1.594422000E-5
1.420946667E+9	1.575312000E-5
1.420950000E+9	1.576766000E-5
1.420953333E+9	1.602979000E-5
1.420956667E+9	1.581173000E-5
1.420960000E+9	1.582486000E-5
1.420963333E+9	1.639636000E-5
1.420966667E+9	1.590366000E-5
1.420970000E+9	1.583179000E-5
1.420973333E+9	1.621828000E-5
1.420976667E+9	1.585759000E-5
1.420980000E+9	1.576577000E-5
1.420983333E+9	1.569806000E-5
1.420986667E+9	1.613291000E-5
1.420990000E+9	1.607144000E-5
1.420993333E+9	1.621817000E-5
1.420996667E+9	1.621176000E-5
1.421000000E+9	1.598194000E-5
1.421003333E+9	1.615939000E-5
1.421006667E+9	1.581256000E-5
1.421010000E+9	1.579221000E-5
1.421013333E+9	1.563691000E-5
1.421016667E+9	1.574678000E-5
1.421020000E+9	1.584605000E-5
1.421023333E+9	1.584925000E-5
1.421026667E+9	1.565082000E-5
1.421030000E+9	1.565715000E-5
1.421033333E+9	1.606207000E-5
1.421036667E+9	1.611055000E-5
1.421040000E+9	1.610906000E-5
1.421043333E+9	1.595811000E-5
1.421046667E+9	1.583826000E-5
1.421050000E+9	1.565419000E-5
1.421053333E+9	1.617684000E-5
1.421056667E+9	1.572692000E-5
1.421060000E+9	1.565074000E-5
1.421063333E+9	1.586850000E-5
1.421066667E+9	1.604897000E-5
1.421070000E+9	1.592819000E-5
1.421073333E+9	1.582953000E-5
1.421076667E+9	1.597541000E-5
1.421080000E+9	1.601595000E-5
1.421083333E+9	1.613447000E-5
1.421086667E+9	1.608962000E-5
1.421090000E+9	1.598994000E-5
1.421093333E+9	1.582368000E-5
1.421096667E+9	1.588378000E-5
1.421100000E+9	1.593831000E-5
1.421103333E+9	1.607784000E-5
1.421106667E+9	1.573677000E-5
1.421110000E+9	1.597176000E-5
1.421113333E+9	1.568836000E-5
1.421116667E+9	1.608911000E-5
1.421120000E+9	1.579195000E-5
1.421123333E+9	1.589839000E-5
1.421126667E+9	1.622970000E-5
1.421130000E+9	1.604416000E-5
1.421133333E+9	1.598448000E-5
1.421136667E+9	1.601656000E-5
1.421140000E+9	1.620416000E-5
1.421143333E+9	1.572344000E-5
1.421146667E+9	1.587351000E-5
1.421150000E+9	1.611126000E-5
1.421153333E+9	1.603882000E-5
1.421156667E+9	1.581541000E-5
1.421160000E+9	1.601159000E-5
1.421163333E+9	1.625561000E-5
1.421166667E+9	1.604258000E-5
1.421170000E+9	1.572604000E-5
1.421173333E+9	1.581346000E-5
1.421176667E+9	1.621201000E-5
1.421180000E+9	1.629077000E-5
1.421183333E+9	1.583515000E-5
1.421186667E+9	1.594457000E-5
1.421190000E+9	1.608406000E-5
1.421193333E+9	1.600143000E-5
1.421196667E+9	1.611046000E-5
1.421200000E+9	1.604287000E-5
1.421203333E+9	1.597957000E-5
1.421206667E+9	1.652208000E-5
1.421210000E+9	1.628469000E-5
1.421213333E+9	1.619383000E-5
1.421216667E+9	1.608658000E-5
1.421220000E+9	1.575698000E-5
1.421223333E+9	1.588298000E-5
1.421226667E+9	1.591945000E-5
1.421230000E+9	1.594660000E-5
1.421233333E+9	1.628097000E-5
1.421236667E+9	1.580220000E-5
1.421240000E+9	1.581959000E-5
1.421243333E+9	1.611395000E-5
1.421246667E+9	1.604277000E-5
1.421250000E+9	1.606452000E-5
1.421253333E+9	1.616376000E-5
1.421256667E+9	1.626530000E-5
1.421260000E+9	1.616147000E-5
1.421263333E+9	1.618749000E-5
1.421266667E+9	1.597678000E-5
1.421270000E+9	1.579629000E-5
1.421273333E+9	1.580645000E-5
1.421276667E+9	1.594550000E-5
1.421280000E+9	1.590305000E-5
1.421283333E+9	1.596815000E-5
1.421286667E+9	1.584066000E-5
1.421290000E+9	1.587118000E-5
1.421293333E+9	1.593318000E-5
1.421296667E+9	1.599707000E-5
1.421300000E+9	1.597829000E-5
1.421303333E+9	1.595799000E-5
1.421306667E+9	1.587303000E-5
1.421310000E+9	1.595457000E-5
1.421313333E+9	1.591285000E-5
1.421316667E+9	1.597290000E-5
1.421320000E+9	1.589561000E-5
1.421323333E+9	1.599985000E-5
1.421326667E+9	1.576288000E-5
1.421330000E+9	1.598229000E-5
1.421333333E+9	1.599755000E-5
1.421336667E+9	1.623841000E-5
1.421340000E+9	1.593813000E-5
1.421343333E+9	1.600891000E-5
1.421346667E+9	1.632241000E-5
1.421350000E+9	1.574685000E-5
1.421353333E+9	1.594951000E-5
1.421356667E+9	1.587526000E-5
1.421360000E+9	1.628448000E-5
1.421363333E+9	1.587247000E-5
1.421366667E+9	1.640016000E-5
1.421370000E+9	1.596743000E-5
1.421373333E+9	1.588397000E-5
1.421376667E+9	1.597301000E-5
1.421380000E+9	1.582425000E-5
1.421383333E+9	1.603986000E-5
1.421386667E+9	1.602750000E-5
1.421390000E+9	1.600983000E-5
1.421393333E+9	1.576873000E-5
1.421396667E+9	1.576392000E-5
1.421400000E+9	1.597134000E-5
