Frequency, Hz	Amplitude, Volts
1.419400000E+9	1.534204000E-5
1.419403333E+9	1.553923000E-5
1.419406667E+9	1.588207000E-5
1.419410000E+9	1.570887000E-5
1.419413333E+9	1.640947000E-5
1.419416667E+9	1.592342000E-5
1.419420000E+9	1.558936000E-5
1.419423333E+9	1.545932000E-5
1.419426667E+9	1.565192000E-5
1.419430000E+9	1.543117000E-5
1.419433333E+9	1.587920000E-5
1.419436667E+9	1.573300000E-5
1.419440000E+9	1.698484000E-5
1.419443333E+9	1.617549000E-5
1.419446667E+9	1.591389000E-5
1.419450000E+9	1.931104000E-5
1.419453333E+9	1.628848000E-5
1.419456667E+9	1.589615000E-5
1.419460000E+9	1.558484000E-5
1.419463333E+9	1.572632000E-5
1.419466667E+9	1.560477000E-5
1.419470000E+9	1.556897000E-5
1.419473333E+9	1.545735000E-5
1.419476667E+9	1.562877000E-5
1.419480000E+9	1.543219000E-5
1.419483333E+9	1.514299000E-5
1.419486667E+9	1.550394000E-5
1.419490000E+9	1.561740000E-5
1.419493333E+9	1.569176000E-5
1.419496667E+9	1.559848000E-5
1.419500000E+9	1.570274000E-5
1.419503333E+9	1.578838000E-5
1.419506667E+9	1.546602000E-5
1.419510000E+9	1.552363000E-5
1.419513333E+9	1.524446000E-5
1.419516667E+9	1.524942000E-5
1.419520000E+9	1.567796000E-5
1.419523333E+9	1.572199000E-5
1.419526667E+9	1.551053000E-5
1.419530000E+9	1.554234000E-5
1.419533333E+9	1.581902000E-5
1.419536667E+9	1.555323000E-5
1.419540000E+9	1.577705000E-5
1.419543333E+9	1.560220000E-5
1.419546667E+9	1.507052000E-5
1.419550000E+9	1.582403000E-5
1.419553333E+9	1.546822000E-5
1.419556667E+9	1.556099000E-5
1.419560000E+9	1.574555000E-5
1.419563333E+9	1.593145000E-5
1.419566667E+9	1.535602000E-5
1.419570000E+9	1.531121000E-5
1.419573333E+9	1.560802000E-5
1.419576667E+9	1.567085000E-5
1.419580000E+9	1.560682000E-5
1.419583333E+9	1.556008000E-5
1.419586667E+9	1.537646000E-5
1.419590000E+9	1.586228000E-5
1.419593333E+9	1.543918000E-5
1.419596667E+9	1.542107000E-5
1.419600000E+9	1.545401000E-5
1.419603333E+9	1.590921000E-5
1.419606667E+9	1.557628000E-5
1.419610000E+9	1.544856000E-5
1.419613333E+9	1.556044000E-5
1.419616667E+9	1.551451000E-5
1.419620000E+9	1.566298000E-5
1.419623333E+9	1.554797000E-5
1.419626667E+9	1.532778000E-5
1.419630000E+9	1.578146000E-5
1.419633333E+9	1.586963000E-5
1.419636667E+9	1.531994000E-5
1.419640000E+9	1.547068000E-5
1.419643333E+9	1.565281000E-5
1.419646667E+9	1.541850000E-5
1.419650000E+9	1.548247000E-5
1.419653333E+9	1.546823000E-5
1.419656667E+9	1.552806000E-5
1.419660000E+9	1.556975000E-5
1.419663333E+9	1.567483000E-5
1.419666667E+9	1.545319000E-5
1.419670000E+9	1.549681000E-5
1.419673333E+9	1.565945000E-5
1.419676667E+9	1.563166000E-5
1.419680000E+9	1.562589000E-5
1.419683333E+9	1.521355000E-5
1.419686667E+9	1.554642000E-5
1.419690000E+9	1.580675000E-5
1.419693333E+9	1.542233000E-5
1.419696667E+9	1.551703000E-5
1.419700000E+9	1.573413000E-5
1.419703333E+9	1.536090000E-5
1.419706667E+9	1.596962000E-5
1.419710000E+9	1.614065000E-5
1.419713333E+9	1.577448000E-5
1.419716667E+9	1.554715000E-5
1.419720000E+9	1.585543000E-5
1.419723333E+9	1.547211000E-5
1.419726667E+9	1.581944000E-5
1.419730000E+9	1.578529000E-5
1.419733333E+9	1.828131000E-5
1.419736667E+9	1.638999000E-5
1.419740000E+9	1.646354000E-5
1.419743333E+9	1.923883000E-5
1.419746667E+9	1.633290000E-5
1.419750000E+9	1.616958000E-5
1.419753333E+9	1.587855000E-5
1.419756667E+9	1.583040000E-5
1.419760000E+9	1.553352000E-5
1.419763333E+9	1.574113000E-5
1.419766667E+9	1.563361000E-5
1.419770000E+9	1.569570000E-5
1.419773333E+9	1.555946000E-5
1.419776667E+9	1.550093000E-5
1.419780000E+9	1.590261000E-5
1.419783333E+9	1.566311000E-5
1.419786667E+9	1.569763000E-5
1.419790000E+9	1.589366000E-5
1.419793333E+9	1.552337000E-5
1.419796667E+9	1.535318000E-5
1.419800000E+9	1.581315000E-5
1.419803333E+9	1.570329000E-5
1.419806667E+9	1.579970000E-5
1.419810000E+9	1.562817000E-5
1.419813333E+9	1.559244000E-5
1.419816667E+9	1.568700000E-5
1.419820000E+9	1.560199000E-5
1.419823333E+9	1.574652000E-5
1.419826667E+9	1.548608000E-5
1.419830000E+9	1.569858000E-5
1.419833333E+9	1.543357000E-5
1.419836667E+9	1.532152000E-5
1.419840000E+9	1.557208000E-5
1.419843333E+9	1.567393000E-5
1.419846667E+9	1.541872000E-5
1.419850000E+9	1.558615000E-5
1.419853333E+9	1.546217000E-5
1.419856667E+9	1.549159000E-5
1.419860000E+9	1.584849000E-5
1.419863333E+9	1.567082000E-5
1.419866667E+9	1.564873000E-5
1.419870000E+9	1.550837000E-5
1.419873333E+9	1.546521000E-5
1.419876667E+9	1.571584000E-5
1.419880000E+9	1.564448000E-5
1.419883333E+9	1.552063000E-5
1.419886667E+9	1.574036000E-5
1.419890000E+9	1.577632000E-5
1.419893333E+9	1.565880000E-5
1.419896667E+9	1.572169000E-5
1.419900000E+9	1.588947000E-5
1.419903333E+9	1.553064000E-5
1.419906667E+9	1.536844000E-5
1.419910000E+9	1.545679000E-5
1.419913333E+9	1.573314000E-5
1.419916667E+9	1.583892000E-5
1.419920000E+9	1.543322000E-5
1.419923333E+9	1.578833000E-5
1.419926667E+9	1.550392000E-5
1.419930000E+9	1.565704000E-5
1.419933333E+9	1.534859000E-5
1.419936667E+9	1.553536000E-5
1.419940000E+9	1.543651000E-5
1.419943333E+9	1.526915000E-5
1.419946667E+9	1.557686000E-5
1.419950000E+9	1.537666000E-5
1.419953333E+9	1.568302000E-5
1.419956667E+9	1.540395000E-5
1.419960000E+9	1.586480000E-5
1.419963333E+9	1.550765000E-5
1.419966667E+9	1.556632000E-5
1.419970000E+9	1.572699000E-5
1.419973333E+9	1.567256000E-5
1.419976667E+9	1.547070000E-5
1.419980000E+9	1.529985000E-5
1.419983333E+9	1.565782000E-5
1.419986667E+9	1.559141000E-5
1.419990000E+9	1.548228000E-5
1.419993333E+9	1.538591000E-5
1.419996667E+9	1.602235000E-5
1.420000000E+9	1.669858000E-5
1.420003333E+9	1.840535000E-5
1.420006667E+9	1.577729000E-5
1.420010000E+9	1.611381000E-5
1.420013333E+9	1.587531000E-5
1.420016667E+9	1.562683000E-5
1.420020000E+9	1.592284000E-5
1.420023333E+9	1.594716000E-5
1.420026667E+9	1.692525000E-5
1.420030000E+9	1.637667000E-5
1.420033333E+9	1.677545000E-5
1.420036667E+9	1.886765000E-5
1.420040000E+9	1.653535000E-5
1.420043333E+9	1.639551000E-5
1.420046667E+9	1.639053000E-5
1.420050000E+9	1.630094000E-5
1.420053333E+9	1.640179000E-5
1.420056667E+9	1.608492000E-5
1.420060000E+9	1.632494000E-5
1.420063333E+9	1.637222000E-5
1.420066667E+9	1.647263000E-5
1.420070000E+9	1.615478000E-5
1.420073333E+9	1.643791000E-5
1.420076667E+9	1.620664000E-5
1.420080000E+9	1.612972000E-5
1.420083333E+9	1.666711000E-5
1.420086667E+9	1.664464000E-5
1.420090000E+9	1.653502000E-5
1.420093333E+9	1.640318000E-5
1.420096667E+9	1.676768000E-5
1.420100000E+9	1.666975000E-5
1.420103333E+9	1.691871000E-5
1.420106667E+9	1.661453000E-5
1.420110000E+9	1.659597000E-5
1.420113333E+9	1.684320000E-5
1.420116667E+9	1.681870000E-5
1.420120000E+9	1.680174000E-5
1.420123333E+9	1.695419000E-5
1.420126667E+9	1.680013000E-5
1.420130000E+9	1.661037000E-5
1.420133333E+9	1.684492000E-5
1.420136667E+9	1.657106000E-5
1.420140000E+9	1.662593000E-5
1.420143333E+9	1.665579000E-5
1.420146667E+9	1.698033000E-5
1.420150000E+9	1.656335000E-5
1.420153333E+9	1.638031000E-5
1.420156667E+9	1.667259000E-5
1.420160000E+9	1.690326000E-5
1.420163333E+9	1.664142000E-5
1.420166667E+9	1.685238000E-5
1.420170000E+9	1.688915000E-5
1.420173333E+9	1.685162000E-5
1.420176667E+9	1.660412000E-5
1.420180000E+9	1.695846000E-5
1.420183333E+9	1.666711000E-5
1.420186667E+9	1.687165000E-5
1.420190000E+9	1.673428000E-5
1.420193333E+9	1.679923000E-5
1.420196667E+9	1.702427000E-5
1.420200000E+9	1.704741000E-5
1.420203333E+9	1.673819000E-5
1.420206667E+9	1.647583000E-5
1.420210000E+9	1.693804000E-5
1.420213333E+9	1.673597000E-5
1.420216667E+9	1.698307000E-5
1.420220000E+9	1.706507000E-5
1.420223333E+9	1.698544000E-5
1.420226667E+9	1.722294000E-5
1.420230000E+9	1.673972000E-5
1.420233333E+9	1.680432000E-5
1.420236667E+9	1.725122000E-5
1.420240000E+9	1.688212000E-5
1.420243333E+9	1.715212000E-5
1.420246667E+9	1.668172000E-5
1.420250000E+9	1.689341000E-5
1.420253333E+9	1.668158000E-5
1.420256667E+9	1.687165000E-5
1.420260000E+9	1.707482000E-5
1.420263333E+9	1.728050000E-5
1.420266667E+9	1.732298000E-5
1.420270000E+9	1.678651000E-5
1.420273333E+9	1.703527000E-5
1.420276667E+9	1.726179000E-5
1.420280000E+9	1.696047000E-5
1.420283333E+9	1.686459000E-5
1.420286667E+9	1.716798000E-5
1.420290000E+9	1.716007000E-5
1.420293333E+9	1.704009000E-5
1.420296667E+9	1.764513000E-5
1.420300000E+9	1.745759000E-5
1.420303333E+9	1.709613000E-5
1.420306667E+9	1.731678000E-5
1.420310000E+9	1.737905000E-5
1.420313333E+9	1.706230000E-5
1.420316667E+9	1.706408000E-5
1.420320000E+9	1.784268000E-5
1.420323333E+9	1.725525000E-5
1.420326667E+9	1.846115000E-5
1.420330000E+9	1.985523000E-5
1.420333333E+9	1.767329000E-5
1.420336667E+9	1.733434000E-5
1.420340000E+9	1.740519000E-5
1.420343333E+9	1.717984000E-5
1.420346667E+9	1.787052000E-5
1.420350000E+9	1.740783000E-5
1.420353333E+9	1.775552000E-5
1.420356667E+9	1.738168000E-5
1.420360000E+9	1.764521000E-5
1.420363333E+9	1.731549000E-5
1.420366667E+9	1.743631000E-5
1.420370000E+9	1.725315000E-5
1.420373333E+9	1.709245000E-5
1.420376667E+9	1.714997000E-5
1.420380000E+9	1.656318000E-5
1.420383333E+9	1.662668000E-5
1.420386667E+9	1.662380000E-5
1.420390000E+9	1.629902000E-5
1.420393333E+9	1.657801000E-5
1.420396667E+9	1.655786000E-5
1.420400000E+9	1.591304000E-5
1.420403333E+9	1.623107000E-5
1.420406667E+9	1.619925000E-5
1.420410000E+9	1.596777000E-5
1.420413333E+9	1.587843000E-5
1.420416667E+9	1.595995000E-5
1.420420000E+9	1.604592000E-5
1.420423333E+9	1.578460000E-5
1.420426667E+9	1.568631000E-5
1.420430000E+9	1.576974000E-5
1.420433333E+9	1.603009000E-5
1.420436667E+9	1.576970000E-5
1.420440000E+9	1.609243000E-5
1.420443333E+9	1.621429000E-5
1.420446667E+9	1.587522000E-5
1.420450000E+9	1.582519000E-5
1.420453333E+9	1.579377000E-5
1.420456667E+9	1.613321000E-5
1.420460000E+9	1.599776000E-5
1.420463333E+9	1.564809000E-5
1.420466667E+9	1.579087000E-5
1.420470000E+9	1.584800000E-5
1.420473333E+9	1.563548000E-5
1.420476667E+9	1.585568000E-5
1.420480000E+9	1.559293000E-5
1.420483333E+9	1.599677000E-5
1.420486667E+9	1.590333000E-5
1.420490000E+9	1.572304000E-5
1.420493333E+9	1.604268000E-5
1.420496667E+9	1.670632000E-5
1.420500000E+9	1.573997000E-5
1.420503333E+9	1.591896000E-5
1.420506667E+9	1.546966000E-5
1.420510000E+9	1.599024000E-5
1.420513333E+9	1.597901000E-5
1.420516667E+9	1.620881000E-5
1.420520000E+9	1.590595000E-5
1.420523333E+9	1.605417000E-5
1.420526667E+9	1.598752000E-5
1.420530000E+9	1.596736000E-5
1.420533333E+9	1.622599000E-5
1.420536667E+9	1.613082000E-5
1.420540000E+9	1.588462000E-5
1.420543333E+9	1.600691000E-5
1.420546667E+9	1.608157000E-5
1.420550000E+9	1.614350000E-5
1.420553333E+9	1.598208000E-5
1.420556667E+9	1.600004000E-5
1.420560000E+9	1.565529000E-5
1.420563333E+9	1.599644000E-5
1.420566667E+9	1.608588000E-5
1.420570000E+9	1.603333000E-5
1.420573333E+9	1.599398000E-5
1.420576667E+9	1.602015000E-5
1.420580000E+9	1.633910000E-5
1.420583333E+9	1.627182000E-5
1.420586667E+9	1.585070000E-5
1.420590000E+9	1.659907000E-5
1.420593333E+9	1.632035000E-5
1.420596667E+9	1.621283000E-5
1.420600000E+9	1.588933000E-5
1.420603333E+9	1.599683000E-5
1.420606667E+9	1.658062000E-5
1.420610000E+9	1.691160000E-5
1.420613333E+9	1.755169000E-5
1.420616667E+9	1.626746000E-5
1.420620000E+9	1.894050000E-5
1.420623333E+9	1.924625000E-5
1.420626667E+9	1.676093000E-5
1.420630000E+9	1.630985000E-5
1.420633333E+9	1.639787000E-5
1.420636667E+9	1.637414000E-5
1.420640000E+9	1.641962000E-5
1.420643333E+9	1.681386000E-5
1.420646667E+9	1.630158000E-5
1.420650000E+9	1.614093000E-5
1.420653333E+9	1.607062000E-5
1.420656667E+9	1.566944000E-5
1.420660000E+9	1.615648000E-5
1.420663333E+9	1.617961000E-5
1.420666667E+9	1.638635000E-5
1.420670000E+9	1.616301000E-5
1.420673333E+9	1.605863000E-5
1.420676667E+9	1.613071000E-5
1.420680000E+9	1.603972000E-5
1.420683333E+9	1.628382000E-5
1.420686667E+9	1.617713000E-5
1.420690000E+9	1.599061000E-5
1.420693333E+9	1.610869000E-5
1.420696667E+9	1.603726000E-5
1.420700000E+9	1.591839000E-5
1.420703333E+9	1.605761000E-5
1.420706667E+9	1.589699000E-5
1.420710000E+9	1.608524000E-5
1.420713333E+9	1.584955000E-5
1.420716667E+9	1.597036000E-5
1.420720000E+9	1.601640000E-5
1.420723333E+9	1.588888000E-5
1.420726667E+9	1.571339000E-5
1.420730000E+9	1.568235000E-5
1.420733333E+9	1.585086000E-5
1.420736667E+9	1.600192000E-5
1.420740000E+9	1.586113000E-5
1.420743333E+9	1.582413000E-5
1.420746667E+9	1.588706000E-5
1.420750000E+9	1.548014000E-5
1.420753333E+9	1.591281000E-5
1.420756667E+9	1.624021000E-5
1.420760000E+9	1.577209000E-5
1.420763333E+9	1.575226000E-5
1.420766667E+9	1.555789000E-5
1.420770000E+9	1.600255000E-5
1.420773333E+9	1.578730000E-5
1.420776667E+9	1.563724000E-5
1.420780000E+9	1.582844000E-5
1.420783333E+9	1.551789000E-5
1.420786667E+9	1.603076000E-5
1.420790000E+9	1.563042000E-5
1.420793333E+9	1.650437000E-5
1.420796667E+9	1.572818000E-5
1.420800000E+9	1.539120000E-5
1.420803333E+9	1.571741000E-5
1.420806667E+9	1.544792000E-5
1.420810000E+9	1.579826000E-5
1.420813333E+9	1.576984000E-5
1.420816667E+9	1.529755000E-5
1.420820000E+9	1.573378000E-5
1.420823333E+9	1.601997000E-5
1.420826667E+9	1.528469000E-5
1.420830000E+9	1.547270000E-5
1.420833333E+9	1.540667000E-5
1.420836667E+9	1.534290000E-5
1.420840000E+9	1.549902000E-5
1.420843333E+9	1.551876000E-5
1.420846667E+9	1.548713000E-5
1.420850000E+9	1.538179000E-5
1.420853333E+9	1.546518000E-5
1.420856667E+9	1.539189000E-5
1.420860000E+9	1.552186000E-5
1.420863333E+9	1.577386000E-5
1.420866667E+9	1.616251000E-5
1.420870000E+9	1.554789000E-5
1.420873333E+9	1.536370000E-5
1.420876667E+9	1.561920000E-5
1.420880000E+9	1.561997000E-5
1.420883333E+9	1.694958000E-5
1.420886667E+9	1.668920000E-5
1.420890000E+9	1.578710000E-5
1.420893333E+9	1.541505000E-5
1.420896667E+9	1.576084000E-5
1.420900000E+9	1.627361000E-5
1.420903333E+9	1.756704000E-5
1.420906667E+9	1.963555000E-5
1.420910000E+9	1.585610000E-5
1.420913333E+9	2.426723000E-5
1.420916667E+9	2.287124000E-5
1.420920000E+9	1.612665000E-5
1.420923333E+9	1.556856000E-5
1.420926667E+9	1.647960000E-5
1.420930000E+9	1.528405000E-5
1.420933333E+9	1.556046000E-5
1.420936667E+9	1.554606000E-5
1.420940000E+9	1.530259000E-5
1.420943333E+9	1.651408000E-5
1.420946667E+9	1.551559000E-5
1.420950000E+9	1.573373000E-5
1.420953333E+9	1.558816000E-5
1.420956667E+9	1.548574000E-5
1.420960000E+9	1.585418000E-5
1.420963333E+9	1.566289000E-5
1.420966667E+9	1.536761000E-5
1.420970000E+9	1.590633000E-5
1.420973333E+9	1.551571000E-5
1.420976667E+9	1.568822000E-5
1.420980000E+9	1.549485000E-5
1.420983333E+9	1.534165000E-5
1.420986667E+9	1.586627000E-5
1.420990000E+9	1.591865000E-5
1.420993333E+9	1.532185000E-5
1.420996667E+9	1.548040000E-5
1.421000000E+9	1.582727000E-5
1.421003333E+9	1.557907000E-5
1.421006667E+9	1.545499000E-5
1.421010000E+9	1.581911000E-5
1.421013333E+9	1.516269000E-5
1.421016667E+9	1.574749000E-5
1.421020000E+9	1.546401000E-5
1.421023333E+9	1.527103000E-5
1.421026667E+9	1.536613000E-5
1.421030000E+9	1.568903000E-5
1.421033333E+9	1.564800000E-5
1.421036667E+9	1.541735000E-5
1.421040000E+9	1.552576000E-5
1.421043333E+9	1.538122000E-5
1.421046667E+9	1.571156000E-5
1.421050000E+9	1.551184000E-5
1.421053333E+9	1.594665000E-5
1.421056667E+9	1.621244000E-5
1.421060000E+9	1.544868000E-5
1.421063333E+9	1.543402000E-5
1.421066667E+9	1.537851000E-5
1.421070000E+9	1.528281000E-5
1.421073333E+9	1.561941000E-5
1.421076667E+9	1.539450000E-5
1.421080000E+9	1.533754000E-5
1.421083333E+9	1.561731000E-5
1.421086667E+9	1.558078000E-5
1.421090000E+9	1.597099000E-5
1.421093333E+9	1.594737000E-5
1.421096667E+9	1.576351000E-5
1.421100000E+9	1.531079000E-5
1.421103333E+9	1.566150000E-5
1.421106667E+9	1.558528000E-5
1.421110000E+9	1.534030000E-5
1.421113333E+9	1.546451000E-5
1.421116667E+9	1.545128000E-5
1.421120000E+9	1.585044000E-5
1.421123333E+9	1.541415000E-5
1.421126667E+9	1.559362000E-5
1.421130000E+9	1.577769000E-5
1.421133333E+9	1.553270000E-5
1.421136667E+9	1.535136000E-5
1.421140000E+9	1.554785000E-5
1.421143333E+9	1.536022000E-5
1.421146667E+9	1.534593000E-5
1.421150000E+9	1.557093000E-5
1.421153333E+9	1.547868000E-5
1.421156667E+9	1.572746000E-5
1.421160000E+9	1.579069000E-5
1.421163333E+9	1.558301000E-5
1.421166667E+9	1.589277000E-5
1.421170000E+9	1.556779000E-5
1.421173333E+9	1.557965000E-5
1.421176667E+9	1.627182000E-5
1.421180000E+9	1.705093000E-5
1.421183333E+9	1.564551000E-5
1.421186667E+9	1.533446000E-5
1.421190000E+9	1.562104000E-5
1.421193333E+9	1.540665000E-5
1.421196667E+9	1.598203000E-5
1.421200000E+9	1.647287000E-5
1.421203333E+9	1.594636000E-5
1.421206667E+9	1.940143000E-5
1.421210000E+9	1.844255000E-5
1.421213333E+9	1.584704000E-5
1.421216667E+9	1.544659000E-5
1.421220000E+9	1.595657000E-5
1.421223333E+9	1.564189000E-5
1.421226667E+9	1.554527000E-5
1.421230000E+9	1.600354000E-5
1.421233333E+9	1.586153000E-5
1.421236667E+9	1.547022000E-5
1.421240000E+9	1.558208000E-5
1.421243333E+9	1.543137000E-5
1.421246667E+9	1.550762000E-5
1.421250000E+9	1.588288000E-5
1.421253333E+9	1.577017000E-5
1.421256667E+9	1.536830000E-5
1.421260000E+9	1.550734000E-5
1.421263333E+9	1.548055000E-5
1.421266667E+9	1.580975000E-5
1.421270000E+9	1.552704000E-5
1.421273333E+9	1.548915000E-5
1.421276667E+9	1.551572000E-5
1.421280000E+9	1.556568000E-5
1.421283333E+9	1.550554000E-5
1.421286667E+9	1.537917000E-5
1.421290000E+9	1.547224000E-5
1.421293333E+9	1.559518000E-5
1.421296667E+9	1.565569000E-5
1.421300000E+9	1.570872000E-5
1.421303333E+9	1.563574000E-5
1.421306667E+9	1.543474000E-5
1.421310000E+9	1.554727000E-5
1.421313333E+9	1.524637000E-5
1.421316667E+9	1.544327000E-5
1.421320000E+9	1.538147000E-5
1.421323333E+9	1.551705000E-5
1.421326667E+9	1.548869000E-5
1.421330000E+9	1.532715000E-5
1.421333333E+9	1.546010000E-5
1.421336667E+9	1.558698000E-5
1.421340000E+9	1.589687000E-5
1.421343333E+9	1.542229000E-5
1.421346667E+9	1.570639000E-5
1.421350000E+9	1.549318000E-5
1.421353333E+9	1.546772000E-5
1.421356667E+9	1.534738000E-5
1.421360000E+9	1.546338000E-5
1.421363333E+9	1.573473000E-5
1.421366667E+9	1.719620000E-5
1.421370000E+9	1.551313000E-5
1.421373333E+9	1.542156000E-5
1.421376667E+9	1.560759000E-5
1.421380000E+9	1.556744000E-5
1.421383333E+9	1.568791000E-5
1.421386667E+9	1.582032000E-5
1.421390000E+9	1.594681000E-5
1.421393333E+9	1.545194000E-5
1.421396667E+9	1.552435000E-5
1.421400000E+9	1.555398000E-5
