Frequency, Hz	Amplitude, Volts
1.419400000E+9	1.983475000E-5
1.419403333E+9	1.897924000E-5
1.419406667E+9	1.857921000E-5
1.419410000E+9	1.881923000E-5
1.419413333E+9	1.939502000E-5
1.419416667E+9	1.908927000E-5
1.419420000E+9	1.864065000E-5
1.419423333E+9	1.886315000E-5
1.419426667E+9	1.851508000E-5
1.419430000E+9	1.875393000E-5
1.419433333E+9	1.860519000E-5
1.419436667E+9	1.838204000E-5
1.419440000E+9	1.896170000E-5
1.419443333E+9	1.901079000E-5
1.419446667E+9	1.981311000E-5
1.419450000E+9	2.049446000E-5
1.419453333E+9	2.302005000E-5
1.419456667E+9	2.122490000E-5
1.419460000E+9	1.870004000E-5
1.419463333E+9	1.875965000E-5
1.419466667E+9	1.875234000E-5
1.419470000E+9	1.894603000E-5
1.419473333E+9	1.848200000E-5
1.419476667E+9	1.820351000E-5
1.419480000E+9	1.855974000E-5
1.419483333E+9	1.853697000E-5
1.419486667E+9	1.908600000E-5
1.419490000E+9	1.940153000E-5
1.419493333E+9	1.976527000E-5
1.419496667E+9	1.883759000E-5
1.419500000E+9	1.849940000E-5
1.419503333E+9	1.871577000E-5
1.419506667E+9	1.807245000E-5
1.419510000E+9	1.853489000E-5
1.419513333E+9	1.862707000E-5
1.419516667E+9	1.889244000E-5
1.419520000E+9	1.861482000E-5
1.419523333E+9	1.830171000E-5
1.419526667E+9	1.849237000E-5
1.419530000E+9	1.843516000E-5
1.419533333E+9	1.857717000E-5
1.419536667E+9	1.879926000E-5
1.419540000E+9	1.964853000E-5
1.419543333E+9	1.868698000E-5
1.419546667E+9	1.804862000E-5
1.419550000E+9	1.844139000E-5
1.419553333E+9	1.818611000E-5
1.419556667E+9	1.840022000E-5
1.419560000E+9	1.862608000E-5
1.419563333E+9	1.901841000E-5
1.419566667E+9	1.836248000E-5
1.419570000E+9	1.863621000E-5
1.419573333E+9	1.847236000E-5
1.419576667E+9	1.831266000E-5
1.419580000E+9	1.880709000E-5
1.419583333E+9	1.912647000E-5
1.419586667E+9	1.979191000E-5
1.419590000E+9	1.913338000E-5
1.419593333E+9	1.851482000E-5
1.419596667E+9	1.864853000E-5
1.419600000E+9	1.835599000E-5
1.419603333E+9	1.830105000E-5
1.419606667E+9	1.857497000E-5
1.419610000E+9	1.863791000E-5
1.419613333E+9	1.831552000E-5
1.419616667E+9	1.833439000E-5
1.419620000E+9	1.844660000E-5
1.419623333E+9	1.838804000E-5
1.419626667E+9	1.837948000E-5
1.419630000E+9	1.907081000E-5
1.419633333E+9	1.989455000E-5
1.419636667E+9	1.866101000E-5
1.419640000E+9	1.839077000E-5
1.419643333E+9	1.848786000E-5
1.419646667E+9	1.843565000E-5
1.419650000E+9	1.850472000E-5
1.419653333E+9	1.865916000E-5
1.419656667E+9	1.887774000E-5
1.419660000E+9	1.816811000E-5
1.419663333E+9	1.829132000E-5
1.419666667E+9	1.798794000E-5
1.419670000E+9	1.826979000E-5
1.419673333E+9	1.851427000E-5
1.419676667E+9	1.916843000E-5
1.419680000E+9	1.937994000E-5
1.419683333E+9	1.852987000E-5
1.419686667E+9	1.837710000E-5
1.419690000E+9	1.824147000E-5
1.419693333E+9	1.858160000E-5
1.419696667E+9	1.816396000E-5
1.419700000E+9	1.858486000E-5
1.419703333E+9	1.861194000E-5
1.419706667E+9	1.821765000E-5
1.419710000E+9	1.821097000E-5
1.419713333E+9	1.811855000E-5
1.419716667E+9	1.828889000E-5
1.419720000E+9	1.823059000E-5
1.419723333E+9	1.960315000E-5
1.419726667E+9	1.931554000E-5
1.419730000E+9	1.869345000E-5
1.419733333E+9	1.893846000E-5
1.419736667E+9	1.848912000E-5
1.419740000E+9	1.853221000E-5
1.419743333E+9	1.977799000E-5
1.419746667E+9	2.407060000E-5
1.419750000E+9	2.105484000E-5
1.419753333E+9	1.846796000E-5
1.419756667E+9	1.847650000E-5
1.419760000E+9	1.816602000E-5
1.419763333E+9	1.882194000E-5
1.419766667E+9	1.848888000E-5
1.419770000E+9	1.888597000E-5
1.419773333E+9	1.912302000E-5
1.419776667E+9	1.848681000E-5
1.419780000E+9	1.860035000E-5
1.419783333E+9	1.856208000E-5
1.419786667E+9	1.849135000E-5
1.419790000E+9	1.824886000E-5
1.419793333E+9	1.851189000E-5
1.419796667E+9	1.854072000E-5
1.419800000E+9	1.841578000E-5
1.419803333E+9	1.840355000E-5
1.419806667E+9	1.837631000E-5
1.419810000E+9	1.834760000E-5
1.419813333E+9	1.852901000E-5
1.419816667E+9	1.903109000E-5
1.419820000E+9	1.962984000E-5
1.419823333E+9	1.866195000E-5
1.419826667E+9	1.815567000E-5
1.419830000E+9	1.834319000E-5
1.419833333E+9	1.848569000E-5
1.419836667E+9	1.839450000E-5
1.419840000E+9	1.866931000E-5
1.419843333E+9	1.816197000E-5
1.419846667E+9	1.846920000E-5
1.419850000E+9	1.830436000E-5
1.419853333E+9	1.828078000E-5
1.419856667E+9	1.833574000E-5
1.419860000E+9	1.822927000E-5
1.419863333E+9	1.937246000E-5
1.419866667E+9	1.978279000E-5
1.419870000E+9	1.944602000E-5
1.419873333E+9	1.806795000E-5
1.419876667E+9	1.826397000E-5
1.419880000E+9	1.839587000E-5
1.419883333E+9	1.860189000E-5
1.419886667E+9	1.898933000E-5
1.419890000E+9	1.837222000E-5
1.419893333E+9	1.807541000E-5
1.419896667E+9	1.837173000E-5
1.419900000E+9	1.823786000E-5
1.419903333E+9	1.848348000E-5
1.419906667E+9	1.859474000E-5
1.419910000E+9	1.892406000E-5
1.419913333E+9	1.898318000E-5
1.419916667E+9	1.833423000E-5
1.419920000E+9	1.821971000E-5
1.419923333E+9	1.802881000E-5
1.419926667E+9	1.797716000E-5
1.419930000E+9	1.822379000E-5
1.419933333E+9	1.830388000E-5
1.419936667E+9	1.855552000E-5
1.419940000E+9	1.854933000E-5
1.419943333E+9	1.793828000E-5
1.419946667E+9	1.799006000E-5
1.419950000E+9	1.772908000E-5
1.419953333E+9	1.803913000E-5
1.419956667E+9	1.893495000E-5
1.419960000E+9	1.868754000E-5
1.419963333E+9	1.829558000E-5
1.419966667E+9	1.837567000E-5
1.419970000E+9	1.849472000E-5
1.419973333E+9	1.822079000E-5
1.419976667E+9	1.830629000E-5
1.419980000E+9	1.949692000E-5
1.419983333E+9	1.878991000E-5
1.419986667E+9	1.867509000E-5
1.419990000E+9	1.819836000E-5
1.419993333E+9	1.832063000E-5
1.419996667E+9	1.822637000E-5
1.420000000E+9	2.032348000E-5
1.420003333E+9	2.236497000E-5
1.420006667E+9	1.907285000E-5
1.420010000E+9	1.800075000E-5
1.420013333E+9	1.780579000E-5
1.420016667E+9	1.806831000E-5
1.420020000E+9	1.803964000E-5
1.420023333E+9	1.811007000E-5
1.420026667E+9	1.818699000E-5
1.420030000E+9	1.826836000E-5
1.420033333E+9	1.834277000E-5
1.420036667E+9	1.926555000E-5
1.420040000E+9	2.188065000E-5
1.420043333E+9	1.895560000E-5
1.420046667E+9	1.807726000E-5
1.420050000E+9	1.898176000E-5
1.420053333E+9	1.892649000E-5
1.420056667E+9	1.827442000E-5
1.420060000E+9	1.827557000E-5
1.420063333E+9	1.834319000E-5
1.420066667E+9	1.770673000E-5
1.420070000E+9	1.840747000E-5
1.420073333E+9	1.851305000E-5
1.420076667E+9	1.848551000E-5
1.420080000E+9	1.808472000E-5
1.420083333E+9	1.820817000E-5
1.420086667E+9	1.809304000E-5
1.420090000E+9	1.837879000E-5
1.420093333E+9	1.795653000E-5
1.420096667E+9	1.814140000E-5
1.420100000E+9	1.875243000E-5
1.420103333E+9	1.821817000E-5
1.420106667E+9	1.803287000E-5
1.420110000E+9	1.778201000E-5
1.420113333E+9	1.818212000E-5
1.420116667E+9	1.826501000E-5
1.420120000E+9	1.823017000E-5
1.420123333E+9	1.825944000E-5
1.420126667E+9	1.814078000E-5
1.420130000E+9	1.787794000E-5
1.420133333E+9	1.799152000E-5
1.420136667E+9	1.813164000E-5
1.420140000E+9	1.818527000E-5
1.420143333E+9	1.888887000E-5
1.420146667E+9	1.857262000E-5
1.420150000E+9	1.818306000E-5
1.420153333E+9	1.816707000E-5
1.420156667E+9	1.785863000E-5
1.420160000E+9	1.803834000E-5
1.420163333E+9	1.803261000E-5
1.420166667E+9	1.848561000E-5
1.420170000E+9	1.830543000E-5
1.420173333E+9	1.820501000E-5
1.420176667E+9	1.798666000E-5
1.420180000E+9	1.826351000E-5
1.420183333E+9	1.814574000E-5
1.420186667E+9	1.832383000E-5
1.420190000E+9	1.892790000E-5
1.420193333E+9	1.865490000E-5
1.420196667E+9	1.847788000E-5
1.420200000E+9	1.854357000E-5
1.420203333E+9	1.797095000E-5
1.420206667E+9	1.842124000E-5
1.420210000E+9	1.814463000E-5
1.420213333E+9	1.837924000E-5
1.420216667E+9	1.844763000E-5
1.420220000E+9	1.820249000E-5
1.420223333E+9	1.893626000E-5
1.420226667E+9	1.793938000E-5
1.420230000E+9	1.907947000E-5
1.420233333E+9	1.843654000E-5
1.420236667E+9	1.924591000E-5
1.420240000E+9	1.958846000E-5
1.420243333E+9	1.890354000E-5
1.420246667E+9	1.899794000E-5
1.420250000E+9	1.911891000E-5
1.420253333E+9	1.882833000E-5
1.420256667E+9	1.894822000E-5
1.420260000E+9	1.891043000E-5
1.420263333E+9	1.942613000E-5
1.420266667E+9	1.964047000E-5
1.420270000E+9	1.890946000E-5
1.420273333E+9	1.920306000E-5
1.420276667E+9	1.894759000E-5
1.420280000E+9	1.942285000E-5
1.420283333E+9	1.979100000E-5
1.420286667E+9	1.941423000E-5
1.420290000E+9	1.929036000E-5
1.420293333E+9	1.938963000E-5
1.420296667E+9	1.927188000E-5
1.420300000E+9	1.900353000E-5
1.420303333E+9	1.929618000E-5
1.420306667E+9	1.954167000E-5
1.420310000E+9	2.012236000E-5
1.420313333E+9	1.953024000E-5
1.420316667E+9	1.908118000E-5
1.420320000E+9	1.960240000E-5
1.420323333E+9	1.909740000E-5
1.420326667E+9	1.947784000E-5
1.420330000E+9	2.053890000E-5
1.420333333E+9	2.342412000E-5
1.420336667E+9	1.968336000E-5
1.420340000E+9	1.913607000E-5
1.420343333E+9	1.977897000E-5
1.420346667E+9	1.915015000E-5
1.420350000E+9	1.944162000E-5
1.420353333E+9	1.931019000E-5
1.420356667E+9	1.949027000E-5
1.420360000E+9	1.926783000E-5
1.420363333E+9	1.889374000E-5
1.420366667E+9	1.898487000E-5
1.420370000E+9	1.972304000E-5
1.420373333E+9	1.961327000E-5
1.420376667E+9	1.975403000E-5
1.420380000E+9	1.973285000E-5
1.420383333E+9	1.907595000E-5
1.420386667E+9	1.918888000E-5
1.420390000E+9	1.978974000E-5
1.420393333E+9	1.985828000E-5
1.420396667E+9	1.911950000E-5
1.420400000E+9	1.958255000E-5
1.420403333E+9	1.927607000E-5
1.420406667E+9	1.941057000E-5
1.420410000E+9	1.955947000E-5
1.420413333E+9	1.909644000E-5
1.420416667E+9	1.924050000E-5
1.420420000E+9	1.915318000E-5
1.420423333E+9	1.985377000E-5
1.420426667E+9	2.008636000E-5
1.420430000E+9	1.961112000E-5
1.420433333E+9	1.882345000E-5
1.420436667E+9	1.869977000E-5
1.420440000E+9	1.900420000E-5
1.420443333E+9	1.902148000E-5
1.420446667E+9	1.931518000E-5
1.420450000E+9	1.925872000E-5
1.420453333E+9	1.906801000E-5
1.420456667E+9	1.861878000E-5
1.420460000E+9	1.862414000E-5
1.420463333E+9	1.876093000E-5
1.420466667E+9	1.827294000E-5
1.420470000E+9	1.906638000E-5
1.420473333E+9	1.890472000E-5
1.420476667E+9	1.893443000E-5
1.420480000E+9	1.840870000E-5
1.420483333E+9	1.828221000E-5
1.420486667E+9	1.835572000E-5
1.420490000E+9	1.830708000E-5
1.420493333E+9	1.879198000E-5
1.420496667E+9	1.824147000E-5
1.420500000E+9	1.848666000E-5
1.420503333E+9	1.799859000E-5
1.420506667E+9	1.810602000E-5
1.420510000E+9	1.853245000E-5
1.420513333E+9	1.856269000E-5
1.420516667E+9	1.891945000E-5
1.420520000E+9	1.872928000E-5
1.420523333E+9	1.843880000E-5
1.420526667E+9	1.843781000E-5
1.420530000E+9	1.826752000E-5
1.420533333E+9	1.810204000E-5
1.420536667E+9	1.813879000E-5
1.420540000E+9	1.824397000E-5
1.420543333E+9	1.842108000E-5
1.420546667E+9	1.820393000E-5
1.420550000E+9	1.839565000E-5
1.420553333E+9	1.827077000E-5
1.420556667E+9	1.830410000E-5
1.420560000E+9	1.858256000E-5
1.420563333E+9	1.891388000E-5
1.420566667E+9	1.851399000E-5
1.420570000E+9	1.812014000E-5
1.420573333E+9	1.793287000E-5
1.420576667E+9	1.802943000E-5
1.420580000E+9	1.824619000E-5
1.420583333E+9	1.790045000E-5
1.420586667E+9	1.788234000E-5
1.420590000E+9	2.087254000E-5
1.420593333E+9	1.872584000E-5
1.420596667E+9	1.804735000E-5
1.420600000E+9	1.860942000E-5
1.420603333E+9	1.872463000E-5
1.420606667E+9	1.796891000E-5
1.420610000E+9	1.849070000E-5
1.420613333E+9	1.842881000E-5
1.420616667E+9	1.786079000E-5
1.420620000E+9	1.878465000E-5
1.420623333E+9	1.945219000E-5
1.420626667E+9	2.451032000E-5
1.420630000E+9	1.894955000E-5
1.420633333E+9	1.821761000E-5
1.420636667E+9	1.832785000E-5
1.420640000E+9	1.819178000E-5
1.420643333E+9	1.813598000E-5
1.420646667E+9	1.796584000E-5
1.420650000E+9	1.805242000E-5
1.420653333E+9	1.777610000E-5
1.420656667E+9	1.878208000E-5
1.420660000E+9	1.826307000E-5
1.420663333E+9	1.836578000E-5
1.420666667E+9	1.801021000E-5
1.420670000E+9	1.788599000E-5
1.420673333E+9	1.832691000E-5
1.420676667E+9	1.771002000E-5
1.420680000E+9	1.780921000E-5
1.420683333E+9	1.808591000E-5
1.420686667E+9	1.778564000E-5
1.420690000E+9	1.777479000E-5
1.420693333E+9	1.769214000E-5
1.420696667E+9	1.784142000E-5
1.420700000E+9	1.808417000E-5
1.420703333E+9	1.848167000E-5
1.420706667E+9	1.836066000E-5
1.420710000E+9	1.794433000E-5
1.420713333E+9	1.781887000E-5
1.420716667E+9	1.780475000E-5
1.420720000E+9	1.809328000E-5
1.420723333E+9	1.784501000E-5
1.420726667E+9	1.822673000E-5
1.420730000E+9	1.811710000E-5
1.420733333E+9	1.791336000E-5
1.420736667E+9	1.801682000E-5
1.420740000E+9	1.796795000E-5
1.420743333E+9	1.791573000E-5
1.420746667E+9	1.816911000E-5
1.420750000E+9	1.863549000E-5
1.420753333E+9	1.841517000E-5
1.420756667E+9	1.799322000E-5
1.420760000E+9	1.764908000E-5
1.420763333E+9	1.784675000E-5
1.420766667E+9	1.782054000E-5
1.420770000E+9	1.824996000E-5
1.420773333E+9	1.782218000E-5
1.420776667E+9	1.793259000E-5
1.420780000E+9	1.813268000E-5
1.420783333E+9	1.760032000E-5
1.420786667E+9	1.759528000E-5
1.420790000E+9	1.776972000E-5
1.420793333E+9	1.818348000E-5
1.420796667E+9	1.844482000E-5
1.420800000E+9	1.826052000E-5
1.420803333E+9	1.798070000E-5
1.420806667E+9	1.827191000E-5
1.420810000E+9	1.794264000E-5
1.420813333E+9	1.817096000E-5
1.420816667E+9	1.788872000E-5
1.420820000E+9	1.820225000E-5
1.420823333E+9	1.821029000E-5
1.420826667E+9	1.797491000E-5
1.420830000E+9	1.780264000E-5
1.420833333E+9	1.794063000E-5
1.420836667E+9	1.775723000E-5
1.420840000E+9	1.789335000E-5
1.420843333E+9	1.854745000E-5
1.420846667E+9	1.802806000E-5
1.420850000E+9	1.822163000E-5
1.420853333E+9	1.757167000E-5
1.420856667E+9	1.803020000E-5
1.420860000E+9	1.773019000E-5
1.420863333E+9	1.798151000E-5
1.420866667E+9	1.807966000E-5
1.420870000E+9	1.841157000E-5
1.420873333E+9	1.783821000E-5
1.420876667E+9	1.783813000E-5
1.420880000E+9	1.787150000E-5
1.420883333E+9	1.884568000E-5
1.420886667E+9	1.790432000E-5
1.420890000E+9	1.818633000E-5
1.420893333E+9	1.837831000E-5
1.420896667E+9	1.855310000E-5
1.420900000E+9	1.802683000E-5
1.420903333E+9	1.818947000E-5
1.420906667E+9	1.846413000E-5
1.420910000E+9	1.796852000E-5
1.420913333E+9	2.027859000E-5
1.420916667E+9	2.425386000E-5
1.420920000E+9	3.197681000E-5
1.420923333E+9	1.870158000E-5
1.420926667E+9	1.838043000E-5
1.420930000E+9	1.828647000E-5
1.420933333E+9	1.843093000E-5
1.420936667E+9	1.850204000E-5
1.420940000E+9	1.814690000E-5
1.420943333E+9	1.816897000E-5
1.420946667E+9	1.829078000E-5
1.420950000E+9	1.822677000E-5
1.420953333E+9	1.765899000E-5
1.420956667E+9	1.818090000E-5
1.420960000E+9	1.813116000E-5
1.420963333E+9	1.789068000E-5
1.420966667E+9	1.786381000E-5
1.420970000E+9	1.799239000E-5
1.420973333E+9	1.770642000E-5
1.420976667E+9	1.819794000E-5
1.420980000E+9	1.800314000E-5
1.420983333E+9	1.897934000E-5
1.420986667E+9	1.875786000E-5
1.420990000E+9	1.811580000E-5
1.420993333E+9	1.798133000E-5
1.420996667E+9	1.801850000E-5
1.421000000E+9	1.814469000E-5
1.421003333E+9	1.788124000E-5
1.421006667E+9	1.837664000E-5
1.421010000E+9	1.804258000E-5
1.421013333E+9	1.827177000E-5
1.421016667E+9	1.794063000E-5
1.421020000E+9	1.796124000E-5
1.421023333E+9	1.800371000E-5
1.421026667E+9	1.770358000E-5
1.421030000E+9	1.868378000E-5
1.421033333E+9	1.806087000E-5
1.421036667E+9	1.849146000E-5
1.421040000E+9	1.824019000E-5
1.421043333E+9	1.783471000E-5
1.421046667E+9	1.791067000E-5
1.421050000E+9	1.815013000E-5
1.421053333E+9	1.813712000E-5
1.421056667E+9	1.801205000E-5
1.421060000E+9	1.795353000E-5
1.421063333E+9	1.812002000E-5
1.421066667E+9	1.808355000E-5
1.421070000E+9	1.775762000E-5
1.421073333E+9	1.817611000E-5
1.421076667E+9	1.866580000E-5
1.421080000E+9	1.822465000E-5
1.421083333E+9	1.797592000E-5
1.421086667E+9	1.790214000E-5
1.421090000E+9	1.789241000E-5
1.421093333E+9	1.784644000E-5
1.421096667E+9	1.788373000E-5
1.421100000E+9	1.813660000E-5
1.421103333E+9	1.822531000E-5
1.421106667E+9	1.801498000E-5
1.421110000E+9	1.802117000E-5
1.421113333E+9	1.813409000E-5
1.421116667E+9	1.825741000E-5
1.421120000E+9	1.847088000E-5
1.421123333E+9	1.878886000E-5
1.421126667E+9	1.864327000E-5
1.421130000E+9	1.878014000E-5
1.421133333E+9	1.804430000E-5
1.421136667E+9	1.812752000E-5
1.421140000E+9	1.845314000E-5
1.421143333E+9	1.803691000E-5
1.421146667E+9	1.829273000E-5
1.421150000E+9	1.791956000E-5
1.421153333E+9	1.840266000E-5
1.421156667E+9	1.803202000E-5
1.421160000E+9	1.813728000E-5
1.421163333E+9	1.847163000E-5
1.421166667E+9	1.818082000E-5
1.421170000E+9	1.851811000E-5
1.421173333E+9	1.835709000E-5
1.421176667E+9	1.848342000E-5
1.421180000E+9	1.887270000E-5
1.421183333E+9	1.789280000E-5
1.421186667E+9	1.804906000E-5
1.421190000E+9	1.821465000E-5
1.421193333E+9	1.811262000E-5
1.421196667E+9	1.846717000E-5
1.421200000E+9	1.829530000E-5
1.421203333E+9	1.785971000E-5
1.421206667E+9	1.887998000E-5
1.421210000E+9	2.046235000E-5
1.421213333E+9	2.342394000E-5
1.421216667E+9	1.875387000E-5
1.421220000E+9	1.864609000E-5
1.421223333E+9	1.811564000E-5
1.421226667E+9	1.788353000E-5
1.421230000E+9	1.799656000E-5
1.421233333E+9	1.830093000E-5
1.421236667E+9	1.819120000E-5
1.421240000E+9	1.835760000E-5
1.421243333E+9	1.812390000E-5
1.421246667E+9	1.831353000E-5
1.421250000E+9	1.851508000E-5
1.421253333E+9	1.797406000E-5
1.421256667E+9	1.813927000E-5
1.421260000E+9	1.846613000E-5
1.421263333E+9	2.084330000E-5
1.421266667E+9	2.076629000E-5
1.421270000E+9	1.867785000E-5
1.421273333E+9	1.816480000E-5
1.421276667E+9	1.790819000E-5
1.421280000E+9	1.825289000E-5
1.421283333E+9	1.779701000E-5
1.421286667E+9	1.820147000E-5
1.421290000E+9	1.808909000E-5
1.421293333E+9	1.811897000E-5
1.421296667E+9	1.779443000E-5
1.421300000E+9	1.813993000E-5
1.421303333E+9	1.781357000E-5
1.421306667E+9	1.801308000E-5
1.421310000E+9	1.888356000E-5
1.421313333E+9	1.840893000E-5
1.421316667E+9	1.786516000E-5
1.421320000E+9	1.825748000E-5
1.421323333E+9	1.779899000E-5
1.421326667E+9	1.806587000E-5
1.421330000E+9	2.052197000E-5
1.421333333E+9	2.414103000E-5
1.421336667E+9	1.921831000E-5
1.421340000E+9	1.810554000E-5
1.421343333E+9	1.807009000E-5
1.421346667E+9	1.805314000E-5
1.421350000E+9	1.786966000E-5
1.421353333E+9	1.798437000E-5
1.421356667E+9	1.840240000E-5
1.421360000E+9	1.810942000E-5
1.421363333E+9	1.842262000E-5
1.421366667E+9	1.899827000E-5
1.421370000E+9	1.779520000E-5
1.421373333E+9	1.806384000E-5
1.421376667E+9	1.806612000E-5
1.421380000E+9	1.820331000E-5
1.421383333E+9	1.831729000E-5
1.421386667E+9	1.823848000E-5
1.421390000E+9	1.798078000E-5
1.421393333E+9	1.774057000E-5
1.421396667E+9	1.858551000E-5
1.421400000E+9	2.166876000E-5
