Frequency, Hz	Amplitude, Volts
1.419400000E+9	2.211580000E-5
1.419403333E+9	2.228222000E-5
1.419406667E+9	2.271233000E-5
1.419410000E+9	2.180216000E-5
1.419413333E+9	2.258883000E-5
1.419416667E+9	2.164296000E-5
1.419420000E+9	2.197261000E-5
1.419423333E+9	2.229260000E-5
1.419426667E+9	2.220246000E-5
1.419430000E+9	2.253552000E-5
1.419433333E+9	2.235279000E-5
1.419436667E+9	2.195588000E-5
1.419440000E+9	2.164973000E-5
1.419443333E+9	2.191825000E-5
1.419446667E+9	2.235623000E-5
1.419450000E+9	2.308718000E-5
1.419453333E+9	2.390738000E-5
1.419456667E+9	2.311473000E-5
1.419460000E+9	2.189781000E-5
1.419463333E+9	2.203349000E-5
1.419466667E+9	2.207059000E-5
1.419470000E+9	2.200084000E-5
1.419473333E+9	2.153369000E-5
1.419476667E+9	2.223240000E-5
1.419480000E+9	2.233327000E-5
1.419483333E+9	2.196733000E-5
1.419486667E+9	2.199598000E-5
1.419490000E+9	2.196137000E-5
1.419493333E+9	2.200443000E-5
1.419496667E+9	2.244024000E-5
1.419500000E+9	2.218782000E-5
1.419503333E+9	2.222095000E-5
1.419506667E+9	2.209289000E-5
1.419510000E+9	2.242723000E-5
1.419513333E+9	2.173175000E-5
1.419516667E+9	2.249839000E-5
1.419520000E+9	2.220495000E-5
1.419523333E+9	2.265164000E-5
1.419526667E+9	2.223359000E-5
1.419530000E+9	2.252629000E-5
1.419533333E+9	2.293989000E-5
1.419536667E+9	2.228428000E-5
1.419540000E+9	2.288319000E-5
1.419543333E+9	2.255562000E-5
1.419546667E+9	2.220281000E-5
1.419550000E+9	2.256268000E-5
1.419553333E+9	2.209224000E-5
1.419556667E+9	2.228382000E-5
1.419560000E+9	2.208314000E-5
1.419563333E+9	2.180901000E-5
1.419566667E+9	2.220266000E-5
1.419570000E+9	2.221995000E-5
1.419573333E+9	2.270971000E-5
1.419576667E+9	2.190260000E-5
1.419580000E+9	2.225425000E-5
1.419583333E+9	2.188601000E-5
1.419586667E+9	2.211386000E-5
1.419590000E+9	2.207817000E-5
1.419593333E+9	2.209398000E-5
1.419596667E+9	2.247000000E-5
1.419600000E+9	2.216274000E-5
1.419603333E+9	2.241652000E-5
1.419606667E+9	2.213580000E-5
1.419610000E+9	2.237932000E-5
1.419613333E+9	2.203231000E-5
1.419616667E+9	2.217988000E-5
1.419620000E+9	2.190829000E-5
1.419623333E+9	2.222615000E-5
1.419626667E+9	2.234364000E-5
1.419630000E+9	2.194036000E-5
1.419633333E+9	2.213081000E-5
1.419636667E+9	2.225135000E-5
1.419640000E+9	2.242115000E-5
1.419643333E+9	2.268544000E-5
1.419646667E+9	2.254861000E-5
1.419650000E+9	2.202375000E-5
1.419653333E+9	2.261099000E-5
1.419656667E+9	2.211163000E-5
1.419660000E+9	2.151114000E-5
1.419663333E+9	2.256008000E-5
1.419666667E+9	2.213412000E-5
1.419670000E+9	2.215420000E-5
1.419673333E+9	2.225406000E-5
1.419676667E+9	2.212984000E-5
1.419680000E+9	2.158486000E-5
1.419683333E+9	2.160348000E-5
1.419686667E+9	2.206601000E-5
1.419690000E+9	2.242278000E-5
1.419693333E+9	2.225511000E-5
1.419696667E+9	2.241301000E-5
1.419700000E+9	2.186449000E-5
1.419703333E+9	2.216848000E-5
1.419706667E+9	2.176363000E-5
1.419710000E+9	2.172135000E-5
1.419713333E+9	2.224656000E-5
1.419716667E+9	2.169747000E-5
1.419720000E+9	2.162467000E-5
1.419723333E+9	2.134736000E-5
1.419726667E+9	2.188411000E-5
1.419730000E+9	2.227547000E-5
1.419733333E+9	2.294158000E-5
1.419736667E+9	2.197223000E-5
1.419740000E+9	2.254465000E-5
1.419743333E+9	2.228949000E-5
1.419746667E+9	2.436225000E-5
1.419750000E+9	2.306473000E-5
1.419753333E+9	2.240493000E-5
1.419756667E+9	2.183824000E-5
1.419760000E+9	2.191056000E-5
1.419763333E+9	2.168149000E-5
1.419766667E+9	2.166179000E-5
1.419770000E+9	2.168197000E-5
1.419773333E+9	2.198618000E-5
1.419776667E+9	2.179034000E-5
1.419780000E+9	2.176576000E-5
1.419783333E+9	2.206642000E-5
1.419786667E+9	2.202643000E-5
1.419790000E+9	2.377281000E-5
1.419793333E+9	2.748209000E-5
1.419796667E+9	2.213001000E-5
1.419800000E+9	2.212401000E-5
1.419803333E+9	2.181555000E-5
1.419806667E+9	2.135285000E-5
1.419810000E+9	2.203117000E-5
1.419813333E+9	2.202290000E-5
1.419816667E+9	2.210024000E-5
1.419820000E+9	2.186893000E-5
1.419823333E+9	2.213273000E-5
1.419826667E+9	2.170869000E-5
1.419830000E+9	2.223071000E-5
1.419833333E+9	2.218765000E-5
1.419836667E+9	2.185796000E-5
1.419840000E+9	2.186612000E-5
1.419843333E+9	2.194590000E-5
1.419846667E+9	2.162871000E-5
1.419850000E+9	2.190469000E-5
1.419853333E+9	2.163455000E-5
1.419856667E+9	2.176956000E-5
1.419860000E+9	2.194522000E-5
1.419863333E+9	2.188190000E-5
1.419866667E+9	2.215189000E-5
1.419870000E+9	2.174868000E-5
1.419873333E+9	2.169187000E-5
1.419876667E+9	2.213757000E-5
1.419880000E+9	2.206216000E-5
1.419883333E+9	2.224211000E-5
1.419886667E+9	2.135179000E-5
1.419890000E+9	2.163372000E-5
1.419893333E+9	2.181602000E-5
1.419896667E+9	2.165180000E-5
1.419900000E+9	2.155815000E-5
1.419903333E+9	2.178008000E-5
1.419906667E+9	2.190418000E-5
1.419910000E+9	2.200311000E-5
1.419913333E+9	2.180731000E-5
1.419916667E+9	2.195344000E-5
1.419920000E+9	2.198304000E-5
1.419923333E+9	2.188382000E-5
1.419926667E+9	2.186072000E-5
1.419930000E+9	2.183841000E-5
1.419933333E+9	2.175699000E-5
1.419936667E+9	2.219296000E-5
1.419940000E+9	2.178493000E-5
1.419943333E+9	2.194723000E-5
1.419946667E+9	2.221500000E-5
1.419950000E+9	2.201415000E-5
1.419953333E+9	2.167666000E-5
1.419956667E+9	2.142271000E-5
1.419960000E+9	2.181487000E-5
1.419963333E+9	2.168068000E-5
1.419966667E+9	2.207325000E-5
1.419970000E+9	2.222798000E-5
1.419973333E+9	2.186984000E-5
1.419976667E+9	2.249824000E-5
1.419980000E+9	2.274532000E-5
1.419983333E+9	2.157522000E-5
1.419986667E+9	2.189810000E-5
1.419990000E+9	2.178170000E-5
1.419993333E+9	2.175219000E-5
1.419996667E+9	2.155581000E-5
1.420000000E+9	2.256241000E-5
1.420003333E+9	2.258313000E-5
1.420006667E+9	2.199209000E-5
1.420010000E+9	2.207793000E-5
1.420013333E+9	2.255109000E-5
1.420016667E+9	2.232327000E-5
1.420020000E+9	2.238212000E-5
1.420023333E+9	2.215724000E-5
1.420026667E+9	2.198352000E-5
1.420030000E+9	2.196094000E-5
1.420033333E+9	2.216637000E-5
1.420036667E+9	2.302622000E-5
1.420040000E+9	2.420284000E-5
1.420043333E+9	2.228582000E-5
1.420046667E+9	2.197206000E-5
1.420050000E+9	2.210454000E-5
1.420053333E+9	2.246511000E-5
1.420056667E+9	2.162671000E-5
1.420060000E+9	2.197467000E-5
1.420063333E+9	2.199511000E-5
1.420066667E+9	2.159833000E-5
1.420070000E+9	2.149846000E-5
1.420073333E+9	2.235083000E-5
1.420076667E+9	2.221607000E-5
1.420080000E+9	2.226542000E-5
1.420083333E+9	2.162882000E-5
1.420086667E+9	2.141074000E-5
1.420090000E+9	2.181991000E-5
1.420093333E+9	2.226254000E-5
1.420096667E+9	2.204041000E-5
1.420100000E+9	2.154168000E-5
1.420103333E+9	2.209629000E-5
1.420106667E+9	2.188836000E-5
1.420110000E+9	2.186965000E-5
1.420113333E+9	2.188584000E-5
1.420116667E+9	2.202200000E-5
1.420120000E+9	2.129411000E-5
1.420123333E+9	2.191337000E-5
1.420126667E+9	2.193809000E-5
1.420130000E+9	2.178113000E-5
1.420133333E+9	2.195033000E-5
1.420136667E+9	2.241756000E-5
1.420140000E+9	2.196815000E-5
1.420143333E+9	2.168409000E-5
1.420146667E+9	2.160972000E-5
1.420150000E+9	2.156857000E-5
1.420153333E+9	2.192317000E-5
1.420156667E+9	2.204213000E-5
1.420160000E+9	2.180341000E-5
1.420163333E+9	2.154116000E-5
1.420166667E+9	2.231153000E-5
1.420170000E+9	2.241335000E-5
1.420173333E+9	2.225799000E-5
1.420176667E+9	2.183016000E-5
1.420180000E+9	2.215695000E-5
1.420183333E+9	2.154715000E-5
1.420186667E+9	2.179453000E-5
1.420190000E+9	2.206109000E-5
1.420193333E+9	2.175821000E-5
1.420196667E+9	2.171739000E-5
1.420200000E+9	2.181059000E-5
1.420203333E+9	2.188147000E-5
1.420206667E+9	2.196702000E-5
1.420210000E+9	2.143334000E-5
1.420213333E+9	2.158015000E-5
1.420216667E+9	2.226826000E-5
1.420220000E+9	2.230607000E-5
1.420223333E+9	2.170069000E-5
1.420226667E+9	2.243009000E-5
1.420230000E+9	2.182046000E-5
1.420233333E+9	2.144530000E-5
1.420236667E+9	2.205416000E-5
1.420240000E+9	2.195060000E-5
1.420243333E+9	2.190805000E-5
1.420246667E+9	2.198246000E-5
1.420250000E+9	2.232054000E-5
1.420253333E+9	2.175859000E-5
1.420256667E+9	2.190760000E-5
1.420260000E+9	2.216252000E-5
1.420263333E+9	2.207563000E-5
1.420266667E+9	2.176879000E-5
1.420270000E+9	2.182971000E-5
1.420273333E+9	2.215926000E-5
1.420276667E+9	2.199016000E-5
1.420280000E+9	2.200327000E-5
1.420283333E+9	2.220593000E-5
1.420286667E+9	2.143443000E-5
1.420290000E+9	2.188747000E-5
1.420293333E+9	2.231327000E-5
1.420296667E+9	2.198905000E-5
1.420300000E+9	2.154596000E-5
1.420303333E+9	2.226110000E-5
1.420306667E+9	2.178706000E-5
1.420310000E+9	2.204395000E-5
1.420313333E+9	2.197971000E-5
1.420316667E+9	2.211175000E-5
1.420320000E+9	2.291759000E-5
1.420323333E+9	2.224812000E-5
1.420326667E+9	2.247380000E-5
1.420330000E+9	2.301629000E-5
1.420333333E+9	2.398362000E-5
1.420336667E+9	2.259064000E-5
1.420340000E+9	2.205089000E-5
1.420343333E+9	2.220980000E-5
1.420346667E+9	2.231246000E-5
1.420350000E+9	2.207136000E-5
1.420353333E+9	2.213563000E-5
1.420356667E+9	2.209384000E-5
1.420360000E+9	2.168949000E-5
1.420363333E+9	2.174784000E-5
1.420366667E+9	2.220746000E-5
1.420370000E+9	2.204102000E-5
1.420373333E+9	2.243630000E-5
1.420376667E+9	2.161757000E-5
1.420380000E+9	2.178106000E-5
1.420383333E+9	2.174412000E-5
1.420386667E+9	2.232910000E-5
1.420390000E+9	2.172908000E-5
1.420393333E+9	2.179646000E-5
1.420396667E+9	2.197770000E-5
1.420400000E+9	2.201369000E-5
1.420403333E+9	2.228428000E-5
1.420406667E+9	2.195684000E-5
1.420410000E+9	2.199591000E-5
1.420413333E+9	2.191660000E-5
1.420416667E+9	2.236360000E-5
1.420420000E+9	2.167416000E-5
1.420423333E+9	2.198000000E-5
1.420426667E+9	2.139498000E-5
1.420430000E+9	2.207172000E-5
1.420433333E+9	2.194262000E-5
1.420436667E+9	2.180168000E-5
1.420440000E+9	2.222010000E-5
1.420443333E+9	2.191306000E-5
1.420446667E+9	2.182247000E-5
1.420450000E+9	2.196750000E-5
1.420453333E+9	2.227706000E-5
1.420456667E+9	2.189884000E-5
1.420460000E+9	2.176052000E-5
1.420463333E+9	2.267421000E-5
1.420466667E+9	2.222917000E-5
1.420470000E+9	2.258774000E-5
1.420473333E+9	2.189567000E-5
1.420476667E+9	2.185220000E-5
1.420480000E+9	2.203386000E-5
1.420483333E+9	2.186710000E-5
1.420486667E+9	2.196557000E-5
1.420490000E+9	2.187731000E-5
1.420493333E+9	2.197705000E-5
1.420496667E+9	2.175092000E-5
1.420500000E+9	2.189613000E-5
1.420503333E+9	2.236748000E-5
1.420506667E+9	2.226110000E-5
1.420510000E+9	2.255257000E-5
1.420513333E+9	2.197155000E-5
1.420516667E+9	2.222037000E-5
1.420520000E+9	2.205736000E-5
1.420523333E+9	2.232501000E-5
1.420526667E+9	2.210299000E-5
1.420530000E+9	2.237263000E-5
1.420533333E+9	2.188747000E-5
1.420536667E+9	2.174524000E-5
1.420540000E+9	2.200825000E-5
1.420543333E+9	2.226775000E-5
1.420546667E+9	2.191508000E-5
1.420550000E+9	2.225013000E-5
1.420553333E+9	2.189743000E-5
1.420556667E+9	2.195325000E-5
1.420560000E+9	2.177711000E-5
1.420563333E+9	2.223681000E-5
1.420566667E+9	2.220178000E-5
1.420570000E+9	2.246849000E-5
1.420573333E+9	2.244672000E-5
1.420576667E+9	2.195588000E-5
1.420580000E+9	2.234703000E-5
1.420583333E+9	2.207461000E-5
1.420586667E+9	2.168085000E-5
1.420590000E+9	2.191939000E-5
1.420593333E+9	2.256253000E-5
1.420596667E+9	2.236784000E-5
1.420600000E+9	2.223572000E-5
1.420603333E+9	2.250026000E-5
1.420606667E+9	2.269433000E-5
1.420610000E+9	2.214671000E-5
1.420613333E+9	2.213541000E-5
1.420616667E+9	2.230967000E-5
1.420620000E+9	2.357692000E-5
1.420623333E+9	2.350321000E-5
1.420626667E+9	2.548098000E-5
1.420630000E+9	2.240587000E-5
1.420633333E+9	2.279956000E-5
1.420636667E+9	2.241293000E-5
1.420640000E+9	2.244837000E-5
1.420643333E+9	2.209993000E-5
1.420646667E+9	2.229258000E-5
1.420650000E+9	2.180879000E-5
1.420653333E+9	2.204780000E-5
1.420656667E+9	2.267628000E-5
1.420660000E+9	2.228871000E-5
1.420663333E+9	2.230092000E-5
1.420666667E+9	2.261168000E-5
1.420670000E+9	2.231376000E-5
1.420673333E+9	2.233180000E-5
1.420676667E+9	2.267608000E-5
1.420680000E+9	2.230406000E-5
1.420683333E+9	2.241990000E-5
1.420686667E+9	2.273384000E-5
1.420690000E+9	2.257532000E-5
1.420693333E+9	2.181535000E-5
1.420696667E+9	2.253926000E-5
1.420700000E+9	2.256999000E-5
1.420703333E+9	2.256751000E-5
1.420706667E+9	2.205063000E-5
1.420710000E+9	2.243071000E-5
1.420713333E+9	2.225479000E-5
1.420716667E+9	2.229035000E-5
1.420720000E+9	2.260476000E-5
1.420723333E+9	2.174469000E-5
1.420726667E+9	2.168816000E-5
1.420730000E+9	2.237010000E-5
1.420733333E+9	2.172829000E-5
1.420736667E+9	2.217618000E-5
1.420740000E+9	2.248478000E-5
1.420743333E+9	2.190589000E-5
1.420746667E+9	2.189526000E-5
1.420750000E+9	2.198540000E-5
1.420753333E+9	2.216043000E-5
1.420756667E+9	2.268260000E-5
1.420760000E+9	2.271181000E-5
1.420763333E+9	2.243637000E-5
1.420766667E+9	2.219949000E-5
1.420770000E+9	2.234090000E-5
1.420773333E+9	2.192940000E-5
1.420776667E+9	2.150427000E-5
1.420780000E+9	2.257839000E-5
1.420783333E+9	2.211687000E-5
1.420786667E+9	2.195233000E-5
1.420790000E+9	2.229189000E-5
1.420793333E+9	2.242999000E-5
1.420796667E+9	2.201893000E-5
1.420800000E+9	2.271330000E-5
1.420803333E+9	2.240058000E-5
1.420806667E+9	2.179883000E-5
1.420810000E+9	2.196538000E-5
1.420813333E+9	2.297180000E-5
1.420816667E+9	2.220863000E-5
1.420820000E+9	2.269027000E-5
1.420823333E+9	2.221563000E-5
1.420826667E+9	2.219208000E-5
1.420830000E+9	2.219401000E-5
1.420833333E+9	2.221695000E-5
1.420836667E+9	2.437305000E-5
1.420840000E+9	2.274185000E-5
1.420843333E+9	2.231253000E-5
1.420846667E+9	2.272775000E-5
1.420850000E+9	2.201944000E-5
1.420853333E+9	2.193489000E-5
1.420856667E+9	2.216393000E-5
1.420860000E+9	2.255832000E-5
1.420863333E+9	2.196473000E-5
1.420866667E+9	2.259411000E-5
1.420870000E+9	2.193270000E-5
1.420873333E+9	2.242871000E-5
1.420876667E+9	2.212080000E-5
1.420880000E+9	2.253485000E-5
1.420883333E+9	2.307689000E-5
1.420886667E+9	2.284393000E-5
1.420890000E+9	2.226894000E-5
1.420893333E+9	2.219713000E-5
1.420896667E+9	2.256033000E-5
1.420900000E+9	2.256023000E-5
1.420903333E+9	2.297761000E-5
1.420906667E+9	2.231658000E-5
1.420910000E+9	2.252330000E-5
1.420913333E+9	2.545942000E-5
1.420916667E+9	2.541588000E-5
1.420920000E+9	2.926356000E-5
1.420923333E+9	2.259074000E-5
1.420926667E+9	2.240407000E-5
1.420930000E+9	2.209641000E-5
1.420933333E+9	2.171937000E-5
1.420936667E+9	2.192709000E-5
1.420940000E+9	2.243531000E-5
1.420943333E+9	2.169602000E-5
1.420946667E+9	2.187301000E-5
1.420950000E+9	2.205847000E-5
1.420953333E+9	2.198724000E-5
1.420956667E+9	2.223240000E-5
1.420960000E+9	2.192853000E-5
1.420963333E+9	2.162818000E-5
1.420966667E+9	2.175469000E-5
1.420970000E+9	2.235253000E-5
1.420973333E+9	2.234565000E-5
1.420976667E+9	2.292459000E-5
1.420980000E+9	2.216715000E-5
1.420983333E+9	2.246775000E-5
1.420986667E+9	2.247967000E-5
1.420990000E+9	2.231302000E-5
1.420993333E+9	2.205240000E-5
1.420996667E+9	2.212008000E-5
1.421000000E+9	2.274248000E-5
1.421003333E+9	2.244559000E-5
1.421006667E+9	2.217450000E-5
1.421010000E+9	2.250231000E-5
1.421013333E+9	2.204392000E-5
1.421016667E+9	2.239298000E-5
1.421020000E+9	2.231145000E-5
1.421023333E+9	2.215153000E-5
1.421026667E+9	2.184570000E-5
1.421030000E+9	2.248908000E-5
1.421033333E+9	2.271620000E-5
1.421036667E+9	2.215510000E-5
1.421040000E+9	2.257160000E-5
1.421043333E+9	2.182463000E-5
1.421046667E+9	2.207204000E-5
1.421050000E+9	2.197286000E-5
1.421053333E+9	2.216333000E-5
1.421056667E+9	2.221588000E-5
1.421060000E+9	2.223677000E-5
1.421063333E+9	2.229488000E-5
1.421066667E+9	2.209321000E-5
1.421070000E+9	2.181777000E-5
1.421073333E+9	2.216379000E-5
1.421076667E+9	2.207989000E-5
1.421080000E+9	2.189860000E-5
1.421083333E+9	2.176573000E-5
1.421086667E+9	2.238807000E-5
1.421090000E+9	2.265062000E-5
1.421093333E+9	2.253513000E-5
1.421096667E+9	2.202624000E-5
1.421100000E+9	2.200168000E-5
1.421103333E+9	2.264030000E-5
1.421106667E+9	2.222305000E-5
1.421110000E+9	2.222390000E-5
1.421113333E+9	2.210621000E-5
1.421116667E+9	2.208896000E-5
1.421120000E+9	2.206458000E-5
1.421123333E+9	2.206535000E-5
1.421126667E+9	2.266000000E-5
1.421130000E+9	2.222505000E-5
1.421133333E+9	2.242842000E-5
1.421136667E+9	2.252946000E-5
1.421140000E+9	2.289362000E-5
1.421143333E+9	2.262927000E-5
1.421146667E+9	2.204445000E-5
1.421150000E+9	2.217114000E-5
1.421153333E+9	2.259982000E-5
1.421156667E+9	2.259439000E-5
1.421160000E+9	2.261263000E-5
1.421163333E+9	2.242842000E-5
1.421166667E+9	2.262639000E-5
1.421170000E+9	2.236868000E-5
1.421173333E+9	2.237138000E-5
1.421176667E+9	2.248364000E-5
1.421180000E+9	2.276454000E-5
1.421183333E+9	2.195450000E-5
1.421186667E+9	2.252234000E-5
1.421190000E+9	2.234872000E-5
1.421193333E+9	2.238214000E-5
1.421196667E+9	2.232716000E-5
1.421200000E+9	2.223862000E-5
1.421203333E+9	2.252545000E-5
1.421206667E+9	2.312404000E-5
1.421210000E+9	2.334804000E-5
1.421213333E+9	2.484472000E-5
1.421216667E+9	2.298848000E-5
1.421220000E+9	2.251190000E-5
1.421223333E+9	2.217664000E-5
1.421226667E+9	2.212314000E-5
1.421230000E+9	2.279568000E-5
1.421233333E+9	2.225301000E-5
1.421236667E+9	2.162633000E-5
1.421240000E+9	2.168892000E-5
1.421243333E+9	2.263401000E-5
1.421246667E+9	2.250708000E-5
1.421250000E+9	2.317460000E-5
1.421253333E+9	2.254936000E-5
1.421256667E+9	2.217966000E-5
1.421260000E+9	2.259828000E-5
1.421263333E+9	2.255431000E-5
1.421266667E+9	2.255339000E-5
1.421270000E+9	2.244494000E-5
1.421273333E+9	2.275689000E-5
1.421276667E+9	2.303927000E-5
1.421280000E+9	2.265184000E-5
1.421283333E+9	2.264388000E-5
1.421286667E+9	2.241665000E-5
1.421290000E+9	2.262688000E-5
1.421293333E+9	2.271248000E-5
1.421296667E+9	2.252463000E-5
1.421300000E+9	2.252671000E-5
1.421303333E+9	2.235770000E-5
1.421306667E+9	2.220205000E-5
1.421310000E+9	2.227058000E-5
1.421313333E+9	2.262105000E-5
1.421316667E+9	2.262375000E-5
1.421320000E+9	2.285861000E-5
1.421323333E+9	2.298126000E-5
1.421326667E+9	2.304666000E-5
1.421330000E+9	2.278101000E-5
1.421333333E+9	2.318488000E-5
1.421336667E+9	2.344442000E-5
1.421340000E+9	2.422185000E-5
1.421343333E+9	2.866017000E-5
1.421346667E+9	2.824705000E-5
1.421350000E+9	2.331814000E-5
1.421353333E+9	2.357723000E-5
1.421356667E+9	2.336563000E-5
1.421360000E+9	2.318361000E-5
1.421363333E+9	2.375674000E-5
1.421366667E+9	2.461877000E-5
1.421370000E+9	2.267336000E-5
1.421373333E+9	2.312353000E-5
1.421376667E+9	2.349018000E-5
1.421380000E+9	2.279535000E-5
1.421383333E+9	2.343554000E-5
1.421386667E+9	2.267583000E-5
1.421390000E+9	2.253733000E-5
1.421393333E+9	2.282631000E-5
1.421396667E+9	2.214438000E-5
1.421400000E+9	2.250160000E-5
