Frequency, Hz	Amplitude, Volts
1.419400000E+9	1.449250000E-5
1.419403333E+9	1.464182000E-5
1.419406667E+9	1.467354000E-5
1.419410000E+9	1.507638000E-5
1.419413333E+9	1.645848000E-5
1.419416667E+9	1.521420000E-5
1.419420000E+9	1.484761000E-5
1.419423333E+9	1.504823000E-5
1.419426667E+9	1.469289000E-5
1.419430000E+9	1.478743000E-5
1.419433333E+9	1.501226000E-5
1.419436667E+9	1.492781000E-5
1.419440000E+9	1.500043000E-5
1.419443333E+9	1.451532000E-5
1.419446667E+9	1.565976000E-5
1.419450000E+9	1.655444000E-5
1.419453333E+9	1.553852000E-5
1.419456667E+9	1.557245000E-5
1.419460000E+9	1.477828000E-5
1.419463333E+9	1.461341000E-5
1.419466667E+9	1.487489000E-5
1.419470000E+9	1.472882000E-5
1.419473333E+9	1.476276000E-5
1.419476667E+9	1.491590000E-5
1.419480000E+9	1.474212000E-5
1.419483333E+9	1.482805000E-5
1.419486667E+9	1.479346000E-5
1.419490000E+9	1.492099000E-5
1.419493333E+9	1.467897000E-5
1.419496667E+9	1.490499000E-5
1.419500000E+9	1.481197000E-5
1.419503333E+9	1.492332000E-5
1.419506667E+9	1.489648000E-5
1.419510000E+9	1.491757000E-5
1.419513333E+9	1.465306000E-5
1.419516667E+9	1.487996000E-5
1.419520000E+9	1.496695000E-5
1.419523333E+9	1.496578000E-5
1.419526667E+9	1.504300000E-5
1.419530000E+9	1.476587000E-5
1.419533333E+9	1.436500000E-5
1.419536667E+9	1.490897000E-5
1.419540000E+9	1.480412000E-5
1.419543333E+9	1.477907000E-5
1.419546667E+9	1.477555000E-5
1.419550000E+9	1.478303000E-5
1.419553333E+9	1.475472000E-5
1.419556667E+9	1.484991000E-5
1.419560000E+9	1.488375000E-5
1.419563333E+9	1.499071000E-5
1.419566667E+9	1.460900000E-5
1.419570000E+9	1.475276000E-5
1.419573333E+9	1.490805000E-5
1.419576667E+9	1.476491000E-5
1.419580000E+9	1.480265000E-5
1.419583333E+9	1.481251000E-5
1.419586667E+9	1.474332000E-5
1.419590000E+9	1.472384000E-5
1.419593333E+9	1.494677000E-5
1.419596667E+9	1.480366000E-5
1.419600000E+9	1.477765000E-5
1.419603333E+9	1.497508000E-5
1.419606667E+9	1.486278000E-5
1.419610000E+9	1.487765000E-5
1.419613333E+9	1.518384000E-5
1.419616667E+9	1.469097000E-5
1.419620000E+9	1.471145000E-5
1.419623333E+9	1.490949000E-5
1.419626667E+9	1.489009000E-5
1.419630000E+9	1.501362000E-5
1.419633333E+9	1.509689000E-5
1.419636667E+9	1.497127000E-5
1.419640000E+9	1.507994000E-5
1.419643333E+9	1.484748000E-5
1.419646667E+9	1.502781000E-5
1.419650000E+9	1.457729000E-5
1.419653333E+9	1.478023000E-5
1.419656667E+9	1.469297000E-5
1.419660000E+9	1.447415000E-5
1.419663333E+9	1.468542000E-5
1.419666667E+9	1.489745000E-5
1.419670000E+9	1.483752000E-5
1.419673333E+9	1.449363000E-5
1.419676667E+9	1.485981000E-5
1.419680000E+9	1.475492000E-5
1.419683333E+9	1.467576000E-5
1.419686667E+9	1.487979000E-5
1.419690000E+9	1.483347000E-5
1.419693333E+9	1.487272000E-5
1.419696667E+9	1.476213000E-5
1.419700000E+9	1.481254000E-5
1.419703333E+9	1.471683000E-5
1.419706667E+9	1.535648000E-5
1.419710000E+9	1.522240000E-5
1.419713333E+9	1.494573000E-5
1.419716667E+9	1.487852000E-5
1.419720000E+9	1.478083000E-5
1.419723333E+9	1.461923000E-5
1.419726667E+9	1.486823000E-5
1.419730000E+9	1.466317000E-5
1.419733333E+9	1.497268000E-5
1.419736667E+9	1.471775000E-5
1.419740000E+9	1.546672000E-5
1.419743333E+9	1.649498000E-5
1.419746667E+9	1.495390000E-5
1.419750000E+9	1.507279000E-5
1.419753333E+9	1.510949000E-5
1.419756667E+9	1.509881000E-5
1.419760000E+9	1.473198000E-5
1.419763333E+9	1.436923000E-5
1.419766667E+9	1.475636000E-5
1.419770000E+9	1.488594000E-5
1.419773333E+9	1.462145000E-5
1.419776667E+9	1.470123000E-5
1.419780000E+9	1.486058000E-5
1.419783333E+9	1.494993000E-5
1.419786667E+9	1.508736000E-5
1.419790000E+9	1.480343000E-5
1.419793333E+9	1.510173000E-5
1.419796667E+9	1.483184000E-5
1.419800000E+9	1.499387000E-5
1.419803333E+9	1.493909000E-5
1.419806667E+9	1.479700000E-5
1.419810000E+9	1.470484000E-5
1.419813333E+9	1.478534000E-5
1.419816667E+9	1.457407000E-5
1.419820000E+9	1.484396000E-5
1.419823333E+9	1.477051000E-5
1.419826667E+9	1.437535000E-5
1.419830000E+9	1.474057000E-5
1.419833333E+9	1.467006000E-5
1.419836667E+9	1.481504000E-5
1.419840000E+9	1.470812000E-5
1.419843333E+9	1.485415000E-5
1.419846667E+9	1.471702000E-5
1.419850000E+9	1.466024000E-5
1.419853333E+9	1.454824000E-5
1.419856667E+9	1.494132000E-5
1.419860000E+9	1.484533000E-5
1.419863333E+9	1.486862000E-5
1.419866667E+9	1.470128000E-5
1.419870000E+9	1.448189000E-5
1.419873333E+9	1.490653000E-5
1.419876667E+9	1.481093000E-5
1.419880000E+9	1.488202000E-5
1.419883333E+9	1.467683000E-5
1.419886667E+9	1.497413000E-5
1.419890000E+9	1.477364000E-5
1.419893333E+9	1.498897000E-5
1.419896667E+9	1.476992000E-5
1.419900000E+9	1.483277000E-5
1.419903333E+9	1.522185000E-5
1.419906667E+9	1.483086000E-5
1.419910000E+9	1.480235000E-5
1.419913333E+9	1.453099000E-5
1.419916667E+9	1.479703000E-5
1.419920000E+9	1.490754000E-5
1.419923333E+9	1.501720000E-5
1.419926667E+9	1.473130000E-5
1.419930000E+9	1.477787000E-5
1.419933333E+9	1.463552000E-5
1.419936667E+9	1.479942000E-5
1.419940000E+9	1.475428000E-5
1.419943333E+9	1.467386000E-5
1.419946667E+9	1.478083000E-5
1.419950000E+9	1.476271000E-5
1.419953333E+9	1.464357000E-5
1.419956667E+9	1.500593000E-5
1.419960000E+9	1.463811000E-5
1.419963333E+9	1.480113000E-5
1.419966667E+9	1.486324000E-5
1.419970000E+9	1.484805000E-5
1.419973333E+9	1.484613000E-5
1.419976667E+9	1.479063000E-5
1.419980000E+9	1.556575000E-5
1.419983333E+9	1.464463000E-5
1.419986667E+9	1.473015000E-5
1.419990000E+9	1.493195000E-5
1.419993333E+9	1.478475000E-5
1.419996667E+9	1.463693000E-5
1.420000000E+9	1.576269000E-5
1.420003333E+9	1.679253000E-5
1.420006667E+9	1.482455000E-5
1.420010000E+9	1.466225000E-5
1.420013333E+9	1.474274000E-5
1.420016667E+9	1.456858000E-5
1.420020000E+9	1.482409000E-5
1.420023333E+9	1.502992000E-5
1.420026667E+9	1.515435000E-5
1.420030000E+9	1.449930000E-5
1.420033333E+9	1.564587000E-5
1.420036667E+9	1.596184000E-5
1.420040000E+9	1.525071000E-5
1.420043333E+9	1.464540000E-5
1.420046667E+9	1.451561000E-5
1.420050000E+9	1.489981000E-5
1.420053333E+9	1.483248000E-5
1.420056667E+9	1.457596000E-5
1.420060000E+9	1.486818000E-5
1.420063333E+9	1.442747000E-5
1.420066667E+9	1.476530000E-5
1.420070000E+9	1.447520000E-5
1.420073333E+9	1.488999000E-5
1.420076667E+9	1.476448000E-5
1.420080000E+9	1.476769000E-5
1.420083333E+9	1.470504000E-5
1.420086667E+9	1.470914000E-5
1.420090000E+9	1.522402000E-5
1.420093333E+9	1.470646000E-5
1.420096667E+9	1.469497000E-5
1.420100000E+9	1.438710000E-5
1.420103333E+9	1.469206000E-5
1.420106667E+9	1.456489000E-5
1.420110000E+9	1.471260000E-5
1.420113333E+9	1.476504000E-5
1.420116667E+9	1.504090000E-5
1.420120000E+9	1.472118000E-5
1.420123333E+9	1.470512000E-5
1.420126667E+9	1.493825000E-5
1.420130000E+9	1.467186000E-5
1.420133333E+9	1.473023000E-5
1.420136667E+9	1.453763000E-5
1.420140000E+9	1.464898000E-5
1.420143333E+9	1.464658000E-5
1.420146667E+9	1.483379000E-5
1.420150000E+9	1.459729000E-5
1.420153333E+9	1.473558000E-5
1.420156667E+9	1.497592000E-5
1.420160000E+9	1.486159000E-5
1.420163333E+9	1.439974000E-5
1.420166667E+9	1.480278000E-5
1.420170000E+9	1.432371000E-5
1.420173333E+9	1.446231000E-5
1.420176667E+9	1.465482000E-5
1.420180000E+9	1.486366000E-5
1.420183333E+9	1.493882000E-5
1.420186667E+9	1.502485000E-5
1.420190000E+9	1.484036000E-5
1.420193333E+9	1.486969000E-5
1.420196667E+9	1.461034000E-5
1.420200000E+9	1.487225000E-5
1.420203333E+9	1.456102000E-5
1.420206667E+9	1.493356000E-5
1.420210000E+9	1.511393000E-5
1.420213333E+9	1.489542000E-5
1.420216667E+9	1.499738000E-5
1.420220000E+9	1.476543000E-5
1.420223333E+9	1.478302000E-5
1.420226667E+9	1.489578000E-5
1.420230000E+9	1.470790000E-5
1.420233333E+9	1.482730000E-5
1.420236667E+9	1.483041000E-5
1.420240000E+9	1.497362000E-5
1.420243333E+9	1.451003000E-5
1.420246667E+9	1.462877000E-5
1.420250000E+9	1.478495000E-5
1.420253333E+9	1.484337000E-5
1.420256667E+9	1.493458000E-5
1.420260000E+9	1.487716000E-5
1.420263333E+9	1.466607000E-5
1.420266667E+9	1.503859000E-5
1.420270000E+9	1.483080000E-5
1.420273333E+9	1.489761000E-5
1.420276667E+9	1.473706000E-5
1.420280000E+9	1.457030000E-5
1.420283333E+9	1.455961000E-5
1.420286667E+9	1.467207000E-5
1.420290000E+9	1.481675000E-5
1.420293333E+9	1.494711000E-5
1.420296667E+9	1.653622000E-5
1.420300000E+9	1.516189000E-5
1.420303333E+9	1.482220000E-5
1.420306667E+9	1.492495000E-5
1.420310000E+9	1.474047000E-5
1.420313333E+9	1.499491000E-5
1.420316667E+9	1.478126000E-5
1.420320000E+9	1.491486000E-5
1.420323333E+9	1.480789000E-5
1.420326667E+9	1.595019000E-5
1.420330000E+9	1.548074000E-5
1.420333333E+9	1.514247000E-5
1.420336667E+9	1.499153000E-5
1.420340000E+9	1.492007000E-5
1.420343333E+9	1.469861000E-5
1.420346667E+9	1.448359000E-5
1.420350000E+9	1.520722000E-5
1.420353333E+9	1.446131000E-5
1.420356667E+9	1.498768000E-5
1.420360000E+9	1.464750000E-5
1.420363333E+9	1.476279000E-5
1.420366667E+9	1.474136000E-5
1.420370000E+9	1.472158000E-5
1.420373333E+9	1.498870000E-5
1.420376667E+9	1.464241000E-5
1.420380000E+9	1.471345000E-5
1.420383333E+9	1.504750000E-5
1.420386667E+9	1.501186000E-5
1.420390000E+9	1.491039000E-5
1.420393333E+9	1.476777000E-5
1.420396667E+9	1.474220000E-5
1.420400000E+9	1.488489000E-5
1.420403333E+9	1.490874000E-5
1.420406667E+9	1.473583000E-5
1.420410000E+9	1.478899000E-5
1.420413333E+9	1.491337000E-5
1.420416667E+9	1.476845000E-5
1.420420000E+9	1.485784000E-5
1.420423333E+9	1.499934000E-5
1.420426667E+9	1.483230000E-5
1.420430000E+9	1.497189000E-5
1.420433333E+9	1.452734000E-5
1.420436667E+9	1.481366000E-5
1.420440000E+9	1.485549000E-5
1.420443333E+9	1.503357000E-5
1.420446667E+9	1.491087000E-5
1.420450000E+9	1.490746000E-5
1.420453333E+9	1.506951000E-5
1.420456667E+9	1.506141000E-5
1.420460000E+9	1.516229000E-5
1.420463333E+9	1.513394000E-5
1.420466667E+9	1.537894000E-5
1.420470000E+9	1.543420000E-5
1.420473333E+9	1.552365000E-5
1.420476667E+9	1.548659000E-5
1.420480000E+9	1.579792000E-5
1.420483333E+9	1.565199000E-5
1.420486667E+9	1.572850000E-5
1.420490000E+9	1.607050000E-5
1.420493333E+9	1.622189000E-5
1.420496667E+9	1.624851000E-5
1.420500000E+9	1.694930000E-5
1.420503333E+9	1.644930000E-5
1.420506667E+9	1.633173000E-5
1.420510000E+9	1.636745000E-5
1.420513333E+9	1.661126000E-5
1.420516667E+9	1.677013000E-5
1.420520000E+9	1.676888000E-5
1.420523333E+9	1.648041000E-5
1.420526667E+9	1.667376000E-5
1.420530000E+9	1.650399000E-5
1.420533333E+9	1.653230000E-5
1.420536667E+9	1.633681000E-5
1.420540000E+9	1.643394000E-5
1.420543333E+9	1.638354000E-5
1.420546667E+9	1.627188000E-5
1.420550000E+9	1.687969000E-5
1.420553333E+9	1.647319000E-5
1.420556667E+9	1.596757000E-5
1.420560000E+9	1.652083000E-5
1.420563333E+9	1.616951000E-5
1.420566667E+9	1.619115000E-5
1.420570000E+9	1.631089000E-5
1.420573333E+9	1.603639000E-5
1.420576667E+9	1.611274000E-5
1.420580000E+9	1.620940000E-5
1.420583333E+9	1.612494000E-5
1.420586667E+9	1.630136000E-5
1.420590000E+9	1.590998000E-5
1.420593333E+9	1.570473000E-5
1.420596667E+9	1.586344000E-5
1.420600000E+9	1.542285000E-5
1.420603333E+9	1.558154000E-5
1.420606667E+9	1.600705000E-5
1.420610000E+9	1.629036000E-5
1.420613333E+9	1.588956000E-5
1.420616667E+9	1.576984000E-5
1.420620000E+9	1.729015000E-5
1.420623333E+9	1.707753000E-5
1.420626667E+9	1.639672000E-5
1.420630000E+9	1.569232000E-5
1.420633333E+9	1.583643000E-5
1.420636667E+9	1.573857000E-5
1.420640000E+9	1.571365000E-5
1.420643333E+9	1.574215000E-5
1.420646667E+9	1.627356000E-5
1.420650000E+9	1.606083000E-5
1.420653333E+9	1.606408000E-5
1.420656667E+9	1.601269000E-5
1.420660000E+9	1.603014000E-5
1.420663333E+9	1.626039000E-5
1.420666667E+9	1.620473000E-5
1.420670000E+9	1.656587000E-5
1.420673333E+9	1.658568000E-5
1.420676667E+9	1.648720000E-5
1.420680000E+9	1.638182000E-5
1.420683333E+9	1.629002000E-5
1.420686667E+9	1.673235000E-5
1.420690000E+9	1.637098000E-5
1.420693333E+9	1.653408000E-5
1.420696667E+9	1.660204000E-5
1.420700000E+9	1.633456000E-5
1.420703333E+9	1.657031000E-5
1.420706667E+9	1.638497000E-5
1.420710000E+9	1.664846000E-5
1.420713333E+9	1.660811000E-5
1.420716667E+9	1.664252000E-5
1.420720000E+9	1.643958000E-5
1.420723333E+9	1.647735000E-5
1.420726667E+9	1.638507000E-5
1.420730000E+9	1.620553000E-5
1.420733333E+9	1.631286000E-5
1.420736667E+9	1.606184000E-5
1.420740000E+9	1.620997000E-5
1.420743333E+9	1.663322000E-5
1.420746667E+9	1.589526000E-5
1.420750000E+9	1.590633000E-5
1.420753333E+9	1.573245000E-5
1.420756667E+9	1.591047000E-5
1.420760000E+9	1.655177000E-5
1.420763333E+9	1.595171000E-5
1.420766667E+9	1.597629000E-5
1.420770000E+9	1.571419000E-5
1.420773333E+9	1.584083000E-5
1.420776667E+9	1.586217000E-5
1.420780000E+9	1.578814000E-5
1.420783333E+9	1.561855000E-5
1.420786667E+9	1.515134000E-5
1.420790000E+9	1.546372000E-5
1.420793333E+9	1.573810000E-5
1.420796667E+9	1.606242000E-5
1.420800000E+9	1.552845000E-5
1.420803333E+9	1.517133000E-5
1.420806667E+9	1.535963000E-5
1.420810000E+9	1.510788000E-5
1.420813333E+9	1.536299000E-5
1.420816667E+9	1.511863000E-5
1.420820000E+9	1.517056000E-5
1.420823333E+9	1.544298000E-5
1.420826667E+9	1.505643000E-5
1.420830000E+9	1.489504000E-5
1.420833333E+9	1.499754000E-5
1.420836667E+9	1.523690000E-5
1.420840000E+9	1.567850000E-5
1.420843333E+9	1.533461000E-5
1.420846667E+9	1.511141000E-5
1.420850000E+9	1.503669000E-5
1.420853333E+9	1.526263000E-5
1.420856667E+9	1.526624000E-5
1.420860000E+9	1.549951000E-5
1.420863333E+9	1.543083000E-5
1.420866667E+9	1.551445000E-5
1.420870000E+9	1.558491000E-5
1.420873333E+9	1.520638000E-5
1.420876667E+9	1.542292000E-5
1.420880000E+9	1.496690000E-5
1.420883333E+9	1.730314000E-5
1.420886667E+9	1.642117000E-5
1.420890000E+9	1.499302000E-5
1.420893333E+9	1.497071000E-5
1.420896667E+9	1.538417000E-5
1.420900000E+9	1.556609000E-5
1.420903333E+9	1.513416000E-5
1.420906667E+9	1.535999000E-5
1.420910000E+9	1.567794000E-5
1.420913333E+9	2.029975000E-5
1.420916667E+9	1.738756000E-5
1.420920000E+9	1.672423000E-5
1.420923333E+9	1.519036000E-5
1.420926667E+9	1.501264000E-5
1.420930000E+9	1.506668000E-5
1.420933333E+9	1.480524000E-5
1.420936667E+9	1.536051000E-5
1.420940000E+9	1.489526000E-5
1.420943333E+9	1.532953000E-5
1.420946667E+9	1.536604000E-5
1.420950000E+9	1.484991000E-5
1.420953333E+9	1.488198000E-5
1.420956667E+9	1.484890000E-5
1.420960000E+9	1.471311000E-5
1.420963333E+9	1.466505000E-5
1.420966667E+9	1.517488000E-5
1.420970000E+9	1.471502000E-5
1.420973333E+9	1.476892000E-5
1.420976667E+9	1.491558000E-5
1.420980000E+9	1.467304000E-5
1.420983333E+9	1.514335000E-5
1.420986667E+9	1.471654000E-5
1.420990000E+9	1.507702000E-5
1.420993333E+9	1.513170000E-5
1.420996667E+9	1.493202000E-5
1.421000000E+9	1.474220000E-5
1.421003333E+9	1.466628000E-5
1.421006667E+9	1.483326000E-5
1.421010000E+9	1.471072000E-5
1.421013333E+9	1.465020000E-5
1.421016667E+9	1.478881000E-5
1.421020000E+9	1.464346000E-5
1.421023333E+9	1.480971000E-5
1.421026667E+9	1.445114000E-5
1.421030000E+9	1.467096000E-5
1.421033333E+9	1.493856000E-5
1.421036667E+9	1.459316000E-5
1.421040000E+9	1.469834000E-5
1.421043333E+9	1.489313000E-5
1.421046667E+9	1.486975000E-5
1.421050000E+9	1.460066000E-5
1.421053333E+9	1.468282000E-5
1.421056667E+9	1.486660000E-5
1.421060000E+9	1.518591000E-5
1.421063333E+9	1.480841000E-5
1.421066667E+9	1.491192000E-5
1.421070000E+9	1.467317000E-5
1.421073333E+9	1.453624000E-5
1.421076667E+9	1.470662000E-5
1.421080000E+9	1.464611000E-5
1.421083333E+9	1.457676000E-5
1.421086667E+9	1.474343000E-5
1.421090000E+9	1.476900000E-5
1.421093333E+9	1.498077000E-5
1.421096667E+9	1.540200000E-5
1.421100000E+9	1.448531000E-5
1.421103333E+9	1.474518000E-5
1.421106667E+9	1.507270000E-5
1.421110000E+9	1.499144000E-5
1.421113333E+9	1.492141000E-5
1.421116667E+9	1.440482000E-5
1.421120000E+9	1.458081000E-5
1.421123333E+9	1.450829000E-5
1.421126667E+9	1.478242000E-5
1.421130000E+9	1.454562000E-5
1.421133333E+9	1.475198000E-5
1.421136667E+9	1.468564000E-5
1.421140000E+9	1.487305000E-5
1.421143333E+9	1.472357000E-5
1.421146667E+9	1.443178000E-5
1.421150000E+9	1.457194000E-5
1.421153333E+9	1.483679000E-5
1.421156667E+9	1.459963000E-5
1.421160000E+9	1.474960000E-5
1.421163333E+9	1.446506000E-5
1.421166667E+9	1.464433000E-5
1.421170000E+9	1.486221000E-5
1.421173333E+9	1.508843000E-5
1.421176667E+9	1.653072000E-5
1.421180000E+9	1.839056000E-5
1.421183333E+9	1.454664000E-5
1.421186667E+9	1.486397000E-5
1.421190000E+9	1.490090000E-5
1.421193333E+9	1.464204000E-5
1.421196667E+9	1.452479000E-5
1.421200000E+9	1.484251000E-5
1.421203333E+9	1.452552000E-5
1.421206667E+9	1.661506000E-5
1.421210000E+9	1.557916000E-5
1.421213333E+9	1.532513000E-5
1.421216667E+9	1.468526000E-5
1.421220000E+9	1.492681000E-5
1.421223333E+9	1.445065000E-5
1.421226667E+9	1.477083000E-5
1.421230000E+9	1.469226000E-5
1.421233333E+9	1.466380000E-5
1.421236667E+9	1.433475000E-5
1.421240000E+9	1.475624000E-5
1.421243333E+9	1.447151000E-5
1.421246667E+9	1.479269000E-5
1.421250000E+9	1.486307000E-5
1.421253333E+9	1.443026000E-5
1.421256667E+9	1.458614000E-5
1.421260000E+9	1.474138000E-5
1.421263333E+9	1.487460000E-5
1.421266667E+9	1.453356000E-5
1.421270000E+9	1.460204000E-5
1.421273333E+9	1.490314000E-5
1.421276667E+9	1.477537000E-5
1.421280000E+9	1.488620000E-5
1.421283333E+9	1.459789000E-5
1.421286667E+9	1.472339000E-5
1.421290000E+9	1.453765000E-5
1.421293333E+9	1.453055000E-5
1.421296667E+9	1.456064000E-5
1.421300000E+9	1.458380000E-5
1.421303333E+9	1.438849000E-5
1.421306667E+9	1.463566000E-5
1.421310000E+9	1.472203000E-5
1.421313333E+9	1.457561000E-5
1.421316667E+9	1.469571000E-5
1.421320000E+9	1.465580000E-5
1.421323333E+9	1.474356000E-5
1.421326667E+9	1.466203000E-5
1.421330000E+9	1.448202000E-5
1.421333333E+9	1.444484000E-5
1.421336667E+9	1.443607000E-5
1.421340000E+9	1.483645000E-5
1.421343333E+9	1.455816000E-5
1.421346667E+9	1.456943000E-5
1.421350000E+9	1.458336000E-5
1.421353333E+9	1.454105000E-5
1.421356667E+9	1.500240000E-5
1.421360000E+9	1.492551000E-5
1.421363333E+9	1.462437000E-5
1.421366667E+9	1.469381000E-5
1.421370000E+9	1.484140000E-5
1.421373333E+9	1.453854000E-5
1.421376667E+9	1.478618000E-5
1.421380000E+9	1.493582000E-5
1.421383333E+9	1.454542000E-5
1.421386667E+9	1.445363000E-5
1.421390000E+9	1.459050000E-5
1.421393333E+9	1.484059000E-5
1.421396667E+9	1.447107000E-5
1.421400000E+9	1.470639000E-5
