Frequency, Hz	Amplitude, Volts
1.419400000E+9	1.461468000E-5
1.419403333E+9	1.479537000E-5
1.419406667E+9	1.497308000E-5
1.419410000E+9	1.476258000E-5
1.419413333E+9	1.516675000E-5
1.419416667E+9	1.499407000E-5
1.419420000E+9	1.473681000E-5
1.419423333E+9	1.478722000E-5
1.419426667E+9	1.466690000E-5
1.419430000E+9	1.502560000E-5
1.419433333E+9	1.487351000E-5
1.419436667E+9	1.499335000E-5
1.419440000E+9	1.488022000E-5
1.419443333E+9	1.476590000E-5
1.419446667E+9	1.539702000E-5
1.419450000E+9	1.591162000E-5
1.419453333E+9	1.591085000E-5
1.419456667E+9	1.520495000E-5
1.419460000E+9	1.502626000E-5
1.419463333E+9	1.480997000E-5
1.419466667E+9	1.488448000E-5
1.419470000E+9	1.484729000E-5
1.419473333E+9	1.475720000E-5
1.419476667E+9	1.480215000E-5
1.419480000E+9	1.467913000E-5
1.419483333E+9	1.475355000E-5
1.419486667E+9	1.457470000E-5
1.419490000E+9	1.481091000E-5
1.419493333E+9	1.485645000E-5
1.419496667E+9	1.485975000E-5
1.419500000E+9	1.474785000E-5
1.419503333E+9	1.504470000E-5
1.419506667E+9	1.494299000E-5
1.419510000E+9	1.485327000E-5
1.419513333E+9	1.468884000E-5
1.419516667E+9	1.467253000E-5
1.419520000E+9	1.498081000E-5
1.419523333E+9	1.473576000E-5
1.419526667E+9	1.494397000E-5
1.419530000E+9	1.477153000E-5
1.419533333E+9	1.461988000E-5
1.419536667E+9	1.482709000E-5
1.419540000E+9	1.489635000E-5
1.419543333E+9	1.490897000E-5
1.419546667E+9	1.460927000E-5
1.419550000E+9	1.489663000E-5
1.419553333E+9	1.455661000E-5
1.419556667E+9	1.483331000E-5
1.419560000E+9	1.480316000E-5
1.419563333E+9	1.469852000E-5
1.419566667E+9	1.491331000E-5
1.419570000E+9	1.500094000E-5
1.419573333E+9	1.477353000E-5
1.419576667E+9	1.468179000E-5
1.419580000E+9	1.498918000E-5
1.419583333E+9	1.467394000E-5
1.419586667E+9	1.522421000E-5
1.419590000E+9	1.519086000E-5
1.419593333E+9	1.489614000E-5
1.419596667E+9	1.493984000E-5
1.419600000E+9	1.490746000E-5
1.419603333E+9	1.505949000E-5
1.419606667E+9	1.484104000E-5
1.419610000E+9	1.453380000E-5
1.419613333E+9	1.470115000E-5
1.419616667E+9	1.457049000E-5
1.419620000E+9	1.508138000E-5
1.419623333E+9	1.489562000E-5
1.419626667E+9	1.474576000E-5
1.419630000E+9	1.499106000E-5
1.419633333E+9	1.482681000E-5
1.419636667E+9	1.463210000E-5
1.419640000E+9	1.501278000E-5
1.419643333E+9	1.488749000E-5
1.419646667E+9	1.470951000E-5
1.419650000E+9	1.499616000E-5
1.419653333E+9	1.487377000E-5
1.419656667E+9	1.495880000E-5
1.419660000E+9	1.479882000E-5
1.419663333E+9	1.461652000E-5
1.419666667E+9	1.454948000E-5
1.419670000E+9	1.484955000E-5
1.419673333E+9	1.475218000E-5
1.419676667E+9	1.468553000E-5
1.419680000E+9	1.471376000E-5
1.419683333E+9	1.491388000E-5
1.419686667E+9	1.492279000E-5
1.419690000E+9	1.432265000E-5
1.419693333E+9	1.491162000E-5
1.419696667E+9	1.503540000E-5
1.419700000E+9	1.461631000E-5
1.419703333E+9	1.469981000E-5
1.419706667E+9	1.469342000E-5
1.419710000E+9	1.471382000E-5
1.419713333E+9	1.494811000E-5
1.419716667E+9	1.495794000E-5
1.419720000E+9	1.525518000E-5
1.419723333E+9	1.499259000E-5
1.419726667E+9	1.489110000E-5
1.419730000E+9	1.449085000E-5
1.419733333E+9	1.535616000E-5
1.419736667E+9	1.514314000E-5
1.419740000E+9	1.519814000E-5
1.419743333E+9	1.581254000E-5
1.419746667E+9	1.569834000E-5
1.419750000E+9	1.516413000E-5
1.419753333E+9	1.533087000E-5
1.419756667E+9	1.489873000E-5
1.419760000E+9	1.500267000E-5
1.419763333E+9	1.451234000E-5
1.419766667E+9	1.455498000E-5
1.419770000E+9	1.484070000E-5
1.419773333E+9	1.506215000E-5
1.419776667E+9	1.483671000E-5
1.419780000E+9	1.484196000E-5
1.419783333E+9	1.506572000E-5
1.419786667E+9	1.475537000E-5
1.419790000E+9	1.538949000E-5
1.419793333E+9	1.479151000E-5
1.419796667E+9	1.485048000E-5
1.419800000E+9	1.507949000E-5
1.419803333E+9	1.463173000E-5
1.419806667E+9	1.494686000E-5
1.419810000E+9	1.486444000E-5
1.419813333E+9	1.479654000E-5
1.419816667E+9	1.475600000E-5
1.419820000E+9	1.504949000E-5
1.419823333E+9	1.464775000E-5
1.419826667E+9	1.472866000E-5
1.419830000E+9	1.459290000E-5
1.419833333E+9	1.491427000E-5
1.419836667E+9	1.494471000E-5
1.419840000E+9	1.458561000E-5
1.419843333E+9	1.442701000E-5
1.419846667E+9	1.488354000E-5
1.419850000E+9	1.480685000E-5
1.419853333E+9	1.496696000E-5
1.419856667E+9	1.473881000E-5
1.419860000E+9	1.474583000E-5
1.419863333E+9	1.509483000E-5
1.419866667E+9	1.487569000E-5
1.419870000E+9	1.497110000E-5
1.419873333E+9	1.472344000E-5
1.419876667E+9	1.471964000E-5
1.419880000E+9	1.478417000E-5
1.419883333E+9	1.488406000E-5
1.419886667E+9	1.460207000E-5
1.419890000E+9	1.453058000E-5
1.419893333E+9	1.473942000E-5
1.419896667E+9	1.465311000E-5
1.419900000E+9	1.489653000E-5
1.419903333E+9	1.466599000E-5
1.419906667E+9	1.477541000E-5
1.419910000E+9	1.493784000E-5
1.419913333E+9	1.488560000E-5
1.419916667E+9	1.441286000E-5
1.419920000E+9	1.483684000E-5
1.419923333E+9	1.477378000E-5
1.419926667E+9	1.492935000E-5
1.419930000E+9	1.492535000E-5
1.419933333E+9	1.480990000E-5
1.419936667E+9	1.450394000E-5
1.419940000E+9	1.478545000E-5
1.419943333E+9	1.469990000E-5
1.419946667E+9	1.463412000E-5
1.419950000E+9	1.452535000E-5
1.419953333E+9	1.468534000E-5
1.419956667E+9	1.462890000E-5
1.419960000E+9	1.491403000E-5
1.419963333E+9	1.494458000E-5
1.419966667E+9	1.484919000E-5
1.419970000E+9	1.502200000E-5
1.419973333E+9	1.508302000E-5
1.419976667E+9	1.553981000E-5
1.419980000E+9	1.678610000E-5
1.419983333E+9	1.504354000E-5
1.419986667E+9	1.451564000E-5
1.419990000E+9	1.477628000E-5
1.419993333E+9	1.490980000E-5
1.419996667E+9	1.472848000E-5
1.420000000E+9	1.513851000E-5
1.420003333E+9	1.534921000E-5
1.420006667E+9	1.461002000E-5
1.420010000E+9	1.481836000E-5
1.420013333E+9	1.508414000E-5
1.420016667E+9	1.464796000E-5
1.420020000E+9	1.494150000E-5
1.420023333E+9	1.501992000E-5
1.420026667E+9	1.497760000E-5
1.420030000E+9	1.455274000E-5
1.420033333E+9	1.517653000E-5
1.420036667E+9	1.571657000E-5
1.420040000E+9	1.586531000E-5
1.420043333E+9	1.482077000E-5
1.420046667E+9	1.477106000E-5
1.420050000E+9	1.489518000E-5
1.420053333E+9	1.479559000E-5
1.420056667E+9	1.475970000E-5
1.420060000E+9	1.475610000E-5
1.420063333E+9	1.469427000E-5
1.420066667E+9	1.475511000E-5
1.420070000E+9	1.454926000E-5
1.420073333E+9	1.476775000E-5
1.420076667E+9	1.458726000E-5
1.420080000E+9	1.488584000E-5
1.420083333E+9	1.482368000E-5
1.420086667E+9	1.473030000E-5
1.420090000E+9	1.472316000E-5
1.420093333E+9	1.484002000E-5
1.420096667E+9	1.490674000E-5
1.420100000E+9	1.456032000E-5
1.420103333E+9	1.486105000E-5
1.420106667E+9	1.474547000E-5
1.420110000E+9	1.491350000E-5
1.420113333E+9	1.466235000E-5
1.420116667E+9	1.485169000E-5
1.420120000E+9	1.454780000E-5
1.420123333E+9	1.475202000E-5
1.420126667E+9	1.487715000E-5
1.420130000E+9	1.472462000E-5
1.420133333E+9	1.471008000E-5
1.420136667E+9	1.473034000E-5
1.420140000E+9	1.485038000E-5
1.420143333E+9	1.465997000E-5
1.420146667E+9	1.474993000E-5
1.420150000E+9	1.479857000E-5
1.420153333E+9	1.458070000E-5
1.420156667E+9	1.481107000E-5
1.420160000E+9	1.498347000E-5
1.420163333E+9	1.499822000E-5
1.420166667E+9	1.480660000E-5
1.420170000E+9	1.478768000E-5
1.420173333E+9	1.444981000E-5
1.420176667E+9	1.495469000E-5
1.420180000E+9	1.477116000E-5
1.420183333E+9	1.473589000E-5
1.420186667E+9	1.495735000E-5
1.420190000E+9	1.484290000E-5
1.420193333E+9	1.464693000E-5
1.420196667E+9	1.472645000E-5
1.420200000E+9	1.544759000E-5
1.420203333E+9	1.474900000E-5
1.420206667E+9	1.472685000E-5
1.420210000E+9	1.466005000E-5
1.420213333E+9	1.468332000E-5
1.420216667E+9	1.476393000E-5
1.420220000E+9	1.483607000E-5
1.420223333E+9	1.467565000E-5
1.420226667E+9	1.463475000E-5
1.420230000E+9	1.490262000E-5
1.420233333E+9	1.475284000E-5
1.420236667E+9	1.483614000E-5
1.420240000E+9	1.461593000E-5
1.420243333E+9	1.469456000E-5
1.420246667E+9	1.450828000E-5
1.420250000E+9	1.473724000E-5
1.420253333E+9	1.492322000E-5
1.420256667E+9	1.498308000E-5
1.420260000E+9	1.445839000E-5
1.420263333E+9	1.445893000E-5
1.420266667E+9	1.488919000E-5
1.420270000E+9	1.483607000E-5
1.420273333E+9	1.501903000E-5
1.420276667E+9	1.504734000E-5
1.420280000E+9	1.471316000E-5
1.420283333E+9	1.487060000E-5
1.420286667E+9	1.521136000E-5
1.420290000E+9	1.473439000E-5
1.420293333E+9	1.466441000E-5
1.420296667E+9	1.488483000E-5
1.420300000E+9	1.480719000E-5
1.420303333E+9	1.477580000E-5
1.420306667E+9	1.469297000E-5
1.420310000E+9	1.493197000E-5
1.420313333E+9	1.480808000E-5
1.420316667E+9	1.481835000E-5
1.420320000E+9	1.499573000E-5
1.420323333E+9	1.468821000E-5
1.420326667E+9	1.562949000E-5
1.420330000E+9	1.579148000E-5
1.420333333E+9	1.592001000E-5
1.420336667E+9	1.511730000E-5
1.420340000E+9	1.482705000E-5
1.420343333E+9	1.474308000E-5
1.420346667E+9	1.485188000E-5
1.420350000E+9	1.467599000E-5
1.420353333E+9	1.477121000E-5
1.420356667E+9	1.477854000E-5
1.420360000E+9	1.474216000E-5
1.420363333E+9	1.494027000E-5
1.420366667E+9	1.495067000E-5
1.420370000E+9	1.494837000E-5
1.420373333E+9	1.483642000E-5
1.420376667E+9	1.474581000E-5
1.420380000E+9	1.471977000E-5
1.420383333E+9	1.472265000E-5
1.420386667E+9	1.480586000E-5
1.420390000E+9	1.457826000E-5
1.420393333E+9	1.478029000E-5
1.420396667E+9	1.490907000E-5
1.420400000E+9	1.510771000E-5
1.420403333E+9	1.488666000E-5
1.420406667E+9	1.502862000E-5
1.420410000E+9	1.503746000E-5
1.420413333E+9	1.510395000E-5
1.420416667E+9	1.481093000E-5
1.420420000E+9	1.501034000E-5
1.420423333E+9	1.481499000E-5
1.420426667E+9	1.485789000E-5
1.420430000E+9	1.479294000E-5
1.420433333E+9	1.518823000E-5
1.420436667E+9	1.491239000E-5
1.420440000E+9	1.488716000E-5
1.420443333E+9	1.487814000E-5
1.420446667E+9	1.528556000E-5
1.420450000E+9	1.501674000E-5
1.420453333E+9	1.496156000E-5
1.420456667E+9	1.506020000E-5
1.420460000E+9	1.555229000E-5
1.420463333E+9	1.545907000E-5
1.420466667E+9	1.541561000E-5
1.420470000E+9	1.528433000E-5
1.420473333E+9	1.604192000E-5
1.420476667E+9	1.602295000E-5
1.420480000E+9	1.612010000E-5
1.420483333E+9	1.620706000E-5
1.420486667E+9	1.604537000E-5
1.420490000E+9	1.630011000E-5
1.420493333E+9	1.674823000E-5
1.420496667E+9	1.710358000E-5
1.420500000E+9	1.695646000E-5
1.420503333E+9	1.652489000E-5
1.420506667E+9	1.651318000E-5
1.420510000E+9	1.612465000E-5
1.420513333E+9	1.652161000E-5
1.420516667E+9	1.656839000E-5
1.420520000E+9	1.648094000E-5
1.420523333E+9	1.609534000E-5
1.420526667E+9	1.653591000E-5
1.420530000E+9	1.631261000E-5
1.420533333E+9	1.619326000E-5
1.420536667E+9	1.637436000E-5
1.420540000E+9	1.632094000E-5
1.420543333E+9	1.644195000E-5
1.420546667E+9	1.601813000E-5
1.420550000E+9	1.635023000E-5
1.420553333E+9	1.613528000E-5
1.420556667E+9	1.598239000E-5
1.420560000E+9	1.639290000E-5
1.420563333E+9	1.640774000E-5
1.420566667E+9	1.612248000E-5
1.420570000E+9	1.615568000E-5
1.420573333E+9	1.638131000E-5
1.420576667E+9	1.592246000E-5
1.420580000E+9	1.608090000E-5
1.420583333E+9	1.568941000E-5
1.420586667E+9	1.556955000E-5
1.420590000E+9	1.627586000E-5
1.420593333E+9	1.570349000E-5
1.420596667E+9	1.565777000E-5
1.420600000E+9	1.545433000E-5
1.420603333E+9	1.537261000E-5
1.420606667E+9	1.557404000E-5
1.420610000E+9	1.586872000E-5
1.420613333E+9	1.560814000E-5
1.420616667E+9	1.562994000E-5
1.420620000E+9	1.684777000E-5
1.420623333E+9	1.613110000E-5
1.420626667E+9	1.701949000E-5
1.420630000E+9	1.553662000E-5
1.420633333E+9	1.524138000E-5
1.420636667E+9	1.570129000E-5
1.420640000E+9	1.551486000E-5
1.420643333E+9	1.576609000E-5
1.420646667E+9	1.647690000E-5
1.420650000E+9	1.586015000E-5
1.420653333E+9	1.565371000E-5
1.420656667E+9	1.553782000E-5
1.420660000E+9	1.554314000E-5
1.420663333E+9	1.536000000E-5
1.420666667E+9	1.567153000E-5
1.420670000E+9	1.540456000E-5
1.420673333E+9	1.561817000E-5
1.420676667E+9	1.587379000E-5
1.420680000E+9	1.590032000E-5
1.420683333E+9	1.580512000E-5
1.420686667E+9	1.633734000E-5
1.420690000E+9	1.597829000E-5
1.420693333E+9	1.608213000E-5
1.420696667E+9	1.594271000E-5
1.420700000E+9	1.630756000E-5
1.420703333E+9	1.569520000E-5
1.420706667E+9	1.570320000E-5
1.420710000E+9	1.588007000E-5
1.420713333E+9	1.608635000E-5
1.420716667E+9	1.600102000E-5
1.420720000E+9	1.565242000E-5
1.420723333E+9	1.583209000E-5
1.420726667E+9	1.625654000E-5
1.420730000E+9	1.639818000E-5
1.420733333E+9	1.617862000E-5
1.420736667E+9	1.576024000E-5
1.420740000E+9	1.584715000E-5
1.420743333E+9	1.595105000E-5
1.420746667E+9	1.599321000E-5
1.420750000E+9	1.601447000E-5
1.420753333E+9	1.564127000E-5
1.420756667E+9	1.630534000E-5
1.420760000E+9	1.668508000E-5
1.420763333E+9	1.595877000E-5
1.420766667E+9	1.596777000E-5
1.420770000E+9	1.600554000E-5
1.420773333E+9	1.612766000E-5
1.420776667E+9	1.632119000E-5
1.420780000E+9	1.611356000E-5
1.420783333E+9	1.622779000E-5
1.420786667E+9	1.604862000E-5
1.420790000E+9	1.626814000E-5
1.420793333E+9	1.637912000E-5
1.420796667E+9	1.659296000E-5
1.420800000E+9	1.619490000E-5
1.420803333E+9	1.570811000E-5
1.420806667E+9	1.613032000E-5
1.420810000E+9	1.580473000E-5
1.420813333E+9	1.600828000E-5
1.420816667E+9	1.558249000E-5
1.420820000E+9	1.561959000E-5
1.420823333E+9	1.562049000E-5
1.420826667E+9	1.551787000E-5
1.420830000E+9	1.578873000E-5
1.420833333E+9	1.553381000E-5
1.420836667E+9	1.548149000E-5
1.420840000E+9	1.580522000E-5
1.420843333E+9	1.546129000E-5
1.420846667E+9	1.525806000E-5
1.420850000E+9	1.522787000E-5
1.420853333E+9	1.550331000E-5
1.420856667E+9	1.510246000E-5
1.420860000E+9	1.522372000E-5
1.420863333E+9	1.543124000E-5
1.420866667E+9	1.529318000E-5
1.420870000E+9	1.550353000E-5
1.420873333E+9	1.509491000E-5
1.420876667E+9	1.540863000E-5
1.420880000E+9	1.520074000E-5
1.420883333E+9	1.502307000E-5
1.420886667E+9	1.515045000E-5
1.420890000E+9	1.500824000E-5
1.420893333E+9	1.515966000E-5
1.420896667E+9	1.534450000E-5
1.420900000E+9	1.518219000E-5
1.420903333E+9	1.557945000E-5
1.420906667E+9	1.572565000E-5
1.420910000E+9	1.544508000E-5
1.420913333E+9	1.943078000E-5
1.420916667E+9	1.790902000E-5
1.420920000E+9	2.013909000E-5
1.420923333E+9	1.558258000E-5
1.420926667E+9	1.497517000E-5
1.420930000E+9	1.564804000E-5
1.420933333E+9	1.545241000E-5
1.420936667E+9	1.524154000E-5
1.420940000E+9	1.519894000E-5
1.420943333E+9	1.556032000E-5
1.420946667E+9	1.600350000E-5
1.420950000E+9	1.514104000E-5
1.420953333E+9	1.519453000E-5
1.420956667E+9	1.513280000E-5
1.420960000E+9	1.512688000E-5
1.420963333E+9	1.521547000E-5
1.420966667E+9	1.517414000E-5
1.420970000E+9	1.561263000E-5
1.420973333E+9	1.540863000E-5
1.420976667E+9	1.529326000E-5
1.420980000E+9	1.523483000E-5
1.420983333E+9	1.550961000E-5
1.420986667E+9	1.529160000E-5
1.420990000E+9	1.582667000E-5
1.420993333E+9	1.566980000E-5
1.420996667E+9	1.511774000E-5
1.421000000E+9	1.499209000E-5
1.421003333E+9	1.549870000E-5
1.421006667E+9	1.503152000E-5
1.421010000E+9	1.493372000E-5
1.421013333E+9	1.524239000E-5
1.421016667E+9	1.492009000E-5
1.421020000E+9	1.527719000E-5
1.421023333E+9	1.501900000E-5
1.421026667E+9	1.475441000E-5
1.421030000E+9	1.483339000E-5
1.421033333E+9	1.484002000E-5
1.421036667E+9	1.497919000E-5
1.421040000E+9	1.528170000E-5
1.421043333E+9	1.498337000E-5
1.421046667E+9	1.487837000E-5
1.421050000E+9	1.481135000E-5
1.421053333E+9	1.476970000E-5
1.421056667E+9	1.517781000E-5
1.421060000E+9	1.531285000E-5
1.421063333E+9	1.485069000E-5
1.421066667E+9	1.520902000E-5
1.421070000E+9	1.464513000E-5
1.421073333E+9	1.470953000E-5
1.421076667E+9	1.482440000E-5
1.421080000E+9	1.470037000E-5
1.421083333E+9	1.477205000E-5
1.421086667E+9	1.483218000E-5
1.421090000E+9	1.481576000E-5
1.421093333E+9	1.533134000E-5
1.421096667E+9	1.544732000E-5
1.421100000E+9	1.478536000E-5
1.421103333E+9	1.507537000E-5
1.421106667E+9	1.477795000E-5
1.421110000E+9	1.474181000E-5
1.421113333E+9	1.495881000E-5
1.421116667E+9	1.492135000E-5
1.421120000E+9	1.487202000E-5
1.421123333E+9	1.458339000E-5
1.421126667E+9	1.487409000E-5
1.421130000E+9	1.491049000E-5
1.421133333E+9	1.537813000E-5
1.421136667E+9	1.482643000E-5
1.421140000E+9	1.497268000E-5
1.421143333E+9	1.483915000E-5
1.421146667E+9	1.474254000E-5
1.421150000E+9	1.479975000E-5
1.421153333E+9	1.488924000E-5
1.421156667E+9	1.474339000E-5
1.421160000E+9	1.510473000E-5
1.421163333E+9	1.488685000E-5
1.421166667E+9	1.453176000E-5
1.421170000E+9	1.481080000E-5
1.421173333E+9	1.499302000E-5
1.421176667E+9	1.504539000E-5
1.421180000E+9	1.497867000E-5
1.421183333E+9	1.477344000E-5
1.421186667E+9	1.512609000E-5
1.421190000E+9	1.477909000E-5
1.421193333E+9	1.493061000E-5
1.421196667E+9	1.480631000E-5
1.421200000E+9	1.492302000E-5
1.421203333E+9	1.517524000E-5
1.421206667E+9	1.703486000E-5
1.421210000E+9	1.564409000E-5
1.421213333E+9	1.674158000E-5
1.421216667E+9	1.484993000E-5
1.421220000E+9	1.472019000E-5
1.421223333E+9	1.477203000E-5
1.421226667E+9	1.491493000E-5
1.421230000E+9	1.483945000E-5
1.421233333E+9	1.462182000E-5
1.421236667E+9	1.438495000E-5
1.421240000E+9	1.460504000E-5
1.421243333E+9	1.513559000E-5
1.421246667E+9	1.481295000E-5
1.421250000E+9	1.489748000E-5
1.421253333E+9	1.468131000E-5
1.421256667E+9	1.490134000E-5
1.421260000E+9	1.516597000E-5
1.421263333E+9	1.492795000E-5
1.421266667E+9	1.492463000E-5
1.421270000E+9	1.480802000E-5
1.421273333E+9	1.493367000E-5
1.421276667E+9	1.493827000E-5
1.421280000E+9	1.493451000E-5
1.421283333E+9	1.488071000E-5
1.421286667E+9	1.471219000E-5
1.421290000E+9	1.432857000E-5
1.421293333E+9	1.483480000E-5
1.421296667E+9	1.480504000E-5
1.421300000E+9	1.452184000E-5
1.421303333E+9	1.438544000E-5
1.421306667E+9	1.483963000E-5
1.421310000E+9	1.462126000E-5
1.421313333E+9	1.484145000E-5
1.421316667E+9	1.477656000E-5
1.421320000E+9	1.488551000E-5
1.421323333E+9	1.481911000E-5
1.421326667E+9	1.497081000E-5
1.421330000E+9	1.509687000E-5
1.421333333E+9	1.495013000E-5
1.421336667E+9	1.510156000E-5
1.421340000E+9	1.482819000E-5
1.421343333E+9	1.466845000E-5
1.421346667E+9	1.506734000E-5
1.421350000E+9	1.462537000E-5
1.421353333E+9	1.483189000E-5
1.421356667E+9	1.476490000E-5
1.421360000E+9	1.460433000E-5
1.421363333E+9	1.489181000E-5
1.421366667E+9	1.518071000E-5
1.421370000E+9	1.476089000E-5
1.421373333E+9	1.458745000E-5
1.421376667E+9	1.490859000E-5
1.421380000E+9	1.488141000E-5
1.421383333E+9	1.508406000E-5
1.421386667E+9	1.470722000E-5
1.421390000E+9	1.493689000E-5
1.421393333E+9	1.503604000E-5
1.421396667E+9	1.474326000E-5
1.421400000E+9	1.501794000E-5
