Frequency, Hz	Amplitude, Volts
1.419400000E+9	2.588637000E-5
1.419403333E+9	2.562136000E-5
1.419406667E+9	2.571950000E-5
1.419410000E+9	2.506072000E-5
1.419413333E+9	2.552617000E-5
1.419416667E+9	2.566458000E-5
1.419420000E+9	2.542006000E-5
1.419423333E+9	2.614031000E-5
1.419426667E+9	2.552971000E-5
1.419430000E+9	2.560682000E-5
1.419433333E+9	2.570666000E-5
1.419436667E+9	2.571851000E-5
1.419440000E+9	2.622667000E-5
1.419443333E+9	2.597246000E-5
1.419446667E+9	2.613612000E-5
1.419450000E+9	2.838440000E-5
1.419453333E+9	2.759468000E-5
1.419456667E+9	2.630863000E-5
1.419460000E+9	2.555447000E-5
1.419463333E+9	2.560095000E-5
1.419466667E+9	2.606261000E-5
1.419470000E+9	2.551463000E-5
1.419473333E+9	2.523829000E-5
1.419476667E+9	2.504817000E-5
1.419480000E+9	2.560081000E-5
1.419483333E+9	2.480863000E-5
1.419486667E+9	2.539019000E-5
1.419490000E+9	2.660107000E-5
1.419493333E+9	2.560182000E-5
1.419496667E+9	2.626721000E-5
1.419500000E+9	2.561385000E-5
1.419503333E+9	2.518238000E-5
1.419506667E+9	2.531409000E-5
1.419510000E+9	2.548283000E-5
1.419513333E+9	2.566359000E-5
1.419516667E+9	2.537090000E-5
1.419520000E+9	2.586100000E-5
1.419523333E+9	2.517143000E-5
1.419526667E+9	2.513766000E-5
1.419530000E+9	2.588310000E-5
1.419533333E+9	2.599511000E-5
1.419536667E+9	2.611271000E-5
1.419540000E+9	2.644541000E-5
1.419543333E+9	2.594957000E-5
1.419546667E+9	2.604528000E-5
1.419550000E+9	2.564582000E-5
1.419553333E+9	2.502667000E-5
1.419556667E+9	2.537046000E-5
1.419560000E+9	2.577239000E-5
1.419563333E+9	2.624917000E-5
1.419566667E+9	2.560081000E-5
1.419570000E+9	2.585024000E-5
1.419573333E+9	2.524874000E-5
1.419576667E+9	2.546727000E-5
1.419580000E+9	2.530316000E-5
1.419583333E+9	2.560946000E-5
1.419586667E+9	2.524694000E-5
1.419590000E+9	2.618429000E-5
1.419593333E+9	2.559125000E-5
1.419596667E+9	2.566405000E-5
1.419600000E+9	2.582496000E-5
1.419603333E+9	2.609380000E-5
1.419606667E+9	2.598324000E-5
1.419610000E+9	2.556643000E-5
1.419613333E+9	2.555060000E-5
1.419616667E+9	2.582417000E-5
1.419620000E+9	2.522558000E-5
1.419623333E+9	2.598347000E-5
1.419626667E+9	2.642788000E-5
1.419630000E+9	2.625087000E-5
1.419633333E+9	2.617589000E-5
1.419636667E+9	2.573798000E-5
1.419640000E+9	2.602001000E-5
1.419643333E+9	2.625046000E-5
1.419646667E+9	2.588711000E-5
1.419650000E+9	2.526278000E-5
1.419653333E+9	2.563000000E-5
1.419656667E+9	2.615943000E-5
1.419660000E+9	2.600785000E-5
1.419663333E+9	2.605366000E-5
1.419666667E+9	2.585047000E-5
1.419670000E+9	2.550651000E-5
1.419673333E+9	2.613282000E-5
1.419676667E+9	2.699382000E-5
1.419680000E+9	2.616265000E-5
1.419683333E+9	2.495259000E-5
1.419686667E+9	2.535125000E-5
1.419690000E+9	2.581584000E-5
1.419693333E+9	2.582893000E-5
1.419696667E+9	2.621840000E-5
1.419700000E+9	2.609468000E-5
1.419703333E+9	2.532226000E-5
1.419706667E+9	2.565438000E-5
1.419710000E+9	2.554392000E-5
1.419713333E+9	2.524301000E-5
1.419716667E+9	2.580308000E-5
1.419720000E+9	2.557061000E-5
1.419723333E+9	2.662889000E-5
1.419726667E+9	2.548448000E-5
1.419730000E+9	2.592275000E-5
1.419733333E+9	3.284541000E-5
1.419736667E+9	2.628158000E-5
1.419740000E+9	2.619636000E-5
1.419743333E+9	2.782692000E-5
1.419746667E+9	2.827308000E-5
1.419750000E+9	2.660072000E-5
1.419753333E+9	2.529480000E-5
1.419756667E+9	2.616802000E-5
1.419760000E+9	2.604577000E-5
1.419763333E+9	2.519466000E-5
1.419766667E+9	2.547564000E-5
1.419770000E+9	2.607844000E-5
1.419773333E+9	2.521699000E-5
1.419776667E+9	2.576877000E-5
1.419780000E+9	2.563949000E-5
1.419783333E+9	2.590402000E-5
1.419786667E+9	2.503959000E-5
1.419790000E+9	2.619351000E-5
1.419793333E+9	2.625320000E-5
1.419796667E+9	2.535339000E-5
1.419800000E+9	2.530422000E-5
1.419803333E+9	2.556643000E-5
1.419806667E+9	2.540410000E-5
1.419810000E+9	2.549766000E-5
1.419813333E+9	2.561163000E-5
1.419816667E+9	2.561059000E-5
1.419820000E+9	2.588881000E-5
1.419823333E+9	2.578388000E-5
1.419826667E+9	2.526394000E-5
1.419830000E+9	2.542157000E-5
1.419833333E+9	2.566582000E-5
1.419836667E+9	2.540915000E-5
1.419840000E+9	2.559985000E-5
1.419843333E+9	2.555352000E-5
1.419846667E+9	2.486865000E-5
1.419850000E+9	2.499320000E-5
1.419853333E+9	2.555927000E-5
1.419856667E+9	2.579696000E-5
1.419860000E+9	2.600179000E-5
1.419863333E+9	2.619645000E-5
1.419866667E+9	2.575794000E-5
1.419870000E+9	2.529469000E-5
1.419873333E+9	2.526402000E-5
1.419876667E+9	2.558299000E-5
1.419880000E+9	2.536556000E-5
1.419883333E+9	2.545131000E-5
1.419886667E+9	2.576651000E-5
1.419890000E+9	2.455401000E-5
1.419893333E+9	2.507250000E-5
1.419896667E+9	2.501415000E-5
1.419900000E+9	2.494640000E-5
1.419903333E+9	2.598615000E-5
1.419906667E+9	2.590619000E-5
1.419910000E+9	2.564878000E-5
1.419913333E+9	2.591441000E-5
1.419916667E+9	2.619700000E-5
1.419920000E+9	2.537441000E-5
1.419923333E+9	2.532384000E-5
1.419926667E+9	2.556300000E-5
1.419930000E+9	2.552253000E-5
1.419933333E+9	2.532037000E-5
1.419936667E+9	2.563284000E-5
1.419940000E+9	2.521913000E-5
1.419943333E+9	2.530856000E-5
1.419946667E+9	2.525867000E-5
1.419950000E+9	2.537082000E-5
1.419953333E+9	2.576221000E-5
1.419956667E+9	2.572179000E-5
1.419960000E+9	2.460690000E-5
1.419963333E+9	2.501346000E-5
1.419966667E+9	2.526563000E-5
1.419970000E+9	2.505210000E-5
1.419973333E+9	2.529411000E-5
1.419976667E+9	2.478421000E-5
1.419980000E+9	2.585862000E-5
1.419983333E+9	2.534362000E-5
1.419986667E+9	2.562668000E-5
1.419990000E+9	2.563546000E-5
1.419993333E+9	2.600662000E-5
1.419996667E+9	2.589868000E-5
1.420000000E+9	2.605841000E-5
1.420003333E+9	2.663243000E-5
1.420006667E+9	2.551082000E-5
1.420010000E+9	2.544170000E-5
1.420013333E+9	2.537447000E-5
1.420016667E+9	2.565387000E-5
1.420020000E+9	2.559224000E-5
1.420023333E+9	2.519394000E-5
1.420026667E+9	2.554645000E-5
1.420030000E+9	2.565125000E-5
1.420033333E+9	2.618041000E-5
1.420036667E+9	2.692506000E-5
1.420040000E+9	2.716979000E-5
1.420043333E+9	2.556640000E-5
1.420046667E+9	2.522852000E-5
1.420050000E+9	2.603018000E-5
1.420053333E+9	2.622071000E-5
1.420056667E+9	2.552163000E-5
1.420060000E+9	2.488548000E-5
1.420063333E+9	2.511779000E-5
1.420066667E+9	2.478241000E-5
1.420070000E+9	2.515997000E-5
1.420073333E+9	2.574309000E-5
1.420076667E+9	2.512300000E-5
1.420080000E+9	2.488709000E-5
1.420083333E+9	2.515290000E-5
1.420086667E+9	2.482465000E-5
1.420090000E+9	2.545517000E-5
1.420093333E+9	2.561709000E-5
1.420096667E+9	2.515182000E-5
1.420100000E+9	2.523799000E-5
1.420103333E+9	2.555391000E-5
1.420106667E+9	2.512899000E-5
1.420110000E+9	2.475149000E-5
1.420113333E+9	2.517727000E-5
1.420116667E+9	2.497019000E-5
1.420120000E+9	2.511801000E-5
1.420123333E+9	2.553315000E-5
1.420126667E+9	2.596827000E-5
1.420130000E+9	2.467693000E-5
1.420133333E+9	2.536829000E-5
1.420136667E+9	2.454164000E-5
1.420140000E+9	2.524240000E-5
1.420143333E+9	2.613273000E-5
1.420146667E+9	2.516530000E-5
1.420150000E+9	2.545771000E-5
1.420153333E+9	2.492751000E-5
1.420156667E+9	2.567698000E-5
1.420160000E+9	2.561306000E-5
1.420163333E+9	2.506462000E-5
1.420166667E+9	2.453733000E-5
1.420170000E+9	2.475505000E-5
1.420173333E+9	2.539094000E-5
1.420176667E+9	2.477080000E-5
1.420180000E+9	2.519936000E-5
1.420183333E+9	2.456382000E-5
1.420186667E+9	2.570558000E-5
1.420190000E+9	2.639042000E-5
1.420193333E+9	2.515455000E-5
1.420196667E+9	2.472626000E-5
1.420200000E+9	2.491391000E-5
1.420203333E+9	2.529008000E-5
1.420206667E+9	2.510420000E-5
1.420210000E+9	2.498865000E-5
1.420213333E+9	2.462236000E-5
1.420216667E+9	2.521284000E-5
1.420220000E+9	2.548459000E-5
1.420223333E+9	2.465012000E-5
1.420226667E+9	2.528933000E-5
1.420230000E+9	2.546347000E-5
1.420233333E+9	2.510715000E-5
1.420236667E+9	2.591301000E-5
1.420240000E+9	2.517467000E-5
1.420243333E+9	2.484554000E-5
1.420246667E+9	2.467321000E-5
1.420250000E+9	2.553646000E-5
1.420253333E+9	2.547354000E-5
1.420256667E+9	2.482320000E-5
1.420260000E+9	2.576405000E-5
1.420263333E+9	2.523921000E-5
1.420266667E+9	2.642872000E-5
1.420270000E+9	2.512833000E-5
1.420273333E+9	2.553635000E-5
1.420276667E+9	2.510974000E-5
1.420280000E+9	2.593595000E-5
1.420283333E+9	2.592349000E-5
1.420286667E+9	2.545794000E-5
1.420290000E+9	2.533377000E-5
1.420293333E+9	2.532259000E-5
1.420296667E+9	2.513666000E-5
1.420300000E+9	2.555887000E-5
1.420303333E+9	2.540773000E-5
1.420306667E+9	2.576868000E-5
1.420310000E+9	2.579759000E-5
1.420313333E+9	2.478045000E-5
1.420316667E+9	2.476906000E-5
1.420320000E+9	2.572300000E-5
1.420323333E+9	2.524700000E-5
1.420326667E+9	2.595025000E-5
1.420330000E+9	2.710990000E-5
1.420333333E+9	2.696133000E-5
1.420336667E+9	2.579357000E-5
1.420340000E+9	2.580569000E-5
1.420343333E+9	2.581073000E-5
1.420346667E+9	2.543371000E-5
1.420350000E+9	2.507216000E-5
1.420353333E+9	2.471711000E-5
1.420356667E+9	2.487250000E-5
1.420360000E+9	2.445733000E-5
1.420363333E+9	2.517533000E-5
1.420366667E+9	2.566120000E-5
1.420370000E+9	2.470496000E-5
1.420373333E+9	2.579963000E-5
1.420376667E+9	2.566311000E-5
1.420380000E+9	2.491227000E-5
1.420383333E+9	2.488917000E-5
1.420386667E+9	2.484063000E-5
1.420390000E+9	2.477172000E-5
1.420393333E+9	2.545008000E-5
1.420396667E+9	2.582916000E-5
1.420400000E+9	2.510897000E-5
1.420403333E+9	2.494038000E-5
1.420406667E+9	2.554431000E-5
1.420410000E+9	2.543709000E-5
1.420413333E+9	2.520077000E-5
1.420416667E+9	2.574679000E-5
1.420420000E+9	2.506014000E-5
1.420423333E+9	2.493378000E-5
1.420426667E+9	2.560857000E-5
1.420430000E+9	2.508001000E-5
1.420433333E+9	2.478772000E-5
1.420436667E+9	2.441604000E-5
1.420440000E+9	2.487092000E-5
1.420443333E+9	2.430718000E-5
1.420446667E+9	2.531356000E-5
1.420450000E+9	2.547116000E-5
1.420453333E+9	2.536720000E-5
1.420456667E+9	2.555820000E-5
1.420460000E+9	2.497850000E-5
1.420463333E+9	2.539540000E-5
1.420466667E+9	2.587583000E-5
1.420470000E+9	2.617092000E-5
1.420473333E+9	2.570090000E-5
1.420476667E+9	2.557454000E-5
1.420480000E+9	2.549738000E-5
1.420483333E+9	2.506570000E-5
1.420486667E+9	2.502167000E-5
1.420490000E+9	2.483708000E-5
1.420493333E+9	2.471196000E-5
1.420496667E+9	2.494191000E-5
1.420500000E+9	2.598846000E-5
1.420503333E+9	2.581292000E-5
1.420506667E+9	2.536656000E-5
1.420510000E+9	2.615337000E-5
1.420513333E+9	2.527038000E-5
1.420516667E+9	2.561838000E-5
1.420520000E+9	2.517754000E-5
1.420523333E+9	2.471481000E-5
1.420526667E+9	2.548705000E-5
1.420530000E+9	2.583523000E-5
1.420533333E+9	2.534098000E-5
1.420536667E+9	2.548252000E-5
1.420540000E+9	2.573261000E-5
1.420543333E+9	2.635509000E-5
1.420546667E+9	2.582099000E-5
1.420550000E+9	2.503783000E-5
1.420553333E+9	2.545492000E-5
1.420556667E+9	2.539688000E-5
1.420560000E+9	2.532893000E-5
1.420563333E+9	2.580314000E-5
1.420566667E+9	2.519283000E-5
1.420570000E+9	2.462899000E-5
1.420573333E+9	2.522090000E-5
1.420576667E+9	2.507555000E-5
1.420580000E+9	2.557903000E-5
1.420583333E+9	2.554619000E-5
1.420586667E+9	2.556157000E-5
1.420590000E+9	2.579844000E-5
1.420593333E+9	2.539476000E-5
1.420596667E+9	2.571459000E-5
1.420600000E+9	2.524287000E-5
1.420603333E+9	2.613979000E-5
1.420606667E+9	2.539515000E-5
1.420610000E+9	2.583625000E-5
1.420613333E+9	2.628542000E-5
1.420616667E+9	2.576501000E-5
1.420620000E+9	2.675643000E-5
1.420623333E+9	2.686933000E-5
1.420626667E+9	2.710725000E-5
1.420630000E+9	2.560502000E-5
1.420633333E+9	2.576051000E-5
1.420636667E+9	2.621757000E-5
1.420640000E+9	2.509012000E-5
1.420643333E+9	2.575375000E-5
1.420646667E+9	2.579552000E-5
1.420650000E+9	2.516005000E-5
1.420653333E+9	2.550430000E-5
1.420656667E+9	2.546806000E-5
1.420660000E+9	2.564447000E-5
1.420663333E+9	2.533163000E-5
1.420666667E+9	2.623306000E-5
1.420670000E+9	2.579507000E-5
1.420673333E+9	2.561059000E-5
1.420676667E+9	2.572303000E-5
1.420680000E+9	2.572718000E-5
1.420683333E+9	2.589148000E-5
1.420686667E+9	2.556906000E-5
1.420690000E+9	2.561107000E-5
1.420693333E+9	2.574309000E-5
1.420696667E+9	2.564413000E-5
1.420700000E+9	2.600171000E-5
1.420703333E+9	2.629564000E-5
1.420706667E+9	2.547041000E-5
1.420710000E+9	2.612837000E-5
1.420713333E+9	2.530981000E-5
1.420716667E+9	2.540597000E-5
1.420720000E+9	2.552973000E-5
1.420723333E+9	2.615986000E-5
1.420726667E+9	2.526805000E-5
1.420730000E+9	2.553854000E-5
1.420733333E+9	2.564399000E-5
1.420736667E+9	2.610265000E-5
1.420740000E+9	2.610159000E-5
1.420743333E+9	2.592098000E-5
1.420746667E+9	2.639535000E-5
1.420750000E+9	2.558513000E-5
1.420753333E+9	2.545360000E-5
1.420756667E+9	2.559021000E-5
1.420760000E+9	2.589592000E-5
1.420763333E+9	2.618265000E-5
1.420766667E+9	2.531033000E-5
1.420770000E+9	2.555972000E-5
1.420773333E+9	2.569012000E-5
1.420776667E+9	2.628877000E-5
1.420780000E+9	2.564571000E-5
1.420783333E+9	2.541797000E-5
1.420786667E+9	2.562001000E-5
1.420790000E+9	2.531392000E-5
1.420793333E+9	2.574462000E-5
1.420796667E+9	2.536419000E-5
1.420800000E+9	2.543159000E-5
1.420803333E+9	2.554535000E-5
1.420806667E+9	2.494903000E-5
1.420810000E+9	2.605071000E-5
1.420813333E+9	2.650460000E-5
1.420816667E+9	2.597583000E-5
1.420820000E+9	2.586753000E-5
1.420823333E+9	2.599026000E-5
1.420826667E+9	2.540647000E-5
1.420830000E+9	2.494290000E-5
1.420833333E+9	2.547094000E-5
1.420836667E+9	2.550318000E-5
1.420840000E+9	2.558451000E-5
1.420843333E+9	2.530300000E-5
1.420846667E+9	2.595117000E-5
1.420850000E+9	2.549962000E-5
1.420853333E+9	2.573213000E-5
1.420856667E+9	2.529878000E-5
1.420860000E+9	2.564568000E-5
1.420863333E+9	2.567061000E-5
1.420866667E+9	2.546870000E-5
1.420870000E+9	2.507128000E-5
1.420873333E+9	2.546180000E-5
1.420876667E+9	2.550021000E-5
1.420880000E+9	2.519317000E-5
1.420883333E+9	2.721927000E-5
1.420886667E+9	2.659902000E-5
1.420890000E+9	2.556527000E-5
1.420893333E+9	2.574965000E-5
1.420896667E+9	2.725069000E-5
1.420900000E+9	2.625482000E-5
1.420903333E+9	2.590178000E-5
1.420906667E+9	2.634410000E-5
1.420910000E+9	2.579810000E-5
1.420913333E+9	3.014026000E-5
1.420916667E+9	2.876471000E-5
1.420920000E+9	2.854792000E-5
1.420923333E+9	2.533636000E-5
1.420926667E+9	2.709395000E-5
1.420930000E+9	2.606058000E-5
1.420933333E+9	2.517937000E-5
1.420936667E+9	2.590832000E-5
1.420940000E+9	2.598470000E-5
1.420943333E+9	2.541392000E-5
1.420946667E+9	2.530381000E-5
1.420950000E+9	2.644832000E-5
1.420953333E+9	2.610982000E-5
1.420956667E+9	2.567941000E-5
1.420960000E+9	2.596767000E-5
1.420963333E+9	2.563580000E-5
1.420966667E+9	2.627895000E-5
1.420970000E+9	2.619314000E-5
1.420973333E+9	2.530467000E-5
1.420976667E+9	2.563594000E-5
1.420980000E+9	2.585138000E-5
1.420983333E+9	2.614151000E-5
1.420986667E+9	2.607298000E-5
1.420990000E+9	2.519350000E-5
1.420993333E+9	2.557274000E-5
1.420996667E+9	2.512245000E-5
1.421000000E+9	2.550197000E-5
1.421003333E+9	2.619329000E-5
1.421006667E+9	2.592599000E-5
1.421010000E+9	2.632623000E-5
1.421013333E+9	2.602813000E-5
1.421016667E+9	2.611558000E-5
1.421020000E+9	2.722324000E-5
1.421023333E+9	2.576651000E-5
1.421026667E+9	2.598202000E-5
1.421030000E+9	2.584950000E-5
1.421033333E+9	2.591731000E-5
1.421036667E+9	2.606937000E-5
1.421040000E+9	2.581521000E-5
1.421043333E+9	2.545372000E-5
1.421046667E+9	2.548252000E-5
1.421050000E+9	2.583585000E-5
1.421053333E+9	2.535336000E-5
1.421056667E+9	2.564472000E-5
1.421060000E+9	2.548772000E-5
1.421063333E+9	2.545606000E-5
1.421066667E+9	2.566731000E-5
1.421070000E+9	2.565010000E-5
1.421073333E+9	2.588319000E-5
1.421076667E+9	2.578722000E-5
1.421080000E+9	2.573789000E-5
1.421083333E+9	2.589515000E-5
1.421086667E+9	2.675996000E-5
1.421090000E+9	2.674609000E-5
1.421093333E+9	2.626618000E-5
1.421096667E+9	2.601533000E-5
1.421100000E+9	2.607936000E-5
1.421103333E+9	2.583673000E-5
1.421106667E+9	2.578484000E-5
1.421110000E+9	2.547944000E-5
1.421113333E+9	2.585092000E-5
1.421116667E+9	2.565990000E-5
1.421120000E+9	2.593385000E-5
1.421123333E+9	2.572439000E-5
1.421126667E+9	2.626096000E-5
1.421130000E+9	2.616845000E-5
1.421133333E+9	2.633464000E-5
1.421136667E+9	2.587980000E-5
1.421140000E+9	2.573546000E-5
1.421143333E+9	2.568200000E-5
1.421146667E+9	2.570508000E-5
1.421150000E+9	2.620209000E-5
1.421153333E+9	2.828503000E-5
1.421156667E+9	2.787257000E-5
1.421160000E+9	2.598378000E-5
1.421163333E+9	2.657199000E-5
1.421166667E+9	2.692618000E-5
1.421170000E+9	2.595738000E-5
1.421173333E+9	2.517005000E-5
1.421176667E+9	2.555697000E-5
1.421180000E+9	2.650882000E-5
1.421183333E+9	2.512524000E-5
1.421186667E+9	2.587284000E-5
1.421190000E+9	2.628542000E-5
1.421193333E+9	2.581544000E-5
1.421196667E+9	2.646886000E-5
1.421200000E+9	2.636899000E-5
1.421203333E+9	2.610357000E-5
1.421206667E+9	2.783740000E-5
1.421210000E+9	2.744988000E-5
1.421213333E+9	2.729588000E-5
1.421216667E+9	2.717352000E-5
1.421220000E+9	2.950158000E-5
1.421223333E+9	2.973716000E-5
1.421226667E+9	2.678536000E-5
1.421230000E+9	2.677454000E-5
1.421233333E+9	2.669733000E-5
1.421236667E+9	2.585220000E-5
1.421240000E+9	2.594763000E-5
1.421243333E+9	2.603359000E-5
1.421246667E+9	2.628923000E-5
1.421250000E+9	2.623266000E-5
1.421253333E+9	2.620508000E-5
1.421256667E+9	2.661845000E-5
1.421260000E+9	2.692902000E-5
1.421263333E+9	2.721377000E-5
1.421266667E+9	2.746568000E-5
1.421270000E+9	2.721371000E-5
1.421273333E+9	2.699821000E-5
1.421276667E+9	2.729369000E-5
1.421280000E+9	2.877788000E-5
1.421283333E+9	2.899949000E-5
1.421286667E+9	3.067967000E-5
1.421290000E+9	3.249000000E-5
1.421293333E+9	2.948115000E-5
1.421296667E+9	2.870955000E-5
1.421300000E+9	2.832652000E-5
1.421303333E+9	2.824208000E-5
1.421306667E+9	2.912608000E-5
1.421310000E+9	2.834783000E-5
1.421313333E+9	2.895025000E-5
1.421316667E+9	3.006853000E-5
1.421320000E+9	3.003870000E-5
1.421323333E+9	3.058345000E-5
1.421326667E+9	3.075566000E-5
1.421330000E+9	3.060364000E-5
1.421333333E+9	3.100421000E-5
1.421336667E+9	3.202006000E-5
1.421340000E+9	3.158024000E-5
1.421343333E+9	3.522764000E-5
1.421346667E+9	3.913721000E-5
1.421350000E+9	3.597914000E-5
1.421353333E+9	3.515496000E-5
1.421356667E+9	3.744730000E-5
1.421360000E+9	3.358969000E-5
1.421363333E+9	3.307978000E-5
1.421366667E+9	3.548365000E-5
1.421370000E+9	3.227613000E-5
1.421373333E+9	3.124116000E-5
1.421376667E+9	3.107227000E-5
1.421380000E+9	3.203943000E-5
1.421383333E+9	3.373742000E-5
1.421386667E+9	3.221984000E-5
1.421390000E+9	3.132703000E-5
1.421393333E+9	3.112260000E-5
1.421396667E+9	3.083481000E-5
1.421400000E+9	3.095479000E-5
