Frequency, Hz	Amplitude, Volts
1.419400000E+9	1.492545000E-5
1.419403333E+9	1.494885000E-5
1.419406667E+9	1.520396000E-5
1.419410000E+9	1.525947000E-5
1.419413333E+9	1.556611000E-5
1.419416667E+9	1.536235000E-5
1.419420000E+9	1.507949000E-5
1.419423333E+9	1.526424000E-5
1.419426667E+9	1.490151000E-5
1.419430000E+9	1.498668000E-5
1.419433333E+9	1.470213000E-5
1.419436667E+9	1.527687000E-5
1.419440000E+9	1.503660000E-5
1.419443333E+9	1.512600000E-5
1.419446667E+9	1.502540000E-5
1.419450000E+9	1.541447000E-5
1.419453333E+9	1.541528000E-5
1.419456667E+9	1.514122000E-5
1.419460000E+9	1.504356000E-5
1.419463333E+9	1.489104000E-5
1.419466667E+9	1.513183000E-5
1.419470000E+9	1.517846000E-5
1.419473333E+9	1.517906000E-5
1.419476667E+9	1.506036000E-5
1.419480000E+9	1.510073000E-5
1.419483333E+9	1.494450000E-5
1.419486667E+9	1.496430000E-5
1.419490000E+9	1.525360000E-5
1.419493333E+9	1.524006000E-5
1.419496667E+9	1.509279000E-5
1.419500000E+9	1.492581000E-5
1.419503333E+9	1.515315000E-5
1.419506667E+9	1.473287000E-5
1.419510000E+9	1.508973000E-5
1.419513333E+9	1.517543000E-5
1.419516667E+9	1.472598000E-5
1.419520000E+9	1.510280000E-5
1.419523333E+9	1.512399000E-5
1.419526667E+9	1.521981000E-5
1.419530000E+9	1.498926000E-5
1.419533333E+9	1.502334000E-5
1.419536667E+9	1.494983000E-5
1.419540000E+9	1.541500000E-5
1.419543333E+9	1.501005000E-5
1.419546667E+9	1.483265000E-5
1.419550000E+9	1.525523000E-5
1.419553333E+9	1.476897000E-5
1.419556667E+9	1.519041000E-5
1.419560000E+9	1.511566000E-5
1.419563333E+9	1.512262000E-5
1.419566667E+9	1.525211000E-5
1.419570000E+9	1.505122000E-5
1.419573333E+9	1.483954000E-5
1.419576667E+9	1.511556000E-5
1.419580000E+9	1.504144000E-5
1.419583333E+9	1.487767000E-5
1.419586667E+9	1.471392000E-5
1.419590000E+9	1.532362000E-5
1.419593333E+9	1.494611000E-5
1.419596667E+9	1.487699000E-5
1.419600000E+9	1.481353000E-5
1.419603333E+9	1.524565000E-5
1.419606667E+9	1.510141000E-5
1.419610000E+9	1.495684000E-5
1.419613333E+9	1.519021000E-5
1.419616667E+9	1.499293000E-5
1.419620000E+9	1.489810000E-5
1.419623333E+9	1.525170000E-5
1.419626667E+9	1.487401000E-5
1.419630000E+9	1.484919000E-5
1.419633333E+9	1.498861000E-5
1.419636667E+9	1.509853000E-5
1.419640000E+9	1.504123000E-5
1.419643333E+9	1.502058000E-5
1.419646667E+9	1.510579000E-5
1.419650000E+9	1.524487000E-5
1.419653333E+9	1.525491000E-5
1.419656667E+9	1.493399000E-5
1.419660000E+9	1.498298000E-5
1.419663333E+9	1.480782000E-5
1.419666667E+9	1.509907000E-5
1.419670000E+9	1.525503000E-5
1.419673333E+9	1.497380000E-5
1.419676667E+9	1.537592000E-5
1.419680000E+9	1.497398000E-5
1.419683333E+9	1.497410000E-5
1.419686667E+9	1.477049000E-5
1.419690000E+9	1.504516000E-5
1.419693333E+9	1.479700000E-5
1.419696667E+9	1.480467000E-5
1.419700000E+9	1.528185000E-5
1.419703333E+9	1.503436000E-5
1.419706667E+9	1.523789000E-5
1.419710000E+9	1.527886000E-5
1.419713333E+9	1.517158000E-5
1.419716667E+9	1.512031000E-5
1.419720000E+9	1.501915000E-5
1.419723333E+9	1.490700000E-5
1.419726667E+9	1.528548000E-5
1.419730000E+9	1.532253000E-5
1.419733333E+9	1.589545000E-5
1.419736667E+9	1.498737000E-5
1.419740000E+9	1.512350000E-5
1.419743333E+9	1.551061000E-5
1.419746667E+9	1.509955000E-5
1.419750000E+9	1.533293000E-5
1.419753333E+9	1.510791000E-5
1.419756667E+9	1.505531000E-5
1.419760000E+9	1.502969000E-5
1.419763333E+9	1.476999000E-5
1.419766667E+9	1.527351000E-5
1.419770000E+9	1.520289000E-5
1.419773333E+9	1.488117000E-5
1.419776667E+9	1.511716000E-5
1.419780000E+9	1.518191000E-5
1.419783333E+9	1.532084000E-5
1.419786667E+9	1.526377000E-5
1.419790000E+9	1.524016000E-5
1.419793333E+9	1.542841000E-5
1.419796667E+9	1.487723000E-5
1.419800000E+9	1.519829000E-5
1.419803333E+9	1.489526000E-5
1.419806667E+9	1.481399000E-5
1.419810000E+9	1.496852000E-5
1.419813333E+9	1.542395000E-5
1.419816667E+9	1.516535000E-5
1.419820000E+9	1.492371000E-5
1.419823333E+9	1.489594000E-5
1.419826667E+9	1.522977000E-5
1.419830000E+9	1.498197000E-5
1.419833333E+9	1.490435000E-5
1.419836667E+9	1.515448000E-5
1.419840000E+9	1.510166000E-5
1.419843333E+9	1.464690000E-5
1.419846667E+9	1.491873000E-5
1.419850000E+9	1.515298000E-5
1.419853333E+9	1.509082000E-5
1.419856667E+9	1.505894000E-5
1.419860000E+9	1.502822000E-5
1.419863333E+9	1.530218000E-5
1.419866667E+9	1.524473000E-5
1.419870000E+9	1.505469000E-5
1.419873333E+9	1.501531000E-5
1.419876667E+9	1.522670000E-5
1.419880000E+9	1.483810000E-5
1.419883333E+9	1.511453000E-5
1.419886667E+9	1.498044000E-5
1.419890000E+9	1.502251000E-5
1.419893333E+9	1.516568000E-5
1.419896667E+9	1.496315000E-5
1.419900000E+9	1.543295000E-5
1.419903333E+9	1.506079000E-5
1.419906667E+9	1.497337000E-5
1.419910000E+9	1.488736000E-5
1.419913333E+9	1.513366000E-5
1.419916667E+9	1.466315000E-5
1.419920000E+9	1.504342000E-5
1.419923333E+9	1.515192000E-5
1.419926667E+9	1.484662000E-5
1.419930000E+9	1.502423000E-5
1.419933333E+9	1.494786000E-5
1.419936667E+9	1.517879000E-5
1.419940000E+9	1.517584000E-5
1.419943333E+9	1.511327000E-5
1.419946667E+9	1.494107000E-5
1.419950000E+9	1.532431000E-5
1.419953333E+9	1.505830000E-5
1.419956667E+9	1.507709000E-5
1.419960000E+9	1.495113000E-5
1.419963333E+9	1.527117000E-5
1.419966667E+9	1.509941000E-5
1.419970000E+9	1.488692000E-5
1.419973333E+9	1.528272000E-5
1.419976667E+9	1.557700000E-5
1.419980000E+9	1.681274000E-5
1.419983333E+9	1.500092000E-5
1.419986667E+9	1.492864000E-5
1.419990000E+9	1.502822000E-5
1.419993333E+9	1.502034000E-5
1.419996667E+9	1.487605000E-5
1.420000000E+9	1.535452000E-5
1.420003333E+9	1.522504000E-5
1.420006667E+9	1.516478000E-5
1.420010000E+9	1.499000000E-5
1.420013333E+9	1.497554000E-5
1.420016667E+9	1.504889000E-5
1.420020000E+9	1.512243000E-5
1.420023333E+9	1.520959000E-5
1.420026667E+9	1.520718000E-5
1.420030000E+9	1.474680000E-5
1.420033333E+9	1.533129000E-5
1.420036667E+9	1.537453000E-5
1.420040000E+9	1.519689000E-5
1.420043333E+9	1.494772000E-5
1.420046667E+9	1.506619000E-5
1.420050000E+9	1.563456000E-5
1.420053333E+9	1.501865000E-5
1.420056667E+9	1.503192000E-5
1.420060000E+9	1.496131000E-5
1.420063333E+9	1.502411000E-5
1.420066667E+9	1.469210000E-5
1.420070000E+9	1.506258000E-5
1.420073333E+9	1.521565000E-5
1.420076667E+9	1.481797000E-5
1.420080000E+9	1.517478000E-5
1.420083333E+9	1.498479000E-5
1.420086667E+9	1.522954000E-5
1.420090000E+9	1.497162000E-5
1.420093333E+9	1.532592000E-5
1.420096667E+9	1.491742000E-5
1.420100000E+9	1.507044000E-5
1.420103333E+9	1.504182000E-5
1.420106667E+9	1.503314000E-5
1.420110000E+9	1.517349000E-5
1.420113333E+9	1.511153000E-5
1.420116667E+9	1.497316000E-5
1.420120000E+9	1.484363000E-5
1.420123333E+9	1.505833000E-5
1.420126667E+9	1.493687000E-5
1.420130000E+9	1.486926000E-5
1.420133333E+9	1.496322000E-5
1.420136667E+9	1.492777000E-5
1.420140000E+9	1.505873000E-5
1.420143333E+9	1.483778000E-5
1.420146667E+9	1.479794000E-5
1.420150000E+9	1.494122000E-5
1.420153333E+9	1.499065000E-5
1.420156667E+9	1.503294000E-5
1.420160000E+9	1.511242000E-5
1.420163333E+9	1.519714000E-5
1.420166667E+9	1.528826000E-5
1.420170000E+9	1.502944000E-5
1.420173333E+9	1.501888000E-5
1.420176667E+9	1.496535000E-5
1.420180000E+9	1.488653000E-5
1.420183333E+9	1.490080000E-5
1.420186667E+9	1.495565000E-5
1.420190000E+9	1.492086000E-5
1.420193333E+9	1.475973000E-5
1.420196667E+9	1.490198000E-5
1.420200000E+9	1.524622000E-5
1.420203333E+9	1.481213000E-5
1.420206667E+9	1.495995000E-5
1.420210000E+9	1.509491000E-5
1.420213333E+9	1.469242000E-5
1.420216667E+9	1.497957000E-5
1.420220000E+9	1.495213000E-5
1.420223333E+9	1.483047000E-5
1.420226667E+9	1.494238000E-5
1.420230000E+9	1.501872000E-5
1.420233333E+9	1.483694000E-5
1.420236667E+9	1.532702000E-5
1.420240000E+9	1.502586000E-5
1.420243333E+9	1.514064000E-5
1.420246667E+9	1.497163000E-5
1.420250000E+9	1.485970000E-5
1.420253333E+9	1.514472000E-5
1.420256667E+9	1.499070000E-5
1.420260000E+9	1.517876000E-5
1.420263333E+9	1.508968000E-5
1.420266667E+9	1.511194000E-5
1.420270000E+9	1.499899000E-5
1.420273333E+9	1.481652000E-5
1.420276667E+9	1.536307000E-5
1.420280000E+9	1.488112000E-5
1.420283333E+9	1.511535000E-5
1.420286667E+9	1.474271000E-5
1.420290000E+9	1.522142000E-5
1.420293333E+9	1.484054000E-5
1.420296667E+9	1.605299000E-5
1.420300000E+9	1.518484000E-5
1.420303333E+9	1.528475000E-5
1.420306667E+9	1.515485000E-5
1.420310000E+9	1.536397000E-5
1.420313333E+9	1.540848000E-5
1.420316667E+9	1.504605000E-5
1.420320000E+9	1.532988000E-5
1.420323333E+9	1.504463000E-5
1.420326667E+9	1.515886000E-5
1.420330000E+9	1.551596000E-5
1.420333333E+9	1.534360000E-5
1.420336667E+9	1.519251000E-5
1.420340000E+9	1.502459000E-5
1.420343333E+9	1.517179000E-5
1.420346667E+9	1.527420000E-5
1.420350000E+9	1.536943000E-5
1.420353333E+9	1.516693000E-5
1.420356667E+9	1.506040000E-5
1.420360000E+9	1.514784000E-5
1.420363333E+9	1.511330000E-5
1.420366667E+9	1.510654000E-5
1.420370000E+9	1.511015000E-5
1.420373333E+9	1.531257000E-5
1.420376667E+9	1.542114000E-5
1.420380000E+9	1.517936000E-5
1.420383333E+9	1.516333000E-5
1.420386667E+9	1.520139000E-5
1.420390000E+9	1.524590000E-5
1.420393333E+9	1.542351000E-5
1.420396667E+9	1.524815000E-5
1.420400000E+9	1.531117000E-5
1.420403333E+9	1.541764000E-5
1.420406667E+9	1.543525000E-5
1.420410000E+9	1.519076000E-5
1.420413333E+9	1.518399000E-5
1.420416667E+9	1.589680000E-5
1.420420000E+9	1.583511000E-5
1.420423333E+9	1.581081000E-5
1.420426667E+9	1.566798000E-5
1.420430000E+9	1.611384000E-5
1.420433333E+9	1.574296000E-5
1.420436667E+9	1.628584000E-5
1.420440000E+9	1.645640000E-5
1.420443333E+9	1.652068000E-5
1.420446667E+9	1.672767000E-5
1.420450000E+9	1.674952000E-5
1.420453333E+9	1.701971000E-5
1.420456667E+9	1.685513000E-5
1.420460000E+9	1.734015000E-5
1.420463333E+9	1.699023000E-5
1.420466667E+9	1.693901000E-5
1.420470000E+9	1.680831000E-5
1.420473333E+9	1.687752000E-5
1.420476667E+9	1.707052000E-5
1.420480000E+9	1.720210000E-5
1.420483333E+9	1.684622000E-5
1.420486667E+9	1.688325000E-5
1.420490000E+9	1.710450000E-5
1.420493333E+9	1.699079000E-5
1.420496667E+9	1.756179000E-5
1.420500000E+9	1.710822000E-5
1.420503333E+9	1.675892000E-5
1.420506667E+9	1.663039000E-5
1.420510000E+9	1.647576000E-5
1.420513333E+9	1.663623000E-5
1.420516667E+9	1.655220000E-5
1.420520000E+9	1.613473000E-5
1.420523333E+9	1.641870000E-5
1.420526667E+9	1.663037000E-5
1.420530000E+9	1.634256000E-5
1.420533333E+9	1.652014000E-5
1.420536667E+9	1.617380000E-5
1.420540000E+9	1.635032000E-5
1.420543333E+9	1.603018000E-5
1.420546667E+9	1.627549000E-5
1.420550000E+9	1.613149000E-5
1.420553333E+9	1.606637000E-5
1.420556667E+9	1.592187000E-5
1.420560000E+9	1.614508000E-5
1.420563333E+9	1.630965000E-5
1.420566667E+9	1.603314000E-5
1.420570000E+9	1.635429000E-5
1.420573333E+9	1.614311000E-5
1.420576667E+9	1.589572000E-5
1.420580000E+9	1.614953000E-5
1.420583333E+9	1.588769000E-5
1.420586667E+9	1.554937000E-5
1.420590000E+9	1.638290000E-5
1.420593333E+9	1.603699000E-5
1.420596667E+9	1.594898000E-5
1.420600000E+9	1.551949000E-5
1.420603333E+9	1.591989000E-5
1.420606667E+9	1.618123000E-5
1.420610000E+9	1.655219000E-5
1.420613333E+9	1.611766000E-5
1.420616667E+9	1.623480000E-5
1.420620000E+9	1.670997000E-5
1.420623333E+9	1.665787000E-5
1.420626667E+9	1.612981000E-5
1.420630000E+9	1.649228000E-5
1.420633333E+9	1.593552000E-5
1.420636667E+9	1.582138000E-5
1.420640000E+9	1.583188000E-5
1.420643333E+9	1.620591000E-5
1.420646667E+9	1.687456000E-5
1.420650000E+9	1.598364000E-5
1.420653333E+9	1.625656000E-5
1.420656667E+9	1.613110000E-5
1.420660000E+9	1.623506000E-5
1.420663333E+9	1.583958000E-5
1.420666667E+9	1.621572000E-5
1.420670000E+9	1.630588000E-5
1.420673333E+9	1.598734000E-5
1.420676667E+9	1.599110000E-5
1.420680000E+9	1.589212000E-5
1.420683333E+9	1.615526000E-5
1.420686667E+9	1.604571000E-5
1.420690000E+9	1.593766000E-5
1.420693333E+9	1.596501000E-5
1.420696667E+9	1.602809000E-5
1.420700000E+9	1.583032000E-5
1.420703333E+9	1.597985000E-5
1.420706667E+9	1.602244000E-5
1.420710000E+9	1.614370000E-5
1.420713333E+9	1.637574000E-5
1.420716667E+9	1.613597000E-5
1.420720000E+9	1.634050000E-5
1.420723333E+9	1.625798000E-5
1.420726667E+9	1.603815000E-5
1.420730000E+9	1.623339000E-5
1.420733333E+9	1.630172000E-5
1.420736667E+9	1.603439000E-5
1.420740000E+9	1.589223000E-5
1.420743333E+9	1.613450000E-5
1.420746667E+9	1.602622000E-5
1.420750000E+9	1.591260000E-5
1.420753333E+9	1.596121000E-5
1.420756667E+9	1.625216000E-5
1.420760000E+9	1.687495000E-5
1.420763333E+9	1.599361000E-5
1.420766667E+9	1.615671000E-5
1.420770000E+9	1.610378000E-5
1.420773333E+9	1.609743000E-5
1.420776667E+9	1.608185000E-5
1.420780000E+9	1.626882000E-5
1.420783333E+9	1.608164000E-5
1.420786667E+9	1.615845000E-5
1.420790000E+9	1.629809000E-5
1.420793333E+9	1.637635000E-5
1.420796667E+9	1.685377000E-5
1.420800000E+9	1.609275000E-5
1.420803333E+9	1.597338000E-5
1.420806667E+9	1.604367000E-5
1.420810000E+9	1.554565000E-5
1.420813333E+9	1.590212000E-5
1.420816667E+9	1.567522000E-5
1.420820000E+9	1.582873000E-5
1.420823333E+9	1.593213000E-5
1.420826667E+9	1.588551000E-5
1.420830000E+9	1.547277000E-5
1.420833333E+9	1.604752000E-5
1.420836667E+9	1.568404000E-5
1.420840000E+9	1.587339000E-5
1.420843333E+9	1.548223000E-5
1.420846667E+9	1.545029000E-5
1.420850000E+9	1.555051000E-5
1.420853333E+9	1.527750000E-5
1.420856667E+9	1.543737000E-5
1.420860000E+9	1.578458000E-5
1.420863333E+9	1.570542000E-5
1.420866667E+9	1.550310000E-5
1.420870000E+9	1.578800000E-5
1.420873333E+9	1.548703000E-5
1.420876667E+9	1.568194000E-5
1.420880000E+9	1.551808000E-5
1.420883333E+9	1.661889000E-5
1.420886667E+9	1.617430000E-5
1.420890000E+9	1.564161000E-5
1.420893333E+9	1.575465000E-5
1.420896667E+9	1.555914000E-5
1.420900000E+9	1.581338000E-5
1.420903333E+9	1.616594000E-5
1.420906667E+9	1.714026000E-5
1.420910000E+9	1.582934000E-5
1.420913333E+9	1.752444000E-5
1.420916667E+9	1.667522000E-5
1.420920000E+9	1.578327000E-5
1.420923333E+9	1.518339000E-5
1.420926667E+9	1.538090000E-5
1.420930000E+9	1.584266000E-5
1.420933333E+9	1.532278000E-5
1.420936667E+9	1.506261000E-5
1.420940000E+9	1.582190000E-5
1.420943333E+9	1.577123000E-5
1.420946667E+9	1.619099000E-5
1.420950000E+9	1.549101000E-5
1.420953333E+9	1.517766000E-5
1.420956667E+9	1.510100000E-5
1.420960000E+9	1.538389000E-5
1.420963333E+9	1.512277000E-5
1.420966667E+9	1.516573000E-5
1.420970000E+9	1.561262000E-5
1.420973333E+9	1.530059000E-5
1.420976667E+9	1.532495000E-5
1.420980000E+9	1.535442000E-5
1.420983333E+9	1.570841000E-5
1.420986667E+9	1.523620000E-5
1.420990000E+9	1.572903000E-5
1.420993333E+9	1.532663000E-5
1.420996667E+9	1.541270000E-5
1.421000000E+9	1.545543000E-5
1.421003333E+9	1.520555000E-5
1.421006667E+9	1.515894000E-5
1.421010000E+9	1.529966000E-5
1.421013333E+9	1.501826000E-5
1.421016667E+9	1.514568000E-5
1.421020000E+9	1.552220000E-5
1.421023333E+9	1.500184000E-5
1.421026667E+9	1.492196000E-5
1.421030000E+9	1.546949000E-5
1.421033333E+9	1.516801000E-5
1.421036667E+9	1.480397000E-5
1.421040000E+9	1.513212000E-5
1.421043333E+9	1.499372000E-5
1.421046667E+9	1.508289000E-5
1.421050000E+9	1.489747000E-5
1.421053333E+9	1.507827000E-5
1.421056667E+9	1.537605000E-5
1.421060000E+9	1.542272000E-5
1.421063333E+9	1.521069000E-5
1.421066667E+9	1.519687000E-5
1.421070000E+9	1.514811000E-5
1.421073333E+9	1.510955000E-5
1.421076667E+9	1.478570000E-5
1.421080000E+9	1.455394000E-5
1.421083333E+9	1.497171000E-5
1.421086667E+9	1.485652000E-5
1.421090000E+9	1.463787000E-5
1.421093333E+9	1.537328000E-5
1.421096667E+9	1.550756000E-5
1.421100000E+9	1.537306000E-5
1.421103333E+9	1.495351000E-5
1.421106667E+9	1.494325000E-5
1.421110000E+9	1.517021000E-5
1.421113333E+9	1.485192000E-5
1.421116667E+9	1.479573000E-5
1.421120000E+9	1.481290000E-5
1.421123333E+9	1.494151000E-5
1.421126667E+9	1.499070000E-5
1.421130000E+9	1.525550000E-5
1.421133333E+9	1.546465000E-5
1.421136667E+9	1.500418000E-5
1.421140000E+9	1.536161000E-5
1.421143333E+9	1.529436000E-5
1.421146667E+9	1.508431000E-5
1.421150000E+9	1.490606000E-5
1.421153333E+9	1.496102000E-5
1.421156667E+9	1.510169000E-5
1.421160000E+9	1.492376000E-5
1.421163333E+9	1.469472000E-5
1.421166667E+9	1.496530000E-5
1.421170000E+9	1.492540000E-5
1.421173333E+9	1.477002000E-5
1.421176667E+9	1.558034000E-5
1.421180000E+9	1.626232000E-5
1.421183333E+9	1.496936000E-5
1.421186667E+9	1.491313000E-5
1.421190000E+9	1.526453000E-5
1.421193333E+9	1.486092000E-5
1.421196667E+9	1.502769000E-5
1.421200000E+9	1.474326000E-5
1.421203333E+9	1.513197000E-5
1.421206667E+9	1.610616000E-5
1.421210000E+9	1.530536000E-5
1.421213333E+9	1.501404000E-5
1.421216667E+9	1.495233000E-5
1.421220000E+9	1.507534000E-5
1.421223333E+9	1.517746000E-5
1.421226667E+9	1.501354000E-5
1.421230000E+9	1.492173000E-5
1.421233333E+9	1.512375000E-5
1.421236667E+9	1.505841000E-5
1.421240000E+9	1.512954000E-5
1.421243333E+9	1.523444000E-5
1.421246667E+9	1.477026000E-5
1.421250000E+9	1.503127000E-5
1.421253333E+9	1.466061000E-5
1.421256667E+9	1.469663000E-5
1.421260000E+9	1.489169000E-5
1.421263333E+9	1.488213000E-5
1.421266667E+9	1.513606000E-5
1.421270000E+9	1.499881000E-5
1.421273333E+9	1.483184000E-5
1.421276667E+9	1.503982000E-5
1.421280000E+9	1.497577000E-5
1.421283333E+9	1.503342000E-5
1.421286667E+9	1.481189000E-5
1.421290000E+9	1.504950000E-5
1.421293333E+9	1.518679000E-5
1.421296667E+9	1.500458000E-5
1.421300000E+9	1.492297000E-5
1.421303333E+9	1.493031000E-5
1.421306667E+9	1.506463000E-5
1.421310000E+9	1.482329000E-5
1.421313333E+9	1.480113000E-5
1.421316667E+9	1.518263000E-5
1.421320000E+9	1.462524000E-5
1.421323333E+9	1.480498000E-5
1.421326667E+9	1.519799000E-5
1.421330000E+9	1.500710000E-5
1.421333333E+9	1.529368000E-5
1.421336667E+9	1.493466000E-5
1.421340000E+9	1.519598000E-5
1.421343333E+9	1.484232000E-5
1.421346667E+9	1.513780000E-5
1.421350000E+9	1.455786000E-5
1.421353333E+9	1.516956000E-5
1.421356667E+9	1.528600000E-5
1.421360000E+9	1.504506000E-5
1.421363333E+9	1.484601000E-5
1.421366667E+9	1.547268000E-5
1.421370000E+9	1.515308000E-5
1.421373333E+9	1.464872000E-5
1.421376667E+9	1.476182000E-5
1.421380000E+9	1.466681000E-5
1.421383333E+9	1.499346000E-5
1.421386667E+9	1.476295000E-5
1.421390000E+9	1.522611000E-5
1.421393333E+9	1.543839000E-5
1.421396667E+9	1.485338000E-5
1.421400000E+9	1.498132000E-5
