Frequency, Hz	Amplitude, Volts
1.419400000E+9	2.188728000E-5
1.419403333E+9	2.113351000E-5
1.419406667E+9	2.143466000E-5
1.419410000E+9	2.125995000E-5
1.419413333E+9	2.146521000E-5
1.419416667E+9	2.088517000E-5
1.419420000E+9	2.129385000E-5
1.419423333E+9	2.161897000E-5
1.419426667E+9	2.133331000E-5
1.419430000E+9	2.142664000E-5
1.419433333E+9	2.164514000E-5
1.419436667E+9	2.147289000E-5
1.419440000E+9	2.155460000E-5
1.419443333E+9	2.146815000E-5
1.419446667E+9	2.264582000E-5
1.419450000E+9	2.355749000E-5
1.419453333E+9	2.399558000E-5
1.419456667E+9	2.256273000E-5
1.419460000E+9	2.127167000E-5
1.419463333E+9	2.154428000E-5
1.419466667E+9	2.125729000E-5
1.419470000E+9	2.138913000E-5
1.419473333E+9	2.123835000E-5
1.419476667E+9	2.142410000E-5
1.419480000E+9	2.161119000E-5
1.419483333E+9	2.118807000E-5
1.419486667E+9	2.144243000E-5
1.419490000E+9	2.117716000E-5
1.419493333E+9	2.146134000E-5
1.419496667E+9	2.165422000E-5
1.419500000E+9	2.100699000E-5
1.419503333E+9	2.161517000E-5
1.419506667E+9	2.117760000E-5
1.419510000E+9	2.160530000E-5
1.419513333E+9	2.127688000E-5
1.419516667E+9	2.187119000E-5
1.419520000E+9	2.183930000E-5
1.419523333E+9	2.086278000E-5
1.419526667E+9	2.144196000E-5
1.419530000E+9	2.163483000E-5
1.419533333E+9	2.138671000E-5
1.419536667E+9	2.100549000E-5
1.419540000E+9	2.152672000E-5
1.419543333E+9	2.127597000E-5
1.419546667E+9	2.115327000E-5
1.419550000E+9	2.132368000E-5
1.419553333E+9	2.145498000E-5
1.419556667E+9	2.158885000E-5
1.419560000E+9	2.133708000E-5
1.419563333E+9	2.158659000E-5
1.419566667E+9	2.134240000E-5
1.419570000E+9	2.134959000E-5
1.419573333E+9	2.124152000E-5
1.419576667E+9	2.126103000E-5
1.419580000E+9	2.120820000E-5
1.419583333E+9	2.127677000E-5
1.419586667E+9	2.161921000E-5
1.419590000E+9	2.183457000E-5
1.419593333E+9	2.152995000E-5
1.419596667E+9	2.159672000E-5
1.419600000E+9	2.109999000E-5
1.419603333E+9	2.161520000E-5
1.419606667E+9	2.144507000E-5
1.419610000E+9	2.185865000E-5
1.419613333E+9	2.123175000E-5
1.419616667E+9	2.145456000E-5
1.419620000E+9	2.154431000E-5
1.419623333E+9	2.101465000E-5
1.419626667E+9	2.180386000E-5
1.419630000E+9	2.086008000E-5
1.419633333E+9	2.150966000E-5
1.419636667E+9	2.165206000E-5
1.419640000E+9	2.165209000E-5
1.419643333E+9	2.138899000E-5
1.419646667E+9	2.099719000E-5
1.419650000E+9	2.132956000E-5
1.419653333E+9	2.139657000E-5
1.419656667E+9	2.169849000E-5
1.419660000E+9	2.140522000E-5
1.419663333E+9	2.167947000E-5
1.419666667E+9	2.137394000E-5
1.419670000E+9	2.120463000E-5
1.419673333E+9	2.157622000E-5
1.419676667E+9	2.156724000E-5
1.419680000E+9	2.093917000E-5
1.419683333E+9	2.177266000E-5
1.419686667E+9	2.113936000E-5
1.419690000E+9	2.141857000E-5
1.419693333E+9	2.155285000E-5
1.419696667E+9	2.100609000E-5
1.419700000E+9	2.140108000E-5
1.419703333E+9	2.131891000E-5
1.419706667E+9	2.149110000E-5
1.419710000E+9	2.120582000E-5
1.419713333E+9	2.127681000E-5
1.419716667E+9	2.174968000E-5
1.419720000E+9	2.108176000E-5
1.419723333E+9	2.145614000E-5
1.419726667E+9	2.211741000E-5
1.419730000E+9	2.193277000E-5
1.419733333E+9	2.365232000E-5
1.419736667E+9	2.162690000E-5
1.419740000E+9	2.278454000E-5
1.419743333E+9	2.262765000E-5
1.419746667E+9	2.481258000E-5
1.419750000E+9	2.221585000E-5
1.419753333E+9	2.226039000E-5
1.419756667E+9	2.168511000E-5
1.419760000E+9	2.174942000E-5
1.419763333E+9	2.175324000E-5
1.419766667E+9	2.172534000E-5
1.419770000E+9	2.154220000E-5
1.419773333E+9	2.197030000E-5
1.419776667E+9	2.113632000E-5
1.419780000E+9	2.176155000E-5
1.419783333E+9	2.125790000E-5
1.419786667E+9	2.115408000E-5
1.419790000E+9	2.136024000E-5
1.419793333E+9	2.174880000E-5
1.419796667E+9	2.128114000E-5
1.419800000E+9	2.162776000E-5
1.419803333E+9	2.172009000E-5
1.419806667E+9	2.151407000E-5
1.419810000E+9	2.148803000E-5
1.419813333E+9	2.141756000E-5
1.419816667E+9	2.155372000E-5
1.419820000E+9	2.207204000E-5
1.419823333E+9	2.202208000E-5
1.419826667E+9	2.146344000E-5
1.419830000E+9	2.137243000E-5
1.419833333E+9	2.151436000E-5
1.419836667E+9	2.105160000E-5
1.419840000E+9	2.168163000E-5
1.419843333E+9	2.153421000E-5
1.419846667E+9	2.205976000E-5
1.419850000E+9	2.155761000E-5
1.419853333E+9	2.161382000E-5
1.419856667E+9	2.126824000E-5
1.419860000E+9	2.132850000E-5
1.419863333E+9	2.135979000E-5
1.419866667E+9	2.169540000E-5
1.419870000E+9	2.179831000E-5
1.419873333E+9	2.184265000E-5
1.419876667E+9	2.108035000E-5
1.419880000E+9	2.156828000E-5
1.419883333E+9	2.162059000E-5
1.419886667E+9	2.175276000E-5
1.419890000E+9	2.163555000E-5
1.419893333E+9	2.208414000E-5
1.419896667E+9	2.123779000E-5
1.419900000E+9	2.177254000E-5
1.419903333E+9	2.203579000E-5
1.419906667E+9	2.198854000E-5
1.419910000E+9	2.157129000E-5
1.419913333E+9	2.215848000E-5
1.419916667E+9	2.161017000E-5
1.419920000E+9	2.150300000E-5
1.419923333E+9	2.171227000E-5
1.419926667E+9	2.200219000E-5
1.419930000E+9	2.154802000E-5
1.419933333E+9	2.147021000E-5
1.419936667E+9	2.127467000E-5
1.419940000E+9	2.153336000E-5
1.419943333E+9	2.185210000E-5
1.419946667E+9	2.155448000E-5
1.419950000E+9	2.157996000E-5
1.419953333E+9	2.203400000E-5
1.419956667E+9	2.176466000E-5
1.419960000E+9	2.179572000E-5
1.419963333E+9	2.185347000E-5
1.419966667E+9	2.165720000E-5
1.419970000E+9	2.158468000E-5
1.419973333E+9	2.141218000E-5
1.419976667E+9	2.172080000E-5
1.419980000E+9	2.226129000E-5
1.419983333E+9	2.184066000E-5
1.419986667E+9	2.164255000E-5
1.419990000E+9	2.154331000E-5
1.419993333E+9	2.158456000E-5
1.419996667E+9	2.178543000E-5
1.420000000E+9	2.220344000E-5
1.420003333E+9	2.162322000E-5
1.420006667E+9	2.174433000E-5
1.420010000E+9	2.136244000E-5
1.420013333E+9	2.158162000E-5
1.420016667E+9	2.213385000E-5
1.420020000E+9	2.261387000E-5
1.420023333E+9	2.162087000E-5
1.420026667E+9	2.205576000E-5
1.420030000E+9	2.220768000E-5
1.420033333E+9	2.292456000E-5
1.420036667E+9	2.274365000E-5
1.420040000E+9	2.465353000E-5
1.420043333E+9	2.243726000E-5
1.420046667E+9	2.212542000E-5
1.420050000E+9	2.173433000E-5
1.420053333E+9	2.198994000E-5
1.420056667E+9	2.140388000E-5
1.420060000E+9	2.173996000E-5
1.420063333E+9	2.187717000E-5
1.420066667E+9	2.188949000E-5
1.420070000E+9	2.193983000E-5
1.420073333E+9	2.172913000E-5
1.420076667E+9	2.140449000E-5
1.420080000E+9	2.175916000E-5
1.420083333E+9	2.146149000E-5
1.420086667E+9	2.151523000E-5
1.420090000E+9	2.156442000E-5
1.420093333E+9	2.180388000E-5
1.420096667E+9	2.141530000E-5
1.420100000E+9	2.144330000E-5
1.420103333E+9	2.162662000E-5
1.420106667E+9	2.164056000E-5
1.420110000E+9	2.166162000E-5
1.420113333E+9	2.182381000E-5
1.420116667E+9	2.187327000E-5
1.420120000E+9	2.234764000E-5
1.420123333E+9	2.138380000E-5
1.420126667E+9	2.177905000E-5
1.420130000E+9	2.173984000E-5
1.420133333E+9	2.154890000E-5
1.420136667E+9	2.170169000E-5
1.420140000E+9	2.177195000E-5
1.420143333E+9	2.168382000E-5
1.420146667E+9	2.180913000E-5
1.420150000E+9	2.159371000E-5
1.420153333E+9	2.219988000E-5
1.420156667E+9	2.191065000E-5
1.420160000E+9	2.164907000E-5
1.420163333E+9	2.188656000E-5
1.420166667E+9	2.184090000E-5
1.420170000E+9	2.172522000E-5
1.420173333E+9	2.164296000E-5
1.420176667E+9	2.153374000E-5
1.420180000E+9	2.143038000E-5
1.420183333E+9	2.171334000E-5
1.420186667E+9	2.193887000E-5
1.420190000E+9	2.207461000E-5
1.420193333E+9	2.162434000E-5
1.420196667E+9	2.223384000E-5
1.420200000E+9	2.198405000E-5
1.420203333E+9	2.146912000E-5
1.420206667E+9	2.178127000E-5
1.420210000E+9	2.166379000E-5
1.420213333E+9	2.158906000E-5
1.420216667E+9	2.214934000E-5
1.420220000E+9	2.205712000E-5
1.420223333E+9	2.163262000E-5
1.420226667E+9	2.200484000E-5
1.420230000E+9	2.176836000E-5
1.420233333E+9	2.128527000E-5
1.420236667E+9	2.179778000E-5
1.420240000E+9	2.173524000E-5
1.420243333E+9	2.186307000E-5
1.420246667E+9	2.190483000E-5
1.420250000E+9	2.241131000E-5
1.420253333E+9	2.164467000E-5
1.420256667E+9	2.163989000E-5
1.420260000E+9	2.182391000E-5
1.420263333E+9	2.216364000E-5
1.420266667E+9	2.174999000E-5
1.420270000E+9	2.133373000E-5
1.420273333E+9	2.145373000E-5
1.420276667E+9	2.197030000E-5
1.420280000E+9	2.174376000E-5
1.420283333E+9	2.183438000E-5
1.420286667E+9	2.215690000E-5
1.420290000E+9	2.194274000E-5
1.420293333E+9	2.163735000E-5
1.420296667E+9	2.168544000E-5
1.420300000E+9	2.154346000E-5
1.420303333E+9	2.177804000E-5
1.420306667E+9	2.211850000E-5
1.420310000E+9	2.268370000E-5
1.420313333E+9	2.265323000E-5
1.420316667E+9	2.199091000E-5
1.420320000E+9	2.219893000E-5
1.420323333E+9	2.220505000E-5
1.420326667E+9	2.369047000E-5
1.420330000E+9	2.261879000E-5
1.420333333E+9	2.485383000E-5
1.420336667E+9	2.255654000E-5
1.420340000E+9	2.225279000E-5
1.420343333E+9	2.180640000E-5
1.420346667E+9	2.189853000E-5
1.420350000E+9	2.164496000E-5
1.420353333E+9	2.205816000E-5
1.420356667E+9	2.204559000E-5
1.420360000E+9	2.175723000E-5
1.420363333E+9	2.178661000E-5
1.420366667E+9	2.206867000E-5
1.420370000E+9	2.165503000E-5
1.420373333E+9	2.204293000E-5
1.420376667E+9	2.188178000E-5
1.420380000E+9	2.230952000E-5
1.420383333E+9	2.205814000E-5
1.420386667E+9	2.171589000E-5
1.420390000E+9	2.177156000E-5
1.420393333E+9	2.170395000E-5
1.420396667E+9	2.238944000E-5
1.420400000E+9	2.221595000E-5
1.420403333E+9	2.140372000E-5
1.420406667E+9	2.190986000E-5
1.420410000E+9	2.188389000E-5
1.420413333E+9	2.231547000E-5
1.420416667E+9	2.199079000E-5
1.420420000E+9	2.189396000E-5
1.420423333E+9	2.178118000E-5
1.420426667E+9	2.223120000E-5
1.420430000E+9	2.236556000E-5
1.420433333E+9	2.153825000E-5
1.420436667E+9	2.175598000E-5
1.420440000E+9	2.213524000E-5
1.420443333E+9	2.229314000E-5
1.420446667E+9	2.209968000E-5
1.420450000E+9	2.204734000E-5
1.420453333E+9	2.211685000E-5
1.420456667E+9	2.211367000E-5
1.420460000E+9	2.183774000E-5
1.420463333E+9	2.230950000E-5
1.420466667E+9	2.190916000E-5
1.420470000E+9	2.192242000E-5
1.420473333E+9	2.226633000E-5
1.420476667E+9	2.197807000E-5
1.420480000E+9	2.221549000E-5
1.420483333E+9	2.168628000E-5
1.420486667E+9	2.201202000E-5
1.420490000E+9	2.203920000E-5
1.420493333E+9	2.204107000E-5
1.420496667E+9	2.200770000E-5
1.420500000E+9	2.236453000E-5
1.420503333E+9	2.163745000E-5
1.420506667E+9	2.149637000E-5
1.420510000E+9	2.214034000E-5
1.420513333E+9	2.156729000E-5
1.420516667E+9	2.253503000E-5
1.420520000E+9	2.229522000E-5
1.420523333E+9	2.206787000E-5
1.420526667E+9	2.211347000E-5
1.420530000E+9	2.191700000E-5
1.420533333E+9	2.202498000E-5
1.420536667E+9	2.194077000E-5
1.420540000E+9	2.216362000E-5
1.420543333E+9	2.178034000E-5
1.420546667E+9	2.218375000E-5
1.420550000E+9	2.221644000E-5
1.420553333E+9	2.192651000E-5
1.420556667E+9	2.179453000E-5
1.420560000E+9	2.239389000E-5
1.420563333E+9	2.176243000E-5
1.420566667E+9	2.204540000E-5
1.420570000E+9	2.240511000E-5
1.420573333E+9	2.209932000E-5
1.420576667E+9	2.194951000E-5
1.420580000E+9	2.195812000E-5
1.420583333E+9	2.197194000E-5
1.420586667E+9	2.191089000E-5
1.420590000E+9	2.200912000E-5
1.420593333E+9	2.212377000E-5
1.420596667E+9	2.221005000E-5
1.420600000E+9	2.216345000E-5
1.420603333E+9	2.267374000E-5
1.420606667E+9	2.241150000E-5
1.420610000E+9	2.212549000E-5
1.420613333E+9	2.220837000E-5
1.420616667E+9	2.236905000E-5
1.420620000E+9	2.421166000E-5
1.420623333E+9	2.327634000E-5
1.420626667E+9	2.711892000E-5
1.420630000E+9	2.238578000E-5
1.420633333E+9	2.251801000E-5
1.420636667E+9	2.225127000E-5
1.420640000E+9	2.240831000E-5
1.420643333E+9	2.197372000E-5
1.420646667E+9	2.175627000E-5
1.420650000E+9	2.200842000E-5
1.420653333E+9	2.217068000E-5
1.420656667E+9	2.185762000E-5
1.420660000E+9	2.245411000E-5
1.420663333E+9	2.232214000E-5
1.420666667E+9	2.231116000E-5
1.420670000E+9	2.213876000E-5
1.420673333E+9	2.195393000E-5
1.420676667E+9	2.135374000E-5
1.420680000E+9	2.191104000E-5
1.420683333E+9	2.223020000E-5
1.420686667E+9	2.212251000E-5
1.420690000E+9	2.160258000E-5
1.420693333E+9	2.200199000E-5
1.420696667E+9	2.224868000E-5
1.420700000E+9	2.244625000E-5
1.420703333E+9	2.178682000E-5
1.420706667E+9	2.198794000E-5
1.420710000E+9	2.240292000E-5
1.420713333E+9	2.196509000E-5
1.420716667E+9	2.216182000E-5
1.420720000E+9	2.166383000E-5
1.420723333E+9	2.180611000E-5
1.420726667E+9	2.175766000E-5
1.420730000E+9	2.169690000E-5
1.420733333E+9	2.215627000E-5
1.420736667E+9	2.240626000E-5
1.420740000E+9	2.181188000E-5
1.420743333E+9	2.198741000E-5
1.420746667E+9	2.196767000E-5
1.420750000E+9	2.199975000E-5
1.420753333E+9	2.205440000E-5
1.420756667E+9	2.212025000E-5
1.420760000E+9	2.178723000E-5
1.420763333E+9	2.206262000E-5
1.420766667E+9	2.179431000E-5
1.420770000E+9	2.211413000E-5
1.420773333E+9	2.223638000E-5
1.420776667E+9	2.234144000E-5
1.420780000E+9	2.207253000E-5
1.420783333E+9	2.212129000E-5
1.420786667E+9	2.175852000E-5
1.420790000E+9	2.175353000E-5
1.420793333E+9	2.222598000E-5
1.420796667E+9	2.192911000E-5
1.420800000E+9	2.221763000E-5
1.420803333E+9	2.231280000E-5
1.420806667E+9	2.224710000E-5
1.420810000E+9	2.169461000E-5
1.420813333E+9	2.157892000E-5
1.420816667E+9	2.181782000E-5
1.420820000E+9	2.218770000E-5
1.420823333E+9	2.227293000E-5
1.420826667E+9	2.172460000E-5
1.420830000E+9	2.197696000E-5
1.420833333E+9	2.236448000E-5
1.420836667E+9	2.185429000E-5
1.420840000E+9	2.224346000E-5
1.420843333E+9	2.235648000E-5
1.420846667E+9	2.207905000E-5
1.420850000E+9	2.204124000E-5
1.420853333E+9	2.238089000E-5
1.420856667E+9	2.212416000E-5
1.420860000E+9	2.220129000E-5
1.420863333E+9	2.230976000E-5
1.420866667E+9	2.253431000E-5
1.420870000E+9	2.216306000E-5
1.420873333E+9	2.267003000E-5
1.420876667E+9	2.176189000E-5
1.420880000E+9	2.181581000E-5
1.420883333E+9	2.225983000E-5
1.420886667E+9	2.207105000E-5
1.420890000E+9	2.230413000E-5
1.420893333E+9	2.257133000E-5
1.420896667E+9	2.399097000E-5
1.420900000E+9	2.290252000E-5
1.420903333E+9	2.253896000E-5
1.420906667E+9	2.226926000E-5
1.420910000E+9	2.214851000E-5
1.420913333E+9	2.719836000E-5
1.420916667E+9	2.759456000E-5
1.420920000E+9	3.371769000E-5
1.420923333E+9	2.306909000E-5
1.420926667E+9	2.405947000E-5
1.420930000E+9	2.280103000E-5
1.420933333E+9	2.202798000E-5
1.420936667E+9	2.228866000E-5
1.420940000E+9	2.242866000E-5
1.420943333E+9	2.228937000E-5
1.420946667E+9	2.232523000E-5
1.420950000E+9	2.228237000E-5
1.420953333E+9	2.223701000E-5
1.420956667E+9	2.210573000E-5
1.420960000E+9	2.216576000E-5
1.420963333E+9	2.200547000E-5
1.420966667E+9	2.213290000E-5
1.420970000E+9	2.232626000E-5
1.420973333E+9	2.176327000E-5
1.420976667E+9	2.182522000E-5
1.420980000E+9	2.246588000E-5
1.420983333E+9	2.211775000E-5
1.420986667E+9	2.268885000E-5
1.420990000E+9	2.239790000E-5
1.420993333E+9	2.235697000E-5
1.420996667E+9	2.215469000E-5
1.421000000E+9	2.216844000E-5
1.421003333E+9	2.204947000E-5
1.421006667E+9	2.220871000E-5
1.421010000E+9	2.210954000E-5
1.421013333E+9	2.248285000E-5
1.421016667E+9	2.164410000E-5
1.421020000E+9	2.243019000E-5
1.421023333E+9	2.214071000E-5
1.421026667E+9	2.221932000E-5
1.421030000E+9	2.256610000E-5
1.421033333E+9	2.267832000E-5
1.421036667E+9	2.248118000E-5
1.421040000E+9	2.207296000E-5
1.421043333E+9	2.200252000E-5
1.421046667E+9	2.227300000E-5
1.421050000E+9	2.219540000E-5
1.421053333E+9	2.192769000E-5
1.421056667E+9	2.249164000E-5
1.421060000E+9	2.261675000E-5
1.421063333E+9	2.230313000E-5
1.421066667E+9	2.238657000E-5
1.421070000E+9	2.226137000E-5
1.421073333E+9	2.236210000E-5
1.421076667E+9	2.202140000E-5
1.421080000E+9	2.274497000E-5
1.421083333E+9	2.252528000E-5
1.421086667E+9	2.195164000E-5
1.421090000E+9	2.246215000E-5
1.421093333E+9	2.255069000E-5
1.421096667E+9	2.195933000E-5
1.421100000E+9	2.285198000E-5
1.421103333E+9	2.213473000E-5
1.421106667E+9	2.253010000E-5
1.421110000E+9	2.247306000E-5
1.421113333E+9	2.235056000E-5
1.421116667E+9	2.224922000E-5
1.421120000E+9	2.210762000E-5
1.421123333E+9	2.252367000E-5
1.421126667E+9	2.293947000E-5
1.421130000E+9	2.287802000E-5
1.421133333E+9	2.260630000E-5
1.421136667E+9	2.263235000E-5
1.421140000E+9	2.260349000E-5
1.421143333E+9	2.220093000E-5
1.421146667E+9	2.240272000E-5
1.421150000E+9	2.260769000E-5
1.421153333E+9	2.248443000E-5
1.421156667E+9	2.263662000E-5
1.421160000E+9	2.219135000E-5
1.421163333E+9	2.222293000E-5
1.421166667E+9	2.289332000E-5
1.421170000E+9	2.247392000E-5
1.421173333E+9	2.227425000E-5
1.421176667E+9	2.284145000E-5
1.421180000E+9	2.261707000E-5
1.421183333E+9	2.226618000E-5
1.421186667E+9	2.230242000E-5
1.421190000E+9	2.275264000E-5
1.421193333E+9	2.233979000E-5
1.421196667E+9	2.266284000E-5
1.421200000E+9	2.274407000E-5
1.421203333E+9	2.285698000E-5
1.421206667E+9	2.394245000E-5
1.421210000E+9	2.434888000E-5
1.421213333E+9	2.612019000E-5
1.421216667E+9	2.254020000E-5
1.421220000E+9	2.340363000E-5
1.421223333E+9	2.233491000E-5
1.421226667E+9	2.252026000E-5
1.421230000E+9	2.263692000E-5
1.421233333E+9	2.267558000E-5
1.421236667E+9	2.258166000E-5
1.421240000E+9	2.217172000E-5
1.421243333E+9	2.253787000E-5
1.421246667E+9	2.234941000E-5
1.421250000E+9	2.231829000E-5
1.421253333E+9	2.212707000E-5
1.421256667E+9	2.249505000E-5
1.421260000E+9	2.237976000E-5
1.421263333E+9	2.241192000E-5
1.421266667E+9	2.250580000E-5
1.421270000E+9	2.251062000E-5
1.421273333E+9	2.257418000E-5
1.421276667E+9	2.265791000E-5
1.421280000E+9	2.267371000E-5
1.421283333E+9	2.267175000E-5
1.421286667E+9	2.258598000E-5
1.421290000E+9	2.268116000E-5
1.421293333E+9	2.241022000E-5
1.421296667E+9	2.293450000E-5
1.421300000E+9	2.284453000E-5
1.421303333E+9	2.233778000E-5
1.421306667E+9	2.225386000E-5
1.421310000E+9	2.223003000E-5
1.421313333E+9	2.263739000E-5
1.421316667E+9	2.282490000E-5
1.421320000E+9	2.240294000E-5
1.421323333E+9	2.241788000E-5
1.421326667E+9	2.325591000E-5
1.421330000E+9	2.294594000E-5
1.421333333E+9	2.266453000E-5
1.421336667E+9	2.275419000E-5
1.421340000E+9	2.294251000E-5
1.421343333E+9	2.363365000E-5
1.421346667E+9	2.325912000E-5
1.421350000E+9	2.289438000E-5
1.421353333E+9	2.276893000E-5
1.421356667E+9	2.310719000E-5
1.421360000E+9	2.329603000E-5
1.421363333E+9	2.375642000E-5
1.421366667E+9	2.536700000E-5
1.421370000E+9	2.287709000E-5
1.421373333E+9	2.239035000E-5
1.421376667E+9	2.237349000E-5
1.421380000E+9	2.241825000E-5
1.421383333E+9	2.281120000E-5
1.421386667E+9	2.233074000E-5
1.421390000E+9	2.226315000E-5
1.421393333E+9	2.210124000E-5
1.421396667E+9	2.260841000E-5
1.421400000E+9	2.285083000E-5
