Frequency, Hz	Amplitude, Volts
1.419400000E+9	1.494788000E-5
1.419403333E+9	1.498349000E-5
1.419406667E+9	1.509722000E-5
1.419410000E+9	1.477124000E-5
1.419413333E+9	1.558727000E-5
1.419416667E+9	1.548405000E-5
1.419420000E+9	1.503859000E-5
1.419423333E+9	1.478536000E-5
1.419426667E+9	1.495574000E-5
1.419430000E+9	1.507201000E-5
1.419433333E+9	1.530916000E-5
1.419436667E+9	1.541798000E-5
1.419440000E+9	1.513079000E-5
1.419443333E+9	1.508303000E-5
1.419446667E+9	1.518586000E-5
1.419450000E+9	1.613679000E-5
1.419453333E+9	1.565171000E-5
1.419456667E+9	1.525541000E-5
1.419460000E+9	1.511639000E-5
1.419463333E+9	1.512677000E-5
1.419466667E+9	1.509331000E-5
1.419470000E+9	1.485529000E-5
1.419473333E+9	1.487057000E-5
1.419476667E+9	1.533192000E-5
1.419480000E+9	1.524888000E-5
1.419483333E+9	1.513739000E-5
1.419486667E+9	1.480986000E-5
1.419490000E+9	1.517989000E-5
1.419493333E+9	1.485542000E-5
1.419496667E+9	1.512290000E-5
1.419500000E+9	1.485108000E-5
1.419503333E+9	1.532971000E-5
1.419506667E+9	1.503297000E-5
1.419510000E+9	1.530632000E-5
1.419513333E+9	1.519675000E-5
1.419516667E+9	1.474944000E-5
1.419520000E+9	1.509942000E-5
1.419523333E+9	1.511189000E-5
1.419526667E+9	1.526386000E-5
1.419530000E+9	1.495895000E-5
1.419533333E+9	1.467683000E-5
1.419536667E+9	1.496545000E-5
1.419540000E+9	1.518995000E-5
1.419543333E+9	1.474834000E-5
1.419546667E+9	1.480657000E-5
1.419550000E+9	1.512031000E-5
1.419553333E+9	1.492808000E-5
1.419556667E+9	1.508045000E-5
1.419560000E+9	1.528835000E-5
1.419563333E+9	1.530907000E-5
1.419566667E+9	1.522588000E-5
1.419570000E+9	1.495586000E-5
1.419573333E+9	1.499229000E-5
1.419576667E+9	1.518426000E-5
1.419580000E+9	1.521717000E-5
1.419583333E+9	1.492417000E-5
1.419586667E+9	1.484311000E-5
1.419590000E+9	1.509382000E-5
1.419593333E+9	1.529640000E-5
1.419596667E+9	1.527370000E-5
1.419600000E+9	1.518564000E-5
1.419603333E+9	1.518213000E-5
1.419606667E+9	1.501489000E-5
1.419610000E+9	1.478738000E-5
1.419613333E+9	1.510226000E-5
1.419616667E+9	1.499912000E-5
1.419620000E+9	1.508706000E-5
1.419623333E+9	1.503860000E-5
1.419626667E+9	1.500499000E-5
1.419630000E+9	1.518990000E-5
1.419633333E+9	1.493125000E-5
1.419636667E+9	1.517918000E-5
1.419640000E+9	1.520742000E-5
1.419643333E+9	1.508092000E-5
1.419646667E+9	1.513576000E-5
1.419650000E+9	1.516913000E-5
1.419653333E+9	1.497185000E-5
1.419656667E+9	1.512516000E-5
1.419660000E+9	1.520451000E-5
1.419663333E+9	1.489135000E-5
1.419666667E+9	1.511603000E-5
1.419670000E+9	1.524292000E-5
1.419673333E+9	1.473089000E-5
1.419676667E+9	1.492803000E-5
1.419680000E+9	1.486392000E-5
1.419683333E+9	1.476973000E-5
1.419686667E+9	1.482663000E-5
1.419690000E+9	1.516170000E-5
1.419693333E+9	1.487940000E-5
1.419696667E+9	1.493645000E-5
1.419700000E+9	1.479235000E-5
1.419703333E+9	1.499610000E-5
1.419706667E+9	1.522207000E-5
1.419710000E+9	1.498887000E-5
1.419713333E+9	1.511282000E-5
1.419716667E+9	1.517619000E-5
1.419720000E+9	1.523061000E-5
1.419723333E+9	1.491680000E-5
1.419726667E+9	1.477667000E-5
1.419730000E+9	1.488084000E-5
1.419733333E+9	1.633275000E-5
1.419736667E+9	1.493590000E-5
1.419740000E+9	1.503890000E-5
1.419743333E+9	1.605653000E-5
1.419746667E+9	1.533702000E-5
1.419750000E+9	1.536510000E-5
1.419753333E+9	1.583656000E-5
1.419756667E+9	1.526592000E-5
1.419760000E+9	1.511033000E-5
1.419763333E+9	1.544902000E-5
1.419766667E+9	1.472907000E-5
1.419770000E+9	1.486255000E-5
1.419773333E+9	1.519151000E-5
1.419776667E+9	1.527952000E-5
1.419780000E+9	1.531289000E-5
1.419783333E+9	1.524778000E-5
1.419786667E+9	1.502076000E-5
1.419790000E+9	1.485071000E-5
1.419793333E+9	1.501102000E-5
1.419796667E+9	1.508100000E-5
1.419800000E+9	1.477524000E-5
1.419803333E+9	1.505658000E-5
1.419806667E+9	1.495576000E-5
1.419810000E+9	1.482041000E-5
1.419813333E+9	1.537254000E-5
1.419816667E+9	1.498997000E-5
1.419820000E+9	1.510282000E-5
1.419823333E+9	1.472614000E-5
1.419826667E+9	1.497717000E-5
1.419830000E+9	1.529022000E-5
1.419833333E+9	1.499578000E-5
1.419836667E+9	1.468252000E-5
1.419840000E+9	1.498421000E-5
1.419843333E+9	1.483893000E-5
1.419846667E+9	1.481661000E-5
1.419850000E+9	1.508655000E-5
1.419853333E+9	1.488042000E-5
1.419856667E+9	1.509171000E-5
1.419860000E+9	1.461668000E-5
1.419863333E+9	1.523014000E-5
1.419866667E+9	1.463571000E-5
1.419870000E+9	1.503292000E-5
1.419873333E+9	1.478099000E-5
1.419876667E+9	1.483285000E-5
1.419880000E+9	1.472685000E-5
1.419883333E+9	1.515867000E-5
1.419886667E+9	1.517858000E-5
1.419890000E+9	1.496044000E-5
1.419893333E+9	1.501747000E-5
1.419896667E+9	1.489766000E-5
1.419900000E+9	1.530622000E-5
1.419903333E+9	1.525134000E-5
1.419906667E+9	1.493986000E-5
1.419910000E+9	1.473405000E-5
1.419913333E+9	1.526263000E-5
1.419916667E+9	1.481826000E-5
1.419920000E+9	1.506132000E-5
1.419923333E+9	1.497321000E-5
1.419926667E+9	1.492771000E-5
1.419930000E+9	1.531743000E-5
1.419933333E+9	1.511500000E-5
1.419936667E+9	1.482853000E-5
1.419940000E+9	1.482629000E-5
1.419943333E+9	1.523983000E-5
1.419946667E+9	1.501405000E-5
1.419950000E+9	1.494375000E-5
1.419953333E+9	1.472069000E-5
1.419956667E+9	1.498869000E-5
1.419960000E+9	1.526183000E-5
1.419963333E+9	1.495840000E-5
1.419966667E+9	1.541330000E-5
1.419970000E+9	1.508658000E-5
1.419973333E+9	1.521866000E-5
1.419976667E+9	1.509848000E-5
1.419980000E+9	1.558290000E-5
1.419983333E+9	1.510141000E-5
1.419986667E+9	1.493495000E-5
1.419990000E+9	1.522245000E-5
1.419993333E+9	1.513725000E-5
1.419996667E+9	1.497775000E-5
1.420000000E+9	1.599929000E-5
1.420003333E+9	1.628190000E-5
1.420006667E+9	1.505616000E-5
1.420010000E+9	1.517168000E-5
1.420013333E+9	1.518935000E-5
1.420016667E+9	1.524513000E-5
1.420020000E+9	1.493833000E-5
1.420023333E+9	1.520967000E-5
1.420026667E+9	1.535550000E-5
1.420030000E+9	1.470732000E-5
1.420033333E+9	1.546285000E-5
1.420036667E+9	1.560792000E-5
1.420040000E+9	1.509564000E-5
1.420043333E+9	1.508277000E-5
1.420046667E+9	1.472945000E-5
1.420050000E+9	1.555378000E-5
1.420053333E+9	1.513976000E-5
1.420056667E+9	1.491608000E-5
1.420060000E+9	1.457138000E-5
1.420063333E+9	1.493923000E-5
1.420066667E+9	1.505220000E-5
1.420070000E+9	1.489899000E-5
1.420073333E+9	1.524142000E-5
1.420076667E+9	1.493512000E-5
1.420080000E+9	1.485681000E-5
1.420083333E+9	1.483924000E-5
1.420086667E+9	1.523334000E-5
1.420090000E+9	1.496269000E-5
1.420093333E+9	1.529926000E-5
1.420096667E+9	1.483866000E-5
1.420100000E+9	1.529110000E-5
1.420103333E+9	1.513501000E-5
1.420106667E+9	1.507103000E-5
1.420110000E+9	1.498701000E-5
1.420113333E+9	1.507931000E-5
1.420116667E+9	1.497497000E-5
1.420120000E+9	1.488926000E-5
1.420123333E+9	1.541554000E-5
1.420126667E+9	1.489464000E-5
1.420130000E+9	1.504182000E-5
1.420133333E+9	1.504361000E-5
1.420136667E+9	1.487062000E-5
1.420140000E+9	1.518593000E-5
1.420143333E+9	1.482406000E-5
1.420146667E+9	1.514344000E-5
1.420150000E+9	1.481316000E-5
1.420153333E+9	1.480404000E-5
1.420156667E+9	1.513217000E-5
1.420160000E+9	1.497088000E-5
1.420163333E+9	1.485834000E-5
1.420166667E+9	1.505306000E-5
1.420170000E+9	1.495133000E-5
1.420173333E+9	1.507270000E-5
1.420176667E+9	1.487501000E-5
1.420180000E+9	1.487151000E-5
1.420183333E+9	1.467014000E-5
1.420186667E+9	1.515455000E-5
1.420190000E+9	1.463259000E-5
1.420193333E+9	1.503329000E-5
1.420196667E+9	1.493403000E-5
1.420200000E+9	1.481908000E-5
1.420203333E+9	1.496588000E-5
1.420206667E+9	1.462098000E-5
1.420210000E+9	1.498151000E-5
1.420213333E+9	1.506339000E-5
1.420216667E+9	1.487653000E-5
1.420220000E+9	1.507641000E-5
1.420223333E+9	1.473491000E-5
1.420226667E+9	1.508968000E-5
1.420230000E+9	1.496662000E-5
1.420233333E+9	1.514186000E-5
1.420236667E+9	1.512604000E-5
1.420240000E+9	1.537938000E-5
1.420243333E+9	1.505243000E-5
1.420246667E+9	1.515391000E-5
1.420250000E+9	1.516029000E-5
1.420253333E+9	1.482539000E-5
1.420256667E+9	1.508628000E-5
1.420260000E+9	1.515491000E-5
1.420263333E+9	1.500321000E-5
1.420266667E+9	1.511818000E-5
1.420270000E+9	1.490121000E-5
1.420273333E+9	1.533855000E-5
1.420276667E+9	1.511430000E-5
1.420280000E+9	1.509531000E-5
1.420283333E+9	1.492358000E-5
1.420286667E+9	1.493761000E-5
1.420290000E+9	1.491910000E-5
1.420293333E+9	1.500861000E-5
1.420296667E+9	1.586128000E-5
1.420300000E+9	1.549114000E-5
1.420303333E+9	1.536235000E-5
1.420306667E+9	1.503943000E-5
1.420310000E+9	1.571048000E-5
1.420313333E+9	1.550869000E-5
1.420316667E+9	1.528281000E-5
1.420320000E+9	1.536262000E-5
1.420323333E+9	1.513119000E-5
1.420326667E+9	1.524187000E-5
1.420330000E+9	1.563602000E-5
1.420333333E+9	1.505927000E-5
1.420336667E+9	1.523538000E-5
1.420340000E+9	1.514630000E-5
1.420343333E+9	1.490935000E-5
1.420346667E+9	1.533803000E-5
1.420350000E+9	1.544759000E-5
1.420353333E+9	1.508535000E-5
1.420356667E+9	1.508515000E-5
1.420360000E+9	1.527871000E-5
1.420363333E+9	1.516838000E-5
1.420366667E+9	1.527616000E-5
1.420370000E+9	1.517874000E-5
1.420373333E+9	1.509503000E-5
1.420376667E+9	1.551116000E-5
1.420380000E+9	1.503598000E-5
1.420383333E+9	1.528870000E-5
1.420386667E+9	1.572389000E-5
1.420390000E+9	1.539605000E-5
1.420393333E+9	1.577583000E-5
1.420396667E+9	1.583456000E-5
1.420400000E+9	1.592155000E-5
1.420403333E+9	1.575945000E-5
1.420406667E+9	1.621016000E-5
1.420410000E+9	1.611695000E-5
1.420413333E+9	1.626673000E-5
1.420416667E+9	1.654392000E-5
1.420420000E+9	1.655367000E-5
1.420423333E+9	1.610328000E-5
1.420426667E+9	1.666100000E-5
1.420430000E+9	1.699072000E-5
1.420433333E+9	1.688536000E-5
1.420436667E+9	1.676963000E-5
1.420440000E+9	1.684896000E-5
1.420443333E+9	1.751246000E-5
1.420446667E+9	1.720952000E-5
1.420450000E+9	1.701784000E-5
1.420453333E+9	1.679891000E-5
1.420456667E+9	1.670095000E-5
1.420460000E+9	1.735845000E-5
1.420463333E+9	1.684600000E-5
1.420466667E+9	1.701529000E-5
1.420470000E+9	1.660145000E-5
1.420473333E+9	1.678960000E-5
1.420476667E+9	1.679556000E-5
1.420480000E+9	1.678903000E-5
1.420483333E+9	1.689488000E-5
1.420486667E+9	1.643412000E-5
1.420490000E+9	1.670678000E-5
1.420493333E+9	1.647692000E-5
1.420496667E+9	1.719284000E-5
1.420500000E+9	1.702648000E-5
1.420503333E+9	1.678090000E-5
1.420506667E+9	1.663094000E-5
1.420510000E+9	1.645560000E-5
1.420513333E+9	1.658622000E-5
1.420516667E+9	1.641698000E-5
1.420520000E+9	1.628600000E-5
1.420523333E+9	1.629600000E-5
1.420526667E+9	1.605768000E-5
1.420530000E+9	1.614659000E-5
1.420533333E+9	1.643300000E-5
1.420536667E+9	1.624423000E-5
1.420540000E+9	1.622401000E-5
1.420543333E+9	1.609158000E-5
1.420546667E+9	1.593976000E-5
1.420550000E+9	1.611430000E-5
1.420553333E+9	1.615513000E-5
1.420556667E+9	1.608374000E-5
1.420560000E+9	1.580855000E-5
1.420563333E+9	1.620183000E-5
1.420566667E+9	1.577800000E-5
1.420570000E+9	1.577154000E-5
1.420573333E+9	1.555195000E-5
1.420576667E+9	1.590813000E-5
1.420580000E+9	1.597699000E-5
1.420583333E+9	1.560059000E-5
1.420586667E+9	1.569660000E-5
1.420590000E+9	1.779465000E-5
1.420593333E+9	1.645192000E-5
1.420596667E+9	1.581359000E-5
1.420600000E+9	1.569953000E-5
1.420603333E+9	1.615169000E-5
1.420606667E+9	1.597097000E-5
1.420610000E+9	1.648979000E-5
1.420613333E+9	1.585665000E-5
1.420616667E+9	1.593666000E-5
1.420620000E+9	1.630589000E-5
1.420623333E+9	1.668033000E-5
1.420626667E+9	1.620550000E-5
1.420630000E+9	1.626289000E-5
1.420633333E+9	1.599263000E-5
1.420636667E+9	1.624869000E-5
1.420640000E+9	1.597834000E-5
1.420643333E+9	1.625593000E-5
1.420646667E+9	1.635723000E-5
1.420650000E+9	1.596233000E-5
1.420653333E+9	1.603016000E-5
1.420656667E+9	1.635694000E-5
1.420660000E+9	1.594982000E-5
1.420663333E+9	1.635317000E-5
1.420666667E+9	1.605257000E-5
1.420670000E+9	1.618279000E-5
1.420673333E+9	1.623996000E-5
1.420676667E+9	1.590289000E-5
1.420680000E+9	1.565211000E-5
1.420683333E+9	1.621677000E-5
1.420686667E+9	1.599465000E-5
1.420690000E+9	1.593057000E-5
1.420693333E+9	1.586632000E-5
1.420696667E+9	1.582519000E-5
1.420700000E+9	1.631318000E-5
1.420703333E+9	1.569239000E-5
1.420706667E+9	1.554901000E-5
1.420710000E+9	1.601039000E-5
1.420713333E+9	1.593407000E-5
1.420716667E+9	1.626473000E-5
1.420720000E+9	1.603418000E-5
1.420723333E+9	1.592893000E-5
1.420726667E+9	1.575503000E-5
1.420730000E+9	1.578718000E-5
1.420733333E+9	1.577601000E-5
1.420736667E+9	1.572703000E-5
1.420740000E+9	1.594385000E-5
1.420743333E+9	1.568552000E-5
1.420746667E+9	1.577706000E-5
1.420750000E+9	1.578068000E-5
1.420753333E+9	1.553352000E-5
1.420756667E+9	1.627972000E-5
1.420760000E+9	1.632212000E-5
1.420763333E+9	1.584739000E-5
1.420766667E+9	1.564112000E-5
1.420770000E+9	1.590771000E-5
1.420773333E+9	1.573340000E-5
1.420776667E+9	1.578183000E-5
1.420780000E+9	1.602661000E-5
1.420783333E+9	1.604065000E-5
1.420786667E+9	1.619751000E-5
1.420790000E+9	1.602495000E-5
1.420793333E+9	1.628476000E-5
1.420796667E+9	1.632549000E-5
1.420800000E+9	1.664712000E-5
1.420803333E+9	1.601837000E-5
1.420806667E+9	1.588239000E-5
1.420810000E+9	1.589797000E-5
1.420813333E+9	1.629539000E-5
1.420816667E+9	1.614703000E-5
1.420820000E+9	1.624815000E-5
1.420823333E+9	1.639303000E-5
1.420826667E+9	1.579100000E-5
1.420830000E+9	1.581734000E-5
1.420833333E+9	1.606173000E-5
1.420836667E+9	1.584290000E-5
1.420840000E+9	1.585716000E-5
1.420843333E+9	1.569920000E-5
1.420846667E+9	1.584047000E-5
1.420850000E+9	1.576430000E-5
1.420853333E+9	1.582819000E-5
1.420856667E+9	1.537877000E-5
1.420860000E+9	1.577613000E-5
1.420863333E+9	1.582543000E-5
1.420866667E+9	1.583901000E-5
1.420870000E+9	1.604930000E-5
1.420873333E+9	1.589895000E-5
1.420876667E+9	1.548356000E-5
1.420880000E+9	1.560676000E-5
1.420883333E+9	1.958070000E-5
1.420886667E+9	1.870443000E-5
1.420890000E+9	1.573136000E-5
1.420893333E+9	1.537882000E-5
1.420896667E+9	1.555210000E-5
1.420900000E+9	1.582019000E-5
1.420903333E+9	1.605849000E-5
1.420906667E+9	1.688659000E-5
1.420910000E+9	1.587388000E-5
1.420913333E+9	1.724739000E-5
1.420916667E+9	1.656648000E-5
1.420920000E+9	1.591685000E-5
1.420923333E+9	1.583831000E-5
1.420926667E+9	1.542898000E-5
1.420930000E+9	1.571362000E-5
1.420933333E+9	1.542793000E-5
1.420936667E+9	1.548660000E-5
1.420940000E+9	1.540806000E-5
1.420943333E+9	1.581857000E-5
1.420946667E+9	1.560861000E-5
1.420950000E+9	1.533820000E-5
1.420953333E+9	1.505544000E-5
1.420956667E+9	1.519175000E-5
1.420960000E+9	1.520743000E-5
1.420963333E+9	1.544481000E-5
1.420966667E+9	1.536511000E-5
1.420970000E+9	1.514332000E-5
1.420973333E+9	1.521393000E-5
1.420976667E+9	1.526932000E-5
1.420980000E+9	1.486853000E-5
1.420983333E+9	1.545638000E-5
1.420986667E+9	1.547105000E-5
1.420990000E+9	1.577722000E-5
1.420993333E+9	1.525960000E-5
1.420996667E+9	1.523938000E-5
1.421000000E+9	1.497038000E-5
1.421003333E+9	1.528519000E-5
1.421006667E+9	1.515761000E-5
1.421010000E+9	1.552607000E-5
1.421013333E+9	1.503312000E-5
1.421016667E+9	1.539113000E-5
1.421020000E+9	1.533916000E-5
1.421023333E+9	1.502319000E-5
1.421026667E+9	1.526079000E-5
1.421030000E+9	1.520314000E-5
1.421033333E+9	1.495450000E-5
1.421036667E+9	1.493240000E-5
1.421040000E+9	1.501168000E-5
1.421043333E+9	1.494396000E-5
1.421046667E+9	1.493289000E-5
1.421050000E+9	1.500609000E-5
1.421053333E+9	1.514177000E-5
1.421056667E+9	1.548438000E-5
1.421060000E+9	1.510723000E-5
1.421063333E+9	1.508462000E-5
1.421066667E+9	1.506258000E-5
1.421070000E+9	1.532702000E-5
1.421073333E+9	1.504293000E-5
1.421076667E+9	1.505805000E-5
1.421080000E+9	1.487284000E-5
1.421083333E+9	1.507807000E-5
1.421086667E+9	1.535985000E-5
1.421090000E+9	1.506567000E-5
1.421093333E+9	1.597141000E-5
1.421096667E+9	1.538733000E-5
1.421100000E+9	1.517399000E-5
1.421103333E+9	1.503106000E-5
1.421106667E+9	1.530015000E-5
1.421110000E+9	1.531430000E-5
1.421113333E+9	1.479474000E-5
1.421116667E+9	1.503335000E-5
1.421120000E+9	1.496549000E-5
1.421123333E+9	1.505603000E-5
1.421126667E+9	1.522105000E-5
1.421130000E+9	1.511880000E-5
1.421133333E+9	1.529205000E-5
1.421136667E+9	1.534824000E-5
1.421140000E+9	1.496484000E-5
1.421143333E+9	1.493226000E-5
1.421146667E+9	1.472507000E-5
1.421150000E+9	1.508628000E-5
1.421153333E+9	1.513303000E-5
1.421156667E+9	1.524107000E-5
1.421160000E+9	1.539423000E-5
1.421163333E+9	1.514247000E-5
1.421166667E+9	1.489743000E-5
1.421170000E+9	1.539281000E-5
1.421173333E+9	1.520842000E-5
1.421176667E+9	1.632531000E-5
1.421180000E+9	1.789394000E-5
1.421183333E+9	1.501793000E-5
1.421186667E+9	1.490948000E-5
1.421190000E+9	1.471363000E-5
1.421193333E+9	1.528215000E-5
1.421196667E+9	1.527898000E-5
1.421200000E+9	1.504010000E-5
1.421203333E+9	1.516565000E-5
1.421206667E+9	1.531398000E-5
1.421210000E+9	1.505512000E-5
1.421213333E+9	1.531323000E-5
1.421216667E+9	1.527928000E-5
1.421220000E+9	1.496805000E-5
1.421223333E+9	1.499544000E-5
1.421226667E+9	1.485758000E-5
1.421230000E+9	1.496966000E-5
1.421233333E+9	1.509979000E-5
1.421236667E+9	1.497916000E-5
1.421240000E+9	1.514859000E-5
1.421243333E+9	1.581626000E-5
1.421246667E+9	1.528241000E-5
1.421250000E+9	1.500085000E-5
1.421253333E+9	1.490622000E-5
1.421256667E+9	1.481918000E-5
1.421260000E+9	1.493605000E-5
1.421263333E+9	1.519250000E-5
1.421266667E+9	1.527576000E-5
1.421270000E+9	1.472430000E-5
1.421273333E+9	1.482116000E-5
1.421276667E+9	1.506236000E-5
1.421280000E+9	1.535967000E-5
1.421283333E+9	1.529221000E-5
1.421286667E+9	1.486258000E-5
1.421290000E+9	1.478329000E-5
1.421293333E+9	1.514104000E-5
1.421296667E+9	1.511072000E-5
1.421300000E+9	1.530754000E-5
1.421303333E+9	1.545111000E-5
1.421306667E+9	1.485358000E-5
1.421310000E+9	1.493859000E-5
1.421313333E+9	1.504674000E-5
1.421316667E+9	1.529882000E-5
1.421320000E+9	1.482259000E-5
1.421323333E+9	1.503205000E-5
1.421326667E+9	1.478639000E-5
1.421330000E+9	1.522103000E-5
1.421333333E+9	1.522346000E-5
1.421336667E+9	1.490948000E-5
1.421340000E+9	1.480457000E-5
1.421343333E+9	1.498902000E-5
1.421346667E+9	1.502921000E-5
1.421350000E+9	1.443343000E-5
1.421353333E+9	1.534236000E-5
1.421356667E+9	1.502964000E-5
1.421360000E+9	1.492443000E-5
1.421363333E+9	1.491832000E-5
1.421366667E+9	1.457977000E-5
1.421370000E+9	1.506344000E-5
1.421373333E+9	1.476647000E-5
1.421376667E+9	1.519520000E-5
1.421380000E+9	1.489061000E-5
1.421383333E+9	1.499540000E-5
1.421386667E+9	1.502967000E-5
1.421390000E+9	1.510033000E-5
1.421393333E+9	1.512049000E-5
1.421396667E+9	1.490301000E-5
1.421400000E+9	1.482959000E-5
