Frequency, Hz	Amplitude, Volts
1.419400000E+9	1.699305000E-5
1.419403333E+9	1.715773000E-5
1.419406667E+9	1.736148000E-5
1.419410000E+9	1.687645000E-5
1.419413333E+9	1.713034000E-5
1.419416667E+9	1.744809000E-5
1.419420000E+9	1.713768000E-5
1.419423333E+9	1.708264000E-5
1.419426667E+9	1.694703000E-5
1.419430000E+9	1.700081000E-5
1.419433333E+9	1.712940000E-5
1.419436667E+9	1.717650000E-5
1.419440000E+9	1.695751000E-5
1.419443333E+9	1.704956000E-5
1.419446667E+9	1.751959000E-5
1.419450000E+9	1.876835000E-5
1.419453333E+9	1.754822000E-5
1.419456667E+9	1.729260000E-5
1.419460000E+9	1.715014000E-5
1.419463333E+9	1.693174000E-5
1.419466667E+9	1.702198000E-5
1.419470000E+9	1.721046000E-5
1.419473333E+9	1.711012000E-5
1.419476667E+9	1.701306000E-5
1.419480000E+9	1.714030000E-5
1.419483333E+9	1.696861000E-5
1.419486667E+9	1.683265000E-5
1.419490000E+9	1.699314000E-5
1.419493333E+9	1.699947000E-5
1.419496667E+9	1.724381000E-5
1.419500000E+9	1.729899000E-5
1.419503333E+9	1.722236000E-5
1.419506667E+9	1.696961000E-5
1.419510000E+9	1.703407000E-5
1.419513333E+9	1.688186000E-5
1.419516667E+9	1.658436000E-5
1.419520000E+9	1.718611000E-5
1.419523333E+9	1.743292000E-5
1.419526667E+9	1.714935000E-5
1.419530000E+9	1.702827000E-5
1.419533333E+9	1.699934000E-5
1.419536667E+9	1.699648000E-5
1.419540000E+9	1.734483000E-5
1.419543333E+9	1.689820000E-5
1.419546667E+9	1.703699000E-5
1.419550000E+9	1.704043000E-5
1.419553333E+9	1.691968000E-5
1.419556667E+9	1.701751000E-5
1.419560000E+9	1.682461000E-5
1.419563333E+9	1.700955000E-5
1.419566667E+9	1.667478000E-5
1.419570000E+9	1.705226000E-5
1.419573333E+9	1.693488000E-5
1.419576667E+9	1.691310000E-5
1.419580000E+9	1.698415000E-5
1.419583333E+9	1.686502000E-5
1.419586667E+9	1.670302000E-5
1.419590000E+9	1.705029000E-5
1.419593333E+9	1.702368000E-5
1.419596667E+9	1.695697000E-5
1.419600000E+9	1.707558000E-5
1.419603333E+9	1.692291000E-5
1.419606667E+9	1.670005000E-5
1.419610000E+9	1.722576000E-5
1.419613333E+9	1.709307000E-5
1.419616667E+9	1.713552000E-5
1.419620000E+9	1.690926000E-5
1.419623333E+9	1.714491000E-5
1.419626667E+9	1.697550000E-5
1.419630000E+9	1.690714000E-5
1.419633333E+9	1.689961000E-5
1.419636667E+9	1.727884000E-5
1.419640000E+9	1.692180000E-5
1.419643333E+9	1.712799000E-5
1.419646667E+9	1.687200000E-5
1.419650000E+9	1.713345000E-5
1.419653333E+9	1.699809000E-5
1.419656667E+9	1.707202000E-5
1.419660000E+9	1.682605000E-5
1.419663333E+9	1.676297000E-5
1.419666667E+9	1.718681000E-5
1.419670000E+9	1.689213000E-5
1.419673333E+9	1.672284000E-5
1.419676667E+9	1.691186000E-5
1.419680000E+9	1.698775000E-5
1.419683333E+9	1.680980000E-5
1.419686667E+9	1.671994000E-5
1.419690000E+9	1.708609000E-5
1.419693333E+9	1.669081000E-5
1.419696667E+9	1.685471000E-5
1.419700000E+9	1.683775000E-5
1.419703333E+9	1.646930000E-5
1.419706667E+9	1.678055000E-5
1.419710000E+9	1.673365000E-5
1.419713333E+9	1.677926000E-5
1.419716667E+9	1.669669000E-5
1.419720000E+9	1.704386000E-5
1.419723333E+9	1.701211000E-5
1.419726667E+9	1.722408000E-5
1.419730000E+9	1.711901000E-5
1.419733333E+9	1.719424000E-5
1.419736667E+9	1.723853000E-5
1.419740000E+9	1.721411000E-5
1.419743333E+9	1.805316000E-5
1.419746667E+9	1.680690000E-5
1.419750000E+9	1.671964000E-5
1.419753333E+9	1.659912000E-5
1.419756667E+9	1.682130000E-5
1.419760000E+9	1.693414000E-5
1.419763333E+9	1.681056000E-5
1.419766667E+9	1.660725000E-5
1.419770000E+9	1.663609000E-5
1.419773333E+9	1.670573000E-5
1.419776667E+9	1.648875000E-5
1.419780000E+9	1.702009000E-5
1.419783333E+9	1.707660000E-5
1.419786667E+9	1.662811000E-5
1.419790000E+9	1.706385000E-5
1.419793333E+9	1.696214000E-5
1.419796667E+9	1.692691000E-5
1.419800000E+9	1.675581000E-5
1.419803333E+9	1.691821000E-5
1.419806667E+9	1.663844000E-5
1.419810000E+9	1.668709000E-5
1.419813333E+9	1.684588000E-5
1.419816667E+9	1.649382000E-5
1.419820000E+9	1.689200000E-5
1.419823333E+9	1.712498000E-5
1.419826667E+9	1.677438000E-5
1.419830000E+9	1.678262000E-5
1.419833333E+9	1.696114000E-5
1.419836667E+9	1.643186000E-5
1.419840000E+9	1.663647000E-5
1.419843333E+9	1.685721000E-5
1.419846667E+9	1.707562000E-5
1.419850000E+9	1.704440000E-5
1.419853333E+9	1.664581000E-5
1.419856667E+9	1.680851000E-5
1.419860000E+9	1.653506000E-5
1.419863333E+9	1.687043000E-5
1.419866667E+9	1.672545000E-5
1.419870000E+9	1.705687000E-5
1.419873333E+9	1.678853000E-5
1.419876667E+9	1.718216000E-5
1.419880000E+9	1.675697000E-5
1.419883333E+9	1.726003000E-5
1.419886667E+9	1.670247000E-5
1.419890000E+9	1.679724000E-5
1.419893333E+9	1.658609000E-5
1.419896667E+9	1.678131000E-5
1.419900000E+9	1.684331000E-5
1.419903333E+9	1.641725000E-5
1.419906667E+9	1.640943000E-5
1.419910000E+9	1.659537000E-5
1.419913333E+9	1.657672000E-5
1.419916667E+9	1.670643000E-5
1.419920000E+9	1.674318000E-5
1.419923333E+9	1.714048000E-5
1.419926667E+9	1.652566000E-5
1.419930000E+9	1.629412000E-5
1.419933333E+9	1.671372000E-5
1.419936667E+9	1.661061000E-5
1.419940000E+9	1.661854000E-5
1.419943333E+9	1.664179000E-5
1.419946667E+9	1.659650000E-5
1.419950000E+9	1.635179000E-5
1.419953333E+9	1.617237000E-5
1.419956667E+9	1.654882000E-5
1.419960000E+9	1.645421000E-5
1.419963333E+9	1.657998000E-5
1.419966667E+9	1.651746000E-5
1.419970000E+9	1.662679000E-5
1.419973333E+9	1.662343000E-5
1.419976667E+9	1.753141000E-5
1.419980000E+9	1.719909000E-5
1.419983333E+9	1.685380000E-5
1.419986667E+9	1.611837000E-5
1.419990000E+9	1.681730000E-5
1.419993333E+9	1.695659000E-5
1.419996667E+9	1.661097000E-5
1.420000000E+9	1.713796000E-5
1.420003333E+9	1.777832000E-5
1.420006667E+9	1.663492000E-5
1.420010000E+9	1.634093000E-5
1.420013333E+9	1.635994000E-5
1.420016667E+9	1.661280000E-5
1.420020000E+9	1.659950000E-5
1.420023333E+9	1.650806000E-5
1.420026667E+9	1.688852000E-5
1.420030000E+9	1.662122000E-5
1.420033333E+9	1.689746000E-5
1.420036667E+9	1.721451000E-5
1.420040000E+9	1.667297000E-5
1.420043333E+9	1.665861000E-5
1.420046667E+9	1.670713000E-5
1.420050000E+9	1.647987000E-5
1.420053333E+9	1.698906000E-5
1.420056667E+9	1.660120000E-5
1.420060000E+9	1.660470000E-5
1.420063333E+9	1.659801000E-5
1.420066667E+9	1.676545000E-5
1.420070000E+9	1.673884000E-5
1.420073333E+9	1.674193000E-5
1.420076667E+9	1.657767000E-5
1.420080000E+9	1.627894000E-5
1.420083333E+9	1.633388000E-5
1.420086667E+9	1.642780000E-5
1.420090000E+9	1.663044000E-5
1.420093333E+9	1.652112000E-5
1.420096667E+9	1.635380000E-5
1.420100000E+9	1.655966000E-5
1.420103333E+9	1.645817000E-5
1.420106667E+9	1.668017000E-5
1.420110000E+9	1.657106000E-5
1.420113333E+9	1.648651000E-5
1.420116667E+9	1.634158000E-5
1.420120000E+9	1.651882000E-5
1.420123333E+9	1.667008000E-5
1.420126667E+9	1.697470000E-5
1.420130000E+9	1.635533000E-5
1.420133333E+9	1.667528000E-5
1.420136667E+9	1.647943000E-5
1.420140000E+9	1.649567000E-5
1.420143333E+9	1.630428000E-5
1.420146667E+9	1.671026000E-5
1.420150000E+9	1.646587000E-5
1.420153333E+9	1.663229000E-5
1.420156667E+9	1.634797000E-5
1.420160000E+9	1.665614000E-5
1.420163333E+9	1.628964000E-5
1.420166667E+9	1.654908000E-5
1.420170000E+9	1.602882000E-5
1.420173333E+9	1.641439000E-5
1.420176667E+9	1.648423000E-5
1.420180000E+9	1.662018000E-5
1.420183333E+9	1.619340000E-5
1.420186667E+9	1.655095000E-5
1.420190000E+9	1.657885000E-5
1.420193333E+9	1.641469000E-5
1.420196667E+9	1.653680000E-5
1.420200000E+9	1.639602000E-5
1.420203333E+9	1.633921000E-5
1.420206667E+9	1.620884000E-5
1.420210000E+9	1.643733000E-5
1.420213333E+9	1.620505000E-5
1.420216667E+9	1.625972000E-5
1.420220000E+9	1.650647000E-5
1.420223333E+9	1.626291000E-5
1.420226667E+9	1.657514000E-5
1.420230000E+9	1.660098000E-5
1.420233333E+9	1.637973000E-5
1.420236667E+9	1.639443000E-5
1.420240000E+9	1.637612000E-5
1.420243333E+9	1.646037000E-5
1.420246667E+9	1.634228000E-5
1.420250000E+9	1.618734000E-5
1.420253333E+9	1.609236000E-5
1.420256667E+9	1.660074000E-5
1.420260000E+9	1.656202000E-5
1.420263333E+9	1.641635000E-5
1.420266667E+9	1.668222000E-5
1.420270000E+9	1.650681000E-5
1.420273333E+9	1.661046000E-5
1.420276667E+9	1.651653000E-5
1.420280000E+9	1.644635000E-5
1.420283333E+9	1.662504000E-5
1.420286667E+9	1.681861000E-5
1.420290000E+9	1.653624000E-5
1.420293333E+9	1.663486000E-5
1.420296667E+9	1.629510000E-5
1.420300000E+9	1.650502000E-5
1.420303333E+9	1.644865000E-5
1.420306667E+9	1.632071000E-5
1.420310000E+9	1.685502000E-5
1.420313333E+9	1.648280000E-5
1.420316667E+9	1.663433000E-5
1.420320000E+9	1.665184000E-5
1.420323333E+9	1.633627000E-5
1.420326667E+9	1.659500000E-5
1.420330000E+9	1.764676000E-5
1.420333333E+9	1.655497000E-5
1.420336667E+9	1.634886000E-5
1.420340000E+9	1.662265000E-5
1.420343333E+9	1.640154000E-5
1.420346667E+9	1.620032000E-5
1.420350000E+9	1.621057000E-5
1.420353333E+9	1.648830000E-5
1.420356667E+9	1.661017000E-5
1.420360000E+9	1.653513000E-5
1.420363333E+9	1.663331000E-5
1.420366667E+9	1.662732000E-5
1.420370000E+9	1.654563000E-5
1.420373333E+9	1.644108000E-5
1.420376667E+9	1.632244000E-5
1.420380000E+9	1.669512000E-5
1.420383333E+9	1.657949000E-5
1.420386667E+9	1.672767000E-5
1.420390000E+9	1.627197000E-5
1.420393333E+9	1.654352000E-5
1.420396667E+9	1.659785000E-5
1.420400000E+9	1.635953000E-5
1.420403333E+9	1.633804000E-5
1.420406667E+9	1.650661000E-5
1.420410000E+9	1.671298000E-5
1.420413333E+9	1.682088000E-5
1.420416667E+9	1.614972000E-5
1.420420000E+9	1.622038000E-5
1.420423333E+9	1.683224000E-5
1.420426667E+9	1.621497000E-5
1.420430000E+9	1.684540000E-5
1.420433333E+9	1.665811000E-5
1.420436667E+9	1.628664000E-5
1.420440000E+9	1.699723000E-5
1.420443333E+9	1.634020000E-5
1.420446667E+9	1.670034000E-5
1.420450000E+9	1.674354000E-5
1.420453333E+9	1.687964000E-5
1.420456667E+9	1.702098000E-5
1.420460000E+9	1.711540000E-5
1.420463333E+9	1.688835000E-5
1.420466667E+9	1.704189000E-5
1.420470000E+9	1.700712000E-5
1.420473333E+9	1.724529000E-5
1.420476667E+9	1.763134000E-5
1.420480000E+9	1.772669000E-5
1.420483333E+9	1.715250000E-5
1.420486667E+9	1.781193000E-5
1.420490000E+9	1.765928000E-5
1.420493333E+9	1.773348000E-5
1.420496667E+9	1.788283000E-5
1.420500000E+9	1.854312000E-5
1.420503333E+9	1.800994000E-5
1.420506667E+9	1.855860000E-5
1.420510000E+9	1.824503000E-5
1.420513333E+9	1.805877000E-5
1.420516667E+9	1.837601000E-5
1.420520000E+9	1.819384000E-5
1.420523333E+9	1.849915000E-5
1.420526667E+9	1.834730000E-5
1.420530000E+9	1.794985000E-5
1.420533333E+9	1.816831000E-5
1.420536667E+9	1.828490000E-5
1.420540000E+9	1.818354000E-5
1.420543333E+9	1.826529000E-5
1.420546667E+9	1.842005000E-5
1.420550000E+9	1.822771000E-5
1.420553333E+9	1.821811000E-5
1.420556667E+9	1.805861000E-5
1.420560000E+9	1.802794000E-5
1.420563333E+9	1.783909000E-5
1.420566667E+9	1.807702000E-5
1.420570000E+9	1.800774000E-5
1.420573333E+9	1.825233000E-5
1.420576667E+9	1.824010000E-5
1.420580000E+9	1.806519000E-5
1.420583333E+9	1.789846000E-5
1.420586667E+9	1.791850000E-5
1.420590000E+9	1.814263000E-5
1.420593333E+9	1.812249000E-5
1.420596667E+9	1.815124000E-5
1.420600000E+9	1.764653000E-5
1.420603333E+9	1.792944000E-5
1.420606667E+9	1.820439000E-5
1.420610000E+9	1.805797000E-5
1.420613333E+9	1.791305000E-5
1.420616667E+9	1.835341000E-5
1.420620000E+9	1.886330000E-5
1.420623333E+9	1.899926000E-5
1.420626667E+9	1.815868000E-5
1.420630000E+9	1.822859000E-5
1.420633333E+9	1.815900000E-5
1.420636667E+9	1.849117000E-5
1.420640000E+9	1.827462000E-5
1.420643333E+9	1.811743000E-5
1.420646667E+9	1.842383000E-5
1.420650000E+9	1.859982000E-5
1.420653333E+9	1.801668000E-5
1.420656667E+9	1.835812000E-5
1.420660000E+9	1.855265000E-5
1.420663333E+9	1.830692000E-5
1.420666667E+9	1.867002000E-5
1.420670000E+9	1.819077000E-5
1.420673333E+9	1.826511000E-5
1.420676667E+9	1.828496000E-5
1.420680000E+9	1.818228000E-5
1.420683333E+9	1.830893000E-5
1.420686667E+9	1.809163000E-5
1.420690000E+9	1.805970000E-5
1.420693333E+9	1.782443000E-5
1.420696667E+9	1.785334000E-5
1.420700000E+9	1.743105000E-5
1.420703333E+9	1.747017000E-5
1.420706667E+9	1.755052000E-5
1.420710000E+9	1.760929000E-5
1.420713333E+9	1.765980000E-5
1.420716667E+9	1.762954000E-5
1.420720000E+9	1.750289000E-5
1.420723333E+9	1.758249000E-5
1.420726667E+9	1.732496000E-5
1.420730000E+9	1.716924000E-5
1.420733333E+9	1.723666000E-5
1.420736667E+9	1.738227000E-5
1.420740000E+9	1.729968000E-5
1.420743333E+9	1.693782000E-5
1.420746667E+9	1.680820000E-5
1.420750000E+9	1.696524000E-5
1.420753333E+9	1.687965000E-5
1.420756667E+9	1.704380000E-5
1.420760000E+9	1.681417000E-5
1.420763333E+9	1.687252000E-5
1.420766667E+9	1.686222000E-5
1.420770000E+9	1.647337000E-5
1.420773333E+9	1.661754000E-5
1.420776667E+9	1.646019000E-5
1.420780000E+9	1.670034000E-5
1.420783333E+9	1.687695000E-5
1.420786667E+9	1.661095000E-5
1.420790000E+9	1.650234000E-5
1.420793333E+9	1.670801000E-5
1.420796667E+9	1.650292000E-5
1.420800000E+9	1.654187000E-5
1.420803333E+9	1.683344000E-5
1.420806667E+9	1.654737000E-5
1.420810000E+9	1.655633000E-5
1.420813333E+9	1.675379000E-5
1.420816667E+9	1.658586000E-5
1.420820000E+9	1.667379000E-5
1.420823333E+9	1.632804000E-5
1.420826667E+9	1.638405000E-5
1.420830000E+9	1.640977000E-5
1.420833333E+9	1.694284000E-5
1.420836667E+9	1.652163000E-5
1.420840000E+9	1.631811000E-5
1.420843333E+9	1.668555000E-5
1.420846667E+9	1.629258000E-5
1.420850000E+9	1.613586000E-5
1.420853333E+9	1.651590000E-5
1.420856667E+9	1.643089000E-5
1.420860000E+9	1.652243000E-5
1.420863333E+9	1.641603000E-5
1.420866667E+9	1.679648000E-5
1.420870000E+9	1.615072000E-5
1.420873333E+9	1.649357000E-5
1.420876667E+9	1.639504000E-5
1.420880000E+9	1.651263000E-5
1.420883333E+9	1.701790000E-5
1.420886667E+9	1.659342000E-5
1.420890000E+9	1.621178000E-5
1.420893333E+9	1.632157000E-5
1.420896667E+9	1.664557000E-5
1.420900000E+9	1.667639000E-5
1.420903333E+9	1.652558000E-5
1.420906667E+9	1.692600000E-5
1.420910000E+9	1.641785000E-5
1.420913333E+9	1.934459000E-5
1.420916667E+9	1.816279000E-5
1.420920000E+9	1.660982000E-5
1.420923333E+9	1.640844000E-5
1.420926667E+9	1.653731000E-5
1.420930000E+9	1.637098000E-5
1.420933333E+9	1.656704000E-5
1.420936667E+9	1.647124000E-5
1.420940000E+9	1.655947000E-5
1.420943333E+9	1.673261000E-5
1.420946667E+9	1.632786000E-5
1.420950000E+9	1.637182000E-5
1.420953333E+9	1.654595000E-5
1.420956667E+9	1.631659000E-5
1.420960000E+9	1.666543000E-5
1.420963333E+9	1.629059000E-5
1.420966667E+9	1.615850000E-5
1.420970000E+9	1.658539000E-5
1.420973333E+9	1.638569000E-5
1.420976667E+9	1.626705000E-5
1.420980000E+9	1.632293000E-5
1.420983333E+9	1.657938000E-5
1.420986667E+9	1.673558000E-5
1.420990000E+9	1.649165000E-5
1.420993333E+9	1.654361000E-5
1.420996667E+9	1.647683000E-5
1.421000000E+9	1.654982000E-5
1.421003333E+9	1.669448000E-5
1.421006667E+9	1.624879000E-5
1.421010000E+9	1.627466000E-5
1.421013333E+9	1.641670000E-5
1.421016667E+9	1.652997000E-5
1.421020000E+9	1.641504000E-5
1.421023333E+9	1.660331000E-5
1.421026667E+9	1.614668000E-5
1.421030000E+9	1.611949000E-5
1.421033333E+9	1.620210000E-5
1.421036667E+9	1.649982000E-5
1.421040000E+9	1.644040000E-5
1.421043333E+9	1.654851000E-5
1.421046667E+9	1.623586000E-5
1.421050000E+9	1.634429000E-5
1.421053333E+9	1.658289000E-5
1.421056667E+9	1.644173000E-5
1.421060000E+9	1.666543000E-5
1.421063333E+9	1.647788000E-5
1.421066667E+9	1.648112000E-5
1.421070000E+9	1.646312000E-5
1.421073333E+9	1.653883000E-5
1.421076667E+9	1.642335000E-5
1.421080000E+9	1.630904000E-5
1.421083333E+9	1.598166000E-5
1.421086667E+9	1.642780000E-5
1.421090000E+9	1.650883000E-5
1.421093333E+9	1.646813000E-5
1.421096667E+9	1.645972000E-5
1.421100000E+9	1.658096000E-5
1.421103333E+9	1.664164000E-5
1.421106667E+9	1.632763000E-5
1.421110000E+9	1.636111000E-5
1.421113333E+9	1.629202000E-5
1.421116667E+9	1.624594000E-5
1.421120000E+9	1.616475000E-5
1.421123333E+9	1.629560000E-5
1.421126667E+9	1.696076000E-5
1.421130000E+9	1.663583000E-5
1.421133333E+9	1.661123000E-5
1.421136667E+9	1.651593000E-5
1.421140000E+9	1.623453000E-5
1.421143333E+9	1.645450000E-5
1.421146667E+9	1.650524000E-5
1.421150000E+9	1.638880000E-5
1.421153333E+9	1.661692000E-5
1.421156667E+9	1.664658000E-5
1.421160000E+9	1.655938000E-5
1.421163333E+9	1.629720000E-5
1.421166667E+9	1.649359000E-5
1.421170000E+9	1.623688000E-5
1.421173333E+9	1.619957000E-5
1.421176667E+9	1.678271000E-5
1.421180000E+9	1.676621000E-5
1.421183333E+9	1.620641000E-5
1.421186667E+9	1.658324000E-5
1.421190000E+9	1.643215000E-5
1.421193333E+9	1.662778000E-5
1.421196667E+9	1.672392000E-5
1.421200000E+9	1.666444000E-5
1.421203333E+9	1.660794000E-5
1.421206667E+9	1.776051000E-5
1.421210000E+9	1.743392000E-5
1.421213333E+9	1.638144000E-5
1.421216667E+9	1.663152000E-5
1.421220000E+9	1.651354000E-5
1.421223333E+9	1.649084000E-5
1.421226667E+9	1.655504000E-5
1.421230000E+9	1.614889000E-5
1.421233333E+9	1.656684000E-5
1.421236667E+9	1.650321000E-5
1.421240000E+9	1.652947000E-5
1.421243333E+9	1.666490000E-5
1.421246667E+9	1.657940000E-5
1.421250000E+9	1.654684000E-5
1.421253333E+9	1.681325000E-5
1.421256667E+9	1.623529000E-5
1.421260000E+9	1.627341000E-5
1.421263333E+9	1.674426000E-5
1.421266667E+9	1.654419000E-5
1.421270000E+9	1.650074000E-5
1.421273333E+9	1.653577000E-5
1.421276667E+9	1.655135000E-5
1.421280000E+9	1.617521000E-5
1.421283333E+9	1.627204000E-5
1.421286667E+9	1.662659000E-5
1.421290000E+9	1.615444000E-5
1.421293333E+9	1.621596000E-5
1.421296667E+9	1.606097000E-5
1.421300000E+9	1.644870000E-5
1.421303333E+9	1.642638000E-5
1.421306667E+9	1.645260000E-5
1.421310000E+9	1.645334000E-5
1.421313333E+9	1.600860000E-5
1.421316667E+9	1.644191000E-5
1.421320000E+9	1.656638000E-5
1.421323333E+9	1.658411000E-5
1.421326667E+9	1.660909000E-5
1.421330000E+9	1.637907000E-5
1.421333333E+9	1.683178000E-5
1.421336667E+9	1.606219000E-5
1.421340000E+9	1.623973000E-5
1.421343333E+9	1.693512000E-5
1.421346667E+9	1.631006000E-5
1.421350000E+9	1.638425000E-5
1.421353333E+9	1.644049000E-5
1.421356667E+9	1.655511000E-5
1.421360000E+9	1.683557000E-5
1.421363333E+9	1.638928000E-5
1.421366667E+9	1.658167000E-5
1.421370000E+9	1.643881000E-5
1.421373333E+9	1.608701000E-5
1.421376667E+9	1.642822000E-5
1.421380000E+9	1.675042000E-5
1.421383333E+9	1.644229000E-5
1.421386667E+9	1.665758000E-5
1.421390000E+9	1.642218000E-5
1.421393333E+9	1.605514000E-5
1.421396667E+9	1.621853000E-5
1.421400000E+9	1.651811000E-5
