Frequency, Hz	Amplitude, Volts
1.419400000E+9	1.560449000E-5
1.419403333E+9	1.551946000E-5
1.419406667E+9	1.535928000E-5
1.419410000E+9	1.536665000E-5
1.419413333E+9	1.546107000E-5
1.419416667E+9	1.557858000E-5
1.419420000E+9	1.524984000E-5
1.419423333E+9	1.526734000E-5
1.419426667E+9	1.498768000E-5
1.419430000E+9	1.504237000E-5
1.419433333E+9	1.555516000E-5
1.419436667E+9	1.537035000E-5
1.419440000E+9	1.550733000E-5
1.419443333E+9	1.540811000E-5
1.419446667E+9	1.550905000E-5
1.419450000E+9	1.609831000E-5
1.419453333E+9	1.577725000E-5
1.419456667E+9	1.580921000E-5
1.419460000E+9	1.544581000E-5
1.419463333E+9	1.517939000E-5
1.419466667E+9	1.517726000E-5
1.419470000E+9	1.526193000E-5
1.419473333E+9	1.528408000E-5
1.419476667E+9	1.524343000E-5
1.419480000E+9	1.566052000E-5
1.419483333E+9	1.494975000E-5
1.419486667E+9	1.517219000E-5
1.419490000E+9	1.537978000E-5
1.419493333E+9	1.544400000E-5
1.419496667E+9	1.536355000E-5
1.419500000E+9	1.513611000E-5
1.419503333E+9	1.515596000E-5
1.419506667E+9	1.541505000E-5
1.419510000E+9	1.536621000E-5
1.419513333E+9	1.526255000E-5
1.419516667E+9	1.531940000E-5
1.419520000E+9	1.542327000E-5
1.419523333E+9	1.545884000E-5
1.419526667E+9	1.541195000E-5
1.419530000E+9	1.536986000E-5
1.419533333E+9	1.524731000E-5
1.419536667E+9	1.564895000E-5
1.419540000E+9	1.532818000E-5
1.419543333E+9	1.512639000E-5
1.419546667E+9	1.513546000E-5
1.419550000E+9	1.507062000E-5
1.419553333E+9	1.509130000E-5
1.419556667E+9	1.501193000E-5
1.419560000E+9	1.518469000E-5
1.419563333E+9	1.509531000E-5
1.419566667E+9	1.560664000E-5
1.419570000E+9	1.534974000E-5
1.419573333E+9	1.545204000E-5
1.419576667E+9	1.539066000E-5
1.419580000E+9	1.516224000E-5
1.419583333E+9	1.507327000E-5
1.419586667E+9	1.524575000E-5
1.419590000E+9	1.516800000E-5
1.419593333E+9	1.560035000E-5
1.419596667E+9	1.534581000E-5
1.419600000E+9	1.500187000E-5
1.419603333E+9	1.532719000E-5
1.419606667E+9	1.529083000E-5
1.419610000E+9	1.511805000E-5
1.419613333E+9	1.531415000E-5
1.419616667E+9	1.541537000E-5
1.419620000E+9	1.534707000E-5
1.419623333E+9	1.526305000E-5
1.419626667E+9	1.542782000E-5
1.419630000E+9	1.511413000E-5
1.419633333E+9	1.525109000E-5
1.419636667E+9	1.538123000E-5
1.419640000E+9	1.534219000E-5
1.419643333E+9	1.537632000E-5
1.419646667E+9	1.519038000E-5
1.419650000E+9	1.549121000E-5
1.419653333E+9	1.511915000E-5
1.419656667E+9	1.509786000E-5
1.419660000E+9	1.550939000E-5
1.419663333E+9	1.542641000E-5
1.419666667E+9	1.561190000E-5
1.419670000E+9	1.555227000E-5
1.419673333E+9	1.521209000E-5
1.419676667E+9	1.541896000E-5
1.419680000E+9	1.522416000E-5
1.419683333E+9	1.494693000E-5
1.419686667E+9	1.531997000E-5
1.419690000E+9	1.535938000E-5
1.419693333E+9	1.515578000E-5
1.419696667E+9	1.535137000E-5
1.419700000E+9	1.522767000E-5
1.419703333E+9	1.531766000E-5
1.419706667E+9	1.565079000E-5
1.419710000E+9	1.549538000E-5
1.419713333E+9	1.527088000E-5
1.419716667E+9	1.544020000E-5
1.419720000E+9	1.517623000E-5
1.419723333E+9	1.522317000E-5
1.419726667E+9	1.531677000E-5
1.419730000E+9	1.498360000E-5
1.419733333E+9	1.554178000E-5
1.419736667E+9	1.538267000E-5
1.419740000E+9	1.513080000E-5
1.419743333E+9	1.578164000E-5
1.419746667E+9	1.536463000E-5
1.419750000E+9	1.544163000E-5
1.419753333E+9	1.565849000E-5
1.419756667E+9	1.529622000E-5
1.419760000E+9	1.554396000E-5
1.419763333E+9	1.545837000E-5
1.419766667E+9	1.522155000E-5
1.419770000E+9	1.534603000E-5
1.419773333E+9	1.538544000E-5
1.419776667E+9	1.479201000E-5
1.419780000E+9	1.562172000E-5
1.419783333E+9	1.556018000E-5
1.419786667E+9	1.534586000E-5
1.419790000E+9	1.535930000E-5
1.419793333E+9	1.523819000E-5
1.419796667E+9	1.539162000E-5
1.419800000E+9	1.535906000E-5
1.419803333E+9	1.532724000E-5
1.419806667E+9	1.493482000E-5
1.419810000E+9	1.514061000E-5
1.419813333E+9	1.505636000E-5
1.419816667E+9	1.543744000E-5
1.419820000E+9	1.514304000E-5
1.419823333E+9	1.542521000E-5
1.419826667E+9	1.549802000E-5
1.419830000E+9	1.553765000E-5
1.419833333E+9	1.533577000E-5
1.419836667E+9	1.464857000E-5
1.419840000E+9	1.505914000E-5
1.419843333E+9	1.511702000E-5
1.419846667E+9	1.523951000E-5
1.419850000E+9	1.518354000E-5
1.419853333E+9	1.512112000E-5
1.419856667E+9	1.524391000E-5
1.419860000E+9	1.471370000E-5
1.419863333E+9	1.522304000E-5
1.419866667E+9	1.508681000E-5
1.419870000E+9	1.517478000E-5
1.419873333E+9	1.507792000E-5
1.419876667E+9	1.502096000E-5
1.419880000E+9	1.518339000E-5
1.419883333E+9	1.531092000E-5
1.419886667E+9	1.535503000E-5
1.419890000E+9	1.482705000E-5
1.419893333E+9	1.511004000E-5
1.419896667E+9	1.519595000E-5
1.419900000E+9	1.534125000E-5
1.419903333E+9	1.563351000E-5
1.419906667E+9	1.526775000E-5
1.419910000E+9	1.514606000E-5
1.419913333E+9	1.509258000E-5
1.419916667E+9	1.577990000E-5
1.419920000E+9	1.520031000E-5
1.419923333E+9	1.551307000E-5
1.419926667E+9	1.539869000E-5
1.419930000E+9	1.522324000E-5
1.419933333E+9	1.521572000E-5
1.419936667E+9	1.518501000E-5
1.419940000E+9	1.530522000E-5
1.419943333E+9	1.508966000E-5
1.419946667E+9	1.517051000E-5
1.419950000E+9	1.524332000E-5
1.419953333E+9	1.502400000E-5
1.419956667E+9	1.485859000E-5
1.419960000E+9	1.535014000E-5
1.419963333E+9	1.521274000E-5
1.419966667E+9	1.527536000E-5
1.419970000E+9	1.532715000E-5
1.419973333E+9	1.522326000E-5
1.419976667E+9	1.543010000E-5
1.419980000E+9	1.604708000E-5
1.419983333E+9	1.520228000E-5
1.419986667E+9	1.518990000E-5
1.419990000E+9	1.537821000E-5
1.419993333E+9	1.537276000E-5
1.419996667E+9	1.529076000E-5
1.420000000E+9	1.678507000E-5
1.420003333E+9	1.741515000E-5
1.420006667E+9	1.483445000E-5
1.420010000E+9	1.498110000E-5
1.420013333E+9	1.499417000E-5
1.420016667E+9	1.507315000E-5
1.420020000E+9	1.527623000E-5
1.420023333E+9	1.513263000E-5
1.420026667E+9	1.538362000E-5
1.420030000E+9	1.517891000E-5
1.420033333E+9	1.535576000E-5
1.420036667E+9	1.527975000E-5
1.420040000E+9	1.507257000E-5
1.420043333E+9	1.506561000E-5
1.420046667E+9	1.510466000E-5
1.420050000E+9	1.537038000E-5
1.420053333E+9	1.561750000E-5
1.420056667E+9	1.501081000E-5
1.420060000E+9	1.505078000E-5
1.420063333E+9	1.504810000E-5
1.420066667E+9	1.543939000E-5
1.420070000E+9	1.509261000E-5
1.420073333E+9	1.508464000E-5
1.420076667E+9	1.492574000E-5
1.420080000E+9	1.545504000E-5
1.420083333E+9	1.526887000E-5
1.420086667E+9	1.519175000E-5
1.420090000E+9	1.521298000E-5
1.420093333E+9	1.524938000E-5
1.420096667E+9	1.543457000E-5
1.420100000E+9	1.507082000E-5
1.420103333E+9	1.540324000E-5
1.420106667E+9	1.504843000E-5
1.420110000E+9	1.477690000E-5
1.420113333E+9	1.509417000E-5
1.420116667E+9	1.532079000E-5
1.420120000E+9	1.518933000E-5
1.420123333E+9	1.503411000E-5
1.420126667E+9	1.518766000E-5
1.420130000E+9	1.521253000E-5
1.420133333E+9	1.513725000E-5
1.420136667E+9	1.494895000E-5
1.420140000E+9	1.510607000E-5
1.420143333E+9	1.520581000E-5
1.420146667E+9	1.492659000E-5
1.420150000E+9	1.520981000E-5
1.420153333E+9	1.498252000E-5
1.420156667E+9	1.544074000E-5
1.420160000E+9	1.511309000E-5
1.420163333E+9	1.537117000E-5
1.420166667E+9	1.531619000E-5
1.420170000E+9	1.521563000E-5
1.420173333E+9	1.500797000E-5
1.420176667E+9	1.490859000E-5
1.420180000E+9	1.514460000E-5
1.420183333E+9	1.494107000E-5
1.420186667E+9	1.496360000E-5
1.420190000E+9	1.552639000E-5
1.420193333E+9	1.515262000E-5
1.420196667E+9	1.498186000E-5
1.420200000E+9	1.551424000E-5
1.420203333E+9	1.534313000E-5
1.420206667E+9	1.511599000E-5
1.420210000E+9	1.519562000E-5
1.420213333E+9	1.516780000E-5
1.420216667E+9	1.503357000E-5
1.420220000E+9	1.515881000E-5
1.420223333E+9	1.500982000E-5
1.420226667E+9	1.530040000E-5
1.420230000E+9	1.560052000E-5
1.420233333E+9	1.530435000E-5
1.420236667E+9	1.515531000E-5
1.420240000E+9	1.504159000E-5
1.420243333E+9	1.517016000E-5
1.420246667E+9	1.492163000E-5
1.420250000E+9	1.513913000E-5
1.420253333E+9	1.501181000E-5
1.420256667E+9	1.527947000E-5
1.420260000E+9	1.539637000E-5
1.420263333E+9	1.520009000E-5
1.420266667E+9	1.557755000E-5
1.420270000E+9	1.505304000E-5
1.420273333E+9	1.542632000E-5
1.420276667E+9	1.523168000E-5
1.420280000E+9	1.478464000E-5
1.420283333E+9	1.519819000E-5
1.420286667E+9	1.505468000E-5
1.420290000E+9	1.528732000E-5
1.420293333E+9	1.508999000E-5
1.420296667E+9	1.569944000E-5
1.420300000E+9	1.525983000E-5
1.420303333E+9	1.537700000E-5
1.420306667E+9	1.527076000E-5
1.420310000E+9	1.521104000E-5
1.420313333E+9	1.546170000E-5
1.420316667E+9	1.522285000E-5
1.420320000E+9	1.501239000E-5
1.420323333E+9	1.514202000E-5
1.420326667E+9	1.539502000E-5
1.420330000E+9	1.563447000E-5
1.420333333E+9	1.534130000E-5
1.420336667E+9	1.519575000E-5
1.420340000E+9	1.495261000E-5
1.420343333E+9	1.525893000E-5
1.420346667E+9	1.513559000E-5
1.420350000E+9	1.558422000E-5
1.420353333E+9	1.516770000E-5
1.420356667E+9	1.489877000E-5
1.420360000E+9	1.497096000E-5
1.420363333E+9	1.483515000E-5
1.420366667E+9	1.543813000E-5
1.420370000E+9	1.514671000E-5
1.420373333E+9	1.489956000E-5
1.420376667E+9	1.530743000E-5
1.420380000E+9	1.522941000E-5
1.420383333E+9	1.509750000E-5
1.420386667E+9	1.555456000E-5
1.420390000E+9	1.522083000E-5
1.420393333E+9	1.524369000E-5
1.420396667E+9	1.498834000E-5
1.420400000E+9	1.515779000E-5
1.420403333E+9	1.530363000E-5
1.420406667E+9	1.538085000E-5
1.420410000E+9	1.538777000E-5
1.420413333E+9	1.512278000E-5
1.420416667E+9	1.522601000E-5
1.420420000E+9	1.518323000E-5
1.420423333E+9	1.504288000E-5
1.420426667E+9	1.543505000E-5
1.420430000E+9	1.515721000E-5
1.420433333E+9	1.508477000E-5
1.420436667E+9	1.548402000E-5
1.420440000E+9	1.515152000E-5
1.420443333E+9	1.546215000E-5
1.420446667E+9	1.542373000E-5
1.420450000E+9	1.535277000E-5
1.420453333E+9	1.552193000E-5
1.420456667E+9	1.537217000E-5
1.420460000E+9	1.550816000E-5
1.420463333E+9	1.591430000E-5
1.420466667E+9	1.532088000E-5
1.420470000E+9	1.580881000E-5
1.420473333E+9	1.583833000E-5
1.420476667E+9	1.622198000E-5
1.420480000E+9	1.629689000E-5
1.420483333E+9	1.652226000E-5
1.420486667E+9	1.665839000E-5
1.420490000E+9	1.640522000E-5
1.420493333E+9	1.681194000E-5
1.420496667E+9	1.695767000E-5
1.420500000E+9	1.701714000E-5
1.420503333E+9	1.697232000E-5
1.420506667E+9	1.707924000E-5
1.420510000E+9	1.696851000E-5
1.420513333E+9	1.733642000E-5
1.420516667E+9	1.674672000E-5
1.420520000E+9	1.710495000E-5
1.420523333E+9	1.706706000E-5
1.420526667E+9	1.729277000E-5
1.420530000E+9	1.717541000E-5
1.420533333E+9	1.724260000E-5
1.420536667E+9	1.737514000E-5
1.420540000E+9	1.702082000E-5
1.420543333E+9	1.712211000E-5
1.420546667E+9	1.693347000E-5
1.420550000E+9	1.683446000E-5
1.420553333E+9	1.690295000E-5
1.420556667E+9	1.666051000E-5
1.420560000E+9	1.680000000E-5
1.420563333E+9	1.659398000E-5
1.420566667E+9	1.715946000E-5
1.420570000E+9	1.676455000E-5
1.420573333E+9	1.696021000E-5
1.420576667E+9	1.682862000E-5
1.420580000E+9	1.670183000E-5
1.420583333E+9	1.659212000E-5
1.420586667E+9	1.665703000E-5
1.420590000E+9	1.711944000E-5
1.420593333E+9	1.657008000E-5
1.420596667E+9	1.659058000E-5
1.420600000E+9	1.605285000E-5
1.420603333E+9	1.652377000E-5
1.420606667E+9	1.649219000E-5
1.420610000E+9	1.655339000E-5
1.420613333E+9	1.661880000E-5
1.420616667E+9	1.655020000E-5
1.420620000E+9	1.682620000E-5
1.420623333E+9	1.673553000E-5
1.420626667E+9	1.693802000E-5
1.420630000E+9	1.656698000E-5
1.420633333E+9	1.675303000E-5
1.420636667E+9	1.729778000E-5
1.420640000E+9	1.736407000E-5
1.420643333E+9	1.681573000E-5
1.420646667E+9	1.729064000E-5
1.420650000E+9	1.766622000E-5
1.420653333E+9	1.724514000E-5
1.420656667E+9	1.722483000E-5
1.420660000E+9	1.727872000E-5
1.420663333E+9	1.731693000E-5
1.420666667E+9	1.748982000E-5
1.420670000E+9	1.713858000E-5
1.420673333E+9	1.738504000E-5
1.420676667E+9	1.724991000E-5
1.420680000E+9	1.755427000E-5
1.420683333E+9	1.721706000E-5
1.420686667E+9	1.704206000E-5
1.420690000E+9	1.658726000E-5
1.420693333E+9	1.713375000E-5
1.420696667E+9	1.712002000E-5
1.420700000E+9	1.675642000E-5
1.420703333E+9	1.659069000E-5
1.420706667E+9	1.646296000E-5
1.420710000E+9	1.650154000E-5
1.420713333E+9	1.656708000E-5
1.420716667E+9	1.669730000E-5
1.420720000E+9	1.653135000E-5
1.420723333E+9	1.680869000E-5
1.420726667E+9	1.641019000E-5
1.420730000E+9	1.650620000E-5
1.420733333E+9	1.646377000E-5
1.420736667E+9	1.640853000E-5
1.420740000E+9	1.655920000E-5
1.420743333E+9	1.618885000E-5
1.420746667E+9	1.582446000E-5
1.420750000E+9	1.614244000E-5
1.420753333E+9	1.604967000E-5
1.420756667E+9	1.596742000E-5
1.420760000E+9	1.671482000E-5
1.420763333E+9	1.602486000E-5
1.420766667E+9	1.595886000E-5
1.420770000E+9	1.579433000E-5
1.420773333E+9	1.590300000E-5
1.420776667E+9	1.604604000E-5
1.420780000E+9	1.557964000E-5
1.420783333E+9	1.595320000E-5
1.420786667E+9	1.574636000E-5
1.420790000E+9	1.538313000E-5
1.420793333E+9	1.621427000E-5
1.420796667E+9	1.680476000E-5
1.420800000E+9	1.627054000E-5
1.420803333E+9	1.547601000E-5
1.420806667E+9	1.561416000E-5
1.420810000E+9	1.559557000E-5
1.420813333E+9	1.543017000E-5
1.420816667E+9	1.565715000E-5
1.420820000E+9	1.506399000E-5
1.420823333E+9	1.572168000E-5
1.420826667E+9	1.550062000E-5
1.420830000E+9	1.528021000E-5
1.420833333E+9	1.539844000E-5
1.420836667E+9	1.568299000E-5
1.420840000E+9	1.544541000E-5
1.420843333E+9	1.529993000E-5
1.420846667E+9	1.547933000E-5
1.420850000E+9	1.540615000E-5
1.420853333E+9	1.530128000E-5
1.420856667E+9	1.552680000E-5
1.420860000E+9	1.542914000E-5
1.420863333E+9	1.532239000E-5
1.420866667E+9	1.546242000E-5
1.420870000E+9	1.524790000E-5
1.420873333E+9	1.537114000E-5
1.420876667E+9	1.505000000E-5
1.420880000E+9	1.556194000E-5
1.420883333E+9	1.752296000E-5
1.420886667E+9	1.653673000E-5
1.420890000E+9	1.508499000E-5
1.420893333E+9	1.504268000E-5
1.420896667E+9	1.558799000E-5
1.420900000E+9	1.556206000E-5
1.420903333E+9	1.543752000E-5
1.420906667E+9	1.550069000E-5
1.420910000E+9	1.563315000E-5
1.420913333E+9	1.600426000E-5
1.420916667E+9	1.543320000E-5
1.420920000E+9	1.533823000E-5
1.420923333E+9	1.509939000E-5
1.420926667E+9	1.577836000E-5
1.420930000E+9	1.551940000E-5
1.420933333E+9	1.525556000E-5
1.420936667E+9	1.534116000E-5
1.420940000E+9	1.527831000E-5
1.420943333E+9	1.544975000E-5
1.420946667E+9	1.637148000E-5
1.420950000E+9	1.518269000E-5
1.420953333E+9	1.533209000E-5
1.420956667E+9	1.486804000E-5
1.420960000E+9	1.516923000E-5
1.420963333E+9	1.541930000E-5
1.420966667E+9	1.542958000E-5
1.420970000E+9	1.559811000E-5
1.420973333E+9	1.551777000E-5
1.420976667E+9	1.524038000E-5
1.420980000E+9	1.525550000E-5
1.420983333E+9	1.562663000E-5
1.420986667E+9	1.531768000E-5
1.420990000E+9	1.532932000E-5
1.420993333E+9	1.571836000E-5
1.420996667E+9	1.526743000E-5
1.421000000E+9	1.536228000E-5
1.421003333E+9	1.541073000E-5
1.421006667E+9	1.512522000E-5
1.421010000E+9	1.518479000E-5
1.421013333E+9	1.512257000E-5
1.421016667E+9	1.506524000E-5
1.421020000E+9	1.517020000E-5
1.421023333E+9	1.531526000E-5
1.421026667E+9	1.539191000E-5
1.421030000E+9	1.514804000E-5
1.421033333E+9	1.514591000E-5
1.421036667E+9	1.539042000E-5
1.421040000E+9	1.525612000E-5
1.421043333E+9	1.511898000E-5
1.421046667E+9	1.532301000E-5
1.421050000E+9	1.526590000E-5
1.421053333E+9	1.513453000E-5
1.421056667E+9	1.550471000E-5
1.421060000E+9	1.552835000E-5
1.421063333E+9	1.558768000E-5
1.421066667E+9	1.504750000E-5
1.421070000E+9	1.516840000E-5
1.421073333E+9	1.518748000E-5
1.421076667E+9	1.487682000E-5
1.421080000E+9	1.539615000E-5
1.421083333E+9	1.506837000E-5
1.421086667E+9	1.513798000E-5
1.421090000E+9	1.499470000E-5
1.421093333E+9	1.531947000E-5
1.421096667E+9	1.593690000E-5
1.421100000E+9	1.505121000E-5
1.421103333E+9	1.537963000E-5
1.421106667E+9	1.516733000E-5
1.421110000E+9	1.508045000E-5
1.421113333E+9	1.518713000E-5
1.421116667E+9	1.510664000E-5
1.421120000E+9	1.538503000E-5
1.421123333E+9	1.508746000E-5
1.421126667E+9	1.543117000E-5
1.421130000E+9	1.532488000E-5
1.421133333E+9	1.559314000E-5
1.421136667E+9	1.533717000E-5
1.421140000E+9	1.528475000E-5
1.421143333E+9	1.520298000E-5
1.421146667E+9	1.514620000E-5
1.421150000E+9	1.490141000E-5
1.421153333E+9	1.504772000E-5
1.421156667E+9	1.520480000E-5
1.421160000E+9	1.533394000E-5
1.421163333E+9	1.511797000E-5
1.421166667E+9	1.507310000E-5
1.421170000E+9	1.576681000E-5
1.421173333E+9	1.536080000E-5
1.421176667E+9	1.661956000E-5
1.421180000E+9	1.749103000E-5
1.421183333E+9	1.497684000E-5
1.421186667E+9	1.513443000E-5
1.421190000E+9	1.513567000E-5
1.421193333E+9	1.488944000E-5
1.421196667E+9	1.528187000E-5
1.421200000E+9	1.525923000E-5
1.421203333E+9	1.484259000E-5
1.421206667E+9	1.541638000E-5
1.421210000E+9	1.522356000E-5
1.421213333E+9	1.521425000E-5
1.421216667E+9	1.498683000E-5
1.421220000E+9	1.502332000E-5
1.421223333E+9	1.514673000E-5
1.421226667E+9	1.502446000E-5
1.421230000E+9	1.499465000E-5
1.421233333E+9	1.503358000E-5
1.421236667E+9	1.537256000E-5
1.421240000E+9	1.502322000E-5
1.421243333E+9	1.524647000E-5
1.421246667E+9	1.565983000E-5
1.421250000E+9	1.512210000E-5
1.421253333E+9	1.498673000E-5
1.421256667E+9	1.530832000E-5
1.421260000E+9	1.530312000E-5
1.421263333E+9	1.519597000E-5
1.421266667E+9	1.541647000E-5
1.421270000E+9	1.501173000E-5
1.421273333E+9	1.509418000E-5
1.421276667E+9	1.534979000E-5
1.421280000E+9	1.544892000E-5
1.421283333E+9	1.535083000E-5
1.421286667E+9	1.516678000E-5
1.421290000E+9	1.538961000E-5
1.421293333E+9	1.493120000E-5
1.421296667E+9	1.503109000E-5
1.421300000E+9	1.525960000E-5
1.421303333E+9	1.505583000E-5
1.421306667E+9	1.520218000E-5
1.421310000E+9	1.537033000E-5
1.421313333E+9	1.498780000E-5
1.421316667E+9	1.482875000E-5
1.421320000E+9	1.530013000E-5
1.421323333E+9	1.488674000E-5
1.421326667E+9	1.487104000E-5
1.421330000E+9	1.500741000E-5
1.421333333E+9	1.493486000E-5
1.421336667E+9	1.493112000E-5
1.421340000E+9	1.515278000E-5
1.421343333E+9	1.497051000E-5
1.421346667E+9	1.498694000E-5
1.421350000E+9	1.475539000E-5
1.421353333E+9	1.508297000E-5
1.421356667E+9	1.536049000E-5
1.421360000E+9	1.517176000E-5
1.421363333E+9	1.497801000E-5
1.421366667E+9	1.557244000E-5
1.421370000E+9	1.514167000E-5
1.421373333E+9	1.503705000E-5
1.421376667E+9	1.490961000E-5
1.421380000E+9	1.531501000E-5
1.421383333E+9	1.520762000E-5
1.421386667E+9	1.517303000E-5
1.421390000E+9	1.512828000E-5
1.421393333E+9	1.540583000E-5
1.421396667E+9	1.527006000E-5
1.421400000E+9	1.509558000E-5
