Frequency, Hz	Amplitude, Volts
1.419400000E+9	1.503999000E-5
1.419403333E+9	1.527603000E-5
1.419406667E+9	1.517916000E-5
1.419410000E+9	1.477054000E-5
1.419413333E+9	1.655378000E-5
1.419416667E+9	1.595601000E-5
1.419420000E+9	1.500314000E-5
1.419423333E+9	1.502995000E-5
1.419426667E+9	1.489380000E-5
1.419430000E+9	1.505411000E-5
1.419433333E+9	1.532145000E-5
1.419436667E+9	1.534911000E-5
1.419440000E+9	1.548682000E-5
1.419443333E+9	1.512034000E-5
1.419446667E+9	1.473452000E-5
1.419450000E+9	1.511055000E-5
1.419453333E+9	1.577356000E-5
1.419456667E+9	1.509485000E-5
1.419460000E+9	1.524577000E-5
1.419463333E+9	1.509617000E-5
1.419466667E+9	1.507481000E-5
1.419470000E+9	1.482570000E-5
1.419473333E+9	1.470588000E-5
1.419476667E+9	1.525414000E-5
1.419480000E+9	1.485498000E-5
1.419483333E+9	1.484735000E-5
1.419486667E+9	1.528175000E-5
1.419490000E+9	1.538113000E-5
1.419493333E+9	1.521617000E-5
1.419496667E+9	1.518316000E-5
1.419500000E+9	1.528180000E-5
1.419503333E+9	1.477963000E-5
1.419506667E+9	1.500321000E-5
1.419510000E+9	1.470841000E-5
1.419513333E+9	1.503456000E-5
1.419516667E+9	1.509037000E-5
1.419520000E+9	1.517008000E-5
1.419523333E+9	1.508954000E-5
1.419526667E+9	1.512184000E-5
1.419530000E+9	1.499241000E-5
1.419533333E+9	1.484311000E-5
1.419536667E+9	1.527945000E-5
1.419540000E+9	1.517906000E-5
1.419543333E+9	1.533552000E-5
1.419546667E+9	1.514783000E-5
1.419550000E+9	1.551617000E-5
1.419553333E+9	1.493099000E-5
1.419556667E+9	1.505709000E-5
1.419560000E+9	1.484070000E-5
1.419563333E+9	1.518006000E-5
1.419566667E+9	1.527655000E-5
1.419570000E+9	1.482403000E-5
1.419573333E+9	1.531470000E-5
1.419576667E+9	1.519867000E-5
1.419580000E+9	1.487359000E-5
1.419583333E+9	1.491201000E-5
1.419586667E+9	1.516998000E-5
1.419590000E+9	1.516532000E-5
1.419593333E+9	1.544468000E-5
1.419596667E+9	1.508747000E-5
1.419600000E+9	1.518011000E-5
1.419603333E+9	1.530563000E-5
1.419606667E+9	1.516327000E-5
1.419610000E+9	1.511077000E-5
1.419613333E+9	1.509878000E-5
1.419616667E+9	1.508146000E-5
1.419620000E+9	1.509398000E-5
1.419623333E+9	1.506351000E-5
1.419626667E+9	1.480353000E-5
1.419630000E+9	1.494434000E-5
1.419633333E+9	1.465993000E-5
1.419636667E+9	1.502913000E-5
1.419640000E+9	1.498324000E-5
1.419643333E+9	1.531960000E-5
1.419646667E+9	1.514618000E-5
1.419650000E+9	1.511085000E-5
1.419653333E+9	1.517776000E-5
1.419656667E+9	1.509551000E-5
1.419660000E+9	1.476226000E-5
1.419663333E+9	1.483077000E-5
1.419666667E+9	1.529444000E-5
1.419670000E+9	1.513140000E-5
1.419673333E+9	1.515099000E-5
1.419676667E+9	1.526743000E-5
1.419680000E+9	1.499840000E-5
1.419683333E+9	1.488824000E-5
1.419686667E+9	1.490910000E-5
1.419690000E+9	1.496028000E-5
1.419693333E+9	1.494045000E-5
1.419696667E+9	1.519332000E-5
1.419700000E+9	1.488195000E-5
1.419703333E+9	1.490520000E-5
1.419706667E+9	1.582296000E-5
1.419710000E+9	1.587264000E-5
1.419713333E+9	1.506134000E-5
1.419716667E+9	1.499158000E-5
1.419720000E+9	1.522257000E-5
1.419723333E+9	1.534546000E-5
1.419726667E+9	1.503368000E-5
1.419730000E+9	1.517321000E-5
1.419733333E+9	1.598699000E-5
1.419736667E+9	1.539984000E-5
1.419740000E+9	1.481817000E-5
1.419743333E+9	1.532147000E-5
1.419746667E+9	1.519305000E-5
1.419750000E+9	1.557215000E-5
1.419753333E+9	1.524666000E-5
1.419756667E+9	1.531704000E-5
1.419760000E+9	1.531201000E-5
1.419763333E+9	1.527569000E-5
1.419766667E+9	1.507330000E-5
1.419770000E+9	1.499642000E-5
1.419773333E+9	1.499451000E-5
1.419776667E+9	1.473151000E-5
1.419780000E+9	1.519967000E-5
1.419783333E+9	1.506399000E-5
1.419786667E+9	1.505808000E-5
1.419790000E+9	1.507294000E-5
1.419793333E+9	1.479937000E-5
1.419796667E+9	1.479728000E-5
1.419800000E+9	1.500644000E-5
1.419803333E+9	1.514270000E-5
1.419806667E+9	1.505142000E-5
1.419810000E+9	1.493335000E-5
1.419813333E+9	1.498219000E-5
1.419816667E+9	1.532441000E-5
1.419820000E+9	1.527623000E-5
1.419823333E+9	1.525496000E-5
1.419826667E+9	1.517298000E-5
1.419830000E+9	1.478690000E-5
1.419833333E+9	1.525093000E-5
1.419836667E+9	1.513672000E-5
1.419840000E+9	1.508486000E-5
1.419843333E+9	1.509591000E-5
1.419846667E+9	1.512044000E-5
1.419850000E+9	1.481781000E-5
1.419853333E+9	1.495047000E-5
1.419856667E+9	1.507885000E-5
1.419860000E+9	1.504405000E-5
1.419863333E+9	1.521622000E-5
1.419866667E+9	1.513965000E-5
1.419870000E+9	1.475315000E-5
1.419873333E+9	1.472119000E-5
1.419876667E+9	1.471218000E-5
1.419880000E+9	1.513426000E-5
1.419883333E+9	1.505777000E-5
1.419886667E+9	1.514039000E-5
1.419890000E+9	1.482214000E-5
1.419893333E+9	1.522608000E-5
1.419896667E+9	1.517456000E-5
1.419900000E+9	1.532093000E-5
1.419903333E+9	1.502669000E-5
1.419906667E+9	1.469485000E-5
1.419910000E+9	1.491567000E-5
1.419913333E+9	1.498262000E-5
1.419916667E+9	1.504442000E-5
1.419920000E+9	1.487591000E-5
1.419923333E+9	1.500006000E-5
1.419926667E+9	1.504083000E-5
1.419930000E+9	1.506597000E-5
1.419933333E+9	1.526837000E-5
1.419936667E+9	1.515428000E-5
1.419940000E+9	1.515709000E-5
1.419943333E+9	1.510252000E-5
1.419946667E+9	1.489580000E-5
1.419950000E+9	1.484025000E-5
1.419953333E+9	1.473452000E-5
1.419956667E+9	1.516965000E-5
1.419960000E+9	1.515609000E-5
1.419963333E+9	1.510217000E-5
1.419966667E+9	1.483427000E-5
1.419970000E+9	1.499428000E-5
1.419973333E+9	1.541099000E-5
1.419976667E+9	1.497587000E-5
1.419980000E+9	1.501478000E-5
1.419983333E+9	1.515162000E-5
1.419986667E+9	1.488996000E-5
1.419990000E+9	1.529332000E-5
1.419993333E+9	1.510960000E-5
1.419996667E+9	1.498114000E-5
1.420000000E+9	1.613895000E-5
1.420003333E+9	1.780032000E-5
1.420006667E+9	1.522025000E-5
1.420010000E+9	1.501305000E-5
1.420013333E+9	1.493715000E-5
1.420016667E+9	1.499153000E-5
1.420020000E+9	1.539512000E-5
1.420023333E+9	1.512855000E-5
1.420026667E+9	1.545550000E-5
1.420030000E+9	1.498293000E-5
1.420033333E+9	1.474635000E-5
1.420036667E+9	1.500840000E-5
1.420040000E+9	1.505193000E-5
1.420043333E+9	1.499470000E-5
1.420046667E+9	1.507092000E-5
1.420050000E+9	1.553833000E-5
1.420053333E+9	1.496729000E-5
1.420056667E+9	1.515005000E-5
1.420060000E+9	1.484952000E-5
1.420063333E+9	1.493030000E-5
1.420066667E+9	1.473338000E-5
1.420070000E+9	1.491902000E-5
1.420073333E+9	1.491088000E-5
1.420076667E+9	1.472839000E-5
1.420080000E+9	1.527804000E-5
1.420083333E+9	1.522270000E-5
1.420086667E+9	1.507261000E-5
1.420090000E+9	1.494809000E-5
1.420093333E+9	1.522523000E-5
1.420096667E+9	1.508525000E-5
1.420100000E+9	1.475135000E-5
1.420103333E+9	1.473769000E-5
1.420106667E+9	1.499784000E-5
1.420110000E+9	1.507044000E-5
1.420113333E+9	1.475482000E-5
1.420116667E+9	1.539578000E-5
1.420120000E+9	1.481649000E-5
1.420123333E+9	1.490048000E-5
1.420126667E+9	1.524965000E-5
1.420130000E+9	1.491766000E-5
1.420133333E+9	1.506304000E-5
1.420136667E+9	1.486151000E-5
1.420140000E+9	1.502439000E-5
1.420143333E+9	1.500209000E-5
1.420146667E+9	1.489527000E-5
1.420150000E+9	1.505187000E-5
1.420153333E+9	1.507913000E-5
1.420156667E+9	1.512131000E-5
1.420160000E+9	1.485081000E-5
1.420163333E+9	1.486338000E-5
1.420166667E+9	1.504532000E-5
1.420170000E+9	1.470362000E-5
1.420173333E+9	1.488195000E-5
1.420176667E+9	1.510383000E-5
1.420180000E+9	1.502847000E-5
1.420183333E+9	1.502558000E-5
1.420186667E+9	1.469968000E-5
1.420190000E+9	1.552786000E-5
1.420193333E+9	1.470457000E-5
1.420196667E+9	1.496412000E-5
1.420200000E+9	1.482012000E-5
1.420203333E+9	1.487775000E-5
1.420206667E+9	1.476414000E-5
1.420210000E+9	1.452527000E-5
1.420213333E+9	1.528078000E-5
1.420216667E+9	1.506013000E-5
1.420220000E+9	1.494573000E-5
1.420223333E+9	1.504795000E-5
1.420226667E+9	1.497530000E-5
1.420230000E+9	1.504047000E-5
1.420233333E+9	1.520077000E-5
1.420236667E+9	1.535422000E-5
1.420240000E+9	1.490177000E-5
1.420243333E+9	1.521321000E-5
1.420246667E+9	1.490514000E-5
1.420250000E+9	1.504024000E-5
1.420253333E+9	1.489913000E-5
1.420256667E+9	1.486394000E-5
1.420260000E+9	1.513536000E-5
1.420263333E+9	1.501509000E-5
1.420266667E+9	1.503974000E-5
1.420270000E+9	1.525910000E-5
1.420273333E+9	1.525168000E-5
1.420276667E+9	1.497089000E-5
1.420280000E+9	1.487898000E-5
1.420283333E+9	1.494887000E-5
1.420286667E+9	1.470061000E-5
1.420290000E+9	1.477072000E-5
1.420293333E+9	1.557940000E-5
1.420296667E+9	1.779002000E-5
1.420300000E+9	1.551484000E-5
1.420303333E+9	1.510737000E-5
1.420306667E+9	1.494658000E-5
1.420310000E+9	1.547917000E-5
1.420313333E+9	1.514031000E-5
1.420316667E+9	1.504301000E-5
1.420320000E+9	1.549046000E-5
1.420323333E+9	1.496461000E-5
1.420326667E+9	1.483645000E-5
1.420330000E+9	1.509950000E-5
1.420333333E+9	1.523924000E-5
1.420336667E+9	1.498818000E-5
1.420340000E+9	1.582429000E-5
1.420343333E+9	1.543618000E-5
1.420346667E+9	1.544695000E-5
1.420350000E+9	1.545102000E-5
1.420353333E+9	1.516661000E-5
1.420356667E+9	1.514450000E-5
1.420360000E+9	1.512386000E-5
1.420363333E+9	1.558954000E-5
1.420366667E+9	1.559369000E-5
1.420370000E+9	1.546321000E-5
1.420373333E+9	1.586613000E-5
1.420376667E+9	1.580395000E-5
1.420380000E+9	1.583642000E-5
1.420383333E+9	1.560708000E-5
1.420386667E+9	1.587034000E-5
1.420390000E+9	1.655035000E-5
1.420393333E+9	1.648532000E-5
1.420396667E+9	1.637486000E-5
1.420400000E+9	1.662710000E-5
1.420403333E+9	1.637022000E-5
1.420406667E+9	1.677766000E-5
1.420410000E+9	1.638108000E-5
1.420413333E+9	1.686293000E-5
1.420416667E+9	1.706844000E-5
1.420420000E+9	1.705481000E-5
1.420423333E+9	1.689532000E-5
1.420426667E+9	1.704835000E-5
1.420430000E+9	1.705087000E-5
1.420433333E+9	1.681523000E-5
1.420436667E+9	1.697496000E-5
1.420440000E+9	1.698201000E-5
1.420443333E+9	1.707684000E-5
1.420446667E+9	1.711658000E-5
1.420450000E+9	1.712607000E-5
1.420453333E+9	1.698421000E-5
1.420456667E+9	1.734335000E-5
1.420460000E+9	1.735272000E-5
1.420463333E+9	1.717590000E-5
1.420466667E+9	1.683348000E-5
1.420470000E+9	1.670775000E-5
1.420473333E+9	1.700236000E-5
1.420476667E+9	1.707082000E-5
1.420480000E+9	1.670707000E-5
1.420483333E+9	1.692083000E-5
1.420486667E+9	1.710548000E-5
1.420490000E+9	1.685332000E-5
1.420493333E+9	1.650018000E-5
1.420496667E+9	1.687415000E-5
1.420500000E+9	1.696913000E-5
1.420503333E+9	1.652921000E-5
1.420506667E+9	1.632544000E-5
1.420510000E+9	1.626973000E-5
1.420513333E+9	1.666569000E-5
1.420516667E+9	1.635558000E-5
1.420520000E+9	1.670632000E-5
1.420523333E+9	1.629011000E-5
1.420526667E+9	1.623335000E-5
1.420530000E+9	1.612018000E-5
1.420533333E+9	1.623029000E-5
1.420536667E+9	1.630802000E-5
1.420540000E+9	1.598447000E-5
1.420543333E+9	1.590225000E-5
1.420546667E+9	1.577763000E-5
1.420550000E+9	1.617821000E-5
1.420553333E+9	1.607747000E-5
1.420556667E+9	1.609151000E-5
1.420560000E+9	1.569150000E-5
1.420563333E+9	1.543117000E-5
1.420566667E+9	1.549347000E-5
1.420570000E+9	1.588232000E-5
1.420573333E+9	1.590862000E-5
1.420576667E+9	1.572585000E-5
1.420580000E+9	1.580078000E-5
1.420583333E+9	1.548108000E-5
1.420586667E+9	1.565177000E-5
1.420590000E+9	1.718496000E-5
1.420593333E+9	1.609570000E-5
1.420596667E+9	1.561119000E-5
1.420600000E+9	1.563942000E-5
1.420603333E+9	1.590134000E-5
1.420606667E+9	1.581890000E-5
1.420610000E+9	1.620561000E-5
1.420613333E+9	1.615925000E-5
1.420616667E+9	1.582873000E-5
1.420620000E+9	1.575432000E-5
1.420623333E+9	1.584489000E-5
1.420626667E+9	1.585972000E-5
1.420630000E+9	1.585902000E-5
1.420633333E+9	1.573330000E-5
1.420636667E+9	1.604853000E-5
1.420640000E+9	1.575823000E-5
1.420643333E+9	1.611826000E-5
1.420646667E+9	1.674533000E-5
1.420650000E+9	1.580987000E-5
1.420653333E+9	1.603599000E-5
1.420656667E+9	1.618597000E-5
1.420660000E+9	1.607837000E-5
1.420663333E+9	1.590558000E-5
1.420666667E+9	1.585101000E-5
1.420670000E+9	1.593206000E-5
1.420673333E+9	1.585220000E-5
1.420676667E+9	1.599451000E-5
1.420680000E+9	1.588793000E-5
1.420683333E+9	1.583245000E-5
1.420686667E+9	1.559507000E-5
1.420690000E+9	1.583063000E-5
1.420693333E+9	1.594235000E-5
1.420696667E+9	1.602523000E-5
1.420700000E+9	1.553152000E-5
1.420703333E+9	1.570301000E-5
1.420706667E+9	1.560525000E-5
1.420710000E+9	1.571186000E-5
1.420713333E+9	1.587613000E-5
1.420716667E+9	1.572311000E-5
1.420720000E+9	1.593465000E-5
1.420723333E+9	1.566353000E-5
1.420726667E+9	1.551453000E-5
1.420730000E+9	1.565185000E-5
1.420733333E+9	1.568524000E-5
1.420736667E+9	1.570949000E-5
1.420740000E+9	1.557355000E-5
1.420743333E+9	1.555509000E-5
1.420746667E+9	1.569226000E-5
1.420750000E+9	1.549022000E-5
1.420753333E+9	1.567672000E-5
1.420756667E+9	1.584743000E-5
1.420760000E+9	1.618615000E-5
1.420763333E+9	1.605759000E-5
1.420766667E+9	1.601778000E-5
1.420770000E+9	1.583119000E-5
1.420773333E+9	1.579408000E-5
1.420776667E+9	1.566093000E-5
1.420780000E+9	1.601538000E-5
1.420783333E+9	1.586689000E-5
1.420786667E+9	1.559990000E-5
1.420790000E+9	1.599056000E-5
1.420793333E+9	1.636212000E-5
1.420796667E+9	1.642483000E-5
1.420800000E+9	1.619321000E-5
1.420803333E+9	1.628584000E-5
1.420806667E+9	1.604432000E-5
1.420810000E+9	1.615975000E-5
1.420813333E+9	1.574531000E-5
1.420816667E+9	1.606524000E-5
1.420820000E+9	1.599879000E-5
1.420823333E+9	1.579445000E-5
1.420826667E+9	1.557738000E-5
1.420830000E+9	1.595107000E-5
1.420833333E+9	1.590490000E-5
1.420836667E+9	1.554696000E-5
1.420840000E+9	1.554166000E-5
1.420843333E+9	1.580237000E-5
1.420846667E+9	1.589504000E-5
1.420850000E+9	1.511457000E-5
1.420853333E+9	1.551962000E-5
1.420856667E+9	1.556392000E-5
1.420860000E+9	1.561827000E-5
1.420863333E+9	1.527053000E-5
1.420866667E+9	1.570118000E-5
1.420870000E+9	1.606060000E-5
1.420873333E+9	1.546912000E-5
1.420876667E+9	1.551170000E-5
1.420880000E+9	1.549381000E-5
1.420883333E+9	2.236023000E-5
1.420886667E+9	2.055406000E-5
1.420890000E+9	1.555151000E-5
1.420893333E+9	1.567170000E-5
1.420896667E+9	1.600828000E-5
1.420900000E+9	1.546339000E-5
1.420903333E+9	1.591704000E-5
1.420906667E+9	1.672142000E-5
1.420910000E+9	1.524466000E-5
1.420913333E+9	1.525714000E-5
1.420916667E+9	1.572501000E-5
1.420920000E+9	1.586607000E-5
1.420923333E+9	1.522486000E-5
1.420926667E+9	1.538737000E-5
1.420930000E+9	1.545920000E-5
1.420933333E+9	1.504883000E-5
1.420936667E+9	1.526376000E-5
1.420940000E+9	1.524833000E-5
1.420943333E+9	1.584204000E-5
1.420946667E+9	1.546752000E-5
1.420950000E+9	1.514304000E-5
1.420953333E+9	1.503279000E-5
1.420956667E+9	1.528784000E-5
1.420960000E+9	1.475443000E-5
1.420963333E+9	1.520112000E-5
1.420966667E+9	1.550661000E-5
1.420970000E+9	1.533333000E-5
1.420973333E+9	1.510226000E-5
1.420976667E+9	1.509445000E-5
1.420980000E+9	1.508390000E-5
1.420983333E+9	1.539597000E-5
1.420986667E+9	1.506013000E-5
1.420990000E+9	1.533185000E-5
1.420993333E+9	1.476431000E-5
1.420996667E+9	1.495333000E-5
1.421000000E+9	1.507270000E-5
1.421003333E+9	1.494120000E-5
1.421006667E+9	1.478360000E-5
1.421010000E+9	1.477294000E-5
1.421013333E+9	1.490625000E-5
1.421016667E+9	1.487168000E-5
1.421020000E+9	1.519623000E-5
1.421023333E+9	1.473437000E-5
1.421026667E+9	1.492648000E-5
1.421030000E+9	1.507363000E-5
1.421033333E+9	1.493577000E-5
1.421036667E+9	1.497477000E-5
1.421040000E+9	1.486755000E-5
1.421043333E+9	1.477911000E-5
1.421046667E+9	1.461936000E-5
1.421050000E+9	1.494092000E-5
1.421053333E+9	1.484518000E-5
1.421056667E+9	1.548548000E-5
1.421060000E+9	1.496611000E-5
1.421063333E+9	1.506840000E-5
1.421066667E+9	1.485332000E-5
1.421070000E+9	1.454435000E-5
1.421073333E+9	1.492836000E-5
1.421076667E+9	1.469545000E-5
1.421080000E+9	1.497472000E-5
1.421083333E+9	1.489289000E-5
1.421086667E+9	1.500613000E-5
1.421090000E+9	1.477873000E-5
1.421093333E+9	1.565426000E-5
1.421096667E+9	1.525464000E-5
1.421100000E+9	1.492248000E-5
1.421103333E+9	1.501575000E-5
1.421106667E+9	1.491367000E-5
1.421110000E+9	1.493031000E-5
1.421113333E+9	1.502476000E-5
1.421116667E+9	1.505468000E-5
1.421120000E+9	1.496217000E-5
1.421123333E+9	1.491906000E-5
1.421126667E+9	1.490797000E-5
1.421130000E+9	1.526468000E-5
1.421133333E+9	1.508486000E-5
1.421136667E+9	1.545022000E-5
1.421140000E+9	1.503216000E-5
1.421143333E+9	1.489974000E-5
1.421146667E+9	1.497689000E-5
1.421150000E+9	1.484117000E-5
1.421153333E+9	1.510519000E-5
1.421156667E+9	1.500199000E-5
1.421160000E+9	1.469679000E-5
1.421163333E+9	1.476362000E-5
1.421166667E+9	1.502274000E-5
1.421170000E+9	1.471920000E-5
1.421173333E+9	1.489697000E-5
1.421176667E+9	1.879256000E-5
1.421180000E+9	2.330813000E-5
1.421183333E+9	1.521259000E-5
1.421186667E+9	1.502738000E-5
1.421190000E+9	1.500739000E-5
1.421193333E+9	1.465551000E-5
1.421196667E+9	1.505651000E-5
1.421200000E+9	1.504797000E-5
1.421203333E+9	1.500244000E-5
1.421206667E+9	1.522376000E-5
1.421210000E+9	1.496056000E-5
1.421213333E+9	1.523079000E-5
1.421216667E+9	1.502123000E-5
1.421220000E+9	1.517906000E-5
1.421223333E+9	1.483484000E-5
1.421226667E+9	1.455354000E-5
1.421230000E+9	1.496452000E-5
1.421233333E+9	1.488798000E-5
1.421236667E+9	1.484579000E-5
1.421240000E+9	1.509636000E-5
1.421243333E+9	1.510710000E-5
1.421246667E+9	1.504118000E-5
1.421250000E+9	1.496808000E-5
1.421253333E+9	1.453941000E-5
1.421256667E+9	1.467169000E-5
1.421260000E+9	1.506559000E-5
1.421263333E+9	1.520815000E-5
1.421266667E+9	1.470454000E-5
1.421270000E+9	1.517579000E-5
1.421273333E+9	1.497434000E-5
1.421276667E+9	1.501547000E-5
1.421280000E+9	1.521884000E-5
1.421283333E+9	1.506938000E-5
1.421286667E+9	1.473942000E-5
1.421290000E+9	1.484298000E-5
1.421293333E+9	1.500468000E-5
1.421296667E+9	1.486815000E-5
1.421300000E+9	1.480230000E-5
1.421303333E+9	1.491098000E-5
1.421306667E+9	1.496729000E-5
1.421310000E+9	1.470381000E-5
1.421313333E+9	1.481984000E-5
1.421316667E+9	1.502489000E-5
1.421320000E+9	1.478964000E-5
1.421323333E+9	1.491568000E-5
1.421326667E+9	1.499099000E-5
1.421330000E+9	1.458638000E-5
1.421333333E+9	1.488960000E-5
1.421336667E+9	1.472931000E-5
1.421340000E+9	1.476457000E-5
1.421343333E+9	1.483948000E-5
1.421346667E+9	1.485968000E-5
1.421350000E+9	1.487003000E-5
1.421353333E+9	1.541647000E-5
1.421356667E+9	1.625302000E-5
1.421360000E+9	1.529503000E-5
1.421363333E+9	1.487885000E-5
1.421366667E+9	1.525034000E-5
1.421370000E+9	1.474306000E-5
1.421373333E+9	1.479200000E-5
1.421376667E+9	1.480295000E-5
1.421380000E+9	1.499641000E-5
1.421383333E+9	1.472294000E-5
1.421386667E+9	1.491981000E-5
1.421390000E+9	1.482909000E-5
1.421393333E+9	1.526518000E-5
1.421396667E+9	1.475446000E-5
1.421400000E+9	1.486159000E-5
