Frequency, Hz	Amplitude, Volts
1.419400000E+9	1.549652000E-5
1.419403333E+9	1.581458000E-5
1.419406667E+9	1.574733000E-5
1.419410000E+9	1.594884000E-5
1.419413333E+9	1.608116000E-5
1.419416667E+9	1.617682000E-5
1.419420000E+9	1.581525000E-5
1.419423333E+9	1.548903000E-5
1.419426667E+9	1.557923000E-5
1.419430000E+9	1.561044000E-5
1.419433333E+9	1.591323000E-5
1.419436667E+9	1.559384000E-5
1.419440000E+9	1.583748000E-5
1.419443333E+9	1.584313000E-5
1.419446667E+9	1.641682000E-5
1.419450000E+9	1.794313000E-5
1.419453333E+9	1.673388000E-5
1.419456667E+9	1.600292000E-5
1.419460000E+9	1.614575000E-5
1.419463333E+9	1.601748000E-5
1.419466667E+9	1.543557000E-5
1.419470000E+9	1.619591000E-5
1.419473333E+9	1.600361000E-5
1.419476667E+9	1.563517000E-5
1.419480000E+9	1.579629000E-5
1.419483333E+9	1.570334000E-5
1.419486667E+9	1.556457000E-5
1.419490000E+9	1.555424000E-5
1.419493333E+9	1.588586000E-5
1.419496667E+9	1.570817000E-5
1.419500000E+9	1.561068000E-5
1.419503333E+9	1.586761000E-5
1.419506667E+9	1.576176000E-5
1.419510000E+9	1.582653000E-5
1.419513333E+9	1.560934000E-5
1.419516667E+9	1.589364000E-5
1.419520000E+9	1.575655000E-5
1.419523333E+9	1.593423000E-5
1.419526667E+9	1.559429000E-5
1.419530000E+9	1.597099000E-5
1.419533333E+9	1.595844000E-5
1.419536667E+9	1.590115000E-5
1.419540000E+9	1.588460000E-5
1.419543333E+9	1.587857000E-5
1.419546667E+9	1.541080000E-5
1.419550000E+9	1.575039000E-5
1.419553333E+9	1.552177000E-5
1.419556667E+9	1.543085000E-5
1.419560000E+9	1.565268000E-5
1.419563333E+9	1.604486000E-5
1.419566667E+9	1.617095000E-5
1.419570000E+9	1.596505000E-5
1.419573333E+9	1.530554000E-5
1.419576667E+9	1.549014000E-5
1.419580000E+9	1.561599000E-5
1.419583333E+9	1.536385000E-5
1.419586667E+9	1.570306000E-5
1.419590000E+9	1.571346000E-5
1.419593333E+9	1.584031000E-5
1.419596667E+9	1.564153000E-5
1.419600000E+9	1.600194000E-5
1.419603333E+9	1.593267000E-5
1.419606667E+9	1.564905000E-5
1.419610000E+9	1.584844000E-5
1.419613333E+9	1.518863000E-5
1.419616667E+9	1.565937000E-5
1.419620000E+9	1.563270000E-5
1.419623333E+9	1.569532000E-5
1.419626667E+9	1.551371000E-5
1.419630000E+9	1.577826000E-5
1.419633333E+9	1.592529000E-5
1.419636667E+9	1.592430000E-5
1.419640000E+9	1.559233000E-5
1.419643333E+9	1.579221000E-5
1.419646667E+9	1.594107000E-5
1.419650000E+9	1.557728000E-5
1.419653333E+9	1.592443000E-5
1.419656667E+9	1.582856000E-5
1.419660000E+9	1.567965000E-5
1.419663333E+9	1.549038000E-5
1.419666667E+9	1.603741000E-5
1.419670000E+9	1.589235000E-5
1.419673333E+9	1.572962000E-5
1.419676667E+9	1.581475000E-5
1.419680000E+9	1.584581000E-5
1.419683333E+9	1.558169000E-5
1.419686667E+9	1.549392000E-5
1.419690000E+9	1.570191000E-5
1.419693333E+9	1.546144000E-5
1.419696667E+9	1.563804000E-5
1.419700000E+9	1.554845000E-5
1.419703333E+9	1.572620000E-5
1.419706667E+9	1.586283000E-5
1.419710000E+9	1.626079000E-5
1.419713333E+9	1.592989000E-5
1.419716667E+9	1.615646000E-5
1.419720000E+9	1.584092000E-5
1.419723333E+9	1.549307000E-5
1.419726667E+9	1.561116000E-5
1.419730000E+9	1.584600000E-5
1.419733333E+9	1.660359000E-5
1.419736667E+9	1.622542000E-5
1.419740000E+9	1.622200000E-5
1.419743333E+9	1.780321000E-5
1.419746667E+9	1.632895000E-5
1.419750000E+9	1.671447000E-5
1.419753333E+9	1.613390000E-5
1.419756667E+9	1.546817000E-5
1.419760000E+9	1.625395000E-5
1.419763333E+9	1.563830000E-5
1.419766667E+9	1.585474000E-5
1.419770000E+9	1.579445000E-5
1.419773333E+9	1.563641000E-5
1.419776667E+9	1.541740000E-5
1.419780000E+9	1.573606000E-5
1.419783333E+9	1.626916000E-5
1.419786667E+9	1.564194000E-5
1.419790000E+9	1.597406000E-5
1.419793333E+9	1.616612000E-5
1.419796667E+9	1.601417000E-5
1.419800000E+9	1.571458000E-5
1.419803333E+9	1.613098000E-5
1.419806667E+9	1.572993000E-5
1.419810000E+9	1.577469000E-5
1.419813333E+9	1.610510000E-5
1.419816667E+9	1.603395000E-5
1.419820000E+9	1.574875000E-5
1.419823333E+9	1.610972000E-5
1.419826667E+9	1.571948000E-5
1.419830000E+9	1.590334000E-5
1.419833333E+9	1.599951000E-5
1.419836667E+9	1.582868000E-5
1.419840000E+9	1.569438000E-5
1.419843333E+9	1.548511000E-5
1.419846667E+9	1.583398000E-5
1.419850000E+9	1.549126000E-5
1.419853333E+9	1.607329000E-5
1.419856667E+9	1.564622000E-5
1.419860000E+9	1.558080000E-5
1.419863333E+9	1.613682000E-5
1.419866667E+9	1.577668000E-5
1.419870000E+9	1.620749000E-5
1.419873333E+9	1.585173000E-5
1.419876667E+9	1.557327000E-5
1.419880000E+9	1.577126000E-5
1.419883333E+9	1.586973000E-5
1.419886667E+9	1.568096000E-5
1.419890000E+9	1.610482000E-5
1.419893333E+9	1.572755000E-5
1.419896667E+9	1.578758000E-5
1.419900000E+9	1.631046000E-5
1.419903333E+9	1.560146000E-5
1.419906667E+9	1.587587000E-5
1.419910000E+9	1.556221000E-5
1.419913333E+9	1.583357000E-5
1.419916667E+9	1.568581000E-5
1.419920000E+9	1.566645000E-5
1.419923333E+9	1.579386000E-5
1.419926667E+9	1.535409000E-5
1.419930000E+9	1.574508000E-5
1.419933333E+9	1.539512000E-5
1.419936667E+9	1.577601000E-5
1.419940000E+9	1.549046000E-5
1.419943333E+9	1.560465000E-5
1.419946667E+9	1.566461000E-5
1.419950000E+9	1.579882000E-5
1.419953333E+9	1.552349000E-5
1.419956667E+9	1.528351000E-5
1.419960000E+9	1.556473000E-5
1.419963333E+9	1.562136000E-5
1.419966667E+9	1.570986000E-5
1.419970000E+9	1.616951000E-5
1.419973333E+9	1.586257000E-5
1.419976667E+9	1.547904000E-5
1.419980000E+9	1.549417000E-5
1.419983333E+9	1.558463000E-5
1.419986667E+9	1.570918000E-5
1.419990000E+9	1.554923000E-5
1.419993333E+9	1.552830000E-5
1.419996667E+9	1.570211000E-5
1.420000000E+9	1.668504000E-5
1.420003333E+9	1.759684000E-5
1.420006667E+9	1.571881000E-5
1.420010000E+9	1.574185000E-5
1.420013333E+9	1.577221000E-5
1.420016667E+9	1.557514000E-5
1.420020000E+9	1.578281000E-5
1.420023333E+9	1.580010000E-5
1.420026667E+9	1.566664000E-5
1.420030000E+9	1.537090000E-5
1.420033333E+9	1.627504000E-5
1.420036667E+9	1.698219000E-5
1.420040000E+9	1.633069000E-5
1.420043333E+9	1.528541000E-5
1.420046667E+9	1.553289000E-5
1.420050000E+9	1.570179000E-5
1.420053333E+9	1.588872000E-5
1.420056667E+9	1.598924000E-5
1.420060000E+9	1.556427000E-5
1.420063333E+9	1.582762000E-5
1.420066667E+9	1.548397000E-5
1.420070000E+9	1.576631000E-5
1.420073333E+9	1.590324000E-5
1.420076667E+9	1.570810000E-5
1.420080000E+9	1.552034000E-5
1.420083333E+9	1.568233000E-5
1.420086667E+9	1.588865000E-5
1.420090000E+9	1.582538000E-5
1.420093333E+9	1.580033000E-5
1.420096667E+9	1.567108000E-5
1.420100000E+9	1.561877000E-5
1.420103333E+9	1.601289000E-5
1.420106667E+9	1.565015000E-5
1.420110000E+9	1.573447000E-5
1.420113333E+9	1.593724000E-5
1.420116667E+9	1.554736000E-5
1.420120000E+9	1.555311000E-5
1.420123333E+9	1.579708000E-5
1.420126667E+9	1.577628000E-5
1.420130000E+9	1.561906000E-5
1.420133333E+9	1.551542000E-5
1.420136667E+9	1.549577000E-5
1.420140000E+9	1.541412000E-5
1.420143333E+9	1.572095000E-5
1.420146667E+9	1.564599000E-5
1.420150000E+9	1.543776000E-5
1.420153333E+9	1.577479000E-5
1.420156667E+9	1.558559000E-5
1.420160000E+9	1.593239000E-5
1.420163333E+9	1.576219000E-5
1.420166667E+9	1.573846000E-5
1.420170000E+9	1.566167000E-5
1.420173333E+9	1.560939000E-5
1.420176667E+9	1.524684000E-5
1.420180000E+9	1.576553000E-5
1.420183333E+9	1.566511000E-5
1.420186667E+9	1.558833000E-5
1.420190000E+9	1.581883000E-5
1.420193333E+9	1.558860000E-5
1.420196667E+9	1.583423000E-5
1.420200000E+9	1.593470000E-5
1.420203333E+9	1.548495000E-5
1.420206667E+9	1.539269000E-5
1.420210000E+9	1.572071000E-5
1.420213333E+9	1.521470000E-5
1.420216667E+9	1.592952000E-5
1.420220000E+9	1.557242000E-5
1.420223333E+9	1.563978000E-5
1.420226667E+9	1.583503000E-5
1.420230000E+9	1.558806000E-5
1.420233333E+9	1.570674000E-5
1.420236667E+9	1.591381000E-5
1.420240000E+9	1.598627000E-5
1.420243333E+9	1.607980000E-5
1.420246667E+9	1.566003000E-5
1.420250000E+9	1.562538000E-5
1.420253333E+9	1.584301000E-5
1.420256667E+9	1.569977000E-5
1.420260000E+9	1.580472000E-5
1.420263333E+9	1.528611000E-5
1.420266667E+9	1.554582000E-5
1.420270000E+9	1.565381000E-5
1.420273333E+9	1.582583000E-5
1.420276667E+9	1.579098000E-5
1.420280000E+9	1.585634000E-5
1.420283333E+9	1.592989000E-5
1.420286667E+9	1.573154000E-5
1.420290000E+9	1.599254000E-5
1.420293333E+9	1.590960000E-5
1.420296667E+9	1.605856000E-5
1.420300000E+9	1.621783000E-5
1.420303333E+9	1.602453000E-5
1.420306667E+9	1.615824000E-5
1.420310000E+9	1.663656000E-5
1.420313333E+9	1.632092000E-5
1.420316667E+9	1.634734000E-5
1.420320000E+9	1.670126000E-5
1.420323333E+9	1.607592000E-5
1.420326667E+9	1.688153000E-5
1.420330000E+9	1.786864000E-5
1.420333333E+9	1.721988000E-5
1.420336667E+9	1.675910000E-5
1.420340000E+9	1.692263000E-5
1.420343333E+9	1.705099000E-5
1.420346667E+9	1.714767000E-5
1.420350000E+9	1.731572000E-5
1.420353333E+9	1.740859000E-5
1.420356667E+9	1.715206000E-5
1.420360000E+9	1.751527000E-5
1.420363333E+9	1.729544000E-5
1.420366667E+9	1.767511000E-5
1.420370000E+9	1.752498000E-5
1.420373333E+9	1.793304000E-5
1.420376667E+9	1.811620000E-5
1.420380000E+9	1.787342000E-5
1.420383333E+9	1.809199000E-5
1.420386667E+9	1.828701000E-5
1.420390000E+9	1.845031000E-5
1.420393333E+9	1.878895000E-5
1.420396667E+9	1.841827000E-5
1.420400000E+9	1.819418000E-5
1.420403333E+9	1.812006000E-5
1.420406667E+9	1.839268000E-5
1.420410000E+9	1.844879000E-5
1.420413333E+9	1.842067000E-5
1.420416667E+9	1.834914000E-5
1.420420000E+9	1.805399000E-5
1.420423333E+9	1.801660000E-5
1.420426667E+9	1.779043000E-5
1.420430000E+9	1.812979000E-5
1.420433333E+9	1.781682000E-5
1.420436667E+9	1.778106000E-5
1.420440000E+9	1.768565000E-5
1.420443333E+9	1.749732000E-5
1.420446667E+9	1.745514000E-5
1.420450000E+9	1.758070000E-5
1.420453333E+9	1.737779000E-5
1.420456667E+9	1.730410000E-5
1.420460000E+9	1.781821000E-5
1.420463333E+9	1.719454000E-5
1.420466667E+9	1.687597000E-5
1.420470000E+9	1.705743000E-5
1.420473333E+9	1.685645000E-5
1.420476667E+9	1.690755000E-5
1.420480000E+9	1.698229000E-5
1.420483333E+9	1.705584000E-5
1.420486667E+9	1.728016000E-5
1.420490000E+9	1.682492000E-5
1.420493333E+9	1.707013000E-5
1.420496667E+9	1.734753000E-5
1.420500000E+9	1.677667000E-5
1.420503333E+9	1.658466000E-5
1.420506667E+9	1.665808000E-5
1.420510000E+9	1.666292000E-5
1.420513333E+9	1.677858000E-5
1.420516667E+9	1.668868000E-5
1.420520000E+9	1.659814000E-5
1.420523333E+9	1.627293000E-5
1.420526667E+9	1.700423000E-5
1.420530000E+9	1.662360000E-5
1.420533333E+9	1.653348000E-5
1.420536667E+9	1.621908000E-5
1.420540000E+9	1.636672000E-5
1.420543333E+9	1.642272000E-5
1.420546667E+9	1.641199000E-5
1.420550000E+9	1.640979000E-5
1.420553333E+9	1.667076000E-5
1.420556667E+9	1.632775000E-5
1.420560000E+9	1.644787000E-5
1.420563333E+9	1.622027000E-5
1.420566667E+9	1.625838000E-5
1.420570000E+9	1.629686000E-5
1.420573333E+9	1.637272000E-5
1.420576667E+9	1.628430000E-5
1.420580000E+9	1.647641000E-5
1.420583333E+9	1.618715000E-5
1.420586667E+9	1.596803000E-5
1.420590000E+9	1.783612000E-5
1.420593333E+9	1.642493000E-5
1.420596667E+9	1.649357000E-5
1.420600000E+9	1.608173000E-5
1.420603333E+9	1.612292000E-5
1.420606667E+9	1.666538000E-5
1.420610000E+9	1.652834000E-5
1.420613333E+9	1.612543000E-5
1.420616667E+9	1.585937000E-5
1.420620000E+9	1.750898000E-5
1.420623333E+9	1.812991000E-5
1.420626667E+9	1.730946000E-5
1.420630000E+9	1.608067000E-5
1.420633333E+9	1.579880000E-5
1.420636667E+9	1.583988000E-5
1.420640000E+9	1.613530000E-5
1.420643333E+9	1.635701000E-5
1.420646667E+9	1.658331000E-5
1.420650000E+9	1.578481000E-5
1.420653333E+9	1.594996000E-5
1.420656667E+9	1.584830000E-5
1.420660000E+9	1.602823000E-5
1.420663333E+9	1.635811000E-5
1.420666667E+9	1.635558000E-5
1.420670000E+9	1.618185000E-5
1.420673333E+9	1.622772000E-5
1.420676667E+9	1.631175000E-5
1.420680000E+9	1.634456000E-5
1.420683333E+9	1.636880000E-5
1.420686667E+9	1.635420000E-5
1.420690000E+9	1.636533000E-5
1.420693333E+9	1.658855000E-5
1.420696667E+9	1.625504000E-5
1.420700000E+9	1.644937000E-5
1.420703333E+9	1.630235000E-5
1.420706667E+9	1.631345000E-5
1.420710000E+9	1.612384000E-5
1.420713333E+9	1.638687000E-5
1.420716667E+9	1.638333000E-5
1.420720000E+9	1.690828000E-5
1.420723333E+9	1.640138000E-5
1.420726667E+9	1.637700000E-5
1.420730000E+9	1.657475000E-5
1.420733333E+9	1.652007000E-5
1.420736667E+9	1.649219000E-5
1.420740000E+9	1.635515000E-5
1.420743333E+9	1.664776000E-5
1.420746667E+9	1.684570000E-5
1.420750000E+9	1.681593000E-5
1.420753333E+9	1.648095000E-5
1.420756667E+9	1.733093000E-5
1.420760000E+9	1.679224000E-5
1.420763333E+9	1.641453000E-5
1.420766667E+9	1.652322000E-5
1.420770000E+9	1.609361000E-5
1.420773333E+9	1.636089000E-5
1.420776667E+9	1.655211000E-5
1.420780000E+9	1.644585000E-5
1.420783333E+9	1.624219000E-5
1.420786667E+9	1.633302000E-5
1.420790000E+9	1.648517000E-5
1.420793333E+9	1.707077000E-5
1.420796667E+9	1.708489000E-5
1.420800000E+9	1.606491000E-5
1.420803333E+9	1.662608000E-5
1.420806667E+9	1.633078000E-5
1.420810000E+9	1.664422000E-5
1.420813333E+9	1.643818000E-5
1.420816667E+9	1.679488000E-5
1.420820000E+9	1.614710000E-5
1.420823333E+9	1.645680000E-5
1.420826667E+9	1.562793000E-5
1.420830000E+9	1.615260000E-5
1.420833333E+9	1.599511000E-5
1.420836667E+9	1.587984000E-5
1.420840000E+9	1.591625000E-5
1.420843333E+9	1.581927000E-5
1.420846667E+9	1.585773000E-5
1.420850000E+9	1.580347000E-5
1.420853333E+9	1.576925000E-5
1.420856667E+9	1.555250000E-5
1.420860000E+9	1.560461000E-5
1.420863333E+9	1.601969000E-5
1.420866667E+9	1.552656000E-5
1.420870000E+9	1.590032000E-5
1.420873333E+9	1.585476000E-5
1.420876667E+9	1.555045000E-5
1.420880000E+9	1.562562000E-5
1.420883333E+9	1.790338000E-5
1.420886667E+9	1.688928000E-5
1.420890000E+9	1.564897000E-5
1.420893333E+9	1.598692000E-5
1.420896667E+9	1.616353000E-5
1.420900000E+9	1.660685000E-5
1.420903333E+9	1.589182000E-5
1.420906667E+9	1.658783000E-5
1.420910000E+9	1.570065000E-5
1.420913333E+9	2.052386000E-5
1.420916667E+9	1.979291000E-5
1.420920000E+9	1.801542000E-5
1.420923333E+9	1.592886000E-5
1.420926667E+9	1.560919000E-5
1.420930000E+9	1.596442000E-5
1.420933333E+9	1.581036000E-5
1.420936667E+9	1.547462000E-5
1.420940000E+9	1.575520000E-5
1.420943333E+9	1.642728000E-5
1.420946667E+9	1.589472000E-5
1.420950000E+9	1.589921000E-5
1.420953333E+9	1.560047000E-5
1.420956667E+9	1.562452000E-5
1.420960000E+9	1.562821000E-5
1.420963333E+9	1.538042000E-5
1.420966667E+9	1.558323000E-5
1.420970000E+9	1.576894000E-5
1.420973333E+9	1.588188000E-5
1.420976667E+9	1.565656000E-5
1.420980000E+9	1.598264000E-5
1.420983333E+9	1.590680000E-5
1.420986667E+9	1.570191000E-5
1.420990000E+9	1.632849000E-5
1.420993333E+9	1.535486000E-5
1.420996667E+9	1.551852000E-5
1.421000000E+9	1.572508000E-5
1.421003333E+9	1.555099000E-5
1.421006667E+9	1.558456000E-5
1.421010000E+9	1.562970000E-5
1.421013333E+9	1.549398000E-5
1.421016667E+9	1.653184000E-5
1.421020000E+9	1.667705000E-5
1.421023333E+9	1.554976000E-5
1.421026667E+9	1.518936000E-5
1.421030000E+9	1.533560000E-5
1.421033333E+9	1.532195000E-5
1.421036667E+9	1.534357000E-5
1.421040000E+9	1.573444000E-5
1.421043333E+9	1.531469000E-5
1.421046667E+9	1.537619000E-5
1.421050000E+9	1.539058000E-5
1.421053333E+9	1.536955000E-5
1.421056667E+9	1.582264000E-5
1.421060000E+9	1.537357000E-5
1.421063333E+9	1.577873000E-5
1.421066667E+9	1.582347000E-5
1.421070000E+9	1.531526000E-5
1.421073333E+9	1.552177000E-5
1.421076667E+9	1.545499000E-5
1.421080000E+9	1.555654000E-5
1.421083333E+9	1.590663000E-5
1.421086667E+9	1.637227000E-5
1.421090000E+9	1.587838000E-5
1.421093333E+9	1.599082000E-5
1.421096667E+9	1.543451000E-5
1.421100000E+9	1.578566000E-5
1.421103333E+9	1.569903000E-5
1.421106667E+9	1.563147000E-5
1.421110000E+9	1.537004000E-5
1.421113333E+9	1.532621000E-5
1.421116667E+9	1.568449000E-5
1.421120000E+9	1.585394000E-5
1.421123333E+9	1.554744000E-5
1.421126667E+9	1.557669000E-5
1.421130000E+9	1.555934000E-5
1.421133333E+9	1.552982000E-5
1.421136667E+9	1.564436000E-5
1.421140000E+9	1.561452000E-5
1.421143333E+9	1.534610000E-5
1.421146667E+9	1.550428000E-5
1.421150000E+9	1.628873000E-5
1.421153333E+9	1.786199000E-5
1.421156667E+9	1.660224000E-5
1.421160000E+9	1.571686000E-5
1.421163333E+9	1.556111000E-5
1.421166667E+9	1.597431000E-5
1.421170000E+9	1.540657000E-5
1.421173333E+9	1.540995000E-5
1.421176667E+9	1.612379000E-5
1.421180000E+9	1.696227000E-5
1.421183333E+9	1.540671000E-5
1.421186667E+9	1.559670000E-5
1.421190000E+9	1.545330000E-5
1.421193333E+9	1.555564000E-5
1.421196667E+9	1.545820000E-5
1.421200000E+9	1.570939000E-5
1.421203333E+9	1.576013000E-5
1.421206667E+9	1.761308000E-5
1.421210000E+9	1.680779000E-5
1.421213333E+9	1.652814000E-5
1.421216667E+9	1.597927000E-5
1.421220000E+9	1.851691000E-5
1.421223333E+9	1.699068000E-5
1.421226667E+9	1.575605000E-5
1.421230000E+9	1.559574000E-5
1.421233333E+9	1.573445000E-5
1.421236667E+9	1.559507000E-5
1.421240000E+9	1.564574000E-5
1.421243333E+9	1.590782000E-5
1.421246667E+9	1.515468000E-5
1.421250000E+9	1.567190000E-5
1.421253333E+9	1.569232000E-5
1.421256667E+9	1.565553000E-5
1.421260000E+9	1.557430000E-5
1.421263333E+9	1.563114000E-5
1.421266667E+9	1.545874000E-5
1.421270000E+9	1.569915000E-5
1.421273333E+9	1.567232000E-5
1.421276667E+9	1.559223000E-5
1.421280000E+9	1.592269000E-5
1.421283333E+9	1.617111000E-5
1.421286667E+9	1.903533000E-5
1.421290000E+9	1.987115000E-5
1.421293333E+9	1.617238000E-5
1.421296667E+9	1.588698000E-5
1.421300000E+9	1.583489000E-5
1.421303333E+9	1.563717000E-5
1.421306667E+9	1.601364000E-5
1.421310000E+9	1.628453000E-5
1.421313333E+9	1.594126000E-5
1.421316667E+9	1.616590000E-5
1.421320000E+9	1.582041000E-5
1.421323333E+9	1.593211000E-5
1.421326667E+9	1.603979000E-5
1.421330000E+9	1.626150000E-5
1.421333333E+9	1.618182000E-5
1.421336667E+9	1.614301000E-5
1.421340000E+9	1.593505000E-5
1.421343333E+9	1.631442000E-5
1.421346667E+9	1.646187000E-5
1.421350000E+9	1.672971000E-5
1.421353333E+9	2.119865000E-5
1.421356667E+9	2.577666000E-5
1.421360000E+9	1.887728000E-5
1.421363333E+9	1.654455000E-5
1.421366667E+9	1.612878000E-5
1.421370000E+9	1.603544000E-5
1.421373333E+9	1.594532000E-5
1.421376667E+9	1.593925000E-5
1.421380000E+9	1.627808000E-5
1.421383333E+9	1.627618000E-5
1.421386667E+9	1.601236000E-5
1.421390000E+9	1.613211000E-5
1.421393333E+9	1.636699000E-5
1.421396667E+9	1.595515000E-5
1.421400000E+9	1.638847000E-5
