Frequency, Hz	Amplitude, Volts
1.419400000E+9	1.475448000E-5
1.419403333E+9	1.509175000E-5
1.419406667E+9	1.489559000E-5
1.419410000E+9	1.492456000E-5
1.419413333E+9	1.633731000E-5
1.419416667E+9	1.545828000E-5
1.419420000E+9	1.515984000E-5
1.419423333E+9	1.496133000E-5
1.419426667E+9	1.489191000E-5
1.419430000E+9	1.514427000E-5
1.419433333E+9	1.472074000E-5
1.419436667E+9	1.466128000E-5
1.419440000E+9	1.517611000E-5
1.419443333E+9	1.504182000E-5
1.419446667E+9	1.472223000E-5
1.419450000E+9	1.514922000E-5
1.419453333E+9	1.561560000E-5
1.419456667E+9	1.515749000E-5
1.419460000E+9	1.479398000E-5
1.419463333E+9	1.471111000E-5
1.419466667E+9	1.487285000E-5
1.419470000E+9	1.458371000E-5
1.419473333E+9	1.478646000E-5
1.419476667E+9	1.460087000E-5
1.419480000E+9	1.480590000E-5
1.419483333E+9	1.484253000E-5
1.419486667E+9	1.499150000E-5
1.419490000E+9	1.525645000E-5
1.419493333E+9	1.486921000E-5
1.419496667E+9	1.479295000E-5
1.419500000E+9	1.468760000E-5
1.419503333E+9	1.484665000E-5
1.419506667E+9	1.499308000E-5
1.419510000E+9	1.491696000E-5
1.419513333E+9	1.492825000E-5
1.419516667E+9	1.494083000E-5
1.419520000E+9	1.476046000E-5
1.419523333E+9	1.467841000E-5
1.419526667E+9	1.497712000E-5
1.419530000E+9	1.503568000E-5
1.419533333E+9	1.476717000E-5
1.419536667E+9	1.477531000E-5
1.419540000E+9	1.486074000E-5
1.419543333E+9	1.469326000E-5
1.419546667E+9	1.444259000E-5
1.419550000E+9	1.488806000E-5
1.419553333E+9	1.478852000E-5
1.419556667E+9	1.455654000E-5
1.419560000E+9	1.480228000E-5
1.419563333E+9	1.501437000E-5
1.419566667E+9	1.467913000E-5
1.419570000E+9	1.476378000E-5
1.419573333E+9	1.500171000E-5
1.419576667E+9	1.442663000E-5
1.419580000E+9	1.487053000E-5
1.419583333E+9	1.484937000E-5
1.419586667E+9	1.493766000E-5
1.419590000E+9	1.479047000E-5
1.419593333E+9	1.468884000E-5
1.419596667E+9	1.482785000E-5
1.419600000E+9	1.515468000E-5
1.419603333E+9	1.525391000E-5
1.419606667E+9	1.482018000E-5
1.419610000E+9	1.449107000E-5
1.419613333E+9	1.475529000E-5
1.419616667E+9	1.468590000E-5
1.419620000E+9	1.477205000E-5
1.419623333E+9	1.474475000E-5
1.419626667E+9	1.487396000E-5
1.419630000E+9	1.492699000E-5
1.419633333E+9	1.479901000E-5
1.419636667E+9	1.468534000E-5
1.419640000E+9	1.508103000E-5
1.419643333E+9	1.476349000E-5
1.419646667E+9	1.469897000E-5
1.419650000E+9	1.481119000E-5
1.419653333E+9	1.475879000E-5
1.419656667E+9	1.518459000E-5
1.419660000E+9	1.493384000E-5
1.419663333E+9	1.491098000E-5
1.419666667E+9	1.489668000E-5
1.419670000E+9	1.500819000E-5
1.419673333E+9	1.483212000E-5
1.419676667E+9	1.469403000E-5
1.419680000E+9	1.475116000E-5
1.419683333E+9	1.503286000E-5
1.419686667E+9	1.503707000E-5
1.419690000E+9	1.502934000E-5
1.419693333E+9	1.454145000E-5
1.419696667E+9	1.452771000E-5
1.419700000E+9	1.516572000E-5
1.419703333E+9	1.498010000E-5
1.419706667E+9	1.563869000E-5
1.419710000E+9	1.483694000E-5
1.419713333E+9	1.492871000E-5
1.419716667E+9	1.482985000E-5
1.419720000E+9	1.496157000E-5
1.419723333E+9	1.502703000E-5
1.419726667E+9	1.515247000E-5
1.419730000E+9	1.487168000E-5
1.419733333E+9	1.544407000E-5
1.419736667E+9	1.477888000E-5
1.419740000E+9	1.472748000E-5
1.419743333E+9	1.472624000E-5
1.419746667E+9	1.533747000E-5
1.419750000E+9	1.524590000E-5
1.419753333E+9	1.520475000E-5
1.419756667E+9	1.473822000E-5
1.419760000E+9	1.486595000E-5
1.419763333E+9	1.484618000E-5
1.419766667E+9	1.464410000E-5
1.419770000E+9	1.507600000E-5
1.419773333E+9	1.496828000E-5
1.419776667E+9	1.488587000E-5
1.419780000E+9	1.534379000E-5
1.419783333E+9	1.552528000E-5
1.419786667E+9	1.490466000E-5
1.419790000E+9	1.466653000E-5
1.419793333E+9	1.468224000E-5
1.419796667E+9	1.462132000E-5
1.419800000E+9	1.489155000E-5
1.419803333E+9	1.483044000E-5
1.419806667E+9	1.470751000E-5
1.419810000E+9	1.506397000E-5
1.419813333E+9	1.508539000E-5
1.419816667E+9	1.521221000E-5
1.419820000E+9	1.498176000E-5
1.419823333E+9	1.498280000E-5
1.419826667E+9	1.495594000E-5
1.419830000E+9	1.462959000E-5
1.419833333E+9	1.482853000E-5
1.419836667E+9	1.515237000E-5
1.419840000E+9	1.483559000E-5
1.419843333E+9	1.444341000E-5
1.419846667E+9	1.463838000E-5
1.419850000E+9	1.454610000E-5
1.419853333E+9	1.477946000E-5
1.419856667E+9	1.484753000E-5
1.419860000E+9	1.476740000E-5
1.419863333E+9	1.488135000E-5
1.419866667E+9	1.489601000E-5
1.419870000E+9	1.491752000E-5
1.419873333E+9	1.492033000E-5
1.419876667E+9	1.494350000E-5
1.419880000E+9	1.489738000E-5
1.419883333E+9	1.511045000E-5
1.419886667E+9	1.489675000E-5
1.419890000E+9	1.506925000E-5
1.419893333E+9	1.497150000E-5
1.419896667E+9	1.466383000E-5
1.419900000E+9	1.508411000E-5
1.419903333E+9	1.486892000E-5
1.419906667E+9	1.468494000E-5
1.419910000E+9	1.486533000E-5
1.419913333E+9	1.481280000E-5
1.419916667E+9	1.486322000E-5
1.419920000E+9	1.469813000E-5
1.419923333E+9	1.469261000E-5
1.419926667E+9	1.494923000E-5
1.419930000E+9	1.487914000E-5
1.419933333E+9	1.485348000E-5
1.419936667E+9	1.489720000E-5
1.419940000E+9	1.456361000E-5
1.419943333E+9	1.470895000E-5
1.419946667E+9	1.497954000E-5
1.419950000E+9	1.496447000E-5
1.419953333E+9	1.485125000E-5
1.419956667E+9	1.457038000E-5
1.419960000E+9	1.455258000E-5
1.419963333E+9	1.481589000E-5
1.419966667E+9	1.482396000E-5
1.419970000E+9	1.485630000E-5
1.419973333E+9	1.485257000E-5
1.419976667E+9	1.487759000E-5
1.419980000E+9	1.526818000E-5
1.419983333E+9	1.491164000E-5
1.419986667E+9	1.495267000E-5
1.419990000E+9	1.494891000E-5
1.419993333E+9	1.485746000E-5
1.419996667E+9	1.468782000E-5
1.420000000E+9	1.589982000E-5
1.420003333E+9	1.761840000E-5
1.420006667E+9	1.492038000E-5
1.420010000E+9	1.511679000E-5
1.420013333E+9	1.520772000E-5
1.420016667E+9	1.498334000E-5
1.420020000E+9	1.503416000E-5
1.420023333E+9	1.470887000E-5
1.420026667E+9	1.485790000E-5
1.420030000E+9	1.494337000E-5
1.420033333E+9	1.500085000E-5
1.420036667E+9	1.460965000E-5
1.420040000E+9	1.485260000E-5
1.420043333E+9	1.486054000E-5
1.420046667E+9	1.492140000E-5
1.420050000E+9	1.503155000E-5
1.420053333E+9	1.482896000E-5
1.420056667E+9	1.452591000E-5
1.420060000E+9	1.474899000E-5
1.420063333E+9	1.485167000E-5
1.420066667E+9	1.499519000E-5
1.420070000E+9	1.484996000E-5
1.420073333E+9	1.498143000E-5
1.420076667E+9	1.468100000E-5
1.420080000E+9	1.491650000E-5
1.420083333E+9	1.467559000E-5
1.420086667E+9	1.507658000E-5
1.420090000E+9	1.480495000E-5
1.420093333E+9	1.483456000E-5
1.420096667E+9	1.474913000E-5
1.420100000E+9	1.458739000E-5
1.420103333E+9	1.459617000E-5
1.420106667E+9	1.469497000E-5
1.420110000E+9	1.466634000E-5
1.420113333E+9	1.460409000E-5
1.420116667E+9	1.457196000E-5
1.420120000E+9	1.475680000E-5
1.420123333E+9	1.452640000E-5
1.420126667E+9	1.456019000E-5
1.420130000E+9	1.490018000E-5
1.420133333E+9	1.509483000E-5
1.420136667E+9	1.454843000E-5
1.420140000E+9	1.491144000E-5
1.420143333E+9	1.489071000E-5
1.420146667E+9	1.458171000E-5
1.420150000E+9	1.471811000E-5
1.420153333E+9	1.494563000E-5
1.420156667E+9	1.505960000E-5
1.420160000E+9	1.480001000E-5
1.420163333E+9	1.491142000E-5
1.420166667E+9	1.498242000E-5
1.420170000E+9	1.495507000E-5
1.420173333E+9	1.496834000E-5
1.420176667E+9	1.470426000E-5
1.420180000E+9	1.493144000E-5
1.420183333E+9	1.460217000E-5
1.420186667E+9	1.494148000E-5
1.420190000E+9	1.482155000E-5
1.420193333E+9	1.475760000E-5
1.420196667E+9	1.475404000E-5
1.420200000E+9	1.472760000E-5
1.420203333E+9	1.463268000E-5
1.420206667E+9	1.460842000E-5
1.420210000E+9	1.477880000E-5
1.420213333E+9	1.472675000E-5
1.420216667E+9	1.461429000E-5
1.420220000E+9	1.482730000E-5
1.420223333E+9	1.489683000E-5
1.420226667E+9	1.506690000E-5
1.420230000E+9	1.492712000E-5
1.420233333E+9	1.511194000E-5
1.420236667E+9	1.497140000E-5
1.420240000E+9	1.488501000E-5
1.420243333E+9	1.449247000E-5
1.420246667E+9	1.461994000E-5
1.420250000E+9	1.504744000E-5
1.420253333E+9	1.478151000E-5
1.420256667E+9	1.461073000E-5
1.420260000E+9	1.470268000E-5
1.420263333E+9	1.481804000E-5
1.420266667E+9	1.491298000E-5
1.420270000E+9	1.488234000E-5
1.420273333E+9	1.495392000E-5
1.420276667E+9	1.470811000E-5
1.420280000E+9	1.464816000E-5
1.420283333E+9	1.481870000E-5
1.420286667E+9	1.464743000E-5
1.420290000E+9	1.445474000E-5
1.420293333E+9	1.496576000E-5
1.420296667E+9	1.699865000E-5
1.420300000E+9	1.483505000E-5
1.420303333E+9	1.521029000E-5
1.420306667E+9	1.497967000E-5
1.420310000E+9	1.520261000E-5
1.420313333E+9	1.504635000E-5
1.420316667E+9	1.477216000E-5
1.420320000E+9	1.513886000E-5
1.420323333E+9	1.522132000E-5
1.420326667E+9	1.462524000E-5
1.420330000E+9	1.493471000E-5
1.420333333E+9	1.502718000E-5
1.420336667E+9	1.471925000E-5
1.420340000E+9	1.461294000E-5
1.420343333E+9	1.464619000E-5
1.420346667E+9	1.482209000E-5
1.420350000E+9	1.491198000E-5
1.420353333E+9	1.495146000E-5
1.420356667E+9	1.468342000E-5
1.420360000E+9	1.480763000E-5
1.420363333E+9	1.471403000E-5
1.420366667E+9	1.477657000E-5
1.420370000E+9	1.457162000E-5
1.420373333E+9	1.458046000E-5
1.420376667E+9	1.492410000E-5
1.420380000E+9	1.471583000E-5
1.420383333E+9	1.499914000E-5
1.420386667E+9	1.522784000E-5
1.420390000E+9	1.503413000E-5
1.420393333E+9	1.489289000E-5
1.420396667E+9	1.502929000E-5
1.420400000E+9	1.500540000E-5
1.420403333E+9	1.486373000E-5
1.420406667E+9	1.502043000E-5
1.420410000E+9	1.492935000E-5
1.420413333E+9	1.529197000E-5
1.420416667E+9	1.491493000E-5
1.420420000E+9	1.515859000E-5
1.420423333E+9	1.530855000E-5
1.420426667E+9	1.502678000E-5
1.420430000E+9	1.510785000E-5
1.420433333E+9	1.484305000E-5
1.420436667E+9	1.461291000E-5
1.420440000E+9	1.520029000E-5
1.420443333E+9	1.534253000E-5
1.420446667E+9	1.540809000E-5
1.420450000E+9	1.574147000E-5
1.420453333E+9	1.572668000E-5
1.420456667E+9	1.572451000E-5
1.420460000E+9	1.610197000E-5
1.420463333E+9	1.603720000E-5
1.420466667E+9	1.603178000E-5
1.420470000E+9	1.659502000E-5
1.420473333E+9	1.667178000E-5
1.420476667E+9	1.669440000E-5
1.420480000E+9	1.696725000E-5
1.420483333E+9	1.677068000E-5
1.420486667E+9	1.705930000E-5
1.420490000E+9	1.669809000E-5
1.420493333E+9	1.723174000E-5
1.420496667E+9	1.692858000E-5
1.420500000E+9	1.684884000E-5
1.420503333E+9	1.687362000E-5
1.420506667E+9	1.651031000E-5
1.420510000E+9	1.674347000E-5
1.420513333E+9	1.653549000E-5
1.420516667E+9	1.663375000E-5
1.420520000E+9	1.644670000E-5
1.420523333E+9	1.643594000E-5
1.420526667E+9	1.648917000E-5
1.420530000E+9	1.594009000E-5
1.420533333E+9	1.617641000E-5
1.420536667E+9	1.652671000E-5
1.420540000E+9	1.651091000E-5
1.420543333E+9	1.619177000E-5
1.420546667E+9	1.610701000E-5
1.420550000E+9	1.617833000E-5
1.420553333E+9	1.575015000E-5
1.420556667E+9	1.567788000E-5
1.420560000E+9	1.543391000E-5
1.420563333E+9	1.580518000E-5
1.420566667E+9	1.569660000E-5
1.420570000E+9	1.575089000E-5
1.420573333E+9	1.554396000E-5
1.420576667E+9	1.568655000E-5
1.420580000E+9	1.535911000E-5
1.420583333E+9	1.540708000E-5
1.420586667E+9	1.545859000E-5
1.420590000E+9	1.523963000E-5
1.420593333E+9	1.531820000E-5
1.420596667E+9	1.520101000E-5
1.420600000E+9	1.537875000E-5
1.420603333E+9	1.560227000E-5
1.420606667E+9	1.553233000E-5
1.420610000E+9	1.574399000E-5
1.420613333E+9	1.548645000E-5
1.420616667E+9	1.516254000E-5
1.420620000E+9	1.506988000E-5
1.420623333E+9	1.498439000E-5
1.420626667E+9	1.568693000E-5
1.420630000E+9	1.566260000E-5
1.420633333E+9	1.551032000E-5
1.420636667E+9	1.569767000E-5
1.420640000E+9	1.560006000E-5
1.420643333E+9	1.572620000E-5
1.420646667E+9	1.612749000E-5
1.420650000E+9	1.575579000E-5
1.420653333E+9	1.550801000E-5
1.420656667E+9	1.581968000E-5
1.420660000E+9	1.591660000E-5
1.420663333E+9	1.577121000E-5
1.420666667E+9	1.598906000E-5
1.420670000E+9	1.590203000E-5
1.420673333E+9	1.598268000E-5
1.420676667E+9	1.618297000E-5
1.420680000E+9	1.589008000E-5
1.420683333E+9	1.643565000E-5
1.420686667E+9	1.640117000E-5
1.420690000E+9	1.649996000E-5
1.420693333E+9	1.645726000E-5
1.420696667E+9	1.633840000E-5
1.420700000E+9	1.646621000E-5
1.420703333E+9	1.625134000E-5
1.420706667E+9	1.626682000E-5
1.420710000E+9	1.639454000E-5
1.420713333E+9	1.670498000E-5
1.420716667E+9	1.631718000E-5
1.420720000E+9	1.673268000E-5
1.420723333E+9	1.664456000E-5
1.420726667E+9	1.667432000E-5
1.420730000E+9	1.651038000E-5
1.420733333E+9	1.643731000E-5
1.420736667E+9	1.644574000E-5
1.420740000E+9	1.637570000E-5
1.420743333E+9	1.615469000E-5
1.420746667E+9	1.636992000E-5
1.420750000E+9	1.566208000E-5
1.420753333E+9	1.611266000E-5
1.420756667E+9	1.632178000E-5
1.420760000E+9	1.626204000E-5
1.420763333E+9	1.609407000E-5
1.420766667E+9	1.605787000E-5
1.420770000E+9	1.604686000E-5
1.420773333E+9	1.557844000E-5
1.420776667E+9	1.585359000E-5
1.420780000E+9	1.581050000E-5
1.420783333E+9	1.577893000E-5
1.420786667E+9	1.583697000E-5
1.420790000E+9	1.579091000E-5
1.420793333E+9	1.616534000E-5
1.420796667E+9	1.647703000E-5
1.420800000E+9	1.613138000E-5
1.420803333E+9	1.600269000E-5
1.420806667E+9	1.580116000E-5
1.420810000E+9	1.565280000E-5
1.420813333E+9	1.532784000E-5
1.420816667E+9	1.548178000E-5
1.420820000E+9	1.512624000E-5
1.420823333E+9	1.538346000E-5
1.420826667E+9	1.549565000E-5
1.420830000E+9	1.540454000E-5
1.420833333E+9	1.539238000E-5
1.420836667E+9	1.523315000E-5
1.420840000E+9	1.559449000E-5
1.420843333E+9	1.544080000E-5
1.420846667E+9	1.506007000E-5
1.420850000E+9	1.515135000E-5
1.420853333E+9	1.516288000E-5
1.420856667E+9	1.487578000E-5
1.420860000E+9	1.498551000E-5
1.420863333E+9	1.499506000E-5
1.420866667E+9	1.532434000E-5
1.420870000E+9	1.549203000E-5
1.420873333E+9	1.491575000E-5
1.420876667E+9	1.496256000E-5
1.420880000E+9	1.505936000E-5
1.420883333E+9	1.942707000E-5
1.420886667E+9	1.823049000E-5
1.420890000E+9	1.486324000E-5
1.420893333E+9	1.493705000E-5
1.420896667E+9	1.511088000E-5
1.420900000E+9	1.528401000E-5
1.420903333E+9	1.527858000E-5
1.420906667E+9	1.604270000E-5
1.420910000E+9	1.543281000E-5
1.420913333E+9	1.512315000E-5
1.420916667E+9	1.534620000E-5
1.420920000E+9	1.598733000E-5
1.420923333E+9	1.535289000E-5
1.420926667E+9	1.550181000E-5
1.420930000E+9	1.507823000E-5
1.420933333E+9	1.512331000E-5
1.420936667E+9	1.535225000E-5
1.420940000E+9	1.502561000E-5
1.420943333E+9	1.611317000E-5
1.420946667E+9	1.563257000E-5
1.420950000E+9	1.536889000E-5
1.420953333E+9	1.518078000E-5
1.420956667E+9	1.504153000E-5
1.420960000E+9	1.491380000E-5
1.420963333E+9	1.504149000E-5
1.420966667E+9	1.506238000E-5
1.420970000E+9	1.527506000E-5
1.420973333E+9	1.487615000E-5
1.420976667E+9	1.537350000E-5
1.420980000E+9	1.536134000E-5
1.420983333E+9	1.528927000E-5
1.420986667E+9	1.499987000E-5
1.420990000E+9	1.577552000E-5
1.420993333E+9	1.520359000E-5
1.420996667E+9	1.511340000E-5
1.421000000E+9	1.492679000E-5
1.421003333E+9	1.485733000E-5
1.421006667E+9	1.466898000E-5
1.421010000E+9	1.486270000E-5
1.421013333E+9	1.489961000E-5
1.421016667E+9	1.488584000E-5
1.421020000E+9	1.528722000E-5
1.421023333E+9	1.461394000E-5
1.421026667E+9	1.498948000E-5
1.421030000E+9	1.483034000E-5
1.421033333E+9	1.486079000E-5
1.421036667E+9	1.476751000E-5
1.421040000E+9	1.469827000E-5
1.421043333E+9	1.493033000E-5
1.421046667E+9	1.497887000E-5
1.421050000E+9	1.480451000E-5
1.421053333E+9	1.496194000E-5
1.421056667E+9	1.469890000E-5
1.421060000E+9	1.476817000E-5
1.421063333E+9	1.481120000E-5
1.421066667E+9	1.506475000E-5
1.421070000E+9	1.468510000E-5
1.421073333E+9	1.456435000E-5
1.421076667E+9	1.473135000E-5
1.421080000E+9	1.477787000E-5
1.421083333E+9	1.484062000E-5
1.421086667E+9	1.498028000E-5
1.421090000E+9	1.487597000E-5
1.421093333E+9	1.545867000E-5
1.421096667E+9	1.574055000E-5
1.421100000E+9	1.479869000E-5
1.421103333E+9	1.498656000E-5
1.421106667E+9	1.461577000E-5
1.421110000E+9	1.467096000E-5
1.421113333E+9	1.461716000E-5
1.421116667E+9	1.479975000E-5
1.421120000E+9	1.470725000E-5
1.421123333E+9	1.481927000E-5
1.421126667E+9	1.490244000E-5
1.421130000E+9	1.504527000E-5
1.421133333E+9	1.514829000E-5
1.421136667E+9	1.507405000E-5
1.421140000E+9	1.480982000E-5
1.421143333E+9	1.469716000E-5
1.421146667E+9	1.448914000E-5
1.421150000E+9	1.478389000E-5
1.421153333E+9	1.488071000E-5
1.421156667E+9	1.478365000E-5
1.421160000E+9	1.509094000E-5
1.421163333E+9	1.492807000E-5
1.421166667E+9	1.489572000E-5
1.421170000E+9	1.478276000E-5
1.421173333E+9	1.482189000E-5
1.421176667E+9	1.763791000E-5
1.421180000E+9	2.158041000E-5
1.421183333E+9	1.460957000E-5
1.421186667E+9	1.492030000E-5
1.421190000E+9	1.503905000E-5
1.421193333E+9	1.464766000E-5
1.421196667E+9	1.497088000E-5
1.421200000E+9	1.463382000E-5
1.421203333E+9	1.484015000E-5
1.421206667E+9	1.505936000E-5
1.421210000E+9	1.503147000E-5
1.421213333E+9	1.497854000E-5
1.421216667E+9	1.493822000E-5
1.421220000E+9	1.494670000E-5
1.421223333E+9	1.475712000E-5
1.421226667E+9	1.491834000E-5
1.421230000E+9	1.480542000E-5
1.421233333E+9	1.481561000E-5
1.421236667E+9	1.468374000E-5
1.421240000E+9	1.468070000E-5
1.421243333E+9	1.509728000E-5
1.421246667E+9	1.481189000E-5
1.421250000E+9	1.504995000E-5
1.421253333E+9	1.458358000E-5
1.421256667E+9	1.480041000E-5
1.421260000E+9	1.486281000E-5
1.421263333E+9	1.482531000E-5
1.421266667E+9	1.498235000E-5
1.421270000E+9	1.451671000E-5
1.421273333E+9	1.461779000E-5
1.421276667E+9	1.448041000E-5
1.421280000E+9	1.457606000E-5
1.421283333E+9	1.465282000E-5
1.421286667E+9	1.449365000E-5
1.421290000E+9	1.448760000E-5
1.421293333E+9	1.467965000E-5
1.421296667E+9	1.484890000E-5
1.421300000E+9	1.463758000E-5
1.421303333E+9	1.489266000E-5
1.421306667E+9	1.471187000E-5
1.421310000E+9	1.461827000E-5
1.421313333E+9	1.478469000E-5
1.421316667E+9	1.475597000E-5
1.421320000E+9	1.477627000E-5
1.421323333E+9	1.465834000E-5
1.421326667E+9	1.469406000E-5
1.421330000E+9	1.481384000E-5
1.421333333E+9	1.478112000E-5
1.421336667E+9	1.463041000E-5
1.421340000E+9	1.432688000E-5
1.421343333E+9	1.461134000E-5
1.421346667E+9	1.499019000E-5
1.421350000E+9	1.489346000E-5
1.421353333E+9	1.461293000E-5
1.421356667E+9	1.500812000E-5
1.421360000E+9	1.454016000E-5
1.421363333E+9	1.458321000E-5
1.421366667E+9	1.466227000E-5
1.421370000E+9	1.437624000E-5
1.421373333E+9	1.470615000E-5
1.421376667E+9	1.464073000E-5
1.421380000E+9	1.464296000E-5
1.421383333E+9	1.476812000E-5
1.421386667E+9	1.454287000E-5
1.421390000E+9	1.495967000E-5
1.421393333E+9	1.499453000E-5
1.421396667E+9	1.461413000E-5
1.421400000E+9	1.433589000E-5
