Frequency, Hz	Amplitude, Volts
1.419400000E+9	2.209859000E-5
1.419403333E+9	2.297173000E-5
1.419406667E+9	2.220934000E-5
1.419410000E+9	2.185412000E-5
1.419413333E+9	2.238005000E-5
1.419416667E+9	2.214994000E-5
1.419420000E+9	2.194127000E-5
1.419423333E+9	2.237824000E-5
1.419426667E+9	2.294279000E-5
1.419430000E+9	2.215257000E-5
1.419433333E+9	2.228646000E-5
1.419436667E+9	2.211889000E-5
1.419440000E+9	2.289096000E-5
1.419443333E+9	2.276494000E-5
1.419446667E+9	2.370543000E-5
1.419450000E+9	2.453070000E-5
1.419453333E+9	2.572038000E-5
1.419456667E+9	2.371900000E-5
1.419460000E+9	2.315313000E-5
1.419463333E+9	2.302668000E-5
1.419466667E+9	2.274108000E-5
1.419470000E+9	2.203686000E-5
1.419473333E+9	2.191530000E-5
1.419476667E+9	2.245717000E-5
1.419480000E+9	2.207049000E-5
1.419483333E+9	2.224307000E-5
1.419486667E+9	2.191248000E-5
1.419490000E+9	2.282515000E-5
1.419493333E+9	2.233275000E-5
1.419496667E+9	2.277006000E-5
1.419500000E+9	2.241687000E-5
1.419503333E+9	2.281851000E-5
1.419506667E+9	2.265169000E-5
1.419510000E+9	2.281668000E-5
1.419513333E+9	2.202779000E-5
1.419516667E+9	2.257071000E-5
1.419520000E+9	2.264771000E-5
1.419523333E+9	2.255054000E-5
1.419526667E+9	2.223579000E-5
1.419530000E+9	2.263978000E-5
1.419533333E+9	2.217240000E-5
1.419536667E+9	2.191672000E-5
1.419540000E+9	2.345361000E-5
1.419543333E+9	2.278674000E-5
1.419546667E+9	2.250911000E-5
1.419550000E+9	2.248601000E-5
1.419553333E+9	2.198985000E-5
1.419556667E+9	2.214647000E-5
1.419560000E+9	2.269994000E-5
1.419563333E+9	2.227763000E-5
1.419566667E+9	2.268616000E-5
1.419570000E+9	2.239183000E-5
1.419573333E+9	2.273546000E-5
1.419576667E+9	2.220849000E-5
1.419580000E+9	2.229228000E-5
1.419583333E+9	2.253673000E-5
1.419586667E+9	2.280203000E-5
1.419590000E+9	2.290584000E-5
1.419593333E+9	2.290697000E-5
1.419596667E+9	2.246129000E-5
1.419600000E+9	2.260454000E-5
1.419603333E+9	2.239888000E-5
1.419606667E+9	2.232121000E-5
1.419610000E+9	2.296469000E-5
1.419613333E+9	2.280947000E-5
1.419616667E+9	2.254332000E-5
1.419620000E+9	2.258687000E-5
1.419623333E+9	2.272767000E-5
1.419626667E+9	2.285745000E-5
1.419630000E+9	2.259853000E-5
1.419633333E+9	2.293823000E-5
1.419636667E+9	2.284165000E-5
1.419640000E+9	2.300459000E-5
1.419643333E+9	2.294017000E-5
1.419646667E+9	2.251761000E-5
1.419650000E+9	2.227508000E-5
1.419653333E+9	2.242674000E-5
1.419656667E+9	2.294539000E-5
1.419660000E+9	2.225384000E-5
1.419663333E+9	2.294030000E-5
1.419666667E+9	2.277609000E-5
1.419670000E+9	2.223657000E-5
1.419673333E+9	2.215233000E-5
1.419676667E+9	2.299174000E-5
1.419680000E+9	2.223996000E-5
1.419683333E+9	2.236969000E-5
1.419686667E+9	2.291402000E-5
1.419690000E+9	2.309182000E-5
1.419693333E+9	2.275434000E-5
1.419696667E+9	2.236988000E-5
1.419700000E+9	2.271747000E-5
1.419703333E+9	2.234246000E-5
1.419706667E+9	2.257832000E-5
1.419710000E+9	2.299464000E-5
1.419713333E+9	2.218029000E-5
1.419716667E+9	2.233935000E-5
1.419720000E+9	2.244014000E-5
1.419723333E+9	2.223909000E-5
1.419726667E+9	2.280629000E-5
1.419730000E+9	2.371306000E-5
1.419733333E+9	2.719522000E-5
1.419736667E+9	2.266739000E-5
1.419740000E+9	2.378122000E-5
1.419743333E+9	2.400261000E-5
1.419746667E+9	2.533541000E-5
1.419750000E+9	2.377884000E-5
1.419753333E+9	2.341486000E-5
1.419756667E+9	2.316066000E-5
1.419760000E+9	2.273693000E-5
1.419763333E+9	2.230237000E-5
1.419766667E+9	2.260985000E-5
1.419770000E+9	2.267498000E-5
1.419773333E+9	2.187275000E-5
1.419776667E+9	2.278614000E-5
1.419780000E+9	2.313427000E-5
1.419783333E+9	2.262731000E-5
1.419786667E+9	2.207553000E-5
1.419790000E+9	2.286852000E-5
1.419793333E+9	2.212251000E-5
1.419796667E+9	2.222007000E-5
1.419800000E+9	2.410564000E-5
1.419803333E+9	2.399139000E-5
1.419806667E+9	2.249224000E-5
1.419810000E+9	2.310810000E-5
1.419813333E+9	2.224199000E-5
1.419816667E+9	2.295930000E-5
1.419820000E+9	2.260099000E-5
1.419823333E+9	2.288643000E-5
1.419826667E+9	2.278364000E-5
1.419830000E+9	2.276573000E-5
1.419833333E+9	2.255542000E-5
1.419836667E+9	2.187652000E-5
1.419840000E+9	2.250414000E-5
1.419843333E+9	2.227518000E-5
1.419846667E+9	2.267633000E-5
1.419850000E+9	2.216987000E-5
1.419853333E+9	2.251094000E-5
1.419856667E+9	2.192885000E-5
1.419860000E+9	2.201790000E-5
1.419863333E+9	2.245813000E-5
1.419866667E+9	2.282829000E-5
1.419870000E+9	2.299535000E-5
1.419873333E+9	2.216386000E-5
1.419876667E+9	2.199972000E-5
1.419880000E+9	2.204576000E-5
1.419883333E+9	2.261437000E-5
1.419886667E+9	2.299113000E-5
1.419890000E+9	2.243172000E-5
1.419893333E+9	2.224785000E-5
1.419896667E+9	2.261854000E-5
1.419900000E+9	2.247841000E-5
1.419903333E+9	2.238089000E-5
1.419906667E+9	2.257529000E-5
1.419910000E+9	2.223901000E-5
1.419913333E+9	2.264933000E-5
1.419916667E+9	2.273017000E-5
1.419920000E+9	2.228408000E-5
1.419923333E+9	2.249722000E-5
1.419926667E+9	2.166057000E-5
1.419930000E+9	2.176354000E-5
1.419933333E+9	2.241305000E-5
1.419936667E+9	2.268908000E-5
1.419940000E+9	2.248693000E-5
1.419943333E+9	2.233383000E-5
1.419946667E+9	2.297667000E-5
1.419950000E+9	2.243004000E-5
1.419953333E+9	2.190748000E-5
1.419956667E+9	2.210352000E-5
1.419960000E+9	2.208768000E-5
1.419963333E+9	2.211027000E-5
1.419966667E+9	2.255498000E-5
1.419970000E+9	2.270548000E-5
1.419973333E+9	2.192297000E-5
1.419976667E+9	2.205644000E-5
1.419980000E+9	2.195952000E-5
1.419983333E+9	2.182362000E-5
1.419986667E+9	2.267020000E-5
1.419990000E+9	2.299459000E-5
1.419993333E+9	2.220193000E-5
1.419996667E+9	2.246028000E-5
1.420000000E+9	2.217221000E-5
1.420003333E+9	2.200139000E-5
1.420006667E+9	2.182925000E-5
1.420010000E+9	2.335442000E-5
1.420013333E+9	2.269650000E-5
1.420016667E+9	2.273568000E-5
1.420020000E+9	2.216301000E-5
1.420023333E+9	2.252577000E-5
1.420026667E+9	2.252085000E-5
1.420030000E+9	2.243393000E-5
1.420033333E+9	2.404281000E-5
1.420036667E+9	2.311478000E-5
1.420040000E+9	2.497880000E-5
1.420043333E+9	2.276464000E-5
1.420046667E+9	2.292348000E-5
1.420050000E+9	2.288834000E-5
1.420053333E+9	2.235064000E-5
1.420056667E+9	2.279930000E-5
1.420060000E+9	2.240936000E-5
1.420063333E+9	2.210879000E-5
1.420066667E+9	2.225030000E-5
1.420070000E+9	2.176698000E-5
1.420073333E+9	2.228318000E-5
1.420076667E+9	2.198941000E-5
1.420080000E+9	2.233896000E-5
1.420083333E+9	2.281338000E-5
1.420086667E+9	2.211374000E-5
1.420090000E+9	2.199895000E-5
1.420093333E+9	2.268263000E-5
1.420096667E+9	2.214139000E-5
1.420100000E+9	2.253800000E-5
1.420103333E+9	2.262174000E-5
1.420106667E+9	2.194749000E-5
1.420110000E+9	2.184925000E-5
1.420113333E+9	2.210148000E-5
1.420116667E+9	2.202416000E-5
1.420120000E+9	2.174414000E-5
1.420123333E+9	2.269448000E-5
1.420126667E+9	2.240570000E-5
1.420130000E+9	2.188500000E-5
1.420133333E+9	2.243551000E-5
1.420136667E+9	2.230220000E-5
1.420140000E+9	2.183347000E-5
1.420143333E+9	2.191342000E-5
1.420146667E+9	2.155552000E-5
1.420150000E+9	2.222827000E-5
1.420153333E+9	2.270959000E-5
1.420156667E+9	2.263543000E-5
1.420160000E+9	2.258536000E-5
1.420163333E+9	2.216452000E-5
1.420166667E+9	2.202331000E-5
1.420170000E+9	2.249841000E-5
1.420173333E+9	2.248530000E-5
1.420176667E+9	2.195810000E-5
1.420180000E+9	2.200801000E-5
1.420183333E+9	2.189449000E-5
1.420186667E+9	2.253745000E-5
1.420190000E+9	2.231097000E-5
1.420193333E+9	2.218555000E-5
1.420196667E+9	2.284704000E-5
1.420200000E+9	2.247807000E-5
1.420203333E+9	2.186485000E-5
1.420206667E+9	2.203011000E-5
1.420210000E+9	2.239087000E-5
1.420213333E+9	2.204644000E-5
1.420216667E+9	2.296454000E-5
1.420220000E+9	2.285655000E-5
1.420223333E+9	2.207238000E-5
1.420226667E+9	2.287038000E-5
1.420230000E+9	2.179960000E-5
1.420233333E+9	2.228961000E-5
1.420236667E+9	2.250617000E-5
1.420240000E+9	2.214734000E-5
1.420243333E+9	2.235329000E-5
1.420246667E+9	2.240961000E-5
1.420250000E+9	2.227968000E-5
1.420253333E+9	2.229079000E-5
1.420256667E+9	2.230217000E-5
1.420260000E+9	2.229786000E-5
1.420263333E+9	2.218930000E-5
1.420266667E+9	2.277466000E-5
1.420270000E+9	2.187978000E-5
1.420273333E+9	2.275401000E-5
1.420276667E+9	2.266119000E-5
1.420280000E+9	2.263369000E-5
1.420283333E+9	2.202653000E-5
1.420286667E+9	2.244310000E-5
1.420290000E+9	2.257029000E-5
1.420293333E+9	2.273356000E-5
1.420296667E+9	2.230244000E-5
1.420300000E+9	2.246783000E-5
1.420303333E+9	2.252009000E-5
1.420306667E+9	2.252533000E-5
1.420310000E+9	2.254087000E-5
1.420313333E+9	2.242834000E-5
1.420316667E+9	2.260804000E-5
1.420320000E+9	2.241780000E-5
1.420323333E+9	2.231383000E-5
1.420326667E+9	2.353200000E-5
1.420330000E+9	2.396185000E-5
1.420333333E+9	2.429891000E-5
1.420336667E+9	2.287568000E-5
1.420340000E+9	2.260697000E-5
1.420343333E+9	2.258928000E-5
1.420346667E+9	2.256910000E-5
1.420350000E+9	2.253852000E-5
1.420353333E+9	2.253569000E-5
1.420356667E+9	2.250649000E-5
1.420360000E+9	2.253141000E-5
1.420363333E+9	2.264508000E-5
1.420366667E+9	2.203698000E-5
1.420370000E+9	2.198043000E-5
1.420373333E+9	2.233680000E-5
1.420376667E+9	2.284609000E-5
1.420380000E+9	2.216133000E-5
1.420383333E+9	2.240695000E-5
1.420386667E+9	2.242457000E-5
1.420390000E+9	2.236104000E-5
1.420393333E+9	2.239679000E-5
1.420396667E+9	2.238325000E-5
1.420400000E+9	2.263354000E-5
1.420403333E+9	2.228269000E-5
1.420406667E+9	2.272401000E-5
1.420410000E+9	2.204889000E-5
1.420413333E+9	2.282420000E-5
1.420416667E+9	2.278934000E-5
1.420420000E+9	2.242034000E-5
1.420423333E+9	2.210464000E-5
1.420426667E+9	2.218794000E-5
1.420430000E+9	2.219086000E-5
1.420433333E+9	2.221888000E-5
1.420436667E+9	2.196410000E-5
1.420440000E+9	2.258925000E-5
1.420443333E+9	2.217610000E-5
1.420446667E+9	2.238271000E-5
1.420450000E+9	2.189687000E-5
1.420453333E+9	2.257284000E-5
1.420456667E+9	2.281147000E-5
1.420460000E+9	2.223830000E-5
1.420463333E+9	2.230856000E-5
1.420466667E+9	2.222468000E-5
1.420470000E+9	2.211877000E-5
1.420473333E+9	2.261702000E-5
1.420476667E+9	2.258020000E-5
1.420480000E+9	2.284837000E-5
1.420483333E+9	2.180669000E-5
1.420486667E+9	2.195246000E-5
1.420490000E+9	2.254099000E-5
1.420493333E+9	2.172133000E-5
1.420496667E+9	2.203182000E-5
1.420500000E+9	2.256451000E-5
1.420503333E+9	2.246982000E-5
1.420506667E+9	2.296051000E-5
1.420510000E+9	2.285951000E-5
1.420513333E+9	2.253287000E-5
1.420516667E+9	2.207609000E-5
1.420520000E+9	2.302708000E-5
1.420523333E+9	2.262706000E-5
1.420526667E+9	2.230100000E-5
1.420530000E+9	2.272608000E-5
1.420533333E+9	2.224710000E-5
1.420536667E+9	2.194296000E-5
1.420540000E+9	2.227224000E-5
1.420543333E+9	2.269110000E-5
1.420546667E+9	2.240447000E-5
1.420550000E+9	2.239160000E-5
1.420553333E+9	2.202017000E-5
1.420556667E+9	2.207822000E-5
1.420560000E+9	2.217408000E-5
1.420563333E+9	2.276336000E-5
1.420566667E+9	2.218446000E-5
1.420570000E+9	2.212338000E-5
1.420573333E+9	2.271979000E-5
1.420576667E+9	2.220739000E-5
1.420580000E+9	2.229125000E-5
1.420583333E+9	2.298752000E-5
1.420586667E+9	2.218814000E-5
1.420590000E+9	2.235446000E-5
1.420593333E+9	2.268300000E-5
1.420596667E+9	2.282470000E-5
1.420600000E+9	2.227041000E-5
1.420603333E+9	2.307524000E-5
1.420606667E+9	2.236301000E-5
1.420610000E+9	2.270231000E-5
1.420613333E+9	2.300709000E-5
1.420616667E+9	2.239318000E-5
1.420620000E+9	2.407583000E-5
1.420623333E+9	2.340150000E-5
1.420626667E+9	2.559268000E-5
1.420630000E+9	2.228217000E-5
1.420633333E+9	2.292904000E-5
1.420636667E+9	2.345067000E-5
1.420640000E+9	2.286235000E-5
1.420643333E+9	2.197850000E-5
1.420646667E+9	2.221812000E-5
1.420650000E+9	2.152140000E-5
1.420653333E+9	2.207243000E-5
1.420656667E+9	2.301374000E-5
1.420660000E+9	2.293614000E-5
1.420663333E+9	2.290926000E-5
1.420666667E+9	2.319585000E-5
1.420670000E+9	2.237932000E-5
1.420673333E+9	2.284431000E-5
1.420676667E+9	2.254238000E-5
1.420680000E+9	2.191096000E-5
1.420683333E+9	2.300373000E-5
1.420686667E+9	2.283144000E-5
1.420690000E+9	2.248885000E-5
1.420693333E+9	2.222134000E-5
1.420696667E+9	2.215985000E-5
1.420700000E+9	2.248271000E-5
1.420703333E+9	2.214895000E-5
1.420706667E+9	2.230572000E-5
1.420710000E+9	2.266921000E-5
1.420713333E+9	2.219861000E-5
1.420716667E+9	2.229684000E-5
1.420720000E+9	2.203894000E-5
1.420723333E+9	2.202164000E-5
1.420726667E+9	2.245404000E-5
1.420730000E+9	2.257269000E-5
1.420733333E+9	2.239660000E-5
1.420736667E+9	2.274155000E-5
1.420740000E+9	2.290350000E-5
1.420743333E+9	2.238512000E-5
1.420746667E+9	2.260583000E-5
1.420750000E+9	2.264436000E-5
1.420753333E+9	2.263252000E-5
1.420756667E+9	2.278557000E-5
1.420760000E+9	2.305352000E-5
1.420763333E+9	2.261807000E-5
1.420766667E+9	2.240673000E-5
1.420770000E+9	2.271470000E-5
1.420773333E+9	2.256070000E-5
1.420776667E+9	2.229089000E-5
1.420780000E+9	2.237008000E-5
1.420783333E+9	2.269436000E-5
1.420786667E+9	2.234308000E-5
1.420790000E+9	2.251588000E-5
1.420793333E+9	2.282137000E-5
1.420796667E+9	2.253852000E-5
1.420800000E+9	2.298724000E-5
1.420803333E+9	2.294251000E-5
1.420806667E+9	2.230482000E-5
1.420810000E+9	2.284300000E-5
1.420813333E+9	2.272423000E-5
1.420816667E+9	2.264888000E-5
1.420820000E+9	2.280511000E-5
1.420823333E+9	2.254616000E-5
1.420826667E+9	2.260305000E-5
1.420830000E+9	2.235378000E-5
1.420833333E+9	2.216530000E-5
1.420836667E+9	2.278291000E-5
1.420840000E+9	2.274715000E-5
1.420843333E+9	2.279445000E-5
1.420846667E+9	2.236875000E-5
1.420850000E+9	2.260339000E-5
1.420853333E+9	2.260257000E-5
1.420856667E+9	2.204414000E-5
1.420860000E+9	2.247940000E-5
1.420863333E+9	2.194850000E-5
1.420866667E+9	2.237509000E-5
1.420870000E+9	2.239881000E-5
1.420873333E+9	2.270194000E-5
1.420876667E+9	2.262288000E-5
1.420880000E+9	2.244889000E-5
1.420883333E+9	2.290974000E-5
1.420886667E+9	2.273876000E-5
1.420890000E+9	2.243945000E-5
1.420893333E+9	2.248130000E-5
1.420896667E+9	2.368478000E-5
1.420900000E+9	2.330230000E-5
1.420903333E+9	2.373421000E-5
1.420906667E+9	2.294448000E-5
1.420910000E+9	2.275069000E-5
1.420913333E+9	2.701318000E-5
1.420916667E+9	2.550561000E-5
1.420920000E+9	2.809496000E-5
1.420923333E+9	2.306929000E-5
1.420926667E+9	2.555986000E-5
1.420930000E+9	2.310123000E-5
1.420933333E+9	2.218302000E-5
1.420936667E+9	2.157141000E-5
1.420940000E+9	2.260330000E-5
1.420943333E+9	2.273786000E-5
1.420946667E+9	2.199115000E-5
1.420950000E+9	2.234364000E-5
1.420953333E+9	2.183742000E-5
1.420956667E+9	2.230105000E-5
1.420960000E+9	2.281075000E-5
1.420963333E+9	2.197845000E-5
1.420966667E+9	2.264801000E-5
1.420970000E+9	2.297725000E-5
1.420973333E+9	2.222615000E-5
1.420976667E+9	2.231996000E-5
1.420980000E+9	2.239279000E-5
1.420983333E+9	2.276639000E-5
1.420986667E+9	2.278534000E-5
1.420990000E+9	2.263334000E-5
1.420993333E+9	2.266060000E-5
1.420996667E+9	2.254827000E-5
1.421000000E+9	2.271630000E-5
1.421003333E+9	2.223728000E-5
1.421006667E+9	2.226090000E-5
1.421010000E+9	2.268674000E-5
1.421013333E+9	2.228323000E-5
1.421016667E+9	2.226938000E-5
1.421020000E+9	2.198376000E-5
1.421023333E+9	2.219532000E-5
1.421026667E+9	2.206916000E-5
1.421030000E+9	2.246923000E-5
1.421033333E+9	2.270445000E-5
1.421036667E+9	2.209658000E-5
1.421040000E+9	2.284526000E-5
1.421043333E+9	2.253169000E-5
1.421046667E+9	2.243147000E-5
1.421050000E+9	2.224077000E-5
1.421053333E+9	2.274045000E-5
1.421056667E+9	2.224717000E-5
1.421060000E+9	2.207318000E-5
1.421063333E+9	2.228565000E-5
1.421066667E+9	2.231185000E-5
1.421070000E+9	2.175214000E-5
1.421073333E+9	2.235064000E-5
1.421076667E+9	2.199646000E-5
1.421080000E+9	2.256228000E-5
1.421083333E+9	2.276721000E-5
1.421086667E+9	2.220795000E-5
1.421090000E+9	2.224206000E-5
1.421093333E+9	2.287844000E-5
1.421096667E+9	2.266279000E-5
1.421100000E+9	2.201163000E-5
1.421103333E+9	2.297546000E-5
1.421106667E+9	2.233788000E-5
1.421110000E+9	2.248757000E-5
1.421113333E+9	2.229559000E-5
1.421116667E+9	2.202658000E-5
1.421120000E+9	2.234887000E-5
1.421123333E+9	2.205947000E-5
1.421126667E+9	2.274810000E-5
1.421130000E+9	2.288601000E-5
1.421133333E+9	2.205092000E-5
1.421136667E+9	2.290318000E-5
1.421140000E+9	2.249505000E-5
1.421143333E+9	2.226318000E-5
1.421146667E+9	2.215021000E-5
1.421150000E+9	2.223200000E-5
1.421153333E+9	2.257844000E-5
1.421156667E+9	2.283861000E-5
1.421160000E+9	2.271799000E-5
1.421163333E+9	2.253834000E-5
1.421166667E+9	2.255399000E-5
1.421170000E+9	2.199839000E-5
1.421173333E+9	2.232032000E-5
1.421176667E+9	2.210459000E-5
1.421180000E+9	2.237067000E-5
1.421183333E+9	2.175608000E-5
1.421186667E+9	2.203139000E-5
1.421190000E+9	2.232099000E-5
1.421193333E+9	2.219101000E-5
1.421196667E+9	2.300787000E-5
1.421200000E+9	2.312308000E-5
1.421203333E+9	2.287890000E-5
1.421206667E+9	2.368483000E-5
1.421210000E+9	2.307041000E-5
1.421213333E+9	2.334904000E-5
1.421216667E+9	2.249979000E-5
1.421220000E+9	2.348752000E-5
1.421223333E+9	2.240240000E-5
1.421226667E+9	2.200642000E-5
1.421230000E+9	2.270575000E-5
1.421233333E+9	2.209578000E-5
1.421236667E+9	2.184155000E-5
1.421240000E+9	2.218862000E-5
1.421243333E+9	2.200622000E-5
1.421246667E+9	2.257517000E-5
1.421250000E+9	2.286760000E-5
1.421253333E+9	2.235859000E-5
1.421256667E+9	2.231295000E-5
1.421260000E+9	2.255812000E-5
1.421263333E+9	2.235783000E-5
1.421266667E+9	2.258747000E-5
1.421270000E+9	2.235253000E-5
1.421273333E+9	2.203088000E-5
1.421276667E+9	2.249174000E-5
1.421280000E+9	2.256625000E-5
1.421283333E+9	2.232846000E-5
1.421286667E+9	2.214657000E-5
1.421290000E+9	2.260543000E-5
1.421293333E+9	2.254832000E-5
1.421296667E+9	2.297491000E-5
1.421300000E+9	2.247834000E-5
1.421303333E+9	2.202694000E-5
1.421306667E+9	2.230915000E-5
1.421310000E+9	2.216605000E-5
1.421313333E+9	2.235677000E-5
1.421316667E+9	2.258543000E-5
1.421320000E+9	2.278199000E-5
1.421323333E+9	2.251279000E-5
1.421326667E+9	2.210318000E-5
1.421330000E+9	2.258400000E-5
1.421333333E+9	2.220400000E-5
1.421336667E+9	2.251910000E-5
1.421340000E+9	2.367586000E-5
1.421343333E+9	2.493709000E-5
1.421346667E+9	2.321698000E-5
1.421350000E+9	2.246945000E-5
1.421353333E+9	2.192504000E-5
1.421356667E+9	2.276681000E-5
1.421360000E+9	2.313148000E-5
1.421363333E+9	2.369380000E-5
1.421366667E+9	2.631308000E-5
1.421370000E+9	2.225054000E-5
1.421373333E+9	2.244270000E-5
1.421376667E+9	2.236966000E-5
1.421380000E+9	2.255409000E-5
1.421383333E+9	2.261494000E-5
1.421386667E+9	2.284847000E-5
1.421390000E+9	2.231322000E-5
1.421393333E+9	2.192463000E-5
1.421396667E+9	2.177121000E-5
1.421400000E+9	2.291170000E-5
