Frequency, Hz	Amplitude, Volts
1.419400000E+9	1.556345000E-5
1.419403333E+9	1.572278000E-5
1.419406667E+9	1.554949000E-5
1.419410000E+9	1.571200000E-5
1.419413333E+9	1.630919000E-5
1.419416667E+9	1.580213000E-5
1.419420000E+9	1.531849000E-5
1.419423333E+9	1.526369000E-5
1.419426667E+9	1.549269000E-5
1.419430000E+9	1.541190000E-5
1.419433333E+9	1.552811000E-5
1.419436667E+9	1.543591000E-5
1.419440000E+9	1.617995000E-5
1.419443333E+9	1.569539000E-5
1.419446667E+9	1.580833000E-5
1.419450000E+9	1.958779000E-5
1.419453333E+9	1.611127000E-5
1.419456667E+9	1.557635000E-5
1.419460000E+9	1.568624000E-5
1.419463333E+9	1.562587000E-5
1.419466667E+9	1.547557000E-5
1.419470000E+9	1.531070000E-5
1.419473333E+9	1.528737000E-5
1.419476667E+9	1.537163000E-5
1.419480000E+9	1.539823000E-5
1.419483333E+9	1.548604000E-5
1.419486667E+9	1.542524000E-5
1.419490000E+9	1.554799000E-5
1.419493333E+9	1.586115000E-5
1.419496667E+9	1.562917000E-5
1.419500000E+9	1.562632000E-5
1.419503333E+9	1.534675000E-5
1.419506667E+9	1.557158000E-5
1.419510000E+9	1.579705000E-5
1.419513333E+9	1.580390000E-5
1.419516667E+9	1.536257000E-5
1.419520000E+9	1.570144000E-5
1.419523333E+9	1.549831000E-5
1.419526667E+9	1.545767000E-5
1.419530000E+9	1.538130000E-5
1.419533333E+9	1.560703000E-5
1.419536667E+9	1.535700000E-5
1.419540000E+9	1.545915000E-5
1.419543333E+9	1.531642000E-5
1.419546667E+9	1.548144000E-5
1.419550000E+9	1.557717000E-5
1.419553333E+9	1.525615000E-5
1.419556667E+9	1.512159000E-5
1.419560000E+9	1.528613000E-5
1.419563333E+9	1.561649000E-5
1.419566667E+9	1.545772000E-5
1.419570000E+9	1.574444000E-5
1.419573333E+9	1.572128000E-5
1.419576667E+9	1.569825000E-5
1.419580000E+9	1.556220000E-5
1.419583333E+9	1.546085000E-5
1.419586667E+9	1.534409000E-5
1.419590000E+9	1.528214000E-5
1.419593333E+9	1.522115000E-5
1.419596667E+9	1.533141000E-5
1.419600000E+9	1.558645000E-5
1.419603333E+9	1.541533000E-5
1.419606667E+9	1.524895000E-5
1.419610000E+9	1.527107000E-5
1.419613333E+9	1.557630000E-5
1.419616667E+9	1.546219000E-5
1.419620000E+9	1.516755000E-5
1.419623333E+9	1.571805000E-5
1.419626667E+9	1.538694000E-5
1.419630000E+9	1.544631000E-5
1.419633333E+9	1.525618000E-5
1.419636667E+9	1.579606000E-5
1.419640000E+9	1.509221000E-5
1.419643333E+9	1.554864000E-5
1.419646667E+9	1.553545000E-5
1.419650000E+9	1.523710000E-5
1.419653333E+9	1.559775000E-5
1.419656667E+9	1.549210000E-5
1.419660000E+9	1.530496000E-5
1.419663333E+9	1.536773000E-5
1.419666667E+9	1.564768000E-5
1.419670000E+9	1.545433000E-5
1.419673333E+9	1.546356000E-5
1.419676667E+9	1.562069000E-5
1.419680000E+9	1.549665000E-5
1.419683333E+9	1.538531000E-5
1.419686667E+9	1.539206000E-5
1.419690000E+9	1.542566000E-5
1.419693333E+9	1.536646000E-5
1.419696667E+9	1.535034000E-5
1.419700000E+9	1.547649000E-5
1.419703333E+9	1.524985000E-5
1.419706667E+9	1.581100000E-5
1.419710000E+9	1.588165000E-5
1.419713333E+9	1.554567000E-5
1.419716667E+9	1.554836000E-5
1.419720000E+9	1.549264000E-5
1.419723333E+9	1.528945000E-5
1.419726667E+9	1.558148000E-5
1.419730000E+9	1.576489000E-5
1.419733333E+9	1.664164000E-5
1.419736667E+9	1.606933000E-5
1.419740000E+9	1.640147000E-5
1.419743333E+9	1.916913000E-5
1.419746667E+9	1.610344000E-5
1.419750000E+9	1.585768000E-5
1.419753333E+9	1.601837000E-5
1.419756667E+9	1.569026000E-5
1.419760000E+9	1.548546000E-5
1.419763333E+9	1.529845000E-5
1.419766667E+9	1.538711000E-5
1.419770000E+9	1.558095000E-5
1.419773333E+9	1.552810000E-5
1.419776667E+9	1.557138000E-5
1.419780000E+9	1.577677000E-5
1.419783333E+9	1.549570000E-5
1.419786667E+9	1.551511000E-5
1.419790000E+9	1.542277000E-5
1.419793333E+9	1.531149000E-5
1.419796667E+9	1.549269000E-5
1.419800000E+9	1.520977000E-5
1.419803333E+9	1.562815000E-5
1.419806667E+9	1.551313000E-5
1.419810000E+9	1.554082000E-5
1.419813333E+9	1.559965000E-5
1.419816667E+9	1.522329000E-5
1.419820000E+9	1.540366000E-5
1.419823333E+9	1.568867000E-5
1.419826667E+9	1.518736000E-5
1.419830000E+9	1.548827000E-5
1.419833333E+9	1.536267000E-5
1.419836667E+9	1.531212000E-5
1.419840000E+9	1.579417000E-5
1.419843333E+9	1.556293000E-5
1.419846667E+9	1.537264000E-5
1.419850000E+9	1.538252000E-5
1.419853333E+9	1.562570000E-5
1.419856667E+9	1.520188000E-5
1.419860000E+9	1.575731000E-5
1.419863333E+9	1.549708000E-5
1.419866667E+9	1.560744000E-5
1.419870000E+9	1.527472000E-5
1.419873333E+9	1.545068000E-5
1.419876667E+9	1.545424000E-5
1.419880000E+9	1.539411000E-5
1.419883333E+9	1.557403000E-5
1.419886667E+9	1.538706000E-5
1.419890000E+9	1.517243000E-5
1.419893333E+9	1.518221000E-5
1.419896667E+9	1.557033000E-5
1.419900000E+9	1.549917000E-5
1.419903333E+9	1.535277000E-5
1.419906667E+9	1.549186000E-5
1.419910000E+9	1.530988000E-5
1.419913333E+9	1.573566000E-5
1.419916667E+9	1.572520000E-5
1.419920000E+9	1.558776000E-5
1.419923333E+9	1.541214000E-5
1.419926667E+9	1.530672000E-5
1.419930000E+9	1.548176000E-5
1.419933333E+9	1.580208000E-5
1.419936667E+9	1.545852000E-5
1.419940000E+9	1.527254000E-5
1.419943333E+9	1.560095000E-5
1.419946667E+9	1.561364000E-5
1.419950000E+9	1.509226000E-5
1.419953333E+9	1.555675000E-5
1.419956667E+9	1.539330000E-5
1.419960000E+9	1.530880000E-5
1.419963333E+9	1.529876000E-5
1.419966667E+9	1.537478000E-5
1.419970000E+9	1.536296000E-5
1.419973333E+9	1.564331000E-5
1.419976667E+9	1.561594000E-5
1.419980000E+9	1.570982000E-5
1.419983333E+9	1.530398000E-5
1.419986667E+9	1.577285000E-5
1.419990000E+9	1.595439000E-5
1.419993333E+9	1.546597000E-5
1.419996667E+9	1.531496000E-5
1.420000000E+9	1.712087000E-5
1.420003333E+9	1.895483000E-5
1.420006667E+9	1.562790000E-5
1.420010000E+9	1.551668000E-5
1.420013333E+9	1.526697000E-5
1.420016667E+9	1.556049000E-5
1.420020000E+9	1.558162000E-5
1.420023333E+9	1.557892000E-5
1.420026667E+9	1.645009000E-5
1.420030000E+9	1.542180000E-5
1.420033333E+9	1.647505000E-5
1.420036667E+9	1.824351000E-5
1.420040000E+9	1.581376000E-5
1.420043333E+9	1.540468000E-5
1.420046667E+9	1.572983000E-5
1.420050000E+9	1.568667000E-5
1.420053333E+9	1.586174000E-5
1.420056667E+9	1.568531000E-5
1.420060000E+9	1.572981000E-5
1.420063333E+9	1.595031000E-5
1.420066667E+9	1.587723000E-5
1.420070000E+9	1.558954000E-5
1.420073333E+9	1.628119000E-5
1.420076667E+9	1.568073000E-5
1.420080000E+9	1.610853000E-5
1.420083333E+9	1.625704000E-5
1.420086667E+9	1.639026000E-5
1.420090000E+9	1.598720000E-5
1.420093333E+9	1.620247000E-5
1.420096667E+9	1.634039000E-5
1.420100000E+9	1.626995000E-5
1.420103333E+9	1.639467000E-5
1.420106667E+9	1.620135000E-5
1.420110000E+9	1.636855000E-5
1.420113333E+9	1.625761000E-5
1.420116667E+9	1.633720000E-5
1.420120000E+9	1.623271000E-5
1.420123333E+9	1.632997000E-5
1.420126667E+9	1.629489000E-5
1.420130000E+9	1.621153000E-5
1.420133333E+9	1.677151000E-5
1.420136667E+9	1.673498000E-5
1.420140000E+9	1.652594000E-5
1.420143333E+9	1.667363000E-5
1.420146667E+9	1.632348000E-5
1.420150000E+9	1.656429000E-5
1.420153333E+9	1.664203000E-5
1.420156667E+9	1.688429000E-5
1.420160000E+9	1.687139000E-5
1.420163333E+9	1.663844000E-5
1.420166667E+9	1.685601000E-5
1.420170000E+9	1.648776000E-5
1.420173333E+9	1.655837000E-5
1.420176667E+9	1.680000000E-5
1.420180000E+9	1.683459000E-5
1.420183333E+9	1.681054000E-5
1.420186667E+9	1.680068000E-5
1.420190000E+9	1.652674000E-5
1.420193333E+9	1.693594000E-5
1.420196667E+9	1.718979000E-5
1.420200000E+9	1.673759000E-5
1.420203333E+9	1.653382000E-5
1.420206667E+9	1.638540000E-5
1.420210000E+9	1.680065000E-5
1.420213333E+9	1.667456000E-5
1.420216667E+9	1.647361000E-5
1.420220000E+9	1.671335000E-5
1.420223333E+9	1.646603000E-5
1.420226667E+9	1.676265000E-5
1.420230000E+9	1.687226000E-5
1.420233333E+9	1.705601000E-5
1.420236667E+9	1.650727000E-5
1.420240000E+9	1.638644000E-5
1.420243333E+9	1.654584000E-5
1.420246667E+9	1.634876000E-5
1.420250000E+9	1.698553000E-5
1.420253333E+9	1.659945000E-5
1.420256667E+9	1.659544000E-5
1.420260000E+9	1.662453000E-5
1.420263333E+9	1.653121000E-5
1.420266667E+9	1.739650000E-5
1.420270000E+9	1.699820000E-5
1.420273333E+9	1.669110000E-5
1.420276667E+9	1.727658000E-5
1.420280000E+9	1.663813000E-5
1.420283333E+9	1.672576000E-5
1.420286667E+9	1.658196000E-5
1.420290000E+9	1.688629000E-5
1.420293333E+9	1.729881000E-5
1.420296667E+9	1.740599000E-5
1.420300000E+9	1.679305000E-5
1.420303333E+9	1.677833000E-5
1.420306667E+9	1.729672000E-5
1.420310000E+9	1.687658000E-5
1.420313333E+9	1.701734000E-5
1.420316667E+9	1.703138000E-5
1.420320000E+9	1.750710000E-5
1.420323333E+9	1.707583000E-5
1.420326667E+9	1.833005000E-5
1.420330000E+9	1.955011000E-5
1.420333333E+9	1.755637000E-5
1.420336667E+9	1.725305000E-5
1.420340000E+9	1.780784000E-5
1.420343333E+9	1.796140000E-5
1.420346667E+9	1.766739000E-5
1.420350000E+9	1.748285000E-5
1.420353333E+9	1.766297000E-5
1.420356667E+9	1.732819000E-5
1.420360000E+9	1.766343000E-5
1.420363333E+9	1.752258000E-5
1.420366667E+9	1.775749000E-5
1.420370000E+9	1.746528000E-5
1.420373333E+9	1.751265000E-5
1.420376667E+9	1.724162000E-5
1.420380000E+9	1.693103000E-5
1.420383333E+9	1.710210000E-5
1.420386667E+9	1.675160000E-5
1.420390000E+9	1.681748000E-5
1.420393333E+9	1.666561000E-5
1.420396667E+9	1.655091000E-5
1.420400000E+9	1.611460000E-5
1.420403333E+9	1.626320000E-5
1.420406667E+9	1.635292000E-5
1.420410000E+9	1.608075000E-5
1.420413333E+9	1.612513000E-5
1.420416667E+9	1.609819000E-5
1.420420000E+9	1.614192000E-5
1.420423333E+9	1.561608000E-5
1.420426667E+9	1.567078000E-5
1.420430000E+9	1.620215000E-5
1.420433333E+9	1.586289000E-5
1.420436667E+9	1.569936000E-5
1.420440000E+9	1.551719000E-5
1.420443333E+9	1.546451000E-5
1.420446667E+9	1.600262000E-5
1.420450000E+9	1.557187000E-5
1.420453333E+9	1.562405000E-5
1.420456667E+9	1.592888000E-5
1.420460000E+9	1.572836000E-5
1.420463333E+9	1.565689000E-5
1.420466667E+9	1.530674000E-5
1.420470000E+9	1.570667000E-5
1.420473333E+9	1.522932000E-5
1.420476667E+9	1.588905000E-5
1.420480000E+9	1.593365000E-5
1.420483333E+9	1.556931000E-5
1.420486667E+9	1.576534000E-5
1.420490000E+9	1.563044000E-5
1.420493333E+9	1.604996000E-5
1.420496667E+9	1.584002000E-5
1.420500000E+9	1.572080000E-5
1.420503333E+9	1.567118000E-5
1.420506667E+9	1.591498000E-5
1.420510000E+9	1.581445000E-5
1.420513333E+9	1.542326000E-5
1.420516667E+9	1.576326000E-5
1.420520000E+9	1.567806000E-5
1.420523333E+9	1.594489000E-5
1.420526667E+9	1.565489000E-5
1.420530000E+9	1.548534000E-5
1.420533333E+9	1.581744000E-5
1.420536667E+9	1.567514000E-5
1.420540000E+9	1.577220000E-5
1.420543333E+9	1.538759000E-5
1.420546667E+9	1.595774000E-5
1.420550000E+9	1.601348000E-5
1.420553333E+9	1.561994000E-5
1.420556667E+9	1.581176000E-5
1.420560000E+9	1.587658000E-5
1.420563333E+9	1.577815000E-5
1.420566667E+9	1.581409000E-5
1.420570000E+9	1.617599000E-5
1.420573333E+9	1.578609000E-5
1.420576667E+9	1.589154000E-5
1.420580000E+9	1.625561000E-5
1.420583333E+9	1.581202000E-5
1.420586667E+9	1.571481000E-5
1.420590000E+9	1.704608000E-5
1.420593333E+9	1.624162000E-5
1.420596667E+9	1.622750000E-5
1.420600000E+9	1.603726000E-5
1.420603333E+9	1.587869000E-5
1.420606667E+9	1.623490000E-5
1.420610000E+9	1.637950000E-5
1.420613333E+9	1.661933000E-5
1.420616667E+9	1.588056000E-5
1.420620000E+9	1.869236000E-5
1.420623333E+9	1.941747000E-5
1.420626667E+9	1.603905000E-5
1.420630000E+9	1.590652000E-5
1.420633333E+9	1.605963000E-5
1.420636667E+9	1.616214000E-5
1.420640000E+9	1.574365000E-5
1.420643333E+9	1.682219000E-5
1.420646667E+9	1.604516000E-5
1.420650000E+9	1.594748000E-5
1.420653333E+9	1.581157000E-5
1.420656667E+9	1.604671000E-5
1.420660000E+9	1.591833000E-5
1.420663333E+9	1.600737000E-5
1.420666667E+9	1.606678000E-5
1.420670000E+9	1.607705000E-5
1.420673333E+9	1.577005000E-5
1.420676667E+9	1.603631000E-5
1.420680000E+9	1.583936000E-5
1.420683333E+9	1.623070000E-5
1.420686667E+9	1.604326000E-5
1.420690000E+9	1.606568000E-5
1.420693333E+9	1.599920000E-5
1.420696667E+9	1.602307000E-5
1.420700000E+9	1.588781000E-5
1.420703333E+9	1.604228000E-5
1.420706667E+9	1.587962000E-5
1.420710000E+9	1.602201000E-5
1.420713333E+9	1.580439000E-5
1.420716667E+9	1.589031000E-5
1.420720000E+9	1.616745000E-5
1.420723333E+9	1.560556000E-5
1.420726667E+9	1.573076000E-5
1.420730000E+9	1.543302000E-5
1.420733333E+9	1.582437000E-5
1.420736667E+9	1.595506000E-5
1.420740000E+9	1.605242000E-5
1.420743333E+9	1.581244000E-5
1.420746667E+9	1.603150000E-5
1.420750000E+9	1.563674000E-5
1.420753333E+9	1.565421000E-5
1.420756667E+9	1.623685000E-5
1.420760000E+9	1.584209000E-5
1.420763333E+9	1.567927000E-5
1.420766667E+9	1.543762000E-5
1.420770000E+9	1.577640000E-5
1.420773333E+9	1.595976000E-5
1.420776667E+9	1.564433000E-5
1.420780000E+9	1.574614000E-5
1.420783333E+9	1.585756000E-5
1.420786667E+9	1.585237000E-5
1.420790000E+9	1.586048000E-5
1.420793333E+9	1.648140000E-5
1.420796667E+9	1.561164000E-5
1.420800000E+9	1.565400000E-5
1.420803333E+9	1.581609000E-5
1.420806667E+9	1.542681000E-5
1.420810000E+9	1.591771000E-5
1.420813333E+9	1.604409000E-5
1.420816667E+9	1.515145000E-5
1.420820000E+9	1.580617000E-5
1.420823333E+9	1.562647000E-5
1.420826667E+9	1.517586000E-5
1.420830000E+9	1.564323000E-5
1.420833333E+9	1.551060000E-5
1.420836667E+9	1.537052000E-5
1.420840000E+9	1.541298000E-5
1.420843333E+9	1.554949000E-5
1.420846667E+9	1.545270000E-5
1.420850000E+9	1.531432000E-5
1.420853333E+9	1.552426000E-5
1.420856667E+9	1.561197000E-5
1.420860000E+9	1.594303000E-5
1.420863333E+9	1.529876000E-5
1.420866667E+9	1.556883000E-5
1.420870000E+9	1.538061000E-5
1.420873333E+9	1.552106000E-5
1.420876667E+9	1.532816000E-5
1.420880000E+9	1.527717000E-5
1.420883333E+9	1.854308000E-5
1.420886667E+9	1.745706000E-5
1.420890000E+9	1.540353000E-5
1.420893333E+9	1.540777000E-5
1.420896667E+9	1.530124000E-5
1.420900000E+9	1.585975000E-5
1.420903333E+9	1.628856000E-5
1.420906667E+9	1.843870000E-5
1.420910000E+9	1.566657000E-5
1.420913333E+9	2.494903000E-5
1.420916667E+9	2.314073000E-5
1.420920000E+9	1.566265000E-5
1.420923333E+9	1.524873000E-5
1.420926667E+9	1.558275000E-5
1.420930000E+9	1.552070000E-5
1.420933333E+9	1.546730000E-5
1.420936667E+9	1.530227000E-5
1.420940000E+9	1.573490000E-5
1.420943333E+9	1.644657000E-5
1.420946667E+9	1.553294000E-5
1.420950000E+9	1.528027000E-5
1.420953333E+9	1.544722000E-5
1.420956667E+9	1.538836000E-5
1.420960000E+9	1.514510000E-5
1.420963333E+9	1.546993000E-5
1.420966667E+9	1.546874000E-5
1.420970000E+9	1.537963000E-5
1.420973333E+9	1.557093000E-5
1.420976667E+9	1.555222000E-5
1.420980000E+9	1.568261000E-5
1.420983333E+9	1.561257000E-5
1.420986667E+9	1.610991000E-5
1.420990000E+9	1.596351000E-5
1.420993333E+9	1.548601000E-5
1.420996667E+9	1.530640000E-5
1.421000000E+9	1.570749000E-5
1.421003333E+9	1.534766000E-5
1.421006667E+9	1.523802000E-5
1.421010000E+9	1.559069000E-5
1.421013333E+9	1.551854000E-5
1.421016667E+9	1.580031000E-5
1.421020000E+9	1.534847000E-5
1.421023333E+9	1.543364000E-5
1.421026667E+9	1.550214000E-5
1.421030000E+9	1.514458000E-5
1.421033333E+9	1.532084000E-5
1.421036667E+9	1.562215000E-5
1.421040000E+9	1.539933000E-5
1.421043333E+9	1.495238000E-5
1.421046667E+9	1.550947000E-5
1.421050000E+9	1.551130000E-5
1.421053333E+9	1.567793000E-5
1.421056667E+9	1.577407000E-5
1.421060000E+9	1.546701000E-5
1.421063333E+9	1.570141000E-5
1.421066667E+9	1.536778000E-5
1.421070000E+9	1.546660000E-5
1.421073333E+9	1.547394000E-5
1.421076667E+9	1.518733000E-5
1.421080000E+9	1.506807000E-5
1.421083333E+9	1.569243000E-5
1.421086667E+9	1.553980000E-5
1.421090000E+9	1.583723000E-5
1.421093333E+9	1.602131000E-5
1.421096667E+9	1.566176000E-5
1.421100000E+9	1.553251000E-5
1.421103333E+9	1.531997000E-5
1.421106667E+9	1.557517000E-5
1.421110000E+9	1.512728000E-5
1.421113333E+9	1.543166000E-5
1.421116667E+9	1.511140000E-5
1.421120000E+9	1.562390000E-5
1.421123333E+9	1.578488000E-5
1.421126667E+9	1.542565000E-5
1.421130000E+9	1.583633000E-5
1.421133333E+9	1.571495000E-5
1.421136667E+9	1.541857000E-5
1.421140000E+9	1.534682000E-5
1.421143333E+9	1.544115000E-5
1.421146667E+9	1.536235000E-5
1.421150000E+9	1.552672000E-5
1.421153333E+9	1.585350000E-5
1.421156667E+9	1.587555000E-5
1.421160000E+9	1.573064000E-5
1.421163333E+9	1.566234000E-5
1.421166667E+9	1.572818000E-5
1.421170000E+9	1.588734000E-5
1.421173333E+9	1.555200000E-5
1.421176667E+9	1.686483000E-5
1.421180000E+9	1.818082000E-5
1.421183333E+9	1.524277000E-5
1.421186667E+9	1.549569000E-5
1.421190000E+9	1.520987000E-5
1.421193333E+9	1.564685000E-5
1.421196667E+9	1.555055000E-5
1.421200000E+9	1.583388000E-5
1.421203333E+9	1.570298000E-5
1.421206667E+9	1.948085000E-5
1.421210000E+9	1.816376000E-5
1.421213333E+9	1.546803000E-5
1.421216667E+9	1.551397000E-5
1.421220000E+9	1.581808000E-5
1.421223333E+9	1.547673000E-5
1.421226667E+9	1.513496000E-5
1.421230000E+9	1.531233000E-5
1.421233333E+9	1.560785000E-5
1.421236667E+9	1.543978000E-5
1.421240000E+9	1.561668000E-5
1.421243333E+9	1.546063000E-5
1.421246667E+9	1.551903000E-5
1.421250000E+9	1.520675000E-5
1.421253333E+9	1.561087000E-5
1.421256667E+9	1.508509000E-5
1.421260000E+9	1.524266000E-5
1.421263333E+9	1.527838000E-5
1.421266667E+9	1.533843000E-5
1.421270000E+9	1.559435000E-5
1.421273333E+9	1.537877000E-5
1.421276667E+9	1.524145000E-5
1.421280000E+9	1.544100000E-5
1.421283333E+9	1.534502000E-5
1.421286667E+9	1.567805000E-5
1.421290000E+9	1.562903000E-5
1.421293333E+9	1.561491000E-5
1.421296667E+9	1.545677000E-5
1.421300000E+9	1.571398000E-5
1.421303333E+9	1.558573000E-5
1.421306667E+9	1.551130000E-5
1.421310000E+9	1.545669000E-5
1.421313333E+9	1.564536000E-5
1.421316667E+9	1.521256000E-5
1.421320000E+9	1.561558000E-5
1.421323333E+9	1.549633000E-5
1.421326667E+9	1.539335000E-5
1.421330000E+9	1.565680000E-5
1.421333333E+9	1.539715000E-5
1.421336667E+9	1.551458000E-5
1.421340000E+9	1.557640000E-5
1.421343333E+9	1.529246000E-5
1.421346667E+9	1.563995000E-5
1.421350000E+9	1.575558000E-5
1.421353333E+9	1.673538000E-5
1.421356667E+9	1.855088000E-5
1.421360000E+9	1.592550000E-5
1.421363333E+9	1.558840000E-5
1.421366667E+9	1.601611000E-5
1.421370000E+9	1.548842000E-5
1.421373333E+9	1.539749000E-5
1.421376667E+9	1.538985000E-5
1.421380000E+9	1.528777000E-5
1.421383333E+9	1.550803000E-5
1.421386667E+9	1.577247000E-5
1.421390000E+9	1.563442000E-5
1.421393333E+9	1.553783000E-5
1.421396667E+9	1.552199000E-5
1.421400000E+9	1.528022000E-5
