Frequency, Hz	Amplitude, Volts
1.419400000E+9	2.240557000E-5
1.419403333E+9	2.179213000E-5
1.419406667E+9	2.208351000E-5
1.419410000E+9	2.176370000E-5
1.419413333E+9	2.209413000E-5
1.419416667E+9	2.164144000E-5
1.419420000E+9	2.218667000E-5
1.419423333E+9	2.213461000E-5
1.419426667E+9	2.155455000E-5
1.419430000E+9	2.227266000E-5
1.419433333E+9	2.216663000E-5
1.419436667E+9	2.253448000E-5
1.419440000E+9	2.200429000E-5
1.419443333E+9	2.229882000E-5
1.419446667E+9	2.213533000E-5
1.419450000E+9	2.245594000E-5
1.419453333E+9	2.544617000E-5
1.419456667E+9	2.388332000E-5
1.419460000E+9	2.232648000E-5
1.419463333E+9	2.223960000E-5
1.419466667E+9	2.207005000E-5
1.419470000E+9	2.237207000E-5
1.419473333E+9	2.170791000E-5
1.419476667E+9	2.219064000E-5
1.419480000E+9	2.182273000E-5
1.419483333E+9	2.189295000E-5
1.419486667E+9	2.199878000E-5
1.419490000E+9	2.286855000E-5
1.419493333E+9	2.212688000E-5
1.419496667E+9	2.203703000E-5
1.419500000E+9	2.208765000E-5
1.419503333E+9	2.190796000E-5
1.419506667E+9	2.245128000E-5
1.419510000E+9	2.177185000E-5
1.419513333E+9	2.187539000E-5
1.419516667E+9	2.227102000E-5
1.419520000E+9	2.246565000E-5
1.419523333E+9	2.159824000E-5
1.419526667E+9	2.228279000E-5
1.419530000E+9	2.191643000E-5
1.419533333E+9	2.269977000E-5
1.419536667E+9	2.327670000E-5
1.419540000E+9	2.207631000E-5
1.419543333E+9	2.227281000E-5
1.419546667E+9	2.207429000E-5
1.419550000E+9	2.203816000E-5
1.419553333E+9	2.202324000E-5
1.419556667E+9	2.213806000E-5
1.419560000E+9	2.234141000E-5
1.419563333E+9	2.296492000E-5
1.419566667E+9	2.271977000E-5
1.419570000E+9	2.217571000E-5
1.419573333E+9	2.205893000E-5
1.419576667E+9	2.260424000E-5
1.419580000E+9	2.182089000E-5
1.419583333E+9	2.232130000E-5
1.419586667E+9	2.193819000E-5
1.419590000E+9	2.191181000E-5
1.419593333E+9	2.198046000E-5
1.419596667E+9	2.188445000E-5
1.419600000E+9	2.248752000E-5
1.419603333E+9	2.388269000E-5
1.419606667E+9	2.266075000E-5
1.419610000E+9	2.218146000E-5
1.419613333E+9	2.214657000E-5
1.419616667E+9	2.186734000E-5
1.419620000E+9	2.207534000E-5
1.419623333E+9	2.236544000E-5
1.419626667E+9	2.203291000E-5
1.419630000E+9	2.202878000E-5
1.419633333E+9	2.200745000E-5
1.419636667E+9	2.225723000E-5
1.419640000E+9	2.216831000E-5
1.419643333E+9	2.379934000E-5
1.419646667E+9	2.199405000E-5
1.419650000E+9	2.170090000E-5
1.419653333E+9	2.203652000E-5
1.419656667E+9	2.203209000E-5
1.419660000E+9	2.199219000E-5
1.419663333E+9	2.173170000E-5
1.419666667E+9	2.207156000E-5
1.419670000E+9	2.233261000E-5
1.419673333E+9	2.237720000E-5
1.419676667E+9	2.247688000E-5
1.419680000E+9	2.257475000E-5
1.419683333E+9	2.326753000E-5
1.419686667E+9	2.186600000E-5
1.419690000E+9	2.164122000E-5
1.419693333E+9	2.209377000E-5
1.419696667E+9	2.213735000E-5
1.419700000E+9	2.232295000E-5
1.419703333E+9	2.181648000E-5
1.419706667E+9	2.194677000E-5
1.419710000E+9	2.197158000E-5
1.419713333E+9	2.205312000E-5
1.419716667E+9	2.218417000E-5
1.419720000E+9	2.329324000E-5
1.419723333E+9	2.353277000E-5
1.419726667E+9	2.213674000E-5
1.419730000E+9	2.187284000E-5
1.419733333E+9	2.220802000E-5
1.419736667E+9	2.232807000E-5
1.419740000E+9	2.223379000E-5
1.419743333E+9	2.207439000E-5
1.419746667E+9	2.594957000E-5
1.419750000E+9	2.321116000E-5
1.419753333E+9	2.239714000E-5
1.419756667E+9	2.252023000E-5
1.419760000E+9	2.220768000E-5
1.419763333E+9	2.211323000E-5
1.419766667E+9	2.213531000E-5
1.419770000E+9	2.246311000E-5
1.419773333E+9	2.205656000E-5
1.419776667E+9	2.195870000E-5
1.419780000E+9	2.198808000E-5
1.419783333E+9	2.160687000E-5
1.419786667E+9	2.205971000E-5
1.419790000E+9	2.210034000E-5
1.419793333E+9	2.260811000E-5
1.419796667E+9	2.172822000E-5
1.419800000E+9	2.238583000E-5
1.419803333E+9	2.193210000E-5
1.419806667E+9	2.177266000E-5
1.419810000E+9	2.190457000E-5
1.419813333E+9	2.254780000E-5
1.419816667E+9	2.238856000E-5
1.419820000E+9	2.239261000E-5
1.419823333E+9	2.195537000E-5
1.419826667E+9	2.175188000E-5
1.419830000E+9	2.185611000E-5
1.419833333E+9	2.197336000E-5
1.419836667E+9	2.240348000E-5
1.419840000E+9	2.195393000E-5
1.419843333E+9	2.153539000E-5
1.419846667E+9	2.221110000E-5
1.419850000E+9	2.202232000E-5
1.419853333E+9	2.229231000E-5
1.419856667E+9	2.220880000E-5
1.419860000E+9	2.189093000E-5
1.419863333E+9	2.253109000E-5
1.419866667E+9	2.159131000E-5
1.419870000E+9	2.146111000E-5
1.419873333E+9	2.207749000E-5
1.419876667E+9	2.202058000E-5
1.419880000E+9	2.197937000E-5
1.419883333E+9	2.163436000E-5
1.419886667E+9	2.208377000E-5
1.419890000E+9	2.218911000E-5
1.419893333E+9	2.188007000E-5
1.419896667E+9	2.168847000E-5
1.419900000E+9	2.190919000E-5
1.419903333E+9	2.214817000E-5
1.419906667E+9	2.186946000E-5
1.419910000E+9	2.201947000E-5
1.419913333E+9	2.151613000E-5
1.419916667E+9	2.211544000E-5
1.419920000E+9	2.160253000E-5
1.419923333E+9	2.179354000E-5
1.419926667E+9	2.252152000E-5
1.419930000E+9	2.226422000E-5
1.419933333E+9	2.191828000E-5
1.419936667E+9	2.191003000E-5
1.419940000E+9	2.171177000E-5
1.419943333E+9	2.186497000E-5
1.419946667E+9	2.149108000E-5
1.419950000E+9	2.249424000E-5
1.419953333E+9	2.214445000E-5
1.419956667E+9	2.263387000E-5
1.419960000E+9	2.138772000E-5
1.419963333E+9	2.211138000E-5
1.419966667E+9	2.175983000E-5
1.419970000E+9	2.209726000E-5
1.419973333E+9	2.222385000E-5
1.419976667E+9	2.228164000E-5
1.419980000E+9	2.188603000E-5
1.419983333E+9	2.201550000E-5
1.419986667E+9	2.220249000E-5
1.419990000E+9	2.181114000E-5
1.419993333E+9	2.302817000E-5
1.419996667E+9	2.281588000E-5
1.420000000E+9	2.211286000E-5
1.420003333E+9	2.226584000E-5
1.420006667E+9	2.196692000E-5
1.420010000E+9	2.188469000E-5
1.420013333E+9	2.220500000E-5
1.420016667E+9	2.152780000E-5
1.420020000E+9	2.239465000E-5
1.420023333E+9	2.189276000E-5
1.420026667E+9	2.186994000E-5
1.420030000E+9	2.165151000E-5
1.420033333E+9	2.334824000E-5
1.420036667E+9	2.281208000E-5
1.420040000E+9	2.425679000E-5
1.420043333E+9	2.201915000E-5
1.420046667E+9	2.205847000E-5
1.420050000E+9	2.246785000E-5
1.420053333E+9	2.169116000E-5
1.420056667E+9	2.195318000E-5
1.420060000E+9	2.160279000E-5
1.420063333E+9	2.189449000E-5
1.420066667E+9	2.203214000E-5
1.420070000E+9	2.184800000E-5
1.420073333E+9	2.395452000E-5
1.420076667E+9	2.227188000E-5
1.420080000E+9	2.184136000E-5
1.420083333E+9	2.170519000E-5
1.420086667E+9	2.124511000E-5
1.420090000E+9	2.187709000E-5
1.420093333E+9	2.195908000E-5
1.420096667E+9	2.188075000E-5
1.420100000E+9	2.172231000E-5
1.420103333E+9	2.159195000E-5
1.420106667E+9	2.132850000E-5
1.420110000E+9	2.249984000E-5
1.420113333E+9	2.357785000E-5
1.420116667E+9	2.195634000E-5
1.420120000E+9	2.199825000E-5
1.420123333E+9	2.172658000E-5
1.420126667E+9	2.171885000E-5
1.420130000E+9	2.185885000E-5
1.420133333E+9	2.183819000E-5
1.420136667E+9	2.161323000E-5
1.420140000E+9	2.189819000E-5
1.420143333E+9	2.271984000E-5
1.420146667E+9	2.145783000E-5
1.420150000E+9	2.293100000E-5
1.420153333E+9	2.302220000E-5
1.420156667E+9	2.208292000E-5
1.420160000E+9	2.194534000E-5
1.420163333E+9	2.208758000E-5
1.420166667E+9	2.161774000E-5
1.420170000E+9	2.168835000E-5
1.420173333E+9	2.176595000E-5
1.420176667E+9	2.216208000E-5
1.420180000E+9	2.201869000E-5
1.420183333E+9	2.219671000E-5
1.420186667E+9	2.230562000E-5
1.420190000E+9	2.308693000E-5
1.420193333E+9	2.209146000E-5
1.420196667E+9	2.186516000E-5
1.420200000E+9	2.175503000E-5
1.420203333E+9	2.202121000E-5
1.420206667E+9	2.206744000E-5
1.420210000E+9	2.275594000E-5
1.420213333E+9	2.238494000E-5
1.420216667E+9	2.189452000E-5
1.420220000E+9	2.188019000E-5
1.420223333E+9	2.169980000E-5
1.420226667E+9	2.162374000E-5
1.420230000E+9	2.272089000E-5
1.420233333E+9	2.206523000E-5
1.420236667E+9	2.228731000E-5
1.420240000E+9	2.180946000E-5
1.420243333E+9	2.135583000E-5
1.420246667E+9	2.226207000E-5
1.420250000E+9	2.166826000E-5
1.420253333E+9	2.211847000E-5
1.420256667E+9	2.204182000E-5
1.420260000E+9	2.219652000E-5
1.420263333E+9	2.189507000E-5
1.420266667E+9	2.197809000E-5
1.420270000E+9	2.208659000E-5
1.420273333E+9	2.177933000E-5
1.420276667E+9	2.247565000E-5
1.420280000E+9	2.261119000E-5
1.420283333E+9	2.243819000E-5
1.420286667E+9	2.239163000E-5
1.420290000E+9	2.210180000E-5
1.420293333E+9	2.228217000E-5
1.420296667E+9	2.193463000E-5
1.420300000E+9	2.174335000E-5
1.420303333E+9	2.188120000E-5
1.420306667E+9	2.191881000E-5
1.420310000E+9	2.166093000E-5
1.420313333E+9	2.238241000E-5
1.420316667E+9	2.201760000E-5
1.420320000E+9	2.203257000E-5
1.420323333E+9	2.218867000E-5
1.420326667E+9	2.256754000E-5
1.420330000E+9	2.274770000E-5
1.420333333E+9	2.517378000E-5
1.420336667E+9	2.265973000E-5
1.420340000E+9	2.237831000E-5
1.420343333E+9	2.229471000E-5
1.420346667E+9	2.223591000E-5
1.420350000E+9	2.228242000E-5
1.420353333E+9	2.200013000E-5
1.420356667E+9	2.176917000E-5
1.420360000E+9	2.192947000E-5
1.420363333E+9	2.206235000E-5
1.420366667E+9	2.215449000E-5
1.420370000E+9	2.177281000E-5
1.420373333E+9	2.198429000E-5
1.420376667E+9	2.193309000E-5
1.420380000E+9	2.178945000E-5
1.420383333E+9	2.209622000E-5
1.420386667E+9	2.233896000E-5
1.420390000E+9	2.202188000E-5
1.420393333E+9	2.198589000E-5
1.420396667E+9	2.200088000E-5
1.420400000E+9	2.173638000E-5
1.420403333E+9	2.203057000E-5
1.420406667E+9	2.195108000E-5
1.420410000E+9	2.243324000E-5
1.420413333E+9	2.260037000E-5
1.420416667E+9	2.189154000E-5
1.420420000E+9	2.182642000E-5
1.420423333E+9	2.228134000E-5
1.420426667E+9	2.265261000E-5
1.420430000E+9	2.179819000E-5
1.420433333E+9	2.200318000E-5
1.420436667E+9	2.214917000E-5
1.420440000E+9	2.183299000E-5
1.420443333E+9	2.171453000E-5
1.420446667E+9	2.192461000E-5
1.420450000E+9	2.194580000E-5
1.420453333E+9	2.189889000E-5
1.420456667E+9	2.205087000E-5
1.420460000E+9	2.211903000E-5
1.420463333E+9	2.313184000E-5
1.420466667E+9	2.304031000E-5
1.420470000E+9	2.231393000E-5
1.420473333E+9	2.170600000E-5
1.420476667E+9	2.162849000E-5
1.420480000E+9	2.270086000E-5
1.420483333E+9	2.220680000E-5
1.420486667E+9	2.198514000E-5
1.420490000E+9	2.185258000E-5
1.420493333E+9	2.218684000E-5
1.420496667E+9	2.166267000E-5
1.420500000E+9	2.177388000E-5
1.420503333E+9	2.316010000E-5
1.420506667E+9	2.242871000E-5
1.420510000E+9	2.219237000E-5
1.420513333E+9	2.238229000E-5
1.420516667E+9	2.203751000E-5
1.420520000E+9	2.180127000E-5
1.420523333E+9	2.176843000E-5
1.420526667E+9	2.196113000E-5
1.420530000E+9	2.182446000E-5
1.420533333E+9	2.193109000E-5
1.420536667E+9	2.207388000E-5
1.420540000E+9	2.257220000E-5
1.420543333E+9	2.369565000E-5
1.420546667E+9	2.289438000E-5
1.420550000E+9	2.220671000E-5
1.420553333E+9	2.188339000E-5
1.420556667E+9	2.219642000E-5
1.420560000E+9	2.183589000E-5
1.420563333E+9	2.195441000E-5
1.420566667E+9	2.171174000E-5
1.420570000E+9	2.178180000E-5
1.420573333E+9	2.157427000E-5
1.420576667E+9	2.178840000E-5
1.420580000E+9	2.287438000E-5
1.420583333E+9	2.310529000E-5
1.420586667E+9	2.224126000E-5
1.420590000E+9	2.181540000E-5
1.420593333E+9	2.199204000E-5
1.420596667E+9	2.174288000E-5
1.420600000E+9	2.211612000E-5
1.420603333E+9	2.296668000E-5
1.420606667E+9	2.278261000E-5
1.420610000E+9	2.189180000E-5
1.420613333E+9	2.268434000E-5
1.420616667E+9	2.182163000E-5
1.420620000E+9	2.343785000E-5
1.420623333E+9	2.320673000E-5
1.420626667E+9	2.537419000E-5
1.420630000E+9	2.260185000E-5
1.420633333E+9	2.282991000E-5
1.420636667E+9	2.259503000E-5
1.420640000E+9	2.190851000E-5
1.420643333E+9	2.192163000E-5
1.420646667E+9	2.220915000E-5
1.420650000E+9	2.167637000E-5
1.420653333E+9	2.178924000E-5
1.420656667E+9	2.234880000E-5
1.420660000E+9	2.303219000E-5
1.420663333E+9	2.188630000E-5
1.420666667E+9	2.235041000E-5
1.420670000E+9	2.247130000E-5
1.420673333E+9	2.269015000E-5
1.420676667E+9	2.217769000E-5
1.420680000E+9	2.201956000E-5
1.420683333E+9	2.207030000E-5
1.420686667E+9	2.166657000E-5
1.420690000E+9	2.165620000E-5
1.420693333E+9	2.171353000E-5
1.420696667E+9	2.223237000E-5
1.420700000E+9	2.261322000E-5
1.420703333E+9	2.228900000E-5
1.420706667E+9	2.171503000E-5
1.420710000E+9	2.185666000E-5
1.420713333E+9	2.232650000E-5
1.420716667E+9	2.174350000E-5
1.420720000E+9	2.184378000E-5
1.420723333E+9	2.190834000E-5
1.420726667E+9	2.158439000E-5
1.420730000E+9	2.162640000E-5
1.420733333E+9	2.202104000E-5
1.420736667E+9	2.239315000E-5
1.420740000E+9	2.226374000E-5
1.420743333E+9	2.208171000E-5
1.420746667E+9	2.247217000E-5
1.420750000E+9	2.274987000E-5
1.420753333E+9	2.207282000E-5
1.420756667E+9	2.212066000E-5
1.420760000E+9	2.185422000E-5
1.420763333E+9	2.214934000E-5
1.420766667E+9	2.192584000E-5
1.420770000E+9	2.232133000E-5
1.420773333E+9	2.160846000E-5
1.420776667E+9	2.200574000E-5
1.420780000E+9	2.216014000E-5
1.420783333E+9	2.243846000E-5
1.420786667E+9	2.224969000E-5
1.420790000E+9	2.217267000E-5
1.420793333E+9	2.217087000E-5
1.420796667E+9	2.224187000E-5
1.420800000E+9	2.212916000E-5
1.420803333E+9	2.200958000E-5
1.420806667E+9	2.274570000E-5
1.420810000E+9	2.231513000E-5
1.420813333E+9	2.198685000E-5
1.420816667E+9	2.248456000E-5
1.420820000E+9	2.306291000E-5
1.420823333E+9	2.206887000E-5
1.420826667E+9	2.201301000E-5
1.420830000E+9	2.231572000E-5
1.420833333E+9	2.170340000E-5
1.420836667E+9	2.202730000E-5
1.420840000E+9	2.246016000E-5
1.420843333E+9	2.270762000E-5
1.420846667E+9	2.218078000E-5
1.420850000E+9	2.252854000E-5
1.420853333E+9	2.187592000E-5
1.420856667E+9	2.258737000E-5
1.420860000E+9	2.172653000E-5
1.420863333E+9	2.235684000E-5
1.420866667E+9	2.199378000E-5
1.420870000E+9	2.235918000E-5
1.420873333E+9	2.263521000E-5
1.420876667E+9	2.260796000E-5
1.420880000E+9	2.245199000E-5
1.420883333E+9	2.290345000E-5
1.420886667E+9	2.352123000E-5
1.420890000E+9	2.237423000E-5
1.420893333E+9	2.241721000E-5
1.420896667E+9	2.230651000E-5
1.420900000E+9	2.347350000E-5
1.420903333E+9	2.227577000E-5
1.420906667E+9	2.258099000E-5
1.420910000E+9	2.266326000E-5
1.420913333E+9	2.287525000E-5
1.420916667E+9	2.490699000E-5
1.420920000E+9	2.903116000E-5
1.420923333E+9	2.274859000E-5
1.420926667E+9	2.384077000E-5
1.420930000E+9	2.243615000E-5
1.420933333E+9	2.357402000E-5
1.420936667E+9	2.295559000E-5
1.420940000E+9	2.243396000E-5
1.420943333E+9	2.320892000E-5
1.420946667E+9	2.261623000E-5
1.420950000E+9	2.290987000E-5
1.420953333E+9	2.319542000E-5
1.420956667E+9	2.276484000E-5
1.420960000E+9	2.223369000E-5
1.420963333E+9	2.241131000E-5
1.420966667E+9	2.224097000E-5
1.420970000E+9	2.284295000E-5
1.420973333E+9	2.360992000E-5
1.420976667E+9	2.237379000E-5
1.420980000E+9	2.212588000E-5
1.420983333E+9	2.199173000E-5
1.420986667E+9	2.235842000E-5
1.420990000E+9	2.240867000E-5
1.420993333E+9	2.278361000E-5
1.420996667E+9	2.273454000E-5
1.421000000E+9	2.236757000E-5
1.421003333E+9	2.234897000E-5
1.421006667E+9	2.329828000E-5
1.421010000E+9	2.475894000E-5
1.421013333E+9	2.463935000E-5
1.421016667E+9	2.250943000E-5
1.421020000E+9	2.412674000E-5
1.421023333E+9	2.330864000E-5
1.421026667E+9	2.297559000E-5
1.421030000E+9	2.251447000E-5
1.421033333E+9	2.227929000E-5
1.421036667E+9	2.217676000E-5
1.421040000E+9	2.253250000E-5
1.421043333E+9	2.239288000E-5
1.421046667E+9	2.224543000E-5
1.421050000E+9	2.358158000E-5
1.421053333E+9	2.350620000E-5
1.421056667E+9	2.262547000E-5
1.421060000E+9	2.289347000E-5
1.421063333E+9	2.254804000E-5
1.421066667E+9	2.237927000E-5
1.421070000E+9	2.242780000E-5
1.421073333E+9	2.311683000E-5
1.421076667E+9	2.539130000E-5
1.421080000E+9	2.376623000E-5
1.421083333E+9	2.308254000E-5
1.421086667E+9	2.447162000E-5
1.421090000E+9	2.506611000E-5
1.421093333E+9	2.283704000E-5
1.421096667E+9	2.281568000E-5
1.421100000E+9	2.273663000E-5
1.421103333E+9	2.242201000E-5
1.421106667E+9	2.224351000E-5
1.421110000E+9	2.237573000E-5
1.421113333E+9	2.310470000E-5
1.421116667E+9	2.286160000E-5
1.421120000E+9	2.265159000E-5
1.421123333E+9	2.255114000E-5
1.421126667E+9	2.253542000E-5
1.421130000E+9	2.407374000E-5
1.421133333E+9	2.301591000E-5
1.421136667E+9	2.265172000E-5
1.421140000E+9	2.370049000E-5
1.421143333E+9	2.504715000E-5
1.421146667E+9	2.402168000E-5
1.421150000E+9	2.365743000E-5
1.421153333E+9	2.589060000E-5
1.421156667E+9	2.540156000E-5
1.421160000E+9	2.305324000E-5
1.421163333E+9	2.333474000E-5
1.421166667E+9	2.365741000E-5
1.421170000E+9	2.329122000E-5
1.421173333E+9	2.230413000E-5
1.421176667E+9	2.306843000E-5
1.421180000E+9	2.286529000E-5
1.421183333E+9	2.299353000E-5
1.421186667E+9	2.290735000E-5
1.421190000E+9	2.295209000E-5
1.421193333E+9	2.352458000E-5
1.421196667E+9	2.327126000E-5
1.421200000E+9	2.362512000E-5
1.421203333E+9	2.362424000E-5
1.421206667E+9	2.481754000E-5
1.421210000E+9	2.920963000E-5
1.421213333E+9	3.131619000E-5
1.421216667E+9	2.563639000E-5
1.421220000E+9	2.620807000E-5
1.421223333E+9	2.726940000E-5
1.421226667E+9	2.492026000E-5
1.421230000E+9	2.399766000E-5
1.421233333E+9	2.381877000E-5
1.421236667E+9	2.351358000E-5
1.421240000E+9	2.363817000E-5
1.421243333E+9	2.397067000E-5
1.421246667E+9	2.406109000E-5
1.421250000E+9	2.403368000E-5
1.421253333E+9	2.405332000E-5
1.421256667E+9	2.427987000E-5
1.421260000E+9	2.441653000E-5
1.421263333E+9	2.484349000E-5
1.421266667E+9	2.509125000E-5
1.421270000E+9	2.591617000E-5
1.421273333E+9	2.589618000E-5
1.421276667E+9	3.144582000E-5
1.421280000E+9	3.591067000E-5
1.421283333E+9	3.040066000E-5
1.421286667E+9	3.034943000E-5
1.421290000E+9	3.041398000E-5
1.421293333E+9	2.932686000E-5
1.421296667E+9	2.933701000E-5
1.421300000E+9	2.867134000E-5
1.421303333E+9	2.893801000E-5
1.421306667E+9	3.039909000E-5
1.421310000E+9	3.084795000E-5
1.421313333E+9	3.030767000E-5
1.421316667E+9	3.244127000E-5
1.421320000E+9	3.235519000E-5
1.421323333E+9	3.189472000E-5
1.421326667E+9	3.284527000E-5
1.421330000E+9	3.374546000E-5
1.421333333E+9	3.498715000E-5
1.421336667E+9	3.626489000E-5
1.421340000E+9	3.821613000E-5
1.421343333E+9	6.228056000E-5
1.421346667E+9	8.990473000E-5
1.421350000E+9	6.286577000E-5
1.421353333E+9	4.679499000E-5
1.421356667E+9	4.872216000E-5
1.421360000E+9	4.319260000E-5
1.421363333E+9	3.817085000E-5
1.421366667E+9	3.600621000E-5
1.421370000E+9	3.448328000E-5
1.421373333E+9	3.496695000E-5
1.421376667E+9	3.477250000E-5
1.421380000E+9	3.383636000E-5
1.421383333E+9	3.400152000E-5
1.421386667E+9	3.383539000E-5
1.421390000E+9	3.173630000E-5
1.421393333E+9	3.207843000E-5
1.421396667E+9	3.236005000E-5
1.421400000E+9	3.232412000E-5
