Frequency, Hz	Amplitude, Volts
1.419400000E+9	1.550013000E-5
1.419403333E+9	1.598936000E-5
1.419406667E+9	1.559918000E-5
1.419410000E+9	1.549434000E-5
1.419413333E+9	1.575644000E-5
1.419416667E+9	1.590869000E-5
1.419420000E+9	1.555285000E-5
1.419423333E+9	1.565680000E-5
1.419426667E+9	1.557189000E-5
1.419430000E+9	1.535061000E-5
1.419433333E+9	1.571550000E-5
1.419436667E+9	1.563605000E-5
1.419440000E+9	1.592632000E-5
1.419443333E+9	1.570256000E-5
1.419446667E+9	1.579970000E-5
1.419450000E+9	1.857401000E-5
1.419453333E+9	1.637391000E-5
1.419456667E+9	1.600688000E-5
1.419460000E+9	1.582639000E-5
1.419463333E+9	1.565288000E-5
1.419466667E+9	1.559230000E-5
1.419470000E+9	1.573905000E-5
1.419473333E+9	1.548320000E-5
1.419476667E+9	1.576214000E-5
1.419480000E+9	1.539260000E-5
1.419483333E+9	1.559148000E-5
1.419486667E+9	1.546966000E-5
1.419490000E+9	1.560405000E-5
1.419493333E+9	1.596922000E-5
1.419496667E+9	1.562347000E-5
1.419500000E+9	1.566747000E-5
1.419503333E+9	1.542009000E-5
1.419506667E+9	1.561529000E-5
1.419510000E+9	1.574209000E-5
1.419513333E+9	1.558012000E-5
1.419516667E+9	1.556521000E-5
1.419520000E+9	1.578065000E-5
1.419523333E+9	1.561997000E-5
1.419526667E+9	1.563911000E-5
1.419530000E+9	1.563414000E-5
1.419533333E+9	1.577836000E-5
1.419536667E+9	1.540708000E-5
1.419540000E+9	1.569474000E-5
1.419543333E+9	1.514084000E-5
1.419546667E+9	1.596826000E-5
1.419550000E+9	1.547467000E-5
1.419553333E+9	1.533513000E-5
1.419556667E+9	1.549318000E-5
1.419560000E+9	1.567956000E-5
1.419563333E+9	1.606441000E-5
1.419566667E+9	1.581173000E-5
1.419570000E+9	1.552646000E-5
1.419573333E+9	1.551416000E-5
1.419576667E+9	1.584068000E-5
1.419580000E+9	1.572893000E-5
1.419583333E+9	1.555543000E-5
1.419586667E+9	1.579509000E-5
1.419590000E+9	1.571812000E-5
1.419593333E+9	1.565063000E-5
1.419596667E+9	1.548881000E-5
1.419600000E+9	1.602567000E-5
1.419603333E+9	1.548502000E-5
1.419606667E+9	1.565330000E-5
1.419610000E+9	1.552261000E-5
1.419613333E+9	1.543724000E-5
1.419616667E+9	1.538412000E-5
1.419620000E+9	1.557909000E-5
1.419623333E+9	1.553802000E-5
1.419626667E+9	1.583223000E-5
1.419630000E+9	1.554360000E-5
1.419633333E+9	1.552213000E-5
1.419636667E+9	1.553229000E-5
1.419640000E+9	1.576195000E-5
1.419643333E+9	1.556840000E-5
1.419646667E+9	1.587637000E-5
1.419650000E+9	1.550094000E-5
1.419653333E+9	1.536781000E-5
1.419656667E+9	1.571227000E-5
1.419660000E+9	1.538733000E-5
1.419663333E+9	1.535953000E-5
1.419666667E+9	1.600556000E-5
1.419670000E+9	1.562351000E-5
1.419673333E+9	1.565673000E-5
1.419676667E+9	1.582460000E-5
1.419680000E+9	1.530188000E-5
1.419683333E+9	1.544739000E-5
1.419686667E+9	1.535316000E-5
1.419690000E+9	1.528866000E-5
1.419693333E+9	1.545240000E-5
1.419696667E+9	1.537489000E-5
1.419700000E+9	1.551099000E-5
1.419703333E+9	1.552448000E-5
1.419706667E+9	1.539653000E-5
1.419710000E+9	1.557127000E-5
1.419713333E+9	1.553024000E-5
1.419716667E+9	1.558745000E-5
1.419720000E+9	1.532158000E-5
1.419723333E+9	1.547584000E-5
1.419726667E+9	1.575771000E-5
1.419730000E+9	1.598889000E-5
1.419733333E+9	1.668126000E-5
1.419736667E+9	1.592394000E-5
1.419740000E+9	1.614639000E-5
1.419743333E+9	1.830593000E-5
1.419746667E+9	1.600259000E-5
1.419750000E+9	1.650448000E-5
1.419753333E+9	1.578281000E-5
1.419756667E+9	1.568059000E-5
1.419760000E+9	1.571519000E-5
1.419763333E+9	1.521248000E-5
1.419766667E+9	1.544936000E-5
1.419770000E+9	1.530343000E-5
1.419773333E+9	1.554681000E-5
1.419776667E+9	1.534328000E-5
1.419780000E+9	1.592057000E-5
1.419783333E+9	1.534753000E-5
1.419786667E+9	1.540625000E-5
1.419790000E+9	1.538127000E-5
1.419793333E+9	1.533427000E-5
1.419796667E+9	1.522658000E-5
1.419800000E+9	1.543803000E-5
1.419803333E+9	1.561274000E-5
1.419806667E+9	1.584839000E-5
1.419810000E+9	1.541368000E-5
1.419813333E+9	1.570553000E-5
1.419816667E+9	1.556640000E-5
1.419820000E+9	1.579431000E-5
1.419823333E+9	1.568702000E-5
1.419826667E+9	1.523921000E-5
1.419830000E+9	1.573142000E-5
1.419833333E+9	1.566021000E-5
1.419836667E+9	1.547287000E-5
1.419840000E+9	1.550282000E-5
1.419843333E+9	1.565307000E-5
1.419846667E+9	1.565783000E-5
1.419850000E+9	1.554034000E-5
1.419853333E+9	1.519148000E-5
1.419856667E+9	1.535223000E-5
1.419860000E+9	1.553233000E-5
1.419863333E+9	1.563909000E-5
1.419866667E+9	1.565873000E-5
1.419870000E+9	1.587904000E-5
1.419873333E+9	1.562544000E-5
1.419876667E+9	1.553601000E-5
1.419880000E+9	1.558056000E-5
1.419883333E+9	1.603234000E-5
1.419886667E+9	1.545825000E-5
1.419890000E+9	1.546959000E-5
1.419893333E+9	1.556100000E-5
1.419896667E+9	1.533121000E-5
1.419900000E+9	1.589388000E-5
1.419903333E+9	1.564472000E-5
1.419906667E+9	1.533134000E-5
1.419910000E+9	1.544636000E-5
1.419913333E+9	1.543541000E-5
1.419916667E+9	1.521990000E-5
1.419920000E+9	1.528628000E-5
1.419923333E+9	1.558783000E-5
1.419926667E+9	1.567584000E-5
1.419930000E+9	1.525907000E-5
1.419933333E+9	1.541232000E-5
1.419936667E+9	1.578536000E-5
1.419940000E+9	1.569665000E-5
1.419943333E+9	1.547756000E-5
1.419946667E+9	1.545009000E-5
1.419950000E+9	1.536606000E-5
1.419953333E+9	1.507795000E-5
1.419956667E+9	1.536066000E-5
1.419960000E+9	1.516470000E-5
1.419963333E+9	1.562145000E-5
1.419966667E+9	1.589116000E-5
1.419970000E+9	1.548745000E-5
1.419973333E+9	1.554927000E-5
1.419976667E+9	1.569668000E-5
1.419980000E+9	1.534322000E-5
1.419983333E+9	1.545635000E-5
1.419986667E+9	1.597141000E-5
1.419990000E+9	1.605042000E-5
1.419993333E+9	1.555285000E-5
1.419996667E+9	1.538098000E-5
1.420000000E+9	1.639576000E-5
1.420003333E+9	1.746672000E-5
1.420006667E+9	1.547545000E-5
1.420010000E+9	1.576162000E-5
1.420013333E+9	1.555830000E-5
1.420016667E+9	1.538328000E-5
1.420020000E+9	1.558927000E-5
1.420023333E+9	1.563928000E-5
1.420026667E+9	1.559375000E-5
1.420030000E+9	1.578694000E-5
1.420033333E+9	1.642625000E-5
1.420036667E+9	1.732623000E-5
1.420040000E+9	1.620137000E-5
1.420043333E+9	1.524649000E-5
1.420046667E+9	1.508519000E-5
1.420050000E+9	1.531714000E-5
1.420053333E+9	1.561202000E-5
1.420056667E+9	1.533032000E-5
1.420060000E+9	1.561479000E-5
1.420063333E+9	1.527494000E-5
1.420066667E+9	1.543261000E-5
1.420070000E+9	1.533249000E-5
1.420073333E+9	1.532290000E-5
1.420076667E+9	1.533922000E-5
1.420080000E+9	1.564349000E-5
1.420083333E+9	1.570925000E-5
1.420086667E+9	1.560975000E-5
1.420090000E+9	1.566755000E-5
1.420093333E+9	1.567448000E-5
1.420096667E+9	1.571905000E-5
1.420100000E+9	1.550976000E-5
1.420103333E+9	1.518483000E-5
1.420106667E+9	1.541848000E-5
1.420110000E+9	1.549062000E-5
1.420113333E+9	1.525494000E-5
1.420116667E+9	1.532954000E-5
1.420120000E+9	1.529731000E-5
1.420123333E+9	1.580354000E-5
1.420126667E+9	1.575712000E-5
1.420130000E+9	1.535314000E-5
1.420133333E+9	1.563195000E-5
1.420136667E+9	1.546436000E-5
1.420140000E+9	1.551867000E-5
1.420143333E+9	1.529384000E-5
1.420146667E+9	1.511432000E-5
1.420150000E+9	1.552273000E-5
1.420153333E+9	1.551957000E-5
1.420156667E+9	1.564393000E-5
1.420160000E+9	1.545065000E-5
1.420163333E+9	1.556903000E-5
1.420166667E+9	1.541825000E-5
1.420170000E+9	1.536429000E-5
1.420173333E+9	1.561142000E-5
1.420176667E+9	1.532029000E-5
1.420180000E+9	1.569331000E-5
1.420183333E+9	1.566342000E-5
1.420186667E+9	1.534490000E-5
1.420190000E+9	1.545686000E-5
1.420193333E+9	1.558439000E-5
1.420196667E+9	1.564988000E-5
1.420200000E+9	1.565593000E-5
1.420203333E+9	1.531365000E-5
1.420206667E+9	1.541459000E-5
1.420210000E+9	1.569951000E-5
1.420213333E+9	1.554714000E-5
1.420216667E+9	1.541760000E-5
1.420220000E+9	1.563111000E-5
1.420223333E+9	1.562587000E-5
1.420226667E+9	1.586364000E-5
1.420230000E+9	1.554002000E-5
1.420233333E+9	1.569631000E-5
1.420236667E+9	1.597469000E-5
1.420240000E+9	1.538693000E-5
1.420243333E+9	1.555694000E-5
1.420246667E+9	1.582898000E-5
1.420250000E+9	1.577800000E-5
1.420253333E+9	1.570827000E-5
1.420256667E+9	1.584115000E-5
1.420260000E+9	1.561884000E-5
1.420263333E+9	1.570605000E-5
1.420266667E+9	1.562822000E-5
1.420270000E+9	1.560299000E-5
1.420273333E+9	1.592187000E-5
1.420276667E+9	1.591893000E-5
1.420280000E+9	1.604073000E-5
1.420283333E+9	1.586963000E-5
1.420286667E+9	1.579365000E-5
1.420290000E+9	1.572496000E-5
1.420293333E+9	1.587317000E-5
1.420296667E+9	1.622179000E-5
1.420300000E+9	1.610546000E-5
1.420303333E+9	1.629299000E-5
1.420306667E+9	1.594891000E-5
1.420310000E+9	1.656231000E-5
1.420313333E+9	1.642149000E-5
1.420316667E+9	1.611846000E-5
1.420320000E+9	1.644868000E-5
1.420323333E+9	1.674786000E-5
1.420326667E+9	1.767164000E-5
1.420330000E+9	1.851439000E-5
1.420333333E+9	1.699960000E-5
1.420336667E+9	1.701583000E-5
1.420340000E+9	1.674191000E-5
1.420343333E+9	1.702966000E-5
1.420346667E+9	1.723113000E-5
1.420350000E+9	1.727333000E-5
1.420353333E+9	1.724177000E-5
1.420356667E+9	1.704747000E-5
1.420360000E+9	1.727379000E-5
1.420363333E+9	1.717824000E-5
1.420366667E+9	1.779256000E-5
1.420370000E+9	1.750185000E-5
1.420373333E+9	1.790338000E-5
1.420376667E+9	1.808168000E-5
1.420380000E+9	1.811930000E-5
1.420383333E+9	1.833216000E-5
1.420386667E+9	1.822215000E-5
1.420390000E+9	1.822843000E-5
1.420393333E+9	1.830286000E-5
1.420396667E+9	1.816249000E-5
1.420400000E+9	1.841614000E-5
1.420403333E+9	1.834599000E-5
1.420406667E+9	1.833312000E-5
1.420410000E+9	1.795888000E-5
1.420413333E+9	1.842830000E-5
1.420416667E+9	1.790660000E-5
1.420420000E+9	1.788445000E-5
1.420423333E+9	1.804757000E-5
1.420426667E+9	1.747192000E-5
1.420430000E+9	1.793964000E-5
1.420433333E+9	1.755092000E-5
1.420436667E+9	1.720867000E-5
1.420440000E+9	1.762769000E-5
1.420443333E+9	1.750127000E-5
1.420446667E+9	1.738441000E-5
1.420450000E+9	1.733786000E-5
1.420453333E+9	1.702566000E-5
1.420456667E+9	1.733531000E-5
1.420460000E+9	1.715027000E-5
1.420463333E+9	1.689000000E-5
1.420466667E+9	1.687465000E-5
1.420470000E+9	1.698365000E-5
1.420473333E+9	1.697703000E-5
1.420476667E+9	1.688210000E-5
1.420480000E+9	1.694299000E-5
1.420483333E+9	1.653121000E-5
1.420486667E+9	1.664005000E-5
1.420490000E+9	1.664718000E-5
1.420493333E+9	1.683113000E-5
1.420496667E+9	1.711590000E-5
1.420500000E+9	1.692421000E-5
1.420503333E+9	1.679698000E-5
1.420506667E+9	1.678767000E-5
1.420510000E+9	1.660333000E-5
1.420513333E+9	1.641623000E-5
1.420516667E+9	1.644966000E-5
1.420520000E+9	1.672714000E-5
1.420523333E+9	1.637311000E-5
1.420526667E+9	1.638428000E-5
1.420530000E+9	1.628498000E-5
1.420533333E+9	1.659072000E-5
1.420536667E+9	1.611480000E-5
1.420540000E+9	1.618871000E-5
1.420543333E+9	1.643238000E-5
1.420546667E+9	1.622971000E-5
1.420550000E+9	1.617450000E-5
1.420553333E+9	1.624201000E-5
1.420556667E+9	1.582465000E-5
1.420560000E+9	1.612030000E-5
1.420563333E+9	1.614878000E-5
1.420566667E+9	1.616413000E-5
1.420570000E+9	1.614029000E-5
1.420573333E+9	1.591202000E-5
1.420576667E+9	1.601157000E-5
1.420580000E+9	1.616592000E-5
1.420583333E+9	1.589353000E-5
1.420586667E+9	1.606891000E-5
1.420590000E+9	1.698611000E-5
1.420593333E+9	1.618057000E-5
1.420596667E+9	1.622123000E-5
1.420600000E+9	1.587742000E-5
1.420603333E+9	1.632687000E-5
1.420606667E+9	1.640590000E-5
1.420610000E+9	1.636772000E-5
1.420613333E+9	1.598866000E-5
1.420616667E+9	1.572385000E-5
1.420620000E+9	1.784440000E-5
1.420623333E+9	1.844330000E-5
1.420626667E+9	1.700679000E-5
1.420630000E+9	1.605868000E-5
1.420633333E+9	1.569844000E-5
1.420636667E+9	1.590941000E-5
1.420640000E+9	1.592267000E-5
1.420643333E+9	1.667643000E-5
1.420646667E+9	1.683076000E-5
1.420650000E+9	1.569594000E-5
1.420653333E+9	1.579143000E-5
1.420656667E+9	1.603366000E-5
1.420660000E+9	1.630976000E-5
1.420663333E+9	1.631340000E-5
1.420666667E+9	1.597696000E-5
1.420670000E+9	1.605323000E-5
1.420673333E+9	1.638829000E-5
1.420676667E+9	1.623585000E-5
1.420680000E+9	1.634755000E-5
1.420683333E+9	1.640171000E-5
1.420686667E+9	1.611908000E-5
1.420690000E+9	1.607604000E-5
1.420693333E+9	1.639222000E-5
1.420696667E+9	1.637711000E-5
1.420700000E+9	1.616221000E-5
1.420703333E+9	1.605461000E-5
1.420706667E+9	1.639686000E-5
1.420710000E+9	1.657701000E-5
1.420713333E+9	1.633537000E-5
1.420716667E+9	1.632952000E-5
1.420720000E+9	1.650794000E-5
1.420723333E+9	1.636970000E-5
1.420726667E+9	1.633058000E-5
1.420730000E+9	1.650179000E-5
1.420733333E+9	1.633060000E-5
1.420736667E+9	1.630793000E-5
1.420740000E+9	1.666724000E-5
1.420743333E+9	1.643868000E-5
1.420746667E+9	1.708037000E-5
1.420750000E+9	1.667292000E-5
1.420753333E+9	1.674084000E-5
1.420756667E+9	1.719398000E-5
1.420760000E+9	1.670942000E-5
1.420763333E+9	1.639737000E-5
1.420766667E+9	1.634339000E-5
1.420770000E+9	1.625115000E-5
1.420773333E+9	1.633203000E-5
1.420776667E+9	1.658147000E-5
1.420780000E+9	1.656437000E-5
1.420783333E+9	1.621605000E-5
1.420786667E+9	1.594123000E-5
1.420790000E+9	1.640734000E-5
1.420793333E+9	1.733550000E-5
1.420796667E+9	1.686850000E-5
1.420800000E+9	1.613911000E-5
1.420803333E+9	1.657687000E-5
1.420806667E+9	1.587311000E-5
1.420810000E+9	1.610031000E-5
1.420813333E+9	1.642418000E-5
1.420816667E+9	1.660277000E-5
1.420820000E+9	1.605806000E-5
1.420823333E+9	1.625706000E-5
1.420826667E+9	1.578134000E-5
1.420830000E+9	1.571709000E-5
1.420833333E+9	1.599964000E-5
1.420836667E+9	1.557023000E-5
1.420840000E+9	1.590436000E-5
1.420843333E+9	1.573615000E-5
1.420846667E+9	1.600531000E-5
1.420850000E+9	1.575549000E-5
1.420853333E+9	1.557127000E-5
1.420856667E+9	1.541520000E-5
1.420860000E+9	1.569868000E-5
1.420863333E+9	1.582232000E-5
1.420866667E+9	1.584807000E-5
1.420870000E+9	1.625042000E-5
1.420873333E+9	1.554795000E-5
1.420876667E+9	1.562872000E-5
1.420880000E+9	1.567531000E-5
1.420883333E+9	1.793170000E-5
1.420886667E+9	1.684378000E-5
1.420890000E+9	1.598338000E-5
1.420893333E+9	1.568156000E-5
1.420896667E+9	1.615084000E-5
1.420900000E+9	1.655489000E-5
1.420903333E+9	1.585378000E-5
1.420906667E+9	1.648090000E-5
1.420910000E+9	1.581921000E-5
1.420913333E+9	2.261717000E-5
1.420916667E+9	2.143057000E-5
1.420920000E+9	1.793482000E-5
1.420923333E+9	1.593958000E-5
1.420926667E+9	1.589882000E-5
1.420930000E+9	1.600484000E-5
1.420933333E+9	1.538726000E-5
1.420936667E+9	1.566960000E-5
1.420940000E+9	1.571923000E-5
1.420943333E+9	1.634341000E-5
1.420946667E+9	1.559269000E-5
1.420950000E+9	1.588593000E-5
1.420953333E+9	1.597348000E-5
1.420956667E+9	1.531623000E-5
1.420960000E+9	1.566623000E-5
1.420963333E+9	1.593509000E-5
1.420966667E+9	1.585289000E-5
1.420970000E+9	1.598934000E-5
1.420973333E+9	1.576190000E-5
1.420976667E+9	1.545114000E-5
1.420980000E+9	1.595403000E-5
1.420983333E+9	1.551446000E-5
1.420986667E+9	1.563670000E-5
1.420990000E+9	1.576866000E-5
1.420993333E+9	1.553920000E-5
1.420996667E+9	1.591980000E-5
1.421000000E+9	1.569439000E-5
1.421003333E+9	1.553174000E-5
1.421006667E+9	1.567006000E-5
1.421010000E+9	1.549448000E-5
1.421013333E+9	1.582392000E-5
1.421016667E+9	1.644663000E-5
1.421020000E+9	1.604555000E-5
1.421023333E+9	1.530559000E-5
1.421026667E+9	1.555958000E-5
1.421030000E+9	1.538808000E-5
1.421033333E+9	1.535756000E-5
1.421036667E+9	1.554857000E-5
1.421040000E+9	1.546025000E-5
1.421043333E+9	1.553304000E-5
1.421046667E+9	1.535277000E-5
1.421050000E+9	1.567887000E-5
1.421053333E+9	1.575491000E-5
1.421056667E+9	1.617670000E-5
1.421060000E+9	1.533018000E-5
1.421063333E+9	1.541740000E-5
1.421066667E+9	1.550750000E-5
1.421070000E+9	1.553482000E-5
1.421073333E+9	1.554318000E-5
1.421076667E+9	1.569377000E-5
1.421080000E+9	1.568674000E-5
1.421083333E+9	1.579528000E-5
1.421086667E+9	1.660769000E-5
1.421090000E+9	1.584779000E-5
1.421093333E+9	1.657545000E-5
1.421096667E+9	1.576188000E-5
1.421100000E+9	1.569308000E-5
1.421103333E+9	1.587027000E-5
1.421106667E+9	1.568754000E-5
1.421110000E+9	1.559721000E-5
1.421113333E+9	1.559742000E-5
1.421116667E+9	1.527796000E-5
1.421120000E+9	1.560066000E-5
1.421123333E+9	1.557249000E-5
1.421126667E+9	1.573532000E-5
1.421130000E+9	1.592770000E-5
1.421133333E+9	1.594072000E-5
1.421136667E+9	1.540058000E-5
1.421140000E+9	1.565849000E-5
1.421143333E+9	1.554645000E-5
1.421146667E+9	1.535806000E-5
1.421150000E+9	1.570267000E-5
1.421153333E+9	1.697015000E-5
1.421156667E+9	1.631719000E-5
1.421160000E+9	1.567440000E-5
1.421163333E+9	1.581482000E-5
1.421166667E+9	1.606360000E-5
1.421170000E+9	1.539058000E-5
1.421173333E+9	1.587934000E-5
1.421176667E+9	1.650194000E-5
1.421180000E+9	1.693404000E-5
1.421183333E+9	1.544217000E-5
1.421186667E+9	1.565025000E-5
1.421190000E+9	1.563739000E-5
1.421193333E+9	1.575254000E-5
1.421196667E+9	1.541901000E-5
1.421200000E+9	1.559346000E-5
1.421203333E+9	1.582875000E-5
1.421206667E+9	1.884471000E-5
1.421210000E+9	1.712577000E-5
1.421213333E+9	1.617109000E-5
1.421216667E+9	1.613804000E-5
1.421220000E+9	1.870006000E-5
1.421223333E+9	1.689228000E-5
1.421226667E+9	1.556353000E-5
1.421230000E+9	1.549558000E-5
1.421233333E+9	1.559189000E-5
1.421236667E+9	1.531151000E-5
1.421240000E+9	1.585420000E-5
1.421243333E+9	1.586738000E-5
1.421246667E+9	1.567366000E-5
1.421250000E+9	1.551653000E-5
1.421253333E+9	1.540302000E-5
1.421256667E+9	1.526022000E-5
1.421260000E+9	1.581126000E-5
1.421263333E+9	1.580090000E-5
1.421266667E+9	1.565728000E-5
1.421270000E+9	1.593416000E-5
1.421273333E+9	1.583755000E-5
1.421276667E+9	1.578197000E-5
1.421280000E+9	1.577720000E-5
1.421283333E+9	1.634680000E-5
1.421286667E+9	2.120375000E-5
1.421290000E+9	2.237278000E-5
1.421293333E+9	1.616122000E-5
1.421296667E+9	1.588961000E-5
1.421300000E+9	1.586654000E-5
1.421303333E+9	1.556529000E-5
1.421306667E+9	1.591456000E-5
1.421310000E+9	1.622052000E-5
1.421313333E+9	1.612814000E-5
1.421316667E+9	1.601932000E-5
1.421320000E+9	1.583603000E-5
1.421323333E+9	1.598399000E-5
1.421326667E+9	1.596612000E-5
1.421330000E+9	1.601164000E-5
1.421333333E+9	1.594326000E-5
1.421336667E+9	1.604291000E-5
1.421340000E+9	1.593792000E-5
1.421343333E+9	1.606482000E-5
1.421346667E+9	1.610588000E-5
1.421350000E+9	1.670665000E-5
1.421353333E+9	2.101890000E-5
1.421356667E+9	2.715783000E-5
1.421360000E+9	1.933624000E-5
1.421363333E+9	1.648792000E-5
1.421366667E+9	1.650910000E-5
1.421370000E+9	1.562246000E-5
1.421373333E+9	1.580645000E-5
1.421376667E+9	1.621276000E-5
1.421380000E+9	1.612434000E-5
1.421383333E+9	1.607962000E-5
1.421386667E+9	1.607412000E-5
1.421390000E+9	1.610951000E-5
1.421393333E+9	1.628877000E-5
1.421396667E+9	1.605405000E-5
1.421400000E+9	1.610436000E-5
