Frequency, Hz	Amplitude, Volts
1.419400000E+9	1.731057000E-5
1.419403333E+9	1.763049000E-5
1.419406667E+9	1.764174000E-5
1.419410000E+9	1.754327000E-5
1.419413333E+9	1.921544000E-5
1.419416667E+9	1.824243000E-5
1.419420000E+9	1.772842000E-5
1.419423333E+9	1.742764000E-5
1.419426667E+9	1.753160000E-5
1.419430000E+9	1.716028000E-5
1.419433333E+9	1.779258000E-5
1.419436667E+9	1.763315000E-5
1.419440000E+9	1.782541000E-5
1.419443333E+9	1.754495000E-5
1.419446667E+9	1.867867000E-5
1.419450000E+9	2.318936000E-5
1.419453333E+9	1.820451000E-5
1.419456667E+9	1.758076000E-5
1.419460000E+9	1.757090000E-5
1.419463333E+9	1.733975000E-5
1.419466667E+9	1.770393000E-5
1.419470000E+9	1.739102000E-5
1.419473333E+9	1.720366000E-5
1.419476667E+9	1.740072000E-5
1.419480000E+9	1.761424000E-5
1.419483333E+9	1.715302000E-5
1.419486667E+9	1.731123000E-5
1.419490000E+9	1.771579000E-5
1.419493333E+9	1.738418000E-5
1.419496667E+9	1.781185000E-5
1.419500000E+9	1.770689000E-5
1.419503333E+9	1.744091000E-5
1.419506667E+9	1.755024000E-5
1.419510000E+9	1.777366000E-5
1.419513333E+9	1.746202000E-5
1.419516667E+9	1.743648000E-5
1.419520000E+9	1.730357000E-5
1.419523333E+9	1.728548000E-5
1.419526667E+9	1.736579000E-5
1.419530000E+9	1.755393000E-5
1.419533333E+9	1.758867000E-5
1.419536667E+9	1.747077000E-5
1.419540000E+9	1.766087000E-5
1.419543333E+9	1.737412000E-5
1.419546667E+9	1.717788000E-5
1.419550000E+9	1.720518000E-5
1.419553333E+9	1.716992000E-5
1.419556667E+9	1.738111000E-5
1.419560000E+9	1.736202000E-5
1.419563333E+9	1.742291000E-5
1.419566667E+9	1.690562000E-5
1.419570000E+9	1.734121000E-5
1.419573333E+9	1.751125000E-5
1.419576667E+9	1.705219000E-5
1.419580000E+9	1.734038000E-5
1.419583333E+9	1.724241000E-5
1.419586667E+9	1.733554000E-5
1.419590000E+9	1.735163000E-5
1.419593333E+9	1.712814000E-5
1.419596667E+9	1.683376000E-5
1.419600000E+9	1.713582000E-5
1.419603333E+9	1.716301000E-5
1.419606667E+9	1.716564000E-5
1.419610000E+9	1.729508000E-5
1.419613333E+9	1.724362000E-5
1.419616667E+9	1.710151000E-5
1.419620000E+9	1.741943000E-5
1.419623333E+9	1.694122000E-5
1.419626667E+9	1.711865000E-5
1.419630000E+9	1.720145000E-5
1.419633333E+9	1.765953000E-5
1.419636667E+9	1.743298000E-5
1.419640000E+9	1.715052000E-5
1.419643333E+9	1.718641000E-5
1.419646667E+9	1.738743000E-5
1.419650000E+9	1.686935000E-5
1.419653333E+9	1.708224000E-5
1.419656667E+9	1.747355000E-5
1.419660000E+9	1.680196000E-5
1.419663333E+9	1.722073000E-5
1.419666667E+9	1.707172000E-5
1.419670000E+9	1.713164000E-5
1.419673333E+9	1.758716000E-5
1.419676667E+9	1.701958000E-5
1.419680000E+9	1.739453000E-5
1.419683333E+9	1.728624000E-5
1.419686667E+9	1.717532000E-5
1.419690000E+9	1.676672000E-5
1.419693333E+9	1.717796000E-5
1.419696667E+9	1.692971000E-5
1.419700000E+9	1.673266000E-5
1.419703333E+9	1.708020000E-5
1.419706667E+9	1.759870000E-5
1.419710000E+9	1.726920000E-5
1.419713333E+9	1.710405000E-5
1.419716667E+9	1.730120000E-5
1.419720000E+9	1.687999000E-5
1.419723333E+9	1.709703000E-5
1.419726667E+9	1.709403000E-5
1.419730000E+9	1.725423000E-5
1.419733333E+9	1.724686000E-5
1.419736667E+9	1.737910000E-5
1.419740000E+9	1.866453000E-5
1.419743333E+9	2.260255000E-5
1.419746667E+9	1.748752000E-5
1.419750000E+9	1.754499000E-5
1.419753333E+9	1.738172000E-5
1.419756667E+9	1.712645000E-5
1.419760000E+9	1.717271000E-5
1.419763333E+9	1.756409000E-5
1.419766667E+9	1.699253000E-5
1.419770000E+9	1.723251000E-5
1.419773333E+9	1.714982000E-5
1.419776667E+9	1.676693000E-5
1.419780000E+9	1.718579000E-5
1.419783333E+9	1.724883000E-5
1.419786667E+9	1.713681000E-5
1.419790000E+9	1.755481000E-5
1.419793333E+9	1.681761000E-5
1.419796667E+9	1.714773000E-5
1.419800000E+9	1.706618000E-5
1.419803333E+9	1.700639000E-5
1.419806667E+9	1.685897000E-5
1.419810000E+9	1.677915000E-5
1.419813333E+9	1.716587000E-5
1.419816667E+9	1.692494000E-5
1.419820000E+9	1.718932000E-5
1.419823333E+9	1.715057000E-5
1.419826667E+9	1.692631000E-5
1.419830000E+9	1.701164000E-5
1.419833333E+9	1.724003000E-5
1.419836667E+9	1.675774000E-5
1.419840000E+9	1.710677000E-5
1.419843333E+9	1.717930000E-5
1.419846667E+9	1.678529000E-5
1.419850000E+9	1.693620000E-5
1.419853333E+9	1.726526000E-5
1.419856667E+9	1.694868000E-5
1.419860000E+9	1.682304000E-5
1.419863333E+9	1.711102000E-5
1.419866667E+9	1.732304000E-5
1.419870000E+9	1.714545000E-5
1.419873333E+9	1.704178000E-5
1.419876667E+9	1.678584000E-5
1.419880000E+9	1.672142000E-5
1.419883333E+9	1.678599000E-5
1.419886667E+9	1.681984000E-5
1.419890000E+9	1.724415000E-5
1.419893333E+9	1.732138000E-5
1.419896667E+9	1.696769000E-5
1.419900000E+9	1.701680000E-5
1.419903333E+9	1.693265000E-5
1.419906667E+9	1.665221000E-5
1.419910000E+9	1.683525000E-5
1.419913333E+9	1.701947000E-5
1.419916667E+9	1.741450000E-5
1.419920000E+9	1.685721000E-5
1.419923333E+9	1.708661000E-5
1.419926667E+9	1.688792000E-5
1.419930000E+9	1.648510000E-5
1.419933333E+9	1.688607000E-5
1.419936667E+9	1.676219000E-5
1.419940000E+9	1.665868000E-5
1.419943333E+9	1.694388000E-5
1.419946667E+9	1.694327000E-5
1.419950000E+9	1.690766000E-5
1.419953333E+9	1.653014000E-5
1.419956667E+9	1.692386000E-5
1.419960000E+9	1.720672000E-5
1.419963333E+9	1.676383000E-5
1.419966667E+9	1.716587000E-5
1.419970000E+9	1.680517000E-5
1.419973333E+9	1.699850000E-5
1.419976667E+9	1.678179000E-5
1.419980000E+9	1.750500000E-5
1.419983333E+9	1.685728000E-5
1.419986667E+9	1.670447000E-5
1.419990000E+9	1.696216000E-5
1.419993333E+9	1.655777000E-5
1.419996667E+9	1.660040000E-5
1.420000000E+9	1.822407000E-5
1.420003333E+9	1.946151000E-5
1.420006667E+9	1.742959000E-5
1.420010000E+9	1.671746000E-5
1.420013333E+9	1.681384000E-5
1.420016667E+9	1.704283000E-5
1.420020000E+9	1.695108000E-5
1.420023333E+9	1.689260000E-5
1.420026667E+9	1.710377000E-5
1.420030000E+9	1.695743000E-5
1.420033333E+9	1.856697000E-5
1.420036667E+9	2.049430000E-5
1.420040000E+9	1.740905000E-5
1.420043333E+9	1.688802000E-5
1.420046667E+9	1.681706000E-5
1.420050000E+9	1.667940000E-5
1.420053333E+9	1.676635000E-5
1.420056667E+9	1.674788000E-5
1.420060000E+9	1.660237000E-5
1.420063333E+9	1.698708000E-5
1.420066667E+9	1.612499000E-5
1.420070000E+9	1.657335000E-5
1.420073333E+9	1.695879000E-5
1.420076667E+9	1.652388000E-5
1.420080000E+9	1.697019000E-5
1.420083333E+9	1.682509000E-5
1.420086667E+9	1.698894000E-5
1.420090000E+9	1.666212000E-5
1.420093333E+9	1.672649000E-5
1.420096667E+9	1.655424000E-5
1.420100000E+9	1.667378000E-5
1.420103333E+9	1.676558000E-5
1.420106667E+9	1.651702000E-5
1.420110000E+9	1.655504000E-5
1.420113333E+9	1.657650000E-5
1.420116667E+9	1.644578000E-5
1.420120000E+9	1.657210000E-5
1.420123333E+9	1.696967000E-5
1.420126667E+9	1.677751000E-5
1.420130000E+9	1.659907000E-5
1.420133333E+9	1.690906000E-5
1.420136667E+9	1.654047000E-5
1.420140000E+9	1.666468000E-5
1.420143333E+9	1.646968000E-5
1.420146667E+9	1.698076000E-5
1.420150000E+9	1.691968000E-5
1.420153333E+9	1.659690000E-5
1.420156667E+9	1.674216000E-5
1.420160000E+9	1.657308000E-5
1.420163333E+9	1.679331000E-5
1.420166667E+9	1.657388000E-5
1.420170000E+9	1.641974000E-5
1.420173333E+9	1.645436000E-5
1.420176667E+9	1.652099000E-5
1.420180000E+9	1.657348000E-5
1.420183333E+9	1.664831000E-5
1.420186667E+9	1.686620000E-5
1.420190000E+9	1.660215000E-5
1.420193333E+9	1.637516000E-5
1.420196667E+9	1.643928000E-5
1.420200000E+9	1.671715000E-5
1.420203333E+9	1.667671000E-5
1.420206667E+9	1.628791000E-5
1.420210000E+9	1.627105000E-5
1.420213333E+9	1.651013000E-5
1.420216667E+9	1.647299000E-5
1.420220000E+9	1.649605000E-5
1.420223333E+9	1.673371000E-5
1.420226667E+9	1.681482000E-5
1.420230000E+9	1.655235000E-5
1.420233333E+9	1.653994000E-5
1.420236667E+9	1.654000000E-5
1.420240000E+9	1.716791000E-5
1.420243333E+9	1.657432000E-5
1.420246667E+9	1.640207000E-5
1.420250000E+9	1.646820000E-5
1.420253333E+9	1.708813000E-5
1.420256667E+9	1.671658000E-5
1.420260000E+9	1.644462000E-5
1.420263333E+9	1.665716000E-5
1.420266667E+9	1.668042000E-5
1.420270000E+9	1.653969000E-5
1.420273333E+9	1.626981000E-5
1.420276667E+9	1.671373000E-5
1.420280000E+9	1.680231000E-5
1.420283333E+9	1.667336000E-5
1.420286667E+9	1.678137000E-5
1.420290000E+9	1.662854000E-5
1.420293333E+9	1.676135000E-5
1.420296667E+9	1.819756000E-5
1.420300000E+9	1.703678000E-5
1.420303333E+9	1.689900000E-5
1.420306667E+9	1.648481000E-5
1.420310000E+9	1.683834000E-5
1.420313333E+9	1.679270000E-5
1.420316667E+9	1.654566000E-5
1.420320000E+9	1.650328000E-5
1.420323333E+9	1.648524000E-5
1.420326667E+9	1.827452000E-5
1.420330000E+9	2.002809000E-5
1.420333333E+9	1.694206000E-5
1.420336667E+9	1.687502000E-5
1.420340000E+9	1.623367000E-5
1.420343333E+9	1.641185000E-5
1.420346667E+9	1.649957000E-5
1.420350000E+9	1.642555000E-5
1.420353333E+9	1.698191000E-5
1.420356667E+9	1.689638000E-5
1.420360000E+9	1.651599000E-5
1.420363333E+9	1.643922000E-5
1.420366667E+9	1.652181000E-5
1.420370000E+9	1.639900000E-5
1.420373333E+9	1.665087000E-5
1.420376667E+9	1.693289000E-5
1.420380000E+9	1.637556000E-5
1.420383333E+9	1.636668000E-5
1.420386667E+9	1.643939000E-5
1.420390000E+9	1.689751000E-5
1.420393333E+9	1.653976000E-5
1.420396667E+9	1.679749000E-5
1.420400000E+9	1.683875000E-5
1.420403333E+9	1.660242000E-5
1.420406667E+9	1.676466000E-5
1.420410000E+9	1.665839000E-5
1.420413333E+9	1.705393000E-5
1.420416667E+9	1.712957000E-5
1.420420000E+9	1.705177000E-5
1.420423333E+9	1.715231000E-5
1.420426667E+9	1.696427000E-5
1.420430000E+9	1.723308000E-5
1.420433333E+9	1.730690000E-5
1.420436667E+9	1.743667000E-5
1.420440000E+9	1.721793000E-5
1.420443333E+9	1.795387000E-5
1.420446667E+9	1.847214000E-5
1.420450000E+9	1.836167000E-5
1.420453333E+9	1.875413000E-5
1.420456667E+9	1.861599000E-5
1.420460000E+9	1.843097000E-5
1.420463333E+9	1.901912000E-5
1.420466667E+9	1.888684000E-5
1.420470000E+9	1.935734000E-5
1.420473333E+9	1.901351000E-5
1.420476667E+9	1.901779000E-5
1.420480000E+9	1.921679000E-5
1.420483333E+9	1.876035000E-5
1.420486667E+9	1.913987000E-5
1.420490000E+9	1.919307000E-5
1.420493333E+9	1.930237000E-5
1.420496667E+9	1.911561000E-5
1.420500000E+9	1.923619000E-5
1.420503333E+9	1.905593000E-5
1.420506667E+9	1.885619000E-5
1.420510000E+9	1.933535000E-5
1.420513333E+9	1.912735000E-5
1.420516667E+9	1.915717000E-5
1.420520000E+9	1.888194000E-5
1.420523333E+9	1.874203000E-5
1.420526667E+9	1.883755000E-5
1.420530000E+9	1.854029000E-5
1.420533333E+9	1.880042000E-5
1.420536667E+9	1.881283000E-5
1.420540000E+9	1.857444000E-5
1.420543333E+9	1.876456000E-5
1.420546667E+9	1.853610000E-5
1.420550000E+9	1.825733000E-5
1.420553333E+9	1.848451000E-5
1.420556667E+9	1.803028000E-5
1.420560000E+9	1.795207000E-5
1.420563333E+9	1.782523000E-5
1.420566667E+9	1.851055000E-5
1.420570000E+9	1.828331000E-5
1.420573333E+9	1.793397000E-5
1.420576667E+9	1.760179000E-5
1.420580000E+9	1.764903000E-5
1.420583333E+9	1.743798000E-5
1.420586667E+9	1.769047000E-5
1.420590000E+9	1.811759000E-5
1.420593333E+9	1.764839000E-5
1.420596667E+9	1.735763000E-5
1.420600000E+9	1.737636000E-5
1.420603333E+9	1.737888000E-5
1.420606667E+9	1.695747000E-5
1.420610000E+9	1.740701000E-5
1.420613333E+9	1.780229000E-5
1.420616667E+9	1.689415000E-5
1.420620000E+9	2.094361000E-5
1.420623333E+9	2.151771000E-5
1.420626667E+9	1.717658000E-5
1.420630000E+9	1.676499000E-5
1.420633333E+9	1.660067000E-5
1.420636667E+9	1.669193000E-5
1.420640000E+9	1.661455000E-5
1.420643333E+9	1.648769000E-5
1.420646667E+9	1.683034000E-5
1.420650000E+9	1.677851000E-5
1.420653333E+9	1.664151000E-5
1.420656667E+9	1.696022000E-5
1.420660000E+9	1.696227000E-5
1.420663333E+9	1.663061000E-5
1.420666667E+9	1.665425000E-5
1.420670000E+9	1.661896000E-5
1.420673333E+9	1.685325000E-5
1.420676667E+9	1.674604000E-5
1.420680000E+9	1.670104000E-5
1.420683333E+9	1.658917000E-5
1.420686667E+9	1.716452000E-5
1.420690000E+9	1.663053000E-5
1.420693333E+9	1.644785000E-5
1.420696667E+9	1.666190000E-5
1.420700000E+9	1.648761000E-5
1.420703333E+9	1.636045000E-5
1.420706667E+9	1.673255000E-5
1.420710000E+9	1.666808000E-5
1.420713333E+9	1.644208000E-5
1.420716667E+9	1.627851000E-5
1.420720000E+9	1.656871000E-5
1.420723333E+9	1.635982000E-5
1.420726667E+9	1.631374000E-5
1.420730000E+9	1.633012000E-5
1.420733333E+9	1.687808000E-5
1.420736667E+9	1.651990000E-5
1.420740000E+9	1.668467000E-5
1.420743333E+9	1.630317000E-5
1.420746667E+9	1.661455000E-5
1.420750000E+9	1.640464000E-5
1.420753333E+9	1.662951000E-5
1.420756667E+9	1.667401000E-5
1.420760000E+9	1.643803000E-5
1.420763333E+9	1.643249000E-5
1.420766667E+9	1.672201000E-5
1.420770000E+9	1.630554000E-5
1.420773333E+9	1.671940000E-5
1.420776667E+9	1.614717000E-5
1.420780000E+9	1.638543000E-5
1.420783333E+9	1.650582000E-5
1.420786667E+9	1.658823000E-5
1.420790000E+9	1.632331000E-5
1.420793333E+9	1.638236000E-5
1.420796667E+9	1.663004000E-5
1.420800000E+9	1.663278000E-5
1.420803333E+9	1.664985000E-5
1.420806667E+9	1.629480000E-5
1.420810000E+9	1.647867000E-5
1.420813333E+9	1.645275000E-5
1.420816667E+9	1.659267000E-5
1.420820000E+9	1.643688000E-5
1.420823333E+9	1.660133000E-5
1.420826667E+9	1.640122000E-5
1.420830000E+9	1.622897000E-5
1.420833333E+9	1.640543000E-5
1.420836667E+9	1.622282000E-5
1.420840000E+9	1.621379000E-5
1.420843333E+9	1.631827000E-5
1.420846667E+9	1.641531000E-5
1.420850000E+9	1.664131000E-5
1.420853333E+9	1.647851000E-5
1.420856667E+9	1.640039000E-5
1.420860000E+9	1.624801000E-5
1.420863333E+9	1.643581000E-5
1.420866667E+9	1.662610000E-5
1.420870000E+9	1.643774000E-5
1.420873333E+9	1.677777000E-5
1.420876667E+9	1.646115000E-5
1.420880000E+9	1.642964000E-5
1.420883333E+9	1.801759000E-5
1.420886667E+9	1.757906000E-5
1.420890000E+9	1.687504000E-5
1.420893333E+9	1.658335000E-5
1.420896667E+9	1.669090000E-5
1.420900000E+9	1.698874000E-5
1.420903333E+9	1.689657000E-5
1.420906667E+9	1.723196000E-5
1.420910000E+9	1.664146000E-5
1.420913333E+9	2.798812000E-5
1.420916667E+9	2.534362000E-5
1.420920000E+9	1.673309000E-5
1.420923333E+9	1.636050000E-5
1.420926667E+9	1.665537000E-5
1.420930000E+9	1.649100000E-5
1.420933333E+9	1.632361000E-5
1.420936667E+9	1.666130000E-5
1.420940000E+9	1.643765000E-5
1.420943333E+9	1.649334000E-5
1.420946667E+9	1.646513000E-5
1.420950000E+9	1.654568000E-5
1.420953333E+9	1.635206000E-5
1.420956667E+9	1.629380000E-5
1.420960000E+9	1.646462000E-5
1.420963333E+9	1.675763000E-5
1.420966667E+9	1.648140000E-5
1.420970000E+9	1.624112000E-5
1.420973333E+9	1.630749000E-5
1.420976667E+9	1.611795000E-5
1.420980000E+9	1.648452000E-5
1.420983333E+9	1.646871000E-5
1.420986667E+9	1.638513000E-5
1.420990000E+9	1.709675000E-5
1.420993333E+9	1.662102000E-5
1.420996667E+9	1.626166000E-5
1.421000000E+9	1.653656000E-5
1.421003333E+9	1.664157000E-5
1.421006667E+9	1.644413000E-5
1.421010000E+9	1.667207000E-5
1.421013333E+9	1.652090000E-5
1.421016667E+9	1.647522000E-5
1.421020000E+9	1.650000000E-5
1.421023333E+9	1.647193000E-5
1.421026667E+9	1.634093000E-5
1.421030000E+9	1.655996000E-5
1.421033333E+9	1.671129000E-5
1.421036667E+9	1.644939000E-5
1.421040000E+9	1.648747000E-5
1.421043333E+9	1.634739000E-5
1.421046667E+9	1.640370000E-5
1.421050000E+9	1.621506000E-5
1.421053333E+9	1.650643000E-5
1.421056667E+9	1.626429000E-5
1.421060000E+9	1.671915000E-5
1.421063333E+9	1.633069000E-5
1.421066667E+9	1.661409000E-5
1.421070000E+9	1.684566000E-5
1.421073333E+9	1.672905000E-5
1.421076667E+9	1.645121000E-5
1.421080000E+9	1.669939000E-5
1.421083333E+9	1.644229000E-5
1.421086667E+9	1.686819000E-5
1.421090000E+9	1.640446000E-5
1.421093333E+9	1.661623000E-5
1.421096667E+9	1.688507000E-5
1.421100000E+9	1.686213000E-5
1.421103333E+9	1.646614000E-5
1.421106667E+9	1.669515000E-5
1.421110000E+9	1.647211000E-5
1.421113333E+9	1.668236000E-5
1.421116667E+9	1.648863000E-5
1.421120000E+9	1.635813000E-5
1.421123333E+9	1.636557000E-5
1.421126667E+9	1.674143000E-5
1.421130000E+9	1.631290000E-5
1.421133333E+9	1.645952000E-5
1.421136667E+9	1.660361000E-5
1.421140000E+9	1.689176000E-5
1.421143333E+9	1.659775000E-5
1.421146667E+9	1.645486000E-5
1.421150000E+9	1.647710000E-5
1.421153333E+9	1.720591000E-5
1.421156667E+9	1.696360000E-5
1.421160000E+9	1.664687000E-5
1.421163333E+9	1.631567000E-5
1.421166667E+9	1.665698000E-5
1.421170000E+9	1.671078000E-5
1.421173333E+9	1.683352000E-5
1.421176667E+9	1.810326000E-5
1.421180000E+9	1.916235000E-5
1.421183333E+9	1.665241000E-5
1.421186667E+9	1.677120000E-5
1.421190000E+9	1.661799000E-5
1.421193333E+9	1.677168000E-5
1.421196667E+9	1.692447000E-5
1.421200000E+9	1.674439000E-5
1.421203333E+9	1.683511000E-5
1.421206667E+9	2.188863000E-5
1.421210000E+9	1.961857000E-5
1.421213333E+9	1.702975000E-5
1.421216667E+9	1.695108000E-5
1.421220000E+9	1.739612000E-5
1.421223333E+9	1.706824000E-5
1.421226667E+9	1.637833000E-5
1.421230000E+9	1.680712000E-5
1.421233333E+9	1.665537000E-5
1.421236667E+9	1.640179000E-5
1.421240000E+9	1.648083000E-5
1.421243333E+9	1.655906000E-5
1.421246667E+9	1.669688000E-5
1.421250000E+9	1.635091000E-5
1.421253333E+9	1.615529000E-5
1.421256667E+9	1.651414000E-5
1.421260000E+9	1.673410000E-5
1.421263333E+9	1.677768000E-5
1.421266667E+9	1.666876000E-5
1.421270000E+9	1.652954000E-5
1.421273333E+9	1.654490000E-5
1.421276667E+9	1.679421000E-5
1.421280000E+9	1.749643000E-5
1.421283333E+9	1.657759000E-5
1.421286667E+9	1.769189000E-5
1.421290000E+9	1.755925000E-5
1.421293333E+9	1.678704000E-5
1.421296667E+9	1.640288000E-5
1.421300000E+9	1.644316000E-5
1.421303333E+9	1.645217000E-5
1.421306667E+9	1.650192000E-5
1.421310000E+9	1.683156000E-5
1.421313333E+9	1.666526000E-5
1.421316667E+9	1.641983000E-5
1.421320000E+9	1.666490000E-5
1.421323333E+9	1.691381000E-5
1.421326667E+9	1.663358000E-5
1.421330000E+9	1.686339000E-5
1.421333333E+9	1.688364000E-5
1.421336667E+9	1.705900000E-5
1.421340000E+9	1.712927000E-5
1.421343333E+9	1.684840000E-5
1.421346667E+9	1.822943000E-5
1.421350000E+9	1.824974000E-5
1.421353333E+9	2.280519000E-5
1.421356667E+9	2.910242000E-5
1.421360000E+9	2.091886000E-5
1.421363333E+9	1.736040000E-5
1.421366667E+9	1.784109000E-5
1.421370000E+9	1.733289000E-5
1.421373333E+9	1.665374000E-5
1.421376667E+9	1.698984000E-5
1.421380000E+9	1.704878000E-5
1.421383333E+9	1.710439000E-5
1.421386667E+9	1.701314000E-5
1.421390000E+9	1.699290000E-5
1.421393333E+9	1.680207000E-5
1.421396667E+9	1.704092000E-5
1.421400000E+9	1.699999000E-5
