Frequency, Hz	Amplitude, Volts
1.419400000E+9	1.533101000E-5
1.419403333E+9	1.547211000E-5
1.419406667E+9	1.578807000E-5
1.419410000E+9	1.513300000E-5
1.419413333E+9	1.605660000E-5
1.419416667E+9	1.572715000E-5
1.419420000E+9	1.552027000E-5
1.419423333E+9	1.578257000E-5
1.419426667E+9	1.538488000E-5
1.419430000E+9	1.540980000E-5
1.419433333E+9	1.563121000E-5
1.419436667E+9	1.531329000E-5
1.419440000E+9	1.553705000E-5
1.419443333E+9	1.540190000E-5
1.419446667E+9	1.641286000E-5
1.419450000E+9	1.974826000E-5
1.419453333E+9	1.635534000E-5
1.419456667E+9	1.538004000E-5
1.419460000E+9	1.554806000E-5
1.419463333E+9	1.557560000E-5
1.419466667E+9	1.515355000E-5
1.419470000E+9	1.531176000E-5
1.419473333E+9	1.525391000E-5
1.419476667E+9	1.545141000E-5
1.419480000E+9	1.545082000E-5
1.419483333E+9	1.527244000E-5
1.419486667E+9	1.551869000E-5
1.419490000E+9	1.555357000E-5
1.419493333E+9	1.556927000E-5
1.419496667E+9	1.547229000E-5
1.419500000E+9	1.558135000E-5
1.419503333E+9	1.546373000E-5
1.419506667E+9	1.517819000E-5
1.419510000E+9	1.545177000E-5
1.419513333E+9	1.542080000E-5
1.419516667E+9	1.568481000E-5
1.419520000E+9	1.560115000E-5
1.419523333E+9	1.568833000E-5
1.419526667E+9	1.526957000E-5
1.419530000E+9	1.571555000E-5
1.419533333E+9	1.534940000E-5
1.419536667E+9	1.548655000E-5
1.419540000E+9	1.547030000E-5
1.419543333E+9	1.533347000E-5
1.419546667E+9	1.562893000E-5
1.419550000E+9	1.538715000E-5
1.419553333E+9	1.527159000E-5
1.419556667E+9	1.522050000E-5
1.419560000E+9	1.541110000E-5
1.419563333E+9	1.549878000E-5
1.419566667E+9	1.509022000E-5
1.419570000E+9	1.561035000E-5
1.419573333E+9	1.568523000E-5
1.419576667E+9	1.557955000E-5
1.419580000E+9	1.560580000E-5
1.419583333E+9	1.519275000E-5
1.419586667E+9	1.517001000E-5
1.419590000E+9	1.536289000E-5
1.419593333E+9	1.537647000E-5
1.419596667E+9	1.528294000E-5
1.419600000E+9	1.555304000E-5
1.419603333E+9	1.575695000E-5
1.419606667E+9	1.547020000E-5
1.419610000E+9	1.590441000E-5
1.419613333E+9	1.520147000E-5
1.419616667E+9	1.573651000E-5
1.419620000E+9	1.567715000E-5
1.419623333E+9	1.578287000E-5
1.419626667E+9	1.558106000E-5
1.419630000E+9	1.546348000E-5
1.419633333E+9	1.546144000E-5
1.419636667E+9	1.529086000E-5
1.419640000E+9	1.537235000E-5
1.419643333E+9	1.545969000E-5
1.419646667E+9	1.533168000E-5
1.419650000E+9	1.522835000E-5
1.419653333E+9	1.533336000E-5
1.419656667E+9	1.572900000E-5
1.419660000E+9	1.539796000E-5
1.419663333E+9	1.524276000E-5
1.419666667E+9	1.545406000E-5
1.419670000E+9	1.552842000E-5
1.419673333E+9	1.546791000E-5
1.419676667E+9	1.560254000E-5
1.419680000E+9	1.537831000E-5
1.419683333E+9	1.568235000E-5
1.419686667E+9	1.531492000E-5
1.419690000E+9	1.531032000E-5
1.419693333E+9	1.546176000E-5
1.419696667E+9	1.560694000E-5
1.419700000E+9	1.549831000E-5
1.419703333E+9	1.544391000E-5
1.419706667E+9	1.587100000E-5
1.419710000E+9	1.564234000E-5
1.419713333E+9	1.551891000E-5
1.419716667E+9	1.542577000E-5
1.419720000E+9	1.532588000E-5
1.419723333E+9	1.515017000E-5
1.419726667E+9	1.534064000E-5
1.419730000E+9	1.565464000E-5
1.419733333E+9	1.716140000E-5
1.419736667E+9	1.600489000E-5
1.419740000E+9	1.658650000E-5
1.419743333E+9	2.005826000E-5
1.419746667E+9	1.602523000E-5
1.419750000E+9	1.595389000E-5
1.419753333E+9	1.581902000E-5
1.419756667E+9	1.574894000E-5
1.419760000E+9	1.536700000E-5
1.419763333E+9	1.553070000E-5
1.419766667E+9	1.548026000E-5
1.419770000E+9	1.529580000E-5
1.419773333E+9	1.532939000E-5
1.419776667E+9	1.522314000E-5
1.419780000E+9	1.563905000E-5
1.419783333E+9	1.552262000E-5
1.419786667E+9	1.558778000E-5
1.419790000E+9	1.583112000E-5
1.419793333E+9	1.515701000E-5
1.419796667E+9	1.531724000E-5
1.419800000E+9	1.528766000E-5
1.419803333E+9	1.555181000E-5
1.419806667E+9	1.544926000E-5
1.419810000E+9	1.541209000E-5
1.419813333E+9	1.529913000E-5
1.419816667E+9	1.556553000E-5
1.419820000E+9	1.549870000E-5
1.419823333E+9	1.547761000E-5
1.419826667E+9	1.536034000E-5
1.419830000E+9	1.533347000E-5
1.419833333E+9	1.555940000E-5
1.419836667E+9	1.550258000E-5
1.419840000E+9	1.515543000E-5
1.419843333E+9	1.547632000E-5
1.419846667E+9	1.506619000E-5
1.419850000E+9	1.527836000E-5
1.419853333E+9	1.543119000E-5
1.419856667E+9	1.539325000E-5
1.419860000E+9	1.543803000E-5
1.419863333E+9	1.557244000E-5
1.419866667E+9	1.570517000E-5
1.419870000E+9	1.561920000E-5
1.419873333E+9	1.550280000E-5
1.419876667E+9	1.558544000E-5
1.419880000E+9	1.546817000E-5
1.419883333E+9	1.561521000E-5
1.419886667E+9	1.547664000E-5
1.419890000E+9	1.513792000E-5
1.419893333E+9	1.526389000E-5
1.419896667E+9	1.565806000E-5
1.419900000E+9	1.558995000E-5
1.419903333E+9	1.546484000E-5
1.419906667E+9	1.545708000E-5
1.419910000E+9	1.530694000E-5
1.419913333E+9	1.521463000E-5
1.419916667E+9	1.546728000E-5
1.419920000E+9	1.557370000E-5
1.419923333E+9	1.569269000E-5
1.419926667E+9	1.543456000E-5
1.419930000E+9	1.527442000E-5
1.419933333E+9	1.548422000E-5
1.419936667E+9	1.592082000E-5
1.419940000E+9	1.549701000E-5
1.419943333E+9	1.536938000E-5
1.419946667E+9	1.525846000E-5
1.419950000E+9	1.521300000E-5
1.419953333E+9	1.526423000E-5
1.419956667E+9	1.530618000E-5
1.419960000E+9	1.515921000E-5
1.419963333E+9	1.523924000E-5
1.419966667E+9	1.566176000E-5
1.419970000E+9	1.569115000E-5
1.419973333E+9	1.575252000E-5
1.419976667E+9	1.526272000E-5
1.419980000E+9	1.555308000E-5
1.419983333E+9	1.562893000E-5
1.419986667E+9	1.563094000E-5
1.419990000E+9	1.555912000E-5
1.419993333E+9	1.559288000E-5
1.419996667E+9	1.534686000E-5
1.420000000E+9	1.703108000E-5
1.420003333E+9	1.819570000E-5
1.420006667E+9	1.545053000E-5
1.420010000E+9	1.566796000E-5
1.420013333E+9	1.584233000E-5
1.420016667E+9	1.544680000E-5
1.420020000E+9	1.569806000E-5
1.420023333E+9	1.540236000E-5
1.420026667E+9	1.576193000E-5
1.420030000E+9	1.563269000E-5
1.420033333E+9	1.679417000E-5
1.420036667E+9	1.866711000E-5
1.420040000E+9	1.571127000E-5
1.420043333E+9	1.554169000E-5
1.420046667E+9	1.542219000E-5
1.420050000E+9	1.554616000E-5
1.420053333E+9	1.531339000E-5
1.420056667E+9	1.547822000E-5
1.420060000E+9	1.558655000E-5
1.420063333E+9	1.564079000E-5
1.420066667E+9	1.514151000E-5
1.420070000E+9	1.511455000E-5
1.420073333E+9	1.558465000E-5
1.420076667E+9	1.546273000E-5
1.420080000E+9	1.504698000E-5
1.420083333E+9	1.545655000E-5
1.420086667E+9	1.554656000E-5
1.420090000E+9	1.529578000E-5
1.420093333E+9	1.519777000E-5
1.420096667E+9	1.513090000E-5
1.420100000E+9	1.549383000E-5
1.420103333E+9	1.518875000E-5
1.420106667E+9	1.527113000E-5
1.420110000E+9	1.543066000E-5
1.420113333E+9	1.526691000E-5
1.420116667E+9	1.573387000E-5
1.420120000E+9	1.519550000E-5
1.420123333E+9	1.563021000E-5
1.420126667E+9	1.563991000E-5
1.420130000E+9	1.521757000E-5
1.420133333E+9	1.562152000E-5
1.420136667E+9	1.539401000E-5
1.420140000E+9	1.544366000E-5
1.420143333E+9	1.565873000E-5
1.420146667E+9	1.502353000E-5
1.420150000E+9	1.561102000E-5
1.420153333E+9	1.555011000E-5
1.420156667E+9	1.522678000E-5
1.420160000E+9	1.586703000E-5
1.420163333E+9	1.543768000E-5
1.420166667E+9	1.584866000E-5
1.420170000E+9	1.541879000E-5
1.420173333E+9	1.521019000E-5
1.420176667E+9	1.522038000E-5
1.420180000E+9	1.571194000E-5
1.420183333E+9	1.587456000E-5
1.420186667E+9	1.557917000E-5
1.420190000E+9	1.548788000E-5
1.420193333E+9	1.555981000E-5
1.420196667E+9	1.592022000E-5
1.420200000E+9	1.576877000E-5
1.420203333E+9	1.541134000E-5
1.420206667E+9	1.540189000E-5
1.420210000E+9	1.573031000E-5
1.420213333E+9	1.552680000E-5
1.420216667E+9	1.564666000E-5
1.420220000E+9	1.586332000E-5
1.420223333E+9	1.574576000E-5
1.420226667E+9	1.582859000E-5
1.420230000E+9	1.532712000E-5
1.420233333E+9	1.583723000E-5
1.420236667E+9	1.552881000E-5
1.420240000E+9	1.535009000E-5
1.420243333E+9	1.568740000E-5
1.420246667E+9	1.549012000E-5
1.420250000E+9	1.565484000E-5
1.420253333E+9	1.586996000E-5
1.420256667E+9	1.597768000E-5
1.420260000E+9	1.584628000E-5
1.420263333E+9	1.572661000E-5
1.420266667E+9	1.585086000E-5
1.420270000E+9	1.616676000E-5
1.420273333E+9	1.607221000E-5
1.420276667E+9	1.616992000E-5
1.420280000E+9	1.623720000E-5
1.420283333E+9	1.591793000E-5
1.420286667E+9	1.587721000E-5
1.420290000E+9	1.612789000E-5
1.420293333E+9	1.626334000E-5
1.420296667E+9	1.678455000E-5
1.420300000E+9	1.618629000E-5
1.420303333E+9	1.628476000E-5
1.420306667E+9	1.654345000E-5
1.420310000E+9	1.671972000E-5
1.420313333E+9	1.702394000E-5
1.420316667E+9	1.618636000E-5
1.420320000E+9	1.659611000E-5
1.420323333E+9	1.706470000E-5
1.420326667E+9	1.822953000E-5
1.420330000E+9	1.954429000E-5
1.420333333E+9	1.683671000E-5
1.420336667E+9	1.704451000E-5
1.420340000E+9	1.717522000E-5
1.420343333E+9	1.723844000E-5
1.420346667E+9	1.779473000E-5
1.420350000E+9	1.745384000E-5
1.420353333E+9	1.771828000E-5
1.420356667E+9	1.774889000E-5
1.420360000E+9	1.761115000E-5
1.420363333E+9	1.798153000E-5
1.420366667E+9	1.804717000E-5
1.420370000E+9	1.787064000E-5
1.420373333E+9	1.781207000E-5
1.420376667E+9	1.816259000E-5
1.420380000E+9	1.791677000E-5
1.420383333E+9	1.830856000E-5
1.420386667E+9	1.814596000E-5
1.420390000E+9	1.803461000E-5
1.420393333E+9	1.785013000E-5
1.420396667E+9	1.772811000E-5
1.420400000E+9	1.778596000E-5
1.420403333E+9	1.811155000E-5
1.420406667E+9	1.797673000E-5
1.420410000E+9	1.793058000E-5
1.420413333E+9	1.813355000E-5
1.420416667E+9	1.806547000E-5
1.420420000E+9	1.782850000E-5
1.420423333E+9	1.717070000E-5
1.420426667E+9	1.741043000E-5
1.420430000E+9	1.736964000E-5
1.420433333E+9	1.698147000E-5
1.420436667E+9	1.709147000E-5
1.420440000E+9	1.724169000E-5
1.420443333E+9	1.701045000E-5
1.420446667E+9	1.694063000E-5
1.420450000E+9	1.699839000E-5
1.420453333E+9	1.708975000E-5
1.420456667E+9	1.693317000E-5
1.420460000E+9	1.710867000E-5
1.420463333E+9	1.659495000E-5
1.420466667E+9	1.639738000E-5
1.420470000E+9	1.682005000E-5
1.420473333E+9	1.643238000E-5
1.420476667E+9	1.671768000E-5
1.420480000E+9	1.668143000E-5
1.420483333E+9	1.656175000E-5
1.420486667E+9	1.639263000E-5
1.420490000E+9	1.656373000E-5
1.420493333E+9	1.654770000E-5
1.420496667E+9	1.678142000E-5
1.420500000E+9	1.657366000E-5
1.420503333E+9	1.648430000E-5
1.420506667E+9	1.644099000E-5
1.420510000E+9	1.631999000E-5
1.420513333E+9	1.595266000E-5
1.420516667E+9	1.606507000E-5
1.420520000E+9	1.612651000E-5
1.420523333E+9	1.573525000E-5
1.420526667E+9	1.627388000E-5
1.420530000E+9	1.636036000E-5
1.420533333E+9	1.613505000E-5
1.420536667E+9	1.576113000E-5
1.420540000E+9	1.588619000E-5
1.420543333E+9	1.615027000E-5
1.420546667E+9	1.623540000E-5
1.420550000E+9	1.597318000E-5
1.420553333E+9	1.603053000E-5
1.420556667E+9	1.589395000E-5
1.420560000E+9	1.583084000E-5
1.420563333E+9	1.596661000E-5
1.420566667E+9	1.608791000E-5
1.420570000E+9	1.613611000E-5
1.420573333E+9	1.575598000E-5
1.420576667E+9	1.562611000E-5
1.420580000E+9	1.597773000E-5
1.420583333E+9	1.565594000E-5
1.420586667E+9	1.568998000E-5
1.420590000E+9	1.661903000E-5
1.420593333E+9	1.609588000E-5
1.420596667E+9	1.581472000E-5
1.420600000E+9	1.592064000E-5
1.420603333E+9	1.605452000E-5
1.420606667E+9	1.598604000E-5
1.420610000E+9	1.614143000E-5
1.420613333E+9	1.601074000E-5
1.420616667E+9	1.583160000E-5
1.420620000E+9	1.921493000E-5
1.420623333E+9	2.002330000E-5
1.420626667E+9	1.570053000E-5
1.420630000E+9	1.564928000E-5
1.420633333E+9	1.564668000E-5
1.420636667E+9	1.550384000E-5
1.420640000E+9	1.568008000E-5
1.420643333E+9	1.630478000E-5
1.420646667E+9	1.681898000E-5
1.420650000E+9	1.594641000E-5
1.420653333E+9	1.580996000E-5
1.420656667E+9	1.604707000E-5
1.420660000E+9	1.609457000E-5
1.420663333E+9	1.598504000E-5
1.420666667E+9	1.627268000E-5
1.420670000E+9	1.575402000E-5
1.420673333E+9	1.626148000E-5
1.420676667E+9	1.598808000E-5
1.420680000E+9	1.611706000E-5
1.420683333E+9	1.639805000E-5
1.420686667E+9	1.610965000E-5
1.420690000E+9	1.617038000E-5
1.420693333E+9	1.628587000E-5
1.420696667E+9	1.644267000E-5
1.420700000E+9	1.629102000E-5
1.420703333E+9	1.665546000E-5
1.420706667E+9	1.619052000E-5
1.420710000E+9	1.669251000E-5
1.420713333E+9	1.633980000E-5
1.420716667E+9	1.618214000E-5
1.420720000E+9	1.646001000E-5
1.420723333E+9	1.649075000E-5
1.420726667E+9	1.624605000E-5
1.420730000E+9	1.658293000E-5
1.420733333E+9	1.631727000E-5
1.420736667E+9	1.665102000E-5
1.420740000E+9	1.708977000E-5
1.420743333E+9	1.631567000E-5
1.420746667E+9	1.674465000E-5
1.420750000E+9	1.682987000E-5
1.420753333E+9	1.663678000E-5
1.420756667E+9	1.703289000E-5
1.420760000E+9	1.658043000E-5
1.420763333E+9	1.647956000E-5
1.420766667E+9	1.633173000E-5
1.420770000E+9	1.640381000E-5
1.420773333E+9	1.632537000E-5
1.420776667E+9	1.625534000E-5
1.420780000E+9	1.631678000E-5
1.420783333E+9	1.610477000E-5
1.420786667E+9	1.612049000E-5
1.420790000E+9	1.638077000E-5
1.420793333E+9	1.722184000E-5
1.420796667E+9	1.650951000E-5
1.420800000E+9	1.620651000E-5
1.420803333E+9	1.594681000E-5
1.420806667E+9	1.553134000E-5
1.420810000E+9	1.548482000E-5
1.420813333E+9	1.598761000E-5
1.420816667E+9	1.594434000E-5
1.420820000E+9	1.602520000E-5
1.420823333E+9	1.565663000E-5
1.420826667E+9	1.557936000E-5
1.420830000E+9	1.584663000E-5
1.420833333E+9	1.557993000E-5
1.420836667E+9	1.553355000E-5
1.420840000E+9	1.603840000E-5
1.420843333E+9	1.586036000E-5
1.420846667E+9	1.596999000E-5
1.420850000E+9	1.553898000E-5
1.420853333E+9	1.592218000E-5
1.420856667E+9	1.519473000E-5
1.420860000E+9	1.551383000E-5
1.420863333E+9	1.591260000E-5
1.420866667E+9	1.586047000E-5
1.420870000E+9	1.578607000E-5
1.420873333E+9	1.590897000E-5
1.420876667E+9	1.558376000E-5
1.420880000E+9	1.531629000E-5
1.420883333E+9	1.857484000E-5
1.420886667E+9	1.760602000E-5
1.420890000E+9	1.561065000E-5
1.420893333E+9	1.569960000E-5
1.420896667E+9	1.577887000E-5
1.420900000E+9	1.595340000E-5
1.420903333E+9	1.612981000E-5
1.420906667E+9	1.649504000E-5
1.420910000E+9	1.582992000E-5
1.420913333E+9	2.531648000E-5
1.420916667E+9	2.330161000E-5
1.420920000E+9	1.593631000E-5
1.420923333E+9	1.555502000E-5
1.420926667E+9	1.557384000E-5
1.420930000E+9	1.554710000E-5
1.420933333E+9	1.556681000E-5
1.420936667E+9	1.536316000E-5
1.420940000E+9	1.584397000E-5
1.420943333E+9	1.671078000E-5
1.420946667E+9	1.558812000E-5
1.420950000E+9	1.581619000E-5
1.420953333E+9	1.564146000E-5
1.420956667E+9	1.522411000E-5
1.420960000E+9	1.560497000E-5
1.420963333E+9	1.557822000E-5
1.420966667E+9	1.552849000E-5
1.420970000E+9	1.570706000E-5
1.420973333E+9	1.579577000E-5
1.420976667E+9	1.557245000E-5
1.420980000E+9	1.569663000E-5
1.420983333E+9	1.541583000E-5
1.420986667E+9	1.571722000E-5
1.420990000E+9	1.601609000E-5
1.420993333E+9	1.548893000E-5
1.420996667E+9	1.555289000E-5
1.421000000E+9	1.530422000E-5
1.421003333E+9	1.557464000E-5
1.421006667E+9	1.546414000E-5
1.421010000E+9	1.571777000E-5
1.421013333E+9	1.558540000E-5
1.421016667E+9	1.603083000E-5
1.421020000E+9	1.612315000E-5
1.421023333E+9	1.526812000E-5
1.421026667E+9	1.544212000E-5
1.421030000E+9	1.527432000E-5
1.421033333E+9	1.566332000E-5
1.421036667E+9	1.529745000E-5
1.421040000E+9	1.548560000E-5
1.421043333E+9	1.536552000E-5
1.421046667E+9	1.551409000E-5
1.421050000E+9	1.552970000E-5
1.421053333E+9	1.580133000E-5
1.421056667E+9	1.609916000E-5
1.421060000E+9	1.568407000E-5
1.421063333E+9	1.575229000E-5
1.421066667E+9	1.552022000E-5
1.421070000E+9	1.525136000E-5
1.421073333E+9	1.545475000E-5
1.421076667E+9	1.538823000E-5
1.421080000E+9	1.545121000E-5
1.421083333E+9	1.599219000E-5
1.421086667E+9	1.626723000E-5
1.421090000E+9	1.574228000E-5
1.421093333E+9	1.655907000E-5
1.421096667E+9	1.593762000E-5
1.421100000E+9	1.559179000E-5
1.421103333E+9	1.555894000E-5
1.421106667E+9	1.558352000E-5
1.421110000E+9	1.547870000E-5
1.421113333E+9	1.537384000E-5
1.421116667E+9	1.529189000E-5
1.421120000E+9	1.546404000E-5
1.421123333E+9	1.545207000E-5
1.421126667E+9	1.558391000E-5
1.421130000E+9	1.572430000E-5
1.421133333E+9	1.559627000E-5
1.421136667E+9	1.569853000E-5
1.421140000E+9	1.574339000E-5
1.421143333E+9	1.523335000E-5
1.421146667E+9	1.517005000E-5
1.421150000E+9	1.562767000E-5
1.421153333E+9	1.667962000E-5
1.421156667E+9	1.585731000E-5
1.421160000E+9	1.555383000E-5
1.421163333E+9	1.547056000E-5
1.421166667E+9	1.578613000E-5
1.421170000E+9	1.520243000E-5
1.421173333E+9	1.559512000E-5
1.421176667E+9	1.663165000E-5
1.421180000E+9	1.824253000E-5
1.421183333E+9	1.557902000E-5
1.421186667E+9	1.547061000E-5
1.421190000E+9	1.597782000E-5
1.421193333E+9	1.564191000E-5
1.421196667E+9	1.561625000E-5
1.421200000E+9	1.554901000E-5
1.421203333E+9	1.572489000E-5
1.421206667E+9	1.974694000E-5
1.421210000E+9	1.828992000E-5
1.421213333E+9	1.563540000E-5
1.421216667E+9	1.582568000E-5
1.421220000E+9	1.877224000E-5
1.421223333E+9	1.768361000E-5
1.421226667E+9	1.556678000E-5
1.421230000E+9	1.593374000E-5
1.421233333E+9	1.520991000E-5
1.421236667E+9	1.540293000E-5
1.421240000E+9	1.572934000E-5
1.421243333E+9	1.585686000E-5
1.421246667E+9	1.543695000E-5
1.421250000E+9	1.579632000E-5
1.421253333E+9	1.536731000E-5
1.421256667E+9	1.535759000E-5
1.421260000E+9	1.578796000E-5
1.421263333E+9	1.544044000E-5
1.421266667E+9	1.560186000E-5
1.421270000E+9	1.577782000E-5
1.421273333E+9	1.564443000E-5
1.421276667E+9	1.624737000E-5
1.421280000E+9	1.601116000E-5
1.421283333E+9	1.636036000E-5
1.421286667E+9	2.003979000E-5
1.421290000E+9	2.062289000E-5
1.421293333E+9	1.630178000E-5
1.421296667E+9	1.616438000E-5
1.421300000E+9	1.566272000E-5
1.421303333E+9	1.554901000E-5
1.421306667E+9	1.591468000E-5
1.421310000E+9	1.565039000E-5
1.421313333E+9	1.579566000E-5
1.421316667E+9	1.527662000E-5
1.421320000E+9	1.593132000E-5
1.421323333E+9	1.573059000E-5
1.421326667E+9	1.597352000E-5
1.421330000E+9	1.567772000E-5
1.421333333E+9	1.631485000E-5
1.421336667E+9	1.594363000E-5
1.421340000E+9	1.589504000E-5
1.421343333E+9	1.600746000E-5
1.421346667E+9	1.634298000E-5
1.421350000E+9	1.709309000E-5
1.421353333E+9	2.232753000E-5
1.421356667E+9	2.846457000E-5
1.421360000E+9	1.964204000E-5
1.421363333E+9	1.685828000E-5
1.421366667E+9	1.601287000E-5
1.421370000E+9	1.580305000E-5
1.421373333E+9	1.608595000E-5
1.421376667E+9	1.624786000E-5
1.421380000E+9	1.609690000E-5
1.421383333E+9	1.612650000E-5
1.421386667E+9	1.577304000E-5
1.421390000E+9	1.597815000E-5
1.421393333E+9	1.571275000E-5
1.421396667E+9	1.578871000E-5
1.421400000E+9	1.620607000E-5
