Frequency, Hz	Amplitude, Volts
1.419400000E+9	1.473340000E-5
1.419403333E+9	1.507683000E-5
1.419406667E+9	1.482323000E-5
1.419410000E+9	1.506423000E-5
1.419413333E+9	1.491953000E-5
1.419416667E+9	1.494153000E-5
1.419420000E+9	1.472596000E-5
1.419423333E+9	1.471811000E-5
1.419426667E+9	1.477093000E-5
1.419430000E+9	1.480378000E-5
1.419433333E+9	1.501503000E-5
1.419436667E+9	1.487852000E-5
1.419440000E+9	1.494693000E-5
1.419443333E+9	1.459745000E-5
1.419446667E+9	1.481662000E-5
1.419450000E+9	1.489889000E-5
1.419453333E+9	1.621433000E-5
1.419456667E+9	1.559516000E-5
1.419460000E+9	1.481140000E-5
1.419463333E+9	1.484280000E-5
1.419466667E+9	1.472554000E-5
1.419470000E+9	1.451479000E-5
1.419473333E+9	1.467427000E-5
1.419476667E+9	1.484753000E-5
1.419480000E+9	1.471360000E-5
1.419483333E+9	1.459792000E-5
1.419486667E+9	1.486249000E-5
1.419490000E+9	1.482263000E-5
1.419493333E+9	1.506271000E-5
1.419496667E+9	1.472457000E-5
1.419500000E+9	1.489084000E-5
1.419503333E+9	1.497406000E-5
1.419506667E+9	1.506213000E-5
1.419510000E+9	1.473332000E-5
1.419513333E+9	1.505205000E-5
1.419516667E+9	1.484013000E-5
1.419520000E+9	1.499600000E-5
1.419523333E+9	1.452937000E-5
1.419526667E+9	1.497153000E-5
1.419530000E+9	1.473292000E-5
1.419533333E+9	1.481472000E-5
1.419536667E+9	1.472698000E-5
1.419540000E+9	1.482587000E-5
1.419543333E+9	1.475547000E-5
1.419546667E+9	1.476983000E-5
1.419550000E+9	1.481677000E-5
1.419553333E+9	1.480345000E-5
1.419556667E+9	1.486167000E-5
1.419560000E+9	1.459958000E-5
1.419563333E+9	1.466478000E-5
1.419566667E+9	1.490918000E-5
1.419570000E+9	1.506597000E-5
1.419573333E+9	1.475529000E-5
1.419576667E+9	1.462678000E-5
1.419580000E+9	1.463635000E-5
1.419583333E+9	1.480945000E-5
1.419586667E+9	1.506218000E-5
1.419590000E+9	1.473741000E-5
1.419593333E+9	1.460858000E-5
1.419596667E+9	1.454603000E-5
1.419600000E+9	1.475767000E-5
1.419603333E+9	1.501453000E-5
1.419606667E+9	1.476133000E-5
1.419610000E+9	1.461318000E-5
1.419613333E+9	1.462729000E-5
1.419616667E+9	1.484236000E-5
1.419620000E+9	1.453987000E-5
1.419623333E+9	1.459768000E-5
1.419626667E+9	1.442899000E-5
1.419630000E+9	1.498683000E-5
1.419633333E+9	1.465224000E-5
1.419636667E+9	1.449204000E-5
1.419640000E+9	1.494542000E-5
1.419643333E+9	1.444681000E-5
1.419646667E+9	1.454429000E-5
1.419650000E+9	1.463282000E-5
1.419653333E+9	1.447388000E-5
1.419656667E+9	1.469169000E-5
1.419660000E+9	1.469464000E-5
1.419663333E+9	1.481355000E-5
1.419666667E+9	1.487894000E-5
1.419670000E+9	1.476187000E-5
1.419673333E+9	1.450382000E-5
1.419676667E+9	1.447358000E-5
1.419680000E+9	1.489326000E-5
1.419683333E+9	1.479141000E-5
1.419686667E+9	1.473400000E-5
1.419690000E+9	1.484610000E-5
1.419693333E+9	1.473114000E-5
1.419696667E+9	1.472295000E-5
1.419700000E+9	1.463258000E-5
1.419703333E+9	1.505782000E-5
1.419706667E+9	1.499354000E-5
1.419710000E+9	1.477190000E-5
1.419713333E+9	1.496777000E-5
1.419716667E+9	1.508093000E-5
1.419720000E+9	1.461636000E-5
1.419723333E+9	1.482637000E-5
1.419726667E+9	1.489681000E-5
1.419730000E+9	1.465498000E-5
1.419733333E+9	1.536383000E-5
1.419736667E+9	1.483860000E-5
1.419740000E+9	1.506230000E-5
1.419743333E+9	1.513699000E-5
1.419746667E+9	1.606852000E-5
1.419750000E+9	1.529234000E-5
1.419753333E+9	1.524624000E-5
1.419756667E+9	1.473639000E-5
1.419760000E+9	1.462139000E-5
1.419763333E+9	1.500186000E-5
1.419766667E+9	1.492423000E-5
1.419770000E+9	1.474402000E-5
1.419773333E+9	1.465523000E-5
1.419776667E+9	1.459806000E-5
1.419780000E+9	1.462200000E-5
1.419783333E+9	1.475077000E-5
1.419786667E+9	1.437696000E-5
1.419790000E+9	1.489990000E-5
1.419793333E+9	1.468626000E-5
1.419796667E+9	1.475493000E-5
1.419800000E+9	1.488882000E-5
1.419803333E+9	1.472533000E-5
1.419806667E+9	1.494882000E-5
1.419810000E+9	1.469226000E-5
1.419813333E+9	1.472816000E-5
1.419816667E+9	1.455146000E-5
1.419820000E+9	1.486578000E-5
1.419823333E+9	1.492035000E-5
1.419826667E+9	1.461320000E-5
1.419830000E+9	1.491879000E-5
1.419833333E+9	1.434247000E-5
1.419836667E+9	1.485635000E-5
1.419840000E+9	1.475576000E-5
1.419843333E+9	1.459758000E-5
1.419846667E+9	1.478399000E-5
1.419850000E+9	1.455124000E-5
1.419853333E+9	1.491922000E-5
1.419856667E+9	1.471877000E-5
1.419860000E+9	1.476286000E-5
1.419863333E+9	1.546791000E-5
1.419866667E+9	1.505623000E-5
1.419870000E+9	1.498893000E-5
1.419873333E+9	1.506913000E-5
1.419876667E+9	1.463703000E-5
1.419880000E+9	1.467114000E-5
1.419883333E+9	1.474915000E-5
1.419886667E+9	1.441653000E-5
1.419890000E+9	1.466550000E-5
1.419893333E+9	1.446154000E-5
1.419896667E+9	1.496769000E-5
1.419900000E+9	1.511184000E-5
1.419903333E+9	1.519714000E-5
1.419906667E+9	1.474881000E-5
1.419910000E+9	1.471544000E-5
1.419913333E+9	1.474308000E-5
1.419916667E+9	1.443278000E-5
1.419920000E+9	1.413247000E-5
1.419923333E+9	1.446776000E-5
1.419926667E+9	1.452946000E-5
1.419930000E+9	1.504909000E-5
1.419933333E+9	1.499338000E-5
1.419936667E+9	1.486431000E-5
1.419940000E+9	1.491157000E-5
1.419943333E+9	1.473423000E-5
1.419946667E+9	1.484409000E-5
1.419950000E+9	1.434439000E-5
1.419953333E+9	1.488362000E-5
1.419956667E+9	1.456668000E-5
1.419960000E+9	1.486469000E-5
1.419963333E+9	1.461188000E-5
1.419966667E+9	1.457665000E-5
1.419970000E+9	1.462415000E-5
1.419973333E+9	1.465224000E-5
1.419976667E+9	1.522983000E-5
1.419980000E+9	1.670029000E-5
1.419983333E+9	1.479128000E-5
1.419986667E+9	1.460066000E-5
1.419990000E+9	1.494224000E-5
1.419993333E+9	1.483827000E-5
1.419996667E+9	1.490301000E-5
1.420000000E+9	1.475309000E-5
1.420003333E+9	1.503812000E-5
1.420006667E+9	1.491359000E-5
1.420010000E+9	1.471053000E-5
1.420013333E+9	1.478626000E-5
1.420016667E+9	1.468818000E-5
1.420020000E+9	1.493013000E-5
1.420023333E+9	1.472216000E-5
1.420026667E+9	1.478589000E-5
1.420030000E+9	1.454247000E-5
1.420033333E+9	1.519066000E-5
1.420036667E+9	1.493281000E-5
1.420040000E+9	1.579129000E-5
1.420043333E+9	1.486720000E-5
1.420046667E+9	1.456232000E-5
1.420050000E+9	1.503741000E-5
1.420053333E+9	1.477794000E-5
1.420056667E+9	1.457414000E-5
1.420060000E+9	1.483243000E-5
1.420063333E+9	1.497507000E-5
1.420066667E+9	1.472690000E-5
1.420070000E+9	1.469816000E-5
1.420073333E+9	1.457268000E-5
1.420076667E+9	1.475069000E-5
1.420080000E+9	1.476905000E-5
1.420083333E+9	1.470309000E-5
1.420086667E+9	1.470646000E-5
1.420090000E+9	1.488179000E-5
1.420093333E+9	1.458132000E-5
1.420096667E+9	1.488012000E-5
1.420100000E+9	1.500968000E-5
1.420103333E+9	1.476438000E-5
1.420106667E+9	1.477106000E-5
1.420110000E+9	1.471276000E-5
1.420113333E+9	1.487052000E-5
1.420116667E+9	1.457972000E-5
1.420120000E+9	1.452943000E-5
1.420123333E+9	1.470504000E-5
1.420126667E+9	1.488198000E-5
1.420130000E+9	1.456166000E-5
1.420133333E+9	1.430965000E-5
1.420136667E+9	1.456956000E-5
1.420140000E+9	1.458600000E-5
1.420143333E+9	1.463312000E-5
1.420146667E+9	1.465951000E-5
1.420150000E+9	1.442989000E-5
1.420153333E+9	1.464370000E-5
1.420156667E+9	1.496851000E-5
1.420160000E+9	1.457630000E-5
1.420163333E+9	1.509008000E-5
1.420166667E+9	1.488560000E-5
1.420170000E+9	1.466568000E-5
1.420173333E+9	1.461915000E-5
1.420176667E+9	1.456676000E-5
1.420180000E+9	1.486853000E-5
1.420183333E+9	1.466277000E-5
1.420186667E+9	1.445608000E-5
1.420190000E+9	1.451857000E-5
1.420193333E+9	1.502246000E-5
1.420196667E+9	1.472111000E-5
1.420200000E+9	1.526924000E-5
1.420203333E+9	1.495701000E-5
1.420206667E+9	1.468160000E-5
1.420210000E+9	1.451728000E-5
1.420213333E+9	1.457586000E-5
1.420216667E+9	1.492951000E-5
1.420220000E+9	1.460226000E-5
1.420223333E+9	1.487065000E-5
1.420226667E+9	1.472359000E-5
1.420230000E+9	1.449016000E-5
1.420233333E+9	1.465276000E-5
1.420236667E+9	1.467731000E-5
1.420240000E+9	1.481558000E-5
1.420243333E+9	1.466363000E-5
1.420246667E+9	1.485270000E-5
1.420250000E+9	1.466054000E-5
1.420253333E+9	1.498861000E-5
1.420256667E+9	1.474212000E-5
1.420260000E+9	1.479526000E-5
1.420263333E+9	1.484967000E-5
1.420266667E+9	1.525036000E-5
1.420270000E+9	1.471021000E-5
1.420273333E+9	1.469184000E-5
1.420276667E+9	1.480859000E-5
1.420280000E+9	1.468531000E-5
1.420283333E+9	1.477643000E-5
1.420286667E+9	1.478410000E-5
1.420290000E+9	1.472999000E-5
1.420293333E+9	1.461022000E-5
1.420296667E+9	1.541226000E-5
1.420300000E+9	1.452165000E-5
1.420303333E+9	1.478357000E-5
1.420306667E+9	1.439557000E-5
1.420310000E+9	1.501506000E-5
1.420313333E+9	1.505309000E-5
1.420316667E+9	1.473106000E-5
1.420320000E+9	1.486252000E-5
1.420323333E+9	1.476286000E-5
1.420326667E+9	1.471676000E-5
1.420330000E+9	1.532636000E-5
1.420333333E+9	1.574465000E-5
1.420336667E+9	1.487346000E-5
1.420340000E+9	1.484725000E-5
1.420343333E+9	1.480306000E-5
1.420346667E+9	1.491255000E-5
1.420350000E+9	1.517586000E-5
1.420353333E+9	1.463065000E-5
1.420356667E+9	1.476932000E-5
1.420360000E+9	1.472829000E-5
1.420363333E+9	1.481251000E-5
1.420366667E+9	1.464195000E-5
1.420370000E+9	1.470962000E-5
1.420373333E+9	1.480964000E-5
1.420376667E+9	1.451843000E-5
1.420380000E+9	1.472009000E-5
1.420383333E+9	1.453846000E-5
1.420386667E+9	1.476646000E-5
1.420390000E+9	1.475796000E-5
1.420393333E+9	1.473402000E-5
1.420396667E+9	1.476271000E-5
1.420400000E+9	1.468326000E-5
1.420403333E+9	1.481612000E-5
1.420406667E+9	1.478138000E-5
1.420410000E+9	1.470767000E-5
1.420413333E+9	1.449555000E-5
1.420416667E+9	1.498423000E-5
1.420420000E+9	1.493512000E-5
1.420423333E+9	1.512665000E-5
1.420426667E+9	1.500342000E-5
1.420430000E+9	1.480894000E-5
1.420433333E+9	1.497623000E-5
1.420436667E+9	1.473348000E-5
1.420440000E+9	1.466848000E-5
1.420443333E+9	1.506263000E-5
1.420446667E+9	1.489419000E-5
1.420450000E+9	1.497786000E-5
1.420453333E+9	1.505977000E-5
1.420456667E+9	1.511380000E-5
1.420460000E+9	1.562802000E-5
1.420463333E+9	1.505195000E-5
1.420466667E+9	1.507729000E-5
1.420470000E+9	1.500197000E-5
1.420473333E+9	1.525428000E-5
1.420476667E+9	1.554113000E-5
1.420480000E+9	1.556150000E-5
1.420483333E+9	1.565976000E-5
1.420486667E+9	1.602180000E-5
1.420490000E+9	1.599595000E-5
1.420493333E+9	1.629669000E-5
1.420496667E+9	1.674746000E-5
1.420500000E+9	1.669486000E-5
1.420503333E+9	1.621725000E-5
1.420506667E+9	1.621646000E-5
1.420510000E+9	1.619171000E-5
1.420513333E+9	1.624883000E-5
1.420516667E+9	1.660645000E-5
1.420520000E+9	1.596081000E-5
1.420523333E+9	1.619198000E-5
1.420526667E+9	1.625170000E-5
1.420530000E+9	1.619175000E-5
1.420533333E+9	1.603456000E-5
1.420536667E+9	1.608010000E-5
1.420540000E+9	1.583730000E-5
1.420543333E+9	1.596878000E-5
1.420546667E+9	1.593265000E-5
1.420550000E+9	1.648231000E-5
1.420553333E+9	1.597713000E-5
1.420556667E+9	1.607804000E-5
1.420560000E+9	1.585507000E-5
1.420563333E+9	1.609464000E-5
1.420566667E+9	1.612095000E-5
1.420570000E+9	1.606129000E-5
1.420573333E+9	1.565290000E-5
1.420576667E+9	1.553154000E-5
1.420580000E+9	1.572565000E-5
1.420583333E+9	1.561675000E-5
1.420586667E+9	1.559319000E-5
1.420590000E+9	1.624421000E-5
1.420593333E+9	1.578536000E-5
1.420596667E+9	1.583440000E-5
1.420600000E+9	1.529180000E-5
1.420603333E+9	1.565357000E-5
1.420606667E+9	1.546693000E-5
1.420610000E+9	1.577712000E-5
1.420613333E+9	1.565233000E-5
1.420616667E+9	1.525634000E-5
1.420620000E+9	1.560410000E-5
1.420623333E+9	1.592529000E-5
1.420626667E+9	1.688229000E-5
1.420630000E+9	1.539554000E-5
1.420633333E+9	1.531736000E-5
1.420636667E+9	1.528158000E-5
1.420640000E+9	1.513739000E-5
1.420643333E+9	1.515807000E-5
1.420646667E+9	1.589526000E-5
1.420650000E+9	1.551613000E-5
1.420653333E+9	1.552186000E-5
1.420656667E+9	1.532488000E-5
1.420660000E+9	1.535098000E-5
1.420663333E+9	1.556328000E-5
1.420666667E+9	1.557598000E-5
1.420670000E+9	1.551934000E-5
1.420673333E+9	1.565364000E-5
1.420676667E+9	1.611067000E-5
1.420680000E+9	1.547659000E-5
1.420683333E+9	1.579415000E-5
1.420686667E+9	1.607459000E-5
1.420690000E+9	1.581935000E-5
1.420693333E+9	1.594226000E-5
1.420696667E+9	1.583553000E-5
1.420700000E+9	1.583828000E-5
1.420703333E+9	1.617357000E-5
1.420706667E+9	1.580473000E-5
1.420710000E+9	1.585274000E-5
1.420713333E+9	1.647648000E-5
1.420716667E+9	1.605965000E-5
1.420720000E+9	1.621896000E-5
1.420723333E+9	1.607034000E-5
1.420726667E+9	1.615662000E-5
1.420730000E+9	1.582031000E-5
1.420733333E+9	1.597550000E-5
1.420736667E+9	1.631519000E-5
1.420740000E+9	1.613661000E-5
1.420743333E+9	1.603847000E-5
1.420746667E+9	1.606105000E-5
1.420750000E+9	1.603632000E-5
1.420753333E+9	1.615772000E-5
1.420756667E+9	1.653043000E-5
1.420760000E+9	1.707131000E-5
1.420763333E+9	1.658945000E-5
1.420766667E+9	1.595683000E-5
1.420770000E+9	1.588350000E-5
1.420773333E+9	1.629831000E-5
1.420776667E+9	1.594555000E-5
1.420780000E+9	1.634540000E-5
1.420783333E+9	1.588956000E-5
1.420786667E+9	1.592239000E-5
1.420790000E+9	1.623230000E-5
1.420793333E+9	1.598234000E-5
1.420796667E+9	1.661659000E-5
1.420800000E+9	1.569382000E-5
1.420803333E+9	1.570467000E-5
1.420806667E+9	1.558983000E-5
1.420810000E+9	1.538718000E-5
1.420813333E+9	1.562874000E-5
1.420816667E+9	1.514186000E-5
1.420820000E+9	1.540801000E-5
1.420823333E+9	1.536498000E-5
1.420826667E+9	1.548784000E-5
1.420830000E+9	1.514758000E-5
1.420833333E+9	1.572810000E-5
1.420836667E+9	1.529622000E-5
1.420840000E+9	1.547962000E-5
1.420843333E+9	1.520436000E-5
1.420846667E+9	1.525165000E-5
1.420850000E+9	1.483410000E-5
1.420853333E+9	1.524754000E-5
1.420856667E+9	1.543266000E-5
1.420860000E+9	1.546158000E-5
1.420863333E+9	1.528170000E-5
1.420866667E+9	1.539480000E-5
1.420870000E+9	1.559738000E-5
1.420873333E+9	1.541850000E-5
1.420876667E+9	1.510841000E-5
1.420880000E+9	1.521403000E-5
1.420883333E+9	1.601252000E-5
1.420886667E+9	1.585100000E-5
1.420890000E+9	1.511113000E-5
1.420893333E+9	1.512949000E-5
1.420896667E+9	1.575703000E-5
1.420900000E+9	1.531724000E-5
1.420903333E+9	1.587686000E-5
1.420906667E+9	1.571156000E-5
1.420910000E+9	1.562843000E-5
1.420913333E+9	1.590149000E-5
1.420916667E+9	1.678147000E-5
1.420920000E+9	1.992303000E-5
1.420923333E+9	1.554152000E-5
1.420926667E+9	1.545506000E-5
1.420930000E+9	1.556963000E-5
1.420933333E+9	1.535545000E-5
1.420936667E+9	1.534596000E-5
1.420940000E+9	1.540901000E-5
1.420943333E+9	1.543232000E-5
1.420946667E+9	1.633067000E-5
1.420950000E+9	1.469748000E-5
1.420953333E+9	1.522867000E-5
1.420956667E+9	1.482757000E-5
1.420960000E+9	1.498010000E-5
1.420963333E+9	1.526094000E-5
1.420966667E+9	1.516572000E-5
1.420970000E+9	1.514084000E-5
1.420973333E+9	1.507567000E-5
1.420976667E+9	1.492840000E-5
1.420980000E+9	1.488885000E-5
1.420983333E+9	1.519799000E-5
1.420986667E+9	1.554790000E-5
1.420990000E+9	1.473060000E-5
1.420993333E+9	1.490298000E-5
1.420996667E+9	1.490432000E-5
1.421000000E+9	1.472616000E-5
1.421003333E+9	1.473290000E-5
1.421006667E+9	1.475752000E-5
1.421010000E+9	1.487256000E-5
1.421013333E+9	1.481303000E-5
1.421016667E+9	1.485849000E-5
1.421020000E+9	1.489431000E-5
1.421023333E+9	1.464285000E-5
1.421026667E+9	1.488140000E-5
1.421030000E+9	1.463404000E-5
1.421033333E+9	1.471954000E-5
1.421036667E+9	1.477156000E-5
1.421040000E+9	1.487503000E-5
1.421043333E+9	1.470216000E-5
1.421046667E+9	1.477203000E-5
1.421050000E+9	1.461034000E-5
1.421053333E+9	1.447253000E-5
1.421056667E+9	1.506792000E-5
1.421060000E+9	1.495036000E-5
1.421063333E+9	1.488749000E-5
1.421066667E+9	1.457791000E-5
1.421070000E+9	1.480594000E-5
1.421073333E+9	1.475835000E-5
1.421076667E+9	1.447704000E-5
1.421080000E+9	1.450622000E-5
1.421083333E+9	1.455296000E-5
1.421086667E+9	1.488667000E-5
1.421090000E+9	1.462848000E-5
1.421093333E+9	1.540809000E-5
1.421096667E+9	1.523416000E-5
1.421100000E+9	1.465132000E-5
1.421103333E+9	1.486242000E-5
1.421106667E+9	1.465951000E-5
1.421110000E+9	1.454351000E-5
1.421113333E+9	1.461909000E-5
1.421116667E+9	1.443278000E-5
1.421120000E+9	1.459204000E-5
1.421123333E+9	1.459848000E-5
1.421126667E+9	1.450152000E-5
1.421130000E+9	1.475006000E-5
1.421133333E+9	1.505856000E-5
1.421136667E+9	1.472819000E-5
1.421140000E+9	1.475953000E-5
1.421143333E+9	1.460683000E-5
1.421146667E+9	1.434604000E-5
1.421150000E+9	1.447644000E-5
1.421153333E+9	1.473086000E-5
1.421156667E+9	1.469542000E-5
1.421160000E+9	1.461636000E-5
1.421163333E+9	1.485782000E-5
1.421166667E+9	1.464510000E-5
1.421170000E+9	1.510755000E-5
1.421173333E+9	1.471659000E-5
1.421176667E+9	1.512152000E-5
1.421180000E+9	1.576409000E-5
1.421183333E+9	1.468258000E-5
1.421186667E+9	1.471050000E-5
1.421190000E+9	1.460534000E-5
1.421193333E+9	1.478157000E-5
1.421196667E+9	1.485785000E-5
1.421200000E+9	1.466943000E-5
1.421203333E+9	1.485413000E-5
1.421206667E+9	1.524875000E-5
1.421210000E+9	1.525443000E-5
1.421213333E+9	1.657288000E-5
1.421216667E+9	1.484776000E-5
1.421220000E+9	1.466549000E-5
1.421223333E+9	1.475663000E-5
1.421226667E+9	1.473256000E-5
1.421230000E+9	1.485179000E-5
1.421233333E+9	1.480194000E-5
1.421236667E+9	1.469021000E-5
1.421240000E+9	1.453487000E-5
1.421243333E+9	1.503865000E-5
1.421246667E+9	1.487075000E-5
1.421250000E+9	1.501890000E-5
1.421253333E+9	1.481264000E-5
1.421256667E+9	1.505314000E-5
1.421260000E+9	1.459649000E-5
1.421263333E+9	1.490989000E-5
1.421266667E+9	1.464069000E-5
1.421270000E+9	1.468202000E-5
1.421273333E+9	1.470762000E-5
1.421276667E+9	1.467451000E-5
1.421280000E+9	1.476354000E-5
1.421283333E+9	1.476754000E-5
1.421286667E+9	1.438326000E-5
1.421290000E+9	1.456890000E-5
1.421293333E+9	1.473757000E-5
1.421296667E+9	1.447842000E-5
1.421300000E+9	1.441278000E-5
1.421303333E+9	1.468821000E-5
1.421306667E+9	1.469534000E-5
1.421310000E+9	1.442170000E-5
1.421313333E+9	1.462249000E-5
1.421316667E+9	1.467704000E-5
1.421320000E+9	1.517443000E-5
1.421323333E+9	1.457582000E-5
1.421326667E+9	1.454006000E-5
1.421330000E+9	1.440969000E-5
1.421333333E+9	1.460303000E-5
1.421336667E+9	1.458328000E-5
1.421340000E+9	1.472190000E-5
1.421343333E+9	1.489573000E-5
1.421346667E+9	1.481595000E-5
1.421350000E+9	1.429748000E-5
1.421353333E+9	1.461097000E-5
1.421356667E+9	1.495771000E-5
1.421360000E+9	1.490192000E-5
1.421363333E+9	1.453588000E-5
1.421366667E+9	1.486727000E-5
1.421370000E+9	1.475786000E-5
1.421373333E+9	1.490139000E-5
1.421376667E+9	1.472852000E-5
1.421380000E+9	1.448755000E-5
1.421383333E+9	1.442711000E-5
1.421386667E+9	1.450189000E-5
1.421390000E+9	1.452143000E-5
1.421393333E+9	1.489359000E-5
1.421396667E+9	1.442832000E-5
1.421400000E+9	1.463378000E-5
