Frequency, Hz	Amplitude, Volts
1.419400000E+9	2.178759000E-5
1.419403333E+9	2.146773000E-5
1.419406667E+9	2.158375000E-5
1.419410000E+9	2.169806000E-5
1.419413333E+9	2.212175000E-5
1.419416667E+9	2.198275000E-5
1.419420000E+9	2.148827000E-5
1.419423333E+9	2.159824000E-5
1.419426667E+9	2.166819000E-5
1.419430000E+9	2.180182000E-5
1.419433333E+9	2.441886000E-5
1.419436667E+9	2.225931000E-5
1.419440000E+9	2.146080000E-5
1.419443333E+9	2.163837000E-5
1.419446667E+9	2.329467000E-5
1.419450000E+9	2.630234000E-5
1.419453333E+9	2.223305000E-5
1.419456667E+9	2.122854000E-5
1.419460000E+9	2.178120000E-5
1.419463333E+9	2.188932000E-5
1.419466667E+9	2.133502000E-5
1.419470000E+9	2.180441000E-5
1.419473333E+9	2.141895000E-5
1.419476667E+9	2.179807000E-5
1.419480000E+9	2.169725000E-5
1.419483333E+9	2.179386000E-5
1.419486667E+9	2.141312000E-5
1.419490000E+9	2.161987000E-5
1.419493333E+9	2.159971000E-5
1.419496667E+9	2.140071000E-5
1.419500000E+9	2.172560000E-5
1.419503333E+9	2.174698000E-5
1.419506667E+9	2.177752000E-5
1.419510000E+9	2.180467000E-5
1.419513333E+9	2.187796000E-5
1.419516667E+9	2.162049000E-5
1.419520000E+9	2.161712000E-5
1.419523333E+9	2.118523000E-5
1.419526667E+9	2.148409000E-5
1.419530000E+9	2.180408000E-5
1.419533333E+9	2.187647000E-5
1.419536667E+9	2.171923000E-5
1.419540000E+9	2.149707000E-5
1.419543333E+9	2.177266000E-5
1.419546667E+9	2.160393000E-5
1.419550000E+9	2.153222000E-5
1.419553333E+9	2.196265000E-5
1.419556667E+9	2.149743000E-5
1.419560000E+9	2.159546000E-5
1.419563333E+9	2.126222000E-5
1.419566667E+9	2.161093000E-5
1.419570000E+9	2.175135000E-5
1.419573333E+9	2.171143000E-5
1.419576667E+9	2.175133000E-5
1.419580000E+9	2.130524000E-5
1.419583333E+9	2.125984000E-5
1.419586667E+9	2.170245000E-5
1.419590000E+9	2.205622000E-5
1.419593333E+9	2.097666000E-5
1.419596667E+9	2.175813000E-5
1.419600000E+9	2.115889000E-5
1.419603333E+9	2.212775000E-5
1.419606667E+9	2.130756000E-5
1.419610000E+9	2.173376000E-5
1.419613333E+9	2.164534000E-5
1.419616667E+9	2.153099000E-5
1.419620000E+9	2.167606000E-5
1.419623333E+9	2.150560000E-5
1.419626667E+9	2.172274000E-5
1.419630000E+9	2.129278000E-5
1.419633333E+9	2.143994000E-5
1.419636667E+9	2.139631000E-5
1.419640000E+9	2.162873000E-5
1.419643333E+9	2.190103000E-5
1.419646667E+9	2.137518000E-5
1.419650000E+9	2.104804000E-5
1.419653333E+9	2.157342000E-5
1.419656667E+9	2.147641000E-5
1.419660000E+9	2.174999000E-5
1.419663333E+9	2.156648000E-5
1.419666667E+9	2.204772000E-5
1.419670000E+9	2.165354000E-5
1.419673333E+9	2.171234000E-5
1.419676667E+9	2.187066000E-5
1.419680000E+9	2.136758000E-5
1.419683333E+9	2.111018000E-5
1.419686667E+9	2.142880000E-5
1.419690000E+9	2.148952000E-5
1.419693333E+9	2.166421000E-5
1.419696667E+9	2.159639000E-5
1.419700000E+9	2.144271000E-5
1.419703333E+9	2.129813000E-5
1.419706667E+9	2.139847000E-5
1.419710000E+9	2.143542000E-5
1.419713333E+9	2.137797000E-5
1.419716667E+9	2.151396000E-5
1.419720000E+9	2.150449000E-5
1.419723333E+9	2.175603000E-5
1.419726667E+9	2.462231000E-5
1.419730000E+9	2.277161000E-5
1.419733333E+9	2.202246000E-5
1.419736667E+9	2.109141000E-5
1.419740000E+9	2.370822000E-5
1.419743333E+9	2.538888000E-5
1.419746667E+9	2.205927000E-5
1.419750000E+9	2.203282000E-5
1.419753333E+9	2.212299000E-5
1.419756667E+9	2.196068000E-5
1.419760000E+9	2.154741000E-5
1.419763333E+9	2.209047000E-5
1.419766667E+9	2.151667000E-5
1.419770000E+9	2.182772000E-5
1.419773333E+9	2.134057000E-5
1.419776667E+9	2.175481000E-5
1.419780000E+9	2.148060000E-5
1.419783333E+9	2.198082000E-5
1.419786667E+9	2.150493000E-5
1.419790000E+9	2.230830000E-5
1.419793333E+9	2.171232000E-5
1.419796667E+9	2.191761000E-5
1.419800000E+9	2.099419000E-5
1.419803333E+9	2.122504000E-5
1.419806667E+9	2.133466000E-5
1.419810000E+9	2.118169000E-5
1.419813333E+9	2.217591000E-5
1.419816667E+9	2.160796000E-5
1.419820000E+9	2.131039000E-5
1.419823333E+9	2.151705000E-5
1.419826667E+9	2.151606000E-5
1.419830000E+9	2.162885000E-5
1.419833333E+9	2.196692000E-5
1.419836667E+9	2.208615000E-5
1.419840000E+9	2.164172000E-5
1.419843333E+9	2.129645000E-5
1.419846667E+9	2.127999000E-5
1.419850000E+9	2.171646000E-5
1.419853333E+9	2.155460000E-5
1.419856667E+9	2.151495000E-5
1.419860000E+9	2.180707000E-5
1.419863333E+9	2.154026000E-5
1.419866667E+9	2.212588000E-5
1.419870000E+9	2.174806000E-5
1.419873333E+9	2.098845000E-5
1.419876667E+9	2.131474000E-5
1.419880000E+9	2.181559000E-5
1.419883333E+9	2.144196000E-5
1.419886667E+9	2.166153000E-5
1.419890000E+9	2.193200000E-5
1.419893333E+9	2.130819000E-5
1.419896667E+9	2.143222000E-5
1.419900000E+9	2.144031000E-5
1.419903333E+9	2.139051000E-5
1.419906667E+9	2.195123000E-5
1.419910000E+9	2.161095000E-5
1.419913333E+9	2.172858000E-5
1.419916667E+9	2.148110000E-5
1.419920000E+9	2.190940000E-5
1.419923333E+9	2.168851000E-5
1.419926667E+9	2.136202000E-5
1.419930000E+9	2.149969000E-5
1.419933333E+9	2.147306000E-5
1.419936667E+9	2.190752000E-5
1.419940000E+9	2.128310000E-5
1.419943333E+9	2.139610000E-5
1.419946667E+9	2.202638000E-5
1.419950000E+9	2.135212000E-5
1.419953333E+9	2.165958000E-5
1.419956667E+9	2.190171000E-5
1.419960000E+9	2.165658000E-5
1.419963333E+9	2.136476000E-5
1.419966667E+9	2.156222000E-5
1.419970000E+9	2.121456000E-5
1.419973333E+9	2.124927000E-5
1.419976667E+9	2.130274000E-5
1.419980000E+9	2.185100000E-5
1.419983333E+9	2.152572000E-5
1.419986667E+9	2.157899000E-5
1.419990000E+9	2.164719000E-5
1.419993333E+9	2.142377000E-5
1.419996667E+9	2.202101000E-5
1.420000000E+9	2.264500000E-5
1.420003333E+9	2.374896000E-5
1.420006667E+9	2.163032000E-5
1.420010000E+9	2.154454000E-5
1.420013333E+9	2.184037000E-5
1.420016667E+9	2.189516000E-5
1.420020000E+9	2.372415000E-5
1.420023333E+9	2.183479000E-5
1.420026667E+9	2.247923000E-5
1.420030000E+9	2.132052000E-5
1.420033333E+9	2.334993000E-5
1.420036667E+9	2.357643000E-5
1.420040000E+9	2.185014000E-5
1.420043333E+9	2.126864000E-5
1.420046667E+9	2.197942000E-5
1.420050000E+9	2.139880000E-5
1.420053333E+9	2.162780000E-5
1.420056667E+9	2.174627000E-5
1.420060000E+9	2.114040000E-5
1.420063333E+9	2.169413000E-5
1.420066667E+9	2.120347000E-5
1.420070000E+9	2.149637000E-5
1.420073333E+9	2.177240000E-5
1.420076667E+9	2.192743000E-5
1.420080000E+9	2.188024000E-5
1.420083333E+9	2.211561000E-5
1.420086667E+9	2.102794000E-5
1.420090000E+9	2.152638000E-5
1.420093333E+9	2.157321000E-5
1.420096667E+9	2.193867000E-5
1.420100000E+9	2.158719000E-5
1.420103333E+9	2.146603000E-5
1.420106667E+9	2.182530000E-5
1.420110000E+9	2.171775000E-5
1.420113333E+9	2.118069000E-5
1.420116667E+9	2.143259000E-5
1.420120000E+9	2.128653000E-5
1.420123333E+9	2.192885000E-5
1.420126667E+9	2.170924000E-5
1.420130000E+9	2.168904000E-5
1.420133333E+9	2.157136000E-5
1.420136667E+9	2.124015000E-5
1.420140000E+9	2.159710000E-5
1.420143333E+9	2.172161000E-5
1.420146667E+9	2.137391000E-5
1.420150000E+9	2.213650000E-5
1.420153333E+9	2.134661000E-5
1.420156667E+9	2.151419000E-5
1.420160000E+9	2.139258000E-5
1.420163333E+9	2.164203000E-5
1.420166667E+9	2.141481000E-5
1.420170000E+9	2.155685000E-5
1.420173333E+9	2.129738000E-5
1.420176667E+9	2.150253000E-5
1.420180000E+9	2.143113000E-5
1.420183333E+9	2.160815000E-5
1.420186667E+9	2.130950000E-5
1.420190000E+9	2.118620000E-5
1.420193333E+9	2.134366000E-5
1.420196667E+9	2.098970000E-5
1.420200000E+9	2.158932000E-5
1.420203333E+9	2.179912000E-5
1.420206667E+9	2.097279000E-5
1.420210000E+9	2.131212000E-5
1.420213333E+9	2.177823000E-5
1.420216667E+9	2.188007000E-5
1.420220000E+9	2.281248000E-5
1.420223333E+9	2.191604000E-5
1.420226667E+9	2.183687000E-5
1.420230000E+9	2.193906000E-5
1.420233333E+9	2.128763000E-5
1.420236667E+9	2.160087000E-5
1.420240000E+9	2.112653000E-5
1.420243333E+9	2.149141000E-5
1.420246667E+9	2.156087000E-5
1.420250000E+9	2.136713000E-5
1.420253333E+9	2.173070000E-5
1.420256667E+9	2.178606000E-5
1.420260000E+9	2.118953000E-5
1.420263333E+9	2.162078000E-5
1.420266667E+9	2.189161000E-5
1.420270000E+9	2.125071000E-5
1.420273333E+9	2.157397000E-5
1.420276667E+9	2.137084000E-5
1.420280000E+9	2.101862000E-5
1.420283333E+9	2.166200000E-5
1.420286667E+9	2.229735000E-5
1.420290000E+9	2.154651000E-5
1.420293333E+9	2.133818000E-5
1.420296667E+9	2.275754000E-5
1.420300000E+9	2.145717000E-5
1.420303333E+9	2.158309000E-5
1.420306667E+9	2.150267000E-5
1.420310000E+9	2.191566000E-5
1.420313333E+9	2.343595000E-5
1.420316667E+9	2.174925000E-5
1.420320000E+9	2.155824000E-5
1.420323333E+9	2.151896000E-5
1.420326667E+9	2.292189000E-5
1.420330000E+9	2.331409000E-5
1.420333333E+9	2.166876000E-5
1.420336667E+9	2.165477000E-5
1.420340000E+9	2.203879000E-5
1.420343333E+9	2.167775000E-5
1.420346667E+9	2.168294000E-5
1.420350000E+9	2.130540000E-5
1.420353333E+9	2.257462000E-5
1.420356667E+9	2.158996000E-5
1.420360000E+9	2.167954000E-5
1.420363333E+9	2.147773000E-5
1.420366667E+9	2.192865000E-5
1.420370000E+9	2.191498000E-5
1.420373333E+9	2.203405000E-5
1.420376667E+9	2.204007000E-5
1.420380000E+9	2.181399000E-5
1.420383333E+9	2.177568000E-5
1.420386667E+9	2.163901000E-5
1.420390000E+9	2.182355000E-5
1.420393333E+9	2.179256000E-5
1.420396667E+9	2.135841000E-5
1.420400000E+9	2.143713000E-5
1.420403333E+9	2.152858000E-5
1.420406667E+9	2.165817000E-5
1.420410000E+9	2.127259000E-5
1.420413333E+9	2.123784000E-5
1.420416667E+9	2.155207000E-5
1.420420000E+9	2.188389000E-5
1.420423333E+9	2.216656000E-5
1.420426667E+9	2.154355000E-5
1.420430000E+9	2.182817000E-5
1.420433333E+9	2.140834000E-5
1.420436667E+9	2.121055000E-5
1.420440000E+9	2.146735000E-5
1.420443333E+9	2.138107000E-5
1.420446667E+9	2.181931000E-5
1.420450000E+9	2.124740000E-5
1.420453333E+9	2.170257000E-5
1.420456667E+9	2.141371000E-5
1.420460000E+9	2.131687000E-5
1.420463333E+9	2.110817000E-5
1.420466667E+9	2.148598000E-5
1.420470000E+9	2.118078000E-5
1.420473333E+9	2.163645000E-5
1.420476667E+9	2.129743000E-5
1.420480000E+9	2.171177000E-5
1.420483333E+9	2.234281000E-5
1.420486667E+9	2.200279000E-5
1.420490000E+9	2.248789000E-5
1.420493333E+9	2.187784000E-5
1.420496667E+9	2.178390000E-5
1.420500000E+9	2.173409000E-5
1.420503333E+9	2.115187000E-5
1.420506667E+9	2.200608000E-5
1.420510000E+9	2.212241000E-5
1.420513333E+9	2.179694000E-5
1.420516667E+9	2.146021000E-5
1.420520000E+9	2.157165000E-5
1.420523333E+9	2.110833000E-5
1.420526667E+9	2.151504000E-5
1.420530000E+9	2.153522000E-5
1.420533333E+9	2.133443000E-5
1.420536667E+9	2.104957000E-5
1.420540000E+9	2.151030000E-5
1.420543333E+9	2.146705000E-5
1.420546667E+9	2.165617000E-5
1.420550000E+9	2.143855000E-5
1.420553333E+9	2.113776000E-5
1.420556667E+9	2.197295000E-5
1.420560000E+9	2.156911000E-5
1.420563333E+9	2.144396000E-5
1.420566667E+9	2.161093000E-5
1.420570000E+9	2.132132000E-5
1.420573333E+9	2.171198000E-5
1.420576667E+9	2.159368000E-5
1.420580000E+9	2.170180000E-5
1.420583333E+9	2.130358000E-5
1.420586667E+9	2.202363000E-5
1.420590000E+9	2.154149000E-5
1.420593333E+9	2.152182000E-5
1.420596667E+9	2.150472000E-5
1.420600000E+9	2.166141000E-5
1.420603333E+9	2.232111000E-5
1.420606667E+9	2.407456000E-5
1.420610000E+9	2.148256000E-5
1.420613333E+9	2.136003000E-5
1.420616667E+9	2.113869000E-5
1.420620000E+9	2.457380000E-5
1.420623333E+9	2.423922000E-5
1.420626667E+9	2.185311000E-5
1.420630000E+9	2.140653000E-5
1.420633333E+9	2.194026000E-5
1.420636667E+9	2.154088000E-5
1.420640000E+9	2.175785000E-5
1.420643333E+9	2.118104000E-5
1.420646667E+9	2.194966000E-5
1.420650000E+9	2.164807000E-5
1.420653333E+9	2.130421000E-5
1.420656667E+9	2.152265000E-5
1.420660000E+9	2.196933000E-5
1.420663333E+9	2.193116000E-5
1.420666667E+9	2.115652000E-5
1.420670000E+9	2.184474000E-5
1.420673333E+9	2.198019000E-5
1.420676667E+9	2.156771000E-5
1.420680000E+9	2.151748000E-5
1.420683333E+9	2.129628000E-5
1.420686667E+9	2.147582000E-5
1.420690000E+9	2.252320000E-5
1.420693333E+9	2.211357000E-5
1.420696667E+9	2.177546000E-5
1.420700000E+9	2.162980000E-5
1.420703333E+9	2.131053000E-5
1.420706667E+9	2.157240000E-5
1.420710000E+9	2.193797000E-5
1.420713333E+9	2.147565000E-5
1.420716667E+9	2.135965000E-5
1.420720000E+9	2.137826000E-5
1.420723333E+9	2.183939000E-5
1.420726667E+9	2.162519000E-5
1.420730000E+9	2.140968000E-5
1.420733333E+9	2.178893000E-5
1.420736667E+9	2.172956000E-5
1.420740000E+9	2.144634000E-5
1.420743333E+9	2.178390000E-5
1.420746667E+9	2.153140000E-5
1.420750000E+9	2.130805000E-5
1.420753333E+9	2.131837000E-5
1.420756667E+9	2.221500000E-5
1.420760000E+9	2.282518000E-5
1.420763333E+9	2.156504000E-5
1.420766667E+9	2.167497000E-5
1.420770000E+9	2.140703000E-5
1.420773333E+9	2.160345000E-5
1.420776667E+9	2.110668000E-5
1.420780000E+9	2.141095000E-5
1.420783333E+9	2.171208000E-5
1.420786667E+9	2.203023000E-5
1.420790000E+9	2.190919000E-5
1.420793333E+9	2.178469000E-5
1.420796667E+9	2.225135000E-5
1.420800000E+9	2.173087000E-5
1.420803333E+9	2.171763000E-5
1.420806667E+9	2.141500000E-5
1.420810000E+9	2.136110000E-5
1.420813333E+9	2.111762000E-5
1.420816667E+9	2.182575000E-5
1.420820000E+9	2.197184000E-5
1.420823333E+9	2.190440000E-5
1.420826667E+9	2.276903000E-5
1.420830000E+9	2.127179000E-5
1.420833333E+9	2.193489000E-5
1.420836667E+9	2.131355000E-5
1.420840000E+9	2.164336000E-5
1.420843333E+9	2.213779000E-5
1.420846667E+9	2.380243000E-5
1.420850000E+9	2.164275000E-5
1.420853333E+9	2.150668000E-5
1.420856667E+9	2.082925000E-5
1.420860000E+9	2.181976000E-5
1.420863333E+9	2.176922000E-5
1.420866667E+9	2.158880000E-5
1.420870000E+9	2.170033000E-5
1.420873333E+9	2.188738000E-5
1.420876667E+9	2.178256000E-5
1.420880000E+9	2.127439000E-5
1.420883333E+9	2.460204000E-5
1.420886667E+9	2.398560000E-5
1.420890000E+9	2.174357000E-5
1.420893333E+9	2.240744000E-5
1.420896667E+9	2.450491000E-5
1.420900000E+9	2.745105000E-5
1.420903333E+9	2.128476000E-5
1.420906667E+9	2.172023000E-5
1.420910000E+9	2.156601000E-5
1.420913333E+9	3.060498000E-5
1.420916667E+9	2.537795000E-5
1.420920000E+9	2.191445000E-5
1.420923333E+9	2.191450000E-5
1.420926667E+9	2.243090000E-5
1.420930000E+9	2.144841000E-5
1.420933333E+9	2.135372000E-5
1.420936667E+9	2.217036000E-5
1.420940000E+9	2.223367000E-5
1.420943333E+9	2.196885000E-5
1.420946667E+9	2.237969000E-5
1.420950000E+9	2.162215000E-5
1.420953333E+9	2.140658000E-5
1.420956667E+9	2.191219000E-5
1.420960000E+9	2.275854000E-5
1.420963333E+9	2.212350000E-5
1.420966667E+9	2.162989000E-5
1.420970000E+9	2.188993000E-5
1.420973333E+9	2.125872000E-5
1.420976667E+9	2.210265000E-5
1.420980000E+9	2.151594000E-5
1.420983333E+9	2.138032000E-5
1.420986667E+9	2.144337000E-5
1.420990000E+9	2.196453000E-5
1.420993333E+9	2.185645000E-5
1.420996667E+9	2.109079000E-5
1.421000000E+9	2.160530000E-5
1.421003333E+9	2.202430000E-5
1.421006667E+9	2.189363000E-5
1.421010000E+9	2.171763000E-5
1.421013333E+9	2.188940000E-5
1.421016667E+9	2.169425000E-5
1.421020000E+9	2.167447000E-5
1.421023333E+9	2.214131000E-5
1.421026667E+9	2.262415000E-5
1.421030000E+9	2.372639000E-5
1.421033333E+9	2.205484000E-5
1.421036667E+9	2.160943000E-5
1.421040000E+9	2.170826000E-5
1.421043333E+9	2.200431000E-5
1.421046667E+9	2.191575000E-5
1.421050000E+9	2.147068000E-5
1.421053333E+9	2.188800000E-5
1.421056667E+9	2.182371000E-5
1.421060000E+9	2.134551000E-5
1.421063333E+9	2.159200000E-5
1.421066667E+9	2.188142000E-5
1.421070000E+9	2.148820000E-5
1.421073333E+9	2.170700000E-5
1.421076667E+9	2.218170000E-5
1.421080000E+9	2.190276000E-5
1.421083333E+9	2.139180000E-5
1.421086667E+9	2.132764000E-5
1.421090000E+9	2.162220000E-5
1.421093333E+9	2.260364000E-5
1.421096667E+9	2.449776000E-5
1.421100000E+9	2.206610000E-5
1.421103333E+9	2.293506000E-5
1.421106667E+9	2.201405000E-5
1.421110000E+9	2.198429000E-5
1.421113333E+9	2.179500000E-5
1.421116667E+9	2.152523000E-5
1.421120000E+9	2.163500000E-5
1.421123333E+9	2.155502000E-5
1.421126667E+9	2.188769000E-5
1.421130000E+9	2.201096000E-5
1.421133333E+9	2.212537000E-5
1.421136667E+9	2.211442000E-5
1.421140000E+9	2.150982000E-5
1.421143333E+9	2.196591000E-5
1.421146667E+9	2.127448000E-5
1.421150000E+9	2.148171000E-5
1.421153333E+9	2.181320000E-5
1.421156667E+9	2.203049000E-5
1.421160000E+9	2.213973000E-5
1.421163333E+9	2.541166000E-5
1.421166667E+9	2.286692000E-5
1.421170000E+9	2.201792000E-5
1.421173333E+9	2.180496000E-5
1.421176667E+9	2.361576000E-5
1.421180000E+9	2.591919000E-5
1.421183333E+9	2.164144000E-5
1.421186667E+9	2.186154000E-5
1.421190000E+9	2.301639000E-5
1.421193333E+9	2.337782000E-5
1.421196667E+9	2.193564000E-5
1.421200000E+9	2.231123000E-5
1.421203333E+9	2.235005000E-5
1.421206667E+9	2.550541000E-5
1.421210000E+9	2.307659000E-5
1.421213333E+9	2.215547000E-5
1.421216667E+9	2.254594000E-5
1.421220000E+9	2.226168000E-5
1.421223333E+9	2.278554000E-5
1.421226667E+9	2.273633000E-5
1.421230000E+9	2.584457000E-5
1.421233333E+9	2.410654000E-5
1.421236667E+9	2.222188000E-5
1.421240000E+9	2.222193000E-5
1.421243333E+9	2.222202000E-5
1.421246667E+9	2.195221000E-5
1.421250000E+9	2.167428000E-5
1.421253333E+9	2.259746000E-5
1.421256667E+9	2.254480000E-5
1.421260000E+9	2.204915000E-5
1.421263333E+9	2.280226000E-5
1.421266667E+9	2.305972000E-5
1.421270000E+9	2.261245000E-5
1.421273333E+9	2.282891000E-5
1.421276667E+9	2.346221000E-5
1.421280000E+9	2.345006000E-5
1.421283333E+9	2.306483000E-5
1.421286667E+9	2.298545000E-5
1.421290000E+9	2.369271000E-5
1.421293333E+9	2.437359000E-5
1.421296667E+9	2.795293000E-5
1.421300000E+9	2.908728000E-5
1.421303333E+9	2.434484000E-5
1.421306667E+9	2.314195000E-5
1.421310000E+9	2.340031000E-5
1.421313333E+9	2.463653000E-5
1.421316667E+9	2.353507000E-5
1.421320000E+9	2.318333000E-5
1.421323333E+9	2.431086000E-5
1.421326667E+9	2.386696000E-5
1.421330000E+9	2.444252000E-5
1.421333333E+9	2.445768000E-5
1.421336667E+9	2.461898000E-5
1.421340000E+9	2.583563000E-5
1.421343333E+9	3.013162000E-5
1.421346667E+9	2.833449000E-5
1.421350000E+9	2.588907000E-5
1.421353333E+9	2.538113000E-5
1.421356667E+9	2.526849000E-5
1.421360000E+9	2.575522000E-5
1.421363333E+9	3.362759000E-5
1.421366667E+9	4.494939000E-5
1.421370000E+9	2.899545000E-5
1.421373333E+9	2.514561000E-5
1.421376667E+9	2.415787000E-5
1.421380000E+9	2.465439000E-5
1.421383333E+9	2.447060000E-5
1.421386667E+9	2.453509000E-5
1.421390000E+9	2.438379000E-5
1.421393333E+9	2.411729000E-5
1.421396667E+9	2.454762000E-5
1.421400000E+9	2.497784000E-5
