Frequency, Hz	Amplitude, Volts
1.419400000E+9	2.143269000E-5
1.419403333E+9	2.187991000E-5
1.419406667E+9	2.223630000E-5
1.419410000E+9	2.202493000E-5
1.419413333E+9	2.192798000E-5
1.419416667E+9	2.202948000E-5
1.419420000E+9	2.164134000E-5
1.419423333E+9	2.142083000E-5
1.419426667E+9	2.188377000E-5
1.419430000E+9	2.188363000E-5
1.419433333E+9	2.265149000E-5
1.419436667E+9	2.173292000E-5
1.419440000E+9	2.151474000E-5
1.419443333E+9	2.131947000E-5
1.419446667E+9	2.273711000E-5
1.419450000E+9	2.551623000E-5
1.419453333E+9	2.224983000E-5
1.419456667E+9	2.195824000E-5
1.419460000E+9	2.196181000E-5
1.419463333E+9	2.210531000E-5
1.419466667E+9	2.150824000E-5
1.419470000E+9	2.146094000E-5
1.419473333E+9	2.234857000E-5
1.419476667E+9	2.244026000E-5
1.419480000E+9	2.212484000E-5
1.419483333E+9	2.199187000E-5
1.419486667E+9	2.167297000E-5
1.419490000E+9	2.212906000E-5
1.419493333E+9	2.184690000E-5
1.419496667E+9	2.174586000E-5
1.419500000E+9	2.182156000E-5
1.419503333E+9	2.187027000E-5
1.419506667E+9	2.156977000E-5
1.419510000E+9	2.170090000E-5
1.419513333E+9	2.173693000E-5
1.419516667E+9	2.149389000E-5
1.419520000E+9	2.187902000E-5
1.419523333E+9	2.146398000E-5
1.419526667E+9	2.189430000E-5
1.419530000E+9	2.147131000E-5
1.419533333E+9	2.157861000E-5
1.419536667E+9	2.196692000E-5
1.419540000E+9	2.260131000E-5
1.419543333E+9	2.214270000E-5
1.419546667E+9	2.204584000E-5
1.419550000E+9	2.145967000E-5
1.419553333E+9	2.190055000E-5
1.419556667E+9	2.170874000E-5
1.419560000E+9	2.167068000E-5
1.419563333E+9	2.182278000E-5
1.419566667E+9	2.156648000E-5
1.419570000E+9	2.174643000E-5
1.419573333E+9	2.199907000E-5
1.419576667E+9	2.139815000E-5
1.419580000E+9	2.160485000E-5
1.419583333E+9	2.143608000E-5
1.419586667E+9	2.172677000E-5
1.419590000E+9	2.171084000E-5
1.419593333E+9	2.195214000E-5
1.419596667E+9	2.193010000E-5
1.419600000E+9	2.175078000E-5
1.419603333E+9	2.171153000E-5
1.419606667E+9	2.125734000E-5
1.419610000E+9	2.174689000E-5
1.419613333E+9	2.190029000E-5
1.419616667E+9	2.184263000E-5
1.419620000E+9	2.188786000E-5
1.419623333E+9	2.156918000E-5
1.419626667E+9	2.209347000E-5
1.419630000E+9	2.195940000E-5
1.419633333E+9	2.189305000E-5
1.419636667E+9	2.158728000E-5
1.419640000E+9	2.196159000E-5
1.419643333E+9	2.201338000E-5
1.419646667E+9	2.227782000E-5
1.419650000E+9	2.190538000E-5
1.419653333E+9	2.174342000E-5
1.419656667E+9	2.177711000E-5
1.419660000E+9	2.170083000E-5
1.419663333E+9	2.167114000E-5
1.419666667E+9	2.210211000E-5
1.419670000E+9	2.223367000E-5
1.419673333E+9	2.187337000E-5
1.419676667E+9	2.213159000E-5
1.419680000E+9	2.232339000E-5
1.419683333E+9	2.145585000E-5
1.419686667E+9	2.145041000E-5
1.419690000E+9	2.232263000E-5
1.419693333E+9	2.181253000E-5
1.419696667E+9	2.119688000E-5
1.419700000E+9	2.158129000E-5
1.419703333E+9	2.139413000E-5
1.419706667E+9	2.229081000E-5
1.419710000E+9	2.158648000E-5
1.419713333E+9	2.153185000E-5
1.419716667E+9	2.187462000E-5
1.419720000E+9	2.227973000E-5
1.419723333E+9	2.198265000E-5
1.419726667E+9	2.241276000E-5
1.419730000E+9	2.201782000E-5
1.419733333E+9	2.163360000E-5
1.419736667E+9	2.162683000E-5
1.419740000E+9	2.413785000E-5
1.419743333E+9	2.530342000E-5
1.419746667E+9	2.212622000E-5
1.419750000E+9	2.223332000E-5
1.419753333E+9	2.211753000E-5
1.419756667E+9	2.203398000E-5
1.419760000E+9	2.163524000E-5
1.419763333E+9	2.167021000E-5
1.419766667E+9	2.166357000E-5
1.419770000E+9	2.170788000E-5
1.419773333E+9	2.163362000E-5
1.419776667E+9	2.128906000E-5
1.419780000E+9	2.104323000E-5
1.419783333E+9	2.193506000E-5
1.419786667E+9	2.176621000E-5
1.419790000E+9	2.275534000E-5
1.419793333E+9	2.180257000E-5
1.419796667E+9	2.194862000E-5
1.419800000E+9	2.170149000E-5
1.419803333E+9	2.176420000E-5
1.419806667E+9	2.189788000E-5
1.419810000E+9	2.162916000E-5
1.419813333E+9	2.201163000E-5
1.419816667E+9	2.167521000E-5
1.419820000E+9	2.201308000E-5
1.419823333E+9	2.151776000E-5
1.419826667E+9	2.149363000E-5
1.419830000E+9	2.187404000E-5
1.419833333E+9	2.197580000E-5
1.419836667E+9	2.167330000E-5
1.419840000E+9	2.172350000E-5
1.419843333E+9	2.159655000E-5
1.419846667E+9	2.153151000E-5
1.419850000E+9	2.132289000E-5
1.419853333E+9	2.167387000E-5
1.419856667E+9	2.169201000E-5
1.419860000E+9	2.178613000E-5
1.419863333E+9	2.180329000E-5
1.419866667E+9	2.171932000E-5
1.419870000E+9	2.234256000E-5
1.419873333E+9	2.172154000E-5
1.419876667E+9	2.178180000E-5
1.419880000E+9	2.254500000E-5
1.419883333E+9	2.197218000E-5
1.419886667E+9	2.135644000E-5
1.419890000E+9	2.164933000E-5
1.419893333E+9	2.154840000E-5
1.419896667E+9	2.130774000E-5
1.419900000E+9	2.191125000E-5
1.419903333E+9	2.188488000E-5
1.419906667E+9	2.198323000E-5
1.419910000E+9	2.148766000E-5
1.419913333E+9	2.183639000E-5
1.419916667E+9	2.165515000E-5
1.419920000E+9	2.148218000E-5
1.419923333E+9	2.145472000E-5
1.419926667E+9	2.138058000E-5
1.419930000E+9	2.184951000E-5
1.419933333E+9	2.170991000E-5
1.419936667E+9	2.177678000E-5
1.419940000E+9	2.223901000E-5
1.419943333E+9	2.172774000E-5
1.419946667E+9	2.214071000E-5
1.419950000E+9	2.216632000E-5
1.419953333E+9	2.187277000E-5
1.419956667E+9	2.154443000E-5
1.419960000E+9	2.178419000E-5
1.419963333E+9	2.201376000E-5
1.419966667E+9	2.166150000E-5
1.419970000E+9	2.134844000E-5
1.419973333E+9	2.139248000E-5
1.419976667E+9	2.154201000E-5
1.419980000E+9	2.154868000E-5
1.419983333E+9	2.144634000E-5
1.419986667E+9	2.116974000E-5
1.419990000E+9	2.096494000E-5
1.419993333E+9	2.210852000E-5
1.419996667E+9	2.158138000E-5
1.420000000E+9	2.235211000E-5
1.420003333E+9	2.282721000E-5
1.420006667E+9	2.201652000E-5
1.420010000E+9	2.180190000E-5
1.420013333E+9	2.238612000E-5
1.420016667E+9	2.239930000E-5
1.420020000E+9	2.227692000E-5
1.420023333E+9	2.182336000E-5
1.420026667E+9	2.191854000E-5
1.420030000E+9	2.157439000E-5
1.420033333E+9	2.308835000E-5
1.420036667E+9	2.355350000E-5
1.420040000E+9	2.193867000E-5
1.420043333E+9	2.188505000E-5
1.420046667E+9	2.190541000E-5
1.420050000E+9	2.183999000E-5
1.420053333E+9	2.189651000E-5
1.420056667E+9	2.150120000E-5
1.420060000E+9	2.195246000E-5
1.420063333E+9	2.169980000E-5
1.420066667E+9	2.181691000E-5
1.420070000E+9	2.187073000E-5
1.420073333E+9	2.164158000E-5
1.420076667E+9	2.149202000E-5
1.420080000E+9	2.180106000E-5
1.420083333E+9	2.280927000E-5
1.420086667E+9	2.203115000E-5
1.420090000E+9	2.187337000E-5
1.420093333E+9	2.180324000E-5
1.420096667E+9	2.214552000E-5
1.420100000E+9	2.133183000E-5
1.420103333E+9	2.172445000E-5
1.420106667E+9	2.193701000E-5
1.420110000E+9	2.149516000E-5
1.420113333E+9	2.166303000E-5
1.420116667E+9	2.136049000E-5
1.420120000E+9	2.139467000E-5
1.420123333E+9	2.190524000E-5
1.420126667E+9	2.154149000E-5
1.420130000E+9	2.183783000E-5
1.420133333E+9	2.191111000E-5
1.420136667E+9	2.171491000E-5
1.420140000E+9	2.178197000E-5
1.420143333E+9	2.146179000E-5
1.420146667E+9	2.218114000E-5
1.420150000E+9	2.230663000E-5
1.420153333E+9	2.245877000E-5
1.420156667E+9	2.126320000E-5
1.420160000E+9	2.192803000E-5
1.420163333E+9	2.183371000E-5
1.420166667E+9	2.185201000E-5
1.420170000E+9	2.217153000E-5
1.420173333E+9	2.198516000E-5
1.420176667E+9	2.174428000E-5
1.420180000E+9	2.236841000E-5
1.420183333E+9	2.213827000E-5
1.420186667E+9	2.164933000E-5
1.420190000E+9	2.163588000E-5
1.420193333E+9	2.189730000E-5
1.420196667E+9	2.202005000E-5
1.420200000E+9	2.202220000E-5
1.420203333E+9	2.181976000E-5
1.420206667E+9	2.205407000E-5
1.420210000E+9	2.160651000E-5
1.420213333E+9	2.164507000E-5
1.420216667E+9	2.237526000E-5
1.420220000E+9	2.246403000E-5
1.420223333E+9	2.171234000E-5
1.420226667E+9	2.199212000E-5
1.420230000E+9	2.249542000E-5
1.420233333E+9	2.172336000E-5
1.420236667E+9	2.184244000E-5
1.420240000E+9	2.138455000E-5
1.420243333E+9	2.183539000E-5
1.420246667E+9	2.150694000E-5
1.420250000E+9	2.233827000E-5
1.420253333E+9	2.185059000E-5
1.420256667E+9	2.167730000E-5
1.420260000E+9	2.154509000E-5
1.420263333E+9	2.165546000E-5
1.420266667E+9	2.187887000E-5
1.420270000E+9	2.191893000E-5
1.420273333E+9	2.132153000E-5
1.420276667E+9	2.152246000E-5
1.420280000E+9	2.184719000E-5
1.420283333E+9	2.166438000E-5
1.420286667E+9	2.320309000E-5
1.420290000E+9	2.208773000E-5
1.420293333E+9	2.217766000E-5
1.420296667E+9	2.213288000E-5
1.420300000E+9	2.189822000E-5
1.420303333E+9	2.211823000E-5
1.420306667E+9	2.251151000E-5
1.420310000E+9	2.208091000E-5
1.420313333E+9	2.215354000E-5
1.420316667E+9	2.187356000E-5
1.420320000E+9	2.219591000E-5
1.420323333E+9	2.171885000E-5
1.420326667E+9	2.303143000E-5
1.420330000E+9	2.322916000E-5
1.420333333E+9	2.187681000E-5
1.420336667E+9	2.158354000E-5
1.420340000E+9	2.185366000E-5
1.420343333E+9	2.179378000E-5
1.420346667E+9	2.199105000E-5
1.420350000E+9	2.250884000E-5
1.420353333E+9	2.390719000E-5
1.420356667E+9	2.214333000E-5
1.420360000E+9	2.176377000E-5
1.420363333E+9	2.168097000E-5
1.420366667E+9	2.205867000E-5
1.420370000E+9	2.216213000E-5
1.420373333E+9	2.202899000E-5
1.420376667E+9	2.205770000E-5
1.420380000E+9	2.215663000E-5
1.420383333E+9	2.253406000E-5
1.420386667E+9	2.218938000E-5
1.420390000E+9	2.190151000E-5
1.420393333E+9	2.224253000E-5
1.420396667E+9	2.171706000E-5
1.420400000E+9	2.192889000E-5
1.420403333E+9	2.193547000E-5
1.420406667E+9	2.171446000E-5
1.420410000E+9	2.182714000E-5
1.420413333E+9	2.245784000E-5
1.420416667E+9	2.218273000E-5
1.420420000E+9	2.303720000E-5
1.420423333E+9	2.280591000E-5
1.420426667E+9	2.271999000E-5
1.420430000E+9	2.192317000E-5
1.420433333E+9	2.166971000E-5
1.420436667E+9	2.194691000E-5
1.420440000E+9	2.185434000E-5
1.420443333E+9	2.153310000E-5
1.420446667E+9	2.214987000E-5
1.420450000E+9	2.210585000E-5
1.420453333E+9	2.210866000E-5
1.420456667E+9	2.188863000E-5
1.420460000E+9	2.191219000E-5
1.420463333E+9	2.193655000E-5
1.420466667E+9	2.191633000E-5
1.420470000E+9	2.204598000E-5
1.420473333E+9	2.164020000E-5
1.420476667E+9	2.187037000E-5
1.420480000E+9	2.195407000E-5
1.420483333E+9	2.222583000E-5
1.420486667E+9	2.236055000E-5
1.420490000E+9	2.305068000E-5
1.420493333E+9	2.177735000E-5
1.420496667E+9	2.175054000E-5
1.420500000E+9	2.181396000E-5
1.420503333E+9	2.163148000E-5
1.420506667E+9	2.187330000E-5
1.420510000E+9	2.176843000E-5
1.420513333E+9	2.201299000E-5
1.420516667E+9	2.209357000E-5
1.420520000E+9	2.191222000E-5
1.420523333E+9	2.208370000E-5
1.420526667E+9	2.163766000E-5
1.420530000E+9	2.145715000E-5
1.420533333E+9	2.207303000E-5
1.420536667E+9	2.171189000E-5
1.420540000E+9	2.199216000E-5
1.420543333E+9	2.198630000E-5
1.420546667E+9	2.235851000E-5
1.420550000E+9	2.173662000E-5
1.420553333E+9	2.232084000E-5
1.420556667E+9	2.357172000E-5
1.420560000E+9	2.133078000E-5
1.420563333E+9	2.165729000E-5
1.420566667E+9	2.209406000E-5
1.420570000E+9	2.136110000E-5
1.420573333E+9	2.144530000E-5
1.420576667E+9	2.216432000E-5
1.420580000E+9	2.158212000E-5
1.420583333E+9	2.207640000E-5
1.420586667E+9	2.205634000E-5
1.420590000E+9	2.176153000E-5
1.420593333E+9	2.198876000E-5
1.420596667E+9	2.201632000E-5
1.420600000E+9	2.181933000E-5
1.420603333E+9	2.209794000E-5
1.420606667E+9	2.230687000E-5
1.420610000E+9	2.207037000E-5
1.420613333E+9	2.202208000E-5
1.420616667E+9	2.197001000E-5
1.420620000E+9	2.459823000E-5
1.420623333E+9	2.576192000E-5
1.420626667E+9	2.270438000E-5
1.420630000E+9	2.210578000E-5
1.420633333E+9	2.190565000E-5
1.420636667E+9	2.196890000E-5
1.420640000E+9	2.257041000E-5
1.420643333E+9	2.212790000E-5
1.420646667E+9	2.273002000E-5
1.420650000E+9	2.214379000E-5
1.420653333E+9	2.236760000E-5
1.420656667E+9	2.168492000E-5
1.420660000E+9	2.157451000E-5
1.420663333E+9	2.192745000E-5
1.420666667E+9	2.201308000E-5
1.420670000E+9	2.202382000E-5
1.420673333E+9	2.169159000E-5
1.420676667E+9	2.227621000E-5
1.420680000E+9	2.203802000E-5
1.420683333E+9	2.166968000E-5
1.420686667E+9	2.234239000E-5
1.420690000E+9	2.411046000E-5
1.420693333E+9	2.311777000E-5
1.420696667E+9	2.165694000E-5
1.420700000E+9	2.176951000E-5
1.420703333E+9	2.171975000E-5
1.420706667E+9	2.174268000E-5
1.420710000E+9	2.150534000E-5
1.420713333E+9	2.195501000E-5
1.420716667E+9	2.197913000E-5
1.420720000E+9	2.200526000E-5
1.420723333E+9	2.196007000E-5
1.420726667E+9	2.204784000E-5
1.420730000E+9	2.156745000E-5
1.420733333E+9	2.182513000E-5
1.420736667E+9	2.243832000E-5
1.420740000E+9	2.163365000E-5
1.420743333E+9	2.139197000E-5
1.420746667E+9	2.180941000E-5
1.420750000E+9	2.194250000E-5
1.420753333E+9	2.211789000E-5
1.420756667E+9	2.341252000E-5
1.420760000E+9	2.474193000E-5
1.420763333E+9	2.196282000E-5
1.420766667E+9	2.246030000E-5
1.420770000E+9	2.159520000E-5
1.420773333E+9	2.126030000E-5
1.420776667E+9	2.196412000E-5
1.420780000E+9	2.152950000E-5
1.420783333E+9	2.173078000E-5
1.420786667E+9	2.168385000E-5
1.420790000E+9	2.197375000E-5
1.420793333E+9	2.205801000E-5
1.420796667E+9	2.292859000E-5
1.420800000E+9	2.206632000E-5
1.420803333E+9	2.203819000E-5
1.420806667E+9	2.209343000E-5
1.420810000E+9	2.237342000E-5
1.420813333E+9	2.250278000E-5
1.420816667E+9	2.233579000E-5
1.420820000E+9	2.225132000E-5
1.420823333E+9	2.295310000E-5
1.420826667E+9	2.419123000E-5
1.420830000E+9	2.186029000E-5
1.420833333E+9	2.215907000E-5
1.420836667E+9	2.203802000E-5
1.420840000E+9	2.175025000E-5
1.420843333E+9	2.219813000E-5
1.420846667E+9	2.384713000E-5
1.420850000E+9	2.252370000E-5
1.420853333E+9	2.225944000E-5
1.420856667E+9	2.183534000E-5
1.420860000E+9	2.170023000E-5
1.420863333E+9	2.209871000E-5
1.420866667E+9	2.226247000E-5
1.420870000E+9	2.241647000E-5
1.420873333E+9	2.225653000E-5
1.420876667E+9	2.230234000E-5
1.420880000E+9	2.163901000E-5
1.420883333E+9	2.378419000E-5
1.420886667E+9	2.340833000E-5
1.420890000E+9	2.254282000E-5
1.420893333E+9	2.488862000E-5
1.420896667E+9	2.352743000E-5
1.420900000E+9	2.405430000E-5
1.420903333E+9	2.223735000E-5
1.420906667E+9	2.210609000E-5
1.420910000E+9	2.239552000E-5
1.420913333E+9	2.954777000E-5
1.420916667E+9	2.480868000E-5
1.420920000E+9	2.231827000E-5
1.420923333E+9	2.227224000E-5
1.420926667E+9	2.271425000E-5
1.420930000E+9	2.216980000E-5
1.420933333E+9	2.165551000E-5
1.420936667E+9	2.192589000E-5
1.420940000E+9	2.227420000E-5
1.420943333E+9	2.235589000E-5
1.420946667E+9	2.278762000E-5
1.420950000E+9	2.220641000E-5
1.420953333E+9	2.211202000E-5
1.420956667E+9	2.225772000E-5
1.420960000E+9	2.515259000E-5
1.420963333E+9	2.381267000E-5
1.420966667E+9	2.250340000E-5
1.420970000E+9	2.204037000E-5
1.420973333E+9	2.213300000E-5
1.420976667E+9	2.218399000E-5
1.420980000E+9	2.222686000E-5
1.420983333E+9	2.212617000E-5
1.420986667E+9	2.238202000E-5
1.420990000E+9	2.227503000E-5
1.420993333E+9	2.213025000E-5
1.420996667E+9	2.196789000E-5
1.421000000E+9	2.209563000E-5
1.421003333E+9	2.264597000E-5
1.421006667E+9	2.242393000E-5
1.421010000E+9	2.214068000E-5
1.421013333E+9	2.246351000E-5
1.421016667E+9	2.228134000E-5
1.421020000E+9	2.223254000E-5
1.421023333E+9	2.249876000E-5
1.421026667E+9	2.462823000E-5
1.421030000E+9	2.651289000E-5
1.421033333E+9	2.242155000E-5
1.421036667E+9	2.247303000E-5
1.421040000E+9	2.210442000E-5
1.421043333E+9	2.245552000E-5
1.421046667E+9	2.226794000E-5
1.421050000E+9	2.225005000E-5
1.421053333E+9	2.213650000E-5
1.421056667E+9	2.232552000E-5
1.421060000E+9	2.225909000E-5
1.421063333E+9	2.174452000E-5
1.421066667E+9	2.242652000E-5
1.421070000E+9	2.228205000E-5
1.421073333E+9	2.227459000E-5
1.421076667E+9	2.258447000E-5
1.421080000E+9	2.222266000E-5
1.421083333E+9	2.223425000E-5
1.421086667E+9	2.194474000E-5
1.421090000E+9	2.246393000E-5
1.421093333E+9	2.485667000E-5
1.421096667E+9	2.970267000E-5
1.421100000E+9	2.379124000E-5
1.421103333E+9	2.321152000E-5
1.421106667E+9	2.277136000E-5
1.421110000E+9	2.247111000E-5
1.421113333E+9	2.275544000E-5
1.421116667E+9	2.225951000E-5
1.421120000E+9	2.183229000E-5
1.421123333E+9	2.220295000E-5
1.421126667E+9	2.252934000E-5
1.421130000E+9	2.257616000E-5
1.421133333E+9	2.262470000E-5
1.421136667E+9	2.186665000E-5
1.421140000E+9	2.240147000E-5
1.421143333E+9	2.250175000E-5
1.421146667E+9	2.251853000E-5
1.421150000E+9	2.226787000E-5
1.421153333E+9	2.273281000E-5
1.421156667E+9	2.232319000E-5
1.421160000E+9	2.354215000E-5
1.421163333E+9	3.045976000E-5
1.421166667E+9	2.503036000E-5
1.421170000E+9	2.374164000E-5
1.421173333E+9	2.313100000E-5
1.421176667E+9	2.363521000E-5
1.421180000E+9	2.445811000E-5
1.421183333E+9	2.265035000E-5
1.421186667E+9	2.313885000E-5
1.421190000E+9	2.295378000E-5
1.421193333E+9	2.291520000E-5
1.421196667E+9	2.344063000E-5
1.421200000E+9	2.302180000E-5
1.421203333E+9	2.304942000E-5
1.421206667E+9	2.606353000E-5
1.421210000E+9	2.408397000E-5
1.421213333E+9	2.325070000E-5
1.421216667E+9	2.349005000E-5
1.421220000E+9	2.365544000E-5
1.421223333E+9	2.425594000E-5
1.421226667E+9	2.423259000E-5
1.421230000E+9	3.020290000E-5
1.421233333E+9	2.796343000E-5
1.421236667E+9	2.355115000E-5
1.421240000E+9	2.323482000E-5
1.421243333E+9	2.396722000E-5
1.421246667E+9	2.348399000E-5
1.421250000E+9	2.321993000E-5
1.421253333E+9	2.373658000E-5
1.421256667E+9	2.393627000E-5
1.421260000E+9	2.499331000E-5
1.421263333E+9	2.507492000E-5
1.421266667E+9	2.498782000E-5
1.421270000E+9	2.466625000E-5
1.421273333E+9	2.536921000E-5
1.421276667E+9	2.510638000E-5
1.421280000E+9	2.500374000E-5
1.421283333E+9	2.576356000E-5
1.421286667E+9	2.444891000E-5
1.421290000E+9	2.574976000E-5
1.421293333E+9	2.627171000E-5
1.421296667E+9	3.469383000E-5
1.421300000E+9	3.682619000E-5
1.421303333E+9	2.714084000E-5
1.421306667E+9	2.602730000E-5
1.421310000E+9	2.614771000E-5
1.421313333E+9	2.691708000E-5
1.421316667E+9	2.619119000E-5
1.421320000E+9	2.605798000E-5
1.421323333E+9	2.631880000E-5
1.421326667E+9	2.668611000E-5
1.421330000E+9	2.713408000E-5
1.421333333E+9	2.643636000E-5
1.421336667E+9	2.763119000E-5
1.421340000E+9	2.799034000E-5
1.421343333E+9	2.984654000E-5
1.421346667E+9	2.926732000E-5
1.421350000E+9	2.841349000E-5
1.421353333E+9	2.811236000E-5
1.421356667E+9	2.940111000E-5
1.421360000E+9	3.037460000E-5
1.421363333E+9	4.388917000E-5
1.421366667E+9	5.935008000E-5
1.421370000E+9	3.645095000E-5
1.421373333E+9	2.885679000E-5
1.421376667E+9	2.797835000E-5
1.421380000E+9	2.808941000E-5
1.421383333E+9	2.758684000E-5
1.421386667E+9	2.781882000E-5
1.421390000E+9	2.818320000E-5
1.421393333E+9	2.745078000E-5
1.421396667E+9	2.771505000E-5
1.421400000E+9	2.749543000E-5
