Frequency, Hz	Amplitude, Volts
1.419400000E+9	2.266597000E-5
1.419403333E+9	2.251442000E-5
1.419406667E+9	2.227811000E-5
1.419410000E+9	2.166421000E-5
1.419413333E+9	2.223579000E-5
1.419416667E+9	2.225066000E-5
1.419420000E+9	2.222154000E-5
1.419423333E+9	2.193099000E-5
1.419426667E+9	2.163491000E-5
1.419430000E+9	2.204584000E-5
1.419433333E+9	2.212579000E-5
1.419436667E+9	2.244812000E-5
1.419440000E+9	2.232008000E-5
1.419443333E+9	2.285346000E-5
1.419446667E+9	2.209279000E-5
1.419450000E+9	2.193390000E-5
1.419453333E+9	2.254287000E-5
1.419456667E+9	2.214479000E-5
1.419460000E+9	2.218741000E-5
1.419463333E+9	2.145849000E-5
1.419466667E+9	2.192297000E-5
1.419470000E+9	2.210456000E-5
1.419473333E+9	2.198825000E-5
1.419476667E+9	2.209808000E-5
1.419480000E+9	2.184908000E-5
1.419483333E+9	2.178199000E-5
1.419486667E+9	2.173276000E-5
1.419490000E+9	2.267075000E-5
1.419493333E+9	2.145096000E-5
1.419496667E+9	2.170950000E-5
1.419500000E+9	2.189228000E-5
1.419503333E+9	2.162220000E-5
1.419506667E+9	2.205961000E-5
1.419510000E+9	2.202520000E-5
1.419513333E+9	2.202781000E-5
1.419516667E+9	2.171694000E-5
1.419520000E+9	2.208482000E-5
1.419523333E+9	2.211444000E-5
1.419526667E+9	2.218455000E-5
1.419530000E+9	2.210012000E-5
1.419533333E+9	2.182180000E-5
1.419536667E+9	2.228506000E-5
1.419540000E+9	2.217367000E-5
1.419543333E+9	2.201939000E-5
1.419546667E+9	2.206484000E-5
1.419550000E+9	2.194094000E-5
1.419553333E+9	2.217499000E-5
1.419556667E+9	2.183184000E-5
1.419560000E+9	2.216493000E-5
1.419563333E+9	2.171899000E-5
1.419566667E+9	2.184292000E-5
1.419570000E+9	2.148523000E-5
1.419573333E+9	2.212064000E-5
1.419576667E+9	2.175512000E-5
1.419580000E+9	2.198695000E-5
1.419583333E+9	2.289563000E-5
1.419586667E+9	2.193617000E-5
1.419590000E+9	2.191729000E-5
1.419593333E+9	2.167673000E-5
1.419596667E+9	2.147021000E-5
1.419600000E+9	2.192302000E-5
1.419603333E+9	2.168349000E-5
1.419606667E+9	2.206429000E-5
1.419610000E+9	2.227611000E-5
1.419613333E+9	2.154476000E-5
1.419616667E+9	2.220673000E-5
1.419620000E+9	2.173011000E-5
1.419623333E+9	2.207849000E-5
1.419626667E+9	2.174471000E-5
1.419630000E+9	2.258161000E-5
1.419633333E+9	2.194424000E-5
1.419636667E+9	2.265987000E-5
1.419640000E+9	2.192625000E-5
1.419643333E+9	2.123938000E-5
1.419646667E+9	2.106742000E-5
1.419650000E+9	2.165057000E-5
1.419653333E+9	2.183014000E-5
1.419656667E+9	2.168011000E-5
1.419660000E+9	2.163483000E-5
1.419663333E+9	2.173526000E-5
1.419666667E+9	2.154431000E-5
1.419670000E+9	2.211252000E-5
1.419673333E+9	2.204397000E-5
1.419676667E+9	2.225061000E-5
1.419680000E+9	2.193193000E-5
1.419683333E+9	2.195221000E-5
1.419686667E+9	2.179242000E-5
1.419690000E+9	2.169268000E-5
1.419693333E+9	2.187565000E-5
1.419696667E+9	2.167961000E-5
1.419700000E+9	2.190796000E-5
1.419703333E+9	2.139133000E-5
1.419706667E+9	2.163331000E-5
1.419710000E+9	2.213171000E-5
1.419713333E+9	2.218300000E-5
1.419716667E+9	2.249115000E-5
1.419720000E+9	2.175443000E-5
1.419723333E+9	2.153180000E-5
1.419726667E+9	2.215753000E-5
1.419730000E+9	2.202875000E-5
1.419733333E+9	2.273603000E-5
1.419736667E+9	2.172133000E-5
1.419740000E+9	2.107079000E-5
1.419743333E+9	2.161133000E-5
1.419746667E+9	2.235913000E-5
1.419750000E+9	2.186250000E-5
1.419753333E+9	2.234364000E-5
1.419756667E+9	2.199965000E-5
1.419760000E+9	2.182865000E-5
1.419763333E+9	2.169001000E-5
1.419766667E+9	2.196316000E-5
1.419770000E+9	2.249110000E-5
1.419773333E+9	2.159869000E-5
1.419776667E+9	2.145371000E-5
1.419780000E+9	2.139309000E-5
1.419783333E+9	2.192389000E-5
1.419786667E+9	2.181890000E-5
1.419790000E+9	2.213200000E-5
1.419793333E+9	2.252530000E-5
1.419796667E+9	2.228286000E-5
1.419800000E+9	2.136619000E-5
1.419803333E+9	2.163030000E-5
1.419806667E+9	2.164253000E-5
1.419810000E+9	2.202162000E-5
1.419813333E+9	2.181200000E-5
1.419816667E+9	2.183649000E-5
1.419820000E+9	2.114189000E-5
1.419823333E+9	2.168506000E-5
1.419826667E+9	2.137222000E-5
1.419830000E+9	2.184944000E-5
1.419833333E+9	2.172987000E-5
1.419836667E+9	2.164688000E-5
1.419840000E+9	2.156324000E-5
1.419843333E+9	2.148216000E-5
1.419846667E+9	2.145070000E-5
1.419850000E+9	2.153478000E-5
1.419853333E+9	2.150359000E-5
1.419856667E+9	2.156061000E-5
1.419860000E+9	2.188841000E-5
1.419863333E+9	2.233030000E-5
1.419866667E+9	2.179448000E-5
1.419870000E+9	2.219218000E-5
1.419873333E+9	2.182302000E-5
1.419876667E+9	2.179204000E-5
1.419880000E+9	2.172677000E-5
1.419883333E+9	2.130830000E-5
1.419886667E+9	2.144283000E-5
1.419890000E+9	2.136624000E-5
1.419893333E+9	2.146780000E-5
1.419896667E+9	2.147756000E-5
1.419900000E+9	2.169475000E-5
1.419903333E+9	2.102563000E-5
1.419906667E+9	2.130421000E-5
1.419910000E+9	2.226973000E-5
1.419913333E+9	2.161221000E-5
1.419916667E+9	2.155514000E-5
1.419920000E+9	2.161994000E-5
1.419923333E+9	2.189507000E-5
1.419926667E+9	2.163764000E-5
1.419930000E+9	2.153761000E-5
1.419933333E+9	2.165969000E-5
1.419936667E+9	2.153336000E-5
1.419940000E+9	2.127513000E-5
1.419943333E+9	2.187810000E-5
1.419946667E+9	2.154182000E-5
1.419950000E+9	2.210160000E-5
1.419953333E+9	2.185796000E-5
1.419956667E+9	2.179747000E-5
1.419960000E+9	2.156376000E-5
1.419963333E+9	2.137028000E-5
1.419966667E+9	2.150415000E-5
1.419970000E+9	2.096646000E-5
1.419973333E+9	2.167973000E-5
1.419976667E+9	2.173452000E-5
1.419980000E+9	2.144935000E-5
1.419983333E+9	2.177668000E-5
1.419986667E+9	2.178558000E-5
1.419990000E+9	2.201930000E-5
1.419993333E+9	2.134755000E-5
1.419996667E+9	2.144337000E-5
1.420000000E+9	2.309017000E-5
1.420003333E+9	2.289790000E-5
1.420006667E+9	2.153419000E-5
1.420010000E+9	2.147546000E-5
1.420013333E+9	2.134085000E-5
1.420016667E+9	2.174758000E-5
1.420020000E+9	2.146926000E-5
1.420023333E+9	2.165161000E-5
1.420026667E+9	2.206719000E-5
1.420030000E+9	2.208794000E-5
1.420033333E+9	2.130075000E-5
1.420036667E+9	2.143045000E-5
1.420040000E+9	2.220771000E-5
1.420043333E+9	2.154939000E-5
1.420046667E+9	2.220944000E-5
1.420050000E+9	2.262420000E-5
1.420053333E+9	2.134528000E-5
1.420056667E+9	2.106145000E-5
1.420060000E+9	2.130676000E-5
1.420063333E+9	2.178732000E-5
1.420066667E+9	2.141601000E-5
1.420070000E+9	2.141895000E-5
1.420073333E+9	2.159892000E-5
1.420076667E+9	2.148608000E-5
1.420080000E+9	2.111980000E-5
1.420083333E+9	2.129507000E-5
1.420086667E+9	2.142346000E-5
1.420090000E+9	2.093931000E-5
1.420093333E+9	2.193292000E-5
1.420096667E+9	2.229701000E-5
1.420100000E+9	2.178275000E-5
1.420103333E+9	2.109804000E-5
1.420106667E+9	2.110779000E-5
1.420110000E+9	2.154771000E-5
1.420113333E+9	2.167275000E-5
1.420116667E+9	2.128943000E-5
1.420120000E+9	2.126586000E-5
1.420123333E+9	2.197703000E-5
1.420126667E+9	2.114314000E-5
1.420130000E+9	2.119232000E-5
1.420133333E+9	2.167828000E-5
1.420136667E+9	2.122012000E-5
1.420140000E+9	2.139558000E-5
1.420143333E+9	2.179089000E-5
1.420146667E+9	2.151356000E-5
1.420150000E+9	2.144446000E-5
1.420153333E+9	2.108574000E-5
1.420156667E+9	2.060223000E-5
1.420160000E+9	2.137872000E-5
1.420163333E+9	2.142650000E-5
1.420166667E+9	2.097696000E-5
1.420170000E+9	2.133623000E-5
1.420173333E+9	2.142149000E-5
1.420176667E+9	2.125099000E-5
1.420180000E+9	2.132326000E-5
1.420183333E+9	2.137375000E-5
1.420186667E+9	2.189420000E-5
1.420190000E+9	2.176420000E-5
1.420193333E+9	2.102783000E-5
1.420196667E+9	2.161570000E-5
1.420200000E+9	2.104862000E-5
1.420203333E+9	2.115236000E-5
1.420206667E+9	2.130234000E-5
1.420210000E+9	2.144497000E-5
1.420213333E+9	2.108472000E-5
1.420216667E+9	2.161854000E-5
1.420220000E+9	2.108151000E-5
1.420223333E+9	2.162400000E-5
1.420226667E+9	2.165078000E-5
1.420230000E+9	2.162329000E-5
1.420233333E+9	2.163883000E-5
1.420236667E+9	2.174634000E-5
1.420240000E+9	2.146130000E-5
1.420243333E+9	2.125057000E-5
1.420246667E+9	2.150316000E-5
1.420250000E+9	2.121018000E-5
1.420253333E+9	2.107979000E-5
1.420256667E+9	2.137117000E-5
1.420260000E+9	2.123070000E-5
1.420263333E+9	2.184551000E-5
1.420266667E+9	2.176944000E-5
1.420270000E+9	2.142716000E-5
1.420273333E+9	2.123254000E-5
1.420276667E+9	2.165190000E-5
1.420280000E+9	2.149452000E-5
1.420283333E+9	2.176033000E-5
1.420286667E+9	2.110302000E-5
1.420290000E+9	2.163714000E-5
1.420293333E+9	2.148301000E-5
1.420296667E+9	2.087524000E-5
1.420300000E+9	2.127642000E-5
1.420303333E+9	2.192567000E-5
1.420306667E+9	2.119730000E-5
1.420310000E+9	2.161311000E-5
1.420313333E+9	2.168911000E-5
1.420316667E+9	2.101989000E-5
1.420320000E+9	2.155514000E-5
1.420323333E+9	2.133324000E-5
1.420326667E+9	2.184685000E-5
1.420330000E+9	2.173137000E-5
1.420333333E+9	2.168711000E-5
1.420336667E+9	2.145013000E-5
1.420340000E+9	2.166959000E-5
1.420343333E+9	2.153140000E-5
1.420346667E+9	2.114226000E-5
1.420350000E+9	2.187721000E-5
1.420353333E+9	2.172042000E-5
1.420356667E+9	2.118232000E-5
1.420360000E+9	2.163583000E-5
1.420363333E+9	2.139178000E-5
1.420366667E+9	2.128948000E-5
1.420370000E+9	2.167556000E-5
1.420373333E+9	2.131731000E-5
1.420376667E+9	2.120726000E-5
1.420380000E+9	2.137729000E-5
1.420383333E+9	2.106802000E-5
1.420386667E+9	2.111271000E-5
1.420390000E+9	2.126976000E-5
1.420393333E+9	2.138438000E-5
1.420396667E+9	2.133370000E-5
1.420400000E+9	2.141853000E-5
1.420403333E+9	2.155131000E-5
1.420406667E+9	2.158605000E-5
1.420410000E+9	2.153296000E-5
1.420413333E+9	2.117681000E-5
1.420416667E+9	2.103014000E-5
1.420420000E+9	2.140813000E-5
1.420423333E+9	2.127929000E-5
1.420426667E+9	2.112372000E-5
1.420430000E+9	2.149216000E-5
1.420433333E+9	2.148763000E-5
1.420436667E+9	2.141387000E-5
1.420440000E+9	2.105722000E-5
1.420443333E+9	2.121318000E-5
1.420446667E+9	2.113075000E-5
1.420450000E+9	2.129801000E-5
1.420453333E+9	2.145430000E-5
1.420456667E+9	2.182412000E-5
1.420460000E+9	2.145633000E-5
1.420463333E+9	2.162258000E-5
1.420466667E+9	2.168089000E-5
1.420470000E+9	2.146278000E-5
1.420473333E+9	2.095587000E-5
1.420476667E+9	2.153882000E-5
1.420480000E+9	2.125963000E-5
1.420483333E+9	2.132045000E-5
1.420486667E+9	2.129579000E-5
1.420490000E+9	2.166633000E-5
1.420493333E+9	2.136981000E-5
1.420496667E+9	2.142650000E-5
1.420500000E+9	2.165256000E-5
1.420503333E+9	2.102259000E-5
1.420506667E+9	2.110179000E-5
1.420510000E+9	2.141688000E-5
1.420513333E+9	2.141824000E-5
1.420516667E+9	2.144156000E-5
1.420520000E+9	2.121777000E-5
1.420523333E+9	2.130152000E-5
1.420526667E+9	2.139387000E-5
1.420530000E+9	2.134127000E-5
1.420533333E+9	2.147586000E-5
1.420536667E+9	2.198569000E-5
1.420540000E+9	2.159190000E-5
1.420543333E+9	2.094407000E-5
1.420546667E+9	2.156525000E-5
1.420550000E+9	2.117223000E-5
1.420553333E+9	2.121653000E-5
1.420556667E+9	2.134216000E-5
1.420560000E+9	2.144271000E-5
1.420563333E+9	2.099168000E-5
1.420566667E+9	2.141904000E-5
1.420570000E+9	2.108116000E-5
1.420573333E+9	2.121358000E-5
1.420576667E+9	2.171100000E-5
1.420580000E+9	2.119183000E-5
1.420583333E+9	2.134875000E-5
1.420586667E+9	2.102880000E-5
1.420590000E+9	2.165444000E-5
1.420593333E+9	2.102937000E-5
1.420596667E+9	2.109306000E-5
1.420600000E+9	2.105988000E-5
1.420603333E+9	2.150423000E-5
1.420606667E+9	2.163065000E-5
1.420610000E+9	2.161525000E-5
1.420613333E+9	2.142883000E-5
1.420616667E+9	2.152976000E-5
1.420620000E+9	2.171224000E-5
1.420623333E+9	2.145392000E-5
1.420626667E+9	2.230357000E-5
1.420630000E+9	2.140343000E-5
1.420633333E+9	2.122050000E-5
1.420636667E+9	2.133054000E-5
1.420640000E+9	2.102522000E-5
1.420643333E+9	2.106927000E-5
1.420646667E+9	2.082975000E-5
1.420650000E+9	2.123541000E-5
1.420653333E+9	2.093329000E-5
1.420656667E+9	2.158323000E-5
1.420660000E+9	2.096427000E-5
1.420663333E+9	2.062837000E-5
1.420666667E+9	2.158003000E-5
1.420670000E+9	2.118232000E-5
1.420673333E+9	2.083243000E-5
1.420676667E+9	2.122846000E-5
1.420680000E+9	2.145114000E-5
1.420683333E+9	2.146688000E-5
1.420686667E+9	2.081697000E-5
1.420690000E+9	2.090708000E-5
1.420693333E+9	2.116256000E-5
1.420696667E+9	2.073212000E-5
1.420700000E+9	2.113412000E-5
1.420703333E+9	2.134207000E-5
1.420706667E+9	2.117613000E-5
1.420710000E+9	2.138887000E-5
1.420713333E+9	2.053060000E-5
1.420716667E+9	2.099131000E-5
1.420720000E+9	2.129137000E-5
1.420723333E+9	2.158766000E-5
1.420726667E+9	2.157056000E-5
1.420730000E+9	2.113249000E-5
1.420733333E+9	2.152352000E-5
1.420736667E+9	2.106344000E-5
1.420740000E+9	2.125239000E-5
1.420743333E+9	2.112198000E-5
1.420746667E+9	2.110033000E-5
1.420750000E+9	2.094817000E-5
1.420753333E+9	2.106642000E-5
1.420756667E+9	2.089024000E-5
1.420760000E+9	2.118895000E-5
1.420763333E+9	2.143986000E-5
1.420766667E+9	2.070155000E-5
1.420770000E+9	2.134528000E-5
1.420773333E+9	2.158209000E-5
1.420776667E+9	2.110158000E-5
1.420780000E+9	2.095047000E-5
1.420783333E+9	2.087733000E-5
1.420786667E+9	2.125440000E-5
1.420790000E+9	2.109468000E-5
1.420793333E+9	2.125025000E-5
1.420796667E+9	2.117527000E-5
1.420800000E+9	2.160896000E-5
1.420803333E+9	2.166569000E-5
1.420806667E+9	2.102487000E-5
1.420810000E+9	2.104055000E-5
1.420813333E+9	2.163006000E-5
1.420816667E+9	2.079637000E-5
1.420820000E+9	2.131371000E-5
1.420823333E+9	2.091535000E-5
1.420826667E+9	2.064623000E-5
1.420830000E+9	2.106300000E-5
1.420833333E+9	2.102568000E-5
1.420836667E+9	2.025839000E-5
1.420840000E+9	2.091907000E-5
1.420843333E+9	2.108315000E-5
1.420846667E+9	2.074615000E-5
1.420850000E+9	2.164629000E-5
1.420853333E+9	2.128752000E-5
1.420856667E+9	2.087861000E-5
1.420860000E+9	2.092339000E-5
1.420863333E+9	2.061425000E-5
1.420866667E+9	2.108398000E-5
1.420870000E+9	2.099620000E-5
1.420873333E+9	2.073164000E-5
1.420876667E+9	2.068097000E-5
1.420880000E+9	2.109288000E-5
1.420883333E+9	2.179481000E-5
1.420886667E+9	2.153870000E-5
1.420890000E+9	2.147320000E-5
1.420893333E+9	2.104933000E-5
1.420896667E+9	2.115650000E-5
1.420900000E+9	2.156923000E-5
1.420903333E+9	2.108678000E-5
1.420906667E+9	2.087366000E-5
1.420910000E+9	2.096839000E-5
1.420913333E+9	2.198463000E-5
1.420916667E+9	2.228780000E-5
1.420920000E+9	2.423728000E-5
1.420923333E+9	2.083252000E-5
1.420926667E+9	2.129951000E-5
1.420930000E+9	2.124059000E-5
1.420933333E+9	2.116872000E-5
1.420936667E+9	2.102021000E-5
1.420940000E+9	2.097256000E-5
1.420943333E+9	2.125804000E-5
1.420946667E+9	2.069857000E-5
1.420950000E+9	2.100316000E-5
1.420953333E+9	2.075089000E-5
1.420956667E+9	2.086793000E-5
1.420960000E+9	2.094913000E-5
1.420963333E+9	2.090098000E-5
1.420966667E+9	2.103312000E-5
1.420970000E+9	2.057843000E-5
1.420973333E+9	2.150829000E-5
1.420976667E+9	2.118185000E-5
1.420980000E+9	2.122199000E-5
1.420983333E+9	2.126495000E-5
1.420986667E+9	2.111540000E-5
1.420990000E+9	2.072177000E-5
1.420993333E+9	2.136631000E-5
1.420996667E+9	2.119479000E-5
1.421000000E+9	2.112579000E-5
1.421003333E+9	2.110404000E-5
1.421006667E+9	2.119679000E-5
1.421010000E+9	2.072047000E-5
1.421013333E+9	2.105028000E-5
1.421016667E+9	2.065637000E-5
1.421020000E+9	2.084833000E-5
1.421023333E+9	2.064823000E-5
1.421026667E+9	2.086450000E-5
1.421030000E+9	2.058010000E-5
1.421033333E+9	2.107139000E-5
1.421036667E+9	2.118495000E-5
1.421040000E+9	2.062489000E-5
1.421043333E+9	2.102804000E-5
1.421046667E+9	2.117546000E-5
1.421050000E+9	2.103212000E-5
1.421053333E+9	2.123068000E-5
1.421056667E+9	2.095792000E-5
1.421060000E+9	2.111489000E-5
1.421063333E+9	2.108822000E-5
1.421066667E+9	2.122294000E-5
1.421070000E+9	2.100694000E-5
1.421073333E+9	2.106991000E-5
1.421076667E+9	2.100577000E-5
1.421080000E+9	2.122110000E-5
1.421083333E+9	2.136793000E-5
1.421086667E+9	2.160611000E-5
1.421090000E+9	2.101786000E-5
1.421093333E+9	2.142746000E-5
1.421096667E+9	2.142198000E-5
1.421100000E+9	2.107417000E-5
1.421103333E+9	2.087871000E-5
1.421106667E+9	2.086413000E-5
1.421110000E+9	2.061490000E-5
1.421113333E+9	2.080893000E-5
1.421116667E+9	2.084947000E-5
1.421120000E+9	2.101163000E-5
1.421123333E+9	2.174366000E-5
1.421126667E+9	2.136805000E-5
1.421130000E+9	2.115828000E-5
1.421133333E+9	2.047266000E-5
1.421136667E+9	2.124399000E-5
1.421140000E+9	2.116749000E-5
1.421143333E+9	2.101428000E-5
1.421146667E+9	2.049367000E-5
1.421150000E+9	2.059289000E-5
1.421153333E+9	2.082994000E-5
1.421156667E+9	2.086525000E-5
1.421160000E+9	2.108669000E-5
1.421163333E+9	2.112968000E-5
1.421166667E+9	2.104374000E-5
1.421170000E+9	2.077779000E-5
1.421173333E+9	2.078673000E-5
1.421176667E+9	2.114797000E-5
1.421180000E+9	2.136427000E-5
1.421183333E+9	2.073014000E-5
1.421186667E+9	2.113873000E-5
1.421190000E+9	2.108093000E-5
1.421193333E+9	2.114672000E-5
1.421196667E+9	2.084426000E-5
1.421200000E+9	2.098965000E-5
1.421203333E+9	2.116921000E-5
1.421206667E+9	2.142506000E-5
1.421210000E+9	2.146632000E-5
1.421213333E+9	2.195667000E-5
1.421216667E+9	2.166157000E-5
1.421220000E+9	2.107153000E-5
1.421223333E+9	2.103580000E-5
1.421226667E+9	2.050898000E-5
1.421230000E+9	2.114013000E-5
1.421233333E+9	2.074177000E-5
1.421236667E+9	2.104175000E-5
1.421240000E+9	2.104231000E-5
1.421243333E+9	2.056747000E-5
1.421246667E+9	2.078623000E-5
1.421250000E+9	2.096496000E-5
1.421253333E+9	2.095475000E-5
1.421256667E+9	2.058848000E-5
1.421260000E+9	2.161033000E-5
1.421263333E+9	2.088304000E-5
1.421266667E+9	2.072775000E-5
1.421270000E+9	2.081322000E-5
1.421273333E+9	2.093906000E-5
1.421276667E+9	2.078979000E-5
1.421280000E+9	2.163977000E-5
1.421283333E+9	2.116375000E-5
1.421286667E+9	2.078892000E-5
1.421290000E+9	2.045862000E-5
1.421293333E+9	2.106290000E-5
1.421296667E+9	2.127616000E-5
1.421300000E+9	2.108334000E-5
1.421303333E+9	2.094734000E-5
1.421306667E+9	2.099143000E-5
1.421310000E+9	2.079550000E-5
1.421313333E+9	2.063655000E-5
1.421316667E+9	2.098947000E-5
1.421320000E+9	2.148737000E-5
1.421323333E+9	2.099244000E-5
1.421326667E+9	2.076442000E-5
1.421330000E+9	2.076803000E-5
1.421333333E+9	2.118032000E-5
1.421336667E+9	2.118748000E-5
1.421340000E+9	2.074854000E-5
1.421343333E+9	2.125214000E-5
1.421346667E+9	2.135787000E-5
1.421350000E+9	2.147197000E-5
1.421353333E+9	2.105250000E-5
1.421356667E+9	2.128086000E-5
1.421360000E+9	2.157143000E-5
1.421363333E+9	2.127702000E-5
1.421366667E+9	2.304714000E-5
1.421370000E+9	2.109934000E-5
1.421373333E+9	2.111067000E-5
1.421376667E+9	2.104164000E-5
1.421380000E+9	2.073150000E-5
1.421383333E+9	2.092472000E-5
1.421386667E+9	2.116237000E-5
1.421390000E+9	2.059316000E-5
1.421393333E+9	2.111755000E-5
1.421396667E+9	2.071724000E-5
1.421400000E+9	2.152211000E-5
