Frequency, Hz	Amplitude, Volts
1.419400000E+9	2.504383000E-5
1.419403333E+9	2.505703000E-5
1.419406667E+9	2.489094000E-5
1.419410000E+9	2.482378000E-5
1.419413333E+9	2.456442000E-5
1.419416667E+9	2.484507000E-5
1.419420000E+9	2.482626000E-5
1.419423333E+9	2.458673000E-5
1.419426667E+9	2.461274000E-5
1.419430000E+9	2.394844000E-5
1.419433333E+9	2.519494000E-5
1.419436667E+9	2.460399000E-5
1.419440000E+9	2.500108000E-5
1.419443333E+9	2.545335000E-5
1.419446667E+9	2.504022000E-5
1.419450000E+9	2.613750000E-5
1.419453333E+9	2.626967000E-5
1.419456667E+9	2.637301000E-5
1.419460000E+9	2.486437000E-5
1.419463333E+9	2.501926000E-5
1.419466667E+9	2.480803000E-5
1.419470000E+9	2.425530000E-5
1.419473333E+9	2.414824000E-5
1.419476667E+9	2.437862000E-5
1.419480000E+9	2.513007000E-5
1.419483333E+9	2.472504000E-5
1.419486667E+9	2.453156000E-5
1.419490000E+9	2.601801000E-5
1.419493333E+9	2.480487000E-5
1.419496667E+9	2.495859000E-5
1.419500000E+9	2.521893000E-5
1.419503333E+9	2.523023000E-5
1.419506667E+9	2.522453000E-5
1.419510000E+9	2.555643000E-5
1.419513333E+9	2.460753000E-5
1.419516667E+9	2.479390000E-5
1.419520000E+9	2.511699000E-5
1.419523333E+9	2.451164000E-5
1.419526667E+9	2.457580000E-5
1.419530000E+9	2.531036000E-5
1.419533333E+9	2.525462000E-5
1.419536667E+9	2.519555000E-5
1.419540000E+9	2.565359000E-5
1.419543333E+9	2.496523000E-5
1.419546667E+9	2.445736000E-5
1.419550000E+9	2.513937000E-5
1.419553333E+9	2.489442000E-5
1.419556667E+9	2.418456000E-5
1.419560000E+9	2.495854000E-5
1.419563333E+9	2.498922000E-5
1.419566667E+9	2.477314000E-5
1.419570000E+9	2.533872000E-5
1.419573333E+9	2.555772000E-5
1.419576667E+9	2.493008000E-5
1.419580000E+9	2.460442000E-5
1.419583333E+9	2.481966000E-5
1.419586667E+9	2.521024000E-5
1.419590000E+9	2.528597000E-5
1.419593333E+9	2.511674000E-5
1.419596667E+9	2.507580000E-5
1.419600000E+9	2.480748000E-5
1.419603333E+9	2.463415000E-5
1.419606667E+9	2.505004000E-5
1.419610000E+9	2.501286000E-5
1.419613333E+9	2.446784000E-5
1.419616667E+9	2.517157000E-5
1.419620000E+9	2.460474000E-5
1.419623333E+9	2.511937000E-5
1.419626667E+9	2.509004000E-5
1.419630000E+9	2.524672000E-5
1.419633333E+9	2.535397000E-5
1.419636667E+9	2.538052000E-5
1.419640000E+9	2.521298000E-5
1.419643333E+9	2.556328000E-5
1.419646667E+9	2.505670000E-5
1.419650000E+9	2.469240000E-5
1.419653333E+9	2.474530000E-5
1.419656667E+9	2.500698000E-5
1.419660000E+9	2.490349000E-5
1.419663333E+9	2.526283000E-5
1.419666667E+9	2.497677000E-5
1.419670000E+9	2.439996000E-5
1.419673333E+9	2.476014000E-5
1.419676667E+9	2.590286000E-5
1.419680000E+9	2.546691000E-5
1.419683333E+9	2.483051000E-5
1.419686667E+9	2.496898000E-5
1.419690000E+9	2.511752000E-5
1.419693333E+9	2.520354000E-5
1.419696667E+9	2.550794000E-5
1.419700000E+9	2.493378000E-5
1.419703333E+9	2.433313000E-5
1.419706667E+9	2.433776000E-5
1.419710000E+9	2.463935000E-5
1.419713333E+9	2.451350000E-5
1.419716667E+9	2.533939000E-5
1.419720000E+9	2.479068000E-5
1.419723333E+9	2.511327000E-5
1.419726667E+9	2.520385000E-5
1.419730000E+9	2.532034000E-5
1.419733333E+9	3.064083000E-5
1.419736667E+9	2.588546000E-5
1.419740000E+9	2.497691000E-5
1.419743333E+9	2.608689000E-5
1.419746667E+9	2.698277000E-5
1.419750000E+9	2.570366000E-5
1.419753333E+9	2.556957000E-5
1.419756667E+9	2.517417000E-5
1.419760000E+9	2.467741000E-5
1.419763333E+9	2.486109000E-5
1.419766667E+9	2.460185000E-5
1.419770000E+9	2.493769000E-5
1.419773333E+9	2.464075000E-5
1.419776667E+9	2.484000000E-5
1.419780000E+9	2.461871000E-5
1.419783333E+9	2.470395000E-5
1.419786667E+9	2.429301000E-5
1.419790000E+9	2.512254000E-5
1.419793333E+9	2.581952000E-5
1.419796667E+9	2.470995000E-5
1.419800000E+9	2.463870000E-5
1.419803333E+9	2.505730000E-5
1.419806667E+9	2.434193000E-5
1.419810000E+9	2.469270000E-5
1.419813333E+9	2.468058000E-5
1.419816667E+9	2.542419000E-5
1.419820000E+9	2.505048000E-5
1.419823333E+9	2.481146000E-5
1.419826667E+9	2.453342000E-5
1.419830000E+9	2.518139000E-5
1.419833333E+9	2.494775000E-5
1.419836667E+9	2.428133000E-5
1.419840000E+9	2.484625000E-5
1.419843333E+9	2.502648000E-5
1.419846667E+9	2.483823000E-5
1.419850000E+9	2.423483000E-5
1.419853333E+9	2.470235000E-5
1.419856667E+9	2.465586000E-5
1.419860000E+9	2.465761000E-5
1.419863333E+9	2.536322000E-5
1.419866667E+9	2.514627000E-5
1.419870000E+9	2.450098000E-5
1.419873333E+9	2.499169000E-5
1.419876667E+9	2.461736000E-5
1.419880000E+9	2.455239000E-5
1.419883333E+9	2.497172000E-5
1.419886667E+9	2.504699000E-5
1.419890000E+9	2.463156000E-5
1.419893333E+9	2.459021000E-5
1.419896667E+9	2.457866000E-5
1.419900000E+9	2.435361000E-5
1.419903333E+9	2.429277000E-5
1.419906667E+9	2.536890000E-5
1.419910000E+9	2.509312000E-5
1.419913333E+9	2.519626000E-5
1.419916667E+9	2.506160000E-5
1.419920000E+9	2.508797000E-5
1.419923333E+9	2.486469000E-5
1.419926667E+9	2.462515000E-5
1.419930000E+9	2.489248000E-5
1.419933333E+9	2.437402000E-5
1.419936667E+9	2.474736000E-5
1.419940000E+9	2.504633000E-5
1.419943333E+9	2.420531000E-5
1.419946667E+9	2.514892000E-5
1.419950000E+9	2.491263000E-5
1.419953333E+9	2.437884000E-5
1.419956667E+9	2.467451000E-5
1.419960000E+9	2.480130000E-5
1.419963333E+9	2.463732000E-5
1.419966667E+9	2.476378000E-5
1.419970000E+9	2.431860000E-5
1.419973333E+9	2.436246000E-5
1.419976667E+9	2.455023000E-5
1.419980000E+9	2.430192000E-5
1.419983333E+9	2.449369000E-5
1.419986667E+9	2.490975000E-5
1.419990000E+9	2.501407000E-5
1.419993333E+9	2.468766000E-5
1.419996667E+9	2.421081000E-5
1.420000000E+9	2.584791000E-5
1.420003333E+9	2.462055000E-5
1.420006667E+9	2.443192000E-5
1.420010000E+9	2.487873000E-5
1.420013333E+9	2.407472000E-5
1.420016667E+9	2.496101000E-5
1.420020000E+9	2.522336000E-5
1.420023333E+9	2.444375000E-5
1.420026667E+9	2.492034000E-5
1.420030000E+9	2.606130000E-5
1.420033333E+9	2.494035000E-5
1.420036667E+9	2.554271000E-5
1.420040000E+9	2.588353000E-5
1.420043333E+9	2.521254000E-5
1.420046667E+9	2.476639000E-5
1.420050000E+9	2.535653000E-5
1.420053333E+9	2.458727000E-5
1.420056667E+9	2.435879000E-5
1.420060000E+9	2.409180000E-5
1.420063333E+9	2.490163000E-5
1.420066667E+9	2.425650000E-5
1.420070000E+9	2.422719000E-5
1.420073333E+9	2.511865000E-5
1.420076667E+9	2.418642000E-5
1.420080000E+9	2.459426000E-5
1.420083333E+9	2.519043000E-5
1.420086667E+9	2.432101000E-5
1.420090000E+9	2.450306000E-5
1.420093333E+9	2.493832000E-5
1.420096667E+9	2.433017000E-5
1.420100000E+9	2.438207000E-5
1.420103333E+9	2.458147000E-5
1.420106667E+9	2.444220000E-5
1.420110000E+9	2.433265000E-5
1.420113333E+9	2.454204000E-5
1.420116667E+9	2.470740000E-5
1.420120000E+9	2.482124000E-5
1.420123333E+9	2.543517000E-5
1.420126667E+9	2.542779000E-5
1.420130000E+9	2.416182000E-5
1.420133333E+9	2.481451000E-5
1.420136667E+9	2.411117000E-5
1.420140000E+9	2.443608000E-5
1.420143333E+9	2.519956000E-5
1.420146667E+9	2.417081000E-5
1.420150000E+9	2.442891000E-5
1.420153333E+9	2.387561000E-5
1.420156667E+9	2.487726000E-5
1.420160000E+9	2.510555000E-5
1.420163333E+9	2.462785000E-5
1.420166667E+9	2.451253000E-5
1.420170000E+9	2.426702000E-5
1.420173333E+9	2.459008000E-5
1.420176667E+9	2.418687000E-5
1.420180000E+9	2.454937000E-5
1.420183333E+9	2.453137000E-5
1.420186667E+9	2.550418000E-5
1.420190000E+9	2.558704000E-5
1.420193333E+9	2.430889000E-5
1.420196667E+9	2.472735000E-5
1.420200000E+9	2.474715000E-5
1.420203333E+9	2.416142000E-5
1.420206667E+9	2.438914000E-5
1.420210000E+9	2.474503000E-5
1.420213333E+9	2.433949000E-5
1.420216667E+9	2.517329000E-5
1.420220000E+9	2.471839000E-5
1.420223333E+9	2.469045000E-5
1.420226667E+9	2.504462000E-5
1.420230000E+9	2.464460000E-5
1.420233333E+9	2.419057000E-5
1.420236667E+9	2.503486000E-5
1.420240000E+9	2.463448000E-5
1.420243333E+9	2.435871000E-5
1.420246667E+9	2.380285000E-5
1.420250000E+9	2.457451000E-5
1.420253333E+9	2.437418000E-5
1.420256667E+9	2.446706000E-5
1.420260000E+9	2.476367000E-5
1.420263333E+9	2.488542000E-5
1.420266667E+9	2.535386000E-5
1.420270000E+9	2.436661000E-5
1.420273333E+9	2.464803000E-5
1.420276667E+9	2.448434000E-5
1.420280000E+9	2.489816000E-5
1.420283333E+9	2.455401000E-5
1.420286667E+9	2.459632000E-5
1.420290000E+9	2.469197000E-5
1.420293333E+9	2.433917000E-5
1.420296667E+9	2.388943000E-5
1.420300000E+9	2.478407000E-5
1.420303333E+9	2.531070000E-5
1.420306667E+9	2.473484000E-5
1.420310000E+9	2.517356000E-5
1.420313333E+9	2.511407000E-5
1.420316667E+9	2.419431000E-5
1.420320000E+9	2.451926000E-5
1.420323333E+9	2.460539000E-5
1.420326667E+9	2.518860000E-5
1.420330000E+9	2.646787000E-5
1.420333333E+9	2.579085000E-5
1.420336667E+9	2.476065000E-5
1.420340000E+9	2.454827000E-5
1.420343333E+9	2.467576000E-5
1.420346667E+9	2.428421000E-5
1.420350000E+9	2.411838000E-5
1.420353333E+9	2.474079000E-5
1.420356667E+9	2.436800000E-5
1.420360000E+9	2.410967000E-5
1.420363333E+9	2.426188000E-5
1.420366667E+9	2.523522000E-5
1.420370000E+9	2.444018000E-5
1.420373333E+9	2.514610000E-5
1.420376667E+9	2.506721000E-5
1.420380000E+9	2.389638000E-5
1.420383333E+9	2.422780000E-5
1.420386667E+9	2.470238000E-5
1.420390000E+9	2.440728000E-5
1.420393333E+9	2.518484000E-5
1.420396667E+9	2.456749000E-5
1.420400000E+9	2.446867000E-5
1.420403333E+9	2.454032000E-5
1.420406667E+9	2.451091000E-5
1.420410000E+9	2.504534000E-5
1.420413333E+9	2.436369000E-5
1.420416667E+9	2.565359000E-5
1.420420000E+9	2.451175000E-5
1.420423333E+9	2.438829000E-5
1.420426667E+9	2.433650000E-5
1.420430000E+9	2.415235000E-5
1.420433333E+9	2.477526000E-5
1.420436667E+9	2.482629000E-5
1.420440000E+9	2.512072000E-5
1.420443333E+9	2.444211000E-5
1.420446667E+9	2.465171000E-5
1.420450000E+9	2.492981000E-5
1.420453333E+9	2.472333000E-5
1.420456667E+9	2.520141000E-5
1.420460000E+9	2.511426000E-5
1.420463333E+9	2.426843000E-5
1.420466667E+9	2.476245000E-5
1.420470000E+9	2.522442000E-5
1.420473333E+9	2.498999000E-5
1.420476667E+9	2.458687000E-5
1.420480000E+9	2.490546000E-5
1.420483333E+9	2.440254000E-5
1.420486667E+9	2.477760000E-5
1.420490000E+9	2.442481000E-5
1.420493333E+9	2.405969000E-5
1.420496667E+9	2.434981000E-5
1.420500000E+9	2.508004000E-5
1.420503333E+9	2.487201000E-5
1.420506667E+9	2.466758000E-5
1.420510000E+9	2.531042000E-5
1.420513333E+9	2.506025000E-5
1.420516667E+9	2.530297000E-5
1.420520000E+9	2.479754000E-5
1.420523333E+9	2.479825000E-5
1.420526667E+9	2.423898000E-5
1.420530000E+9	2.450523000E-5
1.420533333E+9	2.432274000E-5
1.420536667E+9	2.443728000E-5
1.420540000E+9	2.500995000E-5
1.420543333E+9	2.540382000E-5
1.420546667E+9	2.422528000E-5
1.420550000E+9	2.487663000E-5
1.420553333E+9	2.481974000E-5
1.420556667E+9	2.494555000E-5
1.420560000E+9	2.491870000E-5
1.420563333E+9	2.533772000E-5
1.420566667E+9	2.492995000E-5
1.420570000E+9	2.467898000E-5
1.420573333E+9	2.508491000E-5
1.420576667E+9	2.517276000E-5
1.420580000E+9	2.491377000E-5
1.420583333E+9	2.484990000E-5
1.420586667E+9	2.431545000E-5
1.420590000E+9	2.491399000E-5
1.420593333E+9	2.509783000E-5
1.420596667E+9	2.476682000E-5
1.420600000E+9	2.397535000E-5
1.420603333E+9	2.585924000E-5
1.420606667E+9	2.544843000E-5
1.420610000E+9	2.495950000E-5
1.420613333E+9	2.511225000E-5
1.420616667E+9	2.469145000E-5
1.420620000E+9	2.573583000E-5
1.420623333E+9	2.598290000E-5
1.420626667E+9	2.664805000E-5
1.420630000E+9	2.510257000E-5
1.420633333E+9	2.497172000E-5
1.420636667E+9	2.454797000E-5
1.420640000E+9	2.439964000E-5
1.420643333E+9	2.409963000E-5
1.420646667E+9	2.498793000E-5
1.420650000E+9	2.435952000E-5
1.420653333E+9	2.453741000E-5
1.420656667E+9	2.477847000E-5
1.420660000E+9	2.536478000E-5
1.420663333E+9	2.475193000E-5
1.420666667E+9	2.544821000E-5
1.420670000E+9	2.460029000E-5
1.420673333E+9	2.491041000E-5
1.420676667E+9	2.478883000E-5
1.420680000E+9	2.487469000E-5
1.420683333E+9	2.481015000E-5
1.420686667E+9	2.508089000E-5
1.420690000E+9	2.509494000E-5
1.420693333E+9	2.461890000E-5
1.420696667E+9	2.521722000E-5
1.420700000E+9	2.522652000E-5
1.420703333E+9	2.493490000E-5
1.420706667E+9	2.426238000E-5
1.420710000E+9	2.536355000E-5
1.420713333E+9	2.421049000E-5
1.420716667E+9	2.400865000E-5
1.420720000E+9	2.499616000E-5
1.420723333E+9	2.507897000E-5
1.420726667E+9	2.425927000E-5
1.420730000E+9	2.488712000E-5
1.420733333E+9	2.453326000E-5
1.420736667E+9	2.509414000E-5
1.420740000E+9	2.497057000E-5
1.420743333E+9	2.517945000E-5
1.420746667E+9	2.517149000E-5
1.420750000E+9	2.422919000E-5
1.420753333E+9	2.459202000E-5
1.420756667E+9	2.480043000E-5
1.420760000E+9	2.478345000E-5
1.420763333E+9	2.520011000E-5
1.420766667E+9	2.468121000E-5
1.420770000E+9	2.432143000E-5
1.420773333E+9	2.527965000E-5
1.420776667E+9	2.426414000E-5
1.420780000E+9	2.444630000E-5
1.420783333E+9	2.486844000E-5
1.420786667E+9	2.462777000E-5
1.420790000E+9	2.466921000E-5
1.420793333E+9	2.539950000E-5
1.420796667E+9	2.482375000E-5
1.420800000E+9	2.500366000E-5
1.420803333E+9	2.472091000E-5
1.420806667E+9	2.441224000E-5
1.420810000E+9	2.545640000E-5
1.420813333E+9	2.607063000E-5
1.420816667E+9	2.469441000E-5
1.420820000E+9	2.435355000E-5
1.420823333E+9	2.459405000E-5
1.420826667E+9	2.437083000E-5
1.420830000E+9	2.445707000E-5
1.420833333E+9	2.463177000E-5
1.420836667E+9	2.499861000E-5
1.420840000E+9	2.484306000E-5
1.420843333E+9	2.461426000E-5
1.420846667E+9	2.500113000E-5
1.420850000E+9	2.475138000E-5
1.420853333E+9	2.466146000E-5
1.420856667E+9	2.443919000E-5
1.420860000E+9	2.499090000E-5
1.420863333E+9	2.518860000E-5
1.420866667E+9	2.451371000E-5
1.420870000E+9	2.450873000E-5
1.420873333E+9	2.484788000E-5
1.420876667E+9	2.457861000E-5
1.420880000E+9	2.419747000E-5
1.420883333E+9	2.502027000E-5
1.420886667E+9	2.509860000E-5
1.420890000E+9	2.482762000E-5
1.420893333E+9	2.477400000E-5
1.420896667E+9	2.719396000E-5
1.420900000E+9	2.526841000E-5
1.420903333E+9	2.476723000E-5
1.420906667E+9	2.485779000E-5
1.420910000E+9	2.481571000E-5
1.420913333E+9	2.723197000E-5
1.420916667E+9	2.700636000E-5
1.420920000E+9	2.676102000E-5
1.420923333E+9	2.467541000E-5
1.420926667E+9	2.568538000E-5
1.420930000E+9	2.473025000E-5
1.420933333E+9	2.448638000E-5
1.420936667E+9	2.568025000E-5
1.420940000E+9	2.485389000E-5
1.420943333E+9	2.463864000E-5
1.420946667E+9	2.421940000E-5
1.420950000E+9	2.478794000E-5
1.420953333E+9	2.474138000E-5
1.420956667E+9	2.428120000E-5
1.420960000E+9	2.456124000E-5
1.420963333E+9	2.465699000E-5
1.420966667E+9	2.506972000E-5
1.420970000E+9	2.561202000E-5
1.420973333E+9	2.502049000E-5
1.420976667E+9	2.532192000E-5
1.420980000E+9	2.571292000E-5
1.420983333E+9	2.495476000E-5
1.420986667E+9	2.530192000E-5
1.420990000E+9	2.457947000E-5
1.420993333E+9	2.479673000E-5
1.420996667E+9	2.438039000E-5
1.421000000E+9	2.540832000E-5
1.421003333E+9	2.508712000E-5
1.421006667E+9	2.443957000E-5
1.421010000E+9	2.459251000E-5
1.421013333E+9	2.474850000E-5
1.421016667E+9	2.450822000E-5
1.421020000E+9	2.442377000E-5
1.421023333E+9	2.521713000E-5
1.421026667E+9	2.448528000E-5
1.421030000E+9	2.484153000E-5
1.421033333E+9	2.477025000E-5
1.421036667E+9	2.453571000E-5
1.421040000E+9	2.501549000E-5
1.421043333E+9	2.405403000E-5
1.421046667E+9	2.435692000E-5
1.421050000E+9	2.465461000E-5
1.421053333E+9	2.460712000E-5
1.421056667E+9	2.479191000E-5
1.421060000E+9	2.483725000E-5
1.421063333E+9	2.486513000E-5
1.421066667E+9	2.429149000E-5
1.421070000E+9	2.418239000E-5
1.421073333E+9	2.441500000E-5
1.421076667E+9	2.451253000E-5
1.421080000E+9	2.451132000E-5
1.421083333E+9	2.414222000E-5
1.421086667E+9	2.470729000E-5
1.421090000E+9	2.473720000E-5
1.421093333E+9	2.499614000E-5
1.421096667E+9	2.503973000E-5
1.421100000E+9	2.472726000E-5
1.421103333E+9	2.535386000E-5
1.421106667E+9	2.476468000E-5
1.421110000E+9	2.411978000E-5
1.421113333E+9	2.423890000E-5
1.421116667E+9	2.457434000E-5
1.421120000E+9	2.508599000E-5
1.421123333E+9	2.501206000E-5
1.421126667E+9	2.564467000E-5
1.421130000E+9	2.495446000E-5
1.421133333E+9	2.453119000E-5
1.421136667E+9	2.480019000E-5
1.421140000E+9	2.479047000E-5
1.421143333E+9	2.482934000E-5
1.421146667E+9	2.507748000E-5
1.421150000E+9	2.445768000E-5
1.421153333E+9	2.516185000E-5
1.421156667E+9	2.511967000E-5
1.421160000E+9	2.487996000E-5
1.421163333E+9	2.532179000E-5
1.421166667E+9	2.471939000E-5
1.421170000E+9	2.460461000E-5
1.421173333E+9	2.494728000E-5
1.421176667E+9	2.447832000E-5
1.421180000E+9	2.483174000E-5
1.421183333E+9	2.469734000E-5
1.421186667E+9	2.490415000E-5
1.421190000E+9	2.519461000E-5
1.421193333E+9	2.502753000E-5
1.421196667E+9	2.485323000E-5
1.421200000E+9	2.482413000E-5
1.421203333E+9	2.478010000E-5
1.421206667E+9	2.584045000E-5
1.421210000E+9	2.527404000E-5
1.421213333E+9	2.500330000E-5
1.421216667E+9	2.521766000E-5
1.421220000E+9	2.516950000E-5
1.421223333E+9	2.496101000E-5
1.421226667E+9	2.526538000E-5
1.421230000E+9	2.439380000E-5
1.421233333E+9	2.500750000E-5
1.421236667E+9	2.429586000E-5
1.421240000E+9	2.478274000E-5
1.421243333E+9	2.476098000E-5
1.421246667E+9	2.469731000E-5
1.421250000E+9	2.549027000E-5
1.421253333E+9	2.520686000E-5
1.421256667E+9	2.533219000E-5
1.421260000E+9	2.571326000E-5
1.421263333E+9	2.507684000E-5
1.421266667E+9	2.499575000E-5
1.421270000E+9	2.521436000E-5
1.421273333E+9	2.493701000E-5
1.421276667E+9	2.592289000E-5
1.421280000E+9	2.619956000E-5
1.421283333E+9	2.543542000E-5
1.421286667E+9	2.554799000E-5
1.421290000E+9	2.589436000E-5
1.421293333E+9	2.634936000E-5
1.421296667E+9	2.548881000E-5
1.421300000E+9	2.526646000E-5
1.421303333E+9	2.531870000E-5
1.421306667E+9	2.511630000E-5
1.421310000E+9	2.546003000E-5
1.421313333E+9	2.572509000E-5
1.421316667E+9	2.571891000E-5
1.421320000E+9	2.689345000E-5
1.421323333E+9	2.673796000E-5
1.421326667E+9	2.592499000E-5
1.421330000E+9	2.680757000E-5
1.421333333E+9	2.685960000E-5
1.421336667E+9	2.652139000E-5
1.421340000E+9	2.688072000E-5
1.421343333E+9	2.933379000E-5
1.421346667E+9	3.356278000E-5
1.421350000E+9	2.984602000E-5
1.421353333E+9	2.818886000E-5
1.421356667E+9	2.803022000E-5
1.421360000E+9	2.778262000E-5
1.421363333E+9	2.719582000E-5
1.421366667E+9	2.837271000E-5
1.421370000E+9	2.669241000E-5
1.421373333E+9	2.627448000E-5
1.421376667E+9	2.681619000E-5
1.421380000E+9	2.665047000E-5
1.421383333E+9	2.706829000E-5
1.421386667E+9	2.672382000E-5
1.421390000E+9	2.570965000E-5
1.421393333E+9	2.595077000E-5
1.421396667E+9	2.600182000E-5
1.421400000E+9	2.684763000E-5
