Frequency, Hz	Amplitude, Volts
1.419400000E+9	1.492671000E-5
1.419403333E+9	1.475103000E-5
1.419406667E+9	1.461602000E-5
1.419410000E+9	1.492733000E-5
1.419413333E+9	1.617730000E-5
1.419416667E+9	1.547394000E-5
1.419420000E+9	1.485448000E-5
1.419423333E+9	1.473169000E-5
1.419426667E+9	1.482741000E-5
1.419430000E+9	1.487961000E-5
1.419433333E+9	1.475441000E-5
1.419436667E+9	1.459418000E-5
1.419440000E+9	1.471332000E-5
1.419443333E+9	1.485048000E-5
1.419446667E+9	1.462464000E-5
1.419450000E+9	1.547282000E-5
1.419453333E+9	1.513858000E-5
1.419456667E+9	1.489568000E-5
1.419460000E+9	1.476107000E-5
1.419463333E+9	1.481236000E-5
1.419466667E+9	1.462985000E-5
1.419470000E+9	1.471453000E-5
1.419473333E+9	1.481360000E-5
1.419476667E+9	1.463963000E-5
1.419480000E+9	1.502202000E-5
1.419483333E+9	1.518139000E-5
1.419486667E+9	1.457321000E-5
1.419490000E+9	1.458147000E-5
1.419493333E+9	1.457481000E-5
1.419496667E+9	1.459076000E-5
1.419500000E+9	1.491329000E-5
1.419503333E+9	1.473813000E-5
1.419506667E+9	1.488517000E-5
1.419510000E+9	1.472818000E-5
1.419513333E+9	1.460452000E-5
1.419516667E+9	1.479690000E-5
1.419520000E+9	1.495340000E-5
1.419523333E+9	1.486061000E-5
1.419526667E+9	1.466550000E-5
1.419530000E+9	1.454841000E-5
1.419533333E+9	1.466137000E-5
1.419536667E+9	1.455440000E-5
1.419540000E+9	1.472266000E-5
1.419543333E+9	1.489061000E-5
1.419546667E+9	1.468632000E-5
1.419550000E+9	1.501506000E-5
1.419553333E+9	1.489961000E-5
1.419556667E+9	1.487151000E-5
1.419560000E+9	1.461768000E-5
1.419563333E+9	1.476621000E-5
1.419566667E+9	1.501079000E-5
1.419570000E+9	1.500672000E-5
1.419573333E+9	1.481234000E-5
1.419576667E+9	1.504197000E-5
1.419580000E+9	1.466029000E-5
1.419583333E+9	1.463157000E-5
1.419586667E+9	1.471234000E-5
1.419590000E+9	1.463809000E-5
1.419593333E+9	1.467855000E-5
1.419596667E+9	1.460462000E-5
1.419600000E+9	1.461208000E-5
1.419603333E+9	1.532051000E-5
1.419606667E+9	1.473076000E-5
1.419610000E+9	1.477878000E-5
1.419613333E+9	1.488499000E-5
1.419616667E+9	1.454792000E-5
1.419620000E+9	1.436544000E-5
1.419623333E+9	1.454784000E-5
1.419626667E+9	1.473529000E-5
1.419630000E+9	1.492931000E-5
1.419633333E+9	1.452567000E-5
1.419636667E+9	1.480568000E-5
1.419640000E+9	1.469393000E-5
1.419643333E+9	1.454252000E-5
1.419646667E+9	1.485144000E-5
1.419650000E+9	1.472685000E-5
1.419653333E+9	1.462023000E-5
1.419656667E+9	1.465351000E-5
1.419660000E+9	1.432556000E-5
1.419663333E+9	1.428002000E-5
1.419666667E+9	1.475208000E-5
1.419670000E+9	1.461200000E-5
1.419673333E+9	1.474643000E-5
1.419676667E+9	1.470459000E-5
1.419680000E+9	1.478258000E-5
1.419683333E+9	1.481023000E-5
1.419686667E+9	1.479516000E-5
1.419690000E+9	1.483265000E-5
1.419693333E+9	1.495750000E-5
1.419696667E+9	1.472481000E-5
1.419700000E+9	1.485632000E-5
1.419703333E+9	1.458380000E-5
1.419706667E+9	1.504359000E-5
1.419710000E+9	1.523964000E-5
1.419713333E+9	1.470428000E-5
1.419716667E+9	1.514956000E-5
1.419720000E+9	1.486268000E-5
1.419723333E+9	1.452131000E-5
1.419726667E+9	1.468142000E-5
1.419730000E+9	1.456176000E-5
1.419733333E+9	1.555769000E-5
1.419736667E+9	1.464407000E-5
1.419740000E+9	1.504704000E-5
1.419743333E+9	1.542304000E-5
1.419746667E+9	1.468637000E-5
1.419750000E+9	1.509873000E-5
1.419753333E+9	1.487411000E-5
1.419756667E+9	1.472520000E-5
1.419760000E+9	1.481130000E-5
1.419763333E+9	1.484808000E-5
1.419766667E+9	1.476464000E-5
1.419770000E+9	1.461439000E-5
1.419773333E+9	1.462978000E-5
1.419776667E+9	1.465826000E-5
1.419780000E+9	1.488445000E-5
1.419783333E+9	1.529387000E-5
1.419786667E+9	1.513635000E-5
1.419790000E+9	1.503966000E-5
1.419793333E+9	1.490349000E-5
1.419796667E+9	1.447587000E-5
1.419800000E+9	1.472908000E-5
1.419803333E+9	1.458792000E-5
1.419806667E+9	1.462580000E-5
1.419810000E+9	1.484663000E-5
1.419813333E+9	1.449085000E-5
1.419816667E+9	1.438388000E-5
1.419820000E+9	1.481742000E-5
1.419823333E+9	1.481555000E-5
1.419826667E+9	1.466526000E-5
1.419830000E+9	1.479079000E-5
1.419833333E+9	1.463197000E-5
1.419836667E+9	1.459869000E-5
1.419840000E+9	1.464967000E-5
1.419843333E+9	1.485537000E-5
1.419846667E+9	1.474695000E-5
1.419850000E+9	1.485583000E-5
1.419853333E+9	1.468653000E-5
1.419856667E+9	1.505484000E-5
1.419860000E+9	1.487801000E-5
1.419863333E+9	1.473165000E-5
1.419866667E+9	1.455463000E-5
1.419870000E+9	1.458127000E-5
1.419873333E+9	1.439437000E-5
1.419876667E+9	1.454338000E-5
1.419880000E+9	1.491891000E-5
1.419883333E+9	1.457210000E-5
1.419886667E+9	1.441082000E-5
1.419890000E+9	1.470078000E-5
1.419893333E+9	1.457082000E-5
1.419896667E+9	1.444027000E-5
1.419900000E+9	1.519744000E-5
1.419903333E+9	1.432943000E-5
1.419906667E+9	1.458867000E-5
1.419910000E+9	1.461521000E-5
1.419913333E+9	1.490028000E-5
1.419916667E+9	1.470748000E-5
1.419920000E+9	1.471639000E-5
1.419923333E+9	1.456978000E-5
1.419926667E+9	1.483340000E-5
1.419930000E+9	1.472488000E-5
1.419933333E+9	1.473995000E-5
1.419936667E+9	1.489742000E-5
1.419940000E+9	1.457686000E-5
1.419943333E+9	1.434171000E-5
1.419946667E+9	1.443565000E-5
1.419950000E+9	1.485660000E-5
1.419953333E+9	1.435200000E-5
1.419956667E+9	1.455862000E-5
1.419960000E+9	1.471397000E-5
1.419963333E+9	1.474824000E-5
1.419966667E+9	1.468640000E-5
1.419970000E+9	1.445707000E-5
1.419973333E+9	1.483054000E-5
1.419976667E+9	1.503728000E-5
1.419980000E+9	1.503964000E-5
1.419983333E+9	1.472696000E-5
1.419986667E+9	1.486404000E-5
1.419990000E+9	1.494905000E-5
1.419993333E+9	1.454063000E-5
1.419996667E+9	1.466204000E-5
1.420000000E+9	1.581180000E-5
1.420003333E+9	1.776285000E-5
1.420006667E+9	1.461878000E-5
1.420010000E+9	1.456375000E-5
1.420013333E+9	1.440366000E-5
1.420016667E+9	1.462318000E-5
1.420020000E+9	1.463835000E-5
1.420023333E+9	1.495399000E-5
1.420026667E+9	1.466507000E-5
1.420030000E+9	1.465699000E-5
1.420033333E+9	1.474766000E-5
1.420036667E+9	1.506488000E-5
1.420040000E+9	1.459361000E-5
1.420043333E+9	1.508474000E-5
1.420046667E+9	1.473678000E-5
1.420050000E+9	1.491729000E-5
1.420053333E+9	1.482245000E-5
1.420056667E+9	1.450934000E-5
1.420060000E+9	1.469842000E-5
1.420063333E+9	1.460128000E-5
1.420066667E+9	1.449250000E-5
1.420070000E+9	1.458624000E-5
1.420073333E+9	1.459611000E-5
1.420076667E+9	1.458661000E-5
1.420080000E+9	1.463803000E-5
1.420083333E+9	1.485183000E-5
1.420086667E+9	1.448477000E-5
1.420090000E+9	1.475471000E-5
1.420093333E+9	1.468032000E-5
1.420096667E+9	1.470701000E-5
1.420100000E+9	1.448428000E-5
1.420103333E+9	1.463366000E-5
1.420106667E+9	1.466404000E-5
1.420110000E+9	1.474250000E-5
1.420113333E+9	1.472224000E-5
1.420116667E+9	1.524184000E-5
1.420120000E+9	1.435611000E-5
1.420123333E+9	1.444648000E-5
1.420126667E+9	1.488383000E-5
1.420130000E+9	1.456847000E-5
1.420133333E+9	1.466956000E-5
1.420136667E+9	1.486121000E-5
1.420140000E+9	1.466950000E-5
1.420143333E+9	1.474819000E-5
1.420146667E+9	1.448830000E-5
1.420150000E+9	1.438167000E-5
1.420153333E+9	1.473583000E-5
1.420156667E+9	1.433626000E-5
1.420160000E+9	1.502941000E-5
1.420163333E+9	1.443739000E-5
1.420166667E+9	1.433403000E-5
1.420170000E+9	1.464325000E-5
1.420173333E+9	1.473974000E-5
1.420176667E+9	1.458091000E-5
1.420180000E+9	1.485100000E-5
1.420183333E+9	1.439369000E-5
1.420186667E+9	1.471541000E-5
1.420190000E+9	1.487354000E-5
1.420193333E+9	1.454921000E-5
1.420196667E+9	1.523148000E-5
1.420200000E+9	1.495282000E-5
1.420203333E+9	1.455261000E-5
1.420206667E+9	1.450004000E-5
1.420210000E+9	1.481205000E-5
1.420213333E+9	1.461214000E-5
1.420216667E+9	1.464484000E-5
1.420220000E+9	1.458374000E-5
1.420223333E+9	1.457692000E-5
1.420226667E+9	1.487844000E-5
1.420230000E+9	1.444560000E-5
1.420233333E+9	1.478037000E-5
1.420236667E+9	1.466721000E-5
1.420240000E+9	1.487078000E-5
1.420243333E+9	1.441480000E-5
1.420246667E+9	1.464388000E-5
1.420250000E+9	1.448855000E-5
1.420253333E+9	1.464494000E-5
1.420256667E+9	1.465559000E-5
1.420260000E+9	1.471835000E-5
1.420263333E+9	1.470648000E-5
1.420266667E+9	1.483430000E-5
1.420270000E+9	1.455533000E-5
1.420273333E+9	1.448114000E-5
1.420276667E+9	1.459452000E-5
1.420280000E+9	1.464798000E-5
1.420283333E+9	1.455431000E-5
1.420286667E+9	1.458893000E-5
1.420290000E+9	1.469431000E-5
1.420293333E+9	1.479901000E-5
1.420296667E+9	1.631736000E-5
1.420300000E+9	1.462938000E-5
1.420303333E+9	1.480142000E-5
1.420306667E+9	1.458017000E-5
1.420310000E+9	1.473237000E-5
1.420313333E+9	1.468229000E-5
1.420316667E+9	1.462851000E-5
1.420320000E+9	1.466359000E-5
1.420323333E+9	1.450797000E-5
1.420326667E+9	1.515217000E-5
1.420330000E+9	1.498798000E-5
1.420333333E+9	1.490622000E-5
1.420336667E+9	1.500487000E-5
1.420340000E+9	1.485412000E-5
1.420343333E+9	1.453238000E-5
1.420346667E+9	1.491971000E-5
1.420350000E+9	1.485382000E-5
1.420353333E+9	1.468095000E-5
1.420356667E+9	1.459542000E-5
1.420360000E+9	1.437190000E-5
1.420363333E+9	1.474656000E-5
1.420366667E+9	1.485081000E-5
1.420370000E+9	1.458409000E-5
1.420373333E+9	1.465250000E-5
1.420376667E+9	1.490226000E-5
1.420380000E+9	1.449474000E-5
1.420383333E+9	1.473474000E-5
1.420386667E+9	1.484867000E-5
1.420390000E+9	1.465506000E-5
1.420393333E+9	1.482600000E-5
1.420396667E+9	1.490791000E-5
1.420400000E+9	1.477409000E-5
1.420403333E+9	1.491883000E-5
1.420406667E+9	1.463390000E-5
1.420410000E+9	1.468400000E-5
1.420413333E+9	1.509834000E-5
1.420416667E+9	1.517035000E-5
1.420420000E+9	1.499507000E-5
1.420423333E+9	1.486360000E-5
1.420426667E+9	1.501549000E-5
1.420430000E+9	1.489243000E-5
1.420433333E+9	1.498123000E-5
1.420436667E+9	1.495569000E-5
1.420440000E+9	1.491902000E-5
1.420443333E+9	1.506246000E-5
1.420446667E+9	1.532293000E-5
1.420450000E+9	1.518789000E-5
1.420453333E+9	1.545492000E-5
1.420456667E+9	1.564503000E-5
1.420460000E+9	1.578415000E-5
1.420463333E+9	1.573902000E-5
1.420466667E+9	1.599860000E-5
1.420470000E+9	1.584358000E-5
1.420473333E+9	1.597083000E-5
1.420476667E+9	1.652148000E-5
1.420480000E+9	1.693133000E-5
1.420483333E+9	1.647344000E-5
1.420486667E+9	1.664016000E-5
1.420490000E+9	1.665116000E-5
1.420493333E+9	1.651107000E-5
1.420496667E+9	1.664614000E-5
1.420500000E+9	1.647610000E-5
1.420503333E+9	1.661506000E-5
1.420506667E+9	1.638238000E-5
1.420510000E+9	1.652420000E-5
1.420513333E+9	1.633842000E-5
1.420516667E+9	1.644471000E-5
1.420520000E+9	1.648061000E-5
1.420523333E+9	1.642324000E-5
1.420526667E+9	1.630571000E-5
1.420530000E+9	1.623107000E-5
1.420533333E+9	1.664670000E-5
1.420536667E+9	1.611135000E-5
1.420540000E+9	1.603525000E-5
1.420543333E+9	1.617722000E-5
1.420546667E+9	1.606969000E-5
1.420550000E+9	1.619774000E-5
1.420553333E+9	1.586592000E-5
1.420556667E+9	1.578987000E-5
1.420560000E+9	1.587069000E-5
1.420563333E+9	1.584837000E-5
1.420566667E+9	1.545905000E-5
1.420570000E+9	1.595552000E-5
1.420573333E+9	1.562831000E-5
1.420576667E+9	1.539539000E-5
1.420580000E+9	1.548739000E-5
1.420583333E+9	1.540733000E-5
1.420586667E+9	1.497564000E-5
1.420590000E+9	1.550202000E-5
1.420593333E+9	1.529461000E-5
1.420596667E+9	1.528078000E-5
1.420600000E+9	1.524898000E-5
1.420603333E+9	1.552290000E-5
1.420606667E+9	1.532958000E-5
1.420610000E+9	1.543918000E-5
1.420613333E+9	1.575522000E-5
1.420616667E+9	1.537828000E-5
1.420620000E+9	1.576472000E-5
1.420623333E+9	1.539735000E-5
1.420626667E+9	1.557697000E-5
1.420630000E+9	1.532660000E-5
1.420633333E+9	1.538247000E-5
1.420636667E+9	1.545659000E-5
1.420640000E+9	1.543883000E-5
1.420643333E+9	1.562447000E-5
1.420646667E+9	1.589846000E-5
1.420650000E+9	1.529022000E-5
1.420653333E+9	1.561531000E-5
1.420656667E+9	1.557589000E-5
1.420660000E+9	1.576704000E-5
1.420663333E+9	1.586817000E-5
1.420666667E+9	1.554932000E-5
1.420670000E+9	1.552172000E-5
1.420673333E+9	1.556088000E-5
1.420676667E+9	1.586787000E-5
1.420680000E+9	1.605084000E-5
1.420683333E+9	1.604390000E-5
1.420686667E+9	1.580885000E-5
1.420690000E+9	1.596652000E-5
1.420693333E+9	1.621723000E-5
1.420696667E+9	1.620612000E-5
1.420700000E+9	1.632601000E-5
1.420703333E+9	1.651396000E-5
1.420706667E+9	1.623205000E-5
1.420710000E+9	1.593253000E-5
1.420713333E+9	1.612140000E-5
1.420716667E+9	1.601809000E-5
1.420720000E+9	1.649312000E-5
1.420723333E+9	1.594224000E-5
1.420726667E+9	1.620258000E-5
1.420730000E+9	1.601533000E-5
1.420733333E+9	1.616385000E-5
1.420736667E+9	1.618153000E-5
1.420740000E+9	1.596722000E-5
1.420743333E+9	1.623319000E-5
1.420746667E+9	1.603028000E-5
1.420750000E+9	1.604118000E-5
1.420753333E+9	1.569222000E-5
1.420756667E+9	1.643226000E-5
1.420760000E+9	1.653687000E-5
1.420763333E+9	1.599126000E-5
1.420766667E+9	1.569463000E-5
1.420770000E+9	1.590436000E-5
1.420773333E+9	1.588863000E-5
1.420776667E+9	1.559113000E-5
1.420780000E+9	1.572456000E-5
1.420783333E+9	1.582550000E-5
1.420786667E+9	1.530707000E-5
1.420790000E+9	1.581984000E-5
1.420793333E+9	1.617768000E-5
1.420796667E+9	1.641192000E-5
1.420800000E+9	1.532505000E-5
1.420803333E+9	1.566254000E-5
1.420806667E+9	1.564062000E-5
1.420810000E+9	1.545907000E-5
1.420813333E+9	1.536706000E-5
1.420816667E+9	1.561419000E-5
1.420820000E+9	1.536205000E-5
1.420823333E+9	1.560823000E-5
1.420826667E+9	1.545214000E-5
1.420830000E+9	1.514693000E-5
1.420833333E+9	1.537858000E-5
1.420836667E+9	1.520885000E-5
1.420840000E+9	1.531131000E-5
1.420843333E+9	1.525654000E-5
1.420846667E+9	1.508953000E-5
1.420850000E+9	1.508356000E-5
1.420853333E+9	1.485417000E-5
1.420856667E+9	1.509947000E-5
1.420860000E+9	1.477307000E-5
1.420863333E+9	1.507792000E-5
1.420866667E+9	1.499680000E-5
1.420870000E+9	1.535358000E-5
1.420873333E+9	1.475620000E-5
1.420876667E+9	1.475782000E-5
1.420880000E+9	1.491437000E-5
1.420883333E+9	1.856875000E-5
1.420886667E+9	1.772984000E-5
1.420890000E+9	1.494887000E-5
1.420893333E+9	1.519540000E-5
1.420896667E+9	1.524738000E-5
1.420900000E+9	1.499153000E-5
1.420903333E+9	1.523866000E-5
1.420906667E+9	1.552145000E-5
1.420910000E+9	1.521599000E-5
1.420913333E+9	1.695585000E-5
1.420916667E+9	1.613751000E-5
1.420920000E+9	1.559504000E-5
1.420923333E+9	1.509914000E-5
1.420926667E+9	1.559230000E-5
1.420930000E+9	1.533993000E-5
1.420933333E+9	1.521924000E-5
1.420936667E+9	1.512889000E-5
1.420940000E+9	1.493915000E-5
1.420943333E+9	1.549606000E-5
1.420946667E+9	1.580465000E-5
1.420950000E+9	1.494529000E-5
1.420953333E+9	1.496622000E-5
1.420956667E+9	1.490111000E-5
1.420960000E+9	1.501173000E-5
1.420963333E+9	1.507952000E-5
1.420966667E+9	1.532283000E-5
1.420970000E+9	1.513611000E-5
1.420973333E+9	1.534760000E-5
1.420976667E+9	1.521726000E-5
1.420980000E+9	1.529600000E-5
1.420983333E+9	1.529743000E-5
1.420986667E+9	1.504169000E-5
1.420990000E+9	1.547756000E-5
1.420993333E+9	1.501964000E-5
1.420996667E+9	1.483205000E-5
1.421000000E+9	1.502269000E-5
1.421003333E+9	1.509811000E-5
1.421006667E+9	1.457143000E-5
1.421010000E+9	1.467771000E-5
1.421013333E+9	1.496516000E-5
1.421016667E+9	1.488192000E-5
1.421020000E+9	1.528046000E-5
1.421023333E+9	1.449745000E-5
1.421026667E+9	1.464174000E-5
1.421030000E+9	1.443387000E-5
1.421033333E+9	1.466801000E-5
1.421036667E+9	1.453918000E-5
1.421040000E+9	1.474907000E-5
1.421043333E+9	1.429819000E-5
1.421046667E+9	1.480820000E-5
1.421050000E+9	1.478350000E-5
1.421053333E+9	1.501072000E-5
1.421056667E+9	1.497887000E-5
1.421060000E+9	1.473285000E-5
1.421063333E+9	1.480184000E-5
1.421066667E+9	1.452608000E-5
1.421070000E+9	1.460055000E-5
1.421073333E+9	1.446719000E-5
1.421076667E+9	1.475291000E-5
1.421080000E+9	1.433976000E-5
1.421083333E+9	1.455210000E-5
1.421086667E+9	1.474693000E-5
1.421090000E+9	1.474368000E-5
1.421093333E+9	1.535839000E-5
1.421096667E+9	1.516490000E-5
1.421100000E+9	1.494023000E-5
1.421103333E+9	1.480870000E-5
1.421106667E+9	1.466227000E-5
1.421110000E+9	1.473897000E-5
1.421113333E+9	1.470543000E-5
1.421116667E+9	1.446257000E-5
1.421120000E+9	1.461580000E-5
1.421123333E+9	1.440926000E-5
1.421126667E+9	1.462203000E-5
1.421130000E+9	1.485687000E-5
1.421133333E+9	1.457932000E-5
1.421136667E+9	1.475488000E-5
1.421140000E+9	1.487810000E-5
1.421143333E+9	1.439745000E-5
1.421146667E+9	1.455081000E-5
1.421150000E+9	1.453257000E-5
1.421153333E+9	1.473599000E-5
1.421156667E+9	1.449358000E-5
1.421160000E+9	1.455391000E-5
1.421163333E+9	1.431935000E-5
1.421166667E+9	1.470594000E-5
1.421170000E+9	1.467133000E-5
1.421173333E+9	1.465185000E-5
1.421176667E+9	1.712416000E-5
1.421180000E+9	2.050123000E-5
1.421183333E+9	1.475174000E-5
1.421186667E+9	1.471368000E-5
1.421190000E+9	1.479135000E-5
1.421193333E+9	1.480659000E-5
1.421196667E+9	1.453253000E-5
1.421200000E+9	1.467736000E-5
1.421203333E+9	1.478149000E-5
1.421206667E+9	1.562088000E-5
1.421210000E+9	1.471660000E-5
1.421213333E+9	1.475945000E-5
1.421216667E+9	1.462762000E-5
1.421220000E+9	1.443958000E-5
1.421223333E+9	1.445817000E-5
1.421226667E+9	1.460162000E-5
1.421230000E+9	1.407491000E-5
1.421233333E+9	1.466473000E-5
1.421236667E+9	1.453688000E-5
1.421240000E+9	1.437952000E-5
1.421243333E+9	1.484039000E-5
1.421246667E+9	1.471761000E-5
1.421250000E+9	1.462387000E-5
1.421253333E+9	1.448412000E-5
1.421256667E+9	1.476983000E-5
1.421260000E+9	1.486572000E-5
1.421263333E+9	1.491020000E-5
1.421266667E+9	1.469884000E-5
1.421270000E+9	1.465874000E-5
1.421273333E+9	1.463102000E-5
1.421276667E+9	1.466745000E-5
1.421280000E+9	1.448402000E-5
1.421283333E+9	1.444587000E-5
1.421286667E+9	1.461047000E-5
1.421290000E+9	1.446524000E-5
1.421293333E+9	1.437843000E-5
1.421296667E+9	1.455220000E-5
1.421300000E+9	1.420134000E-5
1.421303333E+9	1.430972000E-5
1.421306667E+9	1.428278000E-5
1.421310000E+9	1.466708000E-5
1.421313333E+9	1.454568000E-5
1.421316667E+9	1.496465000E-5
1.421320000E+9	1.456614000E-5
1.421323333E+9	1.463534000E-5
1.421326667E+9	1.444714000E-5
1.421330000E+9	1.443653000E-5
1.421333333E+9	1.444935000E-5
1.421336667E+9	1.485638000E-5
1.421340000E+9	1.473749000E-5
1.421343333E+9	1.477416000E-5
1.421346667E+9	1.453004000E-5
1.421350000E+9	1.451937000E-5
1.421353333E+9	1.471539000E-5
1.421356667E+9	1.453526000E-5
1.421360000E+9	1.483127000E-5
1.421363333E+9	1.455086000E-5
1.421366667E+9	1.487988000E-5
1.421370000E+9	1.454637000E-5
1.421373333E+9	1.453870000E-5
1.421376667E+9	1.440572000E-5
1.421380000E+9	1.457831000E-5
1.421383333E+9	1.453363000E-5
1.421386667E+9	1.453923000E-5
1.421390000E+9	1.463497000E-5
1.421393333E+9	1.459050000E-5
1.421396667E+9	1.453656000E-5
1.421400000E+9	1.472802000E-5
