Frequency, Hz	Amplitude, Volts
1.419400000E+9	1.802198000E-5
1.419403333E+9	1.797880000E-5
1.419406667E+9	1.792694000E-5
1.419410000E+9	1.847650000E-5
1.419413333E+9	1.819178000E-5
1.419416667E+9	1.807632000E-5
1.419420000E+9	1.831277000E-5
1.419423333E+9	1.810302000E-5
1.419426667E+9	1.791319000E-5
1.419430000E+9	1.796591000E-5
1.419433333E+9	1.809781000E-5
1.419436667E+9	1.834203000E-5
1.419440000E+9	1.826231000E-5
1.419443333E+9	1.866441000E-5
1.419446667E+9	1.808311000E-5
1.419450000E+9	1.781228000E-5
1.419453333E+9	1.827593000E-5
1.419456667E+9	1.821313000E-5
1.419460000E+9	1.807811000E-5
1.419463333E+9	1.789406000E-5
1.419466667E+9	1.819432000E-5
1.419470000E+9	1.813897000E-5
1.419473333E+9	1.751358000E-5
1.419476667E+9	1.767476000E-5
1.419480000E+9	1.807742000E-5
1.419483333E+9	1.776780000E-5
1.419486667E+9	1.833530000E-5
1.419490000E+9	1.885118000E-5
1.419493333E+9	1.786420000E-5
1.419496667E+9	1.811900000E-5
1.419500000E+9	1.771089000E-5
1.419503333E+9	1.801654000E-5
1.419506667E+9	1.817637000E-5
1.419510000E+9	1.811811000E-5
1.419513333E+9	1.810592000E-5
1.419516667E+9	1.789848000E-5
1.419520000E+9	1.808512000E-5
1.419523333E+9	1.795643000E-5
1.419526667E+9	1.799650000E-5
1.419530000E+9	1.792292000E-5
1.419533333E+9	1.801441000E-5
1.419536667E+9	1.900076000E-5
1.419540000E+9	1.830730000E-5
1.419543333E+9	1.772173000E-5
1.419546667E+9	1.805938000E-5
1.419550000E+9	1.797004000E-5
1.419553333E+9	1.811678000E-5
1.419556667E+9	1.792582000E-5
1.419560000E+9	1.805068000E-5
1.419563333E+9	1.801593000E-5
1.419566667E+9	1.792846000E-5
1.419570000E+9	1.831773000E-5
1.419573333E+9	1.801720000E-5
1.419576667E+9	1.798561000E-5
1.419580000E+9	1.815104000E-5
1.419583333E+9	1.861112000E-5
1.419586667E+9	1.812563000E-5
1.419590000E+9	1.811580000E-5
1.419593333E+9	1.776792000E-5
1.419596667E+9	1.812782000E-5
1.419600000E+9	1.799766000E-5
1.419603333E+9	1.814768000E-5
1.419606667E+9	1.788171000E-5
1.419610000E+9	1.792905000E-5
1.419613333E+9	1.780313000E-5
1.419616667E+9	1.789280000E-5
1.419620000E+9	1.756482000E-5
1.419623333E+9	1.788638000E-5
1.419626667E+9	1.811278000E-5
1.419630000E+9	1.837179000E-5
1.419633333E+9	1.843607000E-5
1.419636667E+9	1.815983000E-5
1.419640000E+9	1.759713000E-5
1.419643333E+9	1.769834000E-5
1.419646667E+9	1.783361000E-5
1.419650000E+9	1.752552000E-5
1.419653333E+9	1.828482000E-5
1.419656667E+9	1.811725000E-5
1.419660000E+9	1.781287000E-5
1.419663333E+9	1.819538000E-5
1.419666667E+9	1.812870000E-5
1.419670000E+9	1.817932000E-5
1.419673333E+9	1.768064000E-5
1.419676667E+9	1.870727000E-5
1.419680000E+9	1.785820000E-5
1.419683333E+9	1.762540000E-5
1.419686667E+9	1.756474000E-5
1.419690000E+9	1.793452000E-5
1.419693333E+9	1.801346000E-5
1.419696667E+9	1.779881000E-5
1.419700000E+9	1.820423000E-5
1.419703333E+9	1.757786000E-5
1.419706667E+9	1.771247000E-5
1.419710000E+9	1.767049000E-5
1.419713333E+9	1.792607000E-5
1.419716667E+9	1.789086000E-5
1.419720000E+9	1.787704000E-5
1.419723333E+9	1.843573000E-5
1.419726667E+9	1.795712000E-5
1.419730000E+9	1.768266000E-5
1.419733333E+9	1.976694000E-5
1.419736667E+9	1.834424000E-5
1.419740000E+9	1.813783000E-5
1.419743333E+9	1.800895000E-5
1.419746667E+9	1.896924000E-5
1.419750000E+9	1.845766000E-5
1.419753333E+9	1.832578000E-5
1.419756667E+9	1.771229000E-5
1.419760000E+9	1.799093000E-5
1.419763333E+9	1.758767000E-5
1.419766667E+9	1.806926000E-5
1.419770000E+9	1.877896000E-5
1.419773333E+9	1.793121000E-5
1.419776667E+9	1.765192000E-5
1.419780000E+9	1.806394000E-5
1.419783333E+9	1.799099000E-5
1.419786667E+9	1.798078000E-5
1.419790000E+9	1.820113000E-5
1.419793333E+9	1.839113000E-5
1.419796667E+9	1.832514000E-5
1.419800000E+9	1.800960000E-5
1.419803333E+9	1.830040000E-5
1.419806667E+9	1.795197000E-5
1.419810000E+9	1.790068000E-5
1.419813333E+9	1.792885000E-5
1.419816667E+9	1.849879000E-5
1.419820000E+9	1.817027000E-5
1.419823333E+9	1.790045000E-5
1.419826667E+9	1.794459000E-5
1.419830000E+9	1.806357000E-5
1.419833333E+9	1.830539000E-5
1.419836667E+9	1.812808000E-5
1.419840000E+9	1.799503000E-5
1.419843333E+9	1.817228000E-5
1.419846667E+9	1.821053000E-5
1.419850000E+9	1.794660000E-5
1.419853333E+9	1.835929000E-5
1.419856667E+9	1.789388000E-5
1.419860000E+9	1.797939000E-5
1.419863333E+9	1.860401000E-5
1.419866667E+9	1.834084000E-5
1.419870000E+9	1.814236000E-5
1.419873333E+9	1.763979000E-5
1.419876667E+9	1.761115000E-5
1.419880000E+9	1.742674000E-5
1.419883333E+9	1.789443000E-5
1.419886667E+9	1.805780000E-5
1.419890000E+9	1.797207000E-5
1.419893333E+9	1.777557000E-5
1.419896667E+9	1.841978000E-5
1.419900000E+9	1.781793000E-5
1.419903333E+9	1.782600000E-5
1.419906667E+9	1.775593000E-5
1.419910000E+9	1.857658000E-5
1.419913333E+9	1.820133000E-5
1.419916667E+9	1.812131000E-5
1.419920000E+9	1.797379000E-5
1.419923333E+9	1.783024000E-5
1.419926667E+9	1.806847000E-5
1.419930000E+9	1.753101000E-5
1.419933333E+9	1.789259000E-5
1.419936667E+9	1.814805000E-5
1.419940000E+9	1.810153000E-5
1.419943333E+9	1.771743000E-5
1.419946667E+9	1.744537000E-5
1.419950000E+9	1.784432000E-5
1.419953333E+9	1.757421000E-5
1.419956667E+9	1.842146000E-5
1.419960000E+9	1.800998000E-5
1.419963333E+9	1.759796000E-5
1.419966667E+9	1.789909000E-5
1.419970000E+9	1.810228000E-5
1.419973333E+9	1.799071000E-5
1.419976667E+9	1.788508000E-5
1.419980000E+9	1.818975000E-5
1.419983333E+9	1.788253000E-5
1.419986667E+9	1.789935000E-5
1.419990000E+9	1.781195000E-5
1.419993333E+9	1.809008000E-5
1.419996667E+9	1.787725000E-5
1.420000000E+9	1.816284000E-5
1.420003333E+9	1.914048000E-5
1.420006667E+9	1.786283000E-5
1.420010000E+9	1.806662000E-5
1.420013333E+9	1.769080000E-5
1.420016667E+9	1.759070000E-5
1.420020000E+9	1.786102000E-5
1.420023333E+9	1.812734000E-5
1.420026667E+9	1.893362000E-5
1.420030000E+9	1.814606000E-5
1.420033333E+9	1.771957000E-5
1.420036667E+9	1.802994000E-5
1.420040000E+9	1.850070000E-5
1.420043333E+9	1.785279000E-5
1.420046667E+9	1.767988000E-5
1.420050000E+9	1.838447000E-5
1.420053333E+9	1.842836000E-5
1.420056667E+9	1.824253000E-5
1.420060000E+9	1.804045000E-5
1.420063333E+9	1.808583000E-5
1.420066667E+9	1.769128000E-5
1.420070000E+9	1.781459000E-5
1.420073333E+9	1.802707000E-5
1.420076667E+9	1.772809000E-5
1.420080000E+9	1.781819000E-5
1.420083333E+9	1.762765000E-5
1.420086667E+9	1.793633000E-5
1.420090000E+9	1.809100000E-5
1.420093333E+9	1.801674000E-5
1.420096667E+9	1.873376000E-5
1.420100000E+9	1.844016000E-5
1.420103333E+9	1.755730000E-5
1.420106667E+9	1.770592000E-5
1.420110000E+9	1.797825000E-5
1.420113333E+9	1.795791000E-5
1.420116667E+9	1.781363000E-5
1.420120000E+9	1.804509000E-5
1.420123333E+9	1.834156000E-5
1.420126667E+9	1.819554000E-5
1.420130000E+9	1.793726000E-5
1.420133333E+9	1.804878000E-5
1.420136667E+9	1.796818000E-5
1.420140000E+9	1.818034000E-5
1.420143333E+9	1.849405000E-5
1.420146667E+9	1.818587000E-5
1.420150000E+9	1.831277000E-5
1.420153333E+9	1.824762000E-5
1.420156667E+9	1.847285000E-5
1.420160000E+9	1.797418000E-5
1.420163333E+9	1.825491000E-5
1.420166667E+9	1.799144000E-5
1.420170000E+9	1.825048000E-5
1.420173333E+9	1.832099000E-5
1.420176667E+9	1.787248000E-5
1.420180000E+9	1.811020000E-5
1.420183333E+9	1.833103000E-5
1.420186667E+9	1.840189000E-5
1.420190000E+9	1.911276000E-5
1.420193333E+9	1.833778000E-5
1.420196667E+9	1.862046000E-5
1.420200000E+9	1.834376000E-5
1.420203333E+9	1.862146000E-5
1.420206667E+9	1.822765000E-5
1.420210000E+9	1.873621000E-5
1.420213333E+9	1.904815000E-5
1.420216667E+9	1.871357000E-5
1.420220000E+9	1.864337000E-5
1.420223333E+9	1.895745000E-5
1.420226667E+9	1.911093000E-5
1.420230000E+9	1.872845000E-5
1.420233333E+9	1.925164000E-5
1.420236667E+9	1.931112000E-5
1.420240000E+9	1.913569000E-5
1.420243333E+9	1.929345000E-5
1.420246667E+9	1.935075000E-5
1.420250000E+9	1.926126000E-5
1.420253333E+9	1.972687000E-5
1.420256667E+9	1.927765000E-5
1.420260000E+9	1.961829000E-5
1.420263333E+9	1.927528000E-5
1.420266667E+9	1.901167000E-5
1.420270000E+9	1.923258000E-5
1.420273333E+9	1.918753000E-5
1.420276667E+9	1.929457000E-5
1.420280000E+9	1.956673000E-5
1.420283333E+9	1.976381000E-5
1.420286667E+9	1.978594000E-5
1.420290000E+9	1.922219000E-5
1.420293333E+9	1.913065000E-5
1.420296667E+9	1.922962000E-5
1.420300000E+9	1.906619000E-5
1.420303333E+9	1.886112000E-5
1.420306667E+9	1.923131000E-5
1.420310000E+9	1.955264000E-5
1.420313333E+9	1.967014000E-5
1.420316667E+9	1.950118000E-5
1.420320000E+9	1.951616000E-5
1.420323333E+9	1.938437000E-5
1.420326667E+9	1.883246000E-5
1.420330000E+9	1.950350000E-5
1.420333333E+9	1.977847000E-5
1.420336667E+9	1.876054000E-5
1.420340000E+9	1.860037000E-5
1.420343333E+9	1.880651000E-5
1.420346667E+9	1.860109000E-5
1.420350000E+9	1.832310000E-5
1.420353333E+9	1.873907000E-5
1.420356667E+9	1.840600000E-5
1.420360000E+9	1.834406000E-5
1.420363333E+9	1.831037000E-5
1.420366667E+9	1.827711000E-5
1.420370000E+9	1.811334000E-5
1.420373333E+9	1.858596000E-5
1.420376667E+9	1.881425000E-5
1.420380000E+9	1.821949000E-5
1.420383333E+9	1.810884000E-5
1.420386667E+9	1.799079000E-5
1.420390000E+9	1.838202000E-5
1.420393333E+9	1.849048000E-5
1.420396667E+9	1.807968000E-5
1.420400000E+9	1.851604000E-5
1.420403333E+9	1.789579000E-5
1.420406667E+9	1.847804000E-5
1.420410000E+9	1.815262000E-5
1.420413333E+9	1.818835000E-5
1.420416667E+9	1.793905000E-5
1.420420000E+9	1.815652000E-5
1.420423333E+9	1.826137000E-5
1.420426667E+9	1.810149000E-5
1.420430000E+9	1.820363000E-5
1.420433333E+9	1.794461000E-5
1.420436667E+9	1.825695000E-5
1.420440000E+9	1.775872000E-5
1.420443333E+9	1.828105000E-5
1.420446667E+9	1.823217000E-5
1.420450000E+9	1.817797000E-5
1.420453333E+9	1.782960000E-5
1.420456667E+9	1.771330000E-5
1.420460000E+9	1.741234000E-5
1.420463333E+9	1.776636000E-5
1.420466667E+9	1.825379000E-5
1.420470000E+9	1.826323000E-5
1.420473333E+9	1.783206000E-5
1.420476667E+9	1.812951000E-5
1.420480000E+9	1.813385000E-5
1.420483333E+9	1.798453000E-5
1.420486667E+9	1.801093000E-5
1.420490000E+9	1.723492000E-5
1.420493333E+9	1.772883000E-5
1.420496667E+9	1.781795000E-5
1.420500000E+9	1.755460000E-5
1.420503333E+9	1.779703000E-5
1.420506667E+9	1.750804000E-5
1.420510000E+9	1.792487000E-5
1.420513333E+9	1.819616000E-5
1.420516667E+9	1.839489000E-5
1.420520000E+9	1.807706000E-5
1.420523333E+9	1.766925000E-5
1.420526667E+9	1.725148000E-5
1.420530000E+9	1.776613000E-5
1.420533333E+9	1.744018000E-5
1.420536667E+9	1.785951000E-5
1.420540000E+9	1.796757000E-5
1.420543333E+9	1.774989000E-5
1.420546667E+9	1.758742000E-5
1.420550000E+9	1.778297000E-5
1.420553333E+9	1.723953000E-5
1.420556667E+9	1.775560000E-5
1.420560000E+9	1.814469000E-5
1.420563333E+9	1.806061000E-5
1.420566667E+9	1.791592000E-5
1.420570000E+9	1.747896000E-5
1.420573333E+9	1.740320000E-5
1.420576667E+9	1.733251000E-5
1.420580000E+9	1.762892000E-5
1.420583333E+9	1.732268000E-5
1.420586667E+9	1.764227000E-5
1.420590000E+9	1.758352000E-5
1.420593333E+9	1.750981000E-5
1.420596667E+9	1.770928000E-5
1.420600000E+9	1.787611000E-5
1.420603333E+9	1.817124000E-5
1.420606667E+9	1.772780000E-5
1.420610000E+9	1.816099000E-5
1.420613333E+9	1.760908000E-5
1.420616667E+9	1.743200000E-5
1.420620000E+9	1.765413000E-5
1.420623333E+9	1.759306000E-5
1.420626667E+9	1.800134000E-5
1.420630000E+9	1.760426000E-5
1.420633333E+9	1.754739000E-5
1.420636667E+9	1.762002000E-5
1.420640000E+9	1.754603000E-5
1.420643333E+9	1.759939000E-5
1.420646667E+9	1.743145000E-5
1.420650000E+9	1.745054000E-5
1.420653333E+9	1.782836000E-5
1.420656667E+9	1.806811000E-5
1.420660000E+9	1.739420000E-5
1.420663333E+9	1.739724000E-5
1.420666667E+9	1.774131000E-5
1.420670000E+9	1.761687000E-5
1.420673333E+9	1.738747000E-5
1.420676667E+9	1.730221000E-5
1.420680000E+9	1.772587000E-5
1.420683333E+9	1.760964000E-5
1.420686667E+9	1.748067000E-5
1.420690000E+9	1.742557000E-5
1.420693333E+9	1.778098000E-5
1.420696667E+9	1.774318000E-5
1.420700000E+9	1.776687000E-5
1.420703333E+9	1.782977000E-5
1.420706667E+9	1.760848000E-5
1.420710000E+9	1.781115000E-5
1.420713333E+9	1.723465000E-5
1.420716667E+9	1.726065000E-5
1.420720000E+9	1.757305000E-5
1.420723333E+9	1.761849000E-5
1.420726667E+9	1.747928000E-5
1.420730000E+9	1.748982000E-5
1.420733333E+9	1.705159000E-5
1.420736667E+9	1.751250000E-5
1.420740000E+9	1.759599000E-5
1.420743333E+9	1.750062000E-5
1.420746667E+9	1.795093000E-5
1.420750000E+9	1.783817000E-5
1.420753333E+9	1.747046000E-5
1.420756667E+9	1.723395000E-5
1.420760000E+9	1.724574000E-5
1.420763333E+9	1.752498000E-5
1.420766667E+9	1.708374000E-5
1.420770000E+9	1.752265000E-5
1.420773333E+9	1.752227000E-5
1.420776667E+9	1.760185000E-5
1.420780000E+9	1.698874000E-5
1.420783333E+9	1.724328000E-5
1.420786667E+9	1.769723000E-5
1.420790000E+9	1.757991000E-5
1.420793333E+9	1.763388000E-5
1.420796667E+9	1.802436000E-5
1.420800000E+9	1.747702000E-5
1.420803333E+9	1.743493000E-5
1.420806667E+9	1.767808000E-5
1.420810000E+9	1.741404000E-5
1.420813333E+9	1.779033000E-5
1.420816667E+9	1.700464000E-5
1.420820000E+9	1.741752000E-5
1.420823333E+9	1.749981000E-5
1.420826667E+9	1.757389000E-5
1.420830000E+9	1.729767000E-5
1.420833333E+9	1.703392000E-5
1.420836667E+9	1.744985000E-5
1.420840000E+9	1.767996000E-5
1.420843333E+9	1.816011000E-5
1.420846667E+9	1.747888000E-5
1.420850000E+9	1.728963000E-5
1.420853333E+9	1.748520000E-5
1.420856667E+9	1.717258000E-5
1.420860000E+9	1.729208000E-5
1.420863333E+9	1.708547000E-5
1.420866667E+9	1.767284000E-5
1.420870000E+9	1.736789000E-5
1.420873333E+9	1.779785000E-5
1.420876667E+9	1.768963000E-5
1.420880000E+9	1.726901000E-5
1.420883333E+9	1.805427000E-5
1.420886667E+9	1.814116000E-5
1.420890000E+9	1.741257000E-5
1.420893333E+9	1.784411000E-5
1.420896667E+9	1.767732000E-5
1.420900000E+9	1.770183000E-5
1.420903333E+9	1.806035000E-5
1.420906667E+9	1.849054000E-5
1.420910000E+9	1.747969000E-5
1.420913333E+9	1.785646000E-5
1.420916667E+9	1.791932000E-5
1.420920000E+9	1.825008000E-5
1.420923333E+9	1.763311000E-5
1.420926667E+9	1.783649000E-5
1.420930000E+9	1.756789000E-5
1.420933333E+9	1.740840000E-5
1.420936667E+9	1.790678000E-5
1.420940000E+9	1.746100000E-5
1.420943333E+9	1.707077000E-5
1.420946667E+9	1.747944000E-5
1.420950000E+9	1.750146000E-5
1.420953333E+9	1.728483000E-5
1.420956667E+9	1.717185000E-5
1.420960000E+9	1.751806000E-5
1.420963333E+9	1.728434000E-5
1.420966667E+9	1.759128000E-5
1.420970000E+9	1.786567000E-5
1.420973333E+9	1.743824000E-5
1.420976667E+9	1.731214000E-5
1.420980000E+9	1.742297000E-5
1.420983333E+9	1.758195000E-5
1.420986667E+9	1.744627000E-5
1.420990000E+9	1.740584000E-5
1.420993333E+9	1.740682000E-5
1.420996667E+9	1.762968000E-5
1.421000000E+9	1.750208000E-5
1.421003333E+9	1.802402000E-5
1.421006667E+9	1.803643000E-5
1.421010000E+9	1.769223000E-5
1.421013333E+9	1.731237000E-5
1.421016667E+9	1.727366000E-5
1.421020000E+9	1.777864000E-5
1.421023333E+9	1.720032000E-5
1.421026667E+9	1.752173000E-5
1.421030000E+9	1.787560000E-5
1.421033333E+9	1.729216000E-5
1.421036667E+9	1.735904000E-5
1.421040000E+9	1.744801000E-5
1.421043333E+9	1.740399000E-5
1.421046667E+9	1.730350000E-5
1.421050000E+9	1.759000000E-5
1.421053333E+9	1.723200000E-5
1.421056667E+9	1.720895000E-5
1.421060000E+9	1.718530000E-5
1.421063333E+9	1.742986000E-5
1.421066667E+9	1.744985000E-5
1.421070000E+9	1.763113000E-5
1.421073333E+9	1.715671000E-5
1.421076667E+9	1.742131000E-5
1.421080000E+9	1.721555000E-5
1.421083333E+9	1.723673000E-5
1.421086667E+9	1.745347000E-5
1.421090000E+9	1.750020000E-5
1.421093333E+9	1.785991000E-5
1.421096667E+9	1.797777000E-5
1.421100000E+9	1.783823000E-5
1.421103333E+9	1.787370000E-5
1.421106667E+9	1.764227000E-5
1.421110000E+9	1.759323000E-5
1.421113333E+9	1.716399000E-5
1.421116667E+9	1.738540000E-5
1.421120000E+9	1.781660000E-5
1.421123333E+9	1.779813000E-5
1.421126667E+9	1.806769000E-5
1.421130000E+9	1.731678000E-5
1.421133333E+9	1.778617000E-5
1.421136667E+9	1.738241000E-5
1.421140000E+9	1.716020000E-5
1.421143333E+9	1.764227000E-5
1.421146667E+9	1.741844000E-5
1.421150000E+9	1.763802000E-5
1.421153333E+9	1.733010000E-5
1.421156667E+9	1.745882000E-5
1.421160000E+9	1.758655000E-5
1.421163333E+9	1.739548000E-5
1.421166667E+9	1.775404000E-5
1.421170000E+9	1.769744000E-5
1.421173333E+9	1.743916000E-5
1.421176667E+9	1.813359000E-5
1.421180000E+9	1.861083000E-5
1.421183333E+9	1.717196000E-5
1.421186667E+9	1.749219000E-5
1.421190000E+9	1.766886000E-5
1.421193333E+9	1.774381000E-5
1.421196667E+9	1.752184000E-5
1.421200000E+9	1.777955000E-5
1.421203333E+9	1.779481000E-5
1.421206667E+9	1.765913000E-5
1.421210000E+9	1.768221000E-5
1.421213333E+9	1.752504000E-5
1.421216667E+9	1.781070000E-5
1.421220000E+9	1.766293000E-5
1.421223333E+9	1.760683000E-5
1.421226667E+9	1.745315000E-5
1.421230000E+9	1.758678000E-5
1.421233333E+9	1.769264000E-5
1.421236667E+9	1.751981000E-5
1.421240000E+9	1.746049000E-5
1.421243333E+9	1.726050000E-5
1.421246667E+9	1.780315000E-5
1.421250000E+9	1.777692000E-5
1.421253333E+9	1.746850000E-5
1.421256667E+9	1.748884000E-5
1.421260000E+9	1.791720000E-5
1.421263333E+9	1.792930000E-5
1.421266667E+9	1.754393000E-5
1.421270000E+9	1.733379000E-5
1.421273333E+9	1.733162000E-5
1.421276667E+9	1.758944000E-5
1.421280000E+9	1.729808000E-5
1.421283333E+9	1.750306000E-5
1.421286667E+9	1.744939000E-5
1.421290000E+9	1.736964000E-5
1.421293333E+9	1.785604000E-5
1.421296667E+9	1.782623000E-5
1.421300000E+9	1.798921000E-5
1.421303333E+9	1.745867000E-5
1.421306667E+9	1.773191000E-5
1.421310000E+9	1.772790000E-5
1.421313333E+9	1.729890000E-5
1.421316667E+9	1.740175000E-5
1.421320000E+9	1.759582000E-5
1.421323333E+9	1.750950000E-5
1.421326667E+9	1.747834000E-5
1.421330000E+9	1.843951000E-5
1.421333333E+9	1.816831000E-5
1.421336667E+9	1.760399000E-5
1.421340000E+9	1.772194000E-5
1.421343333E+9	1.778947000E-5
1.421346667E+9	1.760264000E-5
1.421350000E+9	1.757958000E-5
1.421353333E+9	1.776886000E-5
1.421356667E+9	1.797728000E-5
1.421360000E+9	1.769861000E-5
1.421363333E+9	1.839951000E-5
1.421366667E+9	2.036885000E-5
1.421370000E+9	1.804781000E-5
1.421373333E+9	1.768932000E-5
1.421376667E+9	1.726753000E-5
1.421380000E+9	1.735319000E-5
1.421383333E+9	1.784711000E-5
1.421386667E+9	1.744631000E-5
1.421390000E+9	1.737828000E-5
1.421393333E+9	1.772070000E-5
1.421396667E+9	1.743520000E-5
1.421400000E+9	1.801591000E-5
