Frequency, Hz	Amplitude, Volts
1.419400000E+9	1.577427000E-5
1.419403333E+9	1.569005000E-5
1.419406667E+9	1.603717000E-5
1.419410000E+9	1.578906000E-5
1.419413333E+9	1.627945000E-5
1.419416667E+9	1.602164000E-5
1.419420000E+9	1.593921000E-5
1.419423333E+9	1.568860000E-5
1.419426667E+9	1.541222000E-5
1.419430000E+9	1.594405000E-5
1.419433333E+9	1.604368000E-5
1.419436667E+9	1.591477000E-5
1.419440000E+9	1.565118000E-5
1.419443333E+9	1.550416000E-5
1.419446667E+9	1.593125000E-5
1.419450000E+9	1.702210000E-5
1.419453333E+9	1.723781000E-5
1.419456667E+9	1.657847000E-5
1.419460000E+9	1.618953000E-5
1.419463333E+9	1.599298000E-5
1.419466667E+9	1.587428000E-5
1.419470000E+9	1.597899000E-5
1.419473333E+9	1.554147000E-5
1.419476667E+9	1.557750000E-5
1.419480000E+9	1.572599000E-5
1.419483333E+9	1.554804000E-5
1.419486667E+9	1.593521000E-5
1.419490000E+9	1.584997000E-5
1.419493333E+9	1.573406000E-5
1.419496667E+9	1.589921000E-5
1.419500000E+9	1.588764000E-5
1.419503333E+9	1.593589000E-5
1.419506667E+9	1.582220000E-5
1.419510000E+9	1.616917000E-5
1.419513333E+9	1.581548000E-5
1.419516667E+9	1.554439000E-5
1.419520000E+9	1.562973000E-5
1.419523333E+9	1.577576000E-5
1.419526667E+9	1.514217000E-5
1.419530000E+9	1.578436000E-5
1.419533333E+9	1.591145000E-5
1.419536667E+9	1.586235000E-5
1.419540000E+9	1.583807000E-5
1.419543333E+9	1.581914000E-5
1.419546667E+9	1.546640000E-5
1.419550000E+9	1.568717000E-5
1.419553333E+9	1.564209000E-5
1.419556667E+9	1.570874000E-5
1.419560000E+9	1.522091000E-5
1.419563333E+9	1.556221000E-5
1.419566667E+9	1.593773000E-5
1.419570000E+9	1.592900000E-5
1.419573333E+9	1.586966000E-5
1.419576667E+9	1.574204000E-5
1.419580000E+9	1.536707000E-5
1.419583333E+9	1.571081000E-5
1.419586667E+9	1.579473000E-5
1.419590000E+9	1.565876000E-5
1.419593333E+9	1.572573000E-5
1.419596667E+9	1.571460000E-5
1.419600000E+9	1.627141000E-5
1.419603333E+9	1.569012000E-5
1.419606667E+9	1.562071000E-5
1.419610000E+9	1.590527000E-5
1.419613333E+9	1.548086000E-5
1.419616667E+9	1.580916000E-5
1.419620000E+9	1.563008000E-5
1.419623333E+9	1.592139000E-5
1.419626667E+9	1.533156000E-5
1.419630000E+9	1.571584000E-5
1.419633333E+9	1.564021000E-5
1.419636667E+9	1.567808000E-5
1.419640000E+9	1.558280000E-5
1.419643333E+9	1.599331000E-5
1.419646667E+9	1.592143000E-5
1.419650000E+9	1.548822000E-5
1.419653333E+9	1.576139000E-5
1.419656667E+9	1.562846000E-5
1.419660000E+9	1.564761000E-5
1.419663333E+9	1.544938000E-5
1.419666667E+9	1.585529000E-5
1.419670000E+9	1.562616000E-5
1.419673333E+9	1.587684000E-5
1.419676667E+9	1.571650000E-5
1.419680000E+9	1.571814000E-5
1.419683333E+9	1.580001000E-5
1.419686667E+9	1.544036000E-5
1.419690000E+9	1.564397000E-5
1.419693333E+9	1.570311000E-5
1.419696667E+9	1.586393000E-5
1.419700000E+9	1.605713000E-5
1.419703333E+9	1.561005000E-5
1.419706667E+9	1.610342000E-5
1.419710000E+9	1.614354000E-5
1.419713333E+9	1.547115000E-5
1.419716667E+9	1.565108000E-5
1.419720000E+9	1.598071000E-5
1.419723333E+9	1.564567000E-5
1.419726667E+9	1.545386000E-5
1.419730000E+9	1.613264000E-5
1.419733333E+9	1.824249000E-5
1.419736667E+9	1.615077000E-5
1.419740000E+9	1.569806000E-5
1.419743333E+9	1.661090000E-5
1.419746667E+9	1.752027000E-5
1.419750000E+9	1.653796000E-5
1.419753333E+9	1.590974000E-5
1.419756667E+9	1.610662000E-5
1.419760000E+9	1.549135000E-5
1.419763333E+9	1.567409000E-5
1.419766667E+9	1.573845000E-5
1.419770000E+9	1.589472000E-5
1.419773333E+9	1.567689000E-5
1.419776667E+9	1.644126000E-5
1.419780000E+9	1.578037000E-5
1.419783333E+9	1.598411000E-5
1.419786667E+9	1.573954000E-5
1.419790000E+9	1.613831000E-5
1.419793333E+9	1.568635000E-5
1.419796667E+9	1.606798000E-5
1.419800000E+9	1.557786000E-5
1.419803333E+9	1.575025000E-5
1.419806667E+9	1.573164000E-5
1.419810000E+9	1.555584000E-5
1.419813333E+9	1.573325000E-5
1.419816667E+9	1.572635000E-5
1.419820000E+9	1.598633000E-5
1.419823333E+9	1.573098000E-5
1.419826667E+9	1.541080000E-5
1.419830000E+9	1.584544000E-5
1.419833333E+9	1.608347000E-5
1.419836667E+9	1.577412000E-5
1.419840000E+9	1.607835000E-5
1.419843333E+9	1.578037000E-5
1.419846667E+9	1.557900000E-5
1.419850000E+9	1.584885000E-5
1.419853333E+9	1.598229000E-5
1.419856667E+9	1.594496000E-5
1.419860000E+9	1.628278000E-5
1.419863333E+9	1.603824000E-5
1.419866667E+9	1.588174000E-5
1.419870000E+9	1.633345000E-5
1.419873333E+9	1.592781000E-5
1.419876667E+9	1.604391000E-5
1.419880000E+9	1.589662000E-5
1.419883333E+9	1.598803000E-5
1.419886667E+9	1.586339000E-5
1.419890000E+9	1.592307000E-5
1.419893333E+9	1.587198000E-5
1.419896667E+9	1.605948000E-5
1.419900000E+9	1.642353000E-5
1.419903333E+9	1.611198000E-5
1.419906667E+9	1.603659000E-5
1.419910000E+9	1.597296000E-5
1.419913333E+9	1.568660000E-5
1.419916667E+9	1.597126000E-5
1.419920000E+9	1.607451000E-5
1.419923333E+9	1.599165000E-5
1.419926667E+9	1.591309000E-5
1.419930000E+9	1.588256000E-5
1.419933333E+9	1.612400000E-5
1.419936667E+9	1.603395000E-5
1.419940000E+9	1.585801000E-5
1.419943333E+9	1.564091000E-5
1.419946667E+9	1.604016000E-5
1.419950000E+9	1.582152000E-5
1.419953333E+9	1.597077000E-5
1.419956667E+9	1.610883000E-5
1.419960000E+9	1.611196000E-5
1.419963333E+9	1.616883000E-5
1.419966667E+9	1.623499000E-5
1.419970000E+9	1.638707000E-5
1.419973333E+9	1.667742000E-5
1.419976667E+9	1.604996000E-5
1.419980000E+9	1.613861000E-5
1.419983333E+9	1.615804000E-5
1.419986667E+9	1.624440000E-5
1.419990000E+9	1.633584000E-5
1.419993333E+9	1.620274000E-5
1.419996667E+9	1.616228000E-5
1.420000000E+9	1.696211000E-5
1.420003333E+9	1.763909000E-5
1.420006667E+9	1.639006000E-5
1.420010000E+9	1.634766000E-5
1.420013333E+9	1.585004000E-5
1.420016667E+9	1.612405000E-5
1.420020000E+9	1.590792000E-5
1.420023333E+9	1.623271000E-5
1.420026667E+9	1.632797000E-5
1.420030000E+9	1.632917000E-5
1.420033333E+9	1.626230000E-5
1.420036667E+9	1.649585000E-5
1.420040000E+9	1.727341000E-5
1.420043333E+9	1.629448000E-5
1.420046667E+9	1.630763000E-5
1.420050000E+9	1.605531000E-5
1.420053333E+9	1.624913000E-5
1.420056667E+9	1.627954000E-5
1.420060000E+9	1.623014000E-5
1.420063333E+9	1.623841000E-5
1.420066667E+9	1.615790000E-5
1.420070000E+9	1.630326000E-5
1.420073333E+9	1.608962000E-5
1.420076667E+9	1.643688000E-5
1.420080000E+9	1.609729000E-5
1.420083333E+9	1.634544000E-5
1.420086667E+9	1.616997000E-5
1.420090000E+9	1.615813000E-5
1.420093333E+9	1.635199000E-5
1.420096667E+9	1.639247000E-5
1.420100000E+9	1.646793000E-5
1.420103333E+9	1.644935000E-5
1.420106667E+9	1.632728000E-5
1.420110000E+9	1.605251000E-5
1.420113333E+9	1.653629000E-5
1.420116667E+9	1.651138000E-5
1.420120000E+9	1.618265000E-5
1.420123333E+9	1.647762000E-5
1.420126667E+9	1.619205000E-5
1.420130000E+9	1.635307000E-5
1.420133333E+9	1.583117000E-5
1.420136667E+9	1.625013000E-5
1.420140000E+9	1.638880000E-5
1.420143333E+9	1.633978000E-5
1.420146667E+9	1.641048000E-5
1.420150000E+9	1.644359000E-5
1.420153333E+9	1.616369000E-5
1.420156667E+9	1.640965000E-5
1.420160000E+9	1.656693000E-5
1.420163333E+9	1.647766000E-5
1.420166667E+9	1.640832000E-5
1.420170000E+9	1.627779000E-5
1.420173333E+9	1.657424000E-5
1.420176667E+9	1.636319000E-5
1.420180000E+9	1.641077000E-5
1.420183333E+9	1.645680000E-5
1.420186667E+9	1.657712000E-5
1.420190000E+9	1.681093000E-5
1.420193333E+9	1.675132000E-5
1.420196667E+9	1.665135000E-5
1.420200000E+9	1.669405000E-5
1.420203333E+9	1.677698000E-5
1.420206667E+9	1.665060000E-5
1.420210000E+9	1.684883000E-5
1.420213333E+9	1.649413000E-5
1.420216667E+9	1.694941000E-5
1.420220000E+9	1.649319000E-5
1.420223333E+9	1.686280000E-5
1.420226667E+9	1.674994000E-5
1.420230000E+9	1.698098000E-5
1.420233333E+9	1.691559000E-5
1.420236667E+9	1.692289000E-5
1.420240000E+9	1.674255000E-5
1.420243333E+9	1.717801000E-5
1.420246667E+9	1.712780000E-5
1.420250000E+9	1.685080000E-5
1.420253333E+9	1.685643000E-5
1.420256667E+9	1.695987000E-5
1.420260000E+9	1.712688000E-5
1.420263333E+9	1.736369000E-5
1.420266667E+9	1.785795000E-5
1.420270000E+9	1.697358000E-5
1.420273333E+9	1.734504000E-5
1.420276667E+9	1.720436000E-5
1.420280000E+9	1.733811000E-5
1.420283333E+9	1.732629000E-5
1.420286667E+9	1.741249000E-5
1.420290000E+9	1.713138000E-5
1.420293333E+9	1.706410000E-5
1.420296667E+9	1.779975000E-5
1.420300000E+9	1.724491000E-5
1.420303333E+9	1.728658000E-5
1.420306667E+9	1.752294000E-5
1.420310000E+9	1.753170000E-5
1.420313333E+9	1.721625000E-5
1.420316667E+9	1.718813000E-5
1.420320000E+9	1.755422000E-5
1.420323333E+9	1.733902000E-5
1.420326667E+9	1.772595000E-5
1.420330000E+9	1.777140000E-5
1.420333333E+9	1.840541000E-5
1.420336667E+9	1.785069000E-5
1.420340000E+9	1.728316000E-5
1.420343333E+9	1.758815000E-5
1.420346667E+9	1.745606000E-5
1.420350000E+9	1.728874000E-5
1.420353333E+9	1.711151000E-5
1.420356667E+9	1.675837000E-5
1.420360000E+9	1.662217000E-5
1.420363333E+9	1.632987000E-5
1.420366667E+9	1.649069000E-5
1.420370000E+9	1.604837000E-5
1.420373333E+9	1.621903000E-5
1.420376667E+9	1.604952000E-5
1.420380000E+9	1.590714000E-5
1.420383333E+9	1.580033000E-5
1.420386667E+9	1.576418000E-5
1.420390000E+9	1.605119000E-5
1.420393333E+9	1.588851000E-5
1.420396667E+9	1.555675000E-5
1.420400000E+9	1.623358000E-5
1.420403333E+9	1.582689000E-5
1.420406667E+9	1.557875000E-5
1.420410000E+9	1.588068000E-5
1.420413333E+9	1.601039000E-5
1.420416667E+9	1.569591000E-5
1.420420000E+9	1.604909000E-5
1.420423333E+9	1.589172000E-5
1.420426667E+9	1.579188000E-5
1.420430000E+9	1.582833000E-5
1.420433333E+9	1.574074000E-5
1.420436667E+9	1.573974000E-5
1.420440000E+9	1.579963000E-5
1.420443333E+9	1.554403000E-5
1.420446667E+9	1.577989000E-5
1.420450000E+9	1.597085000E-5
1.420453333E+9	1.584026000E-5
1.420456667E+9	1.596424000E-5
1.420460000E+9	1.604083000E-5
1.420463333E+9	1.608642000E-5
1.420466667E+9	1.603733000E-5
1.420470000E+9	1.597262000E-5
1.420473333E+9	1.582747000E-5
1.420476667E+9	1.612184000E-5
1.420480000E+9	1.592533000E-5
1.420483333E+9	1.600320000E-5
1.420486667E+9	1.590804000E-5
1.420490000E+9	1.590212000E-5
1.420493333E+9	1.590761000E-5
1.420496667E+9	1.593568000E-5
1.420500000E+9	1.610247000E-5
1.420503333E+9	1.619524000E-5
1.420506667E+9	1.590125000E-5
1.420510000E+9	1.587231000E-5
1.420513333E+9	1.626822000E-5
1.420516667E+9	1.606494000E-5
1.420520000E+9	1.578519000E-5
1.420523333E+9	1.614877000E-5
1.420526667E+9	1.579943000E-5
1.420530000E+9	1.581612000E-5
1.420533333E+9	1.610889000E-5
1.420536667E+9	1.588800000E-5
1.420540000E+9	1.600234000E-5
1.420543333E+9	1.562436000E-5
1.420546667E+9	1.620715000E-5
1.420550000E+9	1.587690000E-5
1.420553333E+9	1.573522000E-5
1.420556667E+9	1.590851000E-5
1.420560000E+9	1.616439000E-5
1.420563333E+9	1.590282000E-5
1.420566667E+9	1.651593000E-5
1.420570000E+9	1.596335000E-5
1.420573333E+9	1.602376000E-5
1.420576667E+9	1.603937000E-5
1.420580000E+9	1.595846000E-5
1.420583333E+9	1.582976000E-5
1.420586667E+9	1.616535000E-5
1.420590000E+9	1.604911000E-5
1.420593333E+9	1.584411000E-5
1.420596667E+9	1.580095000E-5
1.420600000E+9	1.557079000E-5
1.420603333E+9	1.603627000E-5
1.420606667E+9	1.610938000E-5
1.420610000E+9	1.577382000E-5
1.420613333E+9	1.608217000E-5
1.420616667E+9	1.606300000E-5
1.420620000E+9	1.655591000E-5
1.420623333E+9	1.691927000E-5
1.420626667E+9	1.757539000E-5
1.420630000E+9	1.608452000E-5
1.420633333E+9	1.579889000E-5
1.420636667E+9	1.587026000E-5
1.420640000E+9	1.591007000E-5
1.420643333E+9	1.637197000E-5
1.420646667E+9	1.540356000E-5
1.420650000E+9	1.577668000E-5
1.420653333E+9	1.545133000E-5
1.420656667E+9	1.568357000E-5
1.420660000E+9	1.546708000E-5
1.420663333E+9	1.545481000E-5
1.420666667E+9	1.567896000E-5
1.420670000E+9	1.555953000E-5
1.420673333E+9	1.552881000E-5
1.420676667E+9	1.570656000E-5
1.420680000E+9	1.572463000E-5
1.420683333E+9	1.539769000E-5
1.420686667E+9	1.568659000E-5
1.420690000E+9	1.514650000E-5
1.420693333E+9	1.542363000E-5
1.420696667E+9	1.580628000E-5
1.420700000E+9	1.572382000E-5
1.420703333E+9	1.546771000E-5
1.420706667E+9	1.548303000E-5
1.420710000E+9	1.536962000E-5
1.420713333E+9	1.565928000E-5
1.420716667E+9	1.541926000E-5
1.420720000E+9	1.569613000E-5
1.420723333E+9	1.504488000E-5
1.420726667E+9	1.547387000E-5
1.420730000E+9	1.570939000E-5
1.420733333E+9	1.556421000E-5
1.420736667E+9	1.564321000E-5
1.420740000E+9	1.554009000E-5
1.420743333E+9	1.510883000E-5
1.420746667E+9	1.541364000E-5
1.420750000E+9	1.559456000E-5
1.420753333E+9	1.571721000E-5
1.420756667E+9	1.591274000E-5
1.420760000E+9	1.553304000E-5
1.420763333E+9	1.549223000E-5
1.420766667E+9	1.571255000E-5
1.420770000E+9	1.539237000E-5
1.420773333E+9	1.570704000E-5
1.420776667E+9	1.551290000E-5
1.420780000E+9	1.530685000E-5
1.420783333E+9	1.535749000E-5
1.420786667E+9	1.572413000E-5
1.420790000E+9	1.552612000E-5
1.420793333E+9	1.619540000E-5
1.420796667E+9	1.553734000E-5
1.420800000E+9	1.577379000E-5
1.420803333E+9	1.513466000E-5
1.420806667E+9	1.536817000E-5
1.420810000E+9	1.551559000E-5
1.420813333E+9	1.558973000E-5
1.420816667E+9	1.549055000E-5
1.420820000E+9	1.527103000E-5
1.420823333E+9	1.572449000E-5
1.420826667E+9	1.535978000E-5
1.420830000E+9	1.553108000E-5
1.420833333E+9	1.546830000E-5
1.420836667E+9	1.535764000E-5
1.420840000E+9	1.558234000E-5
1.420843333E+9	1.543034000E-5
1.420846667E+9	1.550792000E-5
1.420850000E+9	1.548461000E-5
1.420853333E+9	1.522376000E-5
1.420856667E+9	1.568747000E-5
1.420860000E+9	1.568877000E-5
1.420863333E+9	1.541720000E-5
1.420866667E+9	1.579606000E-5
1.420870000E+9	1.547299000E-5
1.420873333E+9	1.523061000E-5
1.420876667E+9	1.557141000E-5
1.420880000E+9	1.549470000E-5
1.420883333E+9	1.767234000E-5
1.420886667E+9	1.638875000E-5
1.420890000E+9	1.533338000E-5
1.420893333E+9	1.573418000E-5
1.420896667E+9	1.547341000E-5
1.420900000E+9	1.551702000E-5
1.420903333E+9	1.631302000E-5
1.420906667E+9	1.684008000E-5
1.420910000E+9	1.527881000E-5
1.420913333E+9	1.759329000E-5
1.420916667E+9	1.808337000E-5
1.420920000E+9	1.964120000E-5
1.420923333E+9	1.575568000E-5
1.420926667E+9	1.642623000E-5
1.420930000E+9	1.539639000E-5
1.420933333E+9	1.532619000E-5
1.420936667E+9	1.549419000E-5
1.420940000E+9	1.577391000E-5
1.420943333E+9	1.570956000E-5
1.420946667E+9	1.515368000E-5
1.420950000E+9	1.526704000E-5
1.420953333E+9	1.521208000E-5
1.420956667E+9	1.579570000E-5
1.420960000E+9	1.545228000E-5
1.420963333E+9	1.544692000E-5
1.420966667E+9	1.548954000E-5
1.420970000E+9	1.549250000E-5
1.420973333E+9	1.531203000E-5
1.420976667E+9	1.539666000E-5
1.420980000E+9	1.526171000E-5
1.420983333E+9	1.538456000E-5
1.420986667E+9	1.554760000E-5
1.420990000E+9	1.551521000E-5
1.420993333E+9	1.571313000E-5
1.420996667E+9	1.585818000E-5
1.421000000E+9	1.526227000E-5
1.421003333E+9	1.536660000E-5
1.421006667E+9	1.488823000E-5
1.421010000E+9	1.548636000E-5
1.421013333E+9	1.536473000E-5
1.421016667E+9	1.588921000E-5
1.421020000E+9	1.530396000E-5
1.421023333E+9	1.515857000E-5
1.421026667E+9	1.535545000E-5
1.421030000E+9	1.513399000E-5
1.421033333E+9	1.521249000E-5
1.421036667E+9	1.510846000E-5
1.421040000E+9	1.555618000E-5
1.421043333E+9	1.517071000E-5
1.421046667E+9	1.560573000E-5
1.421050000E+9	1.524498000E-5
1.421053333E+9	1.558167000E-5
1.421056667E+9	1.546397000E-5
1.421060000E+9	1.513187000E-5
1.421063333E+9	1.516592000E-5
1.421066667E+9	1.537053000E-5
1.421070000E+9	1.545255000E-5
1.421073333E+9	1.563136000E-5
1.421076667E+9	1.538414000E-5
1.421080000E+9	1.536798000E-5
1.421083333E+9	1.557206000E-5
1.421086667E+9	1.536645000E-5
1.421090000E+9	1.593557000E-5
1.421093333E+9	1.578744000E-5
1.421096667E+9	1.556562000E-5
1.421100000E+9	1.528991000E-5
1.421103333E+9	1.527863000E-5
1.421106667E+9	1.539612000E-5
1.421110000E+9	1.541434000E-5
1.421113333E+9	1.538353000E-5
1.421116667E+9	1.552554000E-5
1.421120000E+9	1.536889000E-5
1.421123333E+9	1.537506000E-5
1.421126667E+9	1.559838000E-5
1.421130000E+9	1.549478000E-5
1.421133333E+9	1.553843000E-5
1.421136667E+9	1.540138000E-5
1.421140000E+9	1.564507000E-5
1.421143333E+9	1.548453000E-5
1.421146667E+9	1.554232000E-5
1.421150000E+9	1.532825000E-5
1.421153333E+9	1.519709000E-5
1.421156667E+9	1.529688000E-5
1.421160000E+9	1.533067000E-5
1.421163333E+9	1.560062000E-5
1.421166667E+9	1.554360000E-5
1.421170000E+9	1.521064000E-5
1.421173333E+9	1.537310000E-5
1.421176667E+9	1.686824000E-5
1.421180000E+9	1.735862000E-5
1.421183333E+9	1.523534000E-5
1.421186667E+9	1.560895000E-5
1.421190000E+9	1.524796000E-5
1.421193333E+9	1.508941000E-5
1.421196667E+9	1.534930000E-5
1.421200000E+9	1.524319000E-5
1.421203333E+9	1.573850000E-5
1.421206667E+9	1.624403000E-5
1.421210000E+9	1.629140000E-5
1.421213333E+9	1.695067000E-5
1.421216667E+9	1.507760000E-5
1.421220000E+9	1.547353000E-5
1.421223333E+9	1.523121000E-5
1.421226667E+9	1.525104000E-5
1.421230000E+9	1.563210000E-5
1.421233333E+9	1.552164000E-5
1.421236667E+9	1.547851000E-5
1.421240000E+9	1.562779000E-5
1.421243333E+9	1.544010000E-5
1.421246667E+9	1.498543000E-5
1.421250000E+9	1.555292000E-5
1.421253333E+9	1.531904000E-5
1.421256667E+9	1.539206000E-5
1.421260000E+9	1.529763000E-5
1.421263333E+9	1.563948000E-5
1.421266667E+9	1.543979000E-5
1.421270000E+9	1.518361000E-5
1.421273333E+9	1.490498000E-5
1.421276667E+9	1.556493000E-5
1.421280000E+9	1.549754000E-5
1.421283333E+9	1.542062000E-5
1.421286667E+9	1.520894000E-5
1.421290000E+9	1.521458000E-5
1.421293333E+9	1.556199000E-5
1.421296667E+9	1.552902000E-5
1.421300000E+9	1.555120000E-5
1.421303333E+9	1.557634000E-5
1.421306667E+9	1.557984000E-5
1.421310000E+9	1.550140000E-5
1.421313333E+9	1.529348000E-5
1.421316667E+9	1.544637000E-5
1.421320000E+9	1.507820000E-5
1.421323333E+9	1.558556000E-5
1.421326667E+9	1.557678000E-5
1.421330000E+9	1.517586000E-5
1.421333333E+9	1.517726000E-5
1.421336667E+9	1.528774000E-5
1.421340000E+9	1.518609000E-5
1.421343333E+9	1.579793000E-5
1.421346667E+9	1.554884000E-5
1.421350000E+9	1.556452000E-5
1.421353333E+9	1.574092000E-5
1.421356667E+9	1.534374000E-5
1.421360000E+9	1.577835000E-5
1.421363333E+9	1.605967000E-5
1.421366667E+9	1.726804000E-5
1.421370000E+9	1.593913000E-5
1.421373333E+9	1.540102000E-5
1.421376667E+9	1.549894000E-5
1.421380000E+9	1.543156000E-5
1.421383333E+9	1.517050000E-5
1.421386667E+9	1.547992000E-5
1.421390000E+9	1.563662000E-5
1.421393333E+9	1.571218000E-5
1.421396667E+9	1.539789000E-5
1.421400000E+9	1.561593000E-5
