Frequency, Hz	Amplitude, Volts
1.419400000E+9	2.137342000E-5
1.419403333E+9	2.125624000E-5
1.419406667E+9	2.149825000E-5
1.419410000E+9	2.101140000E-5
1.419413333E+9	2.185446000E-5
1.419416667E+9	2.230171000E-5
1.419420000E+9	2.162398000E-5
1.419423333E+9	2.128763000E-5
1.419426667E+9	2.133928000E-5
1.419430000E+9	2.132106000E-5
1.419433333E+9	2.222695000E-5
1.419436667E+9	2.171446000E-5
1.419440000E+9	2.260861000E-5
1.419443333E+9	2.145340000E-5
1.419446667E+9	2.195176000E-5
1.419450000E+9	2.203978000E-5
1.419453333E+9	2.467785000E-5
1.419456667E+9	2.363908000E-5
1.419460000E+9	2.253448000E-5
1.419463333E+9	2.226371000E-5
1.419466667E+9	2.163165000E-5
1.419470000E+9	2.240090000E-5
1.419473333E+9	2.141737000E-5
1.419476667E+9	2.189461000E-5
1.419480000E+9	2.177883000E-5
1.419483333E+9	2.163942000E-5
1.419486667E+9	2.146726000E-5
1.419490000E+9	2.158999000E-5
1.419493333E+9	2.126623000E-5
1.419496667E+9	2.174190000E-5
1.419500000E+9	2.167930000E-5
1.419503333E+9	2.128742000E-5
1.419506667E+9	2.148395000E-5
1.419510000E+9	2.154949000E-5
1.419513333E+9	2.183474000E-5
1.419516667E+9	2.139098000E-5
1.419520000E+9	2.222266000E-5
1.419523333E+9	2.170636000E-5
1.419526667E+9	2.157918000E-5
1.419530000E+9	2.162049000E-5
1.419533333E+9	2.142008000E-5
1.419536667E+9	2.171508000E-5
1.419540000E+9	2.161465000E-5
1.419543333E+9	2.151296000E-5
1.419546667E+9	2.160820000E-5
1.419550000E+9	2.188800000E-5
1.419553333E+9	2.212775000E-5
1.419556667E+9	2.160647000E-5
1.419560000E+9	2.136800000E-5
1.419563333E+9	2.171572000E-5
1.419566667E+9	2.136404000E-5
1.419570000E+9	2.191686000E-5
1.419573333E+9	2.185208000E-5
1.419576667E+9	2.166162000E-5
1.419580000E+9	2.165901000E-5
1.419583333E+9	2.147551000E-5
1.419586667E+9	2.168380000E-5
1.419590000E+9	2.123259000E-5
1.419593333E+9	2.206051000E-5
1.419596667E+9	2.161959000E-5
1.419600000E+9	2.161180000E-5
1.419603333E+9	2.241293000E-5
1.419606667E+9	2.175446000E-5
1.419610000E+9	2.152683000E-5
1.419613333E+9	2.185515000E-5
1.419616667E+9	2.114342000E-5
1.419620000E+9	2.206906000E-5
1.419623333E+9	2.191161000E-5
1.419626667E+9	2.165064000E-5
1.419630000E+9	2.204871000E-5
1.419633333E+9	2.165544000E-5
1.419636667E+9	2.169692000E-5
1.419640000E+9	2.168949000E-5
1.419643333E+9	2.196292000E-5
1.419646667E+9	2.167887000E-5
1.419650000E+9	2.139709000E-5
1.419653333E+9	2.157783000E-5
1.419656667E+9	2.147648000E-5
1.419660000E+9	2.139138000E-5
1.419663333E+9	2.182769000E-5
1.419666667E+9	2.179788000E-5
1.419670000E+9	2.159482000E-5
1.419673333E+9	2.176098000E-5
1.419676667E+9	2.160452000E-5
1.419680000E+9	2.147511000E-5
1.419683333E+9	2.165658000E-5
1.419686667E+9	2.156435000E-5
1.419690000E+9	2.146125000E-5
1.419693333E+9	2.217898000E-5
1.419696667E+9	2.162206000E-5
1.419700000E+9	2.152258000E-5
1.419703333E+9	2.097417000E-5
1.419706667E+9	2.178333000E-5
1.419710000E+9	2.135480000E-5
1.419713333E+9	2.179900000E-5
1.419716667E+9	2.158764000E-5
1.419720000E+9	2.150142000E-5
1.419723333E+9	2.219157000E-5
1.419726667E+9	2.199298000E-5
1.419730000E+9	2.171146000E-5
1.419733333E+9	2.380781000E-5
1.419736667E+9	2.181171000E-5
1.419740000E+9	2.172574000E-5
1.419743333E+9	2.215043000E-5
1.419746667E+9	2.467059000E-5
1.419750000E+9	2.303237000E-5
1.419753333E+9	2.250950000E-5
1.419756667E+9	2.269511000E-5
1.419760000E+9	2.185772000E-5
1.419763333E+9	2.206710000E-5
1.419766667E+9	2.137213000E-5
1.419770000E+9	2.194862000E-5
1.419773333E+9	2.157451000E-5
1.419776667E+9	2.156887000E-5
1.419780000E+9	2.231045000E-5
1.419783333E+9	2.211432000E-5
1.419786667E+9	2.148372000E-5
1.419790000E+9	2.283017000E-5
1.419793333E+9	2.207846000E-5
1.419796667E+9	2.151230000E-5
1.419800000E+9	2.161159000E-5
1.419803333E+9	2.145228000E-5
1.419806667E+9	2.156892000E-5
1.419810000E+9	2.145614000E-5
1.419813333E+9	2.174154000E-5
1.419816667E+9	2.135653000E-5
1.419820000E+9	2.175560000E-5
1.419823333E+9	2.155765000E-5
1.419826667E+9	2.166978000E-5
1.419830000E+9	2.179194000E-5
1.419833333E+9	2.145100000E-5
1.419836667E+9	2.109582000E-5
1.419840000E+9	2.170984000E-5
1.419843333E+9	2.172825000E-5
1.419846667E+9	2.163966000E-5
1.419850000E+9	2.188202000E-5
1.419853333E+9	2.179905000E-5
1.419856667E+9	2.184390000E-5
1.419860000E+9	2.159271000E-5
1.419863333E+9	2.117223000E-5
1.419866667E+9	2.152629000E-5
1.419870000E+9	2.227065000E-5
1.419873333E+9	2.175047000E-5
1.419876667E+9	2.143782000E-5
1.419880000E+9	2.151303000E-5
1.419883333E+9	2.130641000E-5
1.419886667E+9	2.123884000E-5
1.419890000E+9	2.174481000E-5
1.419893333E+9	2.155600000E-5
1.419896667E+9	2.161520000E-5
1.419900000E+9	2.163498000E-5
1.419903333E+9	2.158911000E-5
1.419906667E+9	2.133549000E-5
1.419910000E+9	2.106184000E-5
1.419913333E+9	2.176036000E-5
1.419916667E+9	2.215751000E-5
1.419920000E+9	2.202989000E-5
1.419923333E+9	2.185347000E-5
1.419926667E+9	2.161779000E-5
1.419930000E+9	2.130358000E-5
1.419933333E+9	2.140306000E-5
1.419936667E+9	2.166654000E-5
1.419940000E+9	2.164092000E-5
1.419943333E+9	2.166976000E-5
1.419946667E+9	2.188872000E-5
1.419950000E+9	2.191765000E-5
1.419953333E+9	2.153657000E-5
1.419956667E+9	2.169799000E-5
1.419960000E+9	2.161306000E-5
1.419963333E+9	2.159205000E-5
1.419966667E+9	2.164073000E-5
1.419970000E+9	2.198888000E-5
1.419973333E+9	2.159634000E-5
1.419976667E+9	2.160388000E-5
1.419980000E+9	2.175598000E-5
1.419983333E+9	2.163825000E-5
1.419986667E+9	2.176932000E-5
1.419990000E+9	2.170464000E-5
1.419993333E+9	2.185661000E-5
1.419996667E+9	2.164638000E-5
1.420000000E+9	2.234139000E-5
1.420003333E+9	2.351756000E-5
1.420006667E+9	2.192126000E-5
1.420010000E+9	2.179153000E-5
1.420013333E+9	2.157970000E-5
1.420016667E+9	2.180587000E-5
1.420020000E+9	2.196408000E-5
1.420023333E+9	2.201345000E-5
1.420026667E+9	2.227342000E-5
1.420030000E+9	2.187438000E-5
1.420033333E+9	2.197804000E-5
1.420036667E+9	2.144460000E-5
1.420040000E+9	2.404363000E-5
1.420043333E+9	2.196979000E-5
1.420046667E+9	2.233523000E-5
1.420050000E+9	2.222466000E-5
1.420053333E+9	2.204634000E-5
1.420056667E+9	2.181511000E-5
1.420060000E+9	2.175852000E-5
1.420063333E+9	2.154840000E-5
1.420066667E+9	2.135306000E-5
1.420070000E+9	2.169359000E-5
1.420073333E+9	2.192057000E-5
1.420076667E+9	2.193414000E-5
1.420080000E+9	2.189846000E-5
1.420083333E+9	2.157397000E-5
1.420086667E+9	2.154005000E-5
1.420090000E+9	2.132265000E-5
1.420093333E+9	2.186257000E-5
1.420096667E+9	2.188344000E-5
1.420100000E+9	2.161921000E-5
1.420103333E+9	2.217455000E-5
1.420106667E+9	2.202031000E-5
1.420110000E+9	2.162626000E-5
1.420113333E+9	2.166935000E-5
1.420116667E+9	2.159112000E-5
1.420120000E+9	2.141601000E-5
1.420123333E+9	2.192928000E-5
1.420126667E+9	2.196668000E-5
1.420130000E+9	2.174796000E-5
1.420133333E+9	2.194320000E-5
1.420136667E+9	2.165456000E-5
1.420140000E+9	2.154111000E-5
1.420143333E+9	2.143290000E-5
1.420146667E+9	2.130814000E-5
1.420150000E+9	2.163350000E-5
1.420153333E+9	2.140719000E-5
1.420156667E+9	2.139201000E-5
1.420160000E+9	2.158124000E-5
1.420163333E+9	2.167304000E-5
1.420166667E+9	2.125788000E-5
1.420170000E+9	2.156317000E-5
1.420173333E+9	2.139063000E-5
1.420176667E+9	2.169249000E-5
1.420180000E+9	2.114131000E-5
1.420183333E+9	2.148188000E-5
1.420186667E+9	2.178144000E-5
1.420190000E+9	2.187777000E-5
1.420193333E+9	2.182288000E-5
1.420196667E+9	2.146387000E-5
1.420200000E+9	2.197553000E-5
1.420203333E+9	2.161667000E-5
1.420206667E+9	2.188245000E-5
1.420210000E+9	2.176205000E-5
1.420213333E+9	2.167197000E-5
1.420216667E+9	2.211741000E-5
1.420220000E+9	2.177938000E-5
1.420223333E+9	2.122129000E-5
1.420226667E+9	2.196065000E-5
1.420230000E+9	2.169268000E-5
1.420233333E+9	2.165822000E-5
1.420236667E+9	2.169337000E-5
1.420240000E+9	2.154904000E-5
1.420243333E+9	2.148209000E-5
1.420246667E+9	2.101345000E-5
1.420250000E+9	2.194997000E-5
1.420253333E+9	2.213346000E-5
1.420256667E+9	2.143391000E-5
1.420260000E+9	2.158164000E-5
1.420263333E+9	2.171866000E-5
1.420266667E+9	2.189098000E-5
1.420270000E+9	2.143212000E-5
1.420273333E+9	2.170233000E-5
1.420276667E+9	2.165953000E-5
1.420280000E+9	2.131914000E-5
1.420283333E+9	2.151861000E-5
1.420286667E+9	2.131460000E-5
1.420290000E+9	2.212051000E-5
1.420293333E+9	2.128579000E-5
1.420296667E+9	2.217260000E-5
1.420300000E+9	2.173223000E-5
1.420303333E+9	2.155041000E-5
1.420306667E+9	2.167820000E-5
1.420310000E+9	2.250093000E-5
1.420313333E+9	2.156558000E-5
1.420316667E+9	2.169973000E-5
1.420320000E+9	2.235262000E-5
1.420323333E+9	2.202138000E-5
1.420326667E+9	2.163783000E-5
1.420330000E+9	2.223948000E-5
1.420333333E+9	2.359018000E-5
1.420336667E+9	2.204586000E-5
1.420340000E+9	2.229794000E-5
1.420343333E+9	2.213368000E-5
1.420346667E+9	2.198043000E-5
1.420350000E+9	2.227149000E-5
1.420353333E+9	2.187344000E-5
1.420356667E+9	2.198147000E-5
1.420360000E+9	2.157562000E-5
1.420363333E+9	2.211221000E-5
1.420366667E+9	2.213222000E-5
1.420370000E+9	2.144632000E-5
1.420373333E+9	2.158913000E-5
1.420376667E+9	2.171470000E-5
1.420380000E+9	2.134373000E-5
1.420383333E+9	2.146266000E-5
1.420386667E+9	2.206407000E-5
1.420390000E+9	2.207592000E-5
1.420393333E+9	2.185827000E-5
1.420396667E+9	2.187969000E-5
1.420400000E+9	2.167499000E-5
1.420403333E+9	2.131832000E-5
1.420406667E+9	2.142245000E-5
1.420410000E+9	2.165439000E-5
1.420413333E+9	2.148084000E-5
1.420416667E+9	2.215804000E-5
1.420420000E+9	2.151726000E-5
1.420423333E+9	2.176289000E-5
1.420426667E+9	2.185194000E-5
1.420430000E+9	2.146486000E-5
1.420433333E+9	2.136978000E-5
1.420436667E+9	2.193757000E-5
1.420440000E+9	2.159944000E-5
1.420443333E+9	2.147299000E-5
1.420446667E+9	2.181320000E-5
1.420450000E+9	2.185688000E-5
1.420453333E+9	2.158844000E-5
1.420456667E+9	2.194612000E-5
1.420460000E+9	2.208241000E-5
1.420463333E+9	2.177023000E-5
1.420466667E+9	2.174925000E-5
1.420470000E+9	2.167437000E-5
1.420473333E+9	2.155522000E-5
1.420476667E+9	2.169599000E-5
1.420480000E+9	2.165078000E-5
1.420483333E+9	2.126698000E-5
1.420486667E+9	2.189894000E-5
1.420490000E+9	2.194236000E-5
1.420493333E+9	2.149410000E-5
1.420496667E+9	2.157804000E-5
1.420500000E+9	2.192865000E-5
1.420503333E+9	2.169361000E-5
1.420506667E+9	2.182383000E-5
1.420510000E+9	2.148799000E-5
1.420513333E+9	2.172565000E-5
1.420516667E+9	2.169149000E-5
1.420520000E+9	2.125594000E-5
1.420523333E+9	2.150975000E-5
1.420526667E+9	2.158543000E-5
1.420530000E+9	2.124029000E-5
1.420533333E+9	2.130992000E-5
1.420536667E+9	2.186804000E-5
1.420540000E+9	2.182041000E-5
1.420543333E+9	2.167651000E-5
1.420546667E+9	2.166907000E-5
1.420550000E+9	2.185078000E-5
1.420553333E+9	2.134788000E-5
1.420556667E+9	2.156220000E-5
1.420560000E+9	2.121924000E-5
1.420563333E+9	2.154918000E-5
1.420566667E+9	2.156400000E-5
1.420570000E+9	2.143024000E-5
1.420573333E+9	2.171510000E-5
1.420576667E+9	2.126159000E-5
1.420580000E+9	2.145114000E-5
1.420583333E+9	2.146236000E-5
1.420586667E+9	2.132846000E-5
1.420590000E+9	2.156030000E-5
1.420593333E+9	2.187765000E-5
1.420596667E+9	2.141415000E-5
1.420600000E+9	2.200431000E-5
1.420603333E+9	2.223765000E-5
1.420606667E+9	2.189620000E-5
1.420610000E+9	2.215082000E-5
1.420613333E+9	2.224175000E-5
1.420616667E+9	2.180810000E-5
1.420620000E+9	2.151020000E-5
1.420623333E+9	2.264891000E-5
1.420626667E+9	2.487417000E-5
1.420630000E+9	2.173144000E-5
1.420633333E+9	2.235338000E-5
1.420636667E+9	2.246923000E-5
1.420640000E+9	2.145816000E-5
1.420643333E+9	2.167632000E-5
1.420646667E+9	2.237126000E-5
1.420650000E+9	2.169332000E-5
1.420653333E+9	2.125148000E-5
1.420656667E+9	2.198364000E-5
1.420660000E+9	2.152371000E-5
1.420663333E+9	2.189661000E-5
1.420666667E+9	2.202851000E-5
1.420670000E+9	2.144050000E-5
1.420673333E+9	2.149462000E-5
1.420676667E+9	2.201074000E-5
1.420680000E+9	2.151396000E-5
1.420683333E+9	2.195173000E-5
1.420686667E+9	2.178914000E-5
1.420690000E+9	2.155323000E-5
1.420693333E+9	2.170791000E-5
1.420696667E+9	2.135044000E-5
1.420700000E+9	2.149939000E-5
1.420703333E+9	2.125421000E-5
1.420706667E+9	2.155886000E-5
1.420710000E+9	2.169687000E-5
1.420713333E+9	2.158190000E-5
1.420716667E+9	2.177816000E-5
1.420720000E+9	2.177254000E-5
1.420723333E+9	2.160554000E-5
1.420726667E+9	2.106008000E-5
1.420730000E+9	2.106769000E-5
1.420733333E+9	2.194908000E-5
1.420736667E+9	2.139187000E-5
1.420740000E+9	2.147242000E-5
1.420743333E+9	2.138523000E-5
1.420746667E+9	2.123490000E-5
1.420750000E+9	2.175699000E-5
1.420753333E+9	2.155550000E-5
1.420756667E+9	2.169680000E-5
1.420760000E+9	2.215768000E-5
1.420763333E+9	2.125692000E-5
1.420766667E+9	2.124976000E-5
1.420770000E+9	2.127252000E-5
1.420773333E+9	2.141368000E-5
1.420776667E+9	2.163491000E-5
1.420780000E+9	2.170865000E-5
1.420783333E+9	2.164598000E-5
1.420786667E+9	2.128420000E-5
1.420790000E+9	2.181346000E-5
1.420793333E+9	2.178235000E-5
1.420796667E+9	2.237116000E-5
1.420800000E+9	2.154045000E-5
1.420803333E+9	2.132078000E-5
1.420806667E+9	2.149231000E-5
1.420810000E+9	2.165061000E-5
1.420813333E+9	2.192227000E-5
1.420816667E+9	2.175959000E-5
1.420820000E+9	2.133994000E-5
1.420823333E+9	2.135545000E-5
1.420826667E+9	2.215323000E-5
1.420830000E+9	2.119179000E-5
1.420833333E+9	2.165877000E-5
1.420836667E+9	2.388749000E-5
1.420840000E+9	2.660633000E-5
1.420843333E+9	2.185652000E-5
1.420846667E+9	2.183217000E-5
1.420850000E+9	2.176898000E-5
1.420853333E+9	2.166545000E-5
1.420856667E+9	2.150519000E-5
1.420860000E+9	2.189151000E-5
1.420863333E+9	2.203139000E-5
1.420866667E+9	2.210852000E-5
1.420870000E+9	2.197283000E-5
1.420873333E+9	2.183630000E-5
1.420876667E+9	2.176134000E-5
1.420880000E+9	2.105916000E-5
1.420883333E+9	2.299646000E-5
1.420886667E+9	2.231535000E-5
1.420890000E+9	2.154812000E-5
1.420893333E+9	2.181384000E-5
1.420896667E+9	2.224568000E-5
1.420900000E+9	2.235532000E-5
1.420903333E+9	2.265433000E-5
1.420906667E+9	2.333084000E-5
1.420910000E+9	2.193968000E-5
1.420913333E+9	2.336858000E-5
1.420916667E+9	2.454948000E-5
1.420920000E+9	2.925119000E-5
1.420923333E+9	2.228545000E-5
1.420926667E+9	2.503717000E-5
1.420930000E+9	2.224854000E-5
1.420933333E+9	2.142836000E-5
1.420936667E+9	2.163502000E-5
1.420940000E+9	2.147377000E-5
1.420943333E+9	2.179352000E-5
1.420946667E+9	2.191809000E-5
1.420950000E+9	2.182719000E-5
1.420953333E+9	2.186069000E-5
1.420956667E+9	2.161112000E-5
1.420960000E+9	2.167047000E-5
1.420963333E+9	2.143250000E-5
1.420966667E+9	2.143106000E-5
1.420970000E+9	2.145574000E-5
1.420973333E+9	2.165686000E-5
1.420976667E+9	2.196928000E-5
1.420980000E+9	2.150640000E-5
1.420983333E+9	2.210131000E-5
1.420986667E+9	2.192071000E-5
1.420990000E+9	2.171615000E-5
1.420993333E+9	2.242714000E-5
1.420996667E+9	2.160820000E-5
1.421000000E+9	2.129703000E-5
1.421003333E+9	2.152750000E-5
1.421006667E+9	2.201272000E-5
1.421010000E+9	2.197886000E-5
1.421013333E+9	2.162918000E-5
1.421016667E+9	2.127906000E-5
1.421020000E+9	2.186161000E-5
1.421023333E+9	2.125197000E-5
1.421026667E+9	2.213531000E-5
1.421030000E+9	2.170207000E-5
1.421033333E+9	2.163179000E-5
1.421036667E+9	2.140047000E-5
1.421040000E+9	2.165328000E-5
1.421043333E+9	2.121393000E-5
1.421046667E+9	2.138572000E-5
1.421050000E+9	2.176160000E-5
1.421053333E+9	2.132001000E-5
1.421056667E+9	2.184894000E-5
1.421060000E+9	2.151199000E-5
1.421063333E+9	2.138525000E-5
1.421066667E+9	2.148714000E-5
1.421070000E+9	2.133872000E-5
1.421073333E+9	2.181109000E-5
1.421076667E+9	2.131380000E-5
1.421080000E+9	2.144585000E-5
1.421083333E+9	2.158472000E-5
1.421086667E+9	2.152572000E-5
1.421090000E+9	2.158155000E-5
1.421093333E+9	2.195619000E-5
1.421096667E+9	2.202290000E-5
1.421100000E+9	2.174576000E-5
1.421103333E+9	2.228942000E-5
1.421106667E+9	2.175942000E-5
1.421110000E+9	2.172782000E-5
1.421113333E+9	2.177816000E-5
1.421116667E+9	2.144373000E-5
1.421120000E+9	2.140393000E-5
1.421123333E+9	2.114131000E-5
1.421126667E+9	2.162932000E-5
1.421130000E+9	2.199291000E-5
1.421133333E+9	2.197319000E-5
1.421136667E+9	2.117653000E-5
1.421140000E+9	2.162529000E-5
1.421143333E+9	2.217888000E-5
1.421146667E+9	2.100455000E-5
1.421150000E+9	2.162422000E-5
1.421153333E+9	2.153206000E-5
1.421156667E+9	2.146856000E-5
1.421160000E+9	2.130863000E-5
1.421163333E+9	2.132366000E-5
1.421166667E+9	2.175477000E-5
1.421170000E+9	2.190106000E-5
1.421173333E+9	2.183256000E-5
1.421176667E+9	2.342242000E-5
1.421180000E+9	2.351167000E-5
1.421183333E+9	2.177945000E-5
1.421186667E+9	2.172717000E-5
1.421190000E+9	2.194421000E-5
1.421193333E+9	2.166559000E-5
1.421196667E+9	2.215839000E-5
1.421200000E+9	2.154400000E-5
1.421203333E+9	2.153837000E-5
1.421206667E+9	2.290974000E-5
1.421210000E+9	2.375874000E-5
1.421213333E+9	2.414803000E-5
1.421216667E+9	2.208334000E-5
1.421220000E+9	2.261176000E-5
1.421223333E+9	2.237457000E-5
1.421226667E+9	2.139641000E-5
1.421230000E+9	2.258680000E-5
1.421233333E+9	2.203877000E-5
1.421236667E+9	2.131142000E-5
1.421240000E+9	2.159833000E-5
1.421243333E+9	2.195255000E-5
1.421246667E+9	2.166954000E-5
1.421250000E+9	2.161024000E-5
1.421253333E+9	2.192403000E-5
1.421256667E+9	2.167040000E-5
1.421260000E+9	2.201144000E-5
1.421263333E+9	2.170159000E-5
1.421266667E+9	2.184047000E-5
1.421270000E+9	2.160310000E-5
1.421273333E+9	2.254713000E-5
1.421276667E+9	2.348020000E-5
1.421280000E+9	2.264873000E-5
1.421283333E+9	2.263374000E-5
1.421286667E+9	2.244975000E-5
1.421290000E+9	2.281613000E-5
1.421293333E+9	2.212600000E-5
1.421296667E+9	2.311566000E-5
1.421300000E+9	2.355451000E-5
1.421303333E+9	2.189810000E-5
1.421306667E+9	2.210332000E-5
1.421310000E+9	2.265662000E-5
1.421313333E+9	2.239183000E-5
1.421316667E+9	2.274954000E-5
1.421320000E+9	2.234691000E-5
1.421323333E+9	2.319577000E-5
1.421326667E+9	2.286687000E-5
1.421330000E+9	2.295327000E-5
1.421333333E+9	2.301278000E-5
1.421336667E+9	2.422996000E-5
1.421340000E+9	2.580546000E-5
1.421343333E+9	3.352584000E-5
1.421346667E+9	3.134151000E-5
1.421350000E+9	2.433936000E-5
1.421353333E+9	2.414487000E-5
1.421356667E+9	2.390942000E-5
1.421360000E+9	2.326960000E-5
1.421363333E+9	2.543475000E-5
1.421366667E+9	2.942023000E-5
1.421370000E+9	2.382931000E-5
1.421373333E+9	2.315827000E-5
1.421376667E+9	2.337754000E-5
1.421380000E+9	2.296555000E-5
1.421383333E+9	2.347151000E-5
1.421386667E+9	2.310240000E-5
1.421390000E+9	2.292569000E-5
1.421393333E+9	2.293166000E-5
1.421396667E+9	2.306549000E-5
1.421400000E+9	2.306020000E-5
