Frequency, Hz	Amplitude, Volts
1.419400000E+9	2.185652000E-5
1.419403333E+9	2.189315000E-5
1.419406667E+9	2.152154000E-5
1.419410000E+9	2.217467000E-5
1.419413333E+9	2.207825000E-5
1.419416667E+9	2.209391000E-5
1.419420000E+9	2.163495000E-5
1.419423333E+9	2.194566000E-5
1.419426667E+9	2.180819000E-5
1.419430000E+9	2.201125000E-5
1.419433333E+9	2.277826000E-5
1.419436667E+9	2.232432000E-5
1.419440000E+9	2.240260000E-5
1.419443333E+9	2.186454000E-5
1.419446667E+9	2.193696000E-5
1.419450000E+9	2.294924000E-5
1.419453333E+9	2.580195000E-5
1.419456667E+9	2.423225000E-5
1.419460000E+9	2.327680000E-5
1.419463333E+9	2.292003000E-5
1.419466667E+9	2.201231000E-5
1.419470000E+9	2.185892000E-5
1.419473333E+9	2.155919000E-5
1.419476667E+9	2.221914000E-5
1.419480000E+9	2.194788000E-5
1.419483333E+9	2.356090000E-5
1.419486667E+9	2.227525000E-5
1.419490000E+9	2.217925000E-5
1.419493333E+9	2.187347000E-5
1.419496667E+9	2.206778000E-5
1.419500000E+9	2.187801000E-5
1.419503333E+9	2.193048000E-5
1.419506667E+9	2.163745000E-5
1.419510000E+9	2.203494000E-5
1.419513333E+9	2.180831000E-5
1.419516667E+9	2.226848000E-5
1.419520000E+9	2.220576000E-5
1.419523333E+9	2.229843000E-5
1.419526667E+9	2.244936000E-5
1.419530000E+9	2.171472000E-5
1.419533333E+9	2.194727000E-5
1.419536667E+9	2.178295000E-5
1.419540000E+9	2.165934000E-5
1.419543333E+9	2.172927000E-5
1.419546667E+9	2.157131000E-5
1.419550000E+9	2.197191000E-5
1.419553333E+9	2.194429000E-5
1.419556667E+9	2.155813000E-5
1.419560000E+9	2.222986000E-5
1.419563333E+9	2.164077000E-5
1.419566667E+9	2.193309000E-5
1.419570000E+9	2.222220000E-5
1.419573333E+9	2.190043000E-5
1.419576667E+9	2.145852000E-5
1.419580000E+9	2.189810000E-5
1.419583333E+9	2.193097000E-5
1.419586667E+9	2.193523000E-5
1.419590000E+9	2.209202000E-5
1.419593333E+9	2.240036000E-5
1.419596667E+9	2.179405000E-5
1.419600000E+9	2.190045000E-5
1.419603333E+9	2.211813000E-5
1.419606667E+9	2.163096000E-5
1.419610000E+9	2.179730000E-5
1.419613333E+9	2.202254000E-5
1.419616667E+9	2.178213000E-5
1.419620000E+9	2.162322000E-5
1.419623333E+9	2.193819000E-5
1.419626667E+9	2.238531000E-5
1.419630000E+9	2.217793000E-5
1.419633333E+9	2.158418000E-5
1.419636667E+9	2.180362000E-5
1.419640000E+9	2.190550000E-5
1.419643333E+9	2.233003000E-5
1.419646667E+9	2.186898000E-5
1.419650000E+9	2.168497000E-5
1.419653333E+9	2.223803000E-5
1.419656667E+9	2.184647000E-5
1.419660000E+9	2.279170000E-5
1.419663333E+9	2.213548000E-5
1.419666667E+9	2.183939000E-5
1.419670000E+9	2.190103000E-5
1.419673333E+9	2.204857000E-5
1.419676667E+9	2.232812000E-5
1.419680000E+9	2.181298000E-5
1.419683333E+9	2.153255000E-5
1.419686667E+9	2.187854000E-5
1.419690000E+9	2.169909000E-5
1.419693333E+9	2.195079000E-5
1.419696667E+9	2.199303000E-5
1.419700000E+9	2.172665000E-5
1.419703333E+9	2.138166000E-5
1.419706667E+9	2.207665000E-5
1.419710000E+9	2.143751000E-5
1.419713333E+9	2.175427000E-5
1.419716667E+9	2.173249000E-5
1.419720000E+9	2.153650000E-5
1.419723333E+9	2.176143000E-5
1.419726667E+9	2.314337000E-5
1.419730000E+9	2.307942000E-5
1.419733333E+9	2.427525000E-5
1.419736667E+9	2.159966000E-5
1.419740000E+9	2.154395000E-5
1.419743333E+9	2.193354000E-5
1.419746667E+9	2.534493000E-5
1.419750000E+9	2.291276000E-5
1.419753333E+9	2.396030000E-5
1.419756667E+9	2.290396000E-5
1.419760000E+9	2.227471000E-5
1.419763333E+9	2.191585000E-5
1.419766667E+9	2.195154000E-5
1.419770000E+9	2.187027000E-5
1.419773333E+9	2.175804000E-5
1.419776667E+9	2.163213000E-5
1.419780000E+9	2.205232000E-5
1.419783333E+9	2.234040000E-5
1.419786667E+9	2.177400000E-5
1.419790000E+9	2.322577000E-5
1.419793333E+9	2.273267000E-5
1.419796667E+9	2.240653000E-5
1.419800000E+9	2.177965000E-5
1.419803333E+9	2.169470000E-5
1.419806667E+9	2.201744000E-5
1.419810000E+9	2.170979000E-5
1.419813333E+9	2.210417000E-5
1.419816667E+9	2.193853000E-5
1.419820000E+9	2.181425000E-5
1.419823333E+9	2.231780000E-5
1.419826667E+9	2.121470000E-5
1.419830000E+9	2.199178000E-5
1.419833333E+9	2.197857000E-5
1.419836667E+9	2.164600000E-5
1.419840000E+9	2.150597000E-5
1.419843333E+9	2.220556000E-5
1.419846667E+9	2.159743000E-5
1.419850000E+9	2.156670000E-5
1.419853333E+9	2.212651000E-5
1.419856667E+9	2.175474000E-5
1.419860000E+9	2.192112000E-5
1.419863333E+9	2.205692000E-5
1.419866667E+9	2.216505000E-5
1.419870000E+9	2.233646000E-5
1.419873333E+9	2.137427000E-5
1.419876667E+9	2.167987000E-5
1.419880000E+9	2.144754000E-5
1.419883333E+9	2.155924000E-5
1.419886667E+9	2.196692000E-5
1.419890000E+9	2.171560000E-5
1.419893333E+9	2.164759000E-5
1.419896667E+9	2.180127000E-5
1.419900000E+9	2.181217000E-5
1.419903333E+9	2.247863000E-5
1.419906667E+9	2.171599000E-5
1.419910000E+9	2.171322000E-5
1.419913333E+9	2.215080000E-5
1.419916667E+9	2.129009000E-5
1.419920000E+9	2.154708000E-5
1.419923333E+9	2.200216000E-5
1.419926667E+9	2.149122000E-5
1.419930000E+9	2.226159000E-5
1.419933333E+9	2.206933000E-5
1.419936667E+9	2.166845000E-5
1.419940000E+9	2.188925000E-5
1.419943333E+9	2.207563000E-5
1.419946667E+9	2.163402000E-5
1.419950000E+9	2.184706000E-5
1.419953333E+9	2.162749000E-5
1.419956667E+9	2.161268000E-5
1.419960000E+9	2.141688000E-5
1.419963333E+9	2.191351000E-5
1.419966667E+9	2.197331000E-5
1.419970000E+9	2.192151000E-5
1.419973333E+9	2.191710000E-5
1.419976667E+9	2.207349000E-5
1.419980000E+9	2.178618000E-5
1.419983333E+9	2.224978000E-5
1.419986667E+9	2.182556000E-5
1.419990000E+9	2.195937000E-5
1.419993333E+9	2.225403000E-5
1.419996667E+9	2.228550000E-5
1.420000000E+9	2.243514000E-5
1.420003333E+9	2.265861000E-5
1.420006667E+9	2.195253000E-5
1.420010000E+9	2.186773000E-5
1.420013333E+9	2.218200000E-5
1.420016667E+9	2.159387000E-5
1.420020000E+9	2.283212000E-5
1.420023333E+9	2.185796000E-5
1.420026667E+9	2.289309000E-5
1.420030000E+9	2.192218000E-5
1.420033333E+9	2.226647000E-5
1.420036667E+9	2.247634000E-5
1.420040000E+9	2.586421000E-5
1.420043333E+9	2.275219000E-5
1.420046667E+9	2.308041000E-5
1.420050000E+9	2.288814000E-5
1.420053333E+9	2.164320000E-5
1.420056667E+9	2.203816000E-5
1.420060000E+9	2.182163000E-5
1.420063333E+9	2.222686000E-5
1.420066667E+9	2.215671000E-5
1.420070000E+9	2.169818000E-5
1.420073333E+9	2.194920000E-5
1.420076667E+9	2.155446000E-5
1.420080000E+9	2.161724000E-5
1.420083333E+9	2.159143000E-5
1.420086667E+9	2.169078000E-5
1.420090000E+9	2.152319000E-5
1.420093333E+9	2.163552000E-5
1.420096667E+9	2.163647000E-5
1.420100000E+9	2.180261000E-5
1.420103333E+9	2.163308000E-5
1.420106667E+9	2.189156000E-5
1.420110000E+9	2.192622000E-5
1.420113333E+9	2.194325000E-5
1.420116667E+9	2.181013000E-5
1.420120000E+9	2.138133000E-5
1.420123333E+9	2.150059000E-5
1.420126667E+9	2.206933000E-5
1.420130000E+9	2.182163000E-5
1.420133333E+9	2.232657000E-5
1.420136667E+9	2.176387000E-5
1.420140000E+9	2.132790000E-5
1.420143333E+9	2.210791000E-5
1.420146667E+9	2.201238000E-5
1.420150000E+9	2.166597000E-5
1.420153333E+9	2.201814000E-5
1.420156667E+9	2.218314000E-5
1.420160000E+9	2.205402000E-5
1.420163333E+9	2.168811000E-5
1.420166667E+9	2.145084000E-5
1.420170000E+9	2.198820000E-5
1.420173333E+9	2.164111000E-5
1.420176667E+9	2.181126000E-5
1.420180000E+9	2.187436000E-5
1.420183333E+9	2.095162000E-5
1.420186667E+9	2.162063000E-5
1.420190000E+9	2.169154000E-5
1.420193333E+9	2.148747000E-5
1.420196667E+9	2.152936000E-5
1.420200000E+9	2.227007000E-5
1.420203333E+9	2.161055000E-5
1.420206667E+9	2.178402000E-5
1.420210000E+9	2.155983000E-5
1.420213333E+9	2.139338000E-5
1.420216667E+9	2.207223000E-5
1.420220000E+9	2.163704000E-5
1.420223333E+9	2.172887000E-5
1.420226667E+9	2.136934000E-5
1.420230000E+9	2.205462000E-5
1.420233333E+9	2.145030000E-5
1.420236667E+9	2.218794000E-5
1.420240000E+9	2.228085000E-5
1.420243333E+9	2.180118000E-5
1.420246667E+9	2.179213000E-5
1.420250000E+9	2.171365000E-5
1.420253333E+9	2.178134000E-5
1.420256667E+9	2.185011000E-5
1.420260000E+9	2.189622000E-5
1.420263333E+9	2.125449000E-5
1.420266667E+9	2.176322000E-5
1.420270000E+9	2.180664000E-5
1.420273333E+9	2.166321000E-5
1.420276667E+9	2.149719000E-5
1.420280000E+9	2.205622000E-5
1.420283333E+9	2.230129000E-5
1.420286667E+9	2.175498000E-5
1.420290000E+9	2.227198000E-5
1.420293333E+9	2.183016000E-5
1.420296667E+9	2.170607000E-5
1.420300000E+9	2.182767000E-5
1.420303333E+9	2.197838000E-5
1.420306667E+9	2.211600000E-5
1.420310000E+9	2.273838000E-5
1.420313333E+9	2.234006000E-5
1.420316667E+9	2.210019000E-5
1.420320000E+9	2.238571000E-5
1.420323333E+9	2.222898000E-5
1.420326667E+9	2.224986000E-5
1.420330000E+9	2.258925000E-5
1.420333333E+9	2.485268000E-5
1.420336667E+9	2.254007000E-5
1.420340000E+9	2.303168000E-5
1.420343333E+9	2.232439000E-5
1.420346667E+9	2.215819000E-5
1.420350000E+9	2.215882000E-5
1.420353333E+9	2.177697000E-5
1.420356667E+9	2.177446000E-5
1.420360000E+9	2.168518000E-5
1.420363333E+9	2.202063000E-5
1.420366667E+9	2.170943000E-5
1.420370000E+9	2.184587000E-5
1.420373333E+9	2.177431000E-5
1.420376667E+9	2.156989000E-5
1.420380000E+9	2.179608000E-5
1.420383333E+9	2.177286000E-5
1.420386667E+9	2.212763000E-5
1.420390000E+9	2.189000000E-5
1.420393333E+9	2.207708000E-5
1.420396667E+9	2.222451000E-5
1.420400000E+9	2.189565000E-5
1.420403333E+9	2.226933000E-5
1.420406667E+9	2.164728000E-5
1.420410000E+9	2.207543000E-5
1.420413333E+9	2.164448000E-5
1.420416667E+9	2.221456000E-5
1.420420000E+9	2.150534000E-5
1.420423333E+9	2.206884000E-5
1.420426667E+9	2.172865000E-5
1.420430000E+9	2.227007000E-5
1.420433333E+9	2.170042000E-5
1.420436667E+9	2.181255000E-5
1.420440000E+9	2.182479000E-5
1.420443333E+9	2.178536000E-5
1.420446667E+9	2.231763000E-5
1.420450000E+9	2.197903000E-5
1.420453333E+9	2.190009000E-5
1.420456667E+9	2.184887000E-5
1.420460000E+9	2.170919000E-5
1.420463333E+9	2.184176000E-5
1.420466667E+9	2.166291000E-5
1.420470000E+9	2.175995000E-5
1.420473333E+9	2.149301000E-5
1.420476667E+9	2.190401000E-5
1.420480000E+9	2.165427000E-5
1.420483333E+9	2.142727000E-5
1.420486667E+9	2.201889000E-5
1.420490000E+9	2.196733000E-5
1.420493333E+9	2.214885000E-5
1.420496667E+9	2.259699000E-5
1.420500000E+9	2.166688000E-5
1.420503333E+9	2.192738000E-5
1.420506667E+9	2.197865000E-5
1.420510000E+9	2.170912000E-5
1.420513333E+9	2.206981000E-5
1.420516667E+9	2.169161000E-5
1.420520000E+9	2.201531000E-5
1.420523333E+9	2.211719000E-5
1.420526667E+9	2.227471000E-5
1.420530000E+9	2.166702000E-5
1.420533333E+9	2.187585000E-5
1.420536667E+9	2.172438000E-5
1.420540000E+9	2.202807000E-5
1.420543333E+9	2.116077000E-5
1.420546667E+9	2.140910000E-5
1.420550000E+9	2.151374000E-5
1.420553333E+9	2.175493000E-5
1.420556667E+9	2.209898000E-5
1.420560000E+9	2.147153000E-5
1.420563333E+9	2.187469000E-5
1.420566667E+9	2.147900000E-5
1.420570000E+9	2.155711000E-5
1.420573333E+9	2.147990000E-5
1.420576667E+9	2.206748000E-5
1.420580000E+9	2.206981000E-5
1.420583333E+9	2.171162000E-5
1.420586667E+9	2.155491000E-5
1.420590000E+9	2.205070000E-5
1.420593333E+9	2.231498000E-5
1.420596667E+9	2.154466000E-5
1.420600000E+9	2.228423000E-5
1.420603333E+9	2.264199000E-5
1.420606667E+9	2.223596000E-5
1.420610000E+9	2.213908000E-5
1.420613333E+9	2.207291000E-5
1.420616667E+9	2.197141000E-5
1.420620000E+9	2.242288000E-5
1.420623333E+9	2.325583000E-5
1.420626667E+9	2.635883000E-5
1.420630000E+9	2.189740000E-5
1.420633333E+9	2.338021000E-5
1.420636667E+9	2.238671000E-5
1.420640000E+9	2.179015000E-5
1.420643333E+9	2.154102000E-5
1.420646667E+9	2.247510000E-5
1.420650000E+9	2.191344000E-5
1.420653333E+9	2.182077000E-5
1.420656667E+9	2.199511000E-5
1.420660000E+9	2.197314000E-5
1.420663333E+9	2.196046000E-5
1.420666667E+9	2.226210000E-5
1.420670000E+9	2.199675000E-5
1.420673333E+9	2.246459000E-5
1.420676667E+9	2.199760000E-5
1.420680000E+9	2.176521000E-5
1.420683333E+9	2.186655000E-5
1.420686667E+9	2.147492000E-5
1.420690000E+9	2.175493000E-5
1.420693333E+9	2.196892000E-5
1.420696667E+9	2.150548000E-5
1.420700000E+9	2.178601000E-5
1.420703333E+9	2.177106000E-5
1.420706667E+9	2.191713000E-5
1.420710000E+9	2.185875000E-5
1.420713333E+9	2.140703000E-5
1.420716667E+9	2.190899000E-5
1.420720000E+9	2.171868000E-5
1.420723333E+9	2.188579000E-5
1.420726667E+9	2.185405000E-5
1.420730000E+9	2.155495000E-5
1.420733333E+9	2.156662000E-5
1.420736667E+9	2.161513000E-5
1.420740000E+9	2.227887000E-5
1.420743333E+9	2.193482000E-5
1.420746667E+9	2.193202000E-5
1.420750000E+9	2.186374000E-5
1.420753333E+9	2.157946000E-5
1.420756667E+9	2.176748000E-5
1.420760000E+9	2.143015000E-5
1.420763333E+9	2.139326000E-5
1.420766667E+9	2.123758000E-5
1.420770000E+9	2.147124000E-5
1.420773333E+9	2.145265000E-5
1.420776667E+9	2.145753000E-5
1.420780000E+9	2.179225000E-5
1.420783333E+9	2.163880000E-5
1.420786667E+9	2.198724000E-5
1.420790000E+9	2.180987000E-5
1.420793333E+9	2.196909000E-5
1.420796667E+9	2.264721000E-5
1.420800000E+9	2.215033000E-5
1.420803333E+9	2.178390000E-5
1.420806667E+9	2.219988000E-5
1.420810000E+9	2.217386000E-5
1.420813333E+9	2.178039000E-5
1.420816667E+9	2.139427000E-5
1.420820000E+9	2.174892000E-5
1.420823333E+9	2.219021000E-5
1.420826667E+9	2.184054000E-5
1.420830000E+9	2.172860000E-5
1.420833333E+9	2.207170000E-5
1.420836667E+9	2.528908000E-5
1.420840000E+9	2.521899000E-5
1.420843333E+9	2.223928000E-5
1.420846667E+9	2.172753000E-5
1.420850000E+9	2.111679000E-5
1.420853333E+9	2.148886000E-5
1.420856667E+9	2.151407000E-5
1.420860000E+9	2.188887000E-5
1.420863333E+9	2.153208000E-5
1.420866667E+9	2.172247000E-5
1.420870000E+9	2.199477000E-5
1.420873333E+9	2.212603000E-5
1.420876667E+9	2.178720000E-5
1.420880000E+9	2.161344000E-5
1.420883333E+9	2.177056000E-5
1.420886667E+9	2.212008000E-5
1.420890000E+9	2.188654000E-5
1.420893333E+9	2.162362000E-5
1.420896667E+9	2.280111000E-5
1.420900000E+9	2.334301000E-5
1.420903333E+9	2.263588000E-5
1.420906667E+9	2.330852000E-5
1.420910000E+9	2.208193000E-5
1.420913333E+9	2.401917000E-5
1.420916667E+9	2.568270000E-5
1.420920000E+9	3.116031000E-5
1.420923333E+9	2.274063000E-5
1.420926667E+9	2.571792000E-5
1.420930000E+9	2.233440000E-5
1.420933333E+9	2.196984000E-5
1.420936667E+9	2.208765000E-5
1.420940000E+9	2.157953000E-5
1.420943333E+9	2.186343000E-5
1.420946667E+9	2.183551000E-5
1.420950000E+9	2.174732000E-5
1.420953333E+9	2.124682000E-5
1.420956667E+9	2.171174000E-5
1.420960000E+9	2.242477000E-5
1.420963333E+9	2.197915000E-5
1.420966667E+9	2.185712000E-5
1.420970000E+9	2.184982000E-5
1.420973333E+9	2.196123000E-5
1.420976667E+9	2.149266000E-5
1.420980000E+9	2.224321000E-5
1.420983333E+9	2.215347000E-5
1.420986667E+9	2.192620000E-5
1.420990000E+9	2.200405000E-5
1.420993333E+9	2.216291000E-5
1.420996667E+9	2.228827000E-5
1.421000000E+9	2.140033000E-5
1.421003333E+9	2.212622000E-5
1.421006667E+9	2.228350000E-5
1.421010000E+9	2.215376000E-5
1.421013333E+9	2.125333000E-5
1.421016667E+9	2.171637000E-5
1.421020000E+9	2.185378000E-5
1.421023333E+9	2.195515000E-5
1.421026667E+9	2.186807000E-5
1.421030000E+9	2.183074000E-5
1.421033333E+9	2.168094000E-5
1.421036667E+9	2.156833000E-5
1.421040000E+9	2.203122000E-5
1.421043333E+9	2.193658000E-5
1.421046667E+9	2.148792000E-5
1.421050000E+9	2.167994000E-5
1.421053333E+9	2.143801000E-5
1.421056667E+9	2.145046000E-5
1.421060000E+9	2.150845000E-5
1.421063333E+9	2.104633000E-5
1.421066667E+9	2.183973000E-5
1.421070000E+9	2.220593000E-5
1.421073333E+9	2.249829000E-5
1.421076667E+9	2.193443000E-5
1.421080000E+9	2.183079000E-5
1.421083333E+9	2.183083000E-5
1.421086667E+9	2.190284000E-5
1.421090000E+9	2.180764000E-5
1.421093333E+9	2.229517000E-5
1.421096667E+9	2.209755000E-5
1.421100000E+9	2.165670000E-5
1.421103333E+9	2.248582000E-5
1.421106667E+9	2.183371000E-5
1.421110000E+9	2.185388000E-5
1.421113333E+9	2.167747000E-5
1.421116667E+9	2.165037000E-5
1.421120000E+9	2.152248000E-5
1.421123333E+9	2.139641000E-5
1.421126667E+9	2.167142000E-5
1.421130000E+9	2.142880000E-5
1.421133333E+9	2.261556000E-5
1.421136667E+9	2.204390000E-5
1.421140000E+9	2.202343000E-5
1.421143333E+9	2.243157000E-5
1.421146667E+9	2.148782000E-5
1.421150000E+9	2.163605000E-5
1.421153333E+9	2.203451000E-5
1.421156667E+9	2.191725000E-5
1.421160000E+9	2.224329000E-5
1.421163333E+9	2.192665000E-5
1.421166667E+9	2.205218000E-5
1.421170000E+9	2.178598000E-5
1.421173333E+9	2.223205000E-5
1.421176667E+9	2.205702000E-5
1.421180000E+9	2.271635000E-5
1.421183333E+9	2.213028000E-5
1.421186667E+9	2.180391000E-5
1.421190000E+9	2.239379000E-5
1.421193333E+9	2.240813000E-5
1.421196667E+9	2.257274000E-5
1.421200000E+9	2.190553000E-5
1.421203333E+9	2.181348000E-5
1.421206667E+9	2.329222000E-5
1.421210000E+9	2.458247000E-5
1.421213333E+9	2.529733000E-5
1.421216667E+9	2.224832000E-5
1.421220000E+9	2.303024000E-5
1.421223333E+9	2.178634000E-5
1.421226667E+9	2.185918000E-5
1.421230000E+9	2.141293000E-5
1.421233333E+9	2.201055000E-5
1.421236667E+9	2.189187000E-5
1.421240000E+9	2.192081000E-5
1.421243333E+9	2.169826000E-5
1.421246667E+9	2.200458000E-5
1.421250000E+9	2.230756000E-5
1.421253333E+9	2.199897000E-5
1.421256667E+9	2.178484000E-5
1.421260000E+9	2.221468000E-5
1.421263333E+9	2.238040000E-5
1.421266667E+9	2.267077000E-5
1.421270000E+9	2.262025000E-5
1.421273333E+9	2.301727000E-5
1.421276667E+9	2.412783000E-5
1.421280000E+9	2.345191000E-5
1.421283333E+9	2.249251000E-5
1.421286667E+9	2.212848000E-5
1.421290000E+9	2.243526000E-5
1.421293333E+9	2.282190000E-5
1.421296667E+9	2.269501000E-5
1.421300000E+9	2.293916000E-5
1.421303333E+9	2.300464000E-5
1.421306667E+9	2.301816000E-5
1.421310000E+9	2.300083000E-5
1.421313333E+9	2.358246000E-5
1.421316667E+9	2.325685000E-5
1.421320000E+9	2.344607000E-5
1.421323333E+9	2.422653000E-5
1.421326667E+9	2.398978000E-5
1.421330000E+9	2.373674000E-5
1.421333333E+9	2.425295000E-5
1.421336667E+9	2.478761000E-5
1.421340000E+9	2.690476000E-5
1.421343333E+9	3.972011000E-5
1.421346667E+9	3.521732000E-5
1.421350000E+9	2.637964000E-5
1.421353333E+9	2.520714000E-5
1.421356667E+9	2.399782000E-5
1.421360000E+9	2.395667000E-5
1.421363333E+9	2.485948000E-5
1.421366667E+9	2.678759000E-5
1.421370000E+9	2.413856000E-5
1.421373333E+9	2.346937000E-5
1.421376667E+9	2.364175000E-5
1.421380000E+9	2.384378000E-5
1.421383333E+9	2.423342000E-5
1.421386667E+9	2.332334000E-5
1.421390000E+9	2.352371000E-5
1.421393333E+9	2.323842000E-5
1.421396667E+9	2.384944000E-5
1.421400000E+9	2.363308000E-5
