Frequency, Hz	Amplitude, Volts
1.419400000E+9	1.518608000E-5
1.419403333E+9	1.525029000E-5
1.419406667E+9	1.529536000E-5
1.419410000E+9	1.514836000E-5
1.419413333E+9	1.557023000E-5
1.419416667E+9	1.539132000E-5
1.419420000E+9	1.493033000E-5
1.419423333E+9	1.520964000E-5
1.419426667E+9	1.512237000E-5
1.419430000E+9	1.525079000E-5
1.419433333E+9	1.481522000E-5
1.419436667E+9	1.487654000E-5
1.419440000E+9	1.535301000E-5
1.419443333E+9	1.520535000E-5
1.419446667E+9	1.512948000E-5
1.419450000E+9	1.563274000E-5
1.419453333E+9	1.554811000E-5
1.419456667E+9	1.519759000E-5
1.419460000E+9	1.474897000E-5
1.419463333E+9	1.509112000E-5
1.419466667E+9	1.515478000E-5
1.419470000E+9	1.499647000E-5
1.419473333E+9	1.491635000E-5
1.419476667E+9	1.499936000E-5
1.419480000E+9	1.504615000E-5
1.419483333E+9	1.494544000E-5
1.419486667E+9	1.492387000E-5
1.419490000E+9	1.507082000E-5
1.419493333E+9	1.511958000E-5
1.419496667E+9	1.515230000E-5
1.419500000E+9	1.513245000E-5
1.419503333E+9	1.527943000E-5
1.419506667E+9	1.520964000E-5
1.419510000E+9	1.495510000E-5
1.419513333E+9	1.488051000E-5
1.419516667E+9	1.483068000E-5
1.419520000E+9	1.517749000E-5
1.419523333E+9	1.509321000E-5
1.419526667E+9	1.498375000E-5
1.419530000E+9	1.513592000E-5
1.419533333E+9	1.530242000E-5
1.419536667E+9	1.525592000E-5
1.419540000E+9	1.501977000E-5
1.419543333E+9	1.488627000E-5
1.419546667E+9	1.488749000E-5
1.419550000E+9	1.501423000E-5
1.419553333E+9	1.516700000E-5
1.419556667E+9	1.503687000E-5
1.419560000E+9	1.473633000E-5
1.419563333E+9	1.507961000E-5
1.419566667E+9	1.499086000E-5
1.419570000E+9	1.488430000E-5
1.419573333E+9	1.533222000E-5
1.419576667E+9	1.488257000E-5
1.419580000E+9	1.492940000E-5
1.419583333E+9	1.484518000E-5
1.419586667E+9	1.463867000E-5
1.419590000E+9	1.500463000E-5
1.419593333E+9	1.510327000E-5
1.419596667E+9	1.525089000E-5
1.419600000E+9	1.513286000E-5
1.419603333E+9	1.559620000E-5
1.419606667E+9	1.499698000E-5
1.419610000E+9	1.485394000E-5
1.419613333E+9	1.485120000E-5
1.419616667E+9	1.539357000E-5
1.419620000E+9	1.513203000E-5
1.419623333E+9	1.493141000E-5
1.419626667E+9	1.505167000E-5
1.419630000E+9	1.498578000E-5
1.419633333E+9	1.471337000E-5
1.419636667E+9	1.500502000E-5
1.419640000E+9	1.525791000E-5
1.419643333E+9	1.533209000E-5
1.419646667E+9	1.480101000E-5
1.419650000E+9	1.503954000E-5
1.419653333E+9	1.483138000E-5
1.419656667E+9	1.498183000E-5
1.419660000E+9	1.528076000E-5
1.419663333E+9	1.502654000E-5
1.419666667E+9	1.514759000E-5
1.419670000E+9	1.527787000E-5
1.419673333E+9	1.495261000E-5
1.419676667E+9	1.502837000E-5
1.419680000E+9	1.497439000E-5
1.419683333E+9	1.487467000E-5
1.419686667E+9	1.486373000E-5
1.419690000E+9	1.488211000E-5
1.419693333E+9	1.483083000E-5
1.419696667E+9	1.485480000E-5
1.419700000E+9	1.512011000E-5
1.419703333E+9	1.504136000E-5
1.419706667E+9	1.526314000E-5
1.419710000E+9	1.493761000E-5
1.419713333E+9	1.500448000E-5
1.419716667E+9	1.500682000E-5
1.419720000E+9	1.493697000E-5
1.419723333E+9	1.503485000E-5
1.419726667E+9	1.535002000E-5
1.419730000E+9	1.511583000E-5
1.419733333E+9	1.580437000E-5
1.419736667E+9	1.519407000E-5
1.419740000E+9	1.503117000E-5
1.419743333E+9	1.525895000E-5
1.419746667E+9	1.505522000E-5
1.419750000E+9	1.509211000E-5
1.419753333E+9	1.557512000E-5
1.419756667E+9	1.527504000E-5
1.419760000E+9	1.485479000E-5
1.419763333E+9	1.522056000E-5
1.419766667E+9	1.509518000E-5
1.419770000E+9	1.504473000E-5
1.419773333E+9	1.472674000E-5
1.419776667E+9	1.531291000E-5
1.419780000E+9	1.528801000E-5
1.419783333E+9	1.508050000E-5
1.419786667E+9	1.507178000E-5
1.419790000E+9	1.548773000E-5
1.419793333E+9	1.494161000E-5
1.419796667E+9	1.530904000E-5
1.419800000E+9	1.526423000E-5
1.419803333E+9	1.470007000E-5
1.419806667E+9	1.489830000E-5
1.419810000E+9	1.504404000E-5
1.419813333E+9	1.520775000E-5
1.419816667E+9	1.516680000E-5
1.419820000E+9	1.510324000E-5
1.419823333E+9	1.505337000E-5
1.419826667E+9	1.515476000E-5
1.419830000E+9	1.519357000E-5
1.419833333E+9	1.501476000E-5
1.419836667E+9	1.508257000E-5
1.419840000E+9	1.485989000E-5
1.419843333E+9	1.493153000E-5
1.419846667E+9	1.491757000E-5
1.419850000E+9	1.494955000E-5
1.419853333E+9	1.519251000E-5
1.419856667E+9	1.512981000E-5
1.419860000E+9	1.497018000E-5
1.419863333E+9	1.514332000E-5
1.419866667E+9	1.479193000E-5
1.419870000E+9	1.521430000E-5
1.419873333E+9	1.520568000E-5
1.419876667E+9	1.482279000E-5
1.419880000E+9	1.541127000E-5
1.419883333E+9	1.524302000E-5
1.419886667E+9	1.525175000E-5
1.419890000E+9	1.503192000E-5
1.419893333E+9	1.464151000E-5
1.419896667E+9	1.497061000E-5
1.419900000E+9	1.524038000E-5
1.419903333E+9	1.539081000E-5
1.419906667E+9	1.472113000E-5
1.419910000E+9	1.467233000E-5
1.419913333E+9	1.487934000E-5
1.419916667E+9	1.484233000E-5
1.419920000E+9	1.509518000E-5
1.419923333E+9	1.508168000E-5
1.419926667E+9	1.504078000E-5
1.419930000E+9	1.495282000E-5
1.419933333E+9	1.520847000E-5
1.419936667E+9	1.498012000E-5
1.419940000E+9	1.505099000E-5
1.419943333E+9	1.522929000E-5
1.419946667E+9	1.533970000E-5
1.419950000E+9	1.496938000E-5
1.419953333E+9	1.498438000E-5
1.419956667E+9	1.486924000E-5
1.419960000E+9	1.509755000E-5
1.419963333E+9	1.508951000E-5
1.419966667E+9	1.480139000E-5
1.419970000E+9	1.514166000E-5
1.419973333E+9	1.523049000E-5
1.419976667E+9	1.520688000E-5
1.419980000E+9	1.694816000E-5
1.419983333E+9	1.541630000E-5
1.419986667E+9	1.506033000E-5
1.419990000E+9	1.520011000E-5
1.419993333E+9	1.503137000E-5
1.419996667E+9	1.494271000E-5
1.420000000E+9	1.522488000E-5
1.420003333E+9	1.533897000E-5
1.420006667E+9	1.478360000E-5
1.420010000E+9	1.505808000E-5
1.420013333E+9	1.525831000E-5
1.420016667E+9	1.501951000E-5
1.420020000E+9	1.544291000E-5
1.420023333E+9	1.522322000E-5
1.420026667E+9	1.543586000E-5
1.420030000E+9	1.467875000E-5
1.420033333E+9	1.542688000E-5
1.420036667E+9	1.509975000E-5
1.420040000E+9	1.500359000E-5
1.420043333E+9	1.484282000E-5
1.420046667E+9	1.485829000E-5
1.420050000E+9	1.535095000E-5
1.420053333E+9	1.536824000E-5
1.420056667E+9	1.501216000E-5
1.420060000E+9	1.448423000E-5
1.420063333E+9	1.460574000E-5
1.420066667E+9	1.465219000E-5
1.420070000E+9	1.481703000E-5
1.420073333E+9	1.484249000E-5
1.420076667E+9	1.502703000E-5
1.420080000E+9	1.521797000E-5
1.420083333E+9	1.491224000E-5
1.420086667E+9	1.486120000E-5
1.420090000E+9	1.502142000E-5
1.420093333E+9	1.493695000E-5
1.420096667E+9	1.512501000E-5
1.420100000E+9	1.494447000E-5
1.420103333E+9	1.503081000E-5
1.420106667E+9	1.476910000E-5
1.420110000E+9	1.503992000E-5
1.420113333E+9	1.472346000E-5
1.420116667E+9	1.499929000E-5
1.420120000E+9	1.473667000E-5
1.420123333E+9	1.506968000E-5
1.420126667E+9	1.505056000E-5
1.420130000E+9	1.528858000E-5
1.420133333E+9	1.491159000E-5
1.420136667E+9	1.493756000E-5
1.420140000E+9	1.504504000E-5
1.420143333E+9	1.535936000E-5
1.420146667E+9	1.509836000E-5
1.420150000E+9	1.504717000E-5
1.420153333E+9	1.513041000E-5
1.420156667E+9	1.496530000E-5
1.420160000E+9	1.488654000E-5
1.420163333E+9	1.498938000E-5
1.420166667E+9	1.492964000E-5
1.420170000E+9	1.492982000E-5
1.420173333E+9	1.503403000E-5
1.420176667E+9	1.502241000E-5
1.420180000E+9	1.495059000E-5
1.420183333E+9	1.480233000E-5
1.420186667E+9	1.491231000E-5
1.420190000E+9	1.530679000E-5
1.420193333E+9	1.516453000E-5
1.420196667E+9	1.493431000E-5
1.420200000E+9	1.549649000E-5
1.420203333E+9	1.487052000E-5
1.420206667E+9	1.502307000E-5
1.420210000E+9	1.489352000E-5
1.420213333E+9	1.475479000E-5
1.420216667E+9	1.499229000E-5
1.420220000E+9	1.478198000E-5
1.420223333E+9	1.482780000E-5
1.420226667E+9	1.507648000E-5
1.420230000E+9	1.533474000E-5
1.420233333E+9	1.515243000E-5
1.420236667E+9	1.527117000E-5
1.420240000E+9	1.499529000E-5
1.420243333E+9	1.518706000E-5
1.420246667E+9	1.477521000E-5
1.420250000E+9	1.490268000E-5
1.420253333E+9	1.508131000E-5
1.420256667E+9	1.500748000E-5
1.420260000E+9	1.480384000E-5
1.420263333E+9	1.516307000E-5
1.420266667E+9	1.535159000E-5
1.420270000E+9	1.490447000E-5
1.420273333E+9	1.483862000E-5
1.420276667E+9	1.517833000E-5
1.420280000E+9	1.489204000E-5
1.420283333E+9	1.522270000E-5
1.420286667E+9	1.480443000E-5
1.420290000E+9	1.486469000E-5
1.420293333E+9	1.504286000E-5
1.420296667E+9	1.551935000E-5
1.420300000E+9	1.518179000E-5
1.420303333E+9	1.510262000E-5
1.420306667E+9	1.523805000E-5
1.420310000E+9	1.532096000E-5
1.420313333E+9	1.499937000E-5
1.420316667E+9	1.464122000E-5
1.420320000E+9	1.496782000E-5
1.420323333E+9	1.491034000E-5
1.420326667E+9	1.535685000E-5
1.420330000E+9	1.530047000E-5
1.420333333E+9	1.530711000E-5
1.420336667E+9	1.496381000E-5
1.420340000E+9	1.522606000E-5
1.420343333E+9	1.518109000E-5
1.420346667E+9	1.534760000E-5
1.420350000E+9	1.522474000E-5
1.420353333E+9	1.512954000E-5
1.420356667E+9	1.524706000E-5
1.420360000E+9	1.510305000E-5
1.420363333E+9	1.521804000E-5
1.420366667E+9	1.555417000E-5
1.420370000E+9	1.506853000E-5
1.420373333E+9	1.481815000E-5
1.420376667E+9	1.519777000E-5
1.420380000E+9	1.529603000E-5
1.420383333E+9	1.544025000E-5
1.420386667E+9	1.530739000E-5
1.420390000E+9	1.527632000E-5
1.420393333E+9	1.561457000E-5
1.420396667E+9	1.533789000E-5
1.420400000E+9	1.546265000E-5
1.420403333E+9	1.549711000E-5
1.420406667E+9	1.565417000E-5
1.420410000E+9	1.529617000E-5
1.420413333E+9	1.580526000E-5
1.420416667E+9	1.606219000E-5
1.420420000E+9	1.593556000E-5
1.420423333E+9	1.619740000E-5
1.420426667E+9	1.595736000E-5
1.420430000E+9	1.656533000E-5
1.420433333E+9	1.642856000E-5
1.420436667E+9	1.667412000E-5
1.420440000E+9	1.641992000E-5
1.420443333E+9	1.682838000E-5
1.420446667E+9	1.697677000E-5
1.420450000E+9	1.701560000E-5
1.420453333E+9	1.711936000E-5
1.420456667E+9	1.694954000E-5
1.420460000E+9	1.713132000E-5
1.420463333E+9	1.682950000E-5
1.420466667E+9	1.683525000E-5
1.420470000E+9	1.695081000E-5
1.420473333E+9	1.683379000E-5
1.420476667E+9	1.737254000E-5
1.420480000E+9	1.663981000E-5
1.420483333E+9	1.660948000E-5
1.420486667E+9	1.695406000E-5
1.420490000E+9	1.694539000E-5
1.420493333E+9	1.671518000E-5
1.420496667E+9	1.742008000E-5
1.420500000E+9	1.696810000E-5
1.420503333E+9	1.680439000E-5
1.420506667E+9	1.644181000E-5
1.420510000E+9	1.645790000E-5
1.420513333E+9	1.695328000E-5
1.420516667E+9	1.667475000E-5
1.420520000E+9	1.649024000E-5
1.420523333E+9	1.644202000E-5
1.420526667E+9	1.631562000E-5
1.420530000E+9	1.625035000E-5
1.420533333E+9	1.617219000E-5
1.420536667E+9	1.625597000E-5
1.420540000E+9	1.631139000E-5
1.420543333E+9	1.618951000E-5
1.420546667E+9	1.628766000E-5
1.420550000E+9	1.623535000E-5
1.420553333E+9	1.629970000E-5
1.420556667E+9	1.628500000E-5
1.420560000E+9	1.578510000E-5
1.420563333E+9	1.573019000E-5
1.420566667E+9	1.580572000E-5
1.420570000E+9	1.594223000E-5
1.420573333E+9	1.592760000E-5
1.420576667E+9	1.574361000E-5
1.420580000E+9	1.621260000E-5
1.420583333E+9	1.580234000E-5
1.420586667E+9	1.571163000E-5
1.420590000E+9	1.675877000E-5
1.420593333E+9	1.621027000E-5
1.420596667E+9	1.576740000E-5
1.420600000E+9	1.587916000E-5
1.420603333E+9	1.614407000E-5
1.420606667E+9	1.586348000E-5
1.420610000E+9	1.640244000E-5
1.420613333E+9	1.658340000E-5
1.420616667E+9	1.630618000E-5
1.420620000E+9	1.654252000E-5
1.420623333E+9	1.645593000E-5
1.420626667E+9	1.659295000E-5
1.420630000E+9	1.648466000E-5
1.420633333E+9	1.621454000E-5
1.420636667E+9	1.587737000E-5
1.420640000E+9	1.627711000E-5
1.420643333E+9	1.631547000E-5
1.420646667E+9	1.668075000E-5
1.420650000E+9	1.648173000E-5
1.420653333E+9	1.608146000E-5
1.420656667E+9	1.576229000E-5
1.420660000E+9	1.616885000E-5
1.420663333E+9	1.639618000E-5
1.420666667E+9	1.595821000E-5
1.420670000E+9	1.597990000E-5
1.420673333E+9	1.599944000E-5
1.420676667E+9	1.627731000E-5
1.420680000E+9	1.606736000E-5
1.420683333E+9	1.628337000E-5
1.420686667E+9	1.635989000E-5
1.420690000E+9	1.584014000E-5
1.420693333E+9	1.619225000E-5
1.420696667E+9	1.599588000E-5
1.420700000E+9	1.620977000E-5
1.420703333E+9	1.590422000E-5
1.420706667E+9	1.589221000E-5
1.420710000E+9	1.571879000E-5
1.420713333E+9	1.605257000E-5
1.420716667E+9	1.597973000E-5
1.420720000E+9	1.617208000E-5
1.420723333E+9	1.605553000E-5
1.420726667E+9	1.581979000E-5
1.420730000E+9	1.593400000E-5
1.420733333E+9	1.620285000E-5
1.420736667E+9	1.599568000E-5
1.420740000E+9	1.603340000E-5
1.420743333E+9	1.614373000E-5
1.420746667E+9	1.594457000E-5
1.420750000E+9	1.614100000E-5
1.420753333E+9	1.600779000E-5
1.420756667E+9	1.631705000E-5
1.420760000E+9	1.673156000E-5
1.420763333E+9	1.636118000E-5
1.420766667E+9	1.658189000E-5
1.420770000E+9	1.592903000E-5
1.420773333E+9	1.599020000E-5
1.420776667E+9	1.589497000E-5
1.420780000E+9	1.611315000E-5
1.420783333E+9	1.593285000E-5
1.420786667E+9	1.600614000E-5
1.420790000E+9	1.613427000E-5
1.420793333E+9	1.641574000E-5
1.420796667E+9	1.698604000E-5
1.420800000E+9	1.621652000E-5
1.420803333E+9	1.569867000E-5
1.420806667E+9	1.583000000E-5
1.420810000E+9	1.584560000E-5
1.420813333E+9	1.601848000E-5
1.420816667E+9	1.553611000E-5
1.420820000E+9	1.558142000E-5
1.420823333E+9	1.590350000E-5
1.420826667E+9	1.578056000E-5
1.420830000E+9	1.585542000E-5
1.420833333E+9	1.607013000E-5
1.420836667E+9	1.576998000E-5
1.420840000E+9	1.554227000E-5
1.420843333E+9	1.558203000E-5
1.420846667E+9	1.570527000E-5
1.420850000E+9	1.550823000E-5
1.420853333E+9	1.544571000E-5
1.420856667E+9	1.532179000E-5
1.420860000E+9	1.554842000E-5
1.420863333E+9	1.542041000E-5
1.420866667E+9	1.534687000E-5
1.420870000E+9	1.586914000E-5
1.420873333E+9	1.540112000E-5
1.420876667E+9	1.537384000E-5
1.420880000E+9	1.531951000E-5
1.420883333E+9	1.673143000E-5
1.420886667E+9	1.667515000E-5
1.420890000E+9	1.569481000E-5
1.420893333E+9	1.572092000E-5
1.420896667E+9	1.606184000E-5
1.420900000E+9	1.610360000E-5
1.420903333E+9	1.609372000E-5
1.420906667E+9	1.696341000E-5
1.420910000E+9	1.587038000E-5
1.420913333E+9	1.710266000E-5
1.420916667E+9	1.642418000E-5
1.420920000E+9	1.575062000E-5
1.420923333E+9	1.544058000E-5
1.420926667E+9	1.549911000E-5
1.420930000E+9	1.530859000E-5
1.420933333E+9	1.514370000E-5
1.420936667E+9	1.558349000E-5
1.420940000E+9	1.553011000E-5
1.420943333E+9	1.609432000E-5
1.420946667E+9	1.601660000E-5
1.420950000E+9	1.516254000E-5
1.420953333E+9	1.555967000E-5
1.420956667E+9	1.523580000E-5
1.420960000E+9	1.522981000E-5
1.420963333E+9	1.506243000E-5
1.420966667E+9	1.531968000E-5
1.420970000E+9	1.512654000E-5
1.420973333E+9	1.524816000E-5
1.420976667E+9	1.519223000E-5
1.420980000E+9	1.544300000E-5
1.420983333E+9	1.577589000E-5
1.420986667E+9	1.570017000E-5
1.420990000E+9	1.563722000E-5
1.420993333E+9	1.556539000E-5
1.420996667E+9	1.529221000E-5
1.421000000E+9	1.508790000E-5
1.421003333E+9	1.511102000E-5
1.421006667E+9	1.558427000E-5
1.421010000E+9	1.514209000E-5
1.421013333E+9	1.544146000E-5
1.421016667E+9	1.498477000E-5
1.421020000E+9	1.508270000E-5
1.421023333E+9	1.474186000E-5
1.421026667E+9	1.543568000E-5
1.421030000E+9	1.510151000E-5
1.421033333E+9	1.507029000E-5
1.421036667E+9	1.476302000E-5
1.421040000E+9	1.500206000E-5
1.421043333E+9	1.505573000E-5
1.421046667E+9	1.483917000E-5
1.421050000E+9	1.520902000E-5
1.421053333E+9	1.490203000E-5
1.421056667E+9	1.565434000E-5
1.421060000E+9	1.515872000E-5
1.421063333E+9	1.482783000E-5
1.421066667E+9	1.528321000E-5
1.421070000E+9	1.506983000E-5
1.421073333E+9	1.491363000E-5
1.421076667E+9	1.508098000E-5
1.421080000E+9	1.514862000E-5
1.421083333E+9	1.522050000E-5
1.421086667E+9	1.495750000E-5
1.421090000E+9	1.506185000E-5
1.421093333E+9	1.558533000E-5
1.421096667E+9	1.523409000E-5
1.421100000E+9	1.493054000E-5
1.421103333E+9	1.492330000E-5
1.421106667E+9	1.517488000E-5
1.421110000E+9	1.488893000E-5
1.421113333E+9	1.515894000E-5
1.421116667E+9	1.518768000E-5
1.421120000E+9	1.486378000E-5
1.421123333E+9	1.542549000E-5
1.421126667E+9	1.537249000E-5
1.421130000E+9	1.529960000E-5
1.421133333E+9	1.525618000E-5
1.421136667E+9	1.526500000E-5
1.421140000E+9	1.500996000E-5
1.421143333E+9	1.508290000E-5
1.421146667E+9	1.495441000E-5
1.421150000E+9	1.512753000E-5
1.421153333E+9	1.491388000E-5
1.421156667E+9	1.516387000E-5
1.421160000E+9	1.495625000E-5
1.421163333E+9	1.495310000E-5
1.421166667E+9	1.540806000E-5
1.421170000E+9	1.464193000E-5
1.421173333E+9	1.490213000E-5
1.421176667E+9	1.547576000E-5
1.421180000E+9	1.577535000E-5
1.421183333E+9	1.482298000E-5
1.421186667E+9	1.481610000E-5
1.421190000E+9	1.532956000E-5
1.421193333E+9	1.507179000E-5
1.421196667E+9	1.522083000E-5
1.421200000E+9	1.527831000E-5
1.421203333E+9	1.512542000E-5
1.421206667E+9	1.592183000E-5
1.421210000E+9	1.512815000E-5
1.421213333E+9	1.502172000E-5
1.421216667E+9	1.488895000E-5
1.421220000E+9	1.505927000E-5
1.421223333E+9	1.521325000E-5
1.421226667E+9	1.487646000E-5
1.421230000E+9	1.526109000E-5
1.421233333E+9	1.533128000E-5
1.421236667E+9	1.502362000E-5
1.421240000E+9	1.474240000E-5
1.421243333E+9	1.520588000E-5
1.421246667E+9	1.506420000E-5
1.421250000E+9	1.508855000E-5
1.421253333E+9	1.484914000E-5
1.421256667E+9	1.520939000E-5
1.421260000E+9	1.502774000E-5
1.421263333E+9	1.510685000E-5
1.421266667E+9	1.483383000E-5
1.421270000E+9	1.499338000E-5
1.421273333E+9	1.494849000E-5
1.421276667E+9	1.492627000E-5
1.421280000E+9	1.497880000E-5
1.421283333E+9	1.499697000E-5
1.421286667E+9	1.486162000E-5
1.421290000E+9	1.495652000E-5
1.421293333E+9	1.483559000E-5
1.421296667E+9	1.500758000E-5
1.421300000E+9	1.492913000E-5
1.421303333E+9	1.486769000E-5
1.421306667E+9	1.503091000E-5
1.421310000E+9	1.509519000E-5
1.421313333E+9	1.469936000E-5
1.421316667E+9	1.505289000E-5
1.421320000E+9	1.466471000E-5
1.421323333E+9	1.471536000E-5
1.421326667E+9	1.529805000E-5
1.421330000E+9	1.508529000E-5
1.421333333E+9	1.478579000E-5
1.421336667E+9	1.513024000E-5
1.421340000E+9	1.491978000E-5
1.421343333E+9	1.462627000E-5
1.421346667E+9	1.478362000E-5
1.421350000E+9	1.467319000E-5
1.421353333E+9	1.535130000E-5
1.421356667E+9	1.530914000E-5
1.421360000E+9	1.517726000E-5
1.421363333E+9	1.481763000E-5
1.421366667E+9	1.500529000E-5
1.421370000E+9	1.499147000E-5
1.421373333E+9	1.496047000E-5
1.421376667E+9	1.495304000E-5
1.421380000E+9	1.530689000E-5
1.421383333E+9	1.480122000E-5
1.421386667E+9	1.480745000E-5
1.421390000E+9	1.533572000E-5
1.421393333E+9	1.563993000E-5
1.421396667E+9	1.505871000E-5
1.421400000E+9	1.487689000E-5
