Frequency, Hz	Amplitude, Volts
1.419400000E+9	1.872048000E-5
1.419403333E+9	1.835802000E-5
1.419406667E+9	1.839396000E-5
1.419410000E+9	1.824996000E-5
1.419413333E+9	1.803681000E-5
1.419416667E+9	1.838965000E-5
1.419420000E+9	1.894568000E-5
1.419423333E+9	1.901547000E-5
1.419426667E+9	1.824738000E-5
1.419430000E+9	1.858539000E-5
1.419433333E+9	1.889862000E-5
1.419436667E+9	1.831618000E-5
1.419440000E+9	1.883201000E-5
1.419443333E+9	1.900341000E-5
1.419446667E+9	1.842610000E-5
1.419450000E+9	1.856125000E-5
1.419453333E+9	1.953056000E-5
1.419456667E+9	1.930917000E-5
1.419460000E+9	1.854802000E-5
1.419463333E+9	1.821385000E-5
1.419466667E+9	1.885034000E-5
1.419470000E+9	1.870295000E-5
1.419473333E+9	1.865175000E-5
1.419476667E+9	1.843322000E-5
1.419480000E+9	1.843637000E-5
1.419483333E+9	1.864356000E-5
1.419486667E+9	1.797393000E-5
1.419490000E+9	1.912903000E-5
1.419493333E+9	1.873386000E-5
1.419496667E+9	1.886781000E-5
1.419500000E+9	1.851844000E-5
1.419503333E+9	1.864704000E-5
1.419506667E+9	1.846577000E-5
1.419510000E+9	1.852503000E-5
1.419513333E+9	1.902986000E-5
1.419516667E+9	1.864794000E-5
1.419520000E+9	1.793787000E-5
1.419523333E+9	1.847246000E-5
1.419526667E+9	1.840668000E-5
1.419530000E+9	1.836544000E-5
1.419533333E+9	1.829064000E-5
1.419536667E+9	1.932852000E-5
1.419540000E+9	1.887038000E-5
1.419543333E+9	1.852958000E-5
1.419546667E+9	1.865871000E-5
1.419550000E+9	1.924990000E-5
1.419553333E+9	1.832910000E-5
1.419556667E+9	1.837454000E-5
1.419560000E+9	1.880742000E-5
1.419563333E+9	1.868752000E-5
1.419566667E+9	1.825451000E-5
1.419570000E+9	1.855603000E-5
1.419573333E+9	1.832224000E-5
1.419576667E+9	1.835184000E-5
1.419580000E+9	1.822939000E-5
1.419583333E+9	1.915905000E-5
1.419586667E+9	1.880399000E-5
1.419590000E+9	1.857731000E-5
1.419593333E+9	1.822055000E-5
1.419596667E+9	1.841924000E-5
1.419600000E+9	1.826481000E-5
1.419603333E+9	1.841178000E-5
1.419606667E+9	1.852285000E-5
1.419610000E+9	1.827232000E-5
1.419613333E+9	1.839872000E-5
1.419616667E+9	1.805536000E-5
1.419620000E+9	1.833093000E-5
1.419623333E+9	1.843522000E-5
1.419626667E+9	1.863056000E-5
1.419630000E+9	1.900282000E-5
1.419633333E+9	1.880899000E-5
1.419636667E+9	1.870026000E-5
1.419640000E+9	1.883469000E-5
1.419643333E+9	1.833379000E-5
1.419646667E+9	1.830971000E-5
1.419650000E+9	1.813568000E-5
1.419653333E+9	1.872482000E-5
1.419656667E+9	1.869160000E-5
1.419660000E+9	1.851260000E-5
1.419663333E+9	1.856636000E-5
1.419666667E+9	1.884688000E-5
1.419670000E+9	1.882215000E-5
1.419673333E+9	1.842608000E-5
1.419676667E+9	1.950200000E-5
1.419680000E+9	1.870377000E-5
1.419683333E+9	1.787295000E-5
1.419686667E+9	1.826131000E-5
1.419690000E+9	1.838301000E-5
1.419693333E+9	1.807476000E-5
1.419696667E+9	1.814108000E-5
1.419700000E+9	1.874549000E-5
1.419703333E+9	1.838761000E-5
1.419706667E+9	1.821323000E-5
1.419710000E+9	1.837060000E-5
1.419713333E+9	1.809163000E-5
1.419716667E+9	1.823910000E-5
1.419720000E+9	1.830591000E-5
1.419723333E+9	1.901549000E-5
1.419726667E+9	1.872159000E-5
1.419730000E+9	1.848088000E-5
1.419733333E+9	2.047003000E-5
1.419736667E+9	1.879181000E-5
1.419740000E+9	1.819868000E-5
1.419743333E+9	1.868177000E-5
1.419746667E+9	1.971797000E-5
1.419750000E+9	1.916355000E-5
1.419753333E+9	1.865205000E-5
1.419756667E+9	1.832811000E-5
1.419760000E+9	1.873150000E-5
1.419763333E+9	1.866432000E-5
1.419766667E+9	1.865574000E-5
1.419770000E+9	1.946255000E-5
1.419773333E+9	1.875636000E-5
1.419776667E+9	1.853935000E-5
1.419780000E+9	1.863560000E-5
1.419783333E+9	1.877301000E-5
1.419786667E+9	1.842385000E-5
1.419790000E+9	1.875504000E-5
1.419793333E+9	1.912147000E-5
1.419796667E+9	1.847727000E-5
1.419800000E+9	1.870568000E-5
1.419803333E+9	1.864692000E-5
1.419806667E+9	1.866385000E-5
1.419810000E+9	1.832852000E-5
1.419813333E+9	1.858602000E-5
1.419816667E+9	1.884129000E-5
1.419820000E+9	1.831870000E-5
1.419823333E+9	1.831291000E-5
1.419826667E+9	1.824673000E-5
1.419830000E+9	1.877033000E-5
1.419833333E+9	1.850797000E-5
1.419836667E+9	1.841533000E-5
1.419840000E+9	1.823870000E-5
1.419843333E+9	1.861466000E-5
1.419846667E+9	1.838953000E-5
1.419850000E+9	1.857197000E-5
1.419853333E+9	1.822523000E-5
1.419856667E+9	1.818406000E-5
1.419860000E+9	1.857913000E-5
1.419863333E+9	1.947288000E-5
1.419866667E+9	1.839014000E-5
1.419870000E+9	1.908466000E-5
1.419873333E+9	1.806660000E-5
1.419876667E+9	1.846024000E-5
1.419880000E+9	1.836943000E-5
1.419883333E+9	1.870170000E-5
1.419886667E+9	1.865093000E-5
1.419890000E+9	1.859392000E-5
1.419893333E+9	1.855583000E-5
1.419896667E+9	1.860160000E-5
1.419900000E+9	1.880254000E-5
1.419903333E+9	1.854788000E-5
1.419906667E+9	1.850811000E-5
1.419910000E+9	1.871181000E-5
1.419913333E+9	1.853685000E-5
1.419916667E+9	1.800025000E-5
1.419920000E+9	1.800379000E-5
1.419923333E+9	1.848985000E-5
1.419926667E+9	1.823562000E-5
1.419930000E+9	1.835145000E-5
1.419933333E+9	1.857741000E-5
1.419936667E+9	1.807821000E-5
1.419940000E+9	1.836849000E-5
1.419943333E+9	1.854470000E-5
1.419946667E+9	1.862670000E-5
1.419950000E+9	1.866342000E-5
1.419953333E+9	1.808996000E-5
1.419956667E+9	1.905727000E-5
1.419960000E+9	1.850962000E-5
1.419963333E+9	1.829627000E-5
1.419966667E+9	1.839109000E-5
1.419970000E+9	1.837185000E-5
1.419973333E+9	1.826531000E-5
1.419976667E+9	1.836901000E-5
1.419980000E+9	1.852393000E-5
1.419983333E+9	1.820099000E-5
1.419986667E+9	1.830332000E-5
1.419990000E+9	1.812603000E-5
1.419993333E+9	1.785871000E-5
1.419996667E+9	1.851767000E-5
1.420000000E+9	1.813479000E-5
1.420003333E+9	1.919819000E-5
1.420006667E+9	1.842383000E-5
1.420010000E+9	1.838578000E-5
1.420013333E+9	1.824403000E-5
1.420016667E+9	1.795448000E-5
1.420020000E+9	1.843953000E-5
1.420023333E+9	1.849225000E-5
1.420026667E+9	1.883831000E-5
1.420030000E+9	1.816073000E-5
1.420033333E+9	1.794539000E-5
1.420036667E+9	1.797728000E-5
1.420040000E+9	1.902719000E-5
1.420043333E+9	1.829912000E-5
1.420046667E+9	1.817354000E-5
1.420050000E+9	1.887001000E-5
1.420053333E+9	1.858107000E-5
1.420056667E+9	1.811240000E-5
1.420060000E+9	1.863486000E-5
1.420063333E+9	1.835234000E-5
1.420066667E+9	1.831894000E-5
1.420070000E+9	1.841881000E-5
1.420073333E+9	1.856139000E-5
1.420076667E+9	1.799841000E-5
1.420080000E+9	1.817557000E-5
1.420083333E+9	1.827553000E-5
1.420086667E+9	1.833363000E-5
1.420090000E+9	1.859829000E-5
1.420093333E+9	1.863320000E-5
1.420096667E+9	1.903870000E-5
1.420100000E+9	1.830155000E-5
1.420103333E+9	1.830366000E-5
1.420106667E+9	1.806608000E-5
1.420110000E+9	1.807815000E-5
1.420113333E+9	1.826343000E-5
1.420116667E+9	1.826636000E-5
1.420120000E+9	1.827522000E-5
1.420123333E+9	1.842401000E-5
1.420126667E+9	1.858196000E-5
1.420130000E+9	1.861445000E-5
1.420133333E+9	1.832383000E-5
1.420136667E+9	1.838761000E-5
1.420140000E+9	1.821993000E-5
1.420143333E+9	1.876458000E-5
1.420146667E+9	1.884450000E-5
1.420150000E+9	1.855014000E-5
1.420153333E+9	1.824155000E-5
1.420156667E+9	1.861862000E-5
1.420160000E+9	1.867966000E-5
1.420163333E+9	1.857466000E-5
1.420166667E+9	1.861856000E-5
1.420170000E+9	1.878676000E-5
1.420173333E+9	1.841552000E-5
1.420176667E+9	1.892998000E-5
1.420180000E+9	1.820046000E-5
1.420183333E+9	1.857456000E-5
1.420186667E+9	1.882072000E-5
1.420190000E+9	1.979735000E-5
1.420193333E+9	1.876592000E-5
1.420196667E+9	1.868879000E-5
1.420200000E+9	1.899114000E-5
1.420203333E+9	1.888817000E-5
1.420206667E+9	1.900353000E-5
1.420210000E+9	1.929140000E-5
1.420213333E+9	1.951500000E-5
1.420216667E+9	1.922739000E-5
1.420220000E+9	1.922139000E-5
1.420223333E+9	1.925090000E-5
1.420226667E+9	1.951556000E-5
1.420230000E+9	1.928392000E-5
1.420233333E+9	1.916521000E-5
1.420236667E+9	2.008923000E-5
1.420240000E+9	1.963626000E-5
1.420243333E+9	1.925971000E-5
1.420246667E+9	1.927175000E-5
1.420250000E+9	1.960190000E-5
1.420253333E+9	1.986450000E-5
1.420256667E+9	1.946781000E-5
1.420260000E+9	1.988909000E-5
1.420263333E+9	1.970871000E-5
1.420266667E+9	1.987409000E-5
1.420270000E+9	1.985538000E-5
1.420273333E+9	1.980891000E-5
1.420276667E+9	1.954015000E-5
1.420280000E+9	1.947448000E-5
1.420283333E+9	1.984379000E-5
1.420286667E+9	1.967463000E-5
1.420290000E+9	1.970592000E-5
1.420293333E+9	1.946892000E-5
1.420296667E+9	1.950005000E-5
1.420300000E+9	1.960130000E-5
1.420303333E+9	1.984061000E-5
1.420306667E+9	2.032451000E-5
1.420310000E+9	2.022607000E-5
1.420313333E+9	1.964334000E-5
1.420316667E+9	1.982127000E-5
1.420320000E+9	1.967807000E-5
1.420323333E+9	1.963626000E-5
1.420326667E+9	1.958085000E-5
1.420330000E+9	1.982863000E-5
1.420333333E+9	2.003361000E-5
1.420336667E+9	1.904353000E-5
1.420340000E+9	1.874761000E-5
1.420343333E+9	1.915400000E-5
1.420346667E+9	1.897403000E-5
1.420350000E+9	1.889933000E-5
1.420353333E+9	1.932614000E-5
1.420356667E+9	1.830422000E-5
1.420360000E+9	1.868780000E-5
1.420363333E+9	1.868680000E-5
1.420366667E+9	1.888309000E-5
1.420370000E+9	1.863508000E-5
1.420373333E+9	1.887007000E-5
1.420376667E+9	1.921006000E-5
1.420380000E+9	1.861100000E-5
1.420383333E+9	1.887225000E-5
1.420386667E+9	1.921439000E-5
1.420390000E+9	1.849087000E-5
1.420393333E+9	1.878043000E-5
1.420396667E+9	1.857982000E-5
1.420400000E+9	1.852928000E-5
1.420403333E+9	1.865080000E-5
1.420406667E+9	1.870725000E-5
1.420410000E+9	1.908238000E-5
1.420413333E+9	1.834615000E-5
1.420416667E+9	1.892375000E-5
1.420420000E+9	1.843235000E-5
1.420423333E+9	1.894017000E-5
1.420426667E+9	1.832413000E-5
1.420430000E+9	1.833377000E-5
1.420433333E+9	1.808782000E-5
1.420436667E+9	1.828968000E-5
1.420440000E+9	1.835109000E-5
1.420443333E+9	1.831781000E-5
1.420446667E+9	1.878692000E-5
1.420450000E+9	1.846770000E-5
1.420453333E+9	1.859464000E-5
1.420456667E+9	1.822489000E-5
1.420460000E+9	1.821169000E-5
1.420463333E+9	1.796197000E-5
1.420466667E+9	1.835597000E-5
1.420470000E+9	1.842241000E-5
1.420473333E+9	1.819099000E-5
1.420476667E+9	1.824531000E-5
1.420480000E+9	1.824237000E-5
1.420483333E+9	1.818949000E-5
1.420486667E+9	1.841384000E-5
1.420490000E+9	1.887544000E-5
1.420493333E+9	1.845331000E-5
1.420496667E+9	1.819914000E-5
1.420500000E+9	1.819500000E-5
1.420503333E+9	1.846587000E-5
1.420506667E+9	1.788868000E-5
1.420510000E+9	1.830438000E-5
1.420513333E+9	1.861799000E-5
1.420516667E+9	1.860517000E-5
1.420520000E+9	1.858437000E-5
1.420523333E+9	1.758929000E-5
1.420526667E+9	1.841867000E-5
1.420530000E+9	1.844946000E-5
1.420533333E+9	1.795485000E-5
1.420536667E+9	1.817853000E-5
1.420540000E+9	1.805274000E-5
1.420543333E+9	1.838982000E-5
1.420546667E+9	1.822967000E-5
1.420550000E+9	1.799247000E-5
1.420553333E+9	1.794484000E-5
1.420556667E+9	1.798380000E-5
1.420560000E+9	1.794457000E-5
1.420563333E+9	1.813093000E-5
1.420566667E+9	1.805829000E-5
1.420570000E+9	1.809060000E-5
1.420573333E+9	1.838780000E-5
1.420576667E+9	1.807809000E-5
1.420580000E+9	1.812625000E-5
1.420583333E+9	1.805518000E-5
1.420586667E+9	1.813067000E-5
1.420590000E+9	1.826301000E-5
1.420593333E+9	1.794989000E-5
1.420596667E+9	1.767740000E-5
1.420600000E+9	1.817689000E-5
1.420603333E+9	1.849038000E-5
1.420606667E+9	1.830414000E-5
1.420610000E+9	1.839630000E-5
1.420613333E+9	1.802574000E-5
1.420616667E+9	1.787652000E-5
1.420620000E+9	1.798484000E-5
1.420623333E+9	1.843810000E-5
1.420626667E+9	1.916178000E-5
1.420630000E+9	1.797708000E-5
1.420633333E+9	1.819362000E-5
1.420636667E+9	1.791508000E-5
1.420640000E+9	1.779963000E-5
1.420643333E+9	1.806212000E-5
1.420646667E+9	1.801510000E-5
1.420650000E+9	1.771177000E-5
1.420653333E+9	1.808389000E-5
1.420656667E+9	1.866851000E-5
1.420660000E+9	1.830925000E-5
1.420663333E+9	1.810725000E-5
1.420666667E+9	1.780886000E-5
1.420670000E+9	1.797075000E-5
1.420673333E+9	1.828500000E-5
1.420676667E+9	1.821215000E-5
1.420680000E+9	1.816011000E-5
1.420683333E+9	1.770117000E-5
1.420686667E+9	1.745050000E-5
1.420690000E+9	1.802840000E-5
1.420693333E+9	1.788984000E-5
1.420696667E+9	1.732903000E-5
1.420700000E+9	1.819830000E-5
1.420703333E+9	1.795761000E-5
1.420706667E+9	1.776640000E-5
1.420710000E+9	1.808200000E-5
1.420713333E+9	1.747309000E-5
1.420716667E+9	1.732858000E-5
1.420720000E+9	1.796205000E-5
1.420723333E+9	1.841515000E-5
1.420726667E+9	1.806158000E-5
1.420730000E+9	1.784658000E-5
1.420733333E+9	1.825269000E-5
1.420736667E+9	1.778619000E-5
1.420740000E+9	1.790322000E-5
1.420743333E+9	1.803277000E-5
1.420746667E+9	1.822007000E-5
1.420750000E+9	1.855896000E-5
1.420753333E+9	1.764783000E-5
1.420756667E+9	1.787894000E-5
1.420760000E+9	1.794910000E-5
1.420763333E+9	1.822705000E-5
1.420766667E+9	1.818819000E-5
1.420770000E+9	1.809608000E-5
1.420773333E+9	1.799069000E-5
1.420776667E+9	1.785969000E-5
1.420780000E+9	1.770887000E-5
1.420783333E+9	1.761200000E-5
1.420786667E+9	1.823364000E-5
1.420790000E+9	1.776546000E-5
1.420793333E+9	1.805609000E-5
1.420796667E+9	1.822847000E-5
1.420800000E+9	1.828042000E-5
1.420803333E+9	1.829936000E-5
1.420806667E+9	1.825303000E-5
1.420810000E+9	1.834593000E-5
1.420813333E+9	1.836490000E-5
1.420816667E+9	1.775686000E-5
1.420820000E+9	1.797274000E-5
1.420823333E+9	1.778139000E-5
1.420826667E+9	1.801567000E-5
1.420830000E+9	1.770428000E-5
1.420833333E+9	1.786089000E-5
1.420836667E+9	1.746152000E-5
1.420840000E+9	1.811692000E-5
1.420843333E+9	1.842047000E-5
1.420846667E+9	1.771834000E-5
1.420850000E+9	1.793251000E-5
1.420853333E+9	1.791633000E-5
1.420856667E+9	1.817312000E-5
1.420860000E+9	1.849940000E-5
1.420863333E+9	1.778447000E-5
1.420866667E+9	1.811067000E-5
1.420870000E+9	1.796982000E-5
1.420873333E+9	1.787246000E-5
1.420876667E+9	1.828309000E-5
1.420880000E+9	1.834490000E-5
1.420883333E+9	1.846936000E-5
1.420886667E+9	1.833957000E-5
1.420890000E+9	1.768095000E-5
1.420893333E+9	1.763603000E-5
1.420896667E+9	1.805262000E-5
1.420900000E+9	1.825325000E-5
1.420903333E+9	1.878381000E-5
1.420906667E+9	1.843176000E-5
1.420910000E+9	1.795690000E-5
1.420913333E+9	1.866672000E-5
1.420916667E+9	1.868475000E-5
1.420920000E+9	1.982123000E-5
1.420923333E+9	1.851767000E-5
1.420926667E+9	1.837567000E-5
1.420930000E+9	1.802379000E-5
1.420933333E+9	1.801745000E-5
1.420936667E+9	1.851891000E-5
1.420940000E+9	1.798790000E-5
1.420943333E+9	1.782772000E-5
1.420946667E+9	1.763839000E-5
1.420950000E+9	1.808637000E-5
1.420953333E+9	1.813035000E-5
1.420956667E+9	1.790560000E-5
1.420960000E+9	1.854910000E-5
1.420963333E+9	1.788502000E-5
1.420966667E+9	1.781907000E-5
1.420970000E+9	1.841792000E-5
1.420973333E+9	1.772996000E-5
1.420976667E+9	1.762856000E-5
1.420980000E+9	1.791618000E-5
1.420983333E+9	1.812082000E-5
1.420986667E+9	1.840652000E-5
1.420990000E+9	1.809449000E-5
1.420993333E+9	1.859198000E-5
1.420996667E+9	1.828217000E-5
1.421000000E+9	1.822739000E-5
1.421003333E+9	1.837258000E-5
1.421006667E+9	1.799709000E-5
1.421010000E+9	1.817172000E-5
1.421013333E+9	1.781831000E-5
1.421016667E+9	1.778026000E-5
1.421020000E+9	1.819620000E-5
1.421023333E+9	1.795075000E-5
1.421026667E+9	1.808965000E-5
1.421030000E+9	1.800138000E-5
1.421033333E+9	1.825733000E-5
1.421036667E+9	1.838182000E-5
1.421040000E+9	1.808957000E-5
1.421043333E+9	1.802240000E-5
1.421046667E+9	1.803689000E-5
1.421050000E+9	1.756248000E-5
1.421053333E+9	1.751504000E-5
1.421056667E+9	1.807353000E-5
1.421060000E+9	1.822411000E-5
1.421063333E+9	1.892252000E-5
1.421066667E+9	1.826592000E-5
1.421070000E+9	1.839181000E-5
1.421073333E+9	1.825960000E-5
1.421076667E+9	1.819091000E-5
1.421080000E+9	1.797724000E-5
1.421083333E+9	1.734626000E-5
1.421086667E+9	1.744046000E-5
1.421090000E+9	1.792786000E-5
1.421093333E+9	1.815555000E-5
1.421096667E+9	1.835053000E-5
1.421100000E+9	1.862608000E-5
1.421103333E+9	1.857639000E-5
1.421106667E+9	1.813186000E-5
1.421110000E+9	1.784564000E-5
1.421113333E+9	1.855440000E-5
1.421116667E+9	1.815507000E-5
1.421120000E+9	1.827171000E-5
1.421123333E+9	1.843030000E-5
1.421126667E+9	1.887521000E-5
1.421130000E+9	1.847654000E-5
1.421133333E+9	1.812344000E-5
1.421136667E+9	1.775903000E-5
1.421140000E+9	1.811727000E-5
1.421143333E+9	1.787607000E-5
1.421146667E+9	1.793098000E-5
1.421150000E+9	1.787229000E-5
1.421153333E+9	1.824327000E-5
1.421156667E+9	1.832950000E-5
1.421160000E+9	1.832481000E-5
1.421163333E+9	1.831132000E-5
1.421166667E+9	1.853870000E-5
1.421170000E+9	1.853858000E-5
1.421173333E+9	1.796872000E-5
1.421176667E+9	1.830772000E-5
1.421180000E+9	1.861553000E-5
1.421183333E+9	1.804420000E-5
1.421186667E+9	1.797444000E-5
1.421190000E+9	1.839290000E-5
1.421193333E+9	1.855909000E-5
1.421196667E+9	1.920768000E-5
1.421200000E+9	1.846703000E-5
1.421203333E+9	1.772895000E-5
1.421206667E+9	1.840658000E-5
1.421210000E+9	1.830165000E-5
1.421213333E+9	1.831331000E-5
1.421216667E+9	1.838719000E-5
1.421220000E+9	1.800800000E-5
1.421223333E+9	1.805219000E-5
1.421226667E+9	1.784383000E-5
1.421230000E+9	1.876662000E-5
1.421233333E+9	1.835818000E-5
1.421236667E+9	1.775605000E-5
1.421240000E+9	1.776581000E-5
1.421243333E+9	1.815794000E-5
1.421246667E+9	1.798137000E-5
1.421250000E+9	1.820245000E-5
1.421253333E+9	1.842130000E-5
1.421256667E+9	1.814136000E-5
1.421260000E+9	1.843508000E-5
1.421263333E+9	2.130140000E-5
1.421266667E+9	1.976807000E-5
1.421270000E+9	1.817871000E-5
1.421273333E+9	1.810882000E-5
1.421276667E+9	1.829331000E-5
1.421280000E+9	1.846832000E-5
1.421283333E+9	1.859894000E-5
1.421286667E+9	1.850882000E-5
1.421290000E+9	1.878911000E-5
1.421293333E+9	1.862422000E-5
1.421296667E+9	1.913745000E-5
1.421300000E+9	1.928809000E-5
1.421303333E+9	1.869326000E-5
1.421306667E+9	1.898064000E-5
1.421310000E+9	1.937558000E-5
1.421313333E+9	1.840064000E-5
1.421316667E+9	1.877999000E-5
1.421320000E+9	1.886626000E-5
1.421323333E+9	1.876868000E-5
1.421326667E+9	1.933208000E-5
1.421330000E+9	4.722800000E-5
1.421333333E+9	4.884390000E-5
1.421336667E+9	1.982129000E-5
1.421340000E+9	1.901522000E-5
1.421343333E+9	1.897415000E-5
1.421346667E+9	1.863740000E-5
1.421350000E+9	1.879652000E-5
1.421353333E+9	1.897259000E-5
1.421356667E+9	1.932097000E-5
1.421360000E+9	1.895335000E-5
1.421363333E+9	2.013043000E-5
1.421366667E+9	2.284747000E-5
1.421370000E+9	1.904027000E-5
1.421373333E+9	1.900756000E-5
1.421376667E+9	1.847630000E-5
1.421380000E+9	1.848957000E-5
1.421383333E+9	1.847238000E-5
1.421386667E+9	1.884442000E-5
1.421390000E+9	1.862304000E-5
1.421393333E+9	1.880740000E-5
1.421396667E+9	2.186795000E-5
1.421400000E+9	2.729492000E-5
