Frequency, Hz	Amplitude, Volts
1.419400000E+9	1.533532000E-5
1.419403333E+9	1.517999000E-5
1.419406667E+9	1.511022000E-5
1.419410000E+9	1.507543000E-5
1.419413333E+9	1.649821000E-5
1.419416667E+9	1.580673000E-5
1.419420000E+9	1.473251000E-5
1.419423333E+9	1.507969000E-5
1.419426667E+9	1.518238000E-5
1.419430000E+9	1.498833000E-5
1.419433333E+9	1.527053000E-5
1.419436667E+9	1.511609000E-5
1.419440000E+9	1.532828000E-5
1.419443333E+9	1.503060000E-5
1.419446667E+9	1.514187000E-5
1.419450000E+9	1.550900000E-5
1.419453333E+9	1.575696000E-5
1.419456667E+9	1.524636000E-5
1.419460000E+9	1.510259000E-5
1.419463333E+9	1.518676000E-5
1.419466667E+9	1.518918000E-5
1.419470000E+9	1.546263000E-5
1.419473333E+9	1.507669000E-5
1.419476667E+9	1.549051000E-5
1.419480000E+9	1.530359000E-5
1.419483333E+9	1.517179000E-5
1.419486667E+9	1.515872000E-5
1.419490000E+9	1.524769000E-5
1.419493333E+9	1.522847000E-5
1.419496667E+9	1.524277000E-5
1.419500000E+9	1.517633000E-5
1.419503333E+9	1.544549000E-5
1.419506667E+9	1.513100000E-5
1.419510000E+9	1.540055000E-5
1.419513333E+9	1.493577000E-5
1.419516667E+9	1.543315000E-5
1.419520000E+9	1.512718000E-5
1.419523333E+9	1.519487000E-5
1.419526667E+9	1.511274000E-5
1.419530000E+9	1.507722000E-5
1.419533333E+9	1.519884000E-5
1.419536667E+9	1.499829000E-5
1.419540000E+9	1.516656000E-5
1.419543333E+9	1.499720000E-5
1.419546667E+9	1.500817000E-5
1.419550000E+9	1.514118000E-5
1.419553333E+9	1.489928000E-5
1.419556667E+9	1.513956000E-5
1.419560000E+9	1.494109000E-5
1.419563333E+9	1.539551000E-5
1.419566667E+9	1.537349000E-5
1.419570000E+9	1.511010000E-5
1.419573333E+9	1.521475000E-5
1.419576667E+9	1.504123000E-5
1.419580000E+9	1.493643000E-5
1.419583333E+9	1.487859000E-5
1.419586667E+9	1.556256000E-5
1.419590000E+9	1.536532000E-5
1.419593333E+9	1.521326000E-5
1.419596667E+9	1.537062000E-5
1.419600000E+9	1.541454000E-5
1.419603333E+9	1.530652000E-5
1.419606667E+9	1.492089000E-5
1.419610000E+9	1.480990000E-5
1.419613333E+9	1.513336000E-5
1.419616667E+9	1.530670000E-5
1.419620000E+9	1.507535000E-5
1.419623333E+9	1.532293000E-5
1.419626667E+9	1.545552000E-5
1.419630000E+9	1.519166000E-5
1.419633333E+9	1.494803000E-5
1.419636667E+9	1.498884000E-5
1.419640000E+9	1.524955000E-5
1.419643333E+9	1.518601000E-5
1.419646667E+9	1.531008000E-5
1.419650000E+9	1.514538000E-5
1.419653333E+9	1.541104000E-5
1.419656667E+9	1.540635000E-5
1.419660000E+9	1.504129000E-5
1.419663333E+9	1.520727000E-5
1.419666667E+9	1.520887000E-5
1.419670000E+9	1.493171000E-5
1.419673333E+9	1.498655000E-5
1.419676667E+9	1.554807000E-5
1.419680000E+9	1.488260000E-5
1.419683333E+9	1.503804000E-5
1.419686667E+9	1.530025000E-5
1.419690000E+9	1.514789000E-5
1.419693333E+9	1.497931000E-5
1.419696667E+9	1.521687000E-5
1.419700000E+9	1.515125000E-5
1.419703333E+9	1.535444000E-5
1.419706667E+9	1.584816000E-5
1.419710000E+9	1.557811000E-5
1.419713333E+9	1.545107000E-5
1.419716667E+9	1.518825000E-5
1.419720000E+9	1.519644000E-5
1.419723333E+9	1.522394000E-5
1.419726667E+9	1.497803000E-5
1.419730000E+9	1.506028000E-5
1.419733333E+9	1.535452000E-5
1.419736667E+9	1.505757000E-5
1.419740000E+9	1.542881000E-5
1.419743333E+9	1.539146000E-5
1.419746667E+9	1.508207000E-5
1.419750000E+9	1.577365000E-5
1.419753333E+9	1.574615000E-5
1.419756667E+9	1.526942000E-5
1.419760000E+9	1.512184000E-5
1.419763333E+9	1.494466000E-5
1.419766667E+9	1.529374000E-5
1.419770000E+9	1.481773000E-5
1.419773333E+9	1.515867000E-5
1.419776667E+9	1.464975000E-5
1.419780000E+9	1.531089000E-5
1.419783333E+9	1.563332000E-5
1.419786667E+9	1.505517000E-5
1.419790000E+9	1.517066000E-5
1.419793333E+9	1.505527000E-5
1.419796667E+9	1.509374000E-5
1.419800000E+9	1.530131000E-5
1.419803333E+9	1.519565000E-5
1.419806667E+9	1.503405000E-5
1.419810000E+9	1.506973000E-5
1.419813333E+9	1.499134000E-5
1.419816667E+9	1.523971000E-5
1.419820000E+9	1.504803000E-5
1.419823333E+9	1.507178000E-5
1.419826667E+9	1.527917000E-5
1.419830000E+9	1.543268000E-5
1.419833333E+9	1.534030000E-5
1.419836667E+9	1.527730000E-5
1.419840000E+9	1.512486000E-5
1.419843333E+9	1.555741000E-5
1.419846667E+9	1.493043000E-5
1.419850000E+9	1.512227000E-5
1.419853333E+9	1.516011000E-5
1.419856667E+9	1.516275000E-5
1.419860000E+9	1.496356000E-5
1.419863333E+9	1.515362000E-5
1.419866667E+9	1.511495000E-5
1.419870000E+9	1.531109000E-5
1.419873333E+9	1.524286000E-5
1.419876667E+9	1.498518000E-5
1.419880000E+9	1.484113000E-5
1.419883333E+9	1.496302000E-5
1.419886667E+9	1.489758000E-5
1.419890000E+9	1.503418000E-5
1.419893333E+9	1.501964000E-5
1.419896667E+9	1.515591000E-5
1.419900000E+9	1.553164000E-5
1.419903333E+9	1.551981000E-5
1.419906667E+9	1.523824000E-5
1.419910000E+9	1.519438000E-5
1.419913333E+9	1.495783000E-5
1.419916667E+9	1.521321000E-5
1.419920000E+9	1.516375000E-5
1.419923333E+9	1.520373000E-5
1.419926667E+9	1.482500000E-5
1.419930000E+9	1.516280000E-5
1.419933333E+9	1.502637000E-5
1.419936667E+9	1.487052000E-5
1.419940000E+9	1.521171000E-5
1.419943333E+9	1.499307000E-5
1.419946667E+9	1.501087000E-5
1.419950000E+9	1.497385000E-5
1.419953333E+9	1.483388000E-5
1.419956667E+9	1.496571000E-5
1.419960000E+9	1.508540000E-5
1.419963333E+9	1.529345000E-5
1.419966667E+9	1.514463000E-5
1.419970000E+9	1.515004000E-5
1.419973333E+9	1.530173000E-5
1.419976667E+9	1.545046000E-5
1.419980000E+9	1.567023000E-5
1.419983333E+9	1.514620000E-5
1.419986667E+9	1.515075000E-5
1.419990000E+9	1.509543000E-5
1.419993333E+9	1.506456000E-5
1.419996667E+9	1.492687000E-5
1.420000000E+9	1.585547000E-5
1.420003333E+9	1.751629000E-5
1.420006667E+9	1.526382000E-5
1.420010000E+9	1.468576000E-5
1.420013333E+9	1.510697000E-5
1.420016667E+9	1.500642000E-5
1.420020000E+9	1.536803000E-5
1.420023333E+9	1.484781000E-5
1.420026667E+9	1.505241000E-5
1.420030000E+9	1.507398000E-5
1.420033333E+9	1.499997000E-5
1.420036667E+9	1.529494000E-5
1.420040000E+9	1.502480000E-5
1.420043333E+9	1.510183000E-5
1.420046667E+9	1.487418000E-5
1.420050000E+9	1.540070000E-5
1.420053333E+9	1.489519000E-5
1.420056667E+9	1.515555000E-5
1.420060000E+9	1.504949000E-5
1.420063333E+9	1.490921000E-5
1.420066667E+9	1.502540000E-5
1.420070000E+9	1.505370000E-5
1.420073333E+9	1.508030000E-5
1.420076667E+9	1.518451000E-5
1.420080000E+9	1.506589000E-5
1.420083333E+9	1.476023000E-5
1.420086667E+9	1.545430000E-5
1.420090000E+9	1.510949000E-5
1.420093333E+9	1.512810000E-5
1.420096667E+9	1.485102000E-5
1.420100000E+9	1.503849000E-5
1.420103333E+9	1.482814000E-5
1.420106667E+9	1.517811000E-5
1.420110000E+9	1.514789000E-5
1.420113333E+9	1.487883000E-5
1.420116667E+9	1.491971000E-5
1.420120000E+9	1.499665000E-5
1.420123333E+9	1.541425000E-5
1.420126667E+9	1.504103000E-5
1.420130000E+9	1.492658000E-5
1.420133333E+9	1.512067000E-5
1.420136667E+9	1.529194000E-5
1.420140000E+9	1.504136000E-5
1.420143333E+9	1.511316000E-5
1.420146667E+9	1.491354000E-5
1.420150000E+9	1.504133000E-5
1.420153333E+9	1.506615000E-5
1.420156667E+9	1.514255000E-5
1.420160000E+9	1.517113000E-5
1.420163333E+9	1.522732000E-5
1.420166667E+9	1.518166000E-5
1.420170000E+9	1.499832000E-5
1.420173333E+9	1.499626000E-5
1.420176667E+9	1.507822000E-5
1.420180000E+9	1.485265000E-5
1.420183333E+9	1.532764000E-5
1.420186667E+9	1.512697000E-5
1.420190000E+9	1.484835000E-5
1.420193333E+9	1.470013000E-5
1.420196667E+9	1.493977000E-5
1.420200000E+9	1.514089000E-5
1.420203333E+9	1.486415000E-5
1.420206667E+9	1.489120000E-5
1.420210000E+9	1.473497000E-5
1.420213333E+9	1.522613000E-5
1.420216667E+9	1.502791000E-5
1.420220000E+9	1.507567000E-5
1.420223333E+9	1.496972000E-5
1.420226667E+9	1.516663000E-5
1.420230000E+9	1.488267000E-5
1.420233333E+9	1.497339000E-5
1.420236667E+9	1.504281000E-5
1.420240000E+9	1.487365000E-5
1.420243333E+9	1.476378000E-5
1.420246667E+9	1.524115000E-5
1.420250000E+9	1.498306000E-5
1.420253333E+9	1.526729000E-5
1.420256667E+9	1.523817000E-5
1.420260000E+9	1.507939000E-5
1.420263333E+9	1.520446000E-5
1.420266667E+9	1.537058000E-5
1.420270000E+9	1.502401000E-5
1.420273333E+9	1.541667000E-5
1.420276667E+9	1.516908000E-5
1.420280000E+9	1.499829000E-5
1.420283333E+9	1.474771000E-5
1.420286667E+9	1.468871000E-5
1.420290000E+9	1.490476000E-5
1.420293333E+9	1.516050000E-5
1.420296667E+9	1.691650000E-5
1.420300000E+9	1.500540000E-5
1.420303333E+9	1.516204000E-5
1.420306667E+9	1.544519000E-5
1.420310000E+9	1.523563000E-5
1.420313333E+9	1.544463000E-5
1.420316667E+9	1.491146000E-5
1.420320000E+9	1.522483000E-5
1.420323333E+9	1.484267000E-5
1.420326667E+9	1.515223000E-5
1.420330000E+9	1.514297000E-5
1.420333333E+9	1.533389000E-5
1.420336667E+9	1.506271000E-5
1.420340000E+9	1.519286000E-5
1.420343333E+9	1.490524000E-5
1.420346667E+9	1.526309000E-5
1.420350000E+9	1.525009000E-5
1.420353333E+9	1.481312000E-5
1.420356667E+9	1.485917000E-5
1.420360000E+9	1.483099000E-5
1.420363333E+9	1.501003000E-5
1.420366667E+9	1.516050000E-5
1.420370000E+9	1.492168000E-5
1.420373333E+9	1.512066000E-5
1.420376667E+9	1.549900000E-5
1.420380000E+9	1.508418000E-5
1.420383333E+9	1.528366000E-5
1.420386667E+9	1.549746000E-5
1.420390000E+9	1.522187000E-5
1.420393333E+9	1.521303000E-5
1.420396667E+9	1.507338000E-5
1.420400000E+9	1.515749000E-5
1.420403333E+9	1.500678000E-5
1.420406667E+9	1.538151000E-5
1.420410000E+9	1.538490000E-5
1.420413333E+9	1.567794000E-5
1.420416667E+9	1.548521000E-5
1.420420000E+9	1.525206000E-5
1.420423333E+9	1.534721000E-5
1.420426667E+9	1.539923000E-5
1.420430000E+9	1.522250000E-5
1.420433333E+9	1.543080000E-5
1.420436667E+9	1.524955000E-5
1.420440000E+9	1.551818000E-5
1.420443333E+9	1.545772000E-5
1.420446667E+9	1.521563000E-5
1.420450000E+9	1.580303000E-5
1.420453333E+9	1.577071000E-5
1.420456667E+9	1.624112000E-5
1.420460000E+9	1.636309000E-5
1.420463333E+9	1.631408000E-5
1.420466667E+9	1.644845000E-5
1.420470000E+9	1.652518000E-5
1.420473333E+9	1.697798000E-5
1.420476667E+9	1.690662000E-5
1.420480000E+9	1.700934000E-5
1.420483333E+9	1.721746000E-5
1.420486667E+9	1.718107000E-5
1.420490000E+9	1.725984000E-5
1.420493333E+9	1.707354000E-5
1.420496667E+9	1.735026000E-5
1.420500000E+9	1.713777000E-5
1.420503333E+9	1.684711000E-5
1.420506667E+9	1.694649000E-5
1.420510000E+9	1.684600000E-5
1.420513333E+9	1.668156000E-5
1.420516667E+9	1.674867000E-5
1.420520000E+9	1.654265000E-5
1.420523333E+9	1.684792000E-5
1.420526667E+9	1.673788000E-5
1.420530000E+9	1.626770000E-5
1.420533333E+9	1.641971000E-5
1.420536667E+9	1.650589000E-5
1.420540000E+9	1.610342000E-5
1.420543333E+9	1.590013000E-5
1.420546667E+9	1.611869000E-5
1.420550000E+9	1.608473000E-5
1.420553333E+9	1.596584000E-5
1.420556667E+9	1.579211000E-5
1.420560000E+9	1.592639000E-5
1.420563333E+9	1.596298000E-5
1.420566667E+9	1.579464000E-5
1.420570000E+9	1.603472000E-5
1.420573333E+9	1.570689000E-5
1.420576667E+9	1.551509000E-5
1.420580000E+9	1.570053000E-5
1.420583333E+9	1.575167000E-5
1.420586667E+9	1.577330000E-5
1.420590000E+9	1.578564000E-5
1.420593333E+9	1.556172000E-5
1.420596667E+9	1.547139000E-5
1.420600000E+9	1.588774000E-5
1.420603333E+9	1.580021000E-5
1.420606667E+9	1.592667000E-5
1.420610000E+9	1.601297000E-5
1.420613333E+9	1.571867000E-5
1.420616667E+9	1.536073000E-5
1.420620000E+9	1.580456000E-5
1.420623333E+9	1.600129000E-5
1.420626667E+9	1.564058000E-5
1.420630000E+9	1.576778000E-5
1.420633333E+9	1.567044000E-5
1.420636667E+9	1.554208000E-5
1.420640000E+9	1.608672000E-5
1.420643333E+9	1.603780000E-5
1.420646667E+9	1.642526000E-5
1.420650000E+9	1.594583000E-5
1.420653333E+9	1.540874000E-5
1.420656667E+9	1.581822000E-5
1.420660000E+9	1.588291000E-5
1.420663333E+9	1.598355000E-5
1.420666667E+9	1.595303000E-5
1.420670000E+9	1.611089000E-5
1.420673333E+9	1.585930000E-5
1.420676667E+9	1.615164000E-5
1.420680000E+9	1.603585000E-5
1.420683333E+9	1.654610000E-5
1.420686667E+9	1.629170000E-5
1.420690000E+9	1.610933000E-5
1.420693333E+9	1.621468000E-5
1.420696667E+9	1.642468000E-5
1.420700000E+9	1.662904000E-5
1.420703333E+9	1.629618000E-5
1.420706667E+9	1.655468000E-5
1.420710000E+9	1.666470000E-5
1.420713333E+9	1.665495000E-5
1.420716667E+9	1.650344000E-5
1.420720000E+9	1.651642000E-5
1.420723333E+9	1.666431000E-5
1.420726667E+9	1.640868000E-5
1.420730000E+9	1.650614000E-5
1.420733333E+9	1.630985000E-5
1.420736667E+9	1.642989000E-5
1.420740000E+9	1.651383000E-5
1.420743333E+9	1.641839000E-5
1.420746667E+9	1.631161000E-5
1.420750000E+9	1.629449000E-5
1.420753333E+9	1.646856000E-5
1.420756667E+9	1.722391000E-5
1.420760000E+9	1.679406000E-5
1.420763333E+9	1.628450000E-5
1.420766667E+9	1.613069000E-5
1.420770000E+9	1.680137000E-5
1.420773333E+9	1.634529000E-5
1.420776667E+9	1.615985000E-5
1.420780000E+9	1.554717000E-5
1.420783333E+9	1.617175000E-5
1.420786667E+9	1.604775000E-5
1.420790000E+9	1.618031000E-5
1.420793333E+9	1.657413000E-5
1.420796667E+9	1.681929000E-5
1.420800000E+9	1.639002000E-5
1.420803333E+9	1.619310000E-5
1.420806667E+9	1.603299000E-5
1.420810000E+9	1.554388000E-5
1.420813333E+9	1.564577000E-5
1.420816667E+9	1.565299000E-5
1.420820000E+9	1.570515000E-5
1.420823333E+9	1.575324000E-5
1.420826667E+9	1.558415000E-5
1.420830000E+9	1.560151000E-5
1.420833333E+9	1.561392000E-5
1.420836667E+9	1.544063000E-5
1.420840000E+9	1.545182000E-5
1.420843333E+9	1.540759000E-5
1.420846667E+9	1.574773000E-5
1.420850000E+9	1.513752000E-5
1.420853333E+9	1.530158000E-5
1.420856667E+9	1.551886000E-5
1.420860000E+9	1.529395000E-5
1.420863333E+9	1.559331000E-5
1.420866667E+9	1.538051000E-5
1.420870000E+9	1.572318000E-5
1.420873333E+9	1.519347000E-5
1.420876667E+9	1.538923000E-5
1.420880000E+9	1.506129000E-5
1.420883333E+9	1.923005000E-5
1.420886667E+9	1.835945000E-5
1.420890000E+9	1.520288000E-5
1.420893333E+9	1.505504000E-5
1.420896667E+9	1.538247000E-5
1.420900000E+9	1.556917000E-5
1.420903333E+9	1.559324000E-5
1.420906667E+9	1.611242000E-5
1.420910000E+9	1.588640000E-5
1.420913333E+9	1.582111000E-5
1.420916667E+9	1.513298000E-5
1.420920000E+9	1.600860000E-5
1.420923333E+9	1.549997000E-5
1.420926667E+9	1.537126000E-5
1.420930000E+9	1.515376000E-5
1.420933333E+9	1.540911000E-5
1.420936667E+9	1.532325000E-5
1.420940000E+9	1.560376000E-5
1.420943333E+9	1.595585000E-5
1.420946667E+9	1.577178000E-5
1.420950000E+9	1.532613000E-5
1.420953333E+9	1.513478000E-5
1.420956667E+9	1.520832000E-5
1.420960000E+9	1.523623000E-5
1.420963333E+9	1.510999000E-5
1.420966667E+9	1.566829000E-5
1.420970000E+9	1.532096000E-5
1.420973333E+9	1.539915000E-5
1.420976667E+9	1.520134000E-5
1.420980000E+9	1.527113000E-5
1.420983333E+9	1.527221000E-5
1.420986667E+9	1.534194000E-5
1.420990000E+9	1.544556000E-5
1.420993333E+9	1.550929000E-5
1.420996667E+9	1.507898000E-5
1.421000000E+9	1.522422000E-5
1.421003333E+9	1.524351000E-5
1.421006667E+9	1.524157000E-5
1.421010000E+9	1.533139000E-5
1.421013333E+9	1.512076000E-5
1.421016667E+9	1.498755000E-5
1.421020000E+9	1.551658000E-5
1.421023333E+9	1.494967000E-5
1.421026667E+9	1.505692000E-5
1.421030000E+9	1.507351000E-5
1.421033333E+9	1.488957000E-5
1.421036667E+9	1.513900000E-5
1.421040000E+9	1.496460000E-5
1.421043333E+9	1.486081000E-5
1.421046667E+9	1.488015000E-5
1.421050000E+9	1.502109000E-5
1.421053333E+9	1.512129000E-5
1.421056667E+9	1.549048000E-5
1.421060000E+9	1.539734000E-5
1.421063333E+9	1.522570000E-5
1.421066667E+9	1.508867000E-5
1.421070000E+9	1.499254000E-5
1.421073333E+9	1.513739000E-5
1.421076667E+9	1.475522000E-5
1.421080000E+9	1.481249000E-5
1.421083333E+9	1.503071000E-5
1.421086667E+9	1.486839000E-5
1.421090000E+9	1.512949000E-5
1.421093333E+9	1.583101000E-5
1.421096667E+9	1.538205000E-5
1.421100000E+9	1.487883000E-5
1.421103333E+9	1.509916000E-5
1.421106667E+9	1.487924000E-5
1.421110000E+9	1.498953000E-5
1.421113333E+9	1.488483000E-5
1.421116667E+9	1.502327000E-5
1.421120000E+9	1.498502000E-5
1.421123333E+9	1.496913000E-5
1.421126667E+9	1.530059000E-5
1.421130000E+9	1.512876000E-5
1.421133333E+9	1.519408000E-5
1.421136667E+9	1.516135000E-5
1.421140000E+9	1.523516000E-5
1.421143333E+9	1.542197000E-5
1.421146667E+9	1.484099000E-5
1.421150000E+9	1.497954000E-5
1.421153333E+9	1.501285000E-5
1.421156667E+9	1.473976000E-5
1.421160000E+9	1.487230000E-5
1.421163333E+9	1.502853000E-5
1.421166667E+9	1.486123000E-5
1.421170000E+9	1.529567000E-5
1.421173333E+9	1.513871000E-5
1.421176667E+9	1.812139000E-5
1.421180000E+9	2.195518000E-5
1.421183333E+9	1.488620000E-5
1.421186667E+9	1.491156000E-5
1.421190000E+9	1.530040000E-5
1.421193333E+9	1.529872000E-5
1.421196667E+9	1.493305000E-5
1.421200000E+9	1.491945000E-5
1.421203333E+9	1.500636000E-5
1.421206667E+9	1.562819000E-5
1.421210000E+9	1.539252000E-5
1.421213333E+9	1.489961000E-5
1.421216667E+9	1.518806000E-5
1.421220000E+9	1.478751000E-5
1.421223333E+9	1.492530000E-5
1.421226667E+9	1.480963000E-5
1.421230000E+9	1.506602000E-5
1.421233333E+9	1.486797000E-5
1.421236667E+9	1.501588000E-5
1.421240000E+9	1.510809000E-5
1.421243333E+9	1.523056000E-5
1.421246667E+9	1.476072000E-5
1.421250000E+9	1.503845000E-5
1.421253333E+9	1.507424000E-5
1.421256667E+9	1.516676000E-5
1.421260000E+9	1.540929000E-5
1.421263333E+9	1.519445000E-5
1.421266667E+9	1.514398000E-5
1.421270000E+9	1.517238000E-5
1.421273333E+9	1.499526000E-5
1.421276667E+9	1.479529000E-5
1.421280000E+9	1.501549000E-5
1.421283333E+9	1.483373000E-5
1.421286667E+9	1.444237000E-5
1.421290000E+9	1.473097000E-5
1.421293333E+9	1.482834000E-5
1.421296667E+9	1.474976000E-5
1.421300000E+9	1.492179000E-5
1.421303333E+9	1.479952000E-5
1.421306667E+9	1.510360000E-5
1.421310000E+9	1.492649000E-5
1.421313333E+9	1.485869000E-5
1.421316667E+9	1.492348000E-5
1.421320000E+9	1.483355000E-5
1.421323333E+9	1.513019000E-5
1.421326667E+9	1.518386000E-5
1.421330000E+9	1.492856000E-5
1.421333333E+9	1.466550000E-5
1.421336667E+9	1.498984000E-5
1.421340000E+9	1.485079000E-5
1.421343333E+9	1.481430000E-5
1.421346667E+9	1.499532000E-5
1.421350000E+9	1.489016000E-5
1.421353333E+9	1.483699000E-5
1.421356667E+9	1.514483000E-5
1.421360000E+9	1.476239000E-5
1.421363333E+9	1.513454000E-5
1.421366667E+9	1.472384000E-5
1.421370000E+9	1.489004000E-5
1.421373333E+9	1.470104000E-5
1.421376667E+9	1.497697000E-5
1.421380000E+9	1.467288000E-5
1.421383333E+9	1.485994000E-5
1.421386667E+9	1.502241000E-5
1.421390000E+9	1.515887000E-5
1.421393333E+9	1.518840000E-5
1.421396667E+9	1.500982000E-5
1.421400000E+9	1.492128000E-5
