Frequency, Hz	Amplitude, Volts
1.419400000E+9	1.634632000E-5
1.419403333E+9	1.605017000E-5
1.419406667E+9	1.625527000E-5
1.419410000E+9	1.622498000E-5
1.419413333E+9	1.657586000E-5
1.419416667E+9	1.604754000E-5
1.419420000E+9	1.563895000E-5
1.419423333E+9	1.596004000E-5
1.419426667E+9	1.622309000E-5
1.419430000E+9	1.610153000E-5
1.419433333E+9	1.626168000E-5
1.419436667E+9	1.629678000E-5
1.419440000E+9	1.607895000E-5
1.419443333E+9	1.616926000E-5
1.419446667E+9	1.621668000E-5
1.419450000E+9	1.777364000E-5
1.419453333E+9	1.603900000E-5
1.419456667E+9	1.585286000E-5
1.419460000E+9	1.571916000E-5
1.419463333E+9	1.573497000E-5
1.419466667E+9	1.620169000E-5
1.419470000E+9	1.621288000E-5
1.419473333E+9	1.615457000E-5
1.419476667E+9	1.606358000E-5
1.419480000E+9	1.609250000E-5
1.419483333E+9	1.610075000E-5
1.419486667E+9	1.623146000E-5
1.419490000E+9	1.630711000E-5
1.419493333E+9	1.560004000E-5
1.419496667E+9	1.606695000E-5
1.419500000E+9	1.618725000E-5
1.419503333E+9	1.617745000E-5
1.419506667E+9	1.602458000E-5
1.419510000E+9	1.570605000E-5
1.419513333E+9	1.606766000E-5
1.419516667E+9	1.617705000E-5
1.419520000E+9	1.606826000E-5
1.419523333E+9	1.608729000E-5
1.419526667E+9	1.593194000E-5
1.419530000E+9	1.605729000E-5
1.419533333E+9	1.576146000E-5
1.419536667E+9	1.599531000E-5
1.419540000E+9	1.630085000E-5
1.419543333E+9	1.594522000E-5
1.419546667E+9	1.588743000E-5
1.419550000E+9	1.620785000E-5
1.419553333E+9	1.629149000E-5
1.419556667E+9	1.586280000E-5
1.419560000E+9	1.621618000E-5
1.419563333E+9	1.608658000E-5
1.419566667E+9	1.588832000E-5
1.419570000E+9	1.585843000E-5
1.419573333E+9	1.588371000E-5
1.419576667E+9	1.579302000E-5
1.419580000E+9	1.579354000E-5
1.419583333E+9	1.615100000E-5
1.419586667E+9	1.605357000E-5
1.419590000E+9	1.590043000E-5
1.419593333E+9	1.584797000E-5
1.419596667E+9	1.598094000E-5
1.419600000E+9	1.653600000E-5
1.419603333E+9	1.571184000E-5
1.419606667E+9	1.621983000E-5
1.419610000E+9	1.602805000E-5
1.419613333E+9	1.598905000E-5
1.419616667E+9	1.657921000E-5
1.419620000E+9	1.603340000E-5
1.419623333E+9	1.584236000E-5
1.419626667E+9	1.588633000E-5
1.419630000E+9	1.613264000E-5
1.419633333E+9	1.596431000E-5
1.419636667E+9	1.611064000E-5
1.419640000E+9	1.611565000E-5
1.419643333E+9	1.612039000E-5
1.419646667E+9	1.592770000E-5
1.419650000E+9	1.628424000E-5
1.419653333E+9	1.587554000E-5
1.419656667E+9	1.611094000E-5
1.419660000E+9	1.605378000E-5
1.419663333E+9	1.589928000E-5
1.419666667E+9	1.608323000E-5
1.419670000E+9	1.608199000E-5
1.419673333E+9	1.572320000E-5
1.419676667E+9	1.602080000E-5
1.419680000E+9	1.606078000E-5
1.419683333E+9	1.590799000E-5
1.419686667E+9	1.598408000E-5
1.419690000E+9	1.596652000E-5
1.419693333E+9	1.601046000E-5
1.419696667E+9	1.600266000E-5
1.419700000E+9	1.594527000E-5
1.419703333E+9	1.609736000E-5
1.419706667E+9	1.618174000E-5
1.419710000E+9	1.626354000E-5
1.419713333E+9	1.602567000E-5
1.419716667E+9	1.598924000E-5
1.419720000E+9	1.556001000E-5
1.419723333E+9	1.601700000E-5
1.419726667E+9	1.589905000E-5
1.419730000E+9	1.608821000E-5
1.419733333E+9	1.724126000E-5
1.419736667E+9	1.627347000E-5
1.419740000E+9	1.641257000E-5
1.419743333E+9	1.700352000E-5
1.419746667E+9	1.631232000E-5
1.419750000E+9	1.634847000E-5
1.419753333E+9	1.573960000E-5
1.419756667E+9	1.611066000E-5
1.419760000E+9	1.587547000E-5
1.419763333E+9	1.620625000E-5
1.419766667E+9	1.612832000E-5
1.419770000E+9	1.591895000E-5
1.419773333E+9	1.609747000E-5
1.419776667E+9	1.616906000E-5
1.419780000E+9	1.621564000E-5
1.419783333E+9	1.596105000E-5
1.419786667E+9	1.558739000E-5
1.419790000E+9	1.585719000E-5
1.419793333E+9	1.571603000E-5
1.419796667E+9	1.571013000E-5
1.419800000E+9	1.639276000E-5
1.419803333E+9	1.549858000E-5
1.419806667E+9	1.606930000E-5
1.419810000E+9	1.600501000E-5
1.419813333E+9	1.585422000E-5
1.419816667E+9	1.657353000E-5
1.419820000E+9	1.620546000E-5
1.419823333E+9	1.627361000E-5
1.419826667E+9	1.584052000E-5
1.419830000E+9	1.640783000E-5
1.419833333E+9	1.608559000E-5
1.419836667E+9	1.621511000E-5
1.419840000E+9	1.627390000E-5
1.419843333E+9	1.584791000E-5
1.419846667E+9	1.614084000E-5
1.419850000E+9	1.601892000E-5
1.419853333E+9	1.595622000E-5
1.419856667E+9	1.632691000E-5
1.419860000E+9	1.621356000E-5
1.419863333E+9	1.629163000E-5
1.419866667E+9	1.654288000E-5
1.419870000E+9	1.681054000E-5
1.419873333E+9	1.618891000E-5
1.419876667E+9	1.658098000E-5
1.419880000E+9	1.682897000E-5
1.419883333E+9	1.637502000E-5
1.419886667E+9	1.643953000E-5
1.419890000E+9	1.641374000E-5
1.419893333E+9	1.625739000E-5
1.419896667E+9	1.702024000E-5
1.419900000E+9	1.651356000E-5
1.419903333E+9	1.623501000E-5
1.419906667E+9	1.643617000E-5
1.419910000E+9	1.658903000E-5
1.419913333E+9	1.664658000E-5
1.419916667E+9	1.628010000E-5
1.419920000E+9	1.619883000E-5
1.419923333E+9	1.631404000E-5
1.419926667E+9	1.637930000E-5
1.419930000E+9	1.630407000E-5
1.419933333E+9	1.610919000E-5
1.419936667E+9	1.635337000E-5
1.419940000E+9	1.615875000E-5
1.419943333E+9	1.640430000E-5
1.419946667E+9	1.634831000E-5
1.419950000E+9	1.591489000E-5
1.419953333E+9	1.611384000E-5
1.419956667E+9	1.606953000E-5
1.419960000E+9	1.660200000E-5
1.419963333E+9	1.644135000E-5
1.419966667E+9	1.644746000E-5
1.419970000E+9	1.643648000E-5
1.419973333E+9	1.623699000E-5
1.419976667E+9	1.629895000E-5
1.419980000E+9	1.635256000E-5
1.419983333E+9	1.628072000E-5
1.419986667E+9	1.639179000E-5
1.419990000E+9	1.615199000E-5
1.419993333E+9	1.649324000E-5
1.419996667E+9	1.621760000E-5
1.420000000E+9	1.625559000E-5
1.420003333E+9	1.627620000E-5
1.420006667E+9	1.636323000E-5
1.420010000E+9	1.658296000E-5
1.420013333E+9	1.641805000E-5
1.420016667E+9	1.631053000E-5
1.420020000E+9	1.655737000E-5
1.420023333E+9	1.618843000E-5
1.420026667E+9	1.642845000E-5
1.420030000E+9	1.657399000E-5
1.420033333E+9	1.632630000E-5
1.420036667E+9	1.720221000E-5
1.420040000E+9	1.654348000E-5
1.420043333E+9	1.629646000E-5
1.420046667E+9	1.678033000E-5
1.420050000E+9	1.622729000E-5
1.420053333E+9	1.645889000E-5
1.420056667E+9	1.632800000E-5
1.420060000E+9	1.683320000E-5
1.420063333E+9	1.598889000E-5
1.420066667E+9	1.634781000E-5
1.420070000E+9	1.612255000E-5
1.420073333E+9	1.636722000E-5
1.420076667E+9	1.649254000E-5
1.420080000E+9	1.630894000E-5
1.420083333E+9	1.645031000E-5
1.420086667E+9	1.658988000E-5
1.420090000E+9	1.661345000E-5
1.420093333E+9	1.641731000E-5
1.420096667E+9	1.661318000E-5
1.420100000E+9	1.634158000E-5
1.420103333E+9	1.645739000E-5
1.420106667E+9	1.631143000E-5
1.420110000E+9	1.643475000E-5
1.420113333E+9	1.673632000E-5
1.420116667E+9	1.655518000E-5
1.420120000E+9	1.656351000E-5
1.420123333E+9	1.649495000E-5
1.420126667E+9	1.641203000E-5
1.420130000E+9	1.663406000E-5
1.420133333E+9	1.639935000E-5
1.420136667E+9	1.647453000E-5
1.420140000E+9	1.672089000E-5
1.420143333E+9	1.653627000E-5
1.420146667E+9	1.675785000E-5
1.420150000E+9	1.653335000E-5
1.420153333E+9	1.697172000E-5
1.420156667E+9	1.656529000E-5
1.420160000E+9	1.702001000E-5
1.420163333E+9	1.682071000E-5
1.420166667E+9	1.693988000E-5
1.420170000E+9	1.646043000E-5
1.420173333E+9	1.663698000E-5
1.420176667E+9	1.638412000E-5
1.420180000E+9	1.631332000E-5
1.420183333E+9	1.655591000E-5
1.420186667E+9	1.672429000E-5
1.420190000E+9	1.666565000E-5
1.420193333E+9	1.669310000E-5
1.420196667E+9	1.694171000E-5
1.420200000E+9	1.656268000E-5
1.420203333E+9	1.683812000E-5
1.420206667E+9	1.685499000E-5
1.420210000E+9	1.672803000E-5
1.420213333E+9	1.671263000E-5
1.420216667E+9	1.678593000E-5
1.420220000E+9	1.687235000E-5
1.420223333E+9	1.698421000E-5
1.420226667E+9	1.729020000E-5
1.420230000E+9	1.710863000E-5
1.420233333E+9	1.725836000E-5
1.420236667E+9	1.746618000E-5
1.420240000E+9	1.696991000E-5
1.420243333E+9	1.706803000E-5
1.420246667E+9	1.749620000E-5
1.420250000E+9	1.711861000E-5
1.420253333E+9	1.721850000E-5
1.420256667E+9	1.744983000E-5
1.420260000E+9	1.723081000E-5
1.420263333E+9	1.744707000E-5
1.420266667E+9	1.783226000E-5
1.420270000E+9	1.747063000E-5
1.420273333E+9	1.716007000E-5
1.420276667E+9	1.753460000E-5
1.420280000E+9	1.808621000E-5
1.420283333E+9	1.730994000E-5
1.420286667E+9	1.767236000E-5
1.420290000E+9	1.738372000E-5
1.420293333E+9	1.703579000E-5
1.420296667E+9	1.743675000E-5
1.420300000E+9	1.766235000E-5
1.420303333E+9	1.757064000E-5
1.420306667E+9	1.792066000E-5
1.420310000E+9	1.792783000E-5
1.420313333E+9	1.778705000E-5
1.420316667E+9	1.771367000E-5
1.420320000E+9	1.780683000E-5
1.420323333E+9	1.718873000E-5
1.420326667E+9	1.798174000E-5
1.420330000E+9	1.829602000E-5
1.420333333E+9	1.785891000E-5
1.420336667E+9	1.799221000E-5
1.420340000E+9	1.749828000E-5
1.420343333E+9	1.780730000E-5
1.420346667E+9	1.764550000E-5
1.420350000E+9	1.724506000E-5
1.420353333E+9	1.723569000E-5
1.420356667E+9	1.734517000E-5
1.420360000E+9	1.693518000E-5
1.420363333E+9	1.690692000E-5
1.420366667E+9	1.687634000E-5
1.420370000E+9	1.650870000E-5
1.420373333E+9	1.669295000E-5
1.420376667E+9	1.641096000E-5
1.420380000E+9	1.622783000E-5
1.420383333E+9	1.622417000E-5
1.420386667E+9	1.615639000E-5
1.420390000E+9	1.588647000E-5
1.420393333E+9	1.636923000E-5
1.420396667E+9	1.598387000E-5
1.420400000E+9	1.614214000E-5
1.420403333E+9	1.612157000E-5
1.420406667E+9	1.625270000E-5
1.420410000E+9	1.660222000E-5
1.420413333E+9	1.605785000E-5
1.420416667E+9	1.609174000E-5
1.420420000E+9	1.628662000E-5
1.420423333E+9	1.628239000E-5
1.420426667E+9	1.634319000E-5
1.420430000E+9	1.607265000E-5
1.420433333E+9	1.609863000E-5
1.420436667E+9	1.614061000E-5
1.420440000E+9	1.597110000E-5
1.420443333E+9	1.591748000E-5
1.420446667E+9	1.606704000E-5
1.420450000E+9	1.617024000E-5
1.420453333E+9	1.597510000E-5
1.420456667E+9	1.663674000E-5
1.420460000E+9	1.614120000E-5
1.420463333E+9	1.596871000E-5
1.420466667E+9	1.616520000E-5
1.420470000E+9	1.613105000E-5
1.420473333E+9	1.623827000E-5
1.420476667E+9	1.630502000E-5
1.420480000E+9	1.637376000E-5
1.420483333E+9	1.635944000E-5
1.420486667E+9	1.637215000E-5
1.420490000E+9	1.624606000E-5
1.420493333E+9	1.692053000E-5
1.420496667E+9	1.683608000E-5
1.420500000E+9	1.635113000E-5
1.420503333E+9	1.588746000E-5
1.420506667E+9	1.594098000E-5
1.420510000E+9	1.640219000E-5
1.420513333E+9	1.608731000E-5
1.420516667E+9	1.627077000E-5
1.420520000E+9	1.642688000E-5
1.420523333E+9	1.624935000E-5
1.420526667E+9	1.639836000E-5
1.420530000E+9	1.624198000E-5
1.420533333E+9	1.638340000E-5
1.420536667E+9	1.621604000E-5
1.420540000E+9	1.641810000E-5
1.420543333E+9	1.621741000E-5
1.420546667E+9	1.629564000E-5
1.420550000E+9	1.630989000E-5
1.420553333E+9	1.633980000E-5
1.420556667E+9	1.643266000E-5
1.420560000E+9	1.665621000E-5
1.420563333E+9	1.604819000E-5
1.420566667E+9	1.647373000E-5
1.420570000E+9	1.641513000E-5
1.420573333E+9	1.606775000E-5
1.420576667E+9	1.605366000E-5
1.420580000E+9	1.608656000E-5
1.420583333E+9	1.614907000E-5
1.420586667E+9	1.600326000E-5
1.420590000E+9	1.588797000E-5
1.420593333E+9	1.591589000E-5
1.420596667E+9	1.618564000E-5
1.420600000E+9	1.632874000E-5
1.420603333E+9	1.662389000E-5
1.420606667E+9	1.657335000E-5
1.420610000E+9	1.580853000E-5
1.420613333E+9	1.588481000E-5
1.420616667E+9	1.592293000E-5
1.420620000E+9	1.657115000E-5
1.420623333E+9	1.673632000E-5
1.420626667E+9	1.602006000E-5
1.420630000E+9	1.568106000E-5
1.420633333E+9	1.583343000E-5
1.420636667E+9	1.607039000E-5
1.420640000E+9	1.593113000E-5
1.420643333E+9	1.689631000E-5
1.420646667E+9	1.611793000E-5
1.420650000E+9	1.585538000E-5
1.420653333E+9	1.600967000E-5
1.420656667E+9	1.594599000E-5
1.420660000E+9	1.589367000E-5
1.420663333E+9	1.579011000E-5
1.420666667E+9	1.557844000E-5
1.420670000E+9	1.571265000E-5
1.420673333E+9	1.585120000E-5
1.420676667E+9	1.554678000E-5
1.420680000E+9	1.628637000E-5
1.420683333E+9	1.583407000E-5
1.420686667E+9	1.581119000E-5
1.420690000E+9	1.571800000E-5
1.420693333E+9	1.570753000E-5
1.420696667E+9	1.563227000E-5
1.420700000E+9	1.567579000E-5
1.420703333E+9	1.572433000E-5
1.420706667E+9	1.587637000E-5
1.420710000E+9	1.610836000E-5
1.420713333E+9	1.555771000E-5
1.420716667E+9	1.540129000E-5
1.420720000E+9	1.558297000E-5
1.420723333E+9	1.574514000E-5
1.420726667E+9	1.573566000E-5
1.420730000E+9	1.562560000E-5
1.420733333E+9	1.614355000E-5
1.420736667E+9	1.529024000E-5
1.420740000E+9	1.587775000E-5
1.420743333E+9	1.581404000E-5
1.420746667E+9	1.574425000E-5
1.420750000E+9	1.573563000E-5
1.420753333E+9	1.577045000E-5
1.420756667E+9	1.647048000E-5
1.420760000E+9	1.579259000E-5
1.420763333E+9	1.574054000E-5
1.420766667E+9	1.544685000E-5
1.420770000E+9	1.552518000E-5
1.420773333E+9	1.590155000E-5
1.420776667E+9	1.556218000E-5
1.420780000E+9	1.593864000E-5
1.420783333E+9	1.597518000E-5
1.420786667E+9	1.572157000E-5
1.420790000E+9	1.586947000E-5
1.420793333E+9	1.708185000E-5
1.420796667E+9	1.587177000E-5
1.420800000E+9	1.541459000E-5
1.420803333E+9	1.575819000E-5
1.420806667E+9	1.560832000E-5
1.420810000E+9	1.571764000E-5
1.420813333E+9	1.584150000E-5
1.420816667E+9	1.596440000E-5
1.420820000E+9	1.559547000E-5
1.420823333E+9	1.576089000E-5
1.420826667E+9	1.591776000E-5
1.420830000E+9	1.569806000E-5
1.420833333E+9	1.563962000E-5
1.420836667E+9	1.526463000E-5
1.420840000E+9	1.573116000E-5
1.420843333E+9	1.579060000E-5
1.420846667E+9	1.551787000E-5
1.420850000E+9	1.554637000E-5
1.420853333E+9	1.560066000E-5
1.420856667E+9	1.568020000E-5
1.420860000E+9	1.593568000E-5
1.420863333E+9	1.575101000E-5
1.420866667E+9	1.585241000E-5
1.420870000E+9	1.586167000E-5
1.420873333E+9	1.565611000E-5
1.420876667E+9	1.561387000E-5
1.420880000E+9	1.567801000E-5
1.420883333E+9	1.622690000E-5
1.420886667E+9	1.583997000E-5
1.420890000E+9	1.562532000E-5
1.420893333E+9	1.541742000E-5
1.420896667E+9	1.592812000E-5
1.420900000E+9	1.614386000E-5
1.420903333E+9	1.627261000E-5
1.420906667E+9	1.668771000E-5
1.420910000E+9	1.603227000E-5
1.420913333E+9	1.861102000E-5
1.420916667E+9	1.800683000E-5
1.420920000E+9	1.652674000E-5
1.420923333E+9	1.553101000E-5
1.420926667E+9	1.632876000E-5
1.420930000E+9	1.587986000E-5
1.420933333E+9	1.598187000E-5
1.420936667E+9	1.585771000E-5
1.420940000E+9	1.620135000E-5
1.420943333E+9	1.659280000E-5
1.420946667E+9	1.552909000E-5
1.420950000E+9	1.565816000E-5
1.420953333E+9	1.552049000E-5
1.420956667E+9	1.567664000E-5
1.420960000E+9	1.565921000E-5
1.420963333E+9	1.526922000E-5
1.420966667E+9	1.535019000E-5
1.420970000E+9	1.577303000E-5
1.420973333E+9	1.571036000E-5
1.420976667E+9	1.574009000E-5
1.420980000E+9	1.608376000E-5
1.420983333E+9	1.560723000E-5
1.420986667E+9	1.600536000E-5
1.420990000E+9	1.606491000E-5
1.420993333E+9	1.585357000E-5
1.420996667E+9	1.585798000E-5
1.421000000E+9	1.559062000E-5
1.421003333E+9	1.578869000E-5
1.421006667E+9	1.562155000E-5
1.421010000E+9	1.567285000E-5
1.421013333E+9	1.559252000E-5
1.421016667E+9	1.592118000E-5
1.421020000E+9	1.575918000E-5
1.421023333E+9	1.568597000E-5
1.421026667E+9	1.564275000E-5
1.421030000E+9	1.570168000E-5
1.421033333E+9	1.554055000E-5
1.421036667E+9	1.561841000E-5
1.421040000E+9	1.580142000E-5
1.421043333E+9	1.555241000E-5
1.421046667E+9	1.584576000E-5
1.421050000E+9	1.568461000E-5
1.421053333E+9	1.615966000E-5
1.421056667E+9	1.614650000E-5
1.421060000E+9	1.578209000E-5
1.421063333E+9	1.561884000E-5
1.421066667E+9	1.561965000E-5
1.421070000E+9	1.569723000E-5
1.421073333E+9	1.589254000E-5
1.421076667E+9	1.561011000E-5
1.421080000E+9	1.573257000E-5
1.421083333E+9	1.579592000E-5
1.421086667E+9	1.562352000E-5
1.421090000E+9	1.610581000E-5
1.421093333E+9	1.632763000E-5
1.421096667E+9	1.587819000E-5
1.421100000E+9	1.542829000E-5
1.421103333E+9	1.572088000E-5
1.421106667E+9	1.544648000E-5
1.421110000E+9	1.545010000E-5
1.421113333E+9	1.553325000E-5
1.421116667E+9	1.567261000E-5
1.421120000E+9	1.573349000E-5
1.421123333E+9	1.568564000E-5
1.421126667E+9	1.558566000E-5
1.421130000E+9	1.604249000E-5
1.421133333E+9	1.596433000E-5
1.421136667E+9	1.604316000E-5
1.421140000E+9	1.589350000E-5
1.421143333E+9	1.557384000E-5
1.421146667E+9	1.557526000E-5
1.421150000E+9	1.533249000E-5
1.421153333E+9	1.577592000E-5
1.421156667E+9	1.561015000E-5
1.421160000E+9	1.572703000E-5
1.421163333E+9	1.551210000E-5
1.421166667E+9	1.606244000E-5
1.421170000E+9	1.546327000E-5
1.421173333E+9	1.556461000E-5
1.421176667E+9	1.578247000E-5
1.421180000E+9	1.608898000E-5
1.421183333E+9	1.573952000E-5
1.421186667E+9	1.580904000E-5
1.421190000E+9	1.553038000E-5
1.421193333E+9	1.559696000E-5
1.421196667E+9	1.564787000E-5
1.421200000E+9	1.603444000E-5
1.421203333E+9	1.604055000E-5
1.421206667E+9	1.642888000E-5
1.421210000E+9	1.616677000E-5
1.421213333E+9	1.588739000E-5
1.421216667E+9	1.564890000E-5
1.421220000E+9	1.576024000E-5
1.421223333E+9	1.547389000E-5
1.421226667E+9	1.548006000E-5
1.421230000E+9	1.592772000E-5
1.421233333E+9	1.579209000E-5
1.421236667E+9	1.568328000E-5
1.421240000E+9	1.590331000E-5
1.421243333E+9	1.591316000E-5
1.421246667E+9	1.565746000E-5
1.421250000E+9	1.567951000E-5
1.421253333E+9	1.552479000E-5
1.421256667E+9	1.554519000E-5
1.421260000E+9	1.568635000E-5
1.421263333E+9	1.575062000E-5
1.421266667E+9	1.545623000E-5
1.421270000E+9	1.559189000E-5
1.421273333E+9	1.545207000E-5
1.421276667E+9	1.581206000E-5
1.421280000E+9	1.568531000E-5
1.421283333E+9	1.569696000E-5
1.421286667E+9	1.566186000E-5
1.421290000E+9	1.560311000E-5
1.421293333E+9	1.565197000E-5
1.421296667E+9	1.599000000E-5
1.421300000E+9	1.614114000E-5
1.421303333E+9	1.554975000E-5
1.421306667E+9	1.574458000E-5
1.421310000E+9	1.537884000E-5
1.421313333E+9	1.551102000E-5
1.421316667E+9	1.523253000E-5
1.421320000E+9	1.590752000E-5
1.421323333E+9	1.584416000E-5
1.421326667E+9	1.552165000E-5
1.421330000E+9	1.628873000E-5
1.421333333E+9	1.562719000E-5
1.421336667E+9	1.551973000E-5
1.421340000E+9	1.570901000E-5
1.421343333E+9	1.569346000E-5
1.421346667E+9	1.563645000E-5
1.421350000E+9	1.588659000E-5
1.421353333E+9	1.562064000E-5
1.421356667E+9	1.585261000E-5
1.421360000E+9	1.562339000E-5
1.421363333E+9	1.571453000E-5
1.421366667E+9	1.696788000E-5
1.421370000E+9	1.592281000E-5
1.421373333E+9	1.587205000E-5
1.421376667E+9	1.550428000E-5
1.421380000E+9	1.555273000E-5
1.421383333E+9	1.581993000E-5
1.421386667E+9	1.578613000E-5
1.421390000E+9	1.595919000E-5
1.421393333E+9	1.589359000E-5
1.421396667E+9	1.586088000E-5
1.421400000E+9	1.580853000E-5
