Frequency, Hz	Amplitude, Volts
1.419400000E+9	1.698145000E-5
1.419403333E+9	1.722213000E-5
1.419406667E+9	1.649792000E-5
1.419410000E+9	1.682130000E-5
1.419413333E+9	1.798366000E-5
1.419416667E+9	1.698173000E-5
1.419420000E+9	1.687045000E-5
1.419423333E+9	1.703164000E-5
1.419426667E+9	1.654750000E-5
1.419430000E+9	1.694000000E-5
1.419433333E+9	1.730849000E-5
1.419436667E+9	1.674987000E-5
1.419440000E+9	1.678735000E-5
1.419443333E+9	1.668539000E-5
1.419446667E+9	1.784172000E-5
1.419450000E+9	2.099175000E-5
1.419453333E+9	1.734253000E-5
1.419456667E+9	1.697576000E-5
1.419460000E+9	1.682707000E-5
1.419463333E+9	1.653469000E-5
1.419466667E+9	1.679537000E-5
1.419470000E+9	1.681842000E-5
1.419473333E+9	1.648423000E-5
1.419476667E+9	1.686534000E-5
1.419480000E+9	1.657794000E-5
1.419483333E+9	1.673781000E-5
1.419486667E+9	1.697243000E-5
1.419490000E+9	1.694532000E-5
1.419493333E+9	1.672993000E-5
1.419496667E+9	1.688970000E-5
1.419500000E+9	1.668654000E-5
1.419503333E+9	1.669574000E-5
1.419506667E+9	1.682743000E-5
1.419510000E+9	1.673987000E-5
1.419513333E+9	1.666968000E-5
1.419516667E+9	1.655178000E-5
1.419520000E+9	1.691556000E-5
1.419523333E+9	1.672381000E-5
1.419526667E+9	1.674904000E-5
1.419530000E+9	1.709264000E-5
1.419533333E+9	1.655822000E-5
1.419536667E+9	1.694556000E-5
1.419540000E+9	1.671010000E-5
1.419543333E+9	1.667822000E-5
1.419546667E+9	1.656349000E-5
1.419550000E+9	1.698667000E-5
1.419553333E+9	1.689876000E-5
1.419556667E+9	1.678374000E-5
1.419560000E+9	1.678241000E-5
1.419563333E+9	1.661871000E-5
1.419566667E+9	1.676932000E-5
1.419570000E+9	1.672451000E-5
1.419573333E+9	1.690915000E-5
1.419576667E+9	1.669502000E-5
1.419580000E+9	1.705127000E-5
1.419583333E+9	1.679408000E-5
1.419586667E+9	1.688301000E-5
1.419590000E+9	1.657898000E-5
1.419593333E+9	1.624344000E-5
1.419596667E+9	1.604892000E-5
1.419600000E+9	1.652431000E-5
1.419603333E+9	1.672732000E-5
1.419606667E+9	1.672150000E-5
1.419610000E+9	1.672231000E-5
1.419613333E+9	1.671599000E-5
1.419616667E+9	1.671048000E-5
1.419620000E+9	1.655944000E-5
1.419623333E+9	1.689067000E-5
1.419626667E+9	1.649460000E-5
1.419630000E+9	1.685732000E-5
1.419633333E+9	1.690350000E-5
1.419636667E+9	1.643558000E-5
1.419640000E+9	1.667709000E-5
1.419643333E+9	1.701867000E-5
1.419646667E+9	1.698775000E-5
1.419650000E+9	1.667293000E-5
1.419653333E+9	1.650210000E-5
1.419656667E+9	1.626202000E-5
1.419660000E+9	1.660470000E-5
1.419663333E+9	1.662216000E-5
1.419666667E+9	1.672820000E-5
1.419670000E+9	1.647093000E-5
1.419673333E+9	1.651205000E-5
1.419676667E+9	1.649002000E-5
1.419680000E+9	1.667314000E-5
1.419683333E+9	1.649393000E-5
1.419686667E+9	1.627020000E-5
1.419690000E+9	1.703474000E-5
1.419693333E+9	1.620425000E-5
1.419696667E+9	1.652878000E-5
1.419700000E+9	1.646735000E-5
1.419703333E+9	1.654265000E-5
1.419706667E+9	1.721281000E-5
1.419710000E+9	1.669785000E-5
1.419713333E+9	1.638480000E-5
1.419716667E+9	1.646260000E-5
1.419720000E+9	1.663979000E-5
1.419723333E+9	1.627863000E-5
1.419726667E+9	1.663740000E-5
1.419730000E+9	1.667889000E-5
1.419733333E+9	1.729070000E-5
1.419736667E+9	1.693689000E-5
1.419740000E+9	1.777901000E-5
1.419743333E+9	2.052799000E-5
1.419746667E+9	1.687315000E-5
1.419750000E+9	1.667749000E-5
1.419753333E+9	1.649893000E-5
1.419756667E+9	1.632153000E-5
1.419760000E+9	1.641165000E-5
1.419763333E+9	1.719207000E-5
1.419766667E+9	1.688549000E-5
1.419770000E+9	1.697474000E-5
1.419773333E+9	1.665639000E-5
1.419776667E+9	1.625363000E-5
1.419780000E+9	1.646225000E-5
1.419783333E+9	1.674781000E-5
1.419786667E+9	1.658830000E-5
1.419790000E+9	1.647212000E-5
1.419793333E+9	1.607166000E-5
1.419796667E+9	1.642210000E-5
1.419800000E+9	1.644063000E-5
1.419803333E+9	1.639996000E-5
1.419806667E+9	1.658517000E-5
1.419810000E+9	1.623963000E-5
1.419813333E+9	1.640630000E-5
1.419816667E+9	1.635199000E-5
1.419820000E+9	1.668220000E-5
1.419823333E+9	1.657816000E-5
1.419826667E+9	1.640941000E-5
1.419830000E+9	1.652449000E-5
1.419833333E+9	1.672906000E-5
1.419836667E+9	1.648607000E-5
1.419840000E+9	1.635177000E-5
1.419843333E+9	1.648036000E-5
1.419846667E+9	1.641325000E-5
1.419850000E+9	1.658225000E-5
1.419853333E+9	1.660382000E-5
1.419856667E+9	1.642764000E-5
1.419860000E+9	1.638729000E-5
1.419863333E+9	1.648066000E-5
1.419866667E+9	1.623757000E-5
1.419870000E+9	1.634283000E-5
1.419873333E+9	1.661247000E-5
1.419876667E+9	1.629072000E-5
1.419880000E+9	1.663148000E-5
1.419883333E+9	1.651211000E-5
1.419886667E+9	1.630672000E-5
1.419890000E+9	1.624325000E-5
1.419893333E+9	1.646402000E-5
1.419896667E+9	1.664100000E-5
1.419900000E+9	1.611918000E-5
1.419903333E+9	1.604634000E-5
1.419906667E+9	1.650932000E-5
1.419910000E+9	1.612968000E-5
1.419913333E+9	1.657033000E-5
1.419916667E+9	1.641588000E-5
1.419920000E+9	1.599228000E-5
1.419923333E+9	1.637148000E-5
1.419926667E+9	1.631936000E-5
1.419930000E+9	1.633955000E-5
1.419933333E+9	1.606205000E-5
1.419936667E+9	1.640248000E-5
1.419940000E+9	1.624562000E-5
1.419943333E+9	1.627756000E-5
1.419946667E+9	1.639557000E-5
1.419950000E+9	1.629041000E-5
1.419953333E+9	1.629414000E-5
1.419956667E+9	1.644392000E-5
1.419960000E+9	1.615879000E-5
1.419963333E+9	1.638506000E-5
1.419966667E+9	1.629569000E-5
1.419970000E+9	1.643442000E-5
1.419973333E+9	1.658240000E-5
1.419976667E+9	1.650208000E-5
1.419980000E+9	1.685678000E-5
1.419983333E+9	1.641387000E-5
1.419986667E+9	1.644325000E-5
1.419990000E+9	1.648397000E-5
1.419993333E+9	1.637031000E-5
1.419996667E+9	1.622270000E-5
1.420000000E+9	1.802580000E-5
1.420003333E+9	1.948361000E-5
1.420006667E+9	1.658850000E-5
1.420010000E+9	1.656242000E-5
1.420013333E+9	1.637215000E-5
1.420016667E+9	1.631311000E-5
1.420020000E+9	1.650043000E-5
1.420023333E+9	1.635188000E-5
1.420026667E+9	1.677593000E-5
1.420030000E+9	1.638549000E-5
1.420033333E+9	1.741282000E-5
1.420036667E+9	1.892940000E-5
1.420040000E+9	1.668731000E-5
1.420043333E+9	1.644690000E-5
1.420046667E+9	1.592062000E-5
1.420050000E+9	1.613677000E-5
1.420053333E+9	1.612246000E-5
1.420056667E+9	1.620343000E-5
1.420060000E+9	1.638313000E-5
1.420063333E+9	1.609775000E-5
1.420066667E+9	1.613055000E-5
1.420070000E+9	1.630015000E-5
1.420073333E+9	1.600069000E-5
1.420076667E+9	1.621482000E-5
1.420080000E+9	1.625947000E-5
1.420083333E+9	1.651397000E-5
1.420086667E+9	1.601916000E-5
1.420090000E+9	1.639148000E-5
1.420093333E+9	1.598620000E-5
1.420096667E+9	1.626318000E-5
1.420100000E+9	1.608863000E-5
1.420103333E+9	1.598350000E-5
1.420106667E+9	1.597431000E-5
1.420110000E+9	1.597462000E-5
1.420113333E+9	1.642261000E-5
1.420116667E+9	1.628296000E-5
1.420120000E+9	1.598338000E-5
1.420123333E+9	1.621123000E-5
1.420126667E+9	1.620230000E-5
1.420130000E+9	1.627600000E-5
1.420133333E+9	1.630793000E-5
1.420136667E+9	1.623055000E-5
1.420140000E+9	1.614439000E-5
1.420143333E+9	1.598174000E-5
1.420146667E+9	1.585206000E-5
1.420150000E+9	1.638371000E-5
1.420153333E+9	1.615730000E-5
1.420156667E+9	1.625861000E-5
1.420160000E+9	1.614192000E-5
1.420163333E+9	1.606551000E-5
1.420166667E+9	1.631461000E-5
1.420170000E+9	1.589982000E-5
1.420173333E+9	1.616557000E-5
1.420176667E+9	1.592232000E-5
1.420180000E+9	1.609252000E-5
1.420183333E+9	1.598810000E-5
1.420186667E+9	1.626868000E-5
1.420190000E+9	1.612768000E-5
1.420193333E+9	1.619719000E-5
1.420196667E+9	1.577777000E-5
1.420200000E+9	1.588277000E-5
1.420203333E+9	1.579209000E-5
1.420206667E+9	1.618674000E-5
1.420210000E+9	1.629138000E-5
1.420213333E+9	1.620505000E-5
1.420216667E+9	1.634120000E-5
1.420220000E+9	1.607023000E-5
1.420223333E+9	1.611119000E-5
1.420226667E+9	1.645992000E-5
1.420230000E+9	1.641214000E-5
1.420233333E+9	1.629981000E-5
1.420236667E+9	1.612811000E-5
1.420240000E+9	1.601285000E-5
1.420243333E+9	1.605843000E-5
1.420246667E+9	1.618628000E-5
1.420250000E+9	1.629149000E-5
1.420253333E+9	1.643469000E-5
1.420256667E+9	1.617803000E-5
1.420260000E+9	1.639701000E-5
1.420263333E+9	1.609913000E-5
1.420266667E+9	1.649118000E-5
1.420270000E+9	1.660339000E-5
1.420273333E+9	1.609815000E-5
1.420276667E+9	1.624776000E-5
1.420280000E+9	1.625247000E-5
1.420283333E+9	1.622549000E-5
1.420286667E+9	1.624788000E-5
1.420290000E+9	1.613688000E-5
1.420293333E+9	1.637259000E-5
1.420296667E+9	1.717933000E-5
1.420300000E+9	1.583431000E-5
1.420303333E+9	1.614880000E-5
1.420306667E+9	1.623093000E-5
1.420310000E+9	1.630663000E-5
1.420313333E+9	1.624581000E-5
1.420316667E+9	1.621310000E-5
1.420320000E+9	1.629262000E-5
1.420323333E+9	1.619582000E-5
1.420326667E+9	1.766902000E-5
1.420330000E+9	1.882254000E-5
1.420333333E+9	1.656615000E-5
1.420336667E+9	1.628278000E-5
1.420340000E+9	1.604402000E-5
1.420343333E+9	1.608561000E-5
1.420346667E+9	1.637533000E-5
1.420350000E+9	1.651245000E-5
1.420353333E+9	1.632637000E-5
1.420356667E+9	1.636887000E-5
1.420360000E+9	1.605211000E-5
1.420363333E+9	1.610908000E-5
1.420366667E+9	1.634574000E-5
1.420370000E+9	1.612152000E-5
1.420373333E+9	1.631659000E-5
1.420376667E+9	1.646220000E-5
1.420380000E+9	1.602787000E-5
1.420383333E+9	1.607985000E-5
1.420386667E+9	1.632895000E-5
1.420390000E+9	1.623973000E-5
1.420393333E+9	1.660125000E-5
1.420396667E+9	1.647048000E-5
1.420400000E+9	1.639413000E-5
1.420403333E+9	1.660251000E-5
1.420406667E+9	1.626372000E-5
1.420410000E+9	1.629827000E-5
1.420413333E+9	1.659777000E-5
1.420416667E+9	1.677799000E-5
1.420420000E+9	1.644482000E-5
1.420423333E+9	1.649382000E-5
1.420426667E+9	1.648481000E-5
1.420430000E+9	1.646637000E-5
1.420433333E+9	1.643639000E-5
1.420436667E+9	1.667960000E-5
1.420440000E+9	1.719171000E-5
1.420443333E+9	1.700203000E-5
1.420446667E+9	1.733415000E-5
1.420450000E+9	1.695546000E-5
1.420453333E+9	1.729100000E-5
1.420456667E+9	1.793194000E-5
1.420460000E+9	1.800268000E-5
1.420463333E+9	1.812997000E-5
1.420466667E+9	1.829450000E-5
1.420470000E+9	1.844170000E-5
1.420473333E+9	1.856591000E-5
1.420476667E+9	1.842245000E-5
1.420480000E+9	1.857460000E-5
1.420483333E+9	1.843949000E-5
1.420486667E+9	1.880645000E-5
1.420490000E+9	1.863641000E-5
1.420493333E+9	1.839973000E-5
1.420496667E+9	1.875144000E-5
1.420500000E+9	1.879567000E-5
1.420503333E+9	1.849787000E-5
1.420506667E+9	1.857803000E-5
1.420510000E+9	1.865740000E-5
1.420513333E+9	1.903527000E-5
1.420516667E+9	1.883343000E-5
1.420520000E+9	1.906790000E-5
1.420523333E+9	1.856630000E-5
1.420526667E+9	1.858902000E-5
1.420530000E+9	1.875801000E-5
1.420533333E+9	1.844587000E-5
1.420536667E+9	1.807311000E-5
1.420540000E+9	1.814610000E-5
1.420543333E+9	1.851980000E-5
1.420546667E+9	1.831295000E-5
1.420550000E+9	1.836504000E-5
1.420553333E+9	1.846814000E-5
1.420556667E+9	1.808339000E-5
1.420560000E+9	1.802624000E-5
1.420563333E+9	1.786687000E-5
1.420566667E+9	1.794139000E-5
1.420570000E+9	1.800875000E-5
1.420573333E+9	1.775242000E-5
1.420576667E+9	1.755396000E-5
1.420580000E+9	1.772309000E-5
1.420583333E+9	1.757305000E-5
1.420586667E+9	1.764467000E-5
1.420590000E+9	1.825725000E-5
1.420593333E+9	1.732422000E-5
1.420596667E+9	1.737420000E-5
1.420600000E+9	1.718645000E-5
1.420603333E+9	1.742942000E-5
1.420606667E+9	1.747086000E-5
1.420610000E+9	1.730673000E-5
1.420613333E+9	1.721952000E-5
1.420616667E+9	1.674038000E-5
1.420620000E+9	1.972038000E-5
1.420623333E+9	1.998168000E-5
1.420626667E+9	1.680825000E-5
1.420630000E+9	1.655871000E-5
1.420633333E+9	1.662634000E-5
1.420636667E+9	1.624740000E-5
1.420640000E+9	1.625518000E-5
1.420643333E+9	1.648515000E-5
1.420646667E+9	1.629986000E-5
1.420650000E+9	1.635935000E-5
1.420653333E+9	1.629460000E-5
1.420656667E+9	1.635737000E-5
1.420660000E+9	1.677777000E-5
1.420663333E+9	1.636812000E-5
1.420666667E+9	1.610729000E-5
1.420670000E+9	1.634127000E-5
1.420673333E+9	1.637560000E-5
1.420676667E+9	1.594382000E-5
1.420680000E+9	1.629056000E-5
1.420683333E+9	1.629079000E-5
1.420686667E+9	1.638534000E-5
1.420690000E+9	1.635080000E-5
1.420693333E+9	1.638482000E-5
1.420696667E+9	1.586747000E-5
1.420700000E+9	1.686176000E-5
1.420703333E+9	1.611680000E-5
1.420706667E+9	1.594798000E-5
1.420710000E+9	1.618821000E-5
1.420713333E+9	1.623310000E-5
1.420716667E+9	1.634626000E-5
1.420720000E+9	1.632529000E-5
1.420723333E+9	1.622503000E-5
1.420726667E+9	1.627418000E-5
1.420730000E+9	1.614653000E-5
1.420733333E+9	1.630088000E-5
1.420736667E+9	1.637204000E-5
1.420740000E+9	1.655131000E-5
1.420743333E+9	1.620530000E-5
1.420746667E+9	1.603189000E-5
1.420750000E+9	1.606034000E-5
1.420753333E+9	1.586703000E-5
1.420756667E+9	1.607361000E-5
1.420760000E+9	1.584419000E-5
1.420763333E+9	1.598568000E-5
1.420766667E+9	1.624904000E-5
1.420770000E+9	1.601384000E-5
1.420773333E+9	1.605257000E-5
1.420776667E+9	1.610008000E-5
1.420780000E+9	1.615012000E-5
1.420783333E+9	1.627838000E-5
1.420786667E+9	1.602759000E-5
1.420790000E+9	1.594354000E-5
1.420793333E+9	1.650067000E-5
1.420796667E+9	1.596451000E-5
1.420800000E+9	1.641226000E-5
1.420803333E+9	1.633399000E-5
1.420806667E+9	1.595159000E-5
1.420810000E+9	1.565419000E-5
1.420813333E+9	1.641574000E-5
1.420816667E+9	1.620836000E-5
1.420820000E+9	1.622722000E-5
1.420823333E+9	1.622555000E-5
1.420826667E+9	1.602031000E-5
1.420830000E+9	1.619710000E-5
1.420833333E+9	1.589277000E-5
1.420836667E+9	1.633037000E-5
1.420840000E+9	1.575143000E-5
1.420843333E+9	1.610951000E-5
1.420846667E+9	1.629864000E-5
1.420850000E+9	1.591155000E-5
1.420853333E+9	1.615338000E-5
1.420856667E+9	1.608886000E-5
1.420860000E+9	1.592610000E-5
1.420863333E+9	1.619127000E-5
1.420866667E+9	1.615732000E-5
1.420870000E+9	1.598747000E-5
1.420873333E+9	1.621725000E-5
1.420876667E+9	1.611980000E-5
1.420880000E+9	1.617489000E-5
1.420883333E+9	1.812736000E-5
1.420886667E+9	1.718305000E-5
1.420890000E+9	1.596531000E-5
1.420893333E+9	1.610857000E-5
1.420896667E+9	1.698104000E-5
1.420900000E+9	1.694759000E-5
1.420903333E+9	1.625506000E-5
1.420906667E+9	1.688125000E-5
1.420910000E+9	1.608582000E-5
1.420913333E+9	2.571422000E-5
1.420916667E+9	2.233143000E-5
1.420920000E+9	1.692365000E-5
1.420923333E+9	1.609204000E-5
1.420926667E+9	1.610839000E-5
1.420930000E+9	1.580730000E-5
1.420933333E+9	1.613647000E-5
1.420936667E+9	1.617251000E-5
1.420940000E+9	1.610314000E-5
1.420943333E+9	1.635377000E-5
1.420946667E+9	1.596850000E-5
1.420950000E+9	1.610652000E-5
1.420953333E+9	1.656586000E-5
1.420956667E+9	1.597401000E-5
1.420960000E+9	1.589036000E-5
1.420963333E+9	1.613229000E-5
1.420966667E+9	1.626889000E-5
1.420970000E+9	1.654862000E-5
1.420973333E+9	1.601166000E-5
1.420976667E+9	1.598641000E-5
1.420980000E+9	1.580874000E-5
1.420983333E+9	1.626422000E-5
1.420986667E+9	1.595447000E-5
1.420990000E+9	1.640243000E-5
1.420993333E+9	1.626389000E-5
1.420996667E+9	1.603900000E-5
1.421000000E+9	1.587641000E-5
1.421003333E+9	1.649214000E-5
1.421006667E+9	1.596566000E-5
1.421010000E+9	1.641624000E-5
1.421013333E+9	1.602805000E-5
1.421016667E+9	1.615178000E-5
1.421020000E+9	1.614519000E-5
1.421023333E+9	1.614331000E-5
1.421026667E+9	1.598264000E-5
1.421030000E+9	1.632786000E-5
1.421033333E+9	1.614847000E-5
1.421036667E+9	1.601742000E-5
1.421040000E+9	1.616172000E-5
1.421043333E+9	1.625807000E-5
1.421046667E+9	1.634466000E-5
1.421050000E+9	1.658440000E-5
1.421053333E+9	1.603618000E-5
1.421056667E+9	1.613172000E-5
1.421060000E+9	1.617972000E-5
1.421063333E+9	1.616030000E-5
1.421066667E+9	1.595814000E-5
1.421070000E+9	1.588724000E-5
1.421073333E+9	1.599375000E-5
1.421076667E+9	1.623563000E-5
1.421080000E+9	1.587121000E-5
1.421083333E+9	1.624904000E-5
1.421086667E+9	1.615882000E-5
1.421090000E+9	1.641102000E-5
1.421093333E+9	1.623832000E-5
1.421096667E+9	1.622323000E-5
1.421100000E+9	1.611297000E-5
1.421103333E+9	1.657286000E-5
1.421106667E+9	1.599574000E-5
1.421110000E+9	1.635906000E-5
1.421113333E+9	1.616583000E-5
1.421116667E+9	1.613611000E-5
1.421120000E+9	1.591365000E-5
1.421123333E+9	1.615682000E-5
1.421126667E+9	1.632440000E-5
1.421130000E+9	1.646504000E-5
1.421133333E+9	1.626425000E-5
1.421136667E+9	1.648464000E-5
1.421140000E+9	1.633471000E-5
1.421143333E+9	1.645143000E-5
1.421146667E+9	1.602622000E-5
1.421150000E+9	1.624351000E-5
1.421153333E+9	1.649828000E-5
1.421156667E+9	1.636210000E-5
1.421160000E+9	1.624911000E-5
1.421163333E+9	1.604280000E-5
1.421166667E+9	1.613041000E-5
1.421170000E+9	1.617801000E-5
1.421173333E+9	1.611968000E-5
1.421176667E+9	1.754445000E-5
1.421180000E+9	1.941336000E-5
1.421183333E+9	1.608959000E-5
1.421186667E+9	1.624501000E-5
1.421190000E+9	1.664992000E-5
1.421193333E+9	1.632929000E-5
1.421196667E+9	1.646182000E-5
1.421200000E+9	1.644251000E-5
1.421203333E+9	1.650214000E-5
1.421206667E+9	2.022931000E-5
1.421210000E+9	1.813793000E-5
1.421213333E+9	1.620422000E-5
1.421216667E+9	1.632207000E-5
1.421220000E+9	1.656902000E-5
1.421223333E+9	1.583918000E-5
1.421226667E+9	1.592354000E-5
1.421230000E+9	1.621833000E-5
1.421233333E+9	1.596973000E-5
1.421236667E+9	1.591218000E-5
1.421240000E+9	1.626582000E-5
1.421243333E+9	1.627509000E-5
1.421246667E+9	1.604791000E-5
1.421250000E+9	1.623790000E-5
1.421253333E+9	1.651374000E-5
1.421256667E+9	1.625242000E-5
1.421260000E+9	1.619100000E-5
1.421263333E+9	1.596657000E-5
1.421266667E+9	1.636533000E-5
1.421270000E+9	1.580616000E-5
1.421273333E+9	1.578980000E-5
1.421276667E+9	1.616422000E-5
1.421280000E+9	1.632970000E-5
1.421283333E+9	1.634034000E-5
1.421286667E+9	1.614621000E-5
1.421290000E+9	1.619614000E-5
1.421293333E+9	1.637578000E-5
1.421296667E+9	1.620966000E-5
1.421300000E+9	1.607465000E-5
1.421303333E+9	1.603784000E-5
1.421306667E+9	1.597077000E-5
1.421310000E+9	1.631320000E-5
1.421313333E+9	1.648843000E-5
1.421316667E+9	1.589114000E-5
1.421320000E+9	1.623916000E-5
1.421323333E+9	1.607507000E-5
1.421326667E+9	1.603477000E-5
1.421330000E+9	1.620705000E-5
1.421333333E+9	1.602047000E-5
1.421336667E+9	1.609315000E-5
1.421340000E+9	1.594891000E-5
1.421343333E+9	1.619646000E-5
1.421346667E+9	1.615183000E-5
1.421350000E+9	1.604432000E-5
1.421353333E+9	1.603453000E-5
1.421356667E+9	1.612680000E-5
1.421360000E+9	1.636648000E-5
1.421363333E+9	1.604895000E-5
1.421366667E+9	1.617523000E-5
1.421370000E+9	1.596239000E-5
1.421373333E+9	1.619632000E-5
1.421376667E+9	1.617720000E-5
1.421380000E+9	1.606300000E-5
1.421383333E+9	1.628104000E-5
1.421386667E+9	1.600268000E-5
1.421390000E+9	1.600992000E-5
1.421393333E+9	1.614435000E-5
1.421396667E+9	1.622403000E-5
1.421400000E+9	1.631902000E-5
