Frequency, Hz	Amplitude, Volts
1.419400000E+9	1.818100000E-5
1.419403333E+9	1.828675000E-5
1.419406667E+9	1.825349000E-5
1.419410000E+9	1.820083000E-5
1.419413333E+9	1.891718000E-5
1.419416667E+9	1.808837000E-5
1.419420000E+9	1.787256000E-5
1.419423333E+9	1.838630000E-5
1.419426667E+9	1.804779000E-5
1.419430000E+9	1.853921000E-5
1.419433333E+9	1.851518000E-5
1.419436667E+9	1.808438000E-5
1.419440000E+9	1.827964000E-5
1.419443333E+9	1.817920000E-5
1.419446667E+9	1.789809000E-5
1.419450000E+9	1.917437000E-5
1.419453333E+9	1.893761000E-5
1.419456667E+9	1.845614000E-5
1.419460000E+9	1.826911000E-5
1.419463333E+9	1.803624000E-5
1.419466667E+9	1.822987000E-5
1.419470000E+9	1.811978000E-5
1.419473333E+9	1.844950000E-5
1.419476667E+9	1.831828000E-5
1.419480000E+9	1.816558000E-5
1.419483333E+9	1.799029000E-5
1.419486667E+9	1.823814000E-5
1.419490000E+9	1.841026000E-5
1.419493333E+9	1.805896000E-5
1.419496667E+9	1.826389000E-5
1.419500000E+9	1.819035000E-5
1.419503333E+9	1.817974000E-5
1.419506667E+9	1.820059000E-5
1.419510000E+9	1.835486000E-5
1.419513333E+9	1.812951000E-5
1.419516667E+9	1.815357000E-5
1.419520000E+9	1.841224000E-5
1.419523333E+9	1.812271000E-5
1.419526667E+9	1.847755000E-5
1.419530000E+9	1.835689000E-5
1.419533333E+9	1.795761000E-5
1.419536667E+9	1.811003000E-5
1.419540000E+9	1.816191000E-5
1.419543333E+9	1.852210000E-5
1.419546667E+9	1.851744000E-5
1.419550000E+9	1.802879000E-5
1.419553333E+9	1.799742000E-5
1.419556667E+9	1.820285000E-5
1.419560000E+9	1.795186000E-5
1.419563333E+9	1.786699000E-5
1.419566667E+9	1.822201000E-5
1.419570000E+9	1.844152000E-5
1.419573333E+9	1.784809000E-5
1.419576667E+9	1.801140000E-5
1.419580000E+9	1.791240000E-5
1.419583333E+9	1.794549000E-5
1.419586667E+9	1.802515000E-5
1.419590000E+9	1.840238000E-5
1.419593333E+9	1.798006000E-5
1.419596667E+9	1.814608000E-5
1.419600000E+9	1.801751000E-5
1.419603333E+9	1.790210000E-5
1.419606667E+9	1.800905000E-5
1.419610000E+9	1.788320000E-5
1.419613333E+9	1.832290000E-5
1.419616667E+9	1.825920000E-5
1.419620000E+9	1.793783000E-5
1.419623333E+9	1.798168000E-5
1.419626667E+9	1.809795000E-5
1.419630000E+9	1.825597000E-5
1.419633333E+9	1.793003000E-5
1.419636667E+9	1.819170000E-5
1.419640000E+9	1.852909000E-5
1.419643333E+9	1.798087000E-5
1.419646667E+9	1.776186000E-5
1.419650000E+9	1.794807000E-5
1.419653333E+9	1.812860000E-5
1.419656667E+9	1.787678000E-5
1.419660000E+9	1.763136000E-5
1.419663333E+9	1.821423000E-5
1.419666667E+9	1.793905000E-5
1.419670000E+9	1.809316000E-5
1.419673333E+9	1.805678000E-5
1.419676667E+9	1.773183000E-5
1.419680000E+9	1.810340000E-5
1.419683333E+9	1.840684000E-5
1.419686667E+9	1.807247000E-5
1.419690000E+9	1.795444000E-5
1.419693333E+9	1.843939000E-5
1.419696667E+9	1.781496000E-5
1.419700000E+9	1.780933000E-5
1.419703333E+9	1.783516000E-5
1.419706667E+9	1.819328000E-5
1.419710000E+9	1.791201000E-5
1.419713333E+9	1.805415000E-5
1.419716667E+9	1.788707000E-5
1.419720000E+9	1.802379000E-5
1.419723333E+9	1.810342000E-5
1.419726667E+9	1.817655000E-5
1.419730000E+9	1.816550000E-5
1.419733333E+9	1.830535000E-5
1.419736667E+9	1.816542000E-5
1.419740000E+9	1.774390000E-5
1.419743333E+9	1.838656000E-5
1.419746667E+9	1.787855000E-5
1.419750000E+9	1.805052000E-5
1.419753333E+9	1.788442000E-5
1.419756667E+9	1.765849000E-5
1.419760000E+9	1.814811000E-5
1.419763333E+9	1.793222000E-5
1.419766667E+9	1.819518000E-5
1.419770000E+9	1.783972000E-5
1.419773333E+9	1.772278000E-5
1.419776667E+9	1.832083000E-5
1.419780000E+9	1.787556000E-5
1.419783333E+9	1.826177000E-5
1.419786667E+9	1.809644000E-5
1.419790000E+9	1.765259000E-5
1.419793333E+9	1.771117000E-5
1.419796667E+9	1.786536000E-5
1.419800000E+9	1.807432000E-5
1.419803333E+9	1.830121000E-5
1.419806667E+9	1.762329000E-5
1.419810000E+9	1.792574000E-5
1.419813333E+9	1.791828000E-5
1.419816667E+9	1.772007000E-5
1.419820000E+9	1.783911000E-5
1.419823333E+9	1.806892000E-5
1.419826667E+9	1.777276000E-5
1.419830000E+9	1.787301000E-5
1.419833333E+9	1.764796000E-5
1.419836667E+9	1.787403000E-5
1.419840000E+9	1.769627000E-5
1.419843333E+9	1.789107000E-5
1.419846667E+9	1.794279000E-5
1.419850000E+9	1.748823000E-5
1.419853333E+9	1.805094000E-5
1.419856667E+9	1.763605000E-5
1.419860000E+9	1.792716000E-5
1.419863333E+9	1.811081000E-5
1.419866667E+9	1.824675000E-5
1.419870000E+9	1.832554000E-5
1.419873333E+9	1.784041000E-5
1.419876667E+9	1.779436000E-5
1.419880000E+9	1.784670000E-5
1.419883333E+9	1.810952000E-5
1.419886667E+9	1.783195000E-5
1.419890000E+9	1.767899000E-5
1.419893333E+9	1.774032000E-5
1.419896667E+9	1.786807000E-5
1.419900000E+9	1.785905000E-5
1.419903333E+9	1.769264000E-5
1.419906667E+9	1.778240000E-5
1.419910000E+9	1.758464000E-5
1.419913333E+9	1.748220000E-5
1.419916667E+9	1.793962000E-5
1.419920000E+9	1.766463000E-5
1.419923333E+9	1.786597000E-5
1.419926667E+9	1.750619000E-5
1.419930000E+9	1.733067000E-5
1.419933333E+9	1.778535000E-5
1.419936667E+9	1.758859000E-5
1.419940000E+9	1.759140000E-5
1.419943333E+9	1.762786000E-5
1.419946667E+9	1.739751000E-5
1.419950000E+9	1.742299000E-5
1.419953333E+9	1.748099000E-5
1.419956667E+9	1.751579000E-5
1.419960000E+9	1.747921000E-5
1.419963333E+9	1.817352000E-5
1.419966667E+9	1.801069000E-5
1.419970000E+9	1.763531000E-5
1.419973333E+9	1.812219000E-5
1.419976667E+9	1.820389000E-5
1.419980000E+9	1.959364000E-5
1.419983333E+9	1.807615000E-5
1.419986667E+9	1.792704000E-5
1.419990000E+9	1.783970000E-5
1.419993333E+9	1.799810000E-5
1.419996667E+9	1.761099000E-5
1.420000000E+9	1.805417000E-5
1.420003333E+9	1.830129000E-5
1.420006667E+9	1.779385000E-5
1.420010000E+9	1.795655000E-5
1.420013333E+9	1.720659000E-5
1.420016667E+9	1.754745000E-5
1.420020000E+9	1.795481000E-5
1.420023333E+9	1.769441000E-5
1.420026667E+9	1.750565000E-5
1.420030000E+9	1.763411000E-5
1.420033333E+9	1.749582000E-5
1.420036667E+9	1.777229000E-5
1.420040000E+9	1.775068000E-5
1.420043333E+9	1.754344000E-5
1.420046667E+9	1.740859000E-5
1.420050000E+9	1.757456000E-5
1.420053333E+9	1.752344000E-5
1.420056667E+9	1.741133000E-5
1.420060000E+9	1.775930000E-5
1.420063333E+9	1.697806000E-5
1.420066667E+9	1.724374000E-5
1.420070000E+9	1.733428000E-5
1.420073333E+9	1.743250000E-5
1.420076667E+9	1.738122000E-5
1.420080000E+9	1.711417000E-5
1.420083333E+9	1.771019000E-5
1.420086667E+9	1.737308000E-5
1.420090000E+9	1.765835000E-5
1.420093333E+9	1.707960000E-5
1.420096667E+9	1.752306000E-5
1.420100000E+9	1.746806000E-5
1.420103333E+9	1.760098000E-5
1.420106667E+9	1.758103000E-5
1.420110000E+9	1.735403000E-5
1.420113333E+9	1.737792000E-5
1.420116667E+9	1.730528000E-5
1.420120000E+9	1.734213000E-5
1.420123333E+9	1.744403000E-5
1.420126667E+9	1.749372000E-5
1.420130000E+9	1.749443000E-5
1.420133333E+9	1.765329000E-5
1.420136667E+9	1.732150000E-5
1.420140000E+9	1.726401000E-5
1.420143333E+9	1.686274000E-5
1.420146667E+9	1.732292000E-5
1.420150000E+9	1.738578000E-5
1.420153333E+9	1.767736000E-5
1.420156667E+9	1.750189000E-5
1.420160000E+9	1.760409000E-5
1.420163333E+9	1.753857000E-5
1.420166667E+9	1.728914000E-5
1.420170000E+9	1.725400000E-5
1.420173333E+9	1.728219000E-5
1.420176667E+9	1.730091000E-5
1.420180000E+9	1.722296000E-5
1.420183333E+9	1.704788000E-5
1.420186667E+9	1.738624000E-5
1.420190000E+9	1.762238000E-5
1.420193333E+9	1.747326000E-5
1.420196667E+9	1.745119000E-5
1.420200000E+9	1.728536000E-5
1.420203333E+9	1.736528000E-5
1.420206667E+9	1.732534000E-5
1.420210000E+9	1.723834000E-5
1.420213333E+9	1.742368000E-5
1.420216667E+9	1.736623000E-5
1.420220000E+9	1.737508000E-5
1.420223333E+9	1.727233000E-5
1.420226667E+9	1.689386000E-5
1.420230000E+9	1.715274000E-5
1.420233333E+9	1.746440000E-5
1.420236667E+9	1.748625000E-5
1.420240000E+9	1.728593000E-5
1.420243333E+9	1.725703000E-5
1.420246667E+9	1.713424000E-5
1.420250000E+9	1.736407000E-5
1.420253333E+9	1.707737000E-5
1.420256667E+9	1.711290000E-5
1.420260000E+9	1.728599000E-5
1.420263333E+9	1.718777000E-5
1.420266667E+9	1.754884000E-5
1.420270000E+9	1.718713000E-5
1.420273333E+9	1.748666000E-5
1.420276667E+9	1.735599000E-5
1.420280000E+9	1.733973000E-5
1.420283333E+9	1.726203000E-5
1.420286667E+9	1.710976000E-5
1.420290000E+9	1.715208000E-5
1.420293333E+9	1.723314000E-5
1.420296667E+9	1.795125000E-5
1.420300000E+9	1.749743000E-5
1.420303333E+9	1.716906000E-5
1.420306667E+9	1.771817000E-5
1.420310000E+9	1.773973000E-5
1.420313333E+9	1.759385000E-5
1.420316667E+9	1.724972000E-5
1.420320000E+9	1.769659000E-5
1.420323333E+9	1.783242000E-5
1.420326667E+9	1.756166000E-5
1.420330000E+9	1.798190000E-5
1.420333333E+9	1.714169000E-5
1.420336667E+9	1.751654000E-5
1.420340000E+9	1.711423000E-5
1.420343333E+9	1.729520000E-5
1.420346667E+9	1.751015000E-5
1.420350000E+9	1.748967000E-5
1.420353333E+9	1.743742000E-5
1.420356667E+9	1.728812000E-5
1.420360000E+9	1.735868000E-5
1.420363333E+9	1.715882000E-5
1.420366667E+9	1.750725000E-5
1.420370000E+9	1.726041000E-5
1.420373333E+9	1.763857000E-5
1.420376667E+9	1.770852000E-5
1.420380000E+9	1.755936000E-5
1.420383333E+9	1.735897000E-5
1.420386667E+9	1.714696000E-5
1.420390000E+9	1.734129000E-5
1.420393333E+9	1.733883000E-5
1.420396667E+9	1.725120000E-5
1.420400000E+9	1.741308000E-5
1.420403333E+9	1.729163000E-5
1.420406667E+9	1.742437000E-5
1.420410000E+9	1.759056000E-5
1.420413333E+9	1.726856000E-5
1.420416667E+9	1.761029000E-5
1.420420000E+9	1.742194000E-5
1.420423333E+9	1.747336000E-5
1.420426667E+9	1.782750000E-5
1.420430000E+9	1.776431000E-5
1.420433333E+9	1.737002000E-5
1.420436667E+9	1.742553000E-5
1.420440000E+9	1.754391000E-5
1.420443333E+9	1.736209000E-5
1.420446667E+9	1.772210000E-5
1.420450000E+9	1.780456000E-5
1.420453333E+9	1.755431000E-5
1.420456667E+9	1.800893000E-5
1.420460000E+9	1.768313000E-5
1.420463333E+9	1.811063000E-5
1.420466667E+9	1.822225000E-5
1.420470000E+9	1.796471000E-5
1.420473333E+9	1.865814000E-5
1.420476667E+9	1.850941000E-5
1.420480000E+9	1.874621000E-5
1.420483333E+9	1.824307000E-5
1.420486667E+9	1.897826000E-5
1.420490000E+9	1.863725000E-5
1.420493333E+9	1.880833000E-5
1.420496667E+9	1.883482000E-5
1.420500000E+9	1.908407000E-5
1.420503333E+9	1.865138000E-5
1.420506667E+9	1.887602000E-5
1.420510000E+9	1.875889000E-5
1.420513333E+9	1.929936000E-5
1.420516667E+9	1.906162000E-5
1.420520000E+9	1.935566000E-5
1.420523333E+9	1.952149000E-5
1.420526667E+9	1.946191000E-5
1.420530000E+9	1.926278000E-5
1.420533333E+9	1.923691000E-5
1.420536667E+9	1.894239000E-5
1.420540000E+9	1.932672000E-5
1.420543333E+9	1.962594000E-5
1.420546667E+9	1.943518000E-5
1.420550000E+9	1.951650000E-5
1.420553333E+9	1.899177000E-5
1.420556667E+9	1.932485000E-5
1.420560000E+9	1.910498000E-5
1.420563333E+9	1.923119000E-5
1.420566667E+9	1.907869000E-5
1.420570000E+9	1.942417000E-5
1.420573333E+9	1.940890000E-5
1.420576667E+9	1.898912000E-5
1.420580000E+9	1.886669000E-5
1.420583333E+9	1.918254000E-5
1.420586667E+9	1.920785000E-5
1.420590000E+9	1.985588000E-5
1.420593333E+9	1.923809000E-5
1.420596667E+9	1.905972000E-5
1.420600000E+9	1.863566000E-5
1.420603333E+9	1.901672000E-5
1.420606667E+9	1.888547000E-5
1.420610000E+9	1.890165000E-5
1.420613333E+9	1.850809000E-5
1.420616667E+9	1.884607000E-5
1.420620000E+9	1.932245000E-5
1.420623333E+9	1.925508000E-5
1.420626667E+9	1.926060000E-5
1.420630000E+9	1.867474000E-5
1.420633333E+9	1.826634000E-5
1.420636667E+9	1.832626000E-5
1.420640000E+9	1.832457000E-5
1.420643333E+9	1.829827000E-5
1.420646667E+9	1.829827000E-5
1.420650000E+9	1.868112000E-5
1.420653333E+9	1.820569000E-5
1.420656667E+9	1.814766000E-5
1.420660000E+9	1.837119000E-5
1.420663333E+9	1.793777000E-5
1.420666667E+9	1.798660000E-5
1.420670000E+9	1.798968000E-5
1.420673333E+9	1.775240000E-5
1.420676667E+9	1.754152000E-5
1.420680000E+9	1.768685000E-5
1.420683333E+9	1.747777000E-5
1.420686667E+9	1.758406000E-5
1.420690000E+9	1.799130000E-5
1.420693333E+9	1.757344000E-5
1.420696667E+9	1.770405000E-5
1.420700000E+9	1.766174000E-5
1.420703333E+9	1.756052000E-5
1.420706667E+9	1.735889000E-5
1.420710000E+9	1.707317000E-5
1.420713333E+9	1.717392000E-5
1.420716667E+9	1.749111000E-5
1.420720000E+9	1.766490000E-5
1.420723333E+9	1.746952000E-5
1.420726667E+9	1.719822000E-5
1.420730000E+9	1.713900000E-5
1.420733333E+9	1.745767000E-5
1.420736667E+9	1.694933000E-5
1.420740000E+9	1.719732000E-5
1.420743333E+9	1.731169000E-5
1.420746667E+9	1.731836000E-5
1.420750000E+9	1.750738000E-5
1.420753333E+9	1.715095000E-5
1.420756667E+9	1.764975000E-5
1.420760000E+9	1.723221000E-5
1.420763333E+9	1.725976000E-5
1.420766667E+9	1.743064000E-5
1.420770000E+9	1.737144000E-5
1.420773333E+9	1.719001000E-5
1.420776667E+9	1.742657000E-5
1.420780000E+9	1.717126000E-5
1.420783333E+9	1.716913000E-5
1.420786667E+9	1.725536000E-5
1.420790000E+9	1.709671000E-5
1.420793333E+9	1.693782000E-5
1.420796667E+9	1.716670000E-5
1.420800000E+9	1.701189000E-5
1.420803333E+9	1.729641000E-5
1.420806667E+9	1.714978000E-5
1.420810000E+9	1.698404000E-5
1.420813333E+9	1.711207000E-5
1.420816667E+9	1.705011000E-5
1.420820000E+9	1.695555000E-5
1.420823333E+9	1.710405000E-5
1.420826667E+9	1.722572000E-5
1.420830000E+9	1.729596000E-5
1.420833333E+9	1.709414000E-5
1.420836667E+9	1.736960000E-5
1.420840000E+9	1.719738000E-5
1.420843333E+9	1.719707000E-5
1.420846667E+9	1.732420000E-5
1.420850000E+9	1.695680000E-5
1.420853333E+9	1.686661000E-5
1.420856667E+9	1.701837000E-5
1.420860000E+9	1.719224000E-5
1.420863333E+9	1.701045000E-5
1.420866667E+9	1.669721000E-5
1.420870000E+9	1.676481000E-5
1.420873333E+9	1.730188000E-5
1.420876667E+9	1.685530000E-5
1.420880000E+9	1.721812000E-5
1.420883333E+9	1.733029000E-5
1.420886667E+9	1.726657000E-5
1.420890000E+9	1.738895000E-5
1.420893333E+9	1.736430000E-5
1.420896667E+9	1.717226000E-5
1.420900000E+9	1.714558000E-5
1.420903333E+9	1.706949000E-5
1.420906667E+9	1.728829000E-5
1.420910000E+9	1.670005000E-5
1.420913333E+9	1.936199000E-5
1.420916667E+9	1.852104000E-5
1.420920000E+9	1.766894000E-5
1.420923333E+9	1.723064000E-5
1.420926667E+9	1.751448000E-5
1.420930000E+9	1.720880000E-5
1.420933333E+9	1.714442000E-5
1.420936667E+9	1.703966000E-5
1.420940000E+9	1.696976000E-5
1.420943333E+9	1.738676000E-5
1.420946667E+9	1.688903000E-5
1.420950000E+9	1.714340000E-5
1.420953333E+9	1.719845000E-5
1.420956667E+9	1.699732000E-5
1.420960000E+9	1.723083000E-5
1.420963333E+9	1.731157000E-5
1.420966667E+9	1.703444000E-5
1.420970000E+9	1.750485000E-5
1.420973333E+9	1.746250000E-5
1.420976667E+9	1.722701000E-5
1.420980000E+9	1.692254000E-5
1.420983333E+9	1.752025000E-5
1.420986667E+9	1.730711000E-5
1.420990000E+9	1.710257000E-5
1.420993333E+9	1.742573000E-5
1.420996667E+9	1.694667000E-5
1.421000000E+9	1.693747000E-5
1.421003333E+9	1.695362000E-5
1.421006667E+9	1.719530000E-5
1.421010000E+9	1.697261000E-5
1.421013333E+9	1.736024000E-5
1.421016667E+9	1.716267000E-5
1.421020000E+9	1.685373000E-5
1.421023333E+9	1.719694000E-5
1.421026667E+9	1.700066000E-5
1.421030000E+9	1.710572000E-5
1.421033333E+9	1.734327000E-5
1.421036667E+9	1.728180000E-5
1.421040000E+9	1.744190000E-5
1.421043333E+9	1.693490000E-5
1.421046667E+9	1.738206000E-5
1.421050000E+9	1.711829000E-5
1.421053333E+9	1.699258000E-5
1.421056667E+9	1.708449000E-5
1.421060000E+9	1.730872000E-5
1.421063333E+9	1.717841000E-5
1.421066667E+9	1.722879000E-5
1.421070000E+9	1.684894000E-5
1.421073333E+9	1.713700000E-5
1.421076667E+9	1.673924000E-5
1.421080000E+9	1.745644000E-5
1.421083333E+9	1.708870000E-5
1.421086667E+9	1.718805000E-5
1.421090000E+9	1.746077000E-5
1.421093333E+9	1.695676000E-5
1.421096667E+9	1.750168000E-5
1.421100000E+9	1.762203000E-5
1.421103333E+9	1.711632000E-5
1.421106667E+9	1.726590000E-5
1.421110000E+9	1.752956000E-5
1.421113333E+9	1.738500000E-5
1.421116667E+9	1.714124000E-5
1.421120000E+9	1.728071000E-5
1.421123333E+9	1.678241000E-5
1.421126667E+9	1.719802000E-5
1.421130000E+9	1.700369000E-5
1.421133333E+9	1.731498000E-5
1.421136667E+9	1.709228000E-5
1.421140000E+9	1.742737000E-5
1.421143333E+9	1.720055000E-5
1.421146667E+9	1.691284000E-5
1.421150000E+9	1.719466000E-5
1.421153333E+9	1.721502000E-5
1.421156667E+9	1.705829000E-5
1.421160000E+9	1.762382000E-5
1.421163333E+9	1.713627000E-5
1.421166667E+9	1.708729000E-5
1.421170000E+9	1.714982000E-5
1.421173333E+9	1.737239000E-5
1.421176667E+9	1.752866000E-5
1.421180000E+9	1.792600000E-5
1.421183333E+9	1.699197000E-5
1.421186667E+9	1.695959000E-5
1.421190000E+9	1.729751000E-5
1.421193333E+9	1.668715000E-5
1.421196667E+9	1.694478000E-5
1.421200000E+9	1.715427000E-5
1.421203333E+9	1.739888000E-5
1.421206667E+9	1.817459000E-5
1.421210000E+9	1.750933000E-5
1.421213333E+9	1.708750000E-5
1.421216667E+9	1.702431000E-5
1.421220000E+9	1.720262000E-5
1.421223333E+9	1.749612000E-5
1.421226667E+9	1.722423000E-5
1.421230000E+9	1.723134000E-5
1.421233333E+9	1.738712000E-5
1.421236667E+9	1.710634000E-5
1.421240000E+9	1.705451000E-5
1.421243333E+9	1.687143000E-5
1.421246667E+9	1.713183000E-5
1.421250000E+9	1.712483000E-5
1.421253333E+9	1.722682000E-5
1.421256667E+9	1.693057000E-5
1.421260000E+9	1.696943000E-5
1.421263333E+9	1.731391000E-5
1.421266667E+9	1.738504000E-5
1.421270000E+9	1.699404000E-5
1.421273333E+9	1.691665000E-5
1.421276667E+9	1.706011000E-5
1.421280000E+9	1.705481000E-5
1.421283333E+9	1.691946000E-5
1.421286667E+9	1.696531000E-5
1.421290000E+9	1.702244000E-5
1.421293333E+9	1.692583000E-5
1.421296667E+9	1.704518000E-5
1.421300000E+9	1.738512000E-5
1.421303333E+9	1.689015000E-5
1.421306667E+9	1.709936000E-5
1.421310000E+9	1.689913000E-5
1.421313333E+9	1.687147000E-5
1.421316667E+9	1.678002000E-5
1.421320000E+9	1.708284000E-5
1.421323333E+9	1.718671000E-5
1.421326667E+9	1.723242000E-5
1.421330000E+9	1.728163000E-5
1.421333333E+9	1.691814000E-5
1.421336667E+9	1.696728000E-5
1.421340000E+9	1.709849000E-5
1.421343333E+9	1.683200000E-5
1.421346667E+9	1.712058000E-5
1.421350000E+9	1.706106000E-5
1.421353333E+9	1.713059000E-5
1.421356667E+9	1.707969000E-5
1.421360000E+9	1.708515000E-5
1.421363333E+9	1.703491000E-5
1.421366667E+9	1.755609000E-5
1.421370000E+9	1.722266000E-5
1.421373333E+9	1.736097000E-5
1.421376667E+9	1.680056000E-5
1.421380000E+9	1.682186000E-5
1.421383333E+9	1.706865000E-5
1.421386667E+9	1.690972000E-5
1.421390000E+9	1.696242000E-5
1.421393333E+9	1.735935000E-5
1.421396667E+9	1.712446000E-5
1.421400000E+9	1.725512000E-5
