Frequency, Hz	Amplitude, Volts
1.419400000E+9	2.399843000E-5
1.419403333E+9	2.357255000E-5
1.419406667E+9	2.350803000E-5
1.419410000E+9	2.322156000E-5
1.419413333E+9	2.401371000E-5
1.419416667E+9	2.353246000E-5
1.419420000E+9	2.344573000E-5
1.419423333E+9	2.340196000E-5
1.419426667E+9	2.347587000E-5
1.419430000E+9	2.370208000E-5
1.419433333E+9	2.370192000E-5
1.419436667E+9	2.388615000E-5
1.419440000E+9	2.337746000E-5
1.419443333E+9	2.442559000E-5
1.419446667E+9	2.549058000E-5
1.419450000E+9	2.467695000E-5
1.419453333E+9	2.564267000E-5
1.419456667E+9	2.467820000E-5
1.419460000E+9	2.385622000E-5
1.419463333E+9	2.389517000E-5
1.419466667E+9	2.392731000E-5
1.419470000E+9	2.405876000E-5
1.419473333E+9	2.343487000E-5
1.419476667E+9	2.331635000E-5
1.419480000E+9	2.355110000E-5
1.419483333E+9	2.321068000E-5
1.419486667E+9	2.349456000E-5
1.419490000E+9	2.416304000E-5
1.419493333E+9	2.388977000E-5
1.419496667E+9	2.289958000E-5
1.419500000E+9	2.319384000E-5
1.419503333E+9	2.361363000E-5
1.419506667E+9	2.345482000E-5
1.419510000E+9	2.413546000E-5
1.419513333E+9	2.344135000E-5
1.419516667E+9	2.340823000E-5
1.419520000E+9	2.388615000E-5
1.419523333E+9	2.336099000E-5
1.419526667E+9	2.401337000E-5
1.419530000E+9	2.335042000E-5
1.419533333E+9	2.356380000E-5
1.419536667E+9	2.435877000E-5
1.419540000E+9	2.451255000E-5
1.419543333E+9	2.355014000E-5
1.419546667E+9	2.383844000E-5
1.419550000E+9	2.357335000E-5
1.419553333E+9	2.338662000E-5
1.419556667E+9	2.348102000E-5
1.419560000E+9	2.409903000E-5
1.419563333E+9	2.338190000E-5
1.419566667E+9	2.357834000E-5
1.419570000E+9	2.336955000E-5
1.419573333E+9	2.387784000E-5
1.419576667E+9	2.312724000E-5
1.419580000E+9	2.364990000E-5
1.419583333E+9	2.429344000E-5
1.419586667E+9	2.398373000E-5
1.419590000E+9	2.399676000E-5
1.419593333E+9	2.351598000E-5
1.419596667E+9	2.374615000E-5
1.419600000E+9	2.381498000E-5
1.419603333E+9	2.359583000E-5
1.419606667E+9	2.355731000E-5
1.419610000E+9	2.346061000E-5
1.419613333E+9	2.394118000E-5
1.419616667E+9	2.369390000E-5
1.419620000E+9	2.363965000E-5
1.419623333E+9	2.330949000E-5
1.419626667E+9	2.351616000E-5
1.419630000E+9	2.412179000E-5
1.419633333E+9	2.438925000E-5
1.419636667E+9	2.391008000E-5
1.419640000E+9	2.364427000E-5
1.419643333E+9	2.365782000E-5
1.419646667E+9	2.356760000E-5
1.419650000E+9	2.374951000E-5
1.419653333E+9	2.422084000E-5
1.419656667E+9	2.368184000E-5
1.419660000E+9	2.371400000E-5
1.419663333E+9	2.305648000E-5
1.419666667E+9	2.279550000E-5
1.419670000E+9	2.347154000E-5
1.419673333E+9	2.339291000E-5
1.419676667E+9	2.414980000E-5
1.419680000E+9	2.412203000E-5
1.419683333E+9	2.364328000E-5
1.419686667E+9	2.353089000E-5
1.419690000E+9	2.338424000E-5
1.419693333E+9	2.322840000E-5
1.419696667E+9	2.323026000E-5
1.419700000E+9	2.360368000E-5
1.419703333E+9	2.378879000E-5
1.419706667E+9	2.412651000E-5
1.419710000E+9	2.316437000E-5
1.419713333E+9	2.288061000E-5
1.419716667E+9	2.365523000E-5
1.419720000E+9	2.370345000E-5
1.419723333E+9	2.413077000E-5
1.419726667E+9	2.462258000E-5
1.419730000E+9	2.451021000E-5
1.419733333E+9	2.503717000E-5
1.419736667E+9	2.439153000E-5
1.419740000E+9	2.440932000E-5
1.419743333E+9	2.412780000E-5
1.419746667E+9	2.683133000E-5
1.419750000E+9	2.464898000E-5
1.419753333E+9	2.394910000E-5
1.419756667E+9	2.369107000E-5
1.419760000E+9	2.369331000E-5
1.419763333E+9	2.336848000E-5
1.419766667E+9	2.362107000E-5
1.419770000E+9	2.404999000E-5
1.419773333E+9	2.400425000E-5
1.419776667E+9	2.360124000E-5
1.419780000E+9	2.342437000E-5
1.419783333E+9	2.353412000E-5
1.419786667E+9	2.308366000E-5
1.419790000E+9	2.341800000E-5
1.419793333E+9	2.369461000E-5
1.419796667E+9	2.331148000E-5
1.419800000E+9	2.417498000E-5
1.419803333E+9	2.347278000E-5
1.419806667E+9	2.379422000E-5
1.419810000E+9	2.385082000E-5
1.419813333E+9	2.379245000E-5
1.419816667E+9	2.454185000E-5
1.419820000E+9	2.428720000E-5
1.419823333E+9	2.382549000E-5
1.419826667E+9	2.338829000E-5
1.419830000E+9	2.377680000E-5
1.419833333E+9	2.343847000E-5
1.419836667E+9	2.368496000E-5
1.419840000E+9	2.379835000E-5
1.419843333E+9	2.411440000E-5
1.419846667E+9	2.335629000E-5
1.419850000E+9	2.349583000E-5
1.419853333E+9	2.325067000E-5
1.419856667E+9	2.340432000E-5
1.419860000E+9	2.402943000E-5
1.419863333E+9	2.440698000E-5
1.419866667E+9	2.469522000E-5
1.419870000E+9	2.416673000E-5
1.419873333E+9	2.343178000E-5
1.419876667E+9	2.379887000E-5
1.419880000E+9	2.383575000E-5
1.419883333E+9	2.352582000E-5
1.419886667E+9	2.360938000E-5
1.419890000E+9	2.328634000E-5
1.419893333E+9	2.370325000E-5
1.419896667E+9	2.376321000E-5
1.419900000E+9	2.332651000E-5
1.419903333E+9	2.320212000E-5
1.419906667E+9	2.360497000E-5
1.419910000E+9	2.403949000E-5
1.419913333E+9	2.440757000E-5
1.419916667E+9	2.322037000E-5
1.419920000E+9	2.324733000E-5
1.419923333E+9	2.344712000E-5
1.419926667E+9	2.372647000E-5
1.419930000E+9	2.374831000E-5
1.419933333E+9	2.357977000E-5
1.419936667E+9	2.410522000E-5
1.419940000E+9	2.386796000E-5
1.419943333E+9	2.349825000E-5
1.419946667E+9	2.362128000E-5
1.419950000E+9	2.353368000E-5
1.419953333E+9	2.356848000E-5
1.419956667E+9	2.405665000E-5
1.419960000E+9	2.350765000E-5
1.419963333E+9	2.422943000E-5
1.419966667E+9	2.342633000E-5
1.419970000E+9	2.393766000E-5
1.419973333E+9	2.399837000E-5
1.419976667E+9	2.344949000E-5
1.419980000E+9	2.377445000E-5
1.419983333E+9	2.347559000E-5
1.419986667E+9	2.390840000E-5
1.419990000E+9	2.336414000E-5
1.419993333E+9	2.379195000E-5
1.419996667E+9	2.311439000E-5
1.420000000E+9	2.388809000E-5
1.420003333E+9	2.415829000E-5
1.420006667E+9	2.417381000E-5
1.420010000E+9	2.347574000E-5
1.420013333E+9	2.380488000E-5
1.420016667E+9	2.323090000E-5
1.420020000E+9	2.339402000E-5
1.420023333E+9	2.352510000E-5
1.420026667E+9	2.347556000E-5
1.420030000E+9	2.433118000E-5
1.420033333E+9	2.431874000E-5
1.420036667E+9	2.401450000E-5
1.420040000E+9	2.594615000E-5
1.420043333E+9	2.412230000E-5
1.420046667E+9	2.427949000E-5
1.420050000E+9	2.426670000E-5
1.420053333E+9	2.369794000E-5
1.420056667E+9	2.396872000E-5
1.420060000E+9	2.348257000E-5
1.420063333E+9	2.335014000E-5
1.420066667E+9	2.341381000E-5
1.420070000E+9	2.322970000E-5
1.420073333E+9	2.375131000E-5
1.420076667E+9	2.325019000E-5
1.420080000E+9	2.341707000E-5
1.420083333E+9	2.348102000E-5
1.420086667E+9	2.356243000E-5
1.420090000E+9	2.379647000E-5
1.420093333E+9	2.360039000E-5
1.420096667E+9	2.390662000E-5
1.420100000E+9	2.343405000E-5
1.420103333E+9	2.323421000E-5
1.420106667E+9	2.338688000E-5
1.420110000E+9	2.348175000E-5
1.420113333E+9	2.320214000E-5
1.420116667E+9	2.360365000E-5
1.420120000E+9	2.340535000E-5
1.420123333E+9	2.349294000E-5
1.420126667E+9	2.376185000E-5
1.420130000E+9	2.364811000E-5
1.420133333E+9	2.373064000E-5
1.420136667E+9	2.340152000E-5
1.420140000E+9	2.322983000E-5
1.420143333E+9	2.426958000E-5
1.420146667E+9	2.432656000E-5
1.420150000E+9	2.384716000E-5
1.420153333E+9	2.379945000E-5
1.420156667E+9	2.354440000E-5
1.420160000E+9	2.357695000E-5
1.420163333E+9	2.353376000E-5
1.420166667E+9	2.366006000E-5
1.420170000E+9	2.343003000E-5
1.420173333E+9	2.375614000E-5
1.420176667E+9	2.341933000E-5
1.420180000E+9	2.323886000E-5
1.420183333E+9	2.346628000E-5
1.420186667E+9	2.405414000E-5
1.420190000E+9	2.419893000E-5
1.420193333E+9	2.397628000E-5
1.420196667E+9	2.362372000E-5
1.420200000E+9	2.356833000E-5
1.420203333E+9	2.386759000E-5
1.420206667E+9	2.331486000E-5
1.420210000E+9	2.317594000E-5
1.420213333E+9	2.353833000E-5
1.420216667E+9	2.386211000E-5
1.420220000E+9	2.351092000E-5
1.420223333E+9	2.324235000E-5
1.420226667E+9	2.395899000E-5
1.420230000E+9	2.286172000E-5
1.420233333E+9	2.372884000E-5
1.420236667E+9	2.412990000E-5
1.420240000E+9	2.339261000E-5
1.420243333E+9	2.335014000E-5
1.420246667E+9	2.370319000E-5
1.420250000E+9	2.331130000E-5
1.420253333E+9	2.362948000E-5
1.420256667E+9	2.411390000E-5
1.420260000E+9	2.386956000E-5
1.420263333E+9	2.405749000E-5
1.420266667E+9	2.474138000E-5
1.420270000E+9	2.395083000E-5
1.420273333E+9	2.345230000E-5
1.420276667E+9	2.374239000E-5
1.420280000E+9	2.396614000E-5
1.420283333E+9	2.406418000E-5
1.420286667E+9	2.429005000E-5
1.420290000E+9	2.362143000E-5
1.420293333E+9	2.356719000E-5
1.420296667E+9	2.422219000E-5
1.420300000E+9	2.423709000E-5
1.420303333E+9	2.403320000E-5
1.420306667E+9	2.401479000E-5
1.420310000E+9	2.382981000E-5
1.420313333E+9	2.391772000E-5
1.420316667E+9	2.379341000E-5
1.420320000E+9	2.382421000E-5
1.420323333E+9	2.455919000E-5
1.420326667E+9	2.472531000E-5
1.420330000E+9	2.462826000E-5
1.420333333E+9	2.624314000E-5
1.420336667E+9	2.403189000E-5
1.420340000E+9	2.382274000E-5
1.420343333E+9	2.401506000E-5
1.420346667E+9	2.384082000E-5
1.420350000E+9	2.346847000E-5
1.420353333E+9	2.418401000E-5
1.420356667E+9	2.364832000E-5
1.420360000E+9	2.359049000E-5
1.420363333E+9	2.328432000E-5
1.420366667E+9	2.379971000E-5
1.420370000E+9	2.400196000E-5
1.420373333E+9	2.382664000E-5
1.420376667E+9	2.379697000E-5
1.420380000E+9	2.376258000E-5
1.420383333E+9	2.348608000E-5
1.420386667E+9	2.321292000E-5
1.420390000E+9	2.403854000E-5
1.420393333E+9	2.432111000E-5
1.420396667E+9	2.352536000E-5
1.420400000E+9	2.406632000E-5
1.420403333E+9	2.377592000E-5
1.420406667E+9	2.397749000E-5
1.420410000E+9	2.364404000E-5
1.420413333E+9	2.332321000E-5
1.420416667E+9	2.348216000E-5
1.420420000E+9	2.303651000E-5
1.420423333E+9	2.407808000E-5
1.420426667E+9	2.437597000E-5
1.420430000E+9	2.352128000E-5
1.420433333E+9	2.335729000E-5
1.420436667E+9	2.374534000E-5
1.420440000E+9	2.336394000E-5
1.420443333E+9	2.373536000E-5
1.420446667E+9	2.375277000E-5
1.420450000E+9	2.391612000E-5
1.420453333E+9	2.333971000E-5
1.420456667E+9	2.384402000E-5
1.420460000E+9	2.387029000E-5
1.420463333E+9	2.416681000E-5
1.420466667E+9	2.385069000E-5
1.420470000E+9	2.382345000E-5
1.420473333E+9	2.402503000E-5
1.420476667E+9	2.339268000E-5
1.420480000E+9	2.339723000E-5
1.420483333E+9	2.321165000E-5
1.420486667E+9	2.391840000E-5
1.420490000E+9	2.396309000E-5
1.420493333E+9	2.364624000E-5
1.420496667E+9	2.351054000E-5
1.420500000E+9	2.339600000E-5
1.420503333E+9	2.366162000E-5
1.420506667E+9	2.371986000E-5
1.420510000E+9	2.351211000E-5
1.420513333E+9	2.405060000E-5
1.420516667E+9	2.416184000E-5
1.420520000E+9	2.406769000E-5
1.420523333E+9	2.375269000E-5
1.420526667E+9	2.362831000E-5
1.420530000E+9	2.339893000E-5
1.420533333E+9	2.321720000E-5
1.420536667E+9	2.362252000E-5
1.420540000E+9	2.367591000E-5
1.420543333E+9	2.388762000E-5
1.420546667E+9	2.417355000E-5
1.420550000E+9	2.355208000E-5
1.420553333E+9	2.317630000E-5
1.420556667E+9	2.342023000E-5
1.420560000E+9	2.369731000E-5
1.420563333E+9	2.357415000E-5
1.420566667E+9	2.405390000E-5
1.420570000E+9	2.331077000E-5
1.420573333E+9	2.336142000E-5
1.420576667E+9	2.342571000E-5
1.420580000E+9	2.319656000E-5
1.420583333E+9	2.360933000E-5
1.420586667E+9	2.361150000E-5
1.420590000E+9	2.384718000E-5
1.420593333E+9	2.337261000E-5
1.420596667E+9	2.364300000E-5
1.420600000E+9	2.359992000E-5
1.420603333E+9	2.394581000E-5
1.420606667E+9	2.306896000E-5
1.420610000E+9	2.453436000E-5
1.420613333E+9	2.432199000E-5
1.420616667E+9	2.492954000E-5
1.420620000E+9	2.428365000E-5
1.420623333E+9	2.443436000E-5
1.420626667E+9	2.667840000E-5
1.420630000E+9	2.398620000E-5
1.420633333E+9	2.380196000E-5
1.420636667E+9	2.429538000E-5
1.420640000E+9	2.345917000E-5
1.420643333E+9	2.297725000E-5
1.420646667E+9	2.340710000E-5
1.420650000E+9	2.357236000E-5
1.420653333E+9	2.406822000E-5
1.420656667E+9	2.380206000E-5
1.420660000E+9	2.376310000E-5
1.420663333E+9	2.367638000E-5
1.420666667E+9	2.311404000E-5
1.420670000E+9	2.370317000E-5
1.420673333E+9	2.354171000E-5
1.420676667E+9	2.363046000E-5
1.420680000E+9	2.386274000E-5
1.420683333E+9	2.367562000E-5
1.420686667E+9	2.337843000E-5
1.420690000E+9	2.415227000E-5
1.420693333E+9	2.346533000E-5
1.420696667E+9	2.393808000E-5
1.420700000E+9	2.340761000E-5
1.420703333E+9	2.354691000E-5
1.420706667E+9	2.331187000E-5
1.420710000E+9	2.342394000E-5
1.420713333E+9	2.370478000E-5
1.420716667E+9	2.323761000E-5
1.420720000E+9	2.358482000E-5
1.420723333E+9	2.354727000E-5
1.420726667E+9	2.315578000E-5
1.420730000E+9	2.295962000E-5
1.420733333E+9	2.345031000E-5
1.420736667E+9	2.351880000E-5
1.420740000E+9	2.346082000E-5
1.420743333E+9	2.325409000E-5
1.420746667E+9	2.329782000E-5
1.420750000E+9	2.389512000E-5
1.420753333E+9	2.393477000E-5
1.420756667E+9	2.377874000E-5
1.420760000E+9	2.407559000E-5
1.420763333E+9	2.333002000E-5
1.420766667E+9	2.331637000E-5
1.420770000E+9	2.374284000E-5
1.420773333E+9	2.321379000E-5
1.420776667E+9	2.344112000E-5
1.420780000E+9	2.277291000E-5
1.420783333E+9	2.347146000E-5
1.420786667E+9	2.306691000E-5
1.420790000E+9	2.349588000E-5
1.420793333E+9	2.322006000E-5
1.420796667E+9	2.425636000E-5
1.420800000E+9	2.421445000E-5
1.420803333E+9	2.324023000E-5
1.420806667E+9	2.380758000E-5
1.420810000E+9	2.357112000E-5
1.420813333E+9	2.367435000E-5
1.420816667E+9	2.330788000E-5
1.420820000E+9	2.332295000E-5
1.420823333E+9	2.339397000E-5
1.420826667E+9	2.320823000E-5
1.420830000E+9	2.287310000E-5
1.420833333E+9	2.307479000E-5
1.420836667E+9	2.340196000E-5
1.420840000E+9	2.374857000E-5
1.420843333E+9	2.365351000E-5
1.420846667E+9	2.409191000E-5
1.420850000E+9	2.346927000E-5
1.420853333E+9	2.345752000E-5
1.420856667E+9	2.338162000E-5
1.420860000E+9	2.361838000E-5
1.420863333E+9	2.368738000E-5
1.420866667E+9	2.327415000E-5
1.420870000E+9	2.343930000E-5
1.420873333E+9	2.294790000E-5
1.420876667E+9	2.325846000E-5
1.420880000E+9	2.330974000E-5
1.420883333E+9	2.380394000E-5
1.420886667E+9	2.379158000E-5
1.420890000E+9	2.363877000E-5
1.420893333E+9	2.337764000E-5
1.420896667E+9	2.407388000E-5
1.420900000E+9	2.381194000E-5
1.420903333E+9	2.362501000E-5
1.420906667E+9	2.374133000E-5
1.420910000E+9	2.634216000E-5
1.420913333E+9	2.613956000E-5
1.420916667E+9	2.644756000E-5
1.420920000E+9	3.056180000E-5
1.420923333E+9	2.398107000E-5
1.420926667E+9	2.509296000E-5
1.420930000E+9	2.343454000E-5
1.420933333E+9	2.359842000E-5
1.420936667E+9	2.415415000E-5
1.420940000E+9	2.320938000E-5
1.420943333E+9	2.377610000E-5
1.420946667E+9	2.322065000E-5
1.420950000E+9	2.366323000E-5
1.420953333E+9	2.322858000E-5
1.420956667E+9	2.332777000E-5
1.420960000E+9	2.318284000E-5
1.420963333E+9	2.325637000E-5
1.420966667E+9	2.311181000E-5
1.420970000E+9	2.347376000E-5
1.420973333E+9	2.356087000E-5
1.420976667E+9	2.369531000E-5
1.420980000E+9	2.350349000E-5
1.420983333E+9	2.398009000E-5
1.420986667E+9	2.409082000E-5
1.420990000E+9	2.382253000E-5
1.420993333E+9	2.322779000E-5
1.420996667E+9	2.323360000E-5
1.421000000E+9	2.295945000E-5
1.421003333E+9	2.361194000E-5
1.421006667E+9	2.342695000E-5
1.421010000E+9	2.318534000E-5
1.421013333E+9	2.318282000E-5
1.421016667E+9	2.375194000E-5
1.421020000E+9	2.411642000E-5
1.421023333E+9	2.345516000E-5
1.421026667E+9	2.295985000E-5
1.421030000E+9	2.400022000E-5
1.421033333E+9	2.355392000E-5
1.421036667E+9	2.333376000E-5
1.421040000E+9	2.328191000E-5
1.421043333E+9	2.336050000E-5
1.421046667E+9	2.285146000E-5
1.421050000E+9	2.285369000E-5
1.421053333E+9	2.341013000E-5
1.421056667E+9	2.327527000E-5
1.421060000E+9	2.326993000E-5
1.421063333E+9	2.325305000E-5
1.421066667E+9	2.345206000E-5
1.421070000E+9	2.330545000E-5
1.421073333E+9	2.361627000E-5
1.421076667E+9	2.395854000E-5
1.421080000E+9	2.312838000E-5
1.421083333E+9	2.264219000E-5
1.421086667E+9	2.313108000E-5
1.421090000E+9	2.312904000E-5
1.421093333E+9	2.335942000E-5
1.421096667E+9	2.390250000E-5
1.421100000E+9	2.366694000E-5
1.421103333E+9	2.353797000E-5
1.421106667E+9	2.347224000E-5
1.421110000E+9	2.342083000E-5
1.421113333E+9	2.352479000E-5
1.421116667E+9	2.341008000E-5
1.421120000E+9	2.359396000E-5
1.421123333E+9	2.363747000E-5
1.421126667E+9	2.344491000E-5
1.421130000E+9	2.307284000E-5
1.421133333E+9	2.345770000E-5
1.421136667E+9	2.402693000E-5
1.421140000E+9	2.347244000E-5
1.421143333E+9	2.329674000E-5
1.421146667E+9	2.334906000E-5
1.421150000E+9	2.330184000E-5
1.421153333E+9	2.335611000E-5
1.421156667E+9	2.364079000E-5
1.421160000E+9	2.346535000E-5
1.421163333E+9	2.394021000E-5
1.421166667E+9	2.393887000E-5
1.421170000E+9	2.356970000E-5
1.421173333E+9	2.319740000E-5
1.421176667E+9	2.365944000E-5
1.421180000E+9	2.326096000E-5
1.421183333E+9	2.353386000E-5
1.421186667E+9	2.355485000E-5
1.421190000E+9	2.371392000E-5
1.421193333E+9	2.364359000E-5
1.421196667E+9	2.378085000E-5
1.421200000E+9	2.368641000E-5
1.421203333E+9	2.435195000E-5
1.421206667E+9	2.392636000E-5
1.421210000E+9	2.385158000E-5
1.421213333E+9	2.613606000E-5
1.421216667E+9	2.364627000E-5
1.421220000E+9	2.429947000E-5
1.421223333E+9	2.330677000E-5
1.421226667E+9	2.318098000E-5
1.421230000E+9	2.391969000E-5
1.421233333E+9	2.317823000E-5
1.421236667E+9	2.291736000E-5
1.421240000E+9	2.349495000E-5
1.421243333E+9	2.347453000E-5
1.421246667E+9	2.362076000E-5
1.421250000E+9	2.311097000E-5
1.421253333E+9	2.309671000E-5
1.421256667E+9	2.335229000E-5
1.421260000E+9	2.419149000E-5
1.421263333E+9	2.430382000E-5
1.421266667E+9	2.442377000E-5
1.421270000E+9	2.369248000E-5
1.421273333E+9	2.342095000E-5
1.421276667E+9	2.361755000E-5
1.421280000E+9	2.338894000E-5
1.421283333E+9	2.307659000E-5
1.421286667E+9	2.366988000E-5
1.421290000E+9	2.362149000E-5
1.421293333E+9	2.326801000E-5
1.421296667E+9	2.388825000E-5
1.421300000E+9	2.423315000E-5
1.421303333E+9	2.319083000E-5
1.421306667E+9	2.323051000E-5
1.421310000E+9	2.366115000E-5
1.421313333E+9	2.353543000E-5
1.421316667E+9	2.375194000E-5
1.421320000E+9	2.323704000E-5
1.421323333E+9	2.374399000E-5
1.421326667E+9	2.417572000E-5
1.421330000E+9	2.476808000E-5
1.421333333E+9	2.561191000E-5
1.421336667E+9	2.385562000E-5
1.421340000E+9	2.361967000E-5
1.421343333E+9	2.669683000E-5
1.421346667E+9	2.520808000E-5
1.421350000E+9	2.345191000E-5
1.421353333E+9	2.393934000E-5
1.421356667E+9	2.372895000E-5
1.421360000E+9	2.410765000E-5
1.421363333E+9	2.405506000E-5
1.421366667E+9	2.650861000E-5
1.421370000E+9	2.396117000E-5
1.421373333E+9	2.363788000E-5
1.421376667E+9	2.367578000E-5
1.421380000E+9	2.399993000E-5
1.421383333E+9	2.335835000E-5
1.421386667E+9	2.387574000E-5
1.421390000E+9	2.335514000E-5
1.421393333E+9	2.373505000E-5
1.421396667E+9	2.379341000E-5
1.421400000E+9	4.171554000E-5
