Frequency, Hz	Amplitude, Volts
1.419400000E+9	2.263742000E-5
1.419403333E+9	2.289827000E-5
1.419406667E+9	2.239397000E-5
1.419410000E+9	2.240993000E-5
1.419413333E+9	2.282392000E-5
1.419416667E+9	2.275294000E-5
1.419420000E+9	2.258251000E-5
1.419423333E+9	2.299684000E-5
1.419426667E+9	2.220610000E-5
1.419430000E+9	2.247663000E-5
1.419433333E+9	2.298429000E-5
1.419436667E+9	2.250699000E-5
1.419440000E+9	2.277294000E-5
1.419443333E+9	2.252891000E-5
1.419446667E+9	2.307301000E-5
1.419450000E+9	2.275267000E-5
1.419453333E+9	2.359948000E-5
1.419456667E+9	2.294103000E-5
1.419460000E+9	2.270642000E-5
1.419463333E+9	2.241576000E-5
1.419466667E+9	2.263354000E-5
1.419470000E+9	2.268529000E-5
1.419473333E+9	2.293712000E-5
1.419476667E+9	2.250735000E-5
1.419480000E+9	2.198034000E-5
1.419483333E+9	2.203519000E-5
1.419486667E+9	2.218003000E-5
1.419490000E+9	2.238979000E-5
1.419493333E+9	2.249690000E-5
1.419496667E+9	2.280409000E-5
1.419500000E+9	2.265214000E-5
1.419503333E+9	2.229309000E-5
1.419506667E+9	2.236050000E-5
1.419510000E+9	2.270186000E-5
1.419513333E+9	2.241603000E-5
1.419516667E+9	2.252780000E-5
1.419520000E+9	2.268958000E-5
1.419523333E+9	2.247318000E-5
1.419526667E+9	2.195446000E-5
1.419530000E+9	2.259275000E-5
1.419533333E+9	2.271879000E-5
1.419536667E+9	2.235216000E-5
1.419540000E+9	2.335801000E-5
1.419543333E+9	2.246077000E-5
1.419546667E+9	2.226195000E-5
1.419550000E+9	2.246316000E-5
1.419553333E+9	2.168999000E-5
1.419556667E+9	2.178668000E-5
1.419560000E+9	2.236625000E-5
1.419563333E+9	2.286541000E-5
1.419566667E+9	2.246193000E-5
1.419570000E+9	2.285582000E-5
1.419573333E+9	2.221971000E-5
1.419576667E+9	2.232679000E-5
1.419580000E+9	2.225318000E-5
1.419583333E+9	2.237939000E-5
1.419586667E+9	2.237067000E-5
1.419590000E+9	2.227029000E-5
1.419593333E+9	2.229843000E-5
1.419596667E+9	2.231574000E-5
1.419600000E+9	2.265095000E-5
1.419603333E+9	2.255084000E-5
1.419606667E+9	2.223781000E-5
1.419610000E+9	2.215101000E-5
1.419613333E+9	2.209558000E-5
1.419616667E+9	2.222278000E-5
1.419620000E+9	2.206247000E-5
1.419623333E+9	2.231898000E-5
1.419626667E+9	2.244719000E-5
1.419630000E+9	2.223848000E-5
1.419633333E+9	2.320632000E-5
1.419636667E+9	2.272837000E-5
1.419640000E+9	2.251541000E-5
1.419643333E+9	2.235947000E-5
1.419646667E+9	2.211799000E-5
1.419650000E+9	2.237509000E-5
1.419653333E+9	2.268345000E-5
1.419656667E+9	2.283688000E-5
1.419660000E+9	2.230580000E-5
1.419663333E+9	2.226056000E-5
1.419666667E+9	2.243423000E-5
1.419670000E+9	2.186156000E-5
1.419673333E+9	2.251571000E-5
1.419676667E+9	2.256982000E-5
1.419680000E+9	2.280997000E-5
1.419683333E+9	2.215834000E-5
1.419686667E+9	2.198454000E-5
1.419690000E+9	2.252956000E-5
1.419693333E+9	2.253550000E-5
1.419696667E+9	2.259679000E-5
1.419700000E+9	2.226071000E-5
1.419703333E+9	2.188579000E-5
1.419706667E+9	2.272116000E-5
1.419710000E+9	2.211699000E-5
1.419713333E+9	2.242546000E-5
1.419716667E+9	2.243388000E-5
1.419720000E+9	2.231219000E-5
1.419723333E+9	2.251927000E-5
1.419726667E+9	2.257527000E-5
1.419730000E+9	2.253864000E-5
1.419733333E+9	2.295650000E-5
1.419736667E+9	2.280767000E-5
1.419740000E+9	2.256360000E-5
1.419743333E+9	2.246546000E-5
1.419746667E+9	2.383789000E-5
1.419750000E+9	2.276434000E-5
1.419753333E+9	2.224878000E-5
1.419756667E+9	2.210032000E-5
1.419760000E+9	2.292267000E-5
1.419763333E+9	2.238971000E-5
1.419766667E+9	2.227882000E-5
1.419770000E+9	2.237553000E-5
1.419773333E+9	2.292202000E-5
1.419776667E+9	2.242268000E-5
1.419780000E+9	2.263314000E-5
1.419783333E+9	2.252182000E-5
1.419786667E+9	2.235601000E-5
1.419790000E+9	2.303054000E-5
1.419793333E+9	2.224219000E-5
1.419796667E+9	2.242253000E-5
1.419800000E+9	2.226997000E-5
1.419803333E+9	2.198659000E-5
1.419806667E+9	2.207844000E-5
1.419810000E+9	2.252666000E-5
1.419813333E+9	2.222512000E-5
1.419816667E+9	2.237364000E-5
1.419820000E+9	2.286011000E-5
1.419823333E+9	2.264339000E-5
1.419826667E+9	2.264172000E-5
1.419830000E+9	2.231974000E-5
1.419833333E+9	2.252021000E-5
1.419836667E+9	2.252159000E-5
1.419840000E+9	2.228235000E-5
1.419843333E+9	2.262937000E-5
1.419846667E+9	2.228225000E-5
1.419850000E+9	2.224495000E-5
1.419853333E+9	2.212435000E-5
1.419856667E+9	2.224712000E-5
1.419860000E+9	2.236183000E-5
1.419863333E+9	2.218602000E-5
1.419866667E+9	2.287023000E-5
1.419870000E+9	2.223652000E-5
1.419873333E+9	2.252911000E-5
1.419876667E+9	2.206167000E-5
1.419880000E+9	2.165342000E-5
1.419883333E+9	2.244369000E-5
1.419886667E+9	2.216218000E-5
1.419890000E+9	2.268380000E-5
1.419893333E+9	2.231714000E-5
1.419896667E+9	2.189093000E-5
1.419900000E+9	2.204324000E-5
1.419903333E+9	2.230362000E-5
1.419906667E+9	2.204637000E-5
1.419910000E+9	2.243090000E-5
1.419913333E+9	2.285791000E-5
1.419916667E+9	2.274143000E-5
1.419920000E+9	2.212114000E-5
1.419923333E+9	2.226951000E-5
1.419926667E+9	2.215505000E-5
1.419930000E+9	2.220641000E-5
1.419933333E+9	2.218102000E-5
1.419936667E+9	2.265196000E-5
1.419940000E+9	2.253413000E-5
1.419943333E+9	2.204695000E-5
1.419946667E+9	2.233984000E-5
1.419950000E+9	2.265739000E-5
1.419953333E+9	2.200852000E-5
1.419956667E+9	2.190291000E-5
1.419960000E+9	2.242524000E-5
1.419963333E+9	2.235108000E-5
1.419966667E+9	2.259183000E-5
1.419970000E+9	2.216352000E-5
1.419973333E+9	2.237136000E-5
1.419976667E+9	2.192030000E-5
1.419980000E+9	2.242770000E-5
1.419983333E+9	2.224272000E-5
1.419986667E+9	2.199994000E-5
1.419990000E+9	2.264229000E-5
1.419993333E+9	2.280253000E-5
1.419996667E+9	2.218058000E-5
1.420000000E+9	2.221449000E-5
1.420003333E+9	2.242595000E-5
1.420006667E+9	2.246316000E-5
1.420010000E+9	2.198825000E-5
1.420013333E+9	2.203112000E-5
1.420016667E+9	2.237293000E-5
1.420020000E+9	2.265443000E-5
1.420023333E+9	2.208688000E-5
1.420026667E+9	2.235918000E-5
1.420030000E+9	2.206114000E-5
1.420033333E+9	2.246348000E-5
1.420036667E+9	2.223796000E-5
1.420040000E+9	2.399645000E-5
1.420043333E+9	2.230092000E-5
1.420046667E+9	2.218779000E-5
1.420050000E+9	2.235559000E-5
1.420053333E+9	2.258072000E-5
1.420056667E+9	2.216111000E-5
1.420060000E+9	2.216160000E-5
1.420063333E+9	2.217445000E-5
1.420066667E+9	2.178505000E-5
1.420070000E+9	2.204588000E-5
1.420073333E+9	2.193166000E-5
1.420076667E+9	2.243201000E-5
1.420080000E+9	2.236242000E-5
1.420083333E+9	2.225939000E-5
1.420086667E+9	2.136136000E-5
1.420090000E+9	2.245660000E-5
1.420093333E+9	2.209925000E-5
1.420096667E+9	2.218918000E-5
1.420100000E+9	2.280554000E-5
1.420103333E+9	2.244280000E-5
1.420106667E+9	2.191854000E-5
1.420110000E+9	2.238829000E-5
1.420113333E+9	2.220837000E-5
1.420116667E+9	2.195197000E-5
1.420120000E+9	2.199777000E-5
1.420123333E+9	2.237686000E-5
1.420126667E+9	2.219430000E-5
1.420130000E+9	2.222334000E-5
1.420133333E+9	2.219813000E-5
1.420136667E+9	2.214039000E-5
1.420140000E+9	2.195043000E-5
1.420143333E+9	2.244694000E-5
1.420146667E+9	2.182987000E-5
1.420150000E+9	2.187914000E-5
1.420153333E+9	2.234497000E-5
1.420156667E+9	2.228531000E-5
1.420160000E+9	2.214384000E-5
1.420163333E+9	2.197758000E-5
1.420166667E+9	2.216165000E-5
1.420170000E+9	2.206019000E-5
1.420173333E+9	2.182278000E-5
1.420176667E+9	2.171332000E-5
1.420180000E+9	2.186072000E-5
1.420183333E+9	2.186307000E-5
1.420186667E+9	2.228384000E-5
1.420190000E+9	2.235414000E-5
1.420193333E+9	2.257366000E-5
1.420196667E+9	2.231564000E-5
1.420200000E+9	2.199241000E-5
1.420203333E+9	2.192755000E-5
1.420206667E+9	2.209842000E-5
1.420210000E+9	2.222119000E-5
1.420213333E+9	2.207269000E-5
1.420216667E+9	2.254998000E-5
1.420220000E+9	2.212117000E-5
1.420223333E+9	2.226110000E-5
1.420226667E+9	2.222661000E-5
1.420230000E+9	2.240056000E-5
1.420233333E+9	2.244376000E-5
1.420236667E+9	2.219788000E-5
1.420240000E+9	2.252778000E-5
1.420243333E+9	2.219038000E-5
1.420246667E+9	2.173457000E-5
1.420250000E+9	2.223374000E-5
1.420253333E+9	2.213519000E-5
1.420256667E+9	2.239003000E-5
1.420260000E+9	2.251309000E-5
1.420263333E+9	2.223721000E-5
1.420266667E+9	2.228100000E-5
1.420270000E+9	2.231427000E-5
1.420273333E+9	2.175331000E-5
1.420276667E+9	2.258652000E-5
1.420280000E+9	2.229125000E-5
1.420283333E+9	2.248500000E-5
1.420286667E+9	2.270867000E-5
1.420290000E+9	2.215780000E-5
1.420293333E+9	2.250718000E-5
1.420296667E+9	2.235007000E-5
1.420300000E+9	2.206504000E-5
1.420303333E+9	2.215374000E-5
1.420306667E+9	2.239898000E-5
1.420310000E+9	2.245919000E-5
1.420313333E+9	2.259300000E-5
1.420316667E+9	2.262822000E-5
1.420320000E+9	2.259399000E-5
1.420323333E+9	2.313595000E-5
1.420326667E+9	2.262207000E-5
1.420330000E+9	2.270543000E-5
1.420333333E+9	2.358849000E-5
1.420336667E+9	2.258224000E-5
1.420340000E+9	2.215644000E-5
1.420343333E+9	2.280161000E-5
1.420346667E+9	2.247259000E-5
1.420350000E+9	2.244132000E-5
1.420353333E+9	2.215790000E-5
1.420356667E+9	2.221688000E-5
1.420360000E+9	2.243465000E-5
1.420363333E+9	2.220312000E-5
1.420366667E+9	2.184522000E-5
1.420370000E+9	2.253374000E-5
1.420373333E+9	2.272049000E-5
1.420376667E+9	2.279074000E-5
1.420380000E+9	2.306159000E-5
1.420383333E+9	2.211150000E-5
1.420386667E+9	2.267045000E-5
1.420390000E+9	2.218341000E-5
1.420393333E+9	2.294803000E-5
1.420396667E+9	2.245786000E-5
1.420400000E+9	2.220827000E-5
1.420403333E+9	2.224915000E-5
1.420406667E+9	2.240019000E-5
1.420410000E+9	2.265373000E-5
1.420413333E+9	2.244980000E-5
1.420416667E+9	2.281663000E-5
1.420420000E+9	2.232307000E-5
1.420423333E+9	2.219194000E-5
1.420426667E+9	2.298177000E-5
1.420430000E+9	2.238981000E-5
1.420433333E+9	2.218195000E-5
1.420436667E+9	2.219374000E-5
1.420440000E+9	2.237106000E-5
1.420443333E+9	2.219762000E-5
1.420446667E+9	2.282488000E-5
1.420450000E+9	2.301267000E-5
1.420453333E+9	2.231613000E-5
1.420456667E+9	2.257562000E-5
1.420460000E+9	2.209561000E-5
1.420463333E+9	2.266478000E-5
1.420466667E+9	2.253676000E-5
1.420470000E+9	2.264045000E-5
1.420473333E+9	2.230670000E-5
1.420476667E+9	2.264751000E-5
1.420480000E+9	2.195298000E-5
1.420483333E+9	2.207446000E-5
1.420486667E+9	2.208717000E-5
1.420490000E+9	2.236851000E-5
1.420493333E+9	2.243770000E-5
1.420496667E+9	2.228014000E-5
1.420500000E+9	2.203318000E-5
1.420503333E+9	2.237986000E-5
1.420506667E+9	2.208183000E-5
1.420510000E+9	2.232091000E-5
1.420513333E+9	2.215848000E-5
1.420516667E+9	2.251435000E-5
1.420520000E+9	2.301480000E-5
1.420523333E+9	2.190118000E-5
1.420526667E+9	2.205634000E-5
1.420530000E+9	2.242167000E-5
1.420533333E+9	2.257210000E-5
1.420536667E+9	2.223061000E-5
1.420540000E+9	2.244605000E-5
1.420543333E+9	2.249806000E-5
1.420546667E+9	2.247737000E-5
1.420550000E+9	2.267593000E-5
1.420553333E+9	2.223271000E-5
1.420556667E+9	2.206971000E-5
1.420560000E+9	2.208850000E-5
1.420563333E+9	2.178893000E-5
1.420566667E+9	2.260496000E-5
1.420570000E+9	2.222159000E-5
1.420573333E+9	2.306537000E-5
1.420576667E+9	2.222610000E-5
1.420580000E+9	2.204346000E-5
1.420583333E+9	2.241601000E-5
1.420586667E+9	2.169528000E-5
1.420590000E+9	2.270301000E-5
1.420593333E+9	2.233047000E-5
1.420596667E+9	2.202382000E-5
1.420600000E+9	2.254485000E-5
1.420603333E+9	2.307152000E-5
1.420606667E+9	2.245692000E-5
1.420610000E+9	2.197039000E-5
1.420613333E+9	2.262616000E-5
1.420616667E+9	2.203770000E-5
1.420620000E+9	2.236694000E-5
1.420623333E+9	2.287945000E-5
1.420626667E+9	2.465160000E-5
1.420630000E+9	2.212566000E-5
1.420633333E+9	2.267356000E-5
1.420636667E+9	2.289920000E-5
1.420640000E+9	2.218994000E-5
1.420643333E+9	2.177192000E-5
1.420646667E+9	2.266791000E-5
1.420650000E+9	2.161738000E-5
1.420653333E+9	2.168970000E-5
1.420656667E+9	2.218166000E-5
1.420660000E+9	2.229189000E-5
1.420663333E+9	2.204206000E-5
1.420666667E+9	2.215157000E-5
1.420670000E+9	2.215532000E-5
1.420673333E+9	2.211347000E-5
1.420676667E+9	2.184551000E-5
1.420680000E+9	2.192271000E-5
1.420683333E+9	2.210983000E-5
1.420686667E+9	2.269229000E-5
1.420690000E+9	2.199885000E-5
1.420693333E+9	2.178763000E-5
1.420696667E+9	2.205569000E-5
1.420700000E+9	2.179663000E-5
1.420703333E+9	2.203052000E-5
1.420706667E+9	2.189363000E-5
1.420710000E+9	2.202945000E-5
1.420713333E+9	2.178637000E-5
1.420716667E+9	2.180283000E-5
1.420720000E+9	2.204356000E-5
1.420723333E+9	2.238521000E-5
1.420726667E+9	2.204317000E-5
1.420730000E+9	2.226398000E-5
1.420733333E+9	2.192138000E-5
1.420736667E+9	2.210070000E-5
1.420740000E+9	2.161228000E-5
1.420743333E+9	2.196142000E-5
1.420746667E+9	2.207832000E-5
1.420750000E+9	2.240002000E-5
1.420753333E+9	2.255275000E-5
1.420756667E+9	2.221188000E-5
1.420760000E+9	2.182604000E-5
1.420763333E+9	2.226452000E-5
1.420766667E+9	2.203862000E-5
1.420770000E+9	2.192923000E-5
1.420773333E+9	2.226181000E-5
1.420776667E+9	2.177197000E-5
1.420780000E+9	2.178469000E-5
1.420783333E+9	2.215157000E-5
1.420786667E+9	2.184301000E-5
1.420790000E+9	2.221188000E-5
1.420793333E+9	2.257101000E-5
1.420796667E+9	2.185090000E-5
1.420800000E+9	2.214372000E-5
1.420803333E+9	2.217031000E-5
1.420806667E+9	2.147525000E-5
1.420810000E+9	2.232464000E-5
1.420813333E+9	2.181310000E-5
1.420816667E+9	2.208775000E-5
1.420820000E+9	2.246603000E-5
1.420823333E+9	2.235368000E-5
1.420826667E+9	2.223608000E-5
1.420830000E+9	2.177611000E-5
1.420833333E+9	2.203066000E-5
1.420836667E+9	2.205613000E-5
1.420840000E+9	2.174082000E-5
1.420843333E+9	2.233550000E-5
1.420846667E+9	2.264351000E-5
1.420850000E+9	2.224583000E-5
1.420853333E+9	2.189375000E-5
1.420856667E+9	2.223220000E-5
1.420860000E+9	2.218465000E-5
1.420863333E+9	2.212515000E-5
1.420866667E+9	2.175787000E-5
1.420870000E+9	2.195448000E-5
1.420873333E+9	2.147372000E-5
1.420876667E+9	2.195188000E-5
1.420880000E+9	2.166519000E-5
1.420883333E+9	2.202711000E-5
1.420886667E+9	2.224871000E-5
1.420890000E+9	2.212741000E-5
1.420893333E+9	2.225355000E-5
1.420896667E+9	2.226960000E-5
1.420900000E+9	2.254963000E-5
1.420903333E+9	2.190757000E-5
1.420906667E+9	2.273321000E-5
1.420910000E+9	2.213232000E-5
1.420913333E+9	2.260580000E-5
1.420916667E+9	2.453450000E-5
1.420920000E+9	2.764712000E-5
1.420923333E+9	2.232476000E-5
1.420926667E+9	2.222039000E-5
1.420930000E+9	2.216315000E-5
1.420933333E+9	2.175087000E-5
1.420936667E+9	2.184483000E-5
1.420940000E+9	2.239515000E-5
1.420943333E+9	2.199608000E-5
1.420946667E+9	2.168063000E-5
1.420950000E+9	2.203678000E-5
1.420953333E+9	2.222007000E-5
1.420956667E+9	2.184129000E-5
1.420960000E+9	2.177197000E-5
1.420963333E+9	2.146405000E-5
1.420966667E+9	2.197175000E-5
1.420970000E+9	2.197438000E-5
1.420973333E+9	2.190459000E-5
1.420976667E+9	2.216505000E-5
1.420980000E+9	2.229615000E-5
1.420983333E+9	2.299610000E-5
1.420986667E+9	2.240048000E-5
1.420990000E+9	2.195814000E-5
1.420993333E+9	2.196282000E-5
1.420996667E+9	2.216805000E-5
1.421000000E+9	2.211813000E-5
1.421003333E+9	2.182007000E-5
1.421006667E+9	2.198888000E-5
1.421010000E+9	2.226951000E-5
1.421013333E+9	2.180453000E-5
1.421016667E+9	2.174822000E-5
1.421020000E+9	2.214875000E-5
1.421023333E+9	2.234291000E-5
1.421026667E+9	2.195679000E-5
1.421030000E+9	2.221246000E-5
1.421033333E+9	2.242408000E-5
1.421036667E+9	2.170466000E-5
1.421040000E+9	2.218239000E-5
1.421043333E+9	2.207982000E-5
1.421046667E+9	2.151899000E-5
1.421050000E+9	2.184270000E-5
1.421053333E+9	2.179948000E-5
1.421056667E+9	2.233476000E-5
1.421060000E+9	2.192969000E-5
1.421063333E+9	2.218256000E-5
1.421066667E+9	2.175716000E-5
1.421070000E+9	2.196186000E-5
1.421073333E+9	2.230822000E-5
1.421076667E+9	2.238138000E-5
1.421080000E+9	2.193674000E-5
1.421083333E+9	2.159103000E-5
1.421086667E+9	2.181358000E-5
1.421090000E+9	2.132513000E-5
1.421093333E+9	2.191498000E-5
1.421096667E+9	2.228695000E-5
1.421100000E+9	2.144888000E-5
1.421103333E+9	2.202566000E-5
1.421106667E+9	2.159603000E-5
1.421110000E+9	2.164999000E-5
1.421113333E+9	2.127499000E-5
1.421116667E+9	2.128567000E-5
1.421120000E+9	2.147395000E-5
1.421123333E+9	2.200216000E-5
1.421126667E+9	2.239608000E-5
1.421130000E+9	2.209794000E-5
1.421133333E+9	2.181432000E-5
1.421136667E+9	2.176760000E-5
1.421140000E+9	2.209888000E-5
1.421143333E+9	2.214511000E-5
1.421146667E+9	2.180918000E-5
1.421150000E+9	2.222183000E-5
1.421153333E+9	2.225555000E-5
1.421156667E+9	2.224180000E-5
1.421160000E+9	2.183460000E-5
1.421163333E+9	2.194065000E-5
1.421166667E+9	2.220132000E-5
1.421170000E+9	2.202503000E-5
1.421173333E+9	2.214508000E-5
1.421176667E+9	2.191816000E-5
1.421180000E+9	2.160862000E-5
1.421183333E+9	2.191777000E-5
1.421186667E+9	2.200096000E-5
1.421190000E+9	2.208004000E-5
1.421193333E+9	2.205421000E-5
1.421196667E+9	2.249678000E-5
1.421200000E+9	2.185371000E-5
1.421203333E+9	2.190842000E-5
1.421206667E+9	2.230132000E-5
1.421210000E+9	2.315544000E-5
1.421213333E+9	2.462461000E-5
1.421216667E+9	2.232890000E-5
1.421220000E+9	2.237627000E-5
1.421223333E+9	2.176839000E-5
1.421226667E+9	2.191210000E-5
1.421230000E+9	2.198598000E-5
1.421233333E+9	2.192974000E-5
1.421236667E+9	2.188495000E-5
1.421240000E+9	2.176122000E-5
1.421243333E+9	2.214652000E-5
1.421246667E+9	2.174414000E-5
1.421250000E+9	2.183678000E-5
1.421253333E+9	2.182693000E-5
1.421256667E+9	2.208906000E-5
1.421260000E+9	2.210299000E-5
1.421263333E+9	2.166621000E-5
1.421266667E+9	2.202500000E-5
1.421270000E+9	2.176420000E-5
1.421273333E+9	2.252409000E-5
1.421276667E+9	2.216612000E-5
1.421280000E+9	2.247103000E-5
1.421283333E+9	2.215440000E-5
1.421286667E+9	2.203078000E-5
1.421290000E+9	2.190401000E-5
1.421293333E+9	2.217279000E-5
1.421296667E+9	2.219986000E-5
1.421300000E+9	2.197799000E-5
1.421303333E+9	2.185719000E-5
1.421306667E+9	2.239057000E-5
1.421310000E+9	2.220602000E-5
1.421313333E+9	2.224846000E-5
1.421316667E+9	2.224028000E-5
1.421320000E+9	2.256352000E-5
1.421323333E+9	2.263394000E-5
1.421326667E+9	2.291686000E-5
1.421330000E+9	2.248098000E-5
1.421333333E+9	2.279595000E-5
1.421336667E+9	2.300272000E-5
1.421340000E+9	2.318198000E-5
1.421343333E+9	2.840975000E-5
1.421346667E+9	2.603542000E-5
1.421350000E+9	2.267902000E-5
1.421353333E+9	2.234210000E-5
1.421356667E+9	2.281390000E-5
1.421360000E+9	2.272306000E-5
1.421363333E+9	2.233942000E-5
1.421366667E+9	2.264035000E-5
1.421370000E+9	2.203320000E-5
1.421373333E+9	2.226413000E-5
1.421376667E+9	2.226183000E-5
1.421380000E+9	2.253112000E-5
1.421383333E+9	2.273172000E-5
1.421386667E+9	2.258618000E-5
1.421390000E+9	2.227320000E-5
1.421393333E+9	2.227789000E-5
1.421396667E+9	2.265594000E-5
1.421400000E+9	2.811789000E-5
