Frequency, Hz	Amplitude, Volts
1.419400000E+9	2.211158000E-5
1.419403333E+9	2.254022000E-5
1.419406667E+9	2.199888000E-5
1.419410000E+9	2.224895000E-5
1.419413333E+9	2.255654000E-5
1.419416667E+9	2.239581000E-5
1.419420000E+9	2.257291000E-5
1.419423333E+9	2.246445000E-5
1.419426667E+9	2.240341000E-5
1.419430000E+9	2.245503000E-5
1.419433333E+9	2.305926000E-5
1.419436667E+9	2.231452000E-5
1.419440000E+9	2.192102000E-5
1.419443333E+9	2.175407000E-5
1.419446667E+9	2.441374000E-5
1.419450000E+9	2.686665000E-5
1.419453333E+9	3.171172000E-5
1.419456667E+9	2.733541000E-5
1.419460000E+9	2.364141000E-5
1.419463333E+9	2.313537000E-5
1.419466667E+9	2.234185000E-5
1.419470000E+9	2.249772000E-5
1.419473333E+9	2.187085000E-5
1.419476667E+9	2.206746000E-5
1.419480000E+9	2.276824000E-5
1.419483333E+9	2.221956000E-5
1.419486667E+9	2.179031000E-5
1.419490000E+9	2.252684000E-5
1.419493333E+9	2.207553000E-5
1.419496667E+9	2.222637000E-5
1.419500000E+9	2.238996000E-5
1.419503333E+9	2.190738000E-5
1.419506667E+9	2.191594000E-5
1.419510000E+9	2.203207000E-5
1.419513333E+9	2.190228000E-5
1.419516667E+9	2.188298000E-5
1.419520000E+9	2.231016000E-5
1.419523333E+9	2.209260000E-5
1.419526667E+9	2.191130000E-5
1.419530000E+9	2.228408000E-5
1.419533333E+9	2.221951000E-5
1.419536667E+9	2.264836000E-5
1.419540000E+9	2.263088000E-5
1.419543333E+9	2.220154000E-5
1.419546667E+9	2.229813000E-5
1.419550000E+9	2.198910000E-5
1.419553333E+9	2.188046000E-5
1.419556667E+9	2.210728000E-5
1.419560000E+9	2.213232000E-5
1.419563333E+9	2.171904000E-5
1.419566667E+9	2.215722000E-5
1.419570000E+9	2.205893000E-5
1.419573333E+9	2.238212000E-5
1.419576667E+9	2.195233000E-5
1.419580000E+9	2.164441000E-5
1.419583333E+9	2.195033000E-5
1.419586667E+9	2.216963000E-5
1.419590000E+9	2.168216000E-5
1.419593333E+9	2.231596000E-5
1.419596667E+9	2.188964000E-5
1.419600000E+9	2.225059000E-5
1.419603333E+9	2.245611000E-5
1.419606667E+9	2.184579000E-5
1.419610000E+9	2.135351000E-5
1.419613333E+9	2.209837000E-5
1.419616667E+9	2.220371000E-5
1.419620000E+9	2.223679000E-5
1.419623333E+9	2.244347000E-5
1.419626667E+9	2.248772000E-5
1.419630000E+9	2.219518000E-5
1.419633333E+9	2.212950000E-5
1.419636667E+9	2.198960000E-5
1.419640000E+9	2.220049000E-5
1.419643333E+9	2.193458000E-5
1.419646667E+9	2.178460000E-5
1.419650000E+9	2.214623000E-5
1.419653333E+9	2.217822000E-5
1.419656667E+9	2.224995000E-5
1.419660000E+9	2.208998000E-5
1.419663333E+9	2.158856000E-5
1.419666667E+9	2.222705000E-5
1.419670000E+9	2.171911000E-5
1.419673333E+9	2.177051000E-5
1.419676667E+9	2.216724000E-5
1.419680000E+9	2.212610000E-5
1.419683333E+9	2.220485000E-5
1.419686667E+9	2.217399000E-5
1.419690000E+9	2.206567000E-5
1.419693333E+9	2.189115000E-5
1.419696667E+9	2.208023000E-5
1.419700000E+9	2.183023000E-5
1.419703333E+9	2.211216000E-5
1.419706667E+9	2.187234000E-5
1.419710000E+9	2.212056000E-5
1.419713333E+9	2.179759000E-5
1.419716667E+9	2.210007000E-5
1.419720000E+9	2.205915000E-5
1.419723333E+9	2.208872000E-5
1.419726667E+9	2.279713000E-5
1.419730000E+9	2.249836000E-5
1.419733333E+9	2.362066000E-5
1.419736667E+9	2.208683000E-5
1.419740000E+9	2.527434000E-5
1.419743333E+9	2.625130000E-5
1.419746667E+9	3.402375000E-5
1.419750000E+9	2.622462000E-5
1.419753333E+9	2.402336000E-5
1.419756667E+9	2.331102000E-5
1.419760000E+9	2.168137000E-5
1.419763333E+9	2.232474000E-5
1.419766667E+9	2.186499000E-5
1.419770000E+9	2.202689000E-5
1.419773333E+9	2.218465000E-5
1.419776667E+9	2.212292000E-5
1.419780000E+9	2.197780000E-5
1.419783333E+9	2.192076000E-5
1.419786667E+9	2.181348000E-5
1.419790000E+9	2.361783000E-5
1.419793333E+9	2.413040000E-5
1.419796667E+9	2.175768000E-5
1.419800000E+9	2.204724000E-5
1.419803333E+9	2.209425000E-5
1.419806667E+9	2.171274000E-5
1.419810000E+9	2.202783000E-5
1.419813333E+9	2.215148000E-5
1.419816667E+9	2.194976000E-5
1.419820000E+9	2.212034000E-5
1.419823333E+9	2.233569000E-5
1.419826667E+9	2.206179000E-5
1.419830000E+9	2.188803000E-5
1.419833333E+9	2.185126000E-5
1.419836667E+9	2.157828000E-5
1.419840000E+9	2.183265000E-5
1.419843333E+9	2.217640000E-5
1.419846667E+9	2.205043000E-5
1.419850000E+9	2.188027000E-5
1.419853333E+9	2.173562000E-5
1.419856667E+9	2.174868000E-5
1.419860000E+9	2.184057000E-5
1.419863333E+9	2.227626000E-5
1.419866667E+9	2.203175000E-5
1.419870000E+9	2.216620000E-5
1.419873333E+9	2.217533000E-5
1.419876667E+9	2.225201000E-5
1.419880000E+9	2.203678000E-5
1.419883333E+9	2.147584000E-5
1.419886667E+9	2.220332000E-5
1.419890000E+9	2.160905000E-5
1.419893333E+9	2.211036000E-5
1.419896667E+9	2.222878000E-5
1.419900000E+9	2.199984000E-5
1.419903333E+9	2.208137000E-5
1.419906667E+9	2.174120000E-5
1.419910000E+9	2.176650000E-5
1.419913333E+9	2.185758000E-5
1.419916667E+9	2.141488000E-5
1.419920000E+9	2.182726000E-5
1.419923333E+9	2.177290000E-5
1.419926667E+9	2.166581000E-5
1.419930000E+9	2.216423000E-5
1.419933333E+9	2.139272000E-5
1.419936667E+9	2.217800000E-5
1.419940000E+9	2.208445000E-5
1.419943333E+9	2.200557000E-5
1.419946667E+9	2.138138000E-5
1.419950000E+9	2.213951000E-5
1.419953333E+9	2.163973000E-5
1.419956667E+9	2.227885000E-5
1.419960000E+9	2.148992000E-5
1.419963333E+9	2.178189000E-5
1.419966667E+9	2.205344000E-5
1.419970000E+9	2.193537000E-5
1.419973333E+9	2.212457000E-5
1.419976667E+9	2.216131000E-5
1.419980000E+9	2.318361000E-5
1.419983333E+9	2.157432000E-5
1.419986667E+9	2.174369000E-5
1.419990000E+9	2.175360000E-5
1.419993333E+9	2.232407000E-5
1.419996667E+9	2.142478000E-5
1.420000000E+9	2.234016000E-5
1.420003333E+9	2.271380000E-5
1.420006667E+9	2.236929000E-5
1.420010000E+9	2.183742000E-5
1.420013333E+9	2.192991000E-5
1.420016667E+9	2.219264000E-5
1.420020000E+9	2.257544000E-5
1.420023333E+9	2.209493000E-5
1.420026667E+9	2.213237000E-5
1.420030000E+9	2.234825000E-5
1.420033333E+9	2.496295000E-5
1.420036667E+9	2.524076000E-5
1.420040000E+9	3.512734000E-5
1.420043333E+9	2.427968000E-5
1.420046667E+9	2.336040000E-5
1.420050000E+9	2.260756000E-5
1.420053333E+9	2.200564000E-5
1.420056667E+9	2.196866000E-5
1.420060000E+9	2.157274000E-5
1.420063333E+9	2.158349000E-5
1.420066667E+9	2.148506000E-5
1.420070000E+9	2.149365000E-5
1.420073333E+9	2.150935000E-5
1.420076667E+9	2.180510000E-5
1.420080000E+9	2.199212000E-5
1.420083333E+9	2.192690000E-5
1.420086667E+9	2.217197000E-5
1.420090000E+9	2.175104000E-5
1.420093333E+9	2.181502000E-5
1.420096667E+9	2.187801000E-5
1.420100000E+9	2.166341000E-5
1.420103333E+9	2.214428000E-5
1.420106667E+9	2.199298000E-5
1.420110000E+9	2.151788000E-5
1.420113333E+9	2.174008000E-5
1.420116667E+9	2.164210000E-5
1.420120000E+9	2.172958000E-5
1.420123333E+9	2.197824000E-5
1.420126667E+9	2.230036000E-5
1.420130000E+9	2.198403000E-5
1.420133333E+9	2.117169000E-5
1.420136667E+9	2.175799000E-5
1.420140000E+9	2.182647000E-5
1.420143333E+9	2.186511000E-5
1.420146667E+9	2.164733000E-5
1.420150000E+9	2.166788000E-5
1.420153333E+9	2.188601000E-5
1.420156667E+9	2.197276000E-5
1.420160000E+9	2.185280000E-5
1.420163333E+9	2.212632000E-5
1.420166667E+9	2.175042000E-5
1.420170000E+9	2.205295000E-5
1.420173333E+9	2.168682000E-5
1.420176667E+9	2.185779000E-5
1.420180000E+9	2.215508000E-5
1.420183333E+9	2.172817000E-5
1.420186667E+9	2.115824000E-5
1.420190000E+9	2.162628000E-5
1.420193333E+9	2.185105000E-5
1.420196667E+9	2.186372000E-5
1.420200000E+9	2.197235000E-5
1.420203333E+9	2.169802000E-5
1.420206667E+9	2.157529000E-5
1.420210000E+9	2.167649000E-5
1.420213333E+9	2.145734000E-5
1.420216667E+9	2.198024000E-5
1.420220000E+9	2.189175000E-5
1.420223333E+9	2.148978000E-5
1.420226667E+9	2.183256000E-5
1.420230000E+9	2.276214000E-5
1.420233333E+9	2.206729000E-5
1.420236667E+9	2.186230000E-5
1.420240000E+9	2.187287000E-5
1.420243333E+9	2.162567000E-5
1.420246667E+9	2.220181000E-5
1.420250000E+9	2.194629000E-5
1.420253333E+9	2.157539000E-5
1.420256667E+9	2.163469000E-5
1.420260000E+9	2.216462000E-5
1.420263333E+9	2.215362000E-5
1.420266667E+9	2.183460000E-5
1.420270000E+9	2.196678000E-5
1.420273333E+9	2.136268000E-5
1.420276667E+9	2.130517000E-5
1.420280000E+9	2.175212000E-5
1.420283333E+9	2.247037000E-5
1.420286667E+9	2.211471000E-5
1.420290000E+9	2.212474000E-5
1.420293333E+9	2.203625000E-5
1.420296667E+9	2.170226000E-5
1.420300000E+9	2.162287000E-5
1.420303333E+9	2.166440000E-5
1.420306667E+9	2.160023000E-5
1.420310000E+9	2.216800000E-5
1.420313333E+9	2.236382000E-5
1.420316667E+9	2.170130000E-5
1.420320000E+9	2.161190000E-5
1.420323333E+9	2.171208000E-5
1.420326667E+9	2.470276000E-5
1.420330000E+9	2.507662000E-5
1.420333333E+9	3.456364000E-5
1.420336667E+9	2.408866000E-5
1.420340000E+9	2.338888000E-5
1.420343333E+9	2.165085000E-5
1.420346667E+9	2.168527000E-5
1.420350000E+9	2.208591000E-5
1.420353333E+9	2.217764000E-5
1.420356667E+9	2.165860000E-5
1.420360000E+9	2.182412000E-5
1.420363333E+9	2.184280000E-5
1.420366667E+9	2.168492000E-5
1.420370000E+9	2.220944000E-5
1.420373333E+9	2.209765000E-5
1.420376667E+9	2.189295000E-5
1.420380000E+9	2.176019000E-5
1.420383333E+9	2.213341000E-5
1.420386667E+9	2.221575000E-5
1.420390000E+9	2.166471000E-5
1.420393333E+9	2.183040000E-5
1.420396667E+9	2.204913000E-5
1.420400000E+9	2.213341000E-5
1.420403333E+9	2.192540000E-5
1.420406667E+9	2.180238000E-5
1.420410000E+9	2.184105000E-5
1.420413333E+9	2.147084000E-5
1.420416667E+9	2.202708000E-5
1.420420000E+9	2.191159000E-5
1.420423333E+9	2.192182000E-5
1.420426667E+9	2.174027000E-5
1.420430000E+9	2.202377000E-5
1.420433333E+9	2.171718000E-5
1.420436667E+9	2.171656000E-5
1.420440000E+9	2.197112000E-5
1.420443333E+9	2.168173000E-5
1.420446667E+9	2.184843000E-5
1.420450000E+9	2.172307000E-5
1.420453333E+9	2.149471000E-5
1.420456667E+9	2.181464000E-5
1.420460000E+9	2.211481000E-5
1.420463333E+9	2.165675000E-5
1.420466667E+9	2.162633000E-5
1.420470000E+9	2.181816000E-5
1.420473333E+9	2.176564000E-5
1.420476667E+9	2.154795000E-5
1.420480000E+9	2.219886000E-5
1.420483333E+9	2.199272000E-5
1.420486667E+9	2.190902000E-5
1.420490000E+9	2.185395000E-5
1.420493333E+9	2.164552000E-5
1.420496667E+9	2.218334000E-5
1.420500000E+9	2.154901000E-5
1.420503333E+9	2.193607000E-5
1.420506667E+9	2.140571000E-5
1.420510000E+9	2.175106000E-5
1.420513333E+9	2.122968000E-5
1.420516667E+9	2.221032000E-5
1.420520000E+9	2.141173000E-5
1.420523333E+9	2.157652000E-5
1.420526667E+9	2.147358000E-5
1.420530000E+9	2.153043000E-5
1.420533333E+9	2.183400000E-5
1.420536667E+9	2.163918000E-5
1.420540000E+9	2.171832000E-5
1.420543333E+9	2.164743000E-5
1.420546667E+9	2.132406000E-5
1.420550000E+9	2.214309000E-5
1.420553333E+9	2.185649000E-5
1.420556667E+9	2.101936000E-5
1.420560000E+9	2.169385000E-5
1.420563333E+9	2.164545000E-5
1.420566667E+9	2.165808000E-5
1.420570000E+9	2.179644000E-5
1.420573333E+9	2.125452000E-5
1.420576667E+9	2.149417000E-5
1.420580000E+9	2.169004000E-5
1.420583333E+9	2.177630000E-5
1.420586667E+9	2.152750000E-5
1.420590000E+9	2.154762000E-5
1.420593333E+9	2.161779000E-5
1.420596667E+9	2.172283000E-5
1.420600000E+9	2.171489000E-5
1.420603333E+9	2.225108000E-5
1.420606667E+9	2.283195000E-5
1.420610000E+9	2.189233000E-5
1.420613333E+9	2.179141000E-5
1.420616667E+9	2.136784000E-5
1.420620000E+9	2.770114000E-5
1.420623333E+9	2.893496000E-5
1.420626667E+9	4.137835000E-5
1.420630000E+9	2.366827000E-5
1.420633333E+9	2.394676000E-5
1.420636667E+9	2.215452000E-5
1.420640000E+9	2.172431000E-5
1.420643333E+9	2.163189000E-5
1.420646667E+9	2.185873000E-5
1.420650000E+9	2.179582000E-5
1.420653333E+9	2.157401000E-5
1.420656667E+9	2.174321000E-5
1.420660000E+9	2.150267000E-5
1.420663333E+9	2.136924000E-5
1.420666667E+9	2.135142000E-5
1.420670000E+9	2.155886000E-5
1.420673333E+9	2.149651000E-5
1.420676667E+9	2.107868000E-5
1.420680000E+9	2.158944000E-5
1.420683333E+9	2.200260000E-5
1.420686667E+9	2.180930000E-5
1.420690000E+9	2.145004000E-5
1.420693333E+9	2.177204000E-5
1.420696667E+9	2.141340000E-5
1.420700000E+9	2.177415000E-5
1.420703333E+9	2.136727000E-5
1.420706667E+9	2.141512000E-5
1.420710000E+9	2.195805000E-5
1.420713333E+9	2.125809000E-5
1.420716667E+9	2.146207000E-5
1.420720000E+9	2.184522000E-5
1.420723333E+9	2.176755000E-5
1.420726667E+9	2.153839000E-5
1.420730000E+9	2.148143000E-5
1.420733333E+9	2.156980000E-5
1.420736667E+9	2.157345000E-5
1.420740000E+9	2.199414000E-5
1.420743333E+9	2.168397000E-5
1.420746667E+9	2.203451000E-5
1.420750000E+9	2.160416000E-5
1.420753333E+9	2.150359000E-5
1.420756667E+9	2.161256000E-5
1.420760000E+9	2.137178000E-5
1.420763333E+9	2.162234000E-5
1.420766667E+9	2.188509000E-5
1.420770000E+9	2.146358000E-5
1.420773333E+9	2.194296000E-5
1.420776667E+9	2.160485000E-5
1.420780000E+9	2.177489000E-5
1.420783333E+9	2.196509000E-5
1.420786667E+9	2.180618000E-5
1.420790000E+9	2.157890000E-5
1.420793333E+9	2.167028000E-5
1.420796667E+9	2.200117000E-5
1.420800000E+9	2.141371000E-5
1.420803333E+9	2.141152000E-5
1.420806667E+9	2.149259000E-5
1.420810000E+9	2.306524000E-5
1.420813333E+9	2.137652000E-5
1.420816667E+9	2.158624000E-5
1.420820000E+9	2.135400000E-5
1.420823333E+9	2.145656000E-5
1.420826667E+9	2.172419000E-5
1.420830000E+9	2.148532000E-5
1.420833333E+9	2.173968000E-5
1.420836667E+9	2.877507000E-5
1.420840000E+9	3.321718000E-5
1.420843333E+9	2.189901000E-5
1.420846667E+9	2.164885000E-5
1.420850000E+9	2.137835000E-5
1.420853333E+9	2.140653000E-5
1.420856667E+9	2.137924000E-5
1.420860000E+9	2.173392000E-5
1.420863333E+9	2.147091000E-5
1.420866667E+9	2.360793000E-5
1.420870000E+9	2.220832000E-5
1.420873333E+9	2.185222000E-5
1.420876667E+9	2.176189000E-5
1.420880000E+9	2.152437000E-5
1.420883333E+9	2.291238000E-5
1.420886667E+9	2.217640000E-5
1.420890000E+9	2.161394000E-5
1.420893333E+9	2.186984000E-5
1.420896667E+9	2.300815000E-5
1.420900000E+9	2.397075000E-5
1.420903333E+9	2.172161000E-5
1.420906667E+9	2.171482000E-5
1.420910000E+9	2.225767000E-5
1.420913333E+9	3.628576000E-5
1.420916667E+9	4.397464000E-5
1.420920000E+9	6.589730000E-5
1.420923333E+9	2.523400000E-5
1.420926667E+9	2.801229000E-5
1.420930000E+9	2.212761000E-5
1.420933333E+9	2.150198000E-5
1.420936667E+9	2.194383000E-5
1.420940000E+9	2.177113000E-5
1.420943333E+9	2.181459000E-5
1.420946667E+9	2.212416000E-5
1.420950000E+9	2.158626000E-5
1.420953333E+9	2.175828000E-5
1.420956667E+9	2.154618000E-5
1.420960000E+9	2.132455000E-5
1.420963333E+9	2.166809000E-5
1.420966667E+9	2.172696000E-5
1.420970000E+9	2.170962000E-5
1.420973333E+9	2.149785000E-5
1.420976667E+9	2.129603000E-5
1.420980000E+9	2.160537000E-5
1.420983333E+9	2.238974000E-5
1.420986667E+9	2.153511000E-5
1.420990000E+9	2.150283000E-5
1.420993333E+9	2.157359000E-5
1.420996667E+9	2.163707000E-5
1.421000000E+9	2.181308000E-5
1.421003333E+9	2.158126000E-5
1.421006667E+9	2.190228000E-5
1.421010000E+9	2.128511000E-5
1.421013333E+9	2.146745000E-5
1.421016667E+9	2.101539000E-5
1.421020000E+9	2.111957000E-5
1.421023333E+9	2.118618000E-5
1.421026667E+9	2.126168000E-5
1.421030000E+9	2.183066000E-5
1.421033333E+9	2.155285000E-5
1.421036667E+9	2.146620000E-5
1.421040000E+9	2.132808000E-5
1.421043333E+9	2.129252000E-5
1.421046667E+9	2.174720000E-5
1.421050000E+9	2.171227000E-5
1.421053333E+9	2.119984000E-5
1.421056667E+9	2.137643000E-5
1.421060000E+9	2.143179000E-5
1.421063333E+9	2.132443000E-5
1.421066667E+9	2.125127000E-5
1.421070000E+9	2.188651000E-5
1.421073333E+9	2.165565000E-5
1.421076667E+9	2.155588000E-5
1.421080000E+9	2.116423000E-5
1.421083333E+9	2.150246000E-5
1.421086667E+9	2.127569000E-5
1.421090000E+9	2.150286000E-5
1.421093333E+9	2.170028000E-5
1.421096667E+9	2.199533000E-5
1.421100000E+9	2.149700000E-5
1.421103333E+9	2.163526000E-5
1.421106667E+9	2.177147000E-5
1.421110000E+9	2.139913000E-5
1.421113333E+9	2.178878000E-5
1.421116667E+9	2.167559000E-5
1.421120000E+9	2.190555000E-5
1.421123333E+9	2.148197000E-5
1.421126667E+9	2.203521000E-5
1.421130000E+9	2.182300000E-5
1.421133333E+9	2.155715000E-5
1.421136667E+9	2.133696000E-5
1.421140000E+9	2.143659000E-5
1.421143333E+9	2.167625000E-5
1.421146667E+9	2.160006000E-5
1.421150000E+9	2.127796000E-5
1.421153333E+9	2.180735000E-5
1.421156667E+9	2.149292000E-5
1.421160000E+9	2.121122000E-5
1.421163333E+9	2.186355000E-5
1.421166667E+9	2.180197000E-5
1.421170000E+9	2.167283000E-5
1.421173333E+9	2.153066000E-5
1.421176667E+9	2.176518000E-5
1.421180000E+9	2.260344000E-5
1.421183333E+9	2.100402000E-5
1.421186667E+9	2.120775000E-5
1.421190000E+9	2.221763000E-5
1.421193333E+9	2.214426000E-5
1.421196667E+9	2.127957000E-5
1.421200000E+9	2.135444000E-5
1.421203333E+9	2.254834000E-5
1.421206667E+9	2.755932000E-5
1.421210000E+9	3.112714000E-5
1.421213333E+9	4.128332000E-5
1.421216667E+9	2.270535000E-5
1.421220000E+9	2.367945000E-5
1.421223333E+9	2.183766000E-5
1.421226667E+9	2.150430000E-5
1.421230000E+9	2.173724000E-5
1.421233333E+9	2.186975000E-5
1.421236667E+9	2.133764000E-5
1.421240000E+9	2.185966000E-5
1.421243333E+9	2.126908000E-5
1.421246667E+9	2.177424000E-5
1.421250000E+9	2.199651000E-5
1.421253333E+9	2.130344000E-5
1.421256667E+9	2.184143000E-5
1.421260000E+9	2.149448000E-5
1.421263333E+9	2.185846000E-5
1.421266667E+9	2.156734000E-5
1.421270000E+9	2.164543000E-5
1.421273333E+9	2.152074000E-5
1.421276667E+9	2.231371000E-5
1.421280000E+9	2.138699000E-5
1.421283333E+9	2.177013000E-5
1.421286667E+9	2.160741000E-5
1.421290000E+9	2.175283000E-5
1.421293333E+9	2.159603000E-5
1.421296667E+9	2.210143000E-5
1.421300000E+9	2.211303000E-5
1.421303333E+9	2.171198000E-5
1.421306667E+9	2.189074000E-5
1.421310000E+9	2.155498000E-5
1.421313333E+9	2.193814000E-5
1.421316667E+9	2.198198000E-5
1.421320000E+9	2.205264000E-5
1.421323333E+9	2.211099000E-5
1.421326667E+9	2.156769000E-5
1.421330000E+9	2.181737000E-5
1.421333333E+9	2.182125000E-5
1.421336667E+9	2.224712000E-5
1.421340000E+9	2.261772000E-5
1.421343333E+9	2.554678000E-5
1.421346667E+9	2.441199000E-5
1.421350000E+9	2.222781000E-5
1.421353333E+9	2.219815000E-5
1.421356667E+9	2.232716000E-5
1.421360000E+9	2.195371000E-5
1.421363333E+9	2.315992000E-5
1.421366667E+9	2.614777000E-5
1.421370000E+9	2.295068000E-5
1.421373333E+9	2.189271000E-5
1.421376667E+9	2.232707000E-5
1.421380000E+9	2.182096000E-5
1.421383333E+9	2.188536000E-5
1.421386667E+9	2.174424000E-5
1.421390000E+9	2.160194000E-5
1.421393333E+9	2.191611000E-5
1.421396667E+9	2.140848000E-5
1.421400000E+9	2.181138000E-5
