Frequency, Hz	Amplitude, Volts
1.419400000E+9	2.092118000E-5
1.419403333E+9	2.024542000E-5
1.419406667E+9	2.039284000E-5
1.419410000E+9	2.054003000E-5
1.419413333E+9	2.020802000E-5
1.419416667E+9	2.040653000E-5
1.419420000E+9	2.097806000E-5
1.419423333E+9	2.036356000E-5
1.419426667E+9	2.068344000E-5
1.419430000E+9	2.034404000E-5
1.419433333E+9	2.079997000E-5
1.419436667E+9	2.063757000E-5
1.419440000E+9	2.108553000E-5
1.419443333E+9	2.114618000E-5
1.419446667E+9	2.132183000E-5
1.419450000E+9	2.107139000E-5
1.419453333E+9	2.213244000E-5
1.419456667E+9	2.143798000E-5
1.419460000E+9	2.063828000E-5
1.419463333E+9	2.089079000E-5
1.419466667E+9	2.094488000E-5
1.419470000E+9	2.040046000E-5
1.419473333E+9	2.079956000E-5
1.419476667E+9	2.044326000E-5
1.419480000E+9	2.085376000E-5
1.419483333E+9	2.067295000E-5
1.419486667E+9	2.093768000E-5
1.419490000E+9	2.131675000E-5
1.419493333E+9	2.061527000E-5
1.419496667E+9	2.026797000E-5
1.419500000E+9	2.082305000E-5
1.419503333E+9	2.070901000E-5
1.419506667E+9	2.009386000E-5
1.419510000E+9	2.085417000E-5
1.419513333E+9	2.099500000E-5
1.419516667E+9	2.072709000E-5
1.419520000E+9	2.041525000E-5
1.419523333E+9	2.035958000E-5
1.419526667E+9	2.077131000E-5
1.419530000E+9	2.039128000E-5
1.419533333E+9	2.122201000E-5
1.419536667E+9	2.153272000E-5
1.419540000E+9	2.115364000E-5
1.419543333E+9	2.080326000E-5
1.419546667E+9	2.057172000E-5
1.419550000E+9	2.067688000E-5
1.419553333E+9	2.046563000E-5
1.419556667E+9	2.054846000E-5
1.419560000E+9	2.088519000E-5
1.419563333E+9	2.018044000E-5
1.419566667E+9	2.033176000E-5
1.419570000E+9	2.049540000E-5
1.419573333E+9	2.017758000E-5
1.419576667E+9	2.063565000E-5
1.419580000E+9	2.061866000E-5
1.419583333E+9	2.088535000E-5
1.419586667E+9	2.079881000E-5
1.419590000E+9	2.054052000E-5
1.419593333E+9	2.014911000E-5
1.419596667E+9	2.004688000E-5
1.419600000E+9	2.006273000E-5
1.419603333E+9	2.034496000E-5
1.419606667E+9	2.065770000E-5
1.419610000E+9	2.049331000E-5
1.419613333E+9	2.024178000E-5
1.419616667E+9	2.040866000E-5
1.419620000E+9	2.046909000E-5
1.419623333E+9	2.032156000E-5
1.419626667E+9	2.059479000E-5
1.419630000E+9	2.099417000E-5
1.419633333E+9	2.083206000E-5
1.419636667E+9	2.063259000E-5
1.419640000E+9	2.023576000E-5
1.419643333E+9	2.038279000E-5
1.419646667E+9	1.992061000E-5
1.419650000E+9	2.055821000E-5
1.419653333E+9	2.070164000E-5
1.419656667E+9	2.039652000E-5
1.419660000E+9	2.094890000E-5
1.419663333E+9	2.035747000E-5
1.419666667E+9	2.024729000E-5
1.419670000E+9	2.058258000E-5
1.419673333E+9	2.076495000E-5
1.419676667E+9	2.144022000E-5
1.419680000E+9	2.044903000E-5
1.419683333E+9	2.042377000E-5
1.419686667E+9	2.055411000E-5
1.419690000E+9	1.993052000E-5
1.419693333E+9	2.025761000E-5
1.419696667E+9	2.030457000E-5
1.419700000E+9	2.048701000E-5
1.419703333E+9	2.009104000E-5
1.419706667E+9	2.021666000E-5
1.419710000E+9	2.036076000E-5
1.419713333E+9	2.037807000E-5
1.419716667E+9	2.066018000E-5
1.419720000E+9	2.048791000E-5
1.419723333E+9	2.132232000E-5
1.419726667E+9	2.107593000E-5
1.419730000E+9	2.032801000E-5
1.419733333E+9	2.044598000E-5
1.419736667E+9	2.016394000E-5
1.419740000E+9	2.045173000E-5
1.419743333E+9	2.075025000E-5
1.419746667E+9	2.356768000E-5
1.419750000E+9	2.123691000E-5
1.419753333E+9	2.044261000E-5
1.419756667E+9	2.055487000E-5
1.419760000E+9	2.015909000E-5
1.419763333E+9	2.029028000E-5
1.419766667E+9	2.067316000E-5
1.419770000E+9	2.143440000E-5
1.419773333E+9	2.057951000E-5
1.419776667E+9	2.052745000E-5
1.419780000E+9	2.036402000E-5
1.419783333E+9	2.050780000E-5
1.419786667E+9	2.037496000E-5
1.419790000E+9	2.044225000E-5
1.419793333E+9	2.083062000E-5
1.419796667E+9	2.018436000E-5
1.419800000E+9	2.011611000E-5
1.419803333E+9	2.010809000E-5
1.419806667E+9	2.033511000E-5
1.419810000E+9	2.037952000E-5
1.419813333E+9	2.076262000E-5
1.419816667E+9	2.129366000E-5
1.419820000E+9	2.062933000E-5
1.419823333E+9	2.061280000E-5
1.419826667E+9	2.021490000E-5
1.419830000E+9	2.033717000E-5
1.419833333E+9	2.057016000E-5
1.419836667E+9	2.046075000E-5
1.419840000E+9	2.029920000E-5
1.419843333E+9	2.038342000E-5
1.419846667E+9	2.003205000E-5
1.419850000E+9	1.969277000E-5
1.419853333E+9	1.981222000E-5
1.419856667E+9	2.009534000E-5
1.419860000E+9	2.077580000E-5
1.419863333E+9	2.117062000E-5
1.419866667E+9	2.044674000E-5
1.419870000E+9	2.032940000E-5
1.419873333E+9	2.004259000E-5
1.419876667E+9	2.049597000E-5
1.419880000E+9	2.054504000E-5
1.419883333E+9	2.011063000E-5
1.419886667E+9	2.065369000E-5
1.419890000E+9	2.001417000E-5
1.419893333E+9	2.040727000E-5
1.419896667E+9	2.044400000E-5
1.419900000E+9	1.981002000E-5
1.419903333E+9	2.033199000E-5
1.419906667E+9	2.035294000E-5
1.419910000E+9	2.110418000E-5
1.419913333E+9	2.023744000E-5
1.419916667E+9	2.037080000E-5
1.419920000E+9	2.024596000E-5
1.419923333E+9	2.046770000E-5
1.419926667E+9	1.983597000E-5
1.419930000E+9	2.024229000E-5
1.419933333E+9	2.085083000E-5
1.419936667E+9	2.032491000E-5
1.419940000E+9	2.041975000E-5
1.419943333E+9	1.996615000E-5
1.419946667E+9	2.012983000E-5
1.419950000E+9	2.014681000E-5
1.419953333E+9	2.026223000E-5
1.419956667E+9	2.092688000E-5
1.419960000E+9	2.001439000E-5
1.419963333E+9	2.015949000E-5
1.419966667E+9	2.047968000E-5
1.419970000E+9	2.024115000E-5
1.419973333E+9	2.026755000E-5
1.419976667E+9	2.072283000E-5
1.419980000E+9	2.023860000E-5
1.419983333E+9	2.043352000E-5
1.419986667E+9	2.016558000E-5
1.419990000E+9	2.016274000E-5
1.419993333E+9	1.995936000E-5
1.419996667E+9	2.013343000E-5
1.420000000E+9	2.077619000E-5
1.420003333E+9	2.130737000E-5
1.420006667E+9	2.054826000E-5
1.420010000E+9	1.998655000E-5
1.420013333E+9	2.031273000E-5
1.420016667E+9	2.020290000E-5
1.420020000E+9	2.007434000E-5
1.420023333E+9	1.964687000E-5
1.420026667E+9	2.058507000E-5
1.420030000E+9	2.052592000E-5
1.420033333E+9	2.031081000E-5
1.420036667E+9	2.018736000E-5
1.420040000E+9	2.276124000E-5
1.420043333E+9	2.035180000E-5
1.420046667E+9	2.053924000E-5
1.420050000E+9	2.103478000E-5
1.420053333E+9	2.040913000E-5
1.420056667E+9	1.995213000E-5
1.420060000E+9	2.013129000E-5
1.420063333E+9	2.030555000E-5
1.420066667E+9	2.024573000E-5
1.420070000E+9	1.994164000E-5
1.420073333E+9	2.064843000E-5
1.420076667E+9	1.988276000E-5
1.420080000E+9	2.021530000E-5
1.420083333E+9	2.021433000E-5
1.420086667E+9	2.007181000E-5
1.420090000E+9	2.010392000E-5
1.420093333E+9	2.032937000E-5
1.420096667E+9	2.063261000E-5
1.420100000E+9	2.033826000E-5
1.420103333E+9	1.996017000E-5
1.420106667E+9	2.012481000E-5
1.420110000E+9	1.981196000E-5
1.420113333E+9	2.012557000E-5
1.420116667E+9	2.003280000E-5
1.420120000E+9	1.978874000E-5
1.420123333E+9	1.978333000E-5
1.420126667E+9	2.023582000E-5
1.420130000E+9	1.996567000E-5
1.420133333E+9	1.989055000E-5
1.420136667E+9	2.000409000E-5
1.420140000E+9	2.069912000E-5
1.420143333E+9	2.100028000E-5
1.420146667E+9	2.026019000E-5
1.420150000E+9	1.994615000E-5
1.420153333E+9	1.994297000E-5
1.420156667E+9	2.004300000E-5
1.420160000E+9	1.959416000E-5
1.420163333E+9	2.019598000E-5
1.420166667E+9	1.987986000E-5
1.420170000E+9	1.994952000E-5
1.420173333E+9	1.963353000E-5
1.420176667E+9	1.975509000E-5
1.420180000E+9	1.987355000E-5
1.420183333E+9	1.990624000E-5
1.420186667E+9	2.030345000E-5
1.420190000E+9	2.109297000E-5
1.420193333E+9	1.997128000E-5
1.420196667E+9	1.996054000E-5
1.420200000E+9	1.962193000E-5
1.420203333E+9	1.991376000E-5
1.420206667E+9	2.010997000E-5
1.420210000E+9	2.023129000E-5
1.420213333E+9	2.019099000E-5
1.420216667E+9	2.009761000E-5
1.420220000E+9	2.010785000E-5
1.420223333E+9	2.026891000E-5
1.420226667E+9	2.057944000E-5
1.420230000E+9	2.042482000E-5
1.420233333E+9	2.037225000E-5
1.420236667E+9	2.051501000E-5
1.420240000E+9	2.056582000E-5
1.420243333E+9	2.021668000E-5
1.420246667E+9	2.012481000E-5
1.420250000E+9	2.000884000E-5
1.420253333E+9	1.999263000E-5
1.420256667E+9	1.998754000E-5
1.420260000E+9	2.055201000E-5
1.420263333E+9	2.039652000E-5
1.420266667E+9	2.044829000E-5
1.420270000E+9	2.024560000E-5
1.420273333E+9	2.057840000E-5
1.420276667E+9	2.057447000E-5
1.420280000E+9	2.083213000E-5
1.420283333E+9	2.083835000E-5
1.420286667E+9	2.023724000E-5
1.420290000E+9	2.082383000E-5
1.420293333E+9	2.039275000E-5
1.420296667E+9	2.019853000E-5
1.420300000E+9	2.064707000E-5
1.420303333E+9	2.071892000E-5
1.420306667E+9	2.073028000E-5
1.420310000E+9	2.045550000E-5
1.420313333E+9	2.029559000E-5
1.420316667E+9	2.034505000E-5
1.420320000E+9	2.059925000E-5
1.420323333E+9	2.046824000E-5
1.420326667E+9	2.055133000E-5
1.420330000E+9	2.175959000E-5
1.420333333E+9	2.314972000E-5
1.420336667E+9	2.106422000E-5
1.420340000E+9	2.048838000E-5
1.420343333E+9	2.012585000E-5
1.420346667E+9	2.030232000E-5
1.420350000E+9	1.992747000E-5
1.420353333E+9	2.059726000E-5
1.420356667E+9	2.034764000E-5
1.420360000E+9	2.042978000E-5
1.420363333E+9	2.033355000E-5
1.420366667E+9	2.009090000E-5
1.420370000E+9	2.029964000E-5
1.420373333E+9	2.016700000E-5
1.420376667E+9	2.059762000E-5
1.420380000E+9	2.038566000E-5
1.420383333E+9	2.064560000E-5
1.420386667E+9	2.011516000E-5
1.420390000E+9	1.982937000E-5
1.420393333E+9	1.996981000E-5
1.420396667E+9	2.015540000E-5
1.420400000E+9	2.050069000E-5
1.420403333E+9	1.986013000E-5
1.420406667E+9	1.983647000E-5
1.420410000E+9	2.016177000E-5
1.420413333E+9	2.021228000E-5
1.420416667E+9	2.010730000E-5
1.420420000E+9	2.060657000E-5
1.420423333E+9	2.077222000E-5
1.420426667E+9	1.993697000E-5
1.420430000E+9	2.026397000E-5
1.420433333E+9	2.001883000E-5
1.420436667E+9	2.030934000E-5
1.420440000E+9	2.051159000E-5
1.420443333E+9	2.018820000E-5
1.420446667E+9	2.066201000E-5
1.420450000E+9	1.979413000E-5
1.420453333E+9	2.027897000E-5
1.420456667E+9	1.987381000E-5
1.420460000E+9	1.999935000E-5
1.420463333E+9	2.012576000E-5
1.420466667E+9	2.036313000E-5
1.420470000E+9	2.037243000E-5
1.420473333E+9	2.011637000E-5
1.420476667E+9	1.987914000E-5
1.420480000E+9	1.980282000E-5
1.420483333E+9	1.991778000E-5
1.420486667E+9	2.012903000E-5
1.420490000E+9	2.020674000E-5
1.420493333E+9	2.052682000E-5
1.420496667E+9	2.042679000E-5
1.420500000E+9	2.024798000E-5
1.420503333E+9	2.021832000E-5
1.420506667E+9	2.018973000E-5
1.420510000E+9	2.038358000E-5
1.420513333E+9	2.039060000E-5
1.420516667E+9	2.083421000E-5
1.420520000E+9	2.022334000E-5
1.420523333E+9	1.976336000E-5
1.420526667E+9	2.007789000E-5
1.420530000E+9	2.007582000E-5
1.420533333E+9	2.024811000E-5
1.420536667E+9	1.984002000E-5
1.420540000E+9	2.002406000E-5
1.420543333E+9	2.040754000E-5
1.420546667E+9	1.970875000E-5
1.420550000E+9	1.967956000E-5
1.420553333E+9	1.996104000E-5
1.420556667E+9	1.985806000E-5
1.420560000E+9	2.033545000E-5
1.420563333E+9	2.019840000E-5
1.420566667E+9	2.030825000E-5
1.420570000E+9	2.014345000E-5
1.420573333E+9	1.996374000E-5
1.420576667E+9	1.980074000E-5
1.420580000E+9	1.986247000E-5
1.420583333E+9	2.001540000E-5
1.420586667E+9	2.013315000E-5
1.420590000E+9	2.011998000E-5
1.420593333E+9	2.022782000E-5
1.420596667E+9	2.009238000E-5
1.420600000E+9	1.969928000E-5
1.420603333E+9	2.013359000E-5
1.420606667E+9	2.044676000E-5
1.420610000E+9	2.010394000E-5
1.420613333E+9	1.995570000E-5
1.420616667E+9	1.968451000E-5
1.420620000E+9	2.001708000E-5
1.420623333E+9	2.114417000E-5
1.420626667E+9	2.501244000E-5
1.420630000E+9	2.065632000E-5
1.420633333E+9	2.035729000E-5
1.420636667E+9	2.024142000E-5
1.420640000E+9	1.976108000E-5
1.420643333E+9	1.994785000E-5
1.420646667E+9	1.983771000E-5
1.420650000E+9	1.970168000E-5
1.420653333E+9	1.998813000E-5
1.420656667E+9	2.019935000E-5
1.420660000E+9	1.992872000E-5
1.420663333E+9	1.992183000E-5
1.420666667E+9	1.975650000E-5
1.420670000E+9	1.962068000E-5
1.420673333E+9	1.959805000E-5
1.420676667E+9	1.973484000E-5
1.420680000E+9	1.998157000E-5
1.420683333E+9	1.986236000E-5
1.420686667E+9	1.982591000E-5
1.420690000E+9	1.981970000E-5
1.420693333E+9	1.981720000E-5
1.420696667E+9	1.985525000E-5
1.420700000E+9	2.046648000E-5
1.420703333E+9	1.999717000E-5
1.420706667E+9	1.962477000E-5
1.420710000E+9	2.008287000E-5
1.420713333E+9	1.990314000E-5
1.420716667E+9	1.972951000E-5
1.420720000E+9	1.975997000E-5
1.420723333E+9	1.995327000E-5
1.420726667E+9	1.999974000E-5
1.420730000E+9	1.982615000E-5
1.420733333E+9	1.955743000E-5
1.420736667E+9	1.956836000E-5
1.420740000E+9	1.978526000E-5
1.420743333E+9	1.966761000E-5
1.420746667E+9	1.981037000E-5
1.420750000E+9	2.018848000E-5
1.420753333E+9	1.964690000E-5
1.420756667E+9	1.987573000E-5
1.420760000E+9	1.975115000E-5
1.420763333E+9	1.951808000E-5
1.420766667E+9	1.997165000E-5
1.420770000E+9	2.025665000E-5
1.420773333E+9	1.980615000E-5
1.420776667E+9	1.936650000E-5
1.420780000E+9	1.969030000E-5
1.420783333E+9	1.944948000E-5
1.420786667E+9	1.951738000E-5
1.420790000E+9	2.013171000E-5
1.420793333E+9	2.010564000E-5
1.420796667E+9	2.009384000E-5
1.420800000E+9	1.974434000E-5
1.420803333E+9	1.982874000E-5
1.420806667E+9	1.982702000E-5
1.420810000E+9	1.952973000E-5
1.420813333E+9	2.024560000E-5
1.420816667E+9	1.957893000E-5
1.420820000E+9	1.988874000E-5
1.420823333E+9	1.995421000E-5
1.420826667E+9	2.000651000E-5
1.420830000E+9	1.985429000E-5
1.420833333E+9	1.999799000E-5
1.420836667E+9	1.999237000E-5
1.420840000E+9	2.020862000E-5
1.420843333E+9	2.006082000E-5
1.420846667E+9	1.948601000E-5
1.420850000E+9	1.972728000E-5
1.420853333E+9	1.940584000E-5
1.420856667E+9	1.973588000E-5
1.420860000E+9	1.978172000E-5
1.420863333E+9	1.950941000E-5
1.420866667E+9	1.993603000E-5
1.420870000E+9	1.966232000E-5
1.420873333E+9	1.953273000E-5
1.420876667E+9	1.966101000E-5
1.420880000E+9	1.954450000E-5
1.420883333E+9	1.991647000E-5
1.420886667E+9	2.012621000E-5
1.420890000E+9	2.026860000E-5
1.420893333E+9	1.990277000E-5
1.420896667E+9	2.043574000E-5
1.420900000E+9	2.090249000E-5
1.420903333E+9	1.994540000E-5
1.420906667E+9	1.995160000E-5
1.420910000E+9	2.000299000E-5
1.420913333E+9	2.181224000E-5
1.420916667E+9	2.412052000E-5
1.420920000E+9	3.086028000E-5
1.420923333E+9	2.038044000E-5
1.420926667E+9	2.060200000E-5
1.420930000E+9	2.015599000E-5
1.420933333E+9	1.989901000E-5
1.420936667E+9	1.982475000E-5
1.420940000E+9	1.972988000E-5
1.420943333E+9	1.977597000E-5
1.420946667E+9	1.948817000E-5
1.420950000E+9	1.944869000E-5
1.420953333E+9	1.988741000E-5
1.420956667E+9	2.006388000E-5
1.420960000E+9	1.969839000E-5
1.420963333E+9	1.954206000E-5
1.420966667E+9	1.992612000E-5
1.420970000E+9	1.997655000E-5
1.420973333E+9	1.985392000E-5
1.420976667E+9	1.937722000E-5
1.420980000E+9	1.983817000E-5
1.420983333E+9	2.005212000E-5
1.420986667E+9	1.981818000E-5
1.420990000E+9	1.984647000E-5
1.420993333E+9	1.922492000E-5
1.420996667E+9	1.946121000E-5
1.421000000E+9	1.987757000E-5
1.421003333E+9	1.986635000E-5
1.421006667E+9	1.975043000E-5
1.421010000E+9	1.995920000E-5
1.421013333E+9	1.966403000E-5
1.421016667E+9	1.981553000E-5
1.421020000E+9	1.936036000E-5
1.421023333E+9	1.975724000E-5
1.421026667E+9	1.984618000E-5
1.421030000E+9	2.016399000E-5
1.421033333E+9	1.956415000E-5
1.421036667E+9	1.983050000E-5
1.421040000E+9	1.992030000E-5
1.421043333E+9	1.954470000E-5
1.421046667E+9	1.952619000E-5
1.421050000E+9	1.957397000E-5
1.421053333E+9	1.935995000E-5
1.421056667E+9	1.956974000E-5
1.421060000E+9	1.970072000E-5
1.421063333E+9	1.942701000E-5
1.421066667E+9	1.998633000E-5
1.421070000E+9	1.951164000E-5
1.421073333E+9	2.008667000E-5
1.421076667E+9	2.013927000E-5
1.421080000E+9	1.956378000E-5
1.421083333E+9	1.999596000E-5
1.421086667E+9	1.990196000E-5
1.421090000E+9	1.986301000E-5
1.421093333E+9	1.986982000E-5
1.421096667E+9	2.026366000E-5
1.421100000E+9	2.008859000E-5
1.421103333E+9	1.963695000E-5
1.421106667E+9	1.959289000E-5
1.421110000E+9	1.980656000E-5
1.421113333E+9	1.964556000E-5
1.421116667E+9	2.002136000E-5
1.421120000E+9	1.976091000E-5
1.421123333E+9	2.018922000E-5
1.421126667E+9	2.000985000E-5
1.421130000E+9	1.971983000E-5
1.421133333E+9	1.981496000E-5
1.421136667E+9	1.932156000E-5
1.421140000E+9	1.983039000E-5
1.421143333E+9	1.979154000E-5
1.421146667E+9	1.946901000E-5
1.421150000E+9	1.927890000E-5
1.421153333E+9	1.977580000E-5
1.421156667E+9	1.989894000E-5
1.421160000E+9	2.011414000E-5
1.421163333E+9	2.038046000E-5
1.421166667E+9	2.007284000E-5
1.421170000E+9	1.985290000E-5
1.421173333E+9	1.964905000E-5
1.421176667E+9	1.941197000E-5
1.421180000E+9	2.014692000E-5
1.421183333E+9	1.945636000E-5
1.421186667E+9	1.993910000E-5
1.421190000E+9	2.012245000E-5
1.421193333E+9	1.980152000E-5
1.421196667E+9	1.989698000E-5
1.421200000E+9	1.974906000E-5
1.421203333E+9	1.989182000E-5
1.421206667E+9	2.023695000E-5
1.421210000E+9	2.138389000E-5
1.421213333E+9	2.399184000E-5
1.421216667E+9	2.055135000E-5
1.421220000E+9	1.930233000E-5
1.421223333E+9	1.965311000E-5
1.421226667E+9	1.986731000E-5
1.421230000E+9	2.009483000E-5
1.421233333E+9	2.030803000E-5
1.421236667E+9	1.950063000E-5
1.421240000E+9	1.967630000E-5
1.421243333E+9	2.000102000E-5
1.421246667E+9	1.982882000E-5
1.421250000E+9	1.953337000E-5
1.421253333E+9	1.973094000E-5
1.421256667E+9	1.996078000E-5
1.421260000E+9	2.017123000E-5
1.421263333E+9	1.981181000E-5
1.421266667E+9	1.984760000E-5
1.421270000E+9	2.000873000E-5
1.421273333E+9	1.974059000E-5
1.421276667E+9	1.991175000E-5
1.421280000E+9	1.998863000E-5
1.421283333E+9	1.979067000E-5
1.421286667E+9	1.991765000E-5
1.421290000E+9	1.978867000E-5
1.421293333E+9	1.965447000E-5
1.421296667E+9	2.037720000E-5
1.421300000E+9	2.005520000E-5
1.421303333E+9	1.972848000E-5
1.421306667E+9	2.003797000E-5
1.421310000E+9	2.012632000E-5
1.421313333E+9	1.960841000E-5
1.421316667E+9	1.976216000E-5
1.421320000E+9	1.979935000E-5
1.421323333E+9	1.968797000E-5
1.421326667E+9	1.969123000E-5
1.421330000E+9	2.018720000E-5
1.421333333E+9	2.003403000E-5
1.421336667E+9	2.013671000E-5
1.421340000E+9	1.995318000E-5
1.421343333E+9	2.026691000E-5
1.421346667E+9	1.954955000E-5
1.421350000E+9	1.997613000E-5
1.421353333E+9	1.992419000E-5
1.421356667E+9	1.986635000E-5
1.421360000E+9	1.980378000E-5
1.421363333E+9	2.057669000E-5
1.421366667E+9	2.280178000E-5
1.421370000E+9	2.006126000E-5
1.421373333E+9	2.004133000E-5
1.421376667E+9	2.013635000E-5
1.421380000E+9	2.015867000E-5
1.421383333E+9	1.957674000E-5
1.421386667E+9	1.958175000E-5
1.421390000E+9	1.996655000E-5
1.421393333E+9	1.964659000E-5
1.421396667E+9	1.979926000E-5
1.421400000E+9	2.031768000E-5
