Frequency, Hz	Amplitude, Volts
1.419400000E+9	1.682936000E-5
1.419403333E+9	1.683906000E-5
1.419406667E+9	1.688792000E-5
1.419410000E+9	1.670032000E-5
1.419413333E+9	1.775891000E-5
1.419416667E+9	1.707950000E-5
1.419420000E+9	1.653595000E-5
1.419423333E+9	1.695375000E-5
1.419426667E+9	1.694971000E-5
1.419430000E+9	1.708082000E-5
1.419433333E+9	1.712192000E-5
1.419436667E+9	1.652566000E-5
1.419440000E+9	1.691730000E-5
1.419443333E+9	1.723531000E-5
1.419446667E+9	1.744581000E-5
1.419450000E+9	1.786240000E-5
1.419453333E+9	1.717692000E-5
1.419456667E+9	1.705316000E-5
1.419460000E+9	1.702003000E-5
1.419463333E+9	1.672260000E-5
1.419466667E+9	1.679108000E-5
1.419470000E+9	1.694306000E-5
1.419473333E+9	1.661626000E-5
1.419476667E+9	1.696037000E-5
1.419480000E+9	1.712754000E-5
1.419483333E+9	1.678433000E-5
1.419486667E+9	1.641781000E-5
1.419490000E+9	1.741676000E-5
1.419493333E+9	1.722930000E-5
1.419496667E+9	1.709515000E-5
1.419500000E+9	1.682055000E-5
1.419503333E+9	1.701599000E-5
1.419506667E+9	1.684823000E-5
1.419510000E+9	1.728166000E-5
1.419513333E+9	1.700582000E-5
1.419516667E+9	1.656086000E-5
1.419520000E+9	1.687715000E-5
1.419523333E+9	1.681890000E-5
1.419526667E+9	1.730101000E-5
1.419530000E+9	1.687180000E-5
1.419533333E+9	1.674292000E-5
1.419536667E+9	1.712679000E-5
1.419540000E+9	1.696345000E-5
1.419543333E+9	1.700470000E-5
1.419546667E+9	1.699327000E-5
1.419550000E+9	1.692546000E-5
1.419553333E+9	1.665433000E-5
1.419556667E+9	1.665520000E-5
1.419560000E+9	1.672809000E-5
1.419563333E+9	1.667912000E-5
1.419566667E+9	1.691412000E-5
1.419570000E+9	1.691045000E-5
1.419573333E+9	1.699141000E-5
1.419576667E+9	1.652767000E-5
1.419580000E+9	1.669655000E-5
1.419583333E+9	1.703097000E-5
1.419586667E+9	1.669510000E-5
1.419590000E+9	1.687599000E-5
1.419593333E+9	1.688726000E-5
1.419596667E+9	1.696924000E-5
1.419600000E+9	1.670581000E-5
1.419603333E+9	1.705750000E-5
1.419606667E+9	1.653103000E-5
1.419610000E+9	1.674910000E-5
1.419613333E+9	1.699715000E-5
1.419616667E+9	1.725105000E-5
1.419620000E+9	1.698076000E-5
1.419623333E+9	1.709979000E-5
1.419626667E+9	1.686971000E-5
1.419630000E+9	1.669219000E-5
1.419633333E+9	1.698820000E-5
1.419636667E+9	1.677026000E-5
1.419640000E+9	1.684816000E-5
1.419643333E+9	1.688807000E-5
1.419646667E+9	1.647381000E-5
1.419650000E+9	1.690685000E-5
1.419653333E+9	1.645031000E-5
1.419656667E+9	1.654364000E-5
1.419660000E+9	1.698909000E-5
1.419663333E+9	1.699477000E-5
1.419666667E+9	1.687917000E-5
1.419670000E+9	1.674757000E-5
1.419673333E+9	1.677064000E-5
1.419676667E+9	1.647124000E-5
1.419680000E+9	1.685253000E-5
1.419683333E+9	1.699283000E-5
1.419686667E+9	1.700951000E-5
1.419690000E+9	1.712218000E-5
1.419693333E+9	1.657017000E-5
1.419696667E+9	1.691925000E-5
1.419700000E+9	1.655100000E-5
1.419703333E+9	1.667143000E-5
1.419706667E+9	1.697222000E-5
1.419710000E+9	1.710491000E-5
1.419713333E+9	1.701390000E-5
1.419716667E+9	1.667815000E-5
1.419720000E+9	1.694362000E-5
1.419723333E+9	1.695665000E-5
1.419726667E+9	1.710165000E-5
1.419730000E+9	1.674825000E-5
1.419733333E+9	1.699296000E-5
1.419736667E+9	1.676921000E-5
1.419740000E+9	1.690954000E-5
1.419743333E+9	1.804810000E-5
1.419746667E+9	1.708697000E-5
1.419750000E+9	1.689015000E-5
1.419753333E+9	1.700970000E-5
1.419756667E+9	1.697151000E-5
1.419760000E+9	1.725684000E-5
1.419763333E+9	1.689317000E-5
1.419766667E+9	1.664690000E-5
1.419770000E+9	1.671915000E-5
1.419773333E+9	1.660085000E-5
1.419776667E+9	1.660428000E-5
1.419780000E+9	1.697470000E-5
1.419783333E+9	1.690746000E-5
1.419786667E+9	1.678219000E-5
1.419790000E+9	1.697537000E-5
1.419793333E+9	1.690419000E-5
1.419796667E+9	1.715958000E-5
1.419800000E+9	1.708971000E-5
1.419803333E+9	1.675469000E-5
1.419806667E+9	1.685778000E-5
1.419810000E+9	1.665963000E-5
1.419813333E+9	1.684644000E-5
1.419816667E+9	1.698011000E-5
1.419820000E+9	1.677403000E-5
1.419823333E+9	1.700714000E-5
1.419826667E+9	1.676689000E-5
1.419830000E+9	1.687728000E-5
1.419833333E+9	1.683671000E-5
1.419836667E+9	1.692698000E-5
1.419840000E+9	1.692481000E-5
1.419843333E+9	1.702708000E-5
1.419846667E+9	1.694106000E-5
1.419850000E+9	1.684612000E-5
1.419853333E+9	1.723348000E-5
1.419856667E+9	1.693483000E-5
1.419860000E+9	1.663110000E-5
1.419863333E+9	1.720368000E-5
1.419866667E+9	1.696656000E-5
1.419870000E+9	1.656999000E-5
1.419873333E+9	1.697850000E-5
1.419876667E+9	1.735956000E-5
1.419880000E+9	1.711363000E-5
1.419883333E+9	1.693812000E-5
1.419886667E+9	1.672750000E-5
1.419890000E+9	1.703459000E-5
1.419893333E+9	1.676231000E-5
1.419896667E+9	1.712395000E-5
1.419900000E+9	1.704739000E-5
1.419903333E+9	1.672190000E-5
1.419906667E+9	1.658562000E-5
1.419910000E+9	1.672256000E-5
1.419913333E+9	1.688867000E-5
1.419916667E+9	1.667564000E-5
1.419920000E+9	1.688737000E-5
1.419923333E+9	1.698380000E-5
1.419926667E+9	1.692497000E-5
1.419930000E+9	1.708654000E-5
1.419933333E+9	1.715073000E-5
1.419936667E+9	1.685961000E-5
1.419940000E+9	1.706288000E-5
1.419943333E+9	1.688405000E-5
1.419946667E+9	1.718624000E-5
1.419950000E+9	1.699318000E-5
1.419953333E+9	1.661595000E-5
1.419956667E+9	1.674020000E-5
1.419960000E+9	1.665572000E-5
1.419963333E+9	1.666887000E-5
1.419966667E+9	1.685384000E-5
1.419970000E+9	1.680699000E-5
1.419973333E+9	1.694416000E-5
1.419976667E+9	1.679148000E-5
1.419980000E+9	1.677540000E-5
1.419983333E+9	1.632895000E-5
1.419986667E+9	1.653511000E-5
1.419990000E+9	1.688579000E-5
1.419993333E+9	1.699626000E-5
1.419996667E+9	1.692274000E-5
1.420000000E+9	1.820801000E-5
1.420003333E+9	1.878913000E-5
1.420006667E+9	1.688475000E-5
1.420010000E+9	1.704575000E-5
1.420013333E+9	1.690371000E-5
1.420016667E+9	1.652409000E-5
1.420020000E+9	1.693581000E-5
1.420023333E+9	1.677930000E-5
1.420026667E+9	1.663557000E-5
1.420030000E+9	1.698115000E-5
1.420033333E+9	1.694351000E-5
1.420036667E+9	1.749240000E-5
1.420040000E+9	1.671638000E-5
1.420043333E+9	1.660860000E-5
1.420046667E+9	1.676374000E-5
1.420050000E+9	1.666259000E-5
1.420053333E+9	1.685238000E-5
1.420056667E+9	1.651125000E-5
1.420060000E+9	1.672561000E-5
1.420063333E+9	1.667379000E-5
1.420066667E+9	1.674352000E-5
1.420070000E+9	1.651724000E-5
1.420073333E+9	1.676834000E-5
1.420076667E+9	1.675936000E-5
1.420080000E+9	1.704481000E-5
1.420083333E+9	1.658855000E-5
1.420086667E+9	1.692237000E-5
1.420090000E+9	1.655924000E-5
1.420093333E+9	1.647614000E-5
1.420096667E+9	1.677901000E-5
1.420100000E+9	1.670029000E-5
1.420103333E+9	1.682537000E-5
1.420106667E+9	1.658713000E-5
1.420110000E+9	1.672671000E-5
1.420113333E+9	1.649855000E-5
1.420116667E+9	1.649384000E-5
1.420120000E+9	1.650489000E-5
1.420123333E+9	1.667403000E-5
1.420126667E+9	1.684635000E-5
1.420130000E+9	1.679041000E-5
1.420133333E+9	1.699208000E-5
1.420136667E+9	1.652680000E-5
1.420140000E+9	1.660862000E-5
1.420143333E+9	1.662639000E-5
1.420146667E+9	1.632581000E-5
1.420150000E+9	1.666600000E-5
1.420153333E+9	1.683143000E-5
1.420156667E+9	1.692709000E-5
1.420160000E+9	1.634136000E-5
1.420163333E+9	1.644509000E-5
1.420166667E+9	1.680740000E-5
1.420170000E+9	1.659335000E-5
1.420173333E+9	1.675862000E-5
1.420176667E+9	1.628026000E-5
1.420180000E+9	1.661973000E-5
1.420183333E+9	1.673915000E-5
1.420186667E+9	1.665367000E-5
1.420190000E+9	1.679034000E-5
1.420193333E+9	1.662849000E-5
1.420196667E+9	1.698320000E-5
1.420200000E+9	1.647041000E-5
1.420203333E+9	1.632653000E-5
1.420206667E+9	1.674830000E-5
1.420210000E+9	1.626611000E-5
1.420213333E+9	1.648273000E-5
1.420216667E+9	1.688764000E-5
1.420220000E+9	1.652141000E-5
1.420223333E+9	1.655411000E-5
1.420226667E+9	1.664193000E-5
1.420230000E+9	1.609264000E-5
1.420233333E+9	1.652896000E-5
1.420236667E+9	1.641116000E-5
1.420240000E+9	1.628212000E-5
1.420243333E+9	1.669532000E-5
1.420246667E+9	1.677809000E-5
1.420250000E+9	1.652611000E-5
1.420253333E+9	1.660412000E-5
1.420256667E+9	1.637046000E-5
1.420260000E+9	1.695563000E-5
1.420263333E+9	1.700561000E-5
1.420266667E+9	1.649136000E-5
1.420270000E+9	1.631080000E-5
1.420273333E+9	1.681333000E-5
1.420276667E+9	1.674294000E-5
1.420280000E+9	1.640531000E-5
1.420283333E+9	1.650944000E-5
1.420286667E+9	1.672216000E-5
1.420290000E+9	1.688025000E-5
1.420293333E+9	1.662385000E-5
1.420296667E+9	1.723454000E-5
1.420300000E+9	1.674330000E-5
1.420303333E+9	1.684363000E-5
1.420306667E+9	1.643836000E-5
1.420310000E+9	1.656106000E-5
1.420313333E+9	1.666933000E-5
1.420316667E+9	1.664842000E-5
1.420320000E+9	1.672919000E-5
1.420323333E+9	1.671353000E-5
1.420326667E+9	1.718109000E-5
1.420330000E+9	1.750827000E-5
1.420333333E+9	1.671687000E-5
1.420336667E+9	1.681720000E-5
1.420340000E+9	1.629845000E-5
1.420343333E+9	1.679997000E-5
1.420346667E+9	1.646102000E-5
1.420350000E+9	1.641167000E-5
1.420353333E+9	1.660149000E-5
1.420356667E+9	1.613517000E-5
1.420360000E+9	1.649770000E-5
1.420363333E+9	1.656433000E-5
1.420366667E+9	1.681331000E-5
1.420370000E+9	1.679755000E-5
1.420373333E+9	1.671023000E-5
1.420376667E+9	1.671821000E-5
1.420380000E+9	1.648088000E-5
1.420383333E+9	1.681464000E-5
1.420386667E+9	1.673832000E-5
1.420390000E+9	1.654679000E-5
1.420393333E+9	1.664998000E-5
1.420396667E+9	1.675103000E-5
1.420400000E+9	1.696619000E-5
1.420403333E+9	1.681955000E-5
1.420406667E+9	1.674391000E-5
1.420410000E+9	1.681864000E-5
1.420413333E+9	1.685874000E-5
1.420416667E+9	1.713540000E-5
1.420420000E+9	1.678680000E-5
1.420423333E+9	1.695726000E-5
1.420426667E+9	1.639031000E-5
1.420430000E+9	1.650843000E-5
1.420433333E+9	1.705608000E-5
1.420436667E+9	1.680083000E-5
1.420440000E+9	1.706655000E-5
1.420443333E+9	1.676956000E-5
1.420446667E+9	1.692553000E-5
1.420450000E+9	1.663652000E-5
1.420453333E+9	1.657421000E-5
1.420456667E+9	1.683891000E-5
1.420460000E+9	1.728246000E-5
1.420463333E+9	1.716263000E-5
1.420466667E+9	1.724461000E-5
1.420470000E+9	1.709797000E-5
1.420473333E+9	1.757290000E-5
1.420476667E+9	1.764157000E-5
1.420480000E+9	1.772173000E-5
1.420483333E+9	1.753002000E-5
1.420486667E+9	1.782333000E-5
1.420490000E+9	1.779002000E-5
1.420493333E+9	1.785777000E-5
1.420496667E+9	1.790408000E-5
1.420500000E+9	1.832709000E-5
1.420503333E+9	1.852623000E-5
1.420506667E+9	1.826995000E-5
1.420510000E+9	1.874491000E-5
1.420513333E+9	1.817328000E-5
1.420516667E+9	1.831333000E-5
1.420520000E+9	1.824143000E-5
1.420523333E+9	1.852313000E-5
1.420526667E+9	1.837163000E-5
1.420530000E+9	1.846660000E-5
1.420533333E+9	1.818422000E-5
1.420536667E+9	1.845361000E-5
1.420540000E+9	1.839876000E-5
1.420543333E+9	1.865384000E-5
1.420546667E+9	1.857411000E-5
1.420550000E+9	1.835306000E-5
1.420553333E+9	1.852576000E-5
1.420556667E+9	1.811083000E-5
1.420560000E+9	1.821469000E-5
1.420563333E+9	1.795194000E-5
1.420566667E+9	1.811087000E-5
1.420570000E+9	1.810811000E-5
1.420573333E+9	1.788827000E-5
1.420576667E+9	1.808152000E-5
1.420580000E+9	1.781412000E-5
1.420583333E+9	1.784246000E-5
1.420586667E+9	1.803412000E-5
1.420590000E+9	1.831391000E-5
1.420593333E+9	1.831954000E-5
1.420596667E+9	1.813738000E-5
1.420600000E+9	1.806847000E-5
1.420603333E+9	1.818436000E-5
1.420606667E+9	1.757514000E-5
1.420610000E+9	1.810431000E-5
1.420613333E+9	1.790723000E-5
1.420616667E+9	1.811007000E-5
1.420620000E+9	1.887952000E-5
1.420623333E+9	1.875669000E-5
1.420626667E+9	1.819906000E-5
1.420630000E+9	1.833995000E-5
1.420633333E+9	1.832991000E-5
1.420636667E+9	1.832671000E-5
1.420640000E+9	1.825613000E-5
1.420643333E+9	1.815379000E-5
1.420646667E+9	1.839000000E-5
1.420650000E+9	1.801061000E-5
1.420653333E+9	1.856159000E-5
1.420656667E+9	1.886406000E-5
1.420660000E+9	1.845237000E-5
1.420663333E+9	1.852387000E-5
1.420666667E+9	1.848181000E-5
1.420670000E+9	1.881868000E-5
1.420673333E+9	1.904292000E-5
1.420676667E+9	1.861836000E-5
1.420680000E+9	1.886893000E-5
1.420683333E+9	1.844298000E-5
1.420686667E+9	1.854772000E-5
1.420690000E+9	1.810831000E-5
1.420693333E+9	1.816486000E-5
1.420696667E+9	1.811190000E-5
1.420700000E+9	1.829866000E-5
1.420703333E+9	1.801136000E-5
1.420706667E+9	1.778809000E-5
1.420710000E+9	1.794145000E-5
1.420713333E+9	1.753605000E-5
1.420716667E+9	1.768501000E-5
1.420720000E+9	1.768105000E-5
1.420723333E+9	1.777305000E-5
1.420726667E+9	1.755248000E-5
1.420730000E+9	1.800990000E-5
1.420733333E+9	1.764912000E-5
1.420736667E+9	1.801118000E-5
1.420740000E+9	1.781019000E-5
1.420743333E+9	1.774135000E-5
1.420746667E+9	1.762701000E-5
1.420750000E+9	1.747268000E-5
1.420753333E+9	1.689334000E-5
1.420756667E+9	1.756227000E-5
1.420760000E+9	1.783434000E-5
1.420763333E+9	1.729884000E-5
1.420766667E+9	1.706621000E-5
1.420770000E+9	1.725029000E-5
1.420773333E+9	1.717219000E-5
1.420776667E+9	1.706237000E-5
1.420780000E+9	1.731509000E-5
1.420783333E+9	1.712829000E-5
1.420786667E+9	1.712010000E-5
1.420790000E+9	1.709016000E-5
1.420793333E+9	1.713704000E-5
1.420796667E+9	1.703512000E-5
1.420800000E+9	1.715023000E-5
1.420803333E+9	1.697850000E-5
1.420806667E+9	1.660734000E-5
1.420810000E+9	1.717645000E-5
1.420813333E+9	1.700119000E-5
1.420816667E+9	1.676952000E-5
1.420820000E+9	1.698085000E-5
1.420823333E+9	1.712673000E-5
1.420826667E+9	1.668119000E-5
1.420830000E+9	1.683594000E-5
1.420833333E+9	1.672126000E-5
1.420836667E+9	1.669383000E-5
1.420840000E+9	1.688073000E-5
1.420843333E+9	1.710662000E-5
1.420846667E+9	1.701233000E-5
1.420850000E+9	1.676934000E-5
1.420853333E+9	1.657923000E-5
1.420856667E+9	1.665778000E-5
1.420860000E+9	1.660844000E-5
1.420863333E+9	1.694260000E-5
1.420866667E+9	1.694535000E-5
1.420870000E+9	1.660935000E-5
1.420873333E+9	1.658231000E-5
1.420876667E+9	1.669750000E-5
1.420880000E+9	1.709733000E-5
1.420883333E+9	1.867082000E-5
1.420886667E+9	1.773463000E-5
1.420890000E+9	1.679206000E-5
1.420893333E+9	1.664559000E-5
1.420896667E+9	1.673231000E-5
1.420900000E+9	1.667096000E-5
1.420903333E+9	1.661250000E-5
1.420906667E+9	1.679318000E-5
1.420910000E+9	1.683982000E-5
1.420913333E+9	1.877659000E-5
1.420916667E+9	1.843917000E-5
1.420920000E+9	1.672242000E-5
1.420923333E+9	1.677125000E-5
1.420926667E+9	1.691882000E-5
1.420930000E+9	1.671904000E-5
1.420933333E+9	1.677210000E-5
1.420936667E+9	1.669156000E-5
1.420940000E+9	1.690922000E-5
1.420943333E+9	1.657421000E-5
1.420946667E+9	1.659340000E-5
1.420950000E+9	1.696293000E-5
1.420953333E+9	1.652395000E-5
1.420956667E+9	1.666655000E-5
1.420960000E+9	1.649288000E-5
1.420963333E+9	1.660855000E-5
1.420966667E+9	1.682790000E-5
1.420970000E+9	1.676761000E-5
1.420973333E+9	1.692176000E-5
1.420976667E+9	1.680963000E-5
1.420980000E+9	1.659176000E-5
1.420983333E+9	1.652163000E-5
1.420986667E+9	1.664941000E-5
1.420990000E+9	1.677319000E-5
1.420993333E+9	1.704751000E-5
1.420996667E+9	1.700380000E-5
1.421000000E+9	1.637150000E-5
1.421003333E+9	1.668365000E-5
1.421006667E+9	1.692616000E-5
1.421010000E+9	1.659748000E-5
1.421013333E+9	1.669911000E-5
1.421016667E+9	1.689469000E-5
1.421020000E+9	1.672789000E-5
1.421023333E+9	1.636544000E-5
1.421026667E+9	1.664610000E-5
1.421030000E+9	1.658060000E-5
1.421033333E+9	1.695840000E-5
1.421036667E+9	1.636054000E-5
1.421040000E+9	1.656395000E-5
1.421043333E+9	1.646216000E-5
1.421046667E+9	1.647949000E-5
1.421050000E+9	1.681015000E-5
1.421053333E+9	1.660486000E-5
1.421056667E+9	1.664667000E-5
1.421060000E+9	1.650036000E-5
1.421063333E+9	1.694718000E-5
1.421066667E+9	1.698240000E-5
1.421070000E+9	1.620384000E-5
1.421073333E+9	1.666483000E-5
1.421076667E+9	1.680063000E-5
1.421080000E+9	1.672394000E-5
1.421083333E+9	1.674759000E-5
1.421086667E+9	1.666192000E-5
1.421090000E+9	1.663004000E-5
1.421093333E+9	1.649683000E-5
1.421096667E+9	1.684947000E-5
1.421100000E+9	1.667035000E-5
1.421103333E+9	1.703918000E-5
1.421106667E+9	1.690343000E-5
1.421110000E+9	1.716591000E-5
1.421113333E+9	1.651586000E-5
1.421116667E+9	1.641524000E-5
1.421120000E+9	1.664447000E-5
1.421123333E+9	1.687801000E-5
1.421126667E+9	1.686328000E-5
1.421130000E+9	1.662752000E-5
1.421133333E+9	1.680956000E-5
1.421136667E+9	1.669572000E-5
1.421140000E+9	1.691576000E-5
1.421143333E+9	1.663742000E-5
1.421146667E+9	1.686109000E-5
1.421150000E+9	1.645880000E-5
1.421153333E+9	1.677304000E-5
1.421156667E+9	1.692516000E-5
1.421160000E+9	1.707626000E-5
1.421163333E+9	1.665182000E-5
1.421166667E+9	1.693137000E-5
1.421170000E+9	1.689436000E-5
1.421173333E+9	1.669842000E-5
1.421176667E+9	1.780147000E-5
1.421180000E+9	1.860769000E-5
1.421183333E+9	1.664552000E-5
1.421186667E+9	1.684359000E-5
1.421190000E+9	1.691182000E-5
1.421193333E+9	1.693181000E-5
1.421196667E+9	1.683834000E-5
1.421200000E+9	1.642504000E-5
1.421203333E+9	1.658961000E-5
1.421206667E+9	1.758448000E-5
1.421210000E+9	1.716423000E-5
1.421213333E+9	1.675211000E-5
1.421216667E+9	1.673040000E-5
1.421220000E+9	1.658258000E-5
1.421223333E+9	1.672383000E-5
1.421226667E+9	1.663473000E-5
1.421230000E+9	1.667491000E-5
1.421233333E+9	1.659595000E-5
1.421236667E+9	1.658375000E-5
1.421240000E+9	1.648056000E-5
1.421243333E+9	1.642035000E-5
1.421246667E+9	1.668006000E-5
1.421250000E+9	1.655753000E-5
1.421253333E+9	1.717673000E-5
1.421256667E+9	1.642156000E-5
1.421260000E+9	1.676194000E-5
1.421263333E+9	1.677845000E-5
1.421266667E+9	1.687823000E-5
1.421270000E+9	1.670918000E-5
1.421273333E+9	1.649558000E-5
1.421276667E+9	1.691496000E-5
1.421280000E+9	1.646665000E-5
1.421283333E+9	1.657181000E-5
1.421286667E+9	1.666823000E-5
1.421290000E+9	1.654748000E-5
1.421293333E+9	1.637869000E-5
1.421296667E+9	1.675345000E-5
1.421300000E+9	1.662652000E-5
1.421303333E+9	1.648461000E-5
1.421306667E+9	1.644265000E-5
1.421310000E+9	1.645840000E-5
1.421313333E+9	1.687597000E-5
1.421316667E+9	1.657246000E-5
1.421320000E+9	1.663505000E-5
1.421323333E+9	1.660590000E-5
1.421326667E+9	1.686613000E-5
1.421330000E+9	1.656900000E-5
1.421333333E+9	1.611924000E-5
1.421336667E+9	1.668577000E-5
1.421340000E+9	1.661407000E-5
1.421343333E+9	1.650388000E-5
1.421346667E+9	1.670715000E-5
1.421350000E+9	1.622166000E-5
1.421353333E+9	1.666431000E-5
1.421356667E+9	1.695053000E-5
1.421360000E+9	1.653203000E-5
1.421363333E+9	1.662128000E-5
1.421366667E+9	1.684931000E-5
1.421370000E+9	1.673898000E-5
1.421373333E+9	1.650901000E-5
1.421376667E+9	1.656057000E-5
1.421380000E+9	1.661900000E-5
1.421383333E+9	1.691650000E-5
1.421386667E+9	1.652990000E-5
1.421390000E+9	1.643451000E-5
1.421393333E+9	1.672135000E-5
1.421396667E+9	1.689972000E-5
1.421400000E+9	1.664360000E-5
