Frequency, Hz	Amplitude, Volts
1.419400000E+9	1.709220000E-5
1.419403333E+9	1.650944000E-5
1.419406667E+9	1.620610000E-5
1.419410000E+9	1.639116000E-5
1.419413333E+9	1.778746000E-5
1.419416667E+9	1.679281000E-5
1.419420000E+9	1.646036000E-5
1.419423333E+9	1.639740000E-5
1.419426667E+9	1.625266000E-5
1.419430000E+9	1.650045000E-5
1.419433333E+9	1.620940000E-5
1.419436667E+9	1.647591000E-5
1.419440000E+9	1.719318000E-5
1.419443333E+9	1.656500000E-5
1.419446667E+9	1.826157000E-5
1.419450000E+9	2.241246000E-5
1.419453333E+9	1.751323000E-5
1.419456667E+9	1.647368000E-5
1.419460000E+9	1.639441000E-5
1.419463333E+9	1.650453000E-5
1.419466667E+9	1.624284000E-5
1.419470000E+9	1.651878000E-5
1.419473333E+9	1.643237000E-5
1.419476667E+9	1.643758000E-5
1.419480000E+9	1.648287000E-5
1.419483333E+9	1.622444000E-5
1.419486667E+9	1.638488000E-5
1.419490000E+9	1.655413000E-5
1.419493333E+9	1.675064000E-5
1.419496667E+9	1.648711000E-5
1.419500000E+9	1.605116000E-5
1.419503333E+9	1.648582000E-5
1.419506667E+9	1.599366000E-5
1.419510000E+9	1.643260000E-5
1.419513333E+9	1.642055000E-5
1.419516667E+9	1.639819000E-5
1.419520000E+9	1.648066000E-5
1.419523333E+9	1.667775000E-5
1.419526667E+9	1.619150000E-5
1.419530000E+9	1.602779000E-5
1.419533333E+9	1.662705000E-5
1.419536667E+9	1.640488000E-5
1.419540000E+9	1.681039000E-5
1.419543333E+9	1.645009000E-5
1.419546667E+9	1.621150000E-5
1.419550000E+9	1.654573000E-5
1.419553333E+9	1.621725000E-5
1.419556667E+9	1.639845000E-5
1.419560000E+9	1.660322000E-5
1.419563333E+9	1.649011000E-5
1.419566667E+9	1.635608000E-5
1.419570000E+9	1.638105000E-5
1.419573333E+9	1.600654000E-5
1.419576667E+9	1.626989000E-5
1.419580000E+9	1.611248000E-5
1.419583333E+9	1.610447000E-5
1.419586667E+9	1.665244000E-5
1.419590000E+9	1.657847000E-5
1.419593333E+9	1.645177000E-5
1.419596667E+9	1.658116000E-5
1.419600000E+9	1.618395000E-5
1.419603333E+9	1.668581000E-5
1.419606667E+9	1.620877000E-5
1.419610000E+9	1.672311000E-5
1.419613333E+9	1.629966000E-5
1.419616667E+9	1.605651000E-5
1.419620000E+9	1.630570000E-5
1.419623333E+9	1.643695000E-5
1.419626667E+9	1.630477000E-5
1.419630000E+9	1.649743000E-5
1.419633333E+9	1.659894000E-5
1.419636667E+9	1.652117000E-5
1.419640000E+9	1.652341000E-5
1.419643333E+9	1.633872000E-5
1.419646667E+9	1.637441000E-5
1.419650000E+9	1.648890000E-5
1.419653333E+9	1.651155000E-5
1.419656667E+9	1.638999000E-5
1.419660000E+9	1.614636000E-5
1.419663333E+9	1.590582000E-5
1.419666667E+9	1.603020000E-5
1.419670000E+9	1.642450000E-5
1.419673333E+9	1.615121000E-5
1.419676667E+9	1.638605000E-5
1.419680000E+9	1.691804000E-5
1.419683333E+9	1.628866000E-5
1.419686667E+9	1.616608000E-5
1.419690000E+9	1.625832000E-5
1.419693333E+9	1.613851000E-5
1.419696667E+9	1.629115000E-5
1.419700000E+9	1.627179000E-5
1.419703333E+9	1.634366000E-5
1.419706667E+9	1.652847000E-5
1.419710000E+9	1.655966000E-5
1.419713333E+9	1.622966000E-5
1.419716667E+9	1.602603000E-5
1.419720000E+9	1.645985000E-5
1.419723333E+9	1.653444000E-5
1.419726667E+9	1.647323000E-5
1.419730000E+9	1.667722000E-5
1.419733333E+9	1.749405000E-5
1.419736667E+9	1.661338000E-5
1.419740000E+9	1.798899000E-5
1.419743333E+9	2.223862000E-5
1.419746667E+9	1.740622000E-5
1.419750000E+9	1.657417000E-5
1.419753333E+9	1.647547000E-5
1.419756667E+9	1.642953000E-5
1.419760000E+9	1.662906000E-5
1.419763333E+9	1.606448000E-5
1.419766667E+9	1.630434000E-5
1.419770000E+9	1.656389000E-5
1.419773333E+9	1.646034000E-5
1.419776667E+9	1.643035000E-5
1.419780000E+9	1.636232000E-5
1.419783333E+9	1.624064000E-5
1.419786667E+9	1.622088000E-5
1.419790000E+9	1.647828000E-5
1.419793333E+9	1.659903000E-5
1.419796667E+9	1.641315000E-5
1.419800000E+9	1.630652000E-5
1.419803333E+9	1.630711000E-5
1.419806667E+9	1.633932000E-5
1.419810000E+9	1.614414000E-5
1.419813333E+9	1.623198000E-5
1.419816667E+9	1.630015000E-5
1.419820000E+9	1.639290000E-5
1.419823333E+9	1.681187000E-5
1.419826667E+9	1.637628000E-5
1.419830000E+9	1.617521000E-5
1.419833333E+9	1.605415000E-5
1.419836667E+9	1.638565000E-5
1.419840000E+9	1.629460000E-5
1.419843333E+9	1.634949000E-5
1.419846667E+9	1.608593000E-5
1.419850000E+9	1.604219000E-5
1.419853333E+9	1.659763000E-5
1.419856667E+9	1.634486000E-5
1.419860000E+9	1.624440000E-5
1.419863333E+9	1.611571000E-5
1.419866667E+9	1.677389000E-5
1.419870000E+9	1.678477000E-5
1.419873333E+9	1.633254000E-5
1.419876667E+9	1.629134000E-5
1.419880000E+9	1.628196000E-5
1.419883333E+9	1.620763000E-5
1.419886667E+9	1.665985000E-5
1.419890000E+9	1.650551000E-5
1.419893333E+9	1.614481000E-5
1.419896667E+9	1.654697000E-5
1.419900000E+9	1.623717000E-5
1.419903333E+9	1.654386000E-5
1.419906667E+9	1.634402000E-5
1.419910000E+9	1.658588000E-5
1.419913333E+9	1.668526000E-5
1.419916667E+9	1.649639000E-5
1.419920000E+9	1.638747000E-5
1.419923333E+9	1.611669000E-5
1.419926667E+9	1.592148000E-5
1.419930000E+9	1.609564000E-5
1.419933333E+9	1.643175000E-5
1.419936667E+9	1.652012000E-5
1.419940000E+9	1.622571000E-5
1.419943333E+9	1.620742000E-5
1.419946667E+9	1.608289000E-5
1.419950000E+9	1.644498000E-5
1.419953333E+9	1.601245000E-5
1.419956667E+9	1.611333000E-5
1.419960000E+9	1.618819000E-5
1.419963333E+9	1.611327000E-5
1.419966667E+9	1.645783000E-5
1.419970000E+9	1.613916000E-5
1.419973333E+9	1.647388000E-5
1.419976667E+9	1.603877000E-5
1.419980000E+9	1.648626000E-5
1.419983333E+9	1.641059000E-5
1.419986667E+9	1.626007000E-5
1.419990000E+9	1.676510000E-5
1.419993333E+9	1.629496000E-5
1.419996667E+9	1.633304000E-5
1.420000000E+9	1.678090000E-5
1.420003333E+9	1.820559000E-5
1.420006667E+9	1.695267000E-5
1.420010000E+9	1.633471000E-5
1.420013333E+9	1.612081000E-5
1.420016667E+9	1.613818000E-5
1.420020000E+9	1.618498000E-5
1.420023333E+9	1.642454000E-5
1.420026667E+9	1.723094000E-5
1.420030000E+9	1.620778000E-5
1.420033333E+9	1.783373000E-5
1.420036667E+9	2.047177000E-5
1.420040000E+9	1.684540000E-5
1.420043333E+9	1.636871000E-5
1.420046667E+9	1.589896000E-5
1.420050000E+9	1.623501000E-5
1.420053333E+9	1.657606000E-5
1.420056667E+9	1.645127000E-5
1.420060000E+9	1.624619000E-5
1.420063333E+9	1.625948000E-5
1.420066667E+9	1.627163000E-5
1.420070000E+9	1.607133000E-5
1.420073333E+9	1.623342000E-5
1.420076667E+9	1.626861000E-5
1.420080000E+9	1.639002000E-5
1.420083333E+9	1.619234000E-5
1.420086667E+9	1.585333000E-5
1.420090000E+9	1.596465000E-5
1.420093333E+9	1.619191000E-5
1.420096667E+9	1.611480000E-5
1.420100000E+9	1.652346000E-5
1.420103333E+9	1.610751000E-5
1.420106667E+9	1.626155000E-5
1.420110000E+9	1.627138000E-5
1.420113333E+9	1.588621000E-5
1.420116667E+9	1.596917000E-5
1.420120000E+9	1.614538000E-5
1.420123333E+9	1.615696000E-5
1.420126667E+9	1.597576000E-5
1.420130000E+9	1.597354000E-5
1.420133333E+9	1.611352000E-5
1.420136667E+9	1.595657000E-5
1.420140000E+9	1.631754000E-5
1.420143333E+9	1.658479000E-5
1.420146667E+9	1.663864000E-5
1.420150000E+9	1.664822000E-5
1.420153333E+9	1.599124000E-5
1.420156667E+9	1.587667000E-5
1.420160000E+9	1.629752000E-5
1.420163333E+9	1.636030000E-5
1.420166667E+9	1.621703000E-5
1.420170000E+9	1.642836000E-5
1.420173333E+9	1.628135000E-5
1.420176667E+9	1.587794000E-5
1.420180000E+9	1.610229000E-5
1.420183333E+9	1.650660000E-5
1.420186667E+9	1.609911000E-5
1.420190000E+9	1.634115000E-5
1.420193333E+9	1.624733000E-5
1.420196667E+9	1.598513000E-5
1.420200000E+9	1.608886000E-5
1.420203333E+9	1.608971000E-5
1.420206667E+9	1.623647000E-5
1.420210000E+9	1.632117000E-5
1.420213333E+9	1.631630000E-5
1.420216667E+9	1.628893000E-5
1.420220000E+9	1.593822000E-5
1.420223333E+9	1.599474000E-5
1.420226667E+9	1.633112000E-5
1.420230000E+9	1.613847000E-5
1.420233333E+9	1.621082000E-5
1.420236667E+9	1.615347000E-5
1.420240000E+9	1.639897000E-5
1.420243333E+9	1.604087000E-5
1.420246667E+9	1.585914000E-5
1.420250000E+9	1.592339000E-5
1.420253333E+9	1.611391000E-5
1.420256667E+9	1.609259000E-5
1.420260000E+9	1.617123000E-5
1.420263333E+9	1.636718000E-5
1.420266667E+9	1.708984000E-5
1.420270000E+9	1.596845000E-5
1.420273333E+9	1.620004000E-5
1.420276667E+9	1.585018000E-5
1.420280000E+9	1.619385000E-5
1.420283333E+9	1.623827000E-5
1.420286667E+9	1.639240000E-5
1.420290000E+9	1.598878000E-5
1.420293333E+9	1.641051000E-5
1.420296667E+9	1.774180000E-5
1.420300000E+9	1.668922000E-5
1.420303333E+9	1.602699000E-5
1.420306667E+9	1.621351000E-5
1.420310000E+9	1.669361000E-5
1.420313333E+9	1.623626000E-5
1.420316667E+9	1.639576000E-5
1.420320000E+9	1.707240000E-5
1.420323333E+9	1.624034000E-5
1.420326667E+9	1.802820000E-5
1.420330000E+9	2.012174000E-5
1.420333333E+9	1.698169000E-5
1.420336667E+9	1.630901000E-5
1.420340000E+9	1.620351000E-5
1.420343333E+9	1.642163000E-5
1.420346667E+9	1.625142000E-5
1.420350000E+9	1.647605000E-5
1.420353333E+9	1.628387000E-5
1.420356667E+9	1.611531000E-5
1.420360000E+9	1.580492000E-5
1.420363333E+9	1.629256000E-5
1.420366667E+9	1.653642000E-5
1.420370000E+9	1.611230000E-5
1.420373333E+9	1.654748000E-5
1.420376667E+9	1.659868000E-5
1.420380000E+9	1.684194000E-5
1.420383333E+9	1.664056000E-5
1.420386667E+9	1.650431000E-5
1.420390000E+9	1.662774000E-5
1.420393333E+9	1.696211000E-5
1.420396667E+9	1.673186000E-5
1.420400000E+9	1.719870000E-5
1.420403333E+9	1.749203000E-5
1.420406667E+9	1.665478000E-5
1.420410000E+9	1.654145000E-5
1.420413333E+9	1.690581000E-5
1.420416667E+9	1.750467000E-5
1.420420000E+9	1.717569000E-5
1.420423333E+9	1.718841000E-5
1.420426667E+9	1.758498000E-5
1.420430000E+9	1.796515000E-5
1.420433333E+9	1.770794000E-5
1.420436667E+9	1.807708000E-5
1.420440000E+9	1.819999000E-5
1.420443333E+9	1.851151000E-5
1.420446667E+9	1.854743000E-5
1.420450000E+9	1.876590000E-5
1.420453333E+9	1.888089000E-5
1.420456667E+9	1.908481000E-5
1.420460000E+9	1.857835000E-5
1.420463333E+9	1.929129000E-5
1.420466667E+9	1.909753000E-5
1.420470000E+9	1.933153000E-5
1.420473333E+9	1.935679000E-5
1.420476667E+9	1.889304000E-5
1.420480000E+9	1.930176000E-5
1.420483333E+9	1.926614000E-5
1.420486667E+9	1.900115000E-5
1.420490000E+9	1.891955000E-5
1.420493333E+9	1.890696000E-5
1.420496667E+9	1.925014000E-5
1.420500000E+9	1.867794000E-5
1.420503333E+9	1.864169000E-5
1.420506667E+9	1.847171000E-5
1.420510000E+9	1.886419000E-5
1.420513333E+9	1.850858000E-5
1.420516667E+9	1.819578000E-5
1.420520000E+9	1.813238000E-5
1.420523333E+9	1.795503000E-5
1.420526667E+9	1.759004000E-5
1.420530000E+9	1.749520000E-5
1.420533333E+9	1.762695000E-5
1.420536667E+9	1.752550000E-5
1.420540000E+9	1.756441000E-5
1.420543333E+9	1.749943000E-5
1.420546667E+9	1.760289000E-5
1.420550000E+9	1.728322000E-5
1.420553333E+9	1.741394000E-5
1.420556667E+9	1.709643000E-5
1.420560000E+9	1.678874000E-5
1.420563333E+9	1.709988000E-5
1.420566667E+9	1.747125000E-5
1.420570000E+9	1.692048000E-5
1.420573333E+9	1.710600000E-5
1.420576667E+9	1.656882000E-5
1.420580000E+9	1.683505000E-5
1.420583333E+9	1.649937000E-5
1.420586667E+9	1.656215000E-5
1.420590000E+9	1.717656000E-5
1.420593333E+9	1.664637000E-5
1.420596667E+9	1.660623000E-5
1.420600000E+9	1.687599000E-5
1.420603333E+9	1.745422000E-5
1.420606667E+9	1.636255000E-5
1.420610000E+9	1.687165000E-5
1.420613333E+9	1.765356000E-5
1.420616667E+9	1.623950000E-5
1.420620000E+9	2.005971000E-5
1.420623333E+9	2.099445000E-5
1.420626667E+9	1.681080000E-5
1.420630000E+9	1.622651000E-5
1.420633333E+9	1.659952000E-5
1.420636667E+9	1.678829000E-5
1.420640000E+9	1.643911000E-5
1.420643333E+9	1.645101000E-5
1.420646667E+9	1.616724000E-5
1.420650000E+9	1.630188000E-5
1.420653333E+9	1.630294000E-5
1.420656667E+9	1.615599000E-5
1.420660000E+9	1.659597000E-5
1.420663333E+9	1.634698000E-5
1.420666667E+9	1.647035000E-5
1.420670000E+9	1.610760000E-5
1.420673333E+9	1.617175000E-5
1.420676667E+9	1.616976000E-5
1.420680000E+9	1.652047000E-5
1.420683333E+9	1.634732000E-5
1.420686667E+9	1.617668000E-5
1.420690000E+9	1.600274000E-5
1.420693333E+9	1.618686000E-5
1.420696667E+9	1.612071000E-5
1.420700000E+9	1.613973000E-5
1.420703333E+9	1.632942000E-5
1.420706667E+9	1.647379000E-5
1.420710000E+9	1.606417000E-5
1.420713333E+9	1.618587000E-5
1.420716667E+9	1.626389000E-5
1.420720000E+9	1.620632000E-5
1.420723333E+9	1.596039000E-5
1.420726667E+9	1.614974000E-5
1.420730000E+9	1.633611000E-5
1.420733333E+9	1.623367000E-5
1.420736667E+9	1.661447000E-5
1.420740000E+9	1.641706000E-5
1.420743333E+9	1.619099000E-5
1.420746667E+9	1.621915000E-5
1.420750000E+9	1.647598000E-5
1.420753333E+9	1.629759000E-5
1.420756667E+9	1.620763000E-5
1.420760000E+9	1.625475000E-5
1.420763333E+9	1.595667000E-5
1.420766667E+9	1.615948000E-5
1.420770000E+9	1.627611000E-5
1.420773333E+9	1.607440000E-5
1.420776667E+9	1.598447000E-5
1.420780000E+9	1.640003000E-5
1.420783333E+9	1.619244000E-5
1.420786667E+9	1.622920000E-5
1.420790000E+9	1.617663000E-5
1.420793333E+9	1.630622000E-5
1.420796667E+9	1.651038000E-5
1.420800000E+9	1.652805000E-5
1.420803333E+9	1.649687000E-5
1.420806667E+9	1.630328000E-5
1.420810000E+9	1.640853000E-5
1.420813333E+9	1.633935000E-5
1.420816667E+9	1.620425000E-5
1.420820000E+9	1.605863000E-5
1.420823333E+9	1.637597000E-5
1.420826667E+9	1.603086000E-5
1.420830000E+9	1.620827000E-5
1.420833333E+9	1.644330000E-5
1.420836667E+9	1.618032000E-5
1.420840000E+9	1.611490000E-5
1.420843333E+9	1.622230000E-5
1.420846667E+9	1.634027000E-5
1.420850000E+9	1.615730000E-5
1.420853333E+9	1.619956000E-5
1.420856667E+9	1.577911000E-5
1.420860000E+9	1.646335000E-5
1.420863333E+9	1.583605000E-5
1.420866667E+9	1.594762000E-5
1.420870000E+9	1.677050000E-5
1.420873333E+9	1.643874000E-5
1.420876667E+9	1.629485000E-5
1.420880000E+9	1.613517000E-5
1.420883333E+9	1.894693000E-5
1.420886667E+9	1.794973000E-5
1.420890000E+9	1.629836000E-5
1.420893333E+9	1.651702000E-5
1.420896667E+9	1.627013000E-5
1.420900000E+9	1.659887000E-5
1.420903333E+9	1.754820000E-5
1.420906667E+9	1.945546000E-5
1.420910000E+9	1.672047000E-5
1.420913333E+9	2.668224000E-5
1.420916667E+9	2.513368000E-5
1.420920000E+9	1.736636000E-5
1.420923333E+9	1.644553000E-5
1.420926667E+9	1.630896000E-5
1.420930000E+9	1.617501000E-5
1.420933333E+9	1.651486000E-5
1.420936667E+9	1.633840000E-5
1.420940000E+9	1.645215000E-5
1.420943333E+9	1.621484000E-5
1.420946667E+9	1.605983000E-5
1.420950000E+9	1.594667000E-5
1.420953333E+9	1.653288000E-5
1.420956667E+9	1.600167000E-5
1.420960000E+9	1.629809000E-5
1.420963333E+9	1.635369000E-5
1.420966667E+9	1.606649000E-5
1.420970000E+9	1.657630000E-5
1.420973333E+9	1.613966000E-5
1.420976667E+9	1.644330000E-5
1.420980000E+9	1.665943000E-5
1.420983333E+9	1.629174000E-5
1.420986667E+9	1.677287000E-5
1.420990000E+9	1.664018000E-5
1.420993333E+9	1.657994000E-5
1.420996667E+9	1.623552000E-5
1.421000000E+9	1.611763000E-5
1.421003333E+9	1.628836000E-5
1.421006667E+9	1.629020000E-5
1.421010000E+9	1.641666000E-5
1.421013333E+9	1.626521000E-5
1.421016667E+9	1.650024000E-5
1.421020000E+9	1.627518000E-5
1.421023333E+9	1.606364000E-5
1.421026667E+9	1.625356000E-5
1.421030000E+9	1.670069000E-5
1.421033333E+9	1.663417000E-5
1.421036667E+9	1.591713000E-5
1.421040000E+9	1.619506000E-5
1.421043333E+9	1.680844000E-5
1.421046667E+9	1.640599000E-5
1.421050000E+9	1.619714000E-5
1.421053333E+9	1.594632000E-5
1.421056667E+9	1.604423000E-5
1.421060000E+9	1.653941000E-5
1.421063333E+9	1.609101000E-5
1.421066667E+9	1.624917000E-5
1.421070000E+9	1.630767000E-5
1.421073333E+9	1.614005000E-5
1.421076667E+9	1.624405000E-5
1.421080000E+9	1.637261000E-5
1.421083333E+9	1.656377000E-5
1.421086667E+9	1.650482000E-5
1.421090000E+9	1.643960000E-5
1.421093333E+9	1.612524000E-5
1.421096667E+9	1.670843000E-5
1.421100000E+9	1.663085000E-5
1.421103333E+9	1.673206000E-5
1.421106667E+9	1.650509000E-5
1.421110000E+9	1.635903000E-5
1.421113333E+9	1.631003000E-5
1.421116667E+9	1.641693000E-5
1.421120000E+9	1.651619000E-5
1.421123333E+9	1.625736000E-5
1.421126667E+9	1.680869000E-5
1.421130000E+9	1.645284000E-5
1.421133333E+9	1.645877000E-5
1.421136667E+9	1.678247000E-5
1.421140000E+9	1.645082000E-5
1.421143333E+9	1.628362000E-5
1.421146667E+9	1.650460000E-5
1.421150000E+9	1.635614000E-5
1.421153333E+9	1.663041000E-5
1.421156667E+9	1.629893000E-5
1.421160000E+9	1.627865000E-5
1.421163333E+9	1.642499000E-5
1.421166667E+9	1.679242000E-5
1.421170000E+9	1.641888000E-5
1.421173333E+9	1.671070000E-5
1.421176667E+9	1.855432000E-5
1.421180000E+9	2.027027000E-5
1.421183333E+9	1.655722000E-5
1.421186667E+9	1.653745000E-5
1.421190000E+9	1.639981000E-5
1.421193333E+9	1.647281000E-5
1.421196667E+9	1.696851000E-5
1.421200000E+9	1.709230000E-5
1.421203333E+9	1.686678000E-5
1.421206667E+9	2.128843000E-5
1.421210000E+9	1.945924000E-5
1.421213333E+9	1.673345000E-5
1.421216667E+9	1.672811000E-5
1.421220000E+9	1.686071000E-5
1.421223333E+9	1.631134000E-5
1.421226667E+9	1.615696000E-5
1.421230000E+9	1.631229000E-5
1.421233333E+9	1.633620000E-5
1.421236667E+9	1.641763000E-5
1.421240000E+9	1.651557000E-5
1.421243333E+9	1.638921000E-5
1.421246667E+9	1.639438000E-5
1.421250000E+9	1.651706000E-5
1.421253333E+9	1.650596000E-5
1.421256667E+9	1.664643000E-5
1.421260000E+9	1.642672000E-5
1.421263333E+9	1.651510000E-5
1.421266667E+9	1.681460000E-5
1.421270000E+9	1.601097000E-5
1.421273333E+9	1.621680000E-5
1.421276667E+9	1.654844000E-5
1.421280000E+9	1.664294000E-5
1.421283333E+9	1.674875000E-5
1.421286667E+9	1.681960000E-5
1.421290000E+9	1.679655000E-5
1.421293333E+9	1.660802000E-5
1.421296667E+9	1.658040000E-5
1.421300000E+9	1.701530000E-5
1.421303333E+9	1.650268000E-5
1.421306667E+9	1.676880000E-5
1.421310000E+9	1.633395000E-5
1.421313333E+9	1.663192000E-5
1.421316667E+9	1.657286000E-5
1.421320000E+9	1.639485000E-5
1.421323333E+9	1.667914000E-5
1.421326667E+9	1.664935000E-5
1.421330000E+9	1.705460000E-5
1.421333333E+9	1.687221000E-5
1.421336667E+9	1.696700000E-5
1.421340000E+9	1.740041000E-5
1.421343333E+9	1.804075000E-5
1.421346667E+9	2.095695000E-5
1.421350000E+9	1.919400000E-5
1.421353333E+9	1.719972000E-5
1.421356667E+9	1.706829000E-5
1.421360000E+9	1.745824000E-5
1.421363333E+9	1.708391000E-5
1.421366667E+9	1.795738000E-5
1.421370000E+9	1.670682000E-5
1.421373333E+9	1.675686000E-5
1.421376667E+9	1.652731000E-5
1.421380000E+9	1.690965000E-5
1.421383333E+9	1.704792000E-5
1.421386667E+9	1.697530000E-5
1.421390000E+9	1.666918000E-5
1.421393333E+9	1.675625000E-5
1.421396667E+9	1.650174000E-5
1.421400000E+9	1.672473000E-5
