Frequency, Hz	Amplitude, Volts
1.419400000E+9	2.463751000E-5
1.419403333E+9	2.382015000E-5
1.419406667E+9	2.373632000E-5
1.419410000E+9	2.364764000E-5
1.419413333E+9	2.419149000E-5
1.419416667E+9	2.415622000E-5
1.419420000E+9	2.434185000E-5
1.419423333E+9	2.401867000E-5
1.419426667E+9	2.357899000E-5
1.419430000E+9	2.413607000E-5
1.419433333E+9	2.405469000E-5
1.419436667E+9	2.420146000E-5
1.419440000E+9	2.773678000E-5
1.419443333E+9	2.465875000E-5
1.419446667E+9	2.500937000E-5
1.419450000E+9	3.018523000E-5
1.419453333E+9	2.798585000E-5
1.419456667E+9	2.592838000E-5
1.419460000E+9	2.389195000E-5
1.419463333E+9	2.393753000E-5
1.419466667E+9	2.408027000E-5
1.419470000E+9	2.364232000E-5
1.419473333E+9	2.421145000E-5
1.419476667E+9	2.352934000E-5
1.419480000E+9	2.366149000E-5
1.419483333E+9	2.392395000E-5
1.419486667E+9	2.399785000E-5
1.419490000E+9	2.377699000E-5
1.419493333E+9	2.379028000E-5
1.419496667E+9	2.369755000E-5
1.419500000E+9	2.387577000E-5
1.419503333E+9	2.421326000E-5
1.419506667E+9	2.400343000E-5
1.419510000E+9	2.418746000E-5
1.419513333E+9	2.422044000E-5
1.419516667E+9	2.379349000E-5
1.419520000E+9	2.394113000E-5
1.419523333E+9	2.421103000E-5
1.419526667E+9	2.391460000E-5
1.419530000E+9	2.361482000E-5
1.419533333E+9	2.389174000E-5
1.419536667E+9	2.442964000E-5
1.419540000E+9	2.403305000E-5
1.419543333E+9	2.414103000E-5
1.419546667E+9	2.407670000E-5
1.419550000E+9	2.349129000E-5
1.419553333E+9	2.339132000E-5
1.419556667E+9	2.372723000E-5
1.419560000E+9	2.388644000E-5
1.419563333E+9	2.418260000E-5
1.419566667E+9	2.367573000E-5
1.419570000E+9	2.403028000E-5
1.419573333E+9	2.361537000E-5
1.419576667E+9	2.409138000E-5
1.419580000E+9	2.380274000E-5
1.419583333E+9	2.437458000E-5
1.419586667E+9	2.393164000E-5
1.419590000E+9	2.379028000E-5
1.419593333E+9	2.382706000E-5
1.419596667E+9	2.298217000E-5
1.419600000E+9	2.401709000E-5
1.419603333E+9	2.386182000E-5
1.419606667E+9	2.403484000E-5
1.419610000E+9	2.410416000E-5
1.419613333E+9	2.377670000E-5
1.419616667E+9	2.370257000E-5
1.419620000E+9	2.396383000E-5
1.419623333E+9	2.363547000E-5
1.419626667E+9	2.377302000E-5
1.419630000E+9	2.428728000E-5
1.419633333E+9	2.386654000E-5
1.419636667E+9	2.412982000E-5
1.419640000E+9	2.399073000E-5
1.419643333E+9	2.391638000E-5
1.419646667E+9	2.354360000E-5
1.419650000E+9	2.350473000E-5
1.419653333E+9	2.350914000E-5
1.419656667E+9	2.395388000E-5
1.419660000E+9	2.371353000E-5
1.419663333E+9	2.315303000E-5
1.419666667E+9	2.391893000E-5
1.419670000E+9	2.385166000E-5
1.419673333E+9	2.388188000E-5
1.419676667E+9	2.457993000E-5
1.419680000E+9	2.410379000E-5
1.419683333E+9	2.369890000E-5
1.419686667E+9	2.353533000E-5
1.419690000E+9	2.399763000E-5
1.419693333E+9	2.355169000E-5
1.419696667E+9	2.387629000E-5
1.419700000E+9	2.352954000E-5
1.419703333E+9	2.420616000E-5
1.419706667E+9	2.434834000E-5
1.419710000E+9	2.362418000E-5
1.419713333E+9	2.356059000E-5
1.419716667E+9	2.355394000E-5
1.419720000E+9	2.405504000E-5
1.419723333E+9	2.575904000E-5
1.419726667E+9	2.478445000E-5
1.419730000E+9	2.618020000E-5
1.419733333E+9	3.938827000E-5
1.419736667E+9	2.522173000E-5
1.419740000E+9	2.576515000E-5
1.419743333E+9	3.110510000E-5
1.419746667E+9	2.836605000E-5
1.419750000E+9	2.470968000E-5
1.419753333E+9	2.534704000E-5
1.419756667E+9	2.464522000E-5
1.419760000E+9	2.400072000E-5
1.419763333E+9	2.449396000E-5
1.419766667E+9	2.471033000E-5
1.419770000E+9	2.427301000E-5
1.419773333E+9	2.398199000E-5
1.419776667E+9	2.420714000E-5
1.419780000E+9	2.400298000E-5
1.419783333E+9	2.349833000E-5
1.419786667E+9	2.358326000E-5
1.419790000E+9	2.408183000E-5
1.419793333E+9	2.371579000E-5
1.419796667E+9	2.383459000E-5
1.419800000E+9	2.391764000E-5
1.419803333E+9	2.359419000E-5
1.419806667E+9	2.341597000E-5
1.419810000E+9	2.385734000E-5
1.419813333E+9	2.378929000E-5
1.419816667E+9	2.456091000E-5
1.419820000E+9	2.461480000E-5
1.419823333E+9	2.402658000E-5
1.419826667E+9	2.393049000E-5
1.419830000E+9	2.347489000E-5
1.419833333E+9	2.379203000E-5
1.419836667E+9	2.366965000E-5
1.419840000E+9	2.361671000E-5
1.419843333E+9	2.379895000E-5
1.419846667E+9	2.418475000E-5
1.419850000E+9	2.386515000E-5
1.419853333E+9	2.369674000E-5
1.419856667E+9	2.371507000E-5
1.419860000E+9	2.378986000E-5
1.419863333E+9	2.443597000E-5
1.419866667E+9	2.459502000E-5
1.419870000E+9	2.685226000E-5
1.419873333E+9	2.387273000E-5
1.419876667E+9	2.324411000E-5
1.419880000E+9	2.397412000E-5
1.419883333E+9	2.401015000E-5
1.419886667E+9	2.330046000E-5
1.419890000E+9	2.361091000E-5
1.419893333E+9	2.361161000E-5
1.419896667E+9	2.376276000E-5
1.419900000E+9	2.336938000E-5
1.419903333E+9	2.333837000E-5
1.419906667E+9	2.333335000E-5
1.419910000E+9	2.397064000E-5
1.419913333E+9	2.376884000E-5
1.419916667E+9	2.368017000E-5
1.419920000E+9	2.343307000E-5
1.419923333E+9	2.376769000E-5
1.419926667E+9	2.356729000E-5
1.419930000E+9	2.439166000E-5
1.419933333E+9	2.402584000E-5
1.419936667E+9	2.362284000E-5
1.419940000E+9	2.345892000E-5
1.419943333E+9	2.335688000E-5
1.419946667E+9	2.359898000E-5
1.419950000E+9	2.397959000E-5
1.419953333E+9	2.362348000E-5
1.419956667E+9	2.393072000E-5
1.419960000E+9	2.387624000E-5
1.419963333E+9	2.352885000E-5
1.419966667E+9	2.359070000E-5
1.419970000E+9	2.275361000E-5
1.419973333E+9	2.337440000E-5
1.419976667E+9	2.338082000E-5
1.419980000E+9	2.504900000E-5
1.419983333E+9	2.405018000E-5
1.419986667E+9	2.363430000E-5
1.419990000E+9	2.326485000E-5
1.419993333E+9	2.349206000E-5
1.419996667E+9	2.325810000E-5
1.420000000E+9	2.482269000E-5
1.420003333E+9	2.496558000E-5
1.420006667E+9	2.405583000E-5
1.420010000E+9	2.320000000E-5
1.420013333E+9	2.341797000E-5
1.420016667E+9	2.367050000E-5
1.420020000E+9	2.395099000E-5
1.420023333E+9	2.458738000E-5
1.420026667E+9	2.632132000E-5
1.420030000E+9	2.391864000E-5
1.420033333E+9	2.601636000E-5
1.420036667E+9	2.841361000E-5
1.420040000E+9	2.709582000E-5
1.420043333E+9	2.471866000E-5
1.420046667E+9	2.384454000E-5
1.420050000E+9	2.430915000E-5
1.420053333E+9	2.414726000E-5
1.420056667E+9	2.368485000E-5
1.420060000E+9	2.354060000E-5
1.420063333E+9	2.342962000E-5
1.420066667E+9	2.335222000E-5
1.420070000E+9	2.306635000E-5
1.420073333E+9	2.374743000E-5
1.420076667E+9	2.399023000E-5
1.420080000E+9	2.368579000E-5
1.420083333E+9	2.319621000E-5
1.420086667E+9	2.369214000E-5
1.420090000E+9	2.353760000E-5
1.420093333E+9	2.336522000E-5
1.420096667E+9	2.384101000E-5
1.420100000E+9	2.404012000E-5
1.420103333E+9	2.392037000E-5
1.420106667E+9	2.366785000E-5
1.420110000E+9	2.386403000E-5
1.420113333E+9	2.362050000E-5
1.420116667E+9	2.355715000E-5
1.420120000E+9	2.354350000E-5
1.420123333E+9	2.336522000E-5
1.420126667E+9	2.346608000E-5
1.420130000E+9	2.410630000E-5
1.420133333E+9	2.353792000E-5
1.420136667E+9	2.344892000E-5
1.420140000E+9	2.353140000E-5
1.420143333E+9	2.388838000E-5
1.420146667E+9	2.338051000E-5
1.420150000E+9	2.369437000E-5
1.420153333E+9	2.392857000E-5
1.420156667E+9	2.331786000E-5
1.420160000E+9	2.356525000E-5
1.420163333E+9	2.443439000E-5
1.420166667E+9	2.370629000E-5
1.420170000E+9	2.335024000E-5
1.420173333E+9	2.319356000E-5
1.420176667E+9	2.344784000E-5
1.420180000E+9	2.335911000E-5
1.420183333E+9	2.319043000E-5
1.420186667E+9	2.337920000E-5
1.420190000E+9	2.344002000E-5
1.420193333E+9	2.446596000E-5
1.420196667E+9	2.404709000E-5
1.420200000E+9	2.320110000E-5
1.420203333E+9	2.367357000E-5
1.420206667E+9	2.372144000E-5
1.420210000E+9	2.343119000E-5
1.420213333E+9	2.342034000E-5
1.420216667E+9	2.333786000E-5
1.420220000E+9	2.323738000E-5
1.420223333E+9	2.348912000E-5
1.420226667E+9	2.363926000E-5
1.420230000E+9	2.325841000E-5
1.420233333E+9	2.402877000E-5
1.420236667E+9	2.370629000E-5
1.420240000E+9	2.347626000E-5
1.420243333E+9	2.382779000E-5
1.420246667E+9	2.335709000E-5
1.420250000E+9	2.344591000E-5
1.420253333E+9	2.360819000E-5
1.420256667E+9	2.351585000E-5
1.420260000E+9	2.397001000E-5
1.420263333E+9	2.337720000E-5
1.420266667E+9	2.402118000E-5
1.420270000E+9	2.336653000E-5
1.420273333E+9	2.316778000E-5
1.420276667E+9	2.358285000E-5
1.420280000E+9	2.332354000E-5
1.420283333E+9	2.398294000E-5
1.420286667E+9	2.362356000E-5
1.420290000E+9	2.359520000E-5
1.420293333E+9	2.381837000E-5
1.420296667E+9	2.477686000E-5
1.420300000E+9	2.396506000E-5
1.420303333E+9	2.337723000E-5
1.420306667E+9	2.438850000E-5
1.420310000E+9	2.645572000E-5
1.420313333E+9	2.389420000E-5
1.420316667E+9	2.455851000E-5
1.420320000E+9	2.533360000E-5
1.420323333E+9	2.382225000E-5
1.420326667E+9	2.626015000E-5
1.420330000E+9	2.907620000E-5
1.420333333E+9	2.691436000E-5
1.420336667E+9	2.413398000E-5
1.420340000E+9	2.351601000E-5
1.420343333E+9	2.355529000E-5
1.420346667E+9	2.366780000E-5
1.420350000E+9	2.357169000E-5
1.420353333E+9	2.387202000E-5
1.420356667E+9	2.356843000E-5
1.420360000E+9	2.305025000E-5
1.420363333E+9	2.323495000E-5
1.420366667E+9	2.336424000E-5
1.420370000E+9	2.348966000E-5
1.420373333E+9	2.299083000E-5
1.420376667E+9	2.328089000E-5
1.420380000E+9	2.384834000E-5
1.420383333E+9	2.351095000E-5
1.420386667E+9	2.326957000E-5
1.420390000E+9	2.340676000E-5
1.420393333E+9	2.346641000E-5
1.420396667E+9	2.394029000E-5
1.420400000E+9	2.396601000E-5
1.420403333E+9	2.394523000E-5
1.420406667E+9	2.331578000E-5
1.420410000E+9	2.366905000E-5
1.420413333E+9	2.392560000E-5
1.420416667E+9	2.352794000E-5
1.420420000E+9	2.401849000E-5
1.420423333E+9	2.401137000E-5
1.420426667E+9	2.351673000E-5
1.420430000E+9	2.386235000E-5
1.420433333E+9	2.347249000E-5
1.420436667E+9	2.356866000E-5
1.420440000E+9	2.310275000E-5
1.420443333E+9	2.334232000E-5
1.420446667E+9	2.373411000E-5
1.420450000E+9	2.336730000E-5
1.420453333E+9	2.363342000E-5
1.420456667E+9	2.360111000E-5
1.420460000E+9	2.399592000E-5
1.420463333E+9	2.351653000E-5
1.420466667E+9	2.343513000E-5
1.420470000E+9	2.390381000E-5
1.420473333E+9	2.320319000E-5
1.420476667E+9	2.332695000E-5
1.420480000E+9	2.359329000E-5
1.420483333E+9	2.359220000E-5
1.420486667E+9	2.370059000E-5
1.420490000E+9	2.364209000E-5
1.420493333E+9	2.379589000E-5
1.420496667E+9	2.358280000E-5
1.420500000E+9	2.373804000E-5
1.420503333E+9	2.382240000E-5
1.420506667E+9	2.415200000E-5
1.420510000E+9	2.399418000E-5
1.420513333E+9	2.356181000E-5
1.420516667E+9	2.412539000E-5
1.420520000E+9	2.389615000E-5
1.420523333E+9	2.424960000E-5
1.420526667E+9	2.352079000E-5
1.420530000E+9	2.304845000E-5
1.420533333E+9	2.358588000E-5
1.420536667E+9	2.395962000E-5
1.420540000E+9	2.359593000E-5
1.420543333E+9	2.379537000E-5
1.420546667E+9	2.385742000E-5
1.420550000E+9	2.346556000E-5
1.420553333E+9	2.318506000E-5
1.420556667E+9	2.375668000E-5
1.420560000E+9	2.319728000E-5
1.420563333E+9	2.282636000E-5
1.420566667E+9	2.331036000E-5
1.420570000E+9	2.370129000E-5
1.420573333E+9	2.343284000E-5
1.420576667E+9	2.366359000E-5
1.420580000E+9	2.349869000E-5
1.420583333E+9	2.314581000E-5
1.420586667E+9	2.340856000E-5
1.420590000E+9	2.455121000E-5
1.420593333E+9	2.400889000E-5
1.420596667E+9	2.328585000E-5
1.420600000E+9	2.452968000E-5
1.420603333E+9	2.618552000E-5
1.420606667E+9	2.406891000E-5
1.420610000E+9	2.547978000E-5
1.420613333E+9	2.649174000E-5
1.420616667E+9	2.321965000E-5
1.420620000E+9	2.920723000E-5
1.420623333E+9	3.064190000E-5
1.420626667E+9	2.790469000E-5
1.420630000E+9	2.408694000E-5
1.420633333E+9	2.425210000E-5
1.420636667E+9	2.411165000E-5
1.420640000E+9	2.360064000E-5
1.420643333E+9	2.362310000E-5
1.420646667E+9	2.326812000E-5
1.420650000E+9	2.315638000E-5
1.420653333E+9	2.346855000E-5
1.420656667E+9	2.334089000E-5
1.420660000E+9	2.375157000E-5
1.420663333E+9	2.329268000E-5
1.420666667E+9	2.398897000E-5
1.420670000E+9	2.341609000E-5
1.420673333E+9	2.305093000E-5
1.420676667E+9	2.316857000E-5
1.420680000E+9	2.369297000E-5
1.420683333E+9	2.351960000E-5
1.420686667E+9	2.346535000E-5
1.420690000E+9	2.326886000E-5
1.420693333E+9	2.310163000E-5
1.420696667E+9	2.299020000E-5
1.420700000E+9	2.365286000E-5
1.420703333E+9	2.385680000E-5
1.420706667E+9	2.358023000E-5
1.420710000E+9	2.330304000E-5
1.420713333E+9	2.356802000E-5
1.420716667E+9	2.330053000E-5
1.420720000E+9	2.355591000E-5
1.420723333E+9	2.336147000E-5
1.420726667E+9	2.366317000E-5
1.420730000E+9	2.355953000E-5
1.420733333E+9	2.346319000E-5
1.420736667E+9	2.378210000E-5
1.420740000E+9	2.360798000E-5
1.420743333E+9	2.363204000E-5
1.420746667E+9	2.380123000E-5
1.420750000E+9	2.394434000E-5
1.420753333E+9	2.350096000E-5
1.420756667E+9	2.332441000E-5
1.420760000E+9	2.306083000E-5
1.420763333E+9	2.304314000E-5
1.420766667E+9	2.299964000E-5
1.420770000E+9	2.328805000E-5
1.420773333E+9	2.322386000E-5
1.420776667E+9	2.334040000E-5
1.420780000E+9	2.314904000E-5
1.420783333E+9	2.315359000E-5
1.420786667E+9	2.327918000E-5
1.420790000E+9	2.356398000E-5
1.420793333E+9	2.311460000E-5
1.420796667E+9	2.333758000E-5
1.420800000E+9	2.335616000E-5
1.420803333E+9	2.347347000E-5
1.420806667E+9	2.402766000E-5
1.420810000E+9	2.394489000E-5
1.420813333E+9	2.374448000E-5
1.420816667E+9	2.377336000E-5
1.420820000E+9	2.353867000E-5
1.420823333E+9	2.346896000E-5
1.420826667E+9	2.345196000E-5
1.420830000E+9	2.293043000E-5
1.420833333E+9	2.311270000E-5
1.420836667E+9	2.327256000E-5
1.420840000E+9	2.358148000E-5
1.420843333E+9	2.311079000E-5
1.420846667E+9	2.364580000E-5
1.420850000E+9	2.342245000E-5
1.420853333E+9	2.342391000E-5
1.420856667E+9	2.296073000E-5
1.420860000E+9	2.334816000E-5
1.420863333E+9	2.314545000E-5
1.420866667E+9	2.315633000E-5
1.420870000E+9	2.349910000E-5
1.420873333E+9	2.325210000E-5
1.420876667E+9	2.324904000E-5
1.420880000E+9	2.334340000E-5
1.420883333E+9	2.803343000E-5
1.420886667E+9	2.654444000E-5
1.420890000E+9	2.360544000E-5
1.420893333E+9	2.356649000E-5
1.420896667E+9	2.348216000E-5
1.420900000E+9	2.399097000E-5
1.420903333E+9	2.840887000E-5
1.420906667E+9	2.980077000E-5
1.420910000E+9	2.357946000E-5
1.420913333E+9	4.161540000E-5
1.420916667E+9	4.078911000E-5
1.420920000E+9	3.513031000E-5
1.420923333E+9	2.467571000E-5
1.420926667E+9	2.583583000E-5
1.420930000E+9	2.400934000E-5
1.420933333E+9	2.365510000E-5
1.420936667E+9	2.358748000E-5
1.420940000E+9	2.363225000E-5
1.420943333E+9	2.320548000E-5
1.420946667E+9	2.325841000E-5
1.420950000E+9	2.320492000E-5
1.420953333E+9	2.360546000E-5
1.420956667E+9	2.362159000E-5
1.420960000E+9	2.341370000E-5
1.420963333E+9	2.307534000E-5
1.420966667E+9	2.382894000E-5
1.420970000E+9	2.399081000E-5
1.420973333E+9	2.376154000E-5
1.420976667E+9	2.313555000E-5
1.420980000E+9	2.397077000E-5
1.420983333E+9	2.964132000E-5
1.420986667E+9	2.700435000E-5
1.420990000E+9	2.348551000E-5
1.420993333E+9	2.448055000E-5
1.420996667E+9	2.558872000E-5
1.421000000E+9	2.389898000E-5
1.421003333E+9	2.553646000E-5
1.421006667E+9	2.451721000E-5
1.421010000E+9	2.360914000E-5
1.421013333E+9	2.325570000E-5
1.421016667E+9	2.360495000E-5
1.421020000E+9	2.314418000E-5
1.421023333E+9	2.344269000E-5
1.421026667E+9	2.372939000E-5
1.421030000E+9	2.339181000E-5
1.421033333E+9	2.343984000E-5
1.421036667E+9	2.351883000E-5
1.421040000E+9	2.379600000E-5
1.421043333E+9	2.453159000E-5
1.421046667E+9	2.388883000E-5
1.421050000E+9	2.371298000E-5
1.421053333E+9	2.352120000E-5
1.421056667E+9	2.361096000E-5
1.421060000E+9	2.334219000E-5
1.421063333E+9	2.318803000E-5
1.421066667E+9	2.364100000E-5
1.421070000E+9	2.384263000E-5
1.421073333E+9	2.348502000E-5
1.421076667E+9	2.353719000E-5
1.421080000E+9	2.364687000E-5
1.421083333E+9	2.338390000E-5
1.421086667E+9	2.360103000E-5
1.421090000E+9	2.311528000E-5
1.421093333E+9	2.287983000E-5
1.421096667E+9	2.423917000E-5
1.421100000E+9	2.364069000E-5
1.421103333E+9	2.321853000E-5
1.421106667E+9	2.380360000E-5
1.421110000E+9	2.341790000E-5
1.421113333E+9	2.384446000E-5
1.421116667E+9	2.377448000E-5
1.421120000E+9	2.351648000E-5
1.421123333E+9	2.393112000E-5
1.421126667E+9	2.393175000E-5
1.421130000E+9	2.348729000E-5
1.421133333E+9	2.360070000E-5
1.421136667E+9	2.370676000E-5
1.421140000E+9	2.383907000E-5
1.421143333E+9	2.351190000E-5
1.421146667E+9	2.356916000E-5
1.421150000E+9	2.381644000E-5
1.421153333E+9	2.346747000E-5
1.421156667E+9	2.343834000E-5
1.421160000E+9	2.372744000E-5
1.421163333E+9	2.322801000E-5
1.421166667E+9	2.401711000E-5
1.421170000E+9	2.377678000E-5
1.421173333E+9	2.324761000E-5
1.421176667E+9	2.554782000E-5
1.421180000E+9	2.740916000E-5
1.421183333E+9	2.335029000E-5
1.421186667E+9	2.349072000E-5
1.421190000E+9	2.394192000E-5
1.421193333E+9	2.415908000E-5
1.421196667E+9	2.521625000E-5
1.421200000E+9	2.481212000E-5
1.421203333E+9	2.360438000E-5
1.421206667E+9	3.236219000E-5
1.421210000E+9	3.054476000E-5
1.421213333E+9	2.766352000E-5
1.421216667E+9	2.362325000E-5
1.421220000E+9	2.448700000E-5
1.421223333E+9	2.375953000E-5
1.421226667E+9	2.364972000E-5
1.421230000E+9	2.332854000E-5
1.421233333E+9	2.363337000E-5
1.421236667E+9	2.373687000E-5
1.421240000E+9	2.297887000E-5
1.421243333E+9	2.322256000E-5
1.421246667E+9	2.332088000E-5
1.421250000E+9	2.301970000E-5
1.421253333E+9	2.320505000E-5
1.421256667E+9	2.395825000E-5
1.421260000E+9	2.429037000E-5
1.421263333E+9	2.369058000E-5
1.421266667E+9	2.388117000E-5
1.421270000E+9	2.417254000E-5
1.421273333E+9	2.350202000E-5
1.421276667E+9	2.397227000E-5
1.421280000E+9	2.372038000E-5
1.421283333E+9	2.333748000E-5
1.421286667E+9	2.378660000E-5
1.421290000E+9	2.346940000E-5
1.421293333E+9	2.342052000E-5
1.421296667E+9	2.371048000E-5
1.421300000E+9	2.343508000E-5
1.421303333E+9	2.316493000E-5
1.421306667E+9	2.391407000E-5
1.421310000E+9	2.348033000E-5
1.421313333E+9	2.321927000E-5
1.421316667E+9	2.342065000E-5
1.421320000E+9	2.341347000E-5
1.421323333E+9	2.338994000E-5
1.421326667E+9	2.358419000E-5
1.421330000E+9	2.355544000E-5
1.421333333E+9	2.393693000E-5
1.421336667E+9	2.401883000E-5
1.421340000E+9	2.354725000E-5
1.421343333E+9	2.324460000E-5
1.421346667E+9	2.317714000E-5
1.421350000E+9	2.324904000E-5
1.421353333E+9	2.383383000E-5
1.421356667E+9	2.362657000E-5
1.421360000E+9	2.414720000E-5
1.421363333E+9	2.382068000E-5
1.421366667E+9	2.366188000E-5
1.421370000E+9	2.326474000E-5
1.421373333E+9	2.320589000E-5
1.421376667E+9	2.285545000E-5
1.421380000E+9	2.316343000E-5
1.421383333E+9	2.344527000E-5
1.421386667E+9	2.355237000E-5
1.421390000E+9	2.365432000E-5
1.421393333E+9	2.302215000E-5
1.421396667E+9	2.298616000E-5
1.421400000E+9	2.332137000E-5
