Frequency, Hz	Amplitude, Volts
1.419400000E+9	2.182923000E-5
1.419403333E+9	2.166719000E-5
1.419406667E+9	2.160412000E-5
1.419410000E+9	2.137694000E-5
1.419413333E+9	2.172951000E-5
1.419416667E+9	2.139037000E-5
1.419420000E+9	2.186953000E-5
1.419423333E+9	2.208554000E-5
1.419426667E+9	2.158159000E-5
1.419430000E+9	2.175866000E-5
1.419433333E+9	2.192203000E-5
1.419436667E+9	2.170552000E-5
1.419440000E+9	2.187027000E-5
1.419443333E+9	2.176158000E-5
1.419446667E+9	2.180123000E-5
1.419450000E+9	2.265925000E-5
1.419453333E+9	2.588253000E-5
1.419456667E+9	2.369856000E-5
1.419460000E+9	2.152048000E-5
1.419463333E+9	2.161643000E-5
1.419466667E+9	2.198383000E-5
1.419470000E+9	2.160673000E-5
1.419473333E+9	2.205598000E-5
1.419476667E+9	2.199704000E-5
1.419480000E+9	2.177501000E-5
1.419483333E+9	2.160784000E-5
1.419486667E+9	2.173574000E-5
1.419490000E+9	2.219793000E-5
1.419493333E+9	2.162367000E-5
1.419496667E+9	2.169485000E-5
1.419500000E+9	2.217055000E-5
1.419503333E+9	2.191181000E-5
1.419506667E+9	2.231964000E-5
1.419510000E+9	2.196121000E-5
1.419513333E+9	2.175527000E-5
1.419516667E+9	2.195882000E-5
1.419520000E+9	2.192037000E-5
1.419523333E+9	2.229877000E-5
1.419526667E+9	2.197039000E-5
1.419530000E+9	2.209685000E-5
1.419533333E+9	2.218585000E-5
1.419536667E+9	2.186528000E-5
1.419540000E+9	2.185625000E-5
1.419543333E+9	2.171418000E-5
1.419546667E+9	2.229138000E-5
1.419550000E+9	2.194118000E-5
1.419553333E+9	2.182031000E-5
1.419556667E+9	2.199528000E-5
1.419560000E+9	2.207371000E-5
1.419563333E+9	2.220580000E-5
1.419566667E+9	2.158036000E-5
1.419570000E+9	2.184908000E-5
1.419573333E+9	2.164496000E-5
1.419576667E+9	2.167568000E-5
1.419580000E+9	2.178728000E-5
1.419583333E+9	2.151322000E-5
1.419586667E+9	2.204845000E-5
1.419590000E+9	2.211964000E-5
1.419593333E+9	2.175754000E-5
1.419596667E+9	2.157662000E-5
1.419600000E+9	2.187200000E-5
1.419603333E+9	2.133579000E-5
1.419606667E+9	2.152863000E-5
1.419610000E+9	2.186845000E-5
1.419613333E+9	2.191373000E-5
1.419616667E+9	2.157617000E-5
1.419620000E+9	2.169366000E-5
1.419623333E+9	2.148035000E-5
1.419626667E+9	2.183158000E-5
1.419630000E+9	2.179914000E-5
1.419633333E+9	2.178634000E-5
1.419636667E+9	2.199864000E-5
1.419640000E+9	2.159119000E-5
1.419643333E+9	2.153809000E-5
1.419646667E+9	2.156956000E-5
1.419650000E+9	2.169142000E-5
1.419653333E+9	2.168073000E-5
1.419656667E+9	2.168970000E-5
1.419660000E+9	2.175216000E-5
1.419663333E+9	2.190716000E-5
1.419666667E+9	2.159672000E-5
1.419670000E+9	2.178505000E-5
1.419673333E+9	2.173746000E-5
1.419676667E+9	2.157546000E-5
1.419680000E+9	2.154346000E-5
1.419683333E+9	2.176060000E-5
1.419686667E+9	2.188454000E-5
1.419690000E+9	2.124658000E-5
1.419693333E+9	2.146669000E-5
1.419696667E+9	2.179218000E-5
1.419700000E+9	2.144502000E-5
1.419703333E+9	2.128920000E-5
1.419706667E+9	2.151764000E-5
1.419710000E+9	2.156161000E-5
1.419713333E+9	2.138208000E-5
1.419716667E+9	2.186746000E-5
1.419720000E+9	2.170321000E-5
1.419723333E+9	2.136143000E-5
1.419726667E+9	2.225054000E-5
1.419730000E+9	2.233226000E-5
1.419733333E+9	2.439249000E-5
1.419736667E+9	2.179661000E-5
1.419740000E+9	2.205985000E-5
1.419743333E+9	2.210573000E-5
1.419746667E+9	2.585685000E-5
1.419750000E+9	2.271961000E-5
1.419753333E+9	2.241222000E-5
1.419756667E+9	2.207393000E-5
1.419760000E+9	2.158003000E-5
1.419763333E+9	2.138544000E-5
1.419766667E+9	2.168882000E-5
1.419770000E+9	2.149528000E-5
1.419773333E+9	2.165337000E-5
1.419776667E+9	2.166705000E-5
1.419780000E+9	2.131525000E-5
1.419783333E+9	2.167064000E-5
1.419786667E+9	2.152069000E-5
1.419790000E+9	2.435978000E-5
1.419793333E+9	3.056334000E-5
1.419796667E+9	2.158370000E-5
1.419800000E+9	2.145819000E-5
1.419803333E+9	2.124215000E-5
1.419806667E+9	2.125741000E-5
1.419810000E+9	2.221763000E-5
1.419813333E+9	2.192834000E-5
1.419816667E+9	2.149240000E-5
1.419820000E+9	2.176822000E-5
1.419823333E+9	2.158664000E-5
1.419826667E+9	2.163923000E-5
1.419830000E+9	2.129780000E-5
1.419833333E+9	2.198919000E-5
1.419836667E+9	2.127481000E-5
1.419840000E+9	2.183170000E-5
1.419843333E+9	2.127875000E-5
1.419846667E+9	2.112899000E-5
1.419850000E+9	2.106233000E-5
1.419853333E+9	2.165832000E-5
1.419856667E+9	2.145312000E-5
1.419860000E+9	2.111892000E-5
1.419863333E+9	2.156492000E-5
1.419866667E+9	2.140372000E-5
1.419870000E+9	2.146839000E-5
1.419873333E+9	2.174266000E-5
1.419876667E+9	2.151986000E-5
1.419880000E+9	2.162139000E-5
1.419883333E+9	2.170924000E-5
1.419886667E+9	2.162372000E-5
1.419890000E+9	2.121241000E-5
1.419893333E+9	2.173376000E-5
1.419896667E+9	2.149504000E-5
1.419900000E+9	2.157103000E-5
1.419903333E+9	2.158906000E-5
1.419906667E+9	2.093046000E-5
1.419910000E+9	2.103069000E-5
1.419913333E+9	2.180451000E-5
1.419916667E+9	2.112746000E-5
1.419920000E+9	2.129794000E-5
1.419923333E+9	2.156260000E-5
1.419926667E+9	2.183402000E-5
1.419930000E+9	2.159492000E-5
1.419933333E+9	2.159117000E-5
1.419936667E+9	2.179453000E-5
1.419940000E+9	2.121458000E-5
1.419943333E+9	2.160405000E-5
1.419946667E+9	2.182266000E-5
1.419950000E+9	2.108704000E-5
1.419953333E+9	2.117153000E-5
1.419956667E+9	2.132010000E-5
1.419960000E+9	2.121393000E-5
1.419963333E+9	2.166452000E-5
1.419966667E+9	2.175360000E-5
1.419970000E+9	2.142782000E-5
1.419973333E+9	2.120191000E-5
1.419976667E+9	2.190394000E-5
1.419980000E+9	2.193549000E-5
1.419983333E+9	2.151429000E-5
1.419986667E+9	2.194872000E-5
1.419990000E+9	2.184966000E-5
1.419993333E+9	2.139392000E-5
1.419996667E+9	2.145576000E-5
1.420000000E+9	2.197589000E-5
1.420003333E+9	2.242778000E-5
1.420006667E+9	2.142346000E-5
1.420010000E+9	2.118264000E-5
1.420013333E+9	2.150463000E-5
1.420016667E+9	2.152584000E-5
1.420020000E+9	2.189709000E-5
1.420023333E+9	2.162111000E-5
1.420026667E+9	2.142445000E-5
1.420030000E+9	2.153910000E-5
1.420033333E+9	2.194865000E-5
1.420036667E+9	2.236399000E-5
1.420040000E+9	2.555997000E-5
1.420043333E+9	2.230866000E-5
1.420046667E+9	2.159923000E-5
1.420050000E+9	2.178386000E-5
1.420053333E+9	2.166861000E-5
1.420056667E+9	2.148660000E-5
1.420060000E+9	2.169604000E-5
1.420063333E+9	2.187416000E-5
1.420066667E+9	2.150781000E-5
1.420070000E+9	2.101124000E-5
1.420073333E+9	2.170402000E-5
1.420076667E+9	2.154386000E-5
1.420080000E+9	2.141218000E-5
1.420083333E+9	2.162066000E-5
1.420086667E+9	2.168023000E-5
1.420090000E+9	2.151164000E-5
1.420093333E+9	2.124614000E-5
1.420096667E+9	2.170376000E-5
1.420100000E+9	2.155422000E-5
1.420103333E+9	2.207810000E-5
1.420106667E+9	2.151103000E-5
1.420110000E+9	2.161078000E-5
1.420113333E+9	2.159169000E-5
1.420116667E+9	2.154405000E-5
1.420120000E+9	2.193906000E-5
1.420123333E+9	2.158446000E-5
1.420126667E+9	2.164096000E-5
1.420130000E+9	2.167416000E-5
1.420133333E+9	2.191301000E-5
1.420136667E+9	2.171499000E-5
1.420140000E+9	2.142902000E-5
1.420143333E+9	2.152634000E-5
1.420146667E+9	2.111306000E-5
1.420150000E+9	2.089497000E-5
1.420153333E+9	2.154291000E-5
1.420156667E+9	2.163134000E-5
1.420160000E+9	2.125799000E-5
1.420163333E+9	2.130402000E-5
1.420166667E+9	2.085815000E-5
1.420170000E+9	2.128981000E-5
1.420173333E+9	2.162555000E-5
1.420176667E+9	2.117904000E-5
1.420180000E+9	2.140339000E-5
1.420183333E+9	2.142685000E-5
1.420186667E+9	2.161078000E-5
1.420190000E+9	2.125911000E-5
1.420193333E+9	2.172192000E-5
1.420196667E+9	2.159596000E-5
1.420200000E+9	2.126266000E-5
1.420203333E+9	2.155692000E-5
1.420206667E+9	2.141135000E-5
1.420210000E+9	2.132525000E-5
1.420213333E+9	2.150529000E-5
1.420216667E+9	2.138112000E-5
1.420220000E+9	2.134809000E-5
1.420223333E+9	2.113275000E-5
1.420226667E+9	2.142942000E-5
1.420230000E+9	2.158778000E-5
1.420233333E+9	2.164926000E-5
1.420236667E+9	2.144245000E-5
1.420240000E+9	2.133291000E-5
1.420243333E+9	2.157011000E-5
1.420246667E+9	2.159226000E-5
1.420250000E+9	2.111493000E-5
1.420253333E+9	2.178070000E-5
1.420256667E+9	2.135036000E-5
1.420260000E+9	2.151795000E-5
1.420263333E+9	2.162795000E-5
1.420266667E+9	2.161349000E-5
1.420270000E+9	2.099933000E-5
1.420273333E+9	2.159949000E-5
1.420276667E+9	2.189168000E-5
1.420280000E+9	2.158496000E-5
1.420283333E+9	2.143612000E-5
1.420286667E+9	2.146368000E-5
1.420290000E+9	2.120582000E-5
1.420293333E+9	2.167473000E-5
1.420296667E+9	2.215624000E-5
1.420300000E+9	2.125417000E-5
1.420303333E+9	2.195761000E-5
1.420306667E+9	2.169430000E-5
1.420310000E+9	2.188928000E-5
1.420313333E+9	2.185426000E-5
1.420316667E+9	2.153364000E-5
1.420320000E+9	2.166321000E-5
1.420323333E+9	2.175529000E-5
1.420326667E+9	2.197204000E-5
1.420330000E+9	2.214875000E-5
1.420333333E+9	2.506856000E-5
1.420336667E+9	2.278922000E-5
1.420340000E+9	2.177733000E-5
1.420343333E+9	2.170776000E-5
1.420346667E+9	2.118320000E-5
1.420350000E+9	2.147259000E-5
1.420353333E+9	2.182681000E-5
1.420356667E+9	2.178945000E-5
1.420360000E+9	2.174992000E-5
1.420363333E+9	2.136345000E-5
1.420366667E+9	2.102344000E-5
1.420370000E+9	2.150612000E-5
1.420373333E+9	2.149410000E-5
1.420376667E+9	2.099456000E-5
1.420380000E+9	2.144865000E-5
1.420383333E+9	2.190098000E-5
1.420386667E+9	2.176315000E-5
1.420390000E+9	2.160144000E-5
1.420393333E+9	2.126385000E-5
1.420396667E+9	2.185244000E-5
1.420400000E+9	2.142864000E-5
1.420403333E+9	2.160549000E-5
1.420406667E+9	2.189033000E-5
1.420410000E+9	2.156724000E-5
1.420413333E+9	2.157916000E-5
1.420416667E+9	2.160298000E-5
1.420420000E+9	2.166759000E-5
1.420423333E+9	2.171398000E-5
1.420426667E+9	2.146076000E-5
1.420430000E+9	2.166122000E-5
1.420433333E+9	2.119874000E-5
1.420436667E+9	2.139568000E-5
1.420440000E+9	2.181004000E-5
1.420443333E+9	2.195785000E-5
1.420446667E+9	2.150564000E-5
1.420450000E+9	2.147591000E-5
1.420453333E+9	2.143389000E-5
1.420456667E+9	2.154152000E-5
1.420460000E+9	2.156743000E-5
1.420463333E+9	2.181622000E-5
1.420466667E+9	2.122595000E-5
1.420470000E+9	2.168835000E-5
1.420473333E+9	2.174142000E-5
1.420476667E+9	2.173519000E-5
1.420480000E+9	2.151152000E-5
1.420483333E+9	2.154459000E-5
1.420486667E+9	2.146160000E-5
1.420490000E+9	2.180460000E-5
1.420493333E+9	2.140884000E-5
1.420496667E+9	2.141885000E-5
1.420500000E+9	2.138126000E-5
1.420503333E+9	2.171503000E-5
1.420506667E+9	2.161145000E-5
1.420510000E+9	2.165218000E-5
1.420513333E+9	2.174553000E-5
1.420516667E+9	2.197968000E-5
1.420520000E+9	2.176009000E-5
1.420523333E+9	2.154525000E-5
1.420526667E+9	2.161769000E-5
1.420530000E+9	2.135428000E-5
1.420533333E+9	2.129743000E-5
1.420536667E+9	2.156617000E-5
1.420540000E+9	2.154348000E-5
1.420543333E+9	2.172772000E-5
1.420546667E+9	2.139606000E-5
1.420550000E+9	2.190368000E-5
1.420553333E+9	2.183627000E-5
1.420556667E+9	2.147080000E-5
1.420560000E+9	2.130440000E-5
1.420563333E+9	2.147091000E-5
1.420566667E+9	2.181456000E-5
1.420570000E+9	2.134312000E-5
1.420573333E+9	2.170462000E-5
1.420576667E+9	2.153088000E-5
1.420580000E+9	2.208482000E-5
1.420583333E+9	2.151979000E-5
1.420586667E+9	2.136875000E-5
1.420590000E+9	2.112080000E-5
1.420593333E+9	2.227498000E-5
1.420596667E+9	2.154991000E-5
1.420600000E+9	2.205736000E-5
1.420603333E+9	2.211891000E-5
1.420606667E+9	2.202846000E-5
1.420610000E+9	2.173872000E-5
1.420613333E+9	2.159662000E-5
1.420616667E+9	2.184311000E-5
1.420620000E+9	2.233567000E-5
1.420623333E+9	2.327164000E-5
1.420626667E+9	2.645183000E-5
1.420630000E+9	2.245503000E-5
1.420633333E+9	2.208916000E-5
1.420636667E+9	2.218107000E-5
1.420640000E+9	2.174569000E-5
1.420643333E+9	2.170428000E-5
1.420646667E+9	2.178024000E-5
1.420650000E+9	2.172014000E-5
1.420653333E+9	2.162030000E-5
1.420656667E+9	2.188469000E-5
1.420660000E+9	2.204182000E-5
1.420663333E+9	2.215449000E-5
1.420666667E+9	2.225030000E-5
1.420670000E+9	2.174674000E-5
1.420673333E+9	2.196762000E-5
1.420676667E+9	2.146153000E-5
1.420680000E+9	2.184860000E-5
1.420683333E+9	2.166578000E-5
1.420686667E+9	2.174937000E-5
1.420690000E+9	2.196982000E-5
1.420693333E+9	2.176150000E-5
1.420696667E+9	2.180573000E-5
1.420700000E+9	2.191638000E-5
1.420703333E+9	2.116337000E-5
1.420706667E+9	2.162828000E-5
1.420710000E+9	2.160839000E-5
1.420713333E+9	2.170895000E-5
1.420716667E+9	2.203313000E-5
1.420720000E+9	2.134226000E-5
1.420723333E+9	2.166900000E-5
1.420726667E+9	2.152015000E-5
1.420730000E+9	2.179139000E-5
1.420733333E+9	2.144457000E-5
1.420736667E+9	2.175751000E-5
1.420740000E+9	2.191987000E-5
1.420743333E+9	2.193183000E-5
1.420746667E+9	2.190707000E-5
1.420750000E+9	2.147511000E-5
1.420753333E+9	2.187659000E-5
1.420756667E+9	2.177321000E-5
1.420760000E+9	2.187976000E-5
1.420763333E+9	2.171870000E-5
1.420766667E+9	2.136462000E-5
1.420770000E+9	2.158522000E-5
1.420773333E+9	2.176898000E-5
1.420776667E+9	2.115194000E-5
1.420780000E+9	2.152284000E-5
1.420783333E+9	2.129708000E-5
1.420786667E+9	2.180029000E-5
1.420790000E+9	2.169154000E-5
1.420793333E+9	2.191383000E-5
1.420796667E+9	2.232028000E-5
1.420800000E+9	2.188320000E-5
1.420803333E+9	2.181226000E-5
1.420806667E+9	2.159748000E-5
1.420810000E+9	2.225765000E-5
1.420813333E+9	2.182225000E-5
1.420816667E+9	2.177168000E-5
1.420820000E+9	2.191623000E-5
1.420823333E+9	2.160651000E-5
1.420826667E+9	2.181121000E-5
1.420830000E+9	2.158652000E-5
1.420833333E+9	2.189454000E-5
1.420836667E+9	2.480345000E-5
1.420840000E+9	2.289053000E-5
1.420843333E+9	2.170312000E-5
1.420846667E+9	2.186214000E-5
1.420850000E+9	2.141356000E-5
1.420853333E+9	2.128121000E-5
1.420856667E+9	2.161767000E-5
1.420860000E+9	2.169511000E-5
1.420863333E+9	2.197939000E-5
1.420866667E+9	2.162904000E-5
1.420870000E+9	2.190389000E-5
1.420873333E+9	2.166069000E-5
1.420876667E+9	2.152683000E-5
1.420880000E+9	2.146236000E-5
1.420883333E+9	2.195260000E-5
1.420886667E+9	2.185203000E-5
1.420890000E+9	2.194520000E-5
1.420893333E+9	2.133614000E-5
1.420896667E+9	2.260878000E-5
1.420900000E+9	2.224016000E-5
1.420903333E+9	2.163327000E-5
1.420906667E+9	2.184551000E-5
1.420910000E+9	2.233964000E-5
1.420913333E+9	2.382426000E-5
1.420916667E+9	2.544950000E-5
1.420920000E+9	3.166276000E-5
1.420923333E+9	2.249747000E-5
1.420926667E+9	2.238976000E-5
1.420930000E+9	2.172438000E-5
1.420933333E+9	2.112089000E-5
1.420936667E+9	2.180762000E-5
1.420940000E+9	2.169292000E-5
1.420943333E+9	2.158752000E-5
1.420946667E+9	2.219354000E-5
1.420950000E+9	2.136408000E-5
1.420953333E+9	2.139704000E-5
1.420956667E+9	2.140451000E-5
1.420960000E+9	2.150954000E-5
1.420963333E+9	2.168054000E-5
1.420966667E+9	2.161401000E-5
1.420970000E+9	2.168692000E-5
1.420973333E+9	2.141535000E-5
1.420976667E+9	2.170609000E-5
1.420980000E+9	2.163175000E-5
1.420983333E+9	2.209723000E-5
1.420986667E+9	2.162847000E-5
1.420990000E+9	2.166471000E-5
1.420993333E+9	2.175489000E-5
1.420996667E+9	2.110045000E-5
1.421000000E+9	2.132436000E-5
1.421003333E+9	2.169416000E-5
1.421006667E+9	2.183246000E-5
1.421010000E+9	2.186542000E-5
1.421013333E+9	2.181799000E-5
1.421016667E+9	2.125123000E-5
1.421020000E+9	2.180080000E-5
1.421023333E+9	2.160469000E-5
1.421026667E+9	2.138589000E-5
1.421030000E+9	2.147766000E-5
1.421033333E+9	2.206007000E-5
1.421036667E+9	2.134134000E-5
1.421040000E+9	2.165118000E-5
1.421043333E+9	2.158359000E-5
1.421046667E+9	2.176425000E-5
1.421050000E+9	2.118413000E-5
1.421053333E+9	2.154542000E-5
1.421056667E+9	2.107378000E-5
1.421060000E+9	2.191963000E-5
1.421063333E+9	2.172371000E-5
1.421066667E+9	2.163082000E-5
1.421070000E+9	2.134261000E-5
1.421073333E+9	2.170435000E-5
1.421076667E+9	2.151086000E-5
1.421080000E+9	2.159371000E-5
1.421083333E+9	2.135942000E-5
1.421086667E+9	2.185078000E-5
1.421090000E+9	2.180285000E-5
1.421093333E+9	2.207742000E-5
1.421096667E+9	2.189101000E-5
1.421100000E+9	2.132040000E-5
1.421103333E+9	2.198796000E-5
1.421106667E+9	2.154419000E-5
1.421110000E+9	2.145746000E-5
1.421113333E+9	2.155294000E-5
1.421116667E+9	2.171017000E-5
1.421120000E+9	2.143921000E-5
1.421123333E+9	2.177749000E-5
1.421126667E+9	2.184301000E-5
1.421130000E+9	2.161831000E-5
1.421133333E+9	2.196779000E-5
1.421136667E+9	2.144020000E-5
1.421140000E+9	2.239795000E-5
1.421143333E+9	2.177687000E-5
1.421146667E+9	2.141133000E-5
1.421150000E+9	2.163783000E-5
1.421153333E+9	2.175140000E-5
1.421156667E+9	2.171129000E-5
1.421160000E+9	2.172746000E-5
1.421163333E+9	2.177587000E-5
1.421166667E+9	2.180752000E-5
1.421170000E+9	2.146867000E-5
1.421173333E+9	2.162906000E-5
1.421176667E+9	2.219123000E-5
1.421180000E+9	2.225462000E-5
1.421183333E+9	2.166509000E-5
1.421186667E+9	2.184544000E-5
1.421190000E+9	2.150689000E-5
1.421193333E+9	2.147763000E-5
1.421196667E+9	2.157240000E-5
1.421200000E+9	2.180384000E-5
1.421203333E+9	2.177135000E-5
1.421206667E+9	2.228908000E-5
1.421210000E+9	2.317348000E-5
1.421213333E+9	2.459048000E-5
1.421216667E+9	2.166069000E-5
1.421220000E+9	2.228061000E-5
1.421223333E+9	2.136767000E-5
1.421226667E+9	2.184779000E-5
1.421230000E+9	2.112103000E-5
1.421233333E+9	2.159240000E-5
1.421236667E+9	2.165736000E-5
1.421240000E+9	2.152111000E-5
1.421243333E+9	2.167175000E-5
1.421246667E+9	2.180132000E-5
1.421250000E+9	2.220793000E-5
1.421253333E+9	2.180214000E-5
1.421256667E+9	2.167949000E-5
1.421260000E+9	2.203282000E-5
1.421263333E+9	2.144851000E-5
1.421266667E+9	2.170502000E-5
1.421270000E+9	2.136394000E-5
1.421273333E+9	2.183107000E-5
1.421276667E+9	2.200033000E-5
1.421280000E+9	2.173240000E-5
1.421283333E+9	2.175176000E-5
1.421286667E+9	2.168956000E-5
1.421290000E+9	2.197416000E-5
1.421293333E+9	2.140597000E-5
1.421296667E+9	2.156272000E-5
1.421300000E+9	2.232832000E-5
1.421303333E+9	2.186274000E-5
1.421306667E+9	2.166041000E-5
1.421310000E+9	2.223264000E-5
1.421313333E+9	2.182007000E-5
1.421316667E+9	2.190894000E-5
1.421320000E+9	2.182122000E-5
1.421323333E+9	2.234931000E-5
1.421326667E+9	2.208806000E-5
1.421330000E+9	2.215226000E-5
1.421333333E+9	2.217072000E-5
1.421336667E+9	2.225767000E-5
1.421340000E+9	2.335601000E-5
1.421343333E+9	2.753679000E-5
1.421346667E+9	2.604845000E-5
1.421350000E+9	2.227293000E-5
1.421353333E+9	2.258667000E-5
1.421356667E+9	2.207180000E-5
1.421360000E+9	2.225169000E-5
1.421363333E+9	2.294932000E-5
1.421366667E+9	2.316028000E-5
1.421370000E+9	2.228758000E-5
1.421373333E+9	2.150208000E-5
1.421376667E+9	2.261496000E-5
1.421380000E+9	2.262172000E-5
1.421383333E+9	2.234318000E-5
1.421386667E+9	2.253384000E-5
1.421390000E+9	2.198053000E-5
1.421393333E+9	2.196311000E-5
1.421396667E+9	2.186629000E-5
1.421400000E+9	2.220888000E-5
