Frequency, Hz	Amplitude, Volts
1.419400000E+9	1.542492000E-5
1.419403333E+9	1.486631000E-5
1.419406667E+9	1.485699000E-5
1.419410000E+9	1.524353000E-5
1.419413333E+9	1.569610000E-5
1.419416667E+9	1.550338000E-5
1.419420000E+9	1.538463000E-5
1.419423333E+9	1.521797000E-5
1.419426667E+9	1.496989000E-5
1.419430000E+9	1.545835000E-5
1.419433333E+9	1.528870000E-5
1.419436667E+9	1.521599000E-5
1.419440000E+9	1.549087000E-5
1.419443333E+9	1.530507000E-5
1.419446667E+9	1.552636000E-5
1.419450000E+9	1.683313000E-5
1.419453333E+9	1.581678000E-5
1.419456667E+9	1.551387000E-5
1.419460000E+9	1.525478000E-5
1.419463333E+9	1.514259000E-5
1.419466667E+9	1.520809000E-5
1.419470000E+9	1.528546000E-5
1.419473333E+9	1.533559000E-5
1.419476667E+9	1.490645000E-5
1.419480000E+9	1.544666000E-5
1.419483333E+9	1.517173000E-5
1.419486667E+9	1.535006000E-5
1.419490000E+9	1.532507000E-5
1.419493333E+9	1.523901000E-5
1.419496667E+9	1.494563000E-5
1.419500000E+9	1.507582000E-5
1.419503333E+9	1.504321000E-5
1.419506667E+9	1.495103000E-5
1.419510000E+9	1.520682000E-5
1.419513333E+9	1.500779000E-5
1.419516667E+9	1.501216000E-5
1.419520000E+9	1.514232000E-5
1.419523333E+9	1.511500000E-5
1.419526667E+9	1.517099000E-5
1.419530000E+9	1.509160000E-5
1.419533333E+9	1.519887000E-5
1.419536667E+9	1.496392000E-5
1.419540000E+9	1.505327000E-5
1.419543333E+9	1.538167000E-5
1.419546667E+9	1.510743000E-5
1.419550000E+9	1.535426000E-5
1.419553333E+9	1.491115000E-5
1.419556667E+9	1.519895000E-5
1.419560000E+9	1.497673000E-5
1.419563333E+9	1.497257000E-5
1.419566667E+9	1.512585000E-5
1.419570000E+9	1.529750000E-5
1.419573333E+9	1.503641000E-5
1.419576667E+9	1.527506000E-5
1.419580000E+9	1.505461000E-5
1.419583333E+9	1.502386000E-5
1.419586667E+9	1.533261000E-5
1.419590000E+9	1.494068000E-5
1.419593333E+9	1.472557000E-5
1.419596667E+9	1.508661000E-5
1.419600000E+9	1.496131000E-5
1.419603333E+9	1.584384000E-5
1.419606667E+9	1.525245000E-5
1.419610000E+9	1.514550000E-5
1.419613333E+9	1.516993000E-5
1.419616667E+9	1.502584000E-5
1.419620000E+9	1.497459000E-5
1.419623333E+9	1.503206000E-5
1.419626667E+9	1.494045000E-5
1.419630000E+9	1.508045000E-5
1.419633333E+9	1.513566000E-5
1.419636667E+9	1.523384000E-5
1.419640000E+9	1.533262000E-5
1.419643333E+9	1.532707000E-5
1.419646667E+9	1.482541000E-5
1.419650000E+9	1.511925000E-5
1.419653333E+9	1.510849000E-5
1.419656667E+9	1.522760000E-5
1.419660000E+9	1.470874000E-5
1.419663333E+9	1.496392000E-5
1.419666667E+9	1.521087000E-5
1.419670000E+9	1.528640000E-5
1.419673333E+9	1.502485000E-5
1.419676667E+9	1.496386000E-5
1.419680000E+9	1.504876000E-5
1.419683333E+9	1.527769000E-5
1.419686667E+9	1.488766000E-5
1.419690000E+9	1.486595000E-5
1.419693333E+9	1.504110000E-5
1.419696667E+9	1.493648000E-5
1.419700000E+9	1.495594000E-5
1.419703333E+9	1.523538000E-5
1.419706667E+9	1.544946000E-5
1.419710000E+9	1.531950000E-5
1.419713333E+9	1.519011000E-5
1.419716667E+9	1.531881000E-5
1.419720000E+9	1.508166000E-5
1.419723333E+9	1.524050000E-5
1.419726667E+9	1.518266000E-5
1.419730000E+9	1.494864000E-5
1.419733333E+9	1.560734000E-5
1.419736667E+9	1.552375000E-5
1.419740000E+9	1.609213000E-5
1.419743333E+9	1.671830000E-5
1.419746667E+9	1.564520000E-5
1.419750000E+9	1.538759000E-5
1.419753333E+9	1.591561000E-5
1.419756667E+9	1.483917000E-5
1.419760000E+9	1.505585000E-5
1.419763333E+9	1.530323000E-5
1.419766667E+9	1.494896000E-5
1.419770000E+9	1.491100000E-5
1.419773333E+9	1.505504000E-5
1.419776667E+9	1.517264000E-5
1.419780000E+9	1.518339000E-5
1.419783333E+9	1.518631000E-5
1.419786667E+9	1.537347000E-5
1.419790000E+9	1.542216000E-5
1.419793333E+9	1.491883000E-5
1.419796667E+9	1.530215000E-5
1.419800000E+9	1.516517000E-5
1.419803333E+9	1.508996000E-5
1.419806667E+9	1.510989000E-5
1.419810000E+9	1.524895000E-5
1.419813333E+9	1.498637000E-5
1.419816667E+9	1.524580000E-5
1.419820000E+9	1.531571000E-5
1.419823333E+9	1.505645000E-5
1.419826667E+9	1.545537000E-5
1.419830000E+9	1.506036000E-5
1.419833333E+9	1.528469000E-5
1.419836667E+9	1.513526000E-5
1.419840000E+9	1.460674000E-5
1.419843333E+9	1.488810000E-5
1.419846667E+9	1.482569000E-5
1.419850000E+9	1.501176000E-5
1.419853333E+9	1.495753000E-5
1.419856667E+9	1.517889000E-5
1.419860000E+9	1.528031000E-5
1.419863333E+9	1.547345000E-5
1.419866667E+9	1.518688000E-5
1.419870000E+9	1.547934000E-5
1.419873333E+9	1.495987000E-5
1.419876667E+9	1.505949000E-5
1.419880000E+9	1.498670000E-5
1.419883333E+9	1.494063000E-5
1.419886667E+9	1.539189000E-5
1.419890000E+9	1.527873000E-5
1.419893333E+9	1.489017000E-5
1.419896667E+9	1.505912000E-5
1.419900000E+9	1.537127000E-5
1.419903333E+9	1.544302000E-5
1.419906667E+9	1.501667000E-5
1.419910000E+9	1.499270000E-5
1.419913333E+9	1.500721000E-5
1.419916667E+9	1.512783000E-5
1.419920000E+9	1.507345000E-5
1.419923333E+9	1.499973000E-5
1.419926667E+9	1.498497000E-5
1.419930000E+9	1.521944000E-5
1.419933333E+9	1.484874000E-5
1.419936667E+9	1.529889000E-5
1.419940000E+9	1.529906000E-5
1.419943333E+9	1.521426000E-5
1.419946667E+9	1.480319000E-5
1.419950000E+9	1.504874000E-5
1.419953333E+9	1.515821000E-5
1.419956667E+9	1.518014000E-5
1.419960000E+9	1.490908000E-5
1.419963333E+9	1.513511000E-5
1.419966667E+9	1.505164000E-5
1.419970000E+9	1.483692000E-5
1.419973333E+9	1.533148000E-5
1.419976667E+9	1.580149000E-5
1.419980000E+9	1.655996000E-5
1.419983333E+9	1.525237000E-5
1.419986667E+9	1.494125000E-5
1.419990000E+9	1.513876000E-5
1.419993333E+9	1.526907000E-5
1.419996667E+9	1.482324000E-5
1.420000000E+9	1.601538000E-5
1.420003333E+9	1.731017000E-5
1.420006667E+9	1.512702000E-5
1.420010000E+9	1.483217000E-5
1.420013333E+9	1.512743000E-5
1.420016667E+9	1.491316000E-5
1.420020000E+9	1.517866000E-5
1.420023333E+9	1.517411000E-5
1.420026667E+9	1.502386000E-5
1.420030000E+9	1.503317000E-5
1.420033333E+9	1.601201000E-5
1.420036667E+9	1.631410000E-5
1.420040000E+9	1.556603000E-5
1.420043333E+9	1.530966000E-5
1.420046667E+9	1.498573000E-5
1.420050000E+9	1.519176000E-5
1.420053333E+9	1.506536000E-5
1.420056667E+9	1.503414000E-5
1.420060000E+9	1.497630000E-5
1.420063333E+9	1.475965000E-5
1.420066667E+9	1.516731000E-5
1.420070000E+9	1.498992000E-5
1.420073333E+9	1.516823000E-5
1.420076667E+9	1.478324000E-5
1.420080000E+9	1.493433000E-5
1.420083333E+9	1.500850000E-5
1.420086667E+9	1.509115000E-5
1.420090000E+9	1.500952000E-5
1.420093333E+9	1.500402000E-5
1.420096667E+9	1.518493000E-5
1.420100000E+9	1.479887000E-5
1.420103333E+9	1.509375000E-5
1.420106667E+9	1.501559000E-5
1.420110000E+9	1.496836000E-5
1.420113333E+9	1.485475000E-5
1.420116667E+9	1.483278000E-5
1.420120000E+9	1.484481000E-5
1.420123333E+9	1.473605000E-5
1.420126667E+9	1.508088000E-5
1.420130000E+9	1.527972000E-5
1.420133333E+9	1.513765000E-5
1.420136667E+9	1.509418000E-5
1.420140000E+9	1.506136000E-5
1.420143333E+9	1.474008000E-5
1.420146667E+9	1.482878000E-5
1.420150000E+9	1.464114000E-5
1.420153333E+9	1.514556000E-5
1.420156667E+9	1.507252000E-5
1.420160000E+9	1.492245000E-5
1.420163333E+9	1.504706000E-5
1.420166667E+9	1.495515000E-5
1.420170000E+9	1.495304000E-5
1.420173333E+9	1.501692000E-5
1.420176667E+9	1.494509000E-5
1.420180000E+9	1.467897000E-5
1.420183333E+9	1.500731000E-5
1.420186667E+9	1.486603000E-5
1.420190000E+9	1.506366000E-5
1.420193333E+9	1.490702000E-5
1.420196667E+9	1.499744000E-5
1.420200000E+9	1.533677000E-5
1.420203333E+9	1.515415000E-5
1.420206667E+9	1.511626000E-5
1.420210000E+9	1.497071000E-5
1.420213333E+9	1.513380000E-5
1.420216667E+9	1.523289000E-5
1.420220000E+9	1.505297000E-5
1.420223333E+9	1.484608000E-5
1.420226667E+9	1.500303000E-5
1.420230000E+9	1.523365000E-5
1.420233333E+9	1.492708000E-5
1.420236667E+9	1.524580000E-5
1.420240000E+9	1.482630000E-5
1.420243333E+9	1.531469000E-5
1.420246667E+9	1.507237000E-5
1.420250000E+9	1.504404000E-5
1.420253333E+9	1.513404000E-5
1.420256667E+9	1.464560000E-5
1.420260000E+9	1.498375000E-5
1.420263333E+9	1.477057000E-5
1.420266667E+9	1.483972000E-5
1.420270000E+9	1.501524000E-5
1.420273333E+9	1.518304000E-5
1.420276667E+9	1.508348000E-5
1.420280000E+9	1.506245000E-5
1.420283333E+9	1.529427000E-5
1.420286667E+9	1.498091000E-5
1.420290000E+9	1.503609000E-5
1.420293333E+9	1.508065000E-5
1.420296667E+9	1.593229000E-5
1.420300000E+9	1.521141000E-5
1.420303333E+9	1.505116000E-5
1.420306667E+9	1.515268000E-5
1.420310000E+9	1.531344000E-5
1.420313333E+9	1.507482000E-5
1.420316667E+9	1.506582000E-5
1.420320000E+9	1.483875000E-5
1.420323333E+9	1.518491000E-5
1.420326667E+9	1.643244000E-5
1.420330000E+9	1.595720000E-5
1.420333333E+9	1.530212000E-5
1.420336667E+9	1.489926000E-5
1.420340000E+9	1.518114000E-5
1.420343333E+9	1.474831000E-5
1.420346667E+9	1.502622000E-5
1.420350000E+9	1.536110000E-5
1.420353333E+9	1.512717000E-5
1.420356667E+9	1.492048000E-5
1.420360000E+9	1.527999000E-5
1.420363333E+9	1.479828000E-5
1.420366667E+9	1.532934000E-5
1.420370000E+9	1.497719000E-5
1.420373333E+9	1.522332000E-5
1.420376667E+9	1.501450000E-5
1.420380000E+9	1.525451000E-5
1.420383333E+9	1.496376000E-5
1.420386667E+9	1.521664000E-5
1.420390000E+9	1.508439000E-5
1.420393333E+9	1.523016000E-5
1.420396667E+9	1.502690000E-5
1.420400000E+9	1.488633000E-5
1.420403333E+9	1.516995000E-5
1.420406667E+9	1.520258000E-5
1.420410000E+9	1.494681000E-5
1.420413333E+9	1.532458000E-5
1.420416667E+9	1.530766000E-5
1.420420000E+9	1.493695000E-5
1.420423333E+9	1.520824000E-5
1.420426667E+9	1.527816000E-5
1.420430000E+9	1.515849000E-5
1.420433333E+9	1.526195000E-5
1.420436667E+9	1.492155000E-5
1.420440000E+9	1.497300000E-5
1.420443333E+9	1.543983000E-5
1.420446667E+9	1.521610000E-5
1.420450000E+9	1.542351000E-5
1.420453333E+9	1.570874000E-5
1.420456667E+9	1.539252000E-5
1.420460000E+9	1.555504000E-5
1.420463333E+9	1.585686000E-5
1.420466667E+9	1.601261000E-5
1.420470000E+9	1.611731000E-5
1.420473333E+9	1.600819000E-5
1.420476667E+9	1.647392000E-5
1.420480000E+9	1.620481000E-5
1.420483333E+9	1.661356000E-5
1.420486667E+9	1.655199000E-5
1.420490000E+9	1.661362000E-5
1.420493333E+9	1.678271000E-5
1.420496667E+9	1.699932000E-5
1.420500000E+9	1.702833000E-5
1.420503333E+9	1.662794000E-5
1.420506667E+9	1.629743000E-5
1.420510000E+9	1.681983000E-5
1.420513333E+9	1.701738000E-5
1.420516667E+9	1.661011000E-5
1.420520000E+9	1.653613000E-5
1.420523333E+9	1.686841000E-5
1.420526667E+9	1.658952000E-5
1.420530000E+9	1.651724000E-5
1.420533333E+9	1.663813000E-5
1.420536667E+9	1.670783000E-5
1.420540000E+9	1.637448000E-5
1.420543333E+9	1.643226000E-5
1.420546667E+9	1.661639000E-5
1.420550000E+9	1.662402000E-5
1.420553333E+9	1.615107000E-5
1.420556667E+9	1.632040000E-5
1.420560000E+9	1.621725000E-5
1.420563333E+9	1.632133000E-5
1.420566667E+9	1.606729000E-5
1.420570000E+9	1.612717000E-5
1.420573333E+9	1.592223000E-5
1.420576667E+9	1.564393000E-5
1.420580000E+9	1.613526000E-5
1.420583333E+9	1.553406000E-5
1.420586667E+9	1.553586000E-5
1.420590000E+9	1.607098000E-5
1.420593333E+9	1.594308000E-5
1.420596667E+9	1.553146000E-5
1.420600000E+9	1.546142000E-5
1.420603333E+9	1.543973000E-5
1.420606667E+9	1.568781000E-5
1.420610000E+9	1.591984000E-5
1.420613333E+9	1.570232000E-5
1.420616667E+9	1.529390000E-5
1.420620000E+9	1.769091000E-5
1.420623333E+9	1.686965000E-5
1.420626667E+9	1.619212000E-5
1.420630000E+9	1.581638000E-5
1.420633333E+9	1.577143000E-5
1.420636667E+9	1.577658000E-5
1.420640000E+9	1.544921000E-5
1.420643333E+9	1.579812000E-5
1.420646667E+9	1.649739000E-5
1.420650000E+9	1.600688000E-5
1.420653333E+9	1.595793000E-5
1.420656667E+9	1.592725000E-5
1.420660000E+9	1.578051000E-5
1.420663333E+9	1.570667000E-5
1.420666667E+9	1.592692000E-5
1.420670000E+9	1.611147000E-5
1.420673333E+9	1.589655000E-5
1.420676667E+9	1.601463000E-5
1.420680000E+9	1.619844000E-5
1.420683333E+9	1.652179000E-5
1.420686667E+9	1.628317000E-5
1.420690000E+9	1.642430000E-5
1.420693333E+9	1.622977000E-5
1.420696667E+9	1.644403000E-5
1.420700000E+9	1.635364000E-5
1.420703333E+9	1.630239000E-5
1.420706667E+9	1.617096000E-5
1.420710000E+9	1.621482000E-5
1.420713333E+9	1.644650000E-5
1.420716667E+9	1.666719000E-5
1.420720000E+9	1.672780000E-5
1.420723333E+9	1.621887000E-5
1.420726667E+9	1.574311000E-5
1.420730000E+9	1.642814000E-5
1.420733333E+9	1.633239000E-5
1.420736667E+9	1.632952000E-5
1.420740000E+9	1.613020000E-5
1.420743333E+9	1.613406000E-5
1.420746667E+9	1.621572000E-5
1.420750000E+9	1.652237000E-5
1.420753333E+9	1.605835000E-5
1.420756667E+9	1.629319000E-5
1.420760000E+9	1.671045000E-5
1.420763333E+9	1.622501000E-5
1.420766667E+9	1.634990000E-5
1.420770000E+9	1.579922000E-5
1.420773333E+9	1.608619000E-5
1.420776667E+9	1.593083000E-5
1.420780000E+9	1.633074000E-5
1.420783333E+9	1.609230000E-5
1.420786667E+9	1.625888000E-5
1.420790000E+9	1.597771000E-5
1.420793333E+9	1.624389000E-5
1.420796667E+9	1.687775000E-5
1.420800000E+9	1.591414000E-5
1.420803333E+9	1.618596000E-5
1.420806667E+9	1.600895000E-5
1.420810000E+9	1.569960000E-5
1.420813333E+9	1.575667000E-5
1.420816667E+9	1.613413000E-5
1.420820000E+9	1.589109000E-5
1.420823333E+9	1.594856000E-5
1.420826667E+9	1.559882000E-5
1.420830000E+9	1.565770000E-5
1.420833333E+9	1.552459000E-5
1.420836667E+9	1.539105000E-5
1.420840000E+9	1.537663000E-5
1.420843333E+9	1.537321000E-5
1.420846667E+9	1.547110000E-5
1.420850000E+9	1.517439000E-5
1.420853333E+9	1.514565000E-5
1.420856667E+9	1.529392000E-5
1.420860000E+9	1.515768000E-5
1.420863333E+9	1.531210000E-5
1.420866667E+9	1.532017000E-5
1.420870000E+9	1.570439000E-5
1.420873333E+9	1.552349000E-5
1.420876667E+9	1.526510000E-5
1.420880000E+9	1.566440000E-5
1.420883333E+9	1.625918000E-5
1.420886667E+9	1.620790000E-5
1.420890000E+9	1.538468000E-5
1.420893333E+9	1.532828000E-5
1.420896667E+9	1.525273000E-5
1.420900000E+9	1.547454000E-5
1.420903333E+9	1.564194000E-5
1.420906667E+9	1.599444000E-5
1.420910000E+9	1.602263000E-5
1.420913333E+9	2.210983000E-5
1.420916667E+9	1.861126000E-5
1.420920000E+9	1.710125000E-5
1.420923333E+9	1.586606000E-5
1.420926667E+9	1.515648000E-5
1.420930000E+9	1.536417000E-5
1.420933333E+9	1.527145000E-5
1.420936667E+9	1.507330000E-5
1.420940000E+9	1.536417000E-5
1.420943333E+9	1.573045000E-5
1.420946667E+9	1.583383000E-5
1.420950000E+9	1.522936000E-5
1.420953333E+9	1.545000000E-5
1.420956667E+9	1.532426000E-5
1.420960000E+9	1.550224000E-5
1.420963333E+9	1.527445000E-5
1.420966667E+9	1.558631000E-5
1.420970000E+9	1.559216000E-5
1.420973333E+9	1.521990000E-5
1.420976667E+9	1.527980000E-5
1.420980000E+9	1.524473000E-5
1.420983333E+9	1.562373000E-5
1.420986667E+9	1.532943000E-5
1.420990000E+9	1.563576000E-5
1.420993333E+9	1.525371000E-5
1.420996667E+9	1.524217000E-5
1.421000000E+9	1.525278000E-5
1.421003333E+9	1.483956000E-5
1.421006667E+9	1.495392000E-5
1.421010000E+9	1.485634000E-5
1.421013333E+9	1.516144000E-5
1.421016667E+9	1.529921000E-5
1.421020000E+9	1.504067000E-5
1.421023333E+9	1.505747000E-5
1.421026667E+9	1.495709000E-5
1.421030000E+9	1.496162000E-5
1.421033333E+9	1.483632000E-5
1.421036667E+9	1.509153000E-5
1.421040000E+9	1.503551000E-5
1.421043333E+9	1.499776000E-5
1.421046667E+9	1.479799000E-5
1.421050000E+9	1.501081000E-5
1.421053333E+9	1.503852000E-5
1.421056667E+9	1.543793000E-5
1.421060000E+9	1.518099000E-5
1.421063333E+9	1.486683000E-5
1.421066667E+9	1.491026000E-5
1.421070000E+9	1.521689000E-5
1.421073333E+9	1.499889000E-5
1.421076667E+9	1.488475000E-5
1.421080000E+9	1.506662000E-5
1.421083333E+9	1.449104000E-5
1.421086667E+9	1.502090000E-5
1.421090000E+9	1.471397000E-5
1.421093333E+9	1.508058000E-5
1.421096667E+9	1.554459000E-5
1.421100000E+9	1.501310000E-5
1.421103333E+9	1.513188000E-5
1.421106667E+9	1.490892000E-5
1.421110000E+9	1.489686000E-5
1.421113333E+9	1.488904000E-5
1.421116667E+9	1.471349000E-5
1.421120000E+9	1.486668000E-5
1.421123333E+9	1.488229000E-5
1.421126667E+9	1.492987000E-5
1.421130000E+9	1.485009000E-5
1.421133333E+9	1.502802000E-5
1.421136667E+9	1.497498000E-5
1.421140000E+9	1.461742000E-5
1.421143333E+9	1.498872000E-5
1.421146667E+9	1.493787000E-5
1.421150000E+9	1.476483000E-5
1.421153333E+9	1.503982000E-5
1.421156667E+9	1.520181000E-5
1.421160000E+9	1.503228000E-5
1.421163333E+9	1.479229000E-5
1.421166667E+9	1.502833000E-5
1.421170000E+9	1.506589000E-5
1.421173333E+9	1.501120000E-5
1.421176667E+9	1.583398000E-5
1.421180000E+9	1.706417000E-5
1.421183333E+9	1.473204000E-5
1.421186667E+9	1.491924000E-5
1.421190000E+9	1.476996000E-5
1.421193333E+9	1.477387000E-5
1.421196667E+9	1.526724000E-5
1.421200000E+9	1.509649000E-5
1.421203333E+9	1.516633000E-5
1.421206667E+9	1.820967000E-5
1.421210000E+9	1.587970000E-5
1.421213333E+9	1.548247000E-5
1.421216667E+9	1.513107000E-5
1.421220000E+9	1.515929000E-5
1.421223333E+9	1.496984000E-5
1.421226667E+9	1.506020000E-5
1.421230000E+9	1.479362000E-5
1.421233333E+9	1.488414000E-5
1.421236667E+9	1.489719000E-5
1.421240000E+9	1.511850000E-5
1.421243333E+9	1.533639000E-5
1.421246667E+9	1.500436000E-5
1.421250000E+9	1.480922000E-5
1.421253333E+9	1.481727000E-5
1.421256667E+9	1.441428000E-5
1.421260000E+9	1.505182000E-5
1.421263333E+9	1.487715000E-5
1.421266667E+9	1.488262000E-5
1.421270000E+9	1.470556000E-5
1.421273333E+9	1.499089000E-5
1.421276667E+9	1.494373000E-5
1.421280000E+9	1.489104000E-5
1.421283333E+9	1.466826000E-5
1.421286667E+9	1.473049000E-5
1.421290000E+9	1.494299000E-5
1.421293333E+9	1.495436000E-5
1.421296667E+9	1.507721000E-5
1.421300000E+9	1.490519000E-5
1.421303333E+9	1.508656000E-5
1.421306667E+9	1.482533000E-5
1.421310000E+9	1.493607000E-5
1.421313333E+9	1.489101000E-5
1.421316667E+9	1.502472000E-5
1.421320000E+9	1.502274000E-5
1.421323333E+9	1.471887000E-5
1.421326667E+9	1.466486000E-5
1.421330000E+9	1.477002000E-5
1.421333333E+9	1.485135000E-5
1.421336667E+9	1.466473000E-5
1.421340000E+9	1.475124000E-5
1.421343333E+9	1.475307000E-5
1.421346667E+9	1.479867000E-5
1.421350000E+9	1.463719000E-5
1.421353333E+9	1.465155000E-5
1.421356667E+9	1.522426000E-5
1.421360000E+9	1.462678000E-5
1.421363333E+9	1.496131000E-5
1.421366667E+9	1.513353000E-5
1.421370000E+9	1.486782000E-5
1.421373333E+9	1.501545000E-5
1.421376667E+9	1.497834000E-5
1.421380000E+9	1.514297000E-5
1.421383333E+9	1.474837000E-5
1.421386667E+9	1.473905000E-5
1.421390000E+9	1.497628000E-5
1.421393333E+9	1.550586000E-5
1.421396667E+9	1.482276000E-5
1.421400000E+9	1.470107000E-5
