Frequency, Hz	Amplitude, Volts
1.419400000E+9	1.816835000E-5
1.419403333E+9	1.850427000E-5
1.419406667E+9	1.789966000E-5
1.419410000E+9	1.787225000E-5
1.419413333E+9	1.782132000E-5
1.419416667E+9	1.801674000E-5
1.419420000E+9	1.787568000E-5
1.419423333E+9	1.794658000E-5
1.419426667E+9	1.780659000E-5
1.419430000E+9	1.819426000E-5
1.419433333E+9	1.806218000E-5
1.419436667E+9	1.829594000E-5
1.419440000E+9	1.787372000E-5
1.419443333E+9	1.754801000E-5
1.419446667E+9	1.827015000E-5
1.419450000E+9	1.971890000E-5
1.419453333E+9	1.836135000E-5
1.419456667E+9	1.816298000E-5
1.419460000E+9	1.803840000E-5
1.419463333E+9	1.770288000E-5
1.419466667E+9	1.771844000E-5
1.419470000E+9	1.782349000E-5
1.419473333E+9	1.769441000E-5
1.419476667E+9	1.770201000E-5
1.419480000E+9	1.773948000E-5
1.419483333E+9	1.782011000E-5
1.419486667E+9	1.784123000E-5
1.419490000E+9	1.823270000E-5
1.419493333E+9	1.783725000E-5
1.419496667E+9	1.836788000E-5
1.419500000E+9	1.802737000E-5
1.419503333E+9	1.782022000E-5
1.419506667E+9	1.758008000E-5
1.419510000E+9	1.779658000E-5
1.419513333E+9	1.776621000E-5
1.419516667E+9	1.748209000E-5
1.419520000E+9	1.796951000E-5
1.419523333E+9	1.774451000E-5
1.419526667E+9	1.805823000E-5
1.419530000E+9	1.808250000E-5
1.419533333E+9	1.787517000E-5
1.419536667E+9	1.791573000E-5
1.419540000E+9	1.790467000E-5
1.419543333E+9	1.818090000E-5
1.419546667E+9	1.784262000E-5
1.419550000E+9	1.813104000E-5
1.419553333E+9	1.790021000E-5
1.419556667E+9	1.763775000E-5
1.419560000E+9	1.788410000E-5
1.419563333E+9	1.792249000E-5
1.419566667E+9	1.770399000E-5
1.419570000E+9	1.750948000E-5
1.419573333E+9	1.762053000E-5
1.419576667E+9	1.749011000E-5
1.419580000E+9	1.768346000E-5
1.419583333E+9	1.749009000E-5
1.419586667E+9	1.753611000E-5
1.419590000E+9	1.814638000E-5
1.419593333E+9	1.782059000E-5
1.419596667E+9	1.736621000E-5
1.419600000E+9	1.738269000E-5
1.419603333E+9	1.756750000E-5
1.419606667E+9	1.787709000E-5
1.419610000E+9	1.784135000E-5
1.419613333E+9	1.756385000E-5
1.419616667E+9	1.769968000E-5
1.419620000E+9	1.771317000E-5
1.419623333E+9	1.727362000E-5
1.419626667E+9	1.763506000E-5
1.419630000E+9	1.775232000E-5
1.419633333E+9	1.815760000E-5
1.419636667E+9	1.817390000E-5
1.419640000E+9	1.766211000E-5
1.419643333E+9	1.758774000E-5
1.419646667E+9	1.740576000E-5
1.419650000E+9	1.756711000E-5
1.419653333E+9	1.743407000E-5
1.419656667E+9	1.764926000E-5
1.419660000E+9	1.767501000E-5
1.419663333E+9	1.760966000E-5
1.419666667E+9	1.764693000E-5
1.419670000E+9	1.780378000E-5
1.419673333E+9	1.751786000E-5
1.419676667E+9	1.743748000E-5
1.419680000E+9	1.777856000E-5
1.419683333E+9	1.800595000E-5
1.419686667E+9	1.731534000E-5
1.419690000E+9	1.724020000E-5
1.419693333E+9	1.733432000E-5
1.419696667E+9	1.743049000E-5
1.419700000E+9	1.753692000E-5
1.419703333E+9	1.744131000E-5
1.419706667E+9	1.764738000E-5
1.419710000E+9	1.795032000E-5
1.419713333E+9	1.749403000E-5
1.419716667E+9	1.705969000E-5
1.419720000E+9	1.766116000E-5
1.419723333E+9	1.753249000E-5
1.419726667E+9	1.767492000E-5
1.419730000E+9	1.792058000E-5
1.419733333E+9	1.940978000E-5
1.419736667E+9	1.785679000E-5
1.419740000E+9	1.727053000E-5
1.419743333E+9	1.813588000E-5
1.419746667E+9	1.771074000E-5
1.419750000E+9	1.774166000E-5
1.419753333E+9	1.756688000E-5
1.419756667E+9	1.684703000E-5
1.419760000E+9	1.748754000E-5
1.419763333E+9	1.761793000E-5
1.419766667E+9	1.805389000E-5
1.419770000E+9	1.725474000E-5
1.419773333E+9	1.751942000E-5
1.419776667E+9	1.797876000E-5
1.419780000E+9	1.779680000E-5
1.419783333E+9	1.749151000E-5
1.419786667E+9	1.721065000E-5
1.419790000E+9	1.705069000E-5
1.419793333E+9	1.735664000E-5
1.419796667E+9	1.738325000E-5
1.419800000E+9	1.762082000E-5
1.419803333E+9	1.731245000E-5
1.419806667E+9	1.710369000E-5
1.419810000E+9	1.726602000E-5
1.419813333E+9	1.750243000E-5
1.419816667E+9	1.745568000E-5
1.419820000E+9	1.738401000E-5
1.419823333E+9	1.769744000E-5
1.419826667E+9	1.747838000E-5
1.419830000E+9	1.763754000E-5
1.419833333E+9	1.742992000E-5
1.419836667E+9	1.745035000E-5
1.419840000E+9	1.762763000E-5
1.419843333E+9	1.739115000E-5
1.419846667E+9	1.732485000E-5
1.419850000E+9	1.722636000E-5
1.419853333E+9	1.742762000E-5
1.419856667E+9	1.752514000E-5
1.419860000E+9	1.719401000E-5
1.419863333E+9	1.743897000E-5
1.419866667E+9	1.780145000E-5
1.419870000E+9	1.813813000E-5
1.419873333E+9	1.728396000E-5
1.419876667E+9	1.737064000E-5
1.419880000E+9	1.719690000E-5
1.419883333E+9	1.726603000E-5
1.419886667E+9	1.742626000E-5
1.419890000E+9	1.723062000E-5
1.419893333E+9	1.777362000E-5
1.419896667E+9	1.732245000E-5
1.419900000E+9	1.745106000E-5
1.419903333E+9	1.756115000E-5
1.419906667E+9	1.739432000E-5
1.419910000E+9	1.710702000E-5
1.419913333E+9	1.759449000E-5
1.419916667E+9	1.750316000E-5
1.419920000E+9	1.706582000E-5
1.419923333E+9	1.722529000E-5
1.419926667E+9	1.727432000E-5
1.419930000E+9	1.714026000E-5
1.419933333E+9	1.722759000E-5
1.419936667E+9	1.735531000E-5
1.419940000E+9	1.709695000E-5
1.419943333E+9	1.703839000E-5
1.419946667E+9	1.728140000E-5
1.419950000E+9	1.724252000E-5
1.419953333E+9	1.716401000E-5
1.419956667E+9	1.718392000E-5
1.419960000E+9	1.762176000E-5
1.419963333E+9	1.763315000E-5
1.419966667E+9	1.723787000E-5
1.419970000E+9	1.718571000E-5
1.419973333E+9	1.707077000E-5
1.419976667E+9	1.737794000E-5
1.419980000E+9	1.740211000E-5
1.419983333E+9	1.672768000E-5
1.419986667E+9	1.720538000E-5
1.419990000E+9	1.760281000E-5
1.419993333E+9	1.749224000E-5
1.419996667E+9	1.701299000E-5
1.420000000E+9	1.893366000E-5
1.420003333E+9	1.993697000E-5
1.420006667E+9	1.722258000E-5
1.420010000E+9	1.739791000E-5
1.420013333E+9	1.717922000E-5
1.420016667E+9	1.713311000E-5
1.420020000E+9	1.732835000E-5
1.420023333E+9	1.710035000E-5
1.420026667E+9	1.699195000E-5
1.420030000E+9	1.717145000E-5
1.420033333E+9	1.723121000E-5
1.420036667E+9	1.762529000E-5
1.420040000E+9	1.794264000E-5
1.420043333E+9	1.732764000E-5
1.420046667E+9	1.730452000E-5
1.420050000E+9	1.707838000E-5
1.420053333E+9	1.655113000E-5
1.420056667E+9	1.730384000E-5
1.420060000E+9	1.710918000E-5
1.420063333E+9	1.704303000E-5
1.420066667E+9	1.711746000E-5
1.420070000E+9	1.706811000E-5
1.420073333E+9	1.699925000E-5
1.420076667E+9	1.701568000E-5
1.420080000E+9	1.714319000E-5
1.420083333E+9	1.705977000E-5
1.420086667E+9	1.724805000E-5
1.420090000E+9	1.676759000E-5
1.420093333E+9	1.675141000E-5
1.420096667E+9	1.709421000E-5
1.420100000E+9	1.703682000E-5
1.420103333E+9	1.685121000E-5
1.420106667E+9	1.687248000E-5
1.420110000E+9	1.695578000E-5
1.420113333E+9	1.696676000E-5
1.420116667E+9	1.669492000E-5
1.420120000E+9	1.681104000E-5
1.420123333E+9	1.702771000E-5
1.420126667E+9	1.678249000E-5
1.420130000E+9	1.681694000E-5
1.420133333E+9	1.664354000E-5
1.420136667E+9	1.706545000E-5
1.420140000E+9	1.686437000E-5
1.420143333E+9	1.698919000E-5
1.420146667E+9	1.656971000E-5
1.420150000E+9	1.695658000E-5
1.420153333E+9	1.679891000E-5
1.420156667E+9	1.717160000E-5
1.420160000E+9	1.717649000E-5
1.420163333E+9	1.701486000E-5
1.420166667E+9	1.723830000E-5
1.420170000E+9	1.688720000E-5
1.420173333E+9	1.699150000E-5
1.420176667E+9	1.682719000E-5
1.420180000E+9	1.648488000E-5
1.420183333E+9	1.679478000E-5
1.420186667E+9	1.697582000E-5
1.420190000E+9	1.698659000E-5
1.420193333E+9	1.721052000E-5
1.420196667E+9	1.736007000E-5
1.420200000E+9	1.696756000E-5
1.420203333E+9	1.694997000E-5
1.420206667E+9	1.699189000E-5
1.420210000E+9	1.659220000E-5
1.420213333E+9	1.682647000E-5
1.420216667E+9	1.724773000E-5
1.420220000E+9	1.705687000E-5
1.420223333E+9	1.670509000E-5
1.420226667E+9	1.678396000E-5
1.420230000E+9	1.685199000E-5
1.420233333E+9	1.649484000E-5
1.420236667E+9	1.676812000E-5
1.420240000E+9	1.726943000E-5
1.420243333E+9	1.733444000E-5
1.420246667E+9	1.695724000E-5
1.420250000E+9	1.639177000E-5
1.420253333E+9	1.703085000E-5
1.420256667E+9	1.721844000E-5
1.420260000E+9	1.699122000E-5
1.420263333E+9	1.695950000E-5
1.420266667E+9	1.669723000E-5
1.420270000E+9	1.686313000E-5
1.420273333E+9	1.695081000E-5
1.420276667E+9	1.692393000E-5
1.420280000E+9	1.671527000E-5
1.420283333E+9	1.682629000E-5
1.420286667E+9	1.690135000E-5
1.420290000E+9	1.713555000E-5
1.420293333E+9	1.681067000E-5
1.420296667E+9	1.714523000E-5
1.420300000E+9	1.668931000E-5
1.420303333E+9	1.682485000E-5
1.420306667E+9	1.696697000E-5
1.420310000E+9	1.691355000E-5
1.420313333E+9	1.671771000E-5
1.420316667E+9	1.666398000E-5
1.420320000E+9	1.709380000E-5
1.420323333E+9	1.728916000E-5
1.420326667E+9	1.698469000E-5
1.420330000E+9	1.713446000E-5
1.420333333E+9	1.765922000E-5
1.420336667E+9	1.707358000E-5
1.420340000E+9	1.725070000E-5
1.420343333E+9	1.703987000E-5
1.420346667E+9	1.670119000E-5
1.420350000E+9	1.675555000E-5
1.420353333E+9	1.687687000E-5
1.420356667E+9	1.651829000E-5
1.420360000E+9	1.683272000E-5
1.420363333E+9	1.714681000E-5
1.420366667E+9	1.686771000E-5
1.420370000E+9	1.670924000E-5
1.420373333E+9	1.701738000E-5
1.420376667E+9	1.685108000E-5
1.420380000E+9	1.701792000E-5
1.420383333E+9	1.717015000E-5
1.420386667E+9	1.687858000E-5
1.420390000E+9	1.688232000E-5
1.420393333E+9	1.677569000E-5
1.420396667E+9	1.665753000E-5
1.420400000E+9	1.720824000E-5
1.420403333E+9	1.662340000E-5
1.420406667E+9	1.696883000E-5
1.420410000E+9	1.720227000E-5
1.420413333E+9	1.721003000E-5
1.420416667E+9	1.694264000E-5
1.420420000E+9	1.678483000E-5
1.420423333E+9	1.678553000E-5
1.420426667E+9	1.717726000E-5
1.420430000E+9	1.693061000E-5
1.420433333E+9	1.709800000E-5
1.420436667E+9	1.720021000E-5
1.420440000E+9	1.744324000E-5
1.420443333E+9	1.733345000E-5
1.420446667E+9	1.722253000E-5
1.420450000E+9	1.752231000E-5
1.420453333E+9	1.754075000E-5
1.420456667E+9	1.806388000E-5
1.420460000E+9	1.792822000E-5
1.420463333E+9	1.794423000E-5
1.420466667E+9	1.778801000E-5
1.420470000E+9	1.805599000E-5
1.420473333E+9	1.854862000E-5
1.420476667E+9	1.866580000E-5
1.420480000E+9	1.878441000E-5
1.420483333E+9	1.874030000E-5
1.420486667E+9	1.879221000E-5
1.420490000E+9	1.876219000E-5
1.420493333E+9	1.857778000E-5
1.420496667E+9	1.874818000E-5
1.420500000E+9	1.852523000E-5
1.420503333E+9	1.869499000E-5
1.420506667E+9	1.876876000E-5
1.420510000E+9	1.915267000E-5
1.420513333E+9	1.892134000E-5
1.420516667E+9	1.889298000E-5
1.420520000E+9	1.888676000E-5
1.420523333E+9	1.899702000E-5
1.420526667E+9	1.918603000E-5
1.420530000E+9	1.907167000E-5
1.420533333E+9	1.949239000E-5
1.420536667E+9	1.914220000E-5
1.420540000E+9	1.913479000E-5
1.420543333E+9	1.954798000E-5
1.420546667E+9	1.963238000E-5
1.420550000E+9	1.919292000E-5
1.420553333E+9	1.914800000E-5
1.420556667E+9	1.914737000E-5
1.420560000E+9	1.952072000E-5
1.420563333E+9	1.947611000E-5
1.420566667E+9	1.891245000E-5
1.420570000E+9	1.930485000E-5
1.420573333E+9	1.874903000E-5
1.420576667E+9	1.892279000E-5
1.420580000E+9	1.850224000E-5
1.420583333E+9	1.851582000E-5
1.420586667E+9	1.868622000E-5
1.420590000E+9	2.038255000E-5
1.420593333E+9	1.880775000E-5
1.420596667E+9	1.860777000E-5
1.420600000E+9	1.830680000E-5
1.420603333E+9	1.853612000E-5
1.420606667E+9	1.853353000E-5
1.420610000E+9	1.802398000E-5
1.420613333E+9	1.847082000E-5
1.420616667E+9	1.806321000E-5
1.420620000E+9	1.830814000E-5
1.420623333E+9	1.848882000E-5
1.420626667E+9	1.846806000E-5
1.420630000E+9	1.773905000E-5
1.420633333E+9	1.745196000E-5
1.420636667E+9	1.739209000E-5
1.420640000E+9	1.732302000E-5
1.420643333E+9	1.718047000E-5
1.420646667E+9	1.731910000E-5
1.420650000E+9	1.691760000E-5
1.420653333E+9	1.704926000E-5
1.420656667E+9	1.738888000E-5
1.420660000E+9	1.757581000E-5
1.420663333E+9	1.743361000E-5
1.420666667E+9	1.704367000E-5
1.420670000E+9	1.737262000E-5
1.420673333E+9	1.713224000E-5
1.420676667E+9	1.722612000E-5
1.420680000E+9	1.685049000E-5
1.420683333E+9	1.691102000E-5
1.420686667E+9	1.702355000E-5
1.420690000E+9	1.692001000E-5
1.420693333E+9	1.671063000E-5
1.420696667E+9	1.698797000E-5
1.420700000E+9	1.686969000E-5
1.420703333E+9	1.682544000E-5
1.420706667E+9	1.676297000E-5
1.420710000E+9	1.680196000E-5
1.420713333E+9	1.671276000E-5
1.420716667E+9	1.684722000E-5
1.420720000E+9	1.683586000E-5
1.420723333E+9	1.677149000E-5
1.420726667E+9	1.669063000E-5
1.420730000E+9	1.673606000E-5
1.420733333E+9	1.677280000E-5
1.420736667E+9	1.664138000E-5
1.420740000E+9	1.659989000E-5
1.420743333E+9	1.638135000E-5
1.420746667E+9	1.732102000E-5
1.420750000E+9	1.670102000E-5
1.420753333E+9	1.687011000E-5
1.420756667E+9	1.698773000E-5
1.420760000E+9	1.659019000E-5
1.420763333E+9	1.673200000E-5
1.420766667E+9	1.662929000E-5
1.420770000E+9	1.651996000E-5
1.420773333E+9	1.665974000E-5
1.420776667E+9	1.661674000E-5
1.420780000E+9	1.680902000E-5
1.420783333E+9	1.662557000E-5
1.420786667E+9	1.651104000E-5
1.420790000E+9	1.638155000E-5
1.420793333E+9	1.676186000E-5
1.420796667E+9	1.674722000E-5
1.420800000E+9	1.687158000E-5
1.420803333E+9	1.706807000E-5
1.420806667E+9	1.682984000E-5
1.420810000E+9	1.644850000E-5
1.420813333E+9	1.687821000E-5
1.420816667E+9	1.669460000E-5
1.420820000E+9	1.666023000E-5
1.420823333E+9	1.652758000E-5
1.420826667E+9	1.670672000E-5
1.420830000E+9	1.673480000E-5
1.420833333E+9	1.644358000E-5
1.420836667E+9	1.635601000E-5
1.420840000E+9	1.685695000E-5
1.420843333E+9	1.686798000E-5
1.420846667E+9	1.695743000E-5
1.420850000E+9	1.701555000E-5
1.420853333E+9	1.642865000E-5
1.420856667E+9	1.640934000E-5
1.420860000E+9	1.686858000E-5
1.420863333E+9	1.653762000E-5
1.420866667E+9	1.647583000E-5
1.420870000E+9	1.658719000E-5
1.420873333E+9	1.671305000E-5
1.420876667E+9	1.657883000E-5
1.420880000E+9	1.671195000E-5
1.420883333E+9	1.934198000E-5
1.420886667E+9	1.807541000E-5
1.420890000E+9	1.685700000E-5
1.420893333E+9	1.678369000E-5
1.420896667E+9	1.697310000E-5
1.420900000E+9	1.703153000E-5
1.420903333E+9	1.693239000E-5
1.420906667E+9	1.722296000E-5
1.420910000E+9	1.662029000E-5
1.420913333E+9	1.787444000E-5
1.420916667E+9	1.801941000E-5
1.420920000E+9	1.791364000E-5
1.420923333E+9	1.670872000E-5
1.420926667E+9	1.690284000E-5
1.420930000E+9	1.643673000E-5
1.420933333E+9	1.639290000E-5
1.420936667E+9	1.653375000E-5
1.420940000E+9	1.690952000E-5
1.420943333E+9	1.650757000E-5
1.420946667E+9	1.642865000E-5
1.420950000E+9	1.660375000E-5
1.420953333E+9	1.691864000E-5
1.420956667E+9	1.665751000E-5
1.420960000E+9	1.621799000E-5
1.420963333E+9	1.685832000E-5
1.420966667E+9	1.654962000E-5
1.420970000E+9	1.655633000E-5
1.420973333E+9	1.647661000E-5
1.420976667E+9	1.674979000E-5
1.420980000E+9	1.667266000E-5
1.420983333E+9	1.674218000E-5
1.420986667E+9	1.674637000E-5
1.420990000E+9	1.676913000E-5
1.420993333E+9	1.640154000E-5
1.420996667E+9	1.690854000E-5
1.421000000E+9	1.658513000E-5
1.421003333E+9	1.689376000E-5
1.421006667E+9	1.621566000E-5
1.421010000E+9	1.653812000E-5
1.421013333E+9	1.636593000E-5
1.421016667E+9	1.687076000E-5
1.421020000E+9	1.660215000E-5
1.421023333E+9	1.658608000E-5
1.421026667E+9	1.649131000E-5
1.421030000E+9	1.649893000E-5
1.421033333E+9	1.652090000E-5
1.421036667E+9	1.662734000E-5
1.421040000E+9	1.705630000E-5
1.421043333E+9	1.666688000E-5
1.421046667E+9	1.650074000E-5
1.421050000E+9	1.679871000E-5
1.421053333E+9	1.680146000E-5
1.421056667E+9	1.626407000E-5
1.421060000E+9	1.654708000E-5
1.421063333E+9	1.639296000E-5
1.421066667E+9	1.656820000E-5
1.421070000E+9	1.670975000E-5
1.421073333E+9	1.679353000E-5
1.421076667E+9	1.672914000E-5
1.421080000E+9	1.710822000E-5
1.421083333E+9	1.658058000E-5
1.421086667E+9	1.635885000E-5
1.421090000E+9	1.660032000E-5
1.421093333E+9	1.664902000E-5
1.421096667E+9	1.660835000E-5
1.421100000E+9	1.660428000E-5
1.421103333E+9	1.662769000E-5
1.421106667E+9	1.662506000E-5
1.421110000E+9	1.666021000E-5
1.421113333E+9	1.673386000E-5
1.421116667E+9	1.653756000E-5
1.421120000E+9	1.671137000E-5
1.421123333E+9	1.670234000E-5
1.421126667E+9	1.678194000E-5
1.421130000E+9	1.694265000E-5
1.421133333E+9	1.711585000E-5
1.421136667E+9	1.654508000E-5
1.421140000E+9	1.674858000E-5
1.421143333E+9	1.711348000E-5
1.421146667E+9	1.663795000E-5
1.421150000E+9	1.673933000E-5
1.421153333E+9	1.689905000E-5
1.421156667E+9	1.659172000E-5
1.421160000E+9	1.673972000E-5
1.421163333E+9	1.654632000E-5
1.421166667E+9	1.669550000E-5
1.421170000E+9	1.677101000E-5
1.421173333E+9	1.681733000E-5
1.421176667E+9	1.724264000E-5
1.421180000E+9	1.837512000E-5
1.421183333E+9	1.688859000E-5
1.421186667E+9	1.654939000E-5
1.421190000E+9	1.673634000E-5
1.421193333E+9	1.683403000E-5
1.421196667E+9	1.715148000E-5
1.421200000E+9	1.677028000E-5
1.421203333E+9	1.692499000E-5
1.421206667E+9	1.687348000E-5
1.421210000E+9	1.704552000E-5
1.421213333E+9	1.779156000E-5
1.421216667E+9	1.696570000E-5
1.421220000E+9	1.697539000E-5
1.421223333E+9	1.675888000E-5
1.421226667E+9	1.685798000E-5
1.421230000E+9	1.646124000E-5
1.421233333E+9	1.658276000E-5
1.421236667E+9	1.659506000E-5
1.421240000E+9	1.660676000E-5
1.421243333E+9	1.656420000E-5
1.421246667E+9	1.650042000E-5
1.421250000E+9	1.660809000E-5
1.421253333E+9	1.632985000E-5
1.421256667E+9	1.677969000E-5
1.421260000E+9	1.644310000E-5
1.421263333E+9	1.668592000E-5
1.421266667E+9	1.671349000E-5
1.421270000E+9	1.642281000E-5
1.421273333E+9	1.631318000E-5
1.421276667E+9	1.704292000E-5
1.421280000E+9	1.872887000E-5
1.421283333E+9	1.707577000E-5
1.421286667E+9	1.651811000E-5
1.421290000E+9	1.660308000E-5
1.421293333E+9	1.646717000E-5
1.421296667E+9	1.691777000E-5
1.421300000E+9	1.655966000E-5
1.421303333E+9	1.634341000E-5
1.421306667E+9	1.650951000E-5
1.421310000E+9	1.630699000E-5
1.421313333E+9	1.715374000E-5
1.421316667E+9	1.646287000E-5
1.421320000E+9	1.649451000E-5
1.421323333E+9	1.624164000E-5
1.421326667E+9	1.637455000E-5
1.421330000E+9	1.643280000E-5
1.421333333E+9	1.661794000E-5
1.421336667E+9	1.678319000E-5
1.421340000E+9	1.634106000E-5
1.421343333E+9	1.653832000E-5
1.421346667E+9	1.924821000E-5
1.421350000E+9	1.826094000E-5
1.421353333E+9	1.680620000E-5
1.421356667E+9	1.701768000E-5
1.421360000E+9	1.662281000E-5
1.421363333E+9	1.633871000E-5
1.421366667E+9	1.647026000E-5
1.421370000E+9	1.672539000E-5
1.421373333E+9	1.644500000E-5
1.421376667E+9	1.654386000E-5
1.421380000E+9	1.636589000E-5
1.421383333E+9	1.646818000E-5
1.421386667E+9	1.640063000E-5
1.421390000E+9	1.609464000E-5
1.421393333E+9	1.645920000E-5
1.421396667E+9	1.626207000E-5
1.421400000E+9	1.642732000E-5
