Frequency, Hz	Amplitude, Volts
1.419400000E+9	1.846794000E-5
1.419403333E+9	1.838352000E-5
1.419406667E+9	1.806543000E-5
1.419410000E+9	1.793253000E-5
1.419413333E+9	1.903822000E-5
1.419416667E+9	1.813927000E-5
1.419420000E+9	1.785606000E-5
1.419423333E+9	1.829048000E-5
1.419426667E+9	1.820909000E-5
1.419430000E+9	1.802392000E-5
1.419433333E+9	1.830079000E-5
1.419436667E+9	1.801411000E-5
1.419440000E+9	1.828643000E-5
1.419443333E+9	1.864528000E-5
1.419446667E+9	1.902704000E-5
1.419450000E+9	2.094021000E-5
1.419453333E+9	1.858919000E-5
1.419456667E+9	1.808822000E-5
1.419460000E+9	1.804127000E-5
1.419463333E+9	1.760020000E-5
1.419466667E+9	1.772951000E-5
1.419470000E+9	1.811493000E-5
1.419473333E+9	1.794096000E-5
1.419476667E+9	1.814817000E-5
1.419480000E+9	1.818721000E-5
1.419483333E+9	1.771480000E-5
1.419486667E+9	1.799010000E-5
1.419490000E+9	1.825126000E-5
1.419493333E+9	1.875955000E-5
1.419496667E+9	1.847406000E-5
1.419500000E+9	1.804226000E-5
1.419503333E+9	1.770969000E-5
1.419506667E+9	1.786848000E-5
1.419510000E+9	1.800351000E-5
1.419513333E+9	1.790544000E-5
1.419516667E+9	1.803277000E-5
1.419520000E+9	1.829275000E-5
1.419523333E+9	1.799968000E-5
1.419526667E+9	1.787160000E-5
1.419530000E+9	1.773759000E-5
1.419533333E+9	1.791956000E-5
1.419536667E+9	1.794969000E-5
1.419540000E+9	1.897126000E-5
1.419543333E+9	1.808949000E-5
1.419546667E+9	1.768992000E-5
1.419550000E+9	1.778777000E-5
1.419553333E+9	1.758817000E-5
1.419556667E+9	1.795890000E-5
1.419560000E+9	1.815150000E-5
1.419563333E+9	1.816695000E-5
1.419566667E+9	1.796160000E-5
1.419570000E+9	1.813570000E-5
1.419573333E+9	1.815585000E-5
1.419576667E+9	1.792021000E-5
1.419580000E+9	1.783093000E-5
1.419583333E+9	1.744255000E-5
1.419586667E+9	1.850775000E-5
1.419590000E+9	1.800697000E-5
1.419593333E+9	1.778701000E-5
1.419596667E+9	1.811899000E-5
1.419600000E+9	1.766446000E-5
1.419603333E+9	1.812378000E-5
1.419606667E+9	1.783138000E-5
1.419610000E+9	1.817040000E-5
1.419613333E+9	1.795966000E-5
1.419616667E+9	1.774749000E-5
1.419620000E+9	1.756239000E-5
1.419623333E+9	1.810960000E-5
1.419626667E+9	1.804680000E-5
1.419630000E+9	1.753443000E-5
1.419633333E+9	1.822153000E-5
1.419636667E+9	1.781557000E-5
1.419640000E+9	1.793062000E-5
1.419643333E+9	1.771649000E-5
1.419646667E+9	1.802755000E-5
1.419650000E+9	1.768897000E-5
1.419653333E+9	1.758556000E-5
1.419656667E+9	1.808639000E-5
1.419660000E+9	1.776864000E-5
1.419663333E+9	1.772274000E-5
1.419666667E+9	1.789074000E-5
1.419670000E+9	1.788738000E-5
1.419673333E+9	1.774299000E-5
1.419676667E+9	1.791216000E-5
1.419680000E+9	1.825209000E-5
1.419683333E+9	1.779068000E-5
1.419686667E+9	1.758898000E-5
1.419690000E+9	1.748892000E-5
1.419693333E+9	1.732471000E-5
1.419696667E+9	1.748669000E-5
1.419700000E+9	1.768431000E-5
1.419703333E+9	1.776878000E-5
1.419706667E+9	1.820267000E-5
1.419710000E+9	1.799859000E-5
1.419713333E+9	1.798739000E-5
1.419716667E+9	1.775458000E-5
1.419720000E+9	1.825707000E-5
1.419723333E+9	1.807978000E-5
1.419726667E+9	1.846816000E-5
1.419730000E+9	1.802365000E-5
1.419733333E+9	1.836340000E-5
1.419736667E+9	1.789844000E-5
1.419740000E+9	1.829466000E-5
1.419743333E+9	2.006960000E-5
1.419746667E+9	1.830181000E-5
1.419750000E+9	1.761269000E-5
1.419753333E+9	1.746883000E-5
1.419756667E+9	1.726118000E-5
1.419760000E+9	1.775065000E-5
1.419763333E+9	1.830211000E-5
1.419766667E+9	1.762289000E-5
1.419770000E+9	1.799006000E-5
1.419773333E+9	1.822101000E-5
1.419776667E+9	1.791627000E-5
1.419780000E+9	1.772698000E-5
1.419783333E+9	1.841149000E-5
1.419786667E+9	1.804664000E-5
1.419790000E+9	1.762066000E-5
1.419793333E+9	1.763946000E-5
1.419796667E+9	1.775333000E-5
1.419800000E+9	1.765570000E-5
1.419803333E+9	1.766995000E-5
1.419806667E+9	1.792812000E-5
1.419810000E+9	1.764106000E-5
1.419813333E+9	1.808621000E-5
1.419816667E+9	1.763384000E-5
1.419820000E+9	1.834998000E-5
1.419823333E+9	1.807710000E-5
1.419826667E+9	1.766933000E-5
1.419830000E+9	1.783391000E-5
1.419833333E+9	1.806136000E-5
1.419836667E+9	1.765141000E-5
1.419840000E+9	1.776503000E-5
1.419843333E+9	1.809217000E-5
1.419846667E+9	1.784756000E-5
1.419850000E+9	1.774951000E-5
1.419853333E+9	1.816689000E-5
1.419856667E+9	1.775848000E-5
1.419860000E+9	1.763741000E-5
1.419863333E+9	1.802289000E-5
1.419866667E+9	1.784325000E-5
1.419870000E+9	1.792312000E-5
1.419873333E+9	1.794393000E-5
1.419876667E+9	1.761171000E-5
1.419880000E+9	1.750404000E-5
1.419883333E+9	1.791138000E-5
1.419886667E+9	1.775450000E-5
1.419890000E+9	1.783152000E-5
1.419893333E+9	1.765798000E-5
1.419896667E+9	1.755000000E-5
1.419900000E+9	1.760647000E-5
1.419903333E+9	1.756584000E-5
1.419906667E+9	1.736463000E-5
1.419910000E+9	1.754624000E-5
1.419913333E+9	1.833580000E-5
1.419916667E+9	1.768524000E-5
1.419920000E+9	1.802464000E-5
1.419923333E+9	1.755684000E-5
1.419926667E+9	1.752483000E-5
1.419930000E+9	1.754431000E-5
1.419933333E+9	1.756426000E-5
1.419936667E+9	1.751531000E-5
1.419940000E+9	1.780198000E-5
1.419943333E+9	1.742282000E-5
1.419946667E+9	1.741320000E-5
1.419950000E+9	1.762347000E-5
1.419953333E+9	1.775679000E-5
1.419956667E+9	1.753597000E-5
1.419960000E+9	1.819820000E-5
1.419963333E+9	1.790713000E-5
1.419966667E+9	1.738953000E-5
1.419970000E+9	1.760107000E-5
1.419973333E+9	1.799555000E-5
1.419976667E+9	1.795625000E-5
1.419980000E+9	1.719602000E-5
1.419983333E+9	1.754992000E-5
1.419986667E+9	1.760417000E-5
1.419990000E+9	1.821369000E-5
1.419993333E+9	1.755223000E-5
1.419996667E+9	1.734083000E-5
1.420000000E+9	2.005718000E-5
1.420003333E+9	2.221812000E-5
1.420006667E+9	1.818751000E-5
1.420010000E+9	1.777992000E-5
1.420013333E+9	1.726877000E-5
1.420016667E+9	1.743976000E-5
1.420020000E+9	1.795643000E-5
1.420023333E+9	1.743288000E-5
1.420026667E+9	1.775211000E-5
1.420030000E+9	1.756812000E-5
1.420033333E+9	1.826548000E-5
1.420036667E+9	1.929154000E-5
1.420040000E+9	1.800041000E-5
1.420043333E+9	1.749263000E-5
1.420046667E+9	1.705878000E-5
1.420050000E+9	1.737546000E-5
1.420053333E+9	1.794894000E-5
1.420056667E+9	1.748218000E-5
1.420060000E+9	1.745265000E-5
1.420063333E+9	1.730946000E-5
1.420066667E+9	1.714513000E-5
1.420070000E+9	1.719972000E-5
1.420073333E+9	1.759389000E-5
1.420076667E+9	1.725394000E-5
1.420080000E+9	1.755360000E-5
1.420083333E+9	1.763020000E-5
1.420086667E+9	1.768105000E-5
1.420090000E+9	1.738391000E-5
1.420093333E+9	1.737125000E-5
1.420096667E+9	1.731686000E-5
1.420100000E+9	1.773422000E-5
1.420103333E+9	1.758101000E-5
1.420106667E+9	1.723683000E-5
1.420110000E+9	1.732509000E-5
1.420113333E+9	1.717537000E-5
1.420116667E+9	1.712491000E-5
1.420120000E+9	1.760316000E-5
1.420123333E+9	1.761774000E-5
1.420126667E+9	1.741697000E-5
1.420130000E+9	1.713909000E-5
1.420133333E+9	1.738099000E-5
1.420136667E+9	1.758716000E-5
1.420140000E+9	1.749297000E-5
1.420143333E+9	1.687176000E-5
1.420146667E+9	1.814548000E-5
1.420150000E+9	1.765475000E-5
1.420153333E+9	1.719224000E-5
1.420156667E+9	1.725332000E-5
1.420160000E+9	1.721659000E-5
1.420163333E+9	1.735102000E-5
1.420166667E+9	1.717873000E-5
1.420170000E+9	1.725038000E-5
1.420173333E+9	1.751050000E-5
1.420176667E+9	1.721239000E-5
1.420180000E+9	1.701807000E-5
1.420183333E+9	1.718465000E-5
1.420186667E+9	1.755767000E-5
1.420190000E+9	1.751475000E-5
1.420193333E+9	1.791594000E-5
1.420196667E+9	1.710529000E-5
1.420200000E+9	1.728075000E-5
1.420203333E+9	1.728631000E-5
1.420206667E+9	1.737739000E-5
1.420210000E+9	1.761656000E-5
1.420213333E+9	1.724807000E-5
1.420216667E+9	1.765546000E-5
1.420220000E+9	1.754734000E-5
1.420223333E+9	1.735131000E-5
1.420226667E+9	1.719853000E-5
1.420230000E+9	1.746373000E-5
1.420233333E+9	1.722899000E-5
1.420236667E+9	1.743355000E-5
1.420240000E+9	1.799280000E-5
1.420243333E+9	1.728863000E-5
1.420246667E+9	1.730152000E-5
1.420250000E+9	1.714500000E-5
1.420253333E+9	1.741509000E-5
1.420256667E+9	1.719900000E-5
1.420260000E+9	1.735376000E-5
1.420263333E+9	1.733611000E-5
1.420266667E+9	1.728126000E-5
1.420270000E+9	1.721154000E-5
1.420273333E+9	1.734723000E-5
1.420276667E+9	1.724143000E-5
1.420280000E+9	1.708917000E-5
1.420283333E+9	1.733474000E-5
1.420286667E+9	1.754934000E-5
1.420290000E+9	1.730055000E-5
1.420293333E+9	1.745819000E-5
1.420296667E+9	1.818168000E-5
1.420300000E+9	1.729630000E-5
1.420303333E+9	1.751457000E-5
1.420306667E+9	1.733748000E-5
1.420310000E+9	1.764540000E-5
1.420313333E+9	1.748973000E-5
1.420316667E+9	1.741048000E-5
1.420320000E+9	1.732789000E-5
1.420323333E+9	1.756656000E-5
1.420326667E+9	1.843342000E-5
1.420330000E+9	1.921696000E-5
1.420333333E+9	1.818040000E-5
1.420336667E+9	1.736419000E-5
1.420340000E+9	1.724928000E-5
1.420343333E+9	1.745046000E-5
1.420346667E+9	1.731716000E-5
1.420350000E+9	1.753636000E-5
1.420353333E+9	1.768722000E-5
1.420356667E+9	1.715344000E-5
1.420360000E+9	1.715282000E-5
1.420363333E+9	1.721096000E-5
1.420366667E+9	1.760506000E-5
1.420370000E+9	1.719198000E-5
1.420373333E+9	1.734929000E-5
1.420376667E+9	1.721375000E-5
1.420380000E+9	1.785432000E-5
1.420383333E+9	1.721496000E-5
1.420386667E+9	1.725574000E-5
1.420390000E+9	1.716713000E-5
1.420393333E+9	1.734576000E-5
1.420396667E+9	1.720323000E-5
1.420400000E+9	1.767476000E-5
1.420403333E+9	1.788721000E-5
1.420406667E+9	1.777128000E-5
1.420410000E+9	1.730038000E-5
1.420413333E+9	1.738284000E-5
1.420416667E+9	1.746344000E-5
1.420420000E+9	1.743072000E-5
1.420423333E+9	1.784670000E-5
1.420426667E+9	1.785869000E-5
1.420430000E+9	1.758523000E-5
1.420433333E+9	1.779543000E-5
1.420436667E+9	1.774016000E-5
1.420440000E+9	1.787403000E-5
1.420443333E+9	1.785238000E-5
1.420446667E+9	1.822271000E-5
1.420450000E+9	1.800816000E-5
1.420453333E+9	1.836534000E-5
1.420456667E+9	1.861014000E-5
1.420460000E+9	1.849196000E-5
1.420463333E+9	1.941170000E-5
1.420466667E+9	1.904288000E-5
1.420470000E+9	1.891413000E-5
1.420473333E+9	1.958194000E-5
1.420476667E+9	1.948562000E-5
1.420480000E+9	1.880919000E-5
1.420483333E+9	1.906041000E-5
1.420486667E+9	1.934342000E-5
1.420490000E+9	1.927909000E-5
1.420493333E+9	1.896064000E-5
1.420496667E+9	1.991577000E-5
1.420500000E+9	1.953547000E-5
1.420503333E+9	1.978088000E-5
1.420506667E+9	1.948331000E-5
1.420510000E+9	1.996166000E-5
1.420513333E+9	2.003964000E-5
1.420516667E+9	1.951890000E-5
1.420520000E+9	2.041870000E-5
1.420523333E+9	2.017092000E-5
1.420526667E+9	1.975947000E-5
1.420530000E+9	1.990021000E-5
1.420533333E+9	1.945661000E-5
1.420536667E+9	1.982040000E-5
1.420540000E+9	1.971319000E-5
1.420543333E+9	1.954661000E-5
1.420546667E+9	1.936274000E-5
1.420550000E+9	1.924610000E-5
1.420553333E+9	1.939404000E-5
1.420556667E+9	1.946822000E-5
1.420560000E+9	1.886350000E-5
1.420563333E+9	1.918787000E-5
1.420566667E+9	1.977028000E-5
1.420570000E+9	1.917030000E-5
1.420573333E+9	1.925861000E-5
1.420576667E+9	1.924787000E-5
1.420580000E+9	1.914786000E-5
1.420583333E+9	1.867394000E-5
1.420586667E+9	1.847630000E-5
1.420590000E+9	2.013839000E-5
1.420593333E+9	1.866810000E-5
1.420596667E+9	1.841166000E-5
1.420600000E+9	1.827482000E-5
1.420603333E+9	1.906644000E-5
1.420606667E+9	1.847609000E-5
1.420610000E+9	1.841372000E-5
1.420613333E+9	1.888130000E-5
1.420616667E+9	1.795255000E-5
1.420620000E+9	1.984566000E-5
1.420623333E+9	2.040579000E-5
1.420626667E+9	1.820625000E-5
1.420630000E+9	1.787072000E-5
1.420633333E+9	1.787845000E-5
1.420636667E+9	1.743244000E-5
1.420640000E+9	1.729385000E-5
1.420643333E+9	1.774839000E-5
1.420646667E+9	1.740125000E-5
1.420650000E+9	1.790886000E-5
1.420653333E+9	1.753986000E-5
1.420656667E+9	1.771583000E-5
1.420660000E+9	1.797647000E-5
1.420663333E+9	1.749466000E-5
1.420666667E+9	1.714602000E-5
1.420670000E+9	1.754518000E-5
1.420673333E+9	1.739995000E-5
1.420676667E+9	1.720130000E-5
1.420680000E+9	1.757116000E-5
1.420683333E+9	1.736886000E-5
1.420686667E+9	1.743514000E-5
1.420690000E+9	1.739644000E-5
1.420693333E+9	1.741511000E-5
1.420696667E+9	1.749103000E-5
1.420700000E+9	1.729280000E-5
1.420703333E+9	1.719945000E-5
1.420706667E+9	1.766714000E-5
1.420710000E+9	1.725091000E-5
1.420713333E+9	1.716223000E-5
1.420716667E+9	1.739501000E-5
1.420720000E+9	1.720888000E-5
1.420723333E+9	1.727804000E-5
1.420726667E+9	1.726075000E-5
1.420730000E+9	1.749697000E-5
1.420733333E+9	1.724489000E-5
1.420736667E+9	1.734742000E-5
1.420740000E+9	1.742251000E-5
1.420743333E+9	1.715824000E-5
1.420746667E+9	1.721409000E-5
1.420750000E+9	1.722947000E-5
1.420753333E+9	1.735918000E-5
1.420756667E+9	1.756142000E-5
1.420760000E+9	1.721795000E-5
1.420763333E+9	1.743637000E-5
1.420766667E+9	1.736940000E-5
1.420770000E+9	1.759238000E-5
1.420773333E+9	1.744993000E-5
1.420776667E+9	1.732211000E-5
1.420780000E+9	1.669867000E-5
1.420783333E+9	1.743914000E-5
1.420786667E+9	1.701594000E-5
1.420790000E+9	1.722674000E-5
1.420793333E+9	1.728216000E-5
1.420796667E+9	1.779313000E-5
1.420800000E+9	1.782075000E-5
1.420803333E+9	1.733619000E-5
1.420806667E+9	1.714986000E-5
1.420810000E+9	1.712070000E-5
1.420813333E+9	1.701760000E-5
1.420816667E+9	1.742940000E-5
1.420820000E+9	1.729930000E-5
1.420823333E+9	1.742963000E-5
1.420826667E+9	1.694014000E-5
1.420830000E+9	1.668606000E-5
1.420833333E+9	1.735110000E-5
1.420836667E+9	1.732051000E-5
1.420840000E+9	1.720888000E-5
1.420843333E+9	1.721710000E-5
1.420846667E+9	1.755439000E-5
1.420850000E+9	1.748595000E-5
1.420853333E+9	1.713766000E-5
1.420856667E+9	1.733601000E-5
1.420860000E+9	1.724290000E-5
1.420863333E+9	1.687284000E-5
1.420866667E+9	1.739510000E-5
1.420870000E+9	1.725588000E-5
1.420873333E+9	1.695414000E-5
1.420876667E+9	1.712604000E-5
1.420880000E+9	1.719381000E-5
1.420883333E+9	2.034239000E-5
1.420886667E+9	1.958037000E-5
1.420890000E+9	1.736819000E-5
1.420893333E+9	1.730276000E-5
1.420896667E+9	1.823824000E-5
1.420900000E+9	1.802885000E-5
1.420903333E+9	1.741896000E-5
1.420906667E+9	1.751557000E-5
1.420910000E+9	1.744677000E-5
1.420913333E+9	2.394970000E-5
1.420916667E+9	2.317477000E-5
1.420920000E+9	1.925143000E-5
1.420923333E+9	1.732739000E-5
1.420926667E+9	1.743905000E-5
1.420930000E+9	1.724817000E-5
1.420933333E+9	1.722063000E-5
1.420936667E+9	1.736213000E-5
1.420940000E+9	1.775530000E-5
1.420943333E+9	1.711604000E-5
1.420946667E+9	1.732135000E-5
1.420950000E+9	1.732770000E-5
1.420953333E+9	1.735367000E-5
1.420956667E+9	1.711066000E-5
1.420960000E+9	1.714141000E-5
1.420963333E+9	1.707187000E-5
1.420966667E+9	1.727089000E-5
1.420970000E+9	1.736209000E-5
1.420973333E+9	1.725995000E-5
1.420976667E+9	1.724811000E-5
1.420980000E+9	1.746152000E-5
1.420983333E+9	1.710630000E-5
1.420986667E+9	1.802115000E-5
1.420990000E+9	1.735064000E-5
1.420993333E+9	1.700542000E-5
1.420996667E+9	1.705904000E-5
1.421000000E+9	1.737832000E-5
1.421003333E+9	1.724396000E-5
1.421006667E+9	1.710276000E-5
1.421010000E+9	1.717962000E-5
1.421013333E+9	1.724446000E-5
1.421016667E+9	1.741570000E-5
1.421020000E+9	1.693371000E-5
1.421023333E+9	1.691682000E-5
1.421026667E+9	1.720412000E-5
1.421030000E+9	1.708316000E-5
1.421033333E+9	1.755354000E-5
1.421036667E+9	1.728916000E-5
1.421040000E+9	1.707827000E-5
1.421043333E+9	1.733790000E-5
1.421046667E+9	1.731005000E-5
1.421050000E+9	1.724760000E-5
1.421053333E+9	1.699361000E-5
1.421056667E+9	1.733248000E-5
1.421060000E+9	1.721415000E-5
1.421063333E+9	1.703697000E-5
1.421066667E+9	1.735555000E-5
1.421070000E+9	1.714071000E-5
1.421073333E+9	1.677527000E-5
1.421076667E+9	1.733731000E-5
1.421080000E+9	1.758473000E-5
1.421083333E+9	1.681048000E-5
1.421086667E+9	1.700285000E-5
1.421090000E+9	1.737401000E-5
1.421093333E+9	1.723914000E-5
1.421096667E+9	1.720939000E-5
1.421100000E+9	1.738498000E-5
1.421103333E+9	1.761364000E-5
1.421106667E+9	1.740576000E-5
1.421110000E+9	1.730618000E-5
1.421113333E+9	1.727544000E-5
1.421116667E+9	1.717843000E-5
1.421120000E+9	1.744765000E-5
1.421123333E+9	1.705999000E-5
1.421126667E+9	1.745959000E-5
1.421130000E+9	1.725476000E-5
1.421133333E+9	1.745752000E-5
1.421136667E+9	1.735538000E-5
1.421140000E+9	1.725536000E-5
1.421143333E+9	1.760241000E-5
1.421146667E+9	1.694000000E-5
1.421150000E+9	1.706099000E-5
1.421153333E+9	1.705219000E-5
1.421156667E+9	1.743646000E-5
1.421160000E+9	1.709829000E-5
1.421163333E+9	1.716853000E-5
1.421166667E+9	1.731693000E-5
1.421170000E+9	1.713100000E-5
1.421173333E+9	1.746455000E-5
1.421176667E+9	1.960434000E-5
1.421180000E+9	2.117348000E-5
1.421183333E+9	1.750202000E-5
1.421186667E+9	1.742016000E-5
1.421190000E+9	1.772599000E-5
1.421193333E+9	1.759373000E-5
1.421196667E+9	1.756009000E-5
1.421200000E+9	1.746777000E-5
1.421203333E+9	1.722924000E-5
1.421206667E+9	1.981148000E-5
1.421210000E+9	1.881116000E-5
1.421213333E+9	1.793074000E-5
1.421216667E+9	1.735378000E-5
1.421220000E+9	1.800094000E-5
1.421223333E+9	1.741790000E-5
1.421226667E+9	1.707583000E-5
1.421230000E+9	1.713584000E-5
1.421233333E+9	1.747591000E-5
1.421236667E+9	1.713807000E-5
1.421240000E+9	1.743859000E-5
1.421243333E+9	1.710565000E-5
1.421246667E+9	1.715153000E-5
1.421250000E+9	1.743151000E-5
1.421253333E+9	1.737888000E-5
1.421256667E+9	1.742125000E-5
1.421260000E+9	1.738504000E-5
1.421263333E+9	1.755423000E-5
1.421266667E+9	1.729839000E-5
1.421270000E+9	1.685169000E-5
1.421273333E+9	1.694617000E-5
1.421276667E+9	1.702723000E-5
1.421280000E+9	1.726304000E-5
1.421283333E+9	1.736610000E-5
1.421286667E+9	1.743796000E-5
1.421290000E+9	1.705614000E-5
1.421293333E+9	1.748487000E-5
1.421296667E+9	1.726958000E-5
1.421300000E+9	1.692969000E-5
1.421303333E+9	1.701082000E-5
1.421306667E+9	1.689430000E-5
1.421310000E+9	1.711124000E-5
1.421313333E+9	1.726253000E-5
1.421316667E+9	1.704515000E-5
1.421320000E+9	1.721532000E-5
1.421323333E+9	1.739151000E-5
1.421326667E+9	1.720769000E-5
1.421330000E+9	1.704006000E-5
1.421333333E+9	1.713821000E-5
1.421336667E+9	1.730314000E-5
1.421340000E+9	1.683298000E-5
1.421343333E+9	1.702777000E-5
1.421346667E+9	1.729474000E-5
1.421350000E+9	1.729725000E-5
1.421353333E+9	1.724275000E-5
1.421356667E+9	1.716540000E-5
1.421360000E+9	1.732264000E-5
1.421363333E+9	1.712893000E-5
1.421366667E+9	1.711186000E-5
1.421370000E+9	1.688488000E-5
1.421373333E+9	1.720540000E-5
1.421376667E+9	1.735933000E-5
1.421380000E+9	1.746505000E-5
1.421383333E+9	1.756378000E-5
1.421386667E+9	1.729681000E-5
1.421390000E+9	1.700701000E-5
1.421393333E+9	1.695648000E-5
1.421396667E+9	1.698544000E-5
1.421400000E+9	1.695367000E-5
