Frequency, Hz	Amplitude, Volts
1.419400000E+9	2.397325000E-5
1.419403333E+9	2.352231000E-5
1.419406667E+9	2.337736000E-5
1.419410000E+9	2.294342000E-5
1.419413333E+9	2.318674000E-5
1.419416667E+9	2.344684000E-5
1.419420000E+9	2.303945000E-5
1.419423333E+9	2.305086000E-5
1.419426667E+9	2.305511000E-5
1.419430000E+9	2.324388000E-5
1.419433333E+9	2.322317000E-5
1.419436667E+9	2.333689000E-5
1.419440000E+9	2.392389000E-5
1.419443333E+9	2.415956000E-5
1.419446667E+9	2.332723000E-5
1.419450000E+9	2.353006000E-5
1.419453333E+9	2.412780000E-5
1.419456667E+9	2.395862000E-5
1.419460000E+9	2.367630000E-5
1.419463333E+9	2.328544000E-5
1.419466667E+9	2.346384000E-5
1.419470000E+9	2.360134000E-5
1.419473333E+9	2.346002000E-5
1.419476667E+9	2.274845000E-5
1.419480000E+9	2.298545000E-5
1.419483333E+9	2.349113000E-5
1.419486667E+9	2.345245000E-5
1.419490000E+9	2.437841000E-5
1.419493333E+9	2.369698000E-5
1.419496667E+9	2.309661000E-5
1.419500000E+9	2.320263000E-5
1.419503333E+9	2.306519000E-5
1.419506667E+9	2.304504000E-5
1.419510000E+9	2.347090000E-5
1.419513333E+9	2.373520000E-5
1.419516667E+9	2.344455000E-5
1.419520000E+9	2.326944000E-5
1.419523333E+9	2.318047000E-5
1.419526667E+9	2.281889000E-5
1.419530000E+9	2.338062000E-5
1.419533333E+9	2.330852000E-5
1.419536667E+9	2.362333000E-5
1.419540000E+9	2.341954000E-5
1.419543333E+9	2.341224000E-5
1.419546667E+9	2.391625000E-5
1.419550000E+9	2.321435000E-5
1.419553333E+9	2.360842000E-5
1.419556667E+9	2.352722000E-5
1.419560000E+9	2.361887000E-5
1.419563333E+9	2.330565000E-5
1.419566667E+9	2.270787000E-5
1.419570000E+9	2.327864000E-5
1.419573333E+9	2.316981000E-5
1.419576667E+9	2.315361000E-5
1.419580000E+9	2.300848000E-5
1.419583333E+9	2.369955000E-5
1.419586667E+9	2.322600000E-5
1.419590000E+9	2.273786000E-5
1.419593333E+9	2.319104000E-5
1.419596667E+9	2.304309000E-5
1.419600000E+9	2.296779000E-5
1.419603333E+9	2.326183000E-5
1.419606667E+9	2.343513000E-5
1.419610000E+9	2.286913000E-5
1.419613333E+9	2.305995000E-5
1.419616667E+9	2.270961000E-5
1.419620000E+9	2.305747000E-5
1.419623333E+9	2.307395000E-5
1.419626667E+9	2.326025000E-5
1.419630000E+9	2.384695000E-5
1.419633333E+9	2.353301000E-5
1.419636667E+9	2.332459000E-5
1.419640000E+9	2.298298000E-5
1.419643333E+9	2.314235000E-5
1.419646667E+9	2.300535000E-5
1.419650000E+9	2.263304000E-5
1.419653333E+9	2.309849000E-5
1.419656667E+9	2.336255000E-5
1.419660000E+9	2.289754000E-5
1.419663333E+9	2.348873000E-5
1.419666667E+9	2.369536000E-5
1.419670000E+9	2.319409000E-5
1.419673333E+9	2.358521000E-5
1.419676667E+9	2.422589000E-5
1.419680000E+9	2.363518000E-5
1.419683333E+9	2.276399000E-5
1.419686667E+9	2.255344000E-5
1.419690000E+9	2.325688000E-5
1.419693333E+9	2.315308000E-5
1.419696667E+9	2.316371000E-5
1.419700000E+9	2.351322000E-5
1.419703333E+9	2.286850000E-5
1.419706667E+9	2.288362000E-5
1.419710000E+9	2.243745000E-5
1.419713333E+9	2.318302000E-5
1.419716667E+9	2.369260000E-5
1.419720000E+9	2.308269000E-5
1.419723333E+9	2.361402000E-5
1.419726667E+9	2.323863000E-5
1.419730000E+9	2.307899000E-5
1.419733333E+9	2.476476000E-5
1.419736667E+9	2.319244000E-5
1.419740000E+9	2.296915000E-5
1.419743333E+9	2.298174000E-5
1.419746667E+9	2.367326000E-5
1.419750000E+9	2.276249000E-5
1.419753333E+9	2.328307000E-5
1.419756667E+9	2.320688000E-5
1.419760000E+9	2.286373000E-5
1.419763333E+9	2.249994000E-5
1.419766667E+9	2.295320000E-5
1.419770000E+9	2.353843000E-5
1.419773333E+9	2.273676000E-5
1.419776667E+9	2.294614000E-5
1.419780000E+9	2.303234000E-5
1.419783333E+9	2.264050000E-5
1.419786667E+9	2.275284000E-5
1.419790000E+9	2.341378000E-5
1.419793333E+9	2.331036000E-5
1.419796667E+9	2.385211000E-5
1.419800000E+9	2.314248000E-5
1.419803333E+9	2.324240000E-5
1.419806667E+9	2.289402000E-5
1.419810000E+9	2.239350000E-5
1.419813333E+9	2.350032000E-5
1.419816667E+9	2.330788000E-5
1.419820000E+9	2.324661000E-5
1.419823333E+9	2.342782000E-5
1.419826667E+9	2.255230000E-5
1.419830000E+9	2.281846000E-5
1.419833333E+9	2.309859000E-5
1.419836667E+9	2.313707000E-5
1.419840000E+9	2.329478000E-5
1.419843333E+9	2.317566000E-5
1.419846667E+9	2.250604000E-5
1.419850000E+9	2.292084000E-5
1.419853333E+9	2.310879000E-5
1.419856667E+9	2.307127000E-5
1.419860000E+9	2.338223000E-5
1.419863333E+9	2.341959000E-5
1.419866667E+9	2.325208000E-5
1.419870000E+9	2.317358000E-5
1.419873333E+9	2.290866000E-5
1.419876667E+9	2.268021000E-5
1.419880000E+9	2.292114000E-5
1.419883333E+9	2.338152000E-5
1.419886667E+9	2.315893000E-5
1.419890000E+9	2.259652000E-5
1.419893333E+9	2.296434000E-5
1.419896667E+9	2.282197000E-5
1.419900000E+9	2.295829000E-5
1.419903333E+9	2.306481000E-5
1.419906667E+9	2.296504000E-5
1.419910000E+9	2.395412000E-5
1.419913333E+9	2.338200000E-5
1.419916667E+9	2.321458000E-5
1.419920000E+9	2.311841000E-5
1.419923333E+9	2.296504000E-5
1.419926667E+9	2.290426000E-5
1.419930000E+9	2.291558000E-5
1.419933333E+9	2.345894000E-5
1.419936667E+9	2.329393000E-5
1.419940000E+9	2.288030000E-5
1.419943333E+9	2.258888000E-5
1.419946667E+9	2.307681000E-5
1.419950000E+9	2.356274000E-5
1.419953333E+9	2.289227000E-5
1.419956667E+9	2.318266000E-5
1.419960000E+9	2.273638000E-5
1.419963333E+9	2.279019000E-5
1.419966667E+9	2.232895000E-5
1.419970000E+9	2.297682000E-5
1.419973333E+9	2.318936000E-5
1.419976667E+9	2.213524000E-5
1.419980000E+9	2.311462000E-5
1.419983333E+9	2.242462000E-5
1.419986667E+9	2.332749000E-5
1.419990000E+9	2.350008000E-5
1.419993333E+9	2.263861000E-5
1.419996667E+9	2.291054000E-5
1.420000000E+9	2.425003000E-5
1.420003333E+9	2.404009000E-5
1.420006667E+9	2.305402000E-5
1.420010000E+9	2.318959000E-5
1.420013333E+9	2.305673000E-5
1.420016667E+9	2.262788000E-5
1.420020000E+9	2.298669000E-5
1.420023333E+9	2.310491000E-5
1.420026667E+9	2.302291000E-5
1.420030000E+9	2.331919000E-5
1.420033333E+9	2.247091000E-5
1.420036667E+9	2.244162000E-5
1.420040000E+9	2.328388000E-5
1.420043333E+9	2.291965000E-5
1.420046667E+9	2.338763000E-5
1.420050000E+9	2.349100000E-5
1.420053333E+9	2.300611000E-5
1.420056667E+9	2.262790000E-5
1.420060000E+9	2.267767000E-5
1.420063333E+9	2.313618000E-5
1.420066667E+9	2.297221000E-5
1.420070000E+9	2.298371000E-5
1.420073333E+9	2.291621000E-5
1.420076667E+9	2.217309000E-5
1.420080000E+9	2.251527000E-5
1.420083333E+9	2.233334000E-5
1.420086667E+9	2.242194000E-5
1.420090000E+9	2.272373000E-5
1.420093333E+9	2.294246000E-5
1.420096667E+9	2.284408000E-5
1.420100000E+9	2.271986000E-5
1.420103333E+9	2.271098000E-5
1.420106667E+9	2.272635000E-5
1.420110000E+9	2.234026000E-5
1.420113333E+9	2.301540000E-5
1.420116667E+9	2.283162000E-5
1.420120000E+9	2.302243000E-5
1.420123333E+9	2.305607000E-5
1.420126667E+9	2.301515000E-5
1.420130000E+9	2.245451000E-5
1.420133333E+9	2.258940000E-5
1.420136667E+9	2.268925000E-5
1.420140000E+9	2.251267000E-5
1.420143333E+9	2.298646000E-5
1.420146667E+9	2.265380000E-5
1.420150000E+9	2.207837000E-5
1.420153333E+9	2.237936000E-5
1.420156667E+9	2.296194000E-5
1.420160000E+9	2.269713000E-5
1.420163333E+9	2.248927000E-5
1.420166667E+9	2.205218000E-5
1.420170000E+9	2.271722000E-5
1.420173333E+9	2.267643000E-5
1.420176667E+9	2.310016000E-5
1.420180000E+9	2.282022000E-5
1.420183333E+9	2.260898000E-5
1.420186667E+9	2.292738000E-5
1.420190000E+9	2.340463000E-5
1.420193333E+9	2.282543000E-5
1.420196667E+9	2.284235000E-5
1.420200000E+9	2.254772000E-5
1.420203333E+9	2.230151000E-5
1.420206667E+9	2.228536000E-5
1.420210000E+9	2.323227000E-5
1.420213333E+9	2.286039000E-5
1.420216667E+9	2.284609000E-5
1.420220000E+9	2.261993000E-5
1.420223333E+9	2.302164000E-5
1.420226667E+9	2.255639000E-5
1.420230000E+9	2.298061000E-5
1.420233333E+9	2.285324000E-5
1.420236667E+9	2.279535000E-5
1.420240000E+9	2.260146000E-5
1.420243333E+9	2.262432000E-5
1.420246667E+9	2.275347000E-5
1.420250000E+9	2.258876000E-5
1.420253333E+9	2.273202000E-5
1.420256667E+9	2.301030000E-5
1.420260000E+9	2.264938000E-5
1.420263333E+9	2.323707000E-5
1.420266667E+9	2.274685000E-5
1.420270000E+9	2.264040000E-5
1.420273333E+9	2.253310000E-5
1.420276667E+9	2.286514000E-5
1.420280000E+9	2.263769000E-5
1.420283333E+9	2.282260000E-5
1.420286667E+9	2.249322000E-5
1.420290000E+9	2.248999000E-5
1.420293333E+9	2.259660000E-5
1.420296667E+9	2.245567000E-5
1.420300000E+9	2.274630000E-5
1.420303333E+9	2.348425000E-5
1.420306667E+9	2.281107000E-5
1.420310000E+9	2.312610000E-5
1.420313333E+9	2.299699000E-5
1.420316667E+9	2.231699000E-5
1.420320000E+9	2.256831000E-5
1.420323333E+9	2.246457000E-5
1.420326667E+9	2.275861000E-5
1.420330000E+9	2.335742000E-5
1.420333333E+9	2.290292000E-5
1.420336667E+9	2.269344000E-5
1.420340000E+9	2.331870000E-5
1.420343333E+9	2.322093000E-5
1.420346667E+9	2.257210000E-5
1.420350000E+9	2.301497000E-5
1.420353333E+9	2.238364000E-5
1.420356667E+9	2.248298000E-5
1.420360000E+9	2.280346000E-5
1.420363333E+9	2.255565000E-5
1.420366667E+9	2.240860000E-5
1.420370000E+9	2.247096000E-5
1.420373333E+9	2.264983000E-5
1.420376667E+9	2.267055000E-5
1.420380000E+9	2.284950000E-5
1.420383333E+9	2.248577000E-5
1.420386667E+9	2.237340000E-5
1.420390000E+9	2.225064000E-5
1.420393333E+9	2.297526000E-5
1.420396667E+9	2.261809000E-5
1.420400000E+9	2.226599000E-5
1.420403333E+9	2.266443000E-5
1.420406667E+9	2.285592000E-5
1.420410000E+9	2.242014000E-5
1.420413333E+9	2.295340000E-5
1.420416667E+9	2.253646000E-5
1.420420000E+9	2.282272000E-5
1.420423333E+9	2.292177000E-5
1.420426667E+9	2.250666000E-5
1.420430000E+9	2.252199000E-5
1.420433333E+9	2.251719000E-5
1.420436667E+9	2.258486000E-5
1.420440000E+9	2.274590000E-5
1.420443333E+9	2.267717000E-5
1.420446667E+9	2.297042000E-5
1.420450000E+9	2.259215000E-5
1.420453333E+9	2.246252000E-5
1.420456667E+9	2.257175000E-5
1.420460000E+9	2.284115000E-5
1.420463333E+9	2.223706000E-5
1.420466667E+9	2.242056000E-5
1.420470000E+9	2.279512000E-5
1.420473333E+9	2.299747000E-5
1.420476667E+9	2.239197000E-5
1.420480000E+9	2.256996000E-5
1.420483333E+9	2.262897000E-5
1.420486667E+9	2.231165000E-5
1.420490000E+9	2.233513000E-5
1.420493333E+9	2.273708000E-5
1.420496667E+9	2.262937000E-5
1.420500000E+9	2.298548000E-5
1.420503333E+9	2.270343000E-5
1.420506667E+9	2.280404000E-5
1.420510000E+9	2.243442000E-5
1.420513333E+9	2.244145000E-5
1.420516667E+9	2.242305000E-5
1.420520000E+9	2.257648000E-5
1.420523333E+9	2.230923000E-5
1.420526667E+9	2.226183000E-5
1.420530000E+9	2.227224000E-5
1.420533333E+9	2.233749000E-5
1.420536667E+9	2.270562000E-5
1.420540000E+9	2.282641000E-5
1.420543333E+9	2.242911000E-5
1.420546667E+9	2.248883000E-5
1.420550000E+9	2.231025000E-5
1.420553333E+9	2.241123000E-5
1.420556667E+9	2.227457000E-5
1.420560000E+9	2.240944000E-5
1.420563333E+9	2.258335000E-5
1.420566667E+9	2.265202000E-5
1.420570000E+9	2.285444000E-5
1.420573333E+9	2.261553000E-5
1.420576667E+9	2.294521000E-5
1.420580000E+9	2.252743000E-5
1.420583333E+9	2.304481000E-5
1.420586667E+9	2.264358000E-5
1.420590000E+9	2.256942000E-5
1.420593333E+9	2.292949000E-5
1.420596667E+9	2.216547000E-5
1.420600000E+9	2.245636000E-5
1.420603333E+9	2.294355000E-5
1.420606667E+9	2.267702000E-5
1.420610000E+9	2.255770000E-5
1.420613333E+9	2.235964000E-5
1.420616667E+9	2.217571000E-5
1.420620000E+9	2.234956000E-5
1.420623333E+9	2.279525000E-5
1.420626667E+9	2.285309000E-5
1.420630000E+9	2.265627000E-5
1.420633333E+9	2.298964000E-5
1.420636667E+9	2.277496000E-5
1.420640000E+9	2.186410000E-5
1.420643333E+9	2.243896000E-5
1.420646667E+9	2.216819000E-5
1.420650000E+9	2.222456000E-5
1.420653333E+9	2.257031000E-5
1.420656667E+9	2.324146000E-5
1.420660000E+9	2.256669000E-5
1.420663333E+9	2.275044000E-5
1.420666667E+9	2.250355000E-5
1.420670000E+9	2.207897000E-5
1.420673333E+9	2.192836000E-5
1.420676667E+9	2.297783000E-5
1.420680000E+9	2.241650000E-5
1.420683333E+9	2.278119000E-5
1.420686667E+9	2.234337000E-5
1.420690000E+9	2.267867000E-5
1.420693333E+9	2.210231000E-5
1.420696667E+9	2.240759000E-5
1.420700000E+9	2.313847000E-5
1.420703333E+9	2.230567000E-5
1.420706667E+9	2.226266000E-5
1.420710000E+9	2.249851000E-5
1.420713333E+9	2.217793000E-5
1.420716667E+9	2.248703000E-5
1.420720000E+9	2.205240000E-5
1.420723333E+9	2.186979000E-5
1.420726667E+9	2.240737000E-5
1.420730000E+9	2.216642000E-5
1.420733333E+9	2.238853000E-5
1.420736667E+9	2.260473000E-5
1.420740000E+9	2.210667000E-5
1.420743333E+9	2.242179000E-5
1.420746667E+9	2.244236000E-5
1.420750000E+9	2.269232000E-5
1.420753333E+9	2.257824000E-5
1.420756667E+9	2.263011000E-5
1.420760000E+9	2.272955000E-5
1.420763333E+9	2.248209000E-5
1.420766667E+9	2.196096000E-5
1.420770000E+9	2.235110000E-5
1.420773333E+9	2.267177000E-5
1.420776667E+9	2.233675000E-5
1.420780000E+9	2.232297000E-5
1.420783333E+9	2.214895000E-5
1.420786667E+9	2.232716000E-5
1.420790000E+9	2.232601000E-5
1.420793333E+9	2.287149000E-5
1.420796667E+9	2.285647000E-5
1.420800000E+9	2.223357000E-5
1.420803333E+9	2.219683000E-5
1.420806667E+9	2.232444000E-5
1.420810000E+9	2.277551000E-5
1.420813333E+9	2.274452000E-5
1.420816667E+9	2.216230000E-5
1.420820000E+9	2.215542000E-5
1.420823333E+9	2.251101000E-5
1.420826667E+9	2.213006000E-5
1.420830000E+9	2.224004000E-5
1.420833333E+9	2.228374000E-5
1.420836667E+9	2.192468000E-5
1.420840000E+9	2.278311000E-5
1.420843333E+9	2.281889000E-5
1.420846667E+9	2.250572000E-5
1.420850000E+9	2.242164000E-5
1.420853333E+9	2.194000000E-5
1.420856667E+9	2.229659000E-5
1.420860000E+9	2.254814000E-5
1.420863333E+9	2.239802000E-5
1.420866667E+9	2.243117000E-5
1.420870000E+9	2.202895000E-5
1.420873333E+9	2.233847000E-5
1.420876667E+9	2.224898000E-5
1.420880000E+9	2.213264000E-5
1.420883333E+9	2.245187000E-5
1.420886667E+9	2.255102000E-5
1.420890000E+9	2.273314000E-5
1.420893333E+9	2.264868000E-5
1.420896667E+9	2.374625000E-5
1.420900000E+9	2.242814000E-5
1.420903333E+9	2.243955000E-5
1.420906667E+9	2.247900000E-5
1.420910000E+9	2.222563000E-5
1.420913333E+9	2.268347000E-5
1.420916667E+9	2.304522000E-5
1.420920000E+9	2.353445000E-5
1.420923333E+9	2.255510000E-5
1.420926667E+9	2.338005000E-5
1.420930000E+9	2.290260000E-5
1.420933333E+9	2.237239000E-5
1.420936667E+9	2.221073000E-5
1.420940000E+9	2.257128000E-5
1.420943333E+9	2.227391000E-5
1.420946667E+9	2.232197000E-5
1.420950000E+9	2.230259000E-5
1.420953333E+9	2.223110000E-5
1.420956667E+9	2.217959000E-5
1.420960000E+9	2.203700000E-5
1.420963333E+9	2.206232000E-5
1.420966667E+9	2.237529000E-5
1.420970000E+9	2.259394000E-5
1.420973333E+9	2.192979000E-5
1.420976667E+9	2.235002000E-5
1.420980000E+9	2.227117000E-5
1.420983333E+9	2.238086000E-5
1.420986667E+9	2.248996000E-5
1.420990000E+9	2.236232000E-5
1.420993333E+9	2.234502000E-5
1.420996667E+9	2.245811000E-5
1.421000000E+9	2.188276000E-5
1.421003333E+9	2.237941000E-5
1.421006667E+9	2.248535000E-5
1.421010000E+9	2.245742000E-5
1.421013333E+9	2.196007000E-5
1.421016667E+9	2.232023000E-5
1.421020000E+9	2.260451000E-5
1.421023333E+9	2.208814000E-5
1.421026667E+9	2.236512000E-5
1.421030000E+9	2.234951000E-5
1.421033333E+9	2.250501000E-5
1.421036667E+9	2.204516000E-5
1.421040000E+9	2.284852000E-5
1.421043333E+9	2.209609000E-5
1.421046667E+9	2.241830000E-5
1.421050000E+9	2.167716000E-5
1.421053333E+9	2.233643000E-5
1.421056667E+9	2.224846000E-5
1.421060000E+9	2.198968000E-5
1.421063333E+9	2.193246000E-5
1.421066667E+9	2.195942000E-5
1.421070000E+9	2.268091000E-5
1.421073333E+9	2.234956000E-5
1.421076667E+9	2.187777000E-5
1.421080000E+9	2.236144000E-5
1.421083333E+9	2.259798000E-5
1.421086667E+9	2.250518000E-5
1.421090000E+9	2.198835000E-5
1.421093333E+9	2.246201000E-5
1.421096667E+9	2.257834000E-5
1.421100000E+9	2.191989000E-5
1.421103333E+9	2.243117000E-5
1.421106667E+9	2.241584000E-5
1.421110000E+9	2.206875000E-5
1.421113333E+9	2.242379000E-5
1.421116667E+9	2.192755000E-5
1.421120000E+9	2.214693000E-5
1.421123333E+9	2.299315000E-5
1.421126667E+9	2.282418000E-5
1.421130000E+9	2.215858000E-5
1.421133333E+9	2.180266000E-5
1.421136667E+9	2.237762000E-5
1.421140000E+9	2.263302000E-5
1.421143333E+9	2.221844000E-5
1.421146667E+9	2.215157000E-5
1.421150000E+9	2.210056000E-5
1.421153333E+9	2.227899000E-5
1.421156667E+9	2.226848000E-5
1.421160000E+9	2.223608000E-5
1.421163333E+9	2.274035000E-5
1.421166667E+9	2.248392000E-5
1.421170000E+9	2.228440000E-5
1.421173333E+9	2.215250000E-5
1.421176667E+9	2.198072000E-5
1.421180000E+9	2.246950000E-5
1.421183333E+9	2.215826000E-5
1.421186667E+9	2.246785000E-5
1.421190000E+9	2.242046000E-5
1.421193333E+9	2.226621000E-5
1.421196667E+9	2.268011000E-5
1.421200000E+9	2.229505000E-5
1.421203333E+9	2.239709000E-5
1.421206667E+9	2.244753000E-5
1.421210000E+9	2.231888000E-5
1.421213333E+9	2.247498000E-5
1.421216667E+9	2.228751000E-5
1.421220000E+9	2.219457000E-5
1.421223333E+9	2.215719000E-5
1.421226667E+9	2.273906000E-5
1.421230000E+9	2.225015000E-5
1.421233333E+9	2.241072000E-5
1.421236667E+9	2.184618000E-5
1.421240000E+9	2.219696000E-5
1.421243333E+9	2.199987000E-5
1.421246667E+9	2.232452000E-5
1.421250000E+9	2.233288000E-5
1.421253333E+9	2.246644000E-5
1.421256667E+9	2.227655000E-5
1.421260000E+9	2.242359000E-5
1.421263333E+9	2.202503000E-5
1.421266667E+9	2.255473000E-5
1.421270000E+9	2.239372000E-5
1.421273333E+9	2.215965000E-5
1.421276667E+9	2.267237000E-5
1.421280000E+9	2.256930000E-5
1.421283333E+9	2.248152000E-5
1.421286667E+9	2.225843000E-5
1.421290000E+9	2.237376000E-5
1.421293333E+9	2.228252000E-5
1.421296667E+9	2.270545000E-5
1.421300000E+9	2.199738000E-5
1.421303333E+9	2.204085000E-5
1.421306667E+9	2.189723000E-5
1.421310000E+9	2.178608000E-5
1.421313333E+9	2.138574000E-5
1.421316667E+9	2.213514000E-5
1.421320000E+9	2.270692000E-5
1.421323333E+9	2.194043000E-5
1.421326667E+9	2.257289000E-5
1.421330000E+9	2.244371000E-5
1.421333333E+9	2.304843000E-5
1.421336667E+9	2.205649000E-5
1.421340000E+9	2.216306000E-5
1.421343333E+9	2.311564000E-5
1.421346667E+9	2.247607000E-5
1.421350000E+9	2.177180000E-5
1.421353333E+9	2.239151000E-5
1.421356667E+9	2.219679000E-5
1.421360000E+9	2.246371000E-5
1.421363333E+9	2.219155000E-5
1.421366667E+9	2.209309000E-5
1.421370000E+9	2.168123000E-5
1.421373333E+9	2.262894000E-5
1.421376667E+9	2.240275000E-5
1.421380000E+9	2.237715000E-5
1.421383333E+9	2.234847000E-5
1.421386667E+9	2.237833000E-5
1.421390000E+9	2.239244000E-5
1.421393333E+9	2.210371000E-5
1.421396667E+9	2.227745000E-5
1.421400000E+9	2.281521000E-5
