Frequency, Hz	Amplitude, Volts
1.419400000E+9	1.523570000E-5
1.419403333E+9	1.500883000E-5
1.419406667E+9	1.469681000E-5
1.419410000E+9	1.442166000E-5
1.419413333E+9	1.537701000E-5
1.419416667E+9	1.530027000E-5
1.419420000E+9	1.492330000E-5
1.419423333E+9	1.474465000E-5
1.419426667E+9	1.471555000E-5
1.419430000E+9	1.468240000E-5
1.419433333E+9	1.517829000E-5
1.419436667E+9	1.481355000E-5
1.419440000E+9	1.486019000E-5
1.419443333E+9	1.494438000E-5
1.419446667E+9	1.504559000E-5
1.419450000E+9	1.516353000E-5
1.419453333E+9	1.622266000E-5
1.419456667E+9	1.578834000E-5
1.419460000E+9	1.501489000E-5
1.419463333E+9	1.476073000E-5
1.419466667E+9	1.454602000E-5
1.419470000E+9	1.452831000E-5
1.419473333E+9	1.454236000E-5
1.419476667E+9	1.464333000E-5
1.419480000E+9	1.494562000E-5
1.419483333E+9	1.503456000E-5
1.419486667E+9	1.470675000E-5
1.419490000E+9	1.495034000E-5
1.419493333E+9	1.466776000E-5
1.419496667E+9	1.481548000E-5
1.419500000E+9	1.462244000E-5
1.419503333E+9	1.484500000E-5
1.419506667E+9	1.517361000E-5
1.419510000E+9	1.478144000E-5
1.419513333E+9	1.478362000E-5
1.419516667E+9	1.482539000E-5
1.419520000E+9	1.492028000E-5
1.419523333E+9	1.505114000E-5
1.419526667E+9	1.500166000E-5
1.419530000E+9	1.494196000E-5
1.419533333E+9	1.476717000E-5
1.419536667E+9	1.495323000E-5
1.419540000E+9	1.497748000E-5
1.419543333E+9	1.490530000E-5
1.419546667E+9	1.452144000E-5
1.419550000E+9	1.488012000E-5
1.419553333E+9	1.503794000E-5
1.419556667E+9	1.473960000E-5
1.419560000E+9	1.463873000E-5
1.419563333E+9	1.461797000E-5
1.419566667E+9	1.493973000E-5
1.419570000E+9	1.481830000E-5
1.419573333E+9	1.486851000E-5
1.419576667E+9	1.501402000E-5
1.419580000E+9	1.526362000E-5
1.419583333E+9	1.500733000E-5
1.419586667E+9	1.492415000E-5
1.419590000E+9	1.468824000E-5
1.419593333E+9	1.477709000E-5
1.419596667E+9	1.465242000E-5
1.419600000E+9	1.472501000E-5
1.419603333E+9	1.527974000E-5
1.419606667E+9	1.491208000E-5
1.419610000E+9	1.474905000E-5
1.419613333E+9	1.472428000E-5
1.419616667E+9	1.478573000E-5
1.419620000E+9	1.463129000E-5
1.419623333E+9	1.463913000E-5
1.419626667E+9	1.464201000E-5
1.419630000E+9	1.486551000E-5
1.419633333E+9	1.493340000E-5
1.419636667E+9	1.447680000E-5
1.419640000E+9	1.458787000E-5
1.419643333E+9	1.477437000E-5
1.419646667E+9	1.487280000E-5
1.419650000E+9	1.517773000E-5
1.419653333E+9	1.452583000E-5
1.419656667E+9	1.459665000E-5
1.419660000E+9	1.480395000E-5
1.419663333E+9	1.468219000E-5
1.419666667E+9	1.499657000E-5
1.419670000E+9	1.491360000E-5
1.419673333E+9	1.471887000E-5
1.419676667E+9	1.513403000E-5
1.419680000E+9	1.488790000E-5
1.419683333E+9	1.461201000E-5
1.419686667E+9	1.479606000E-5
1.419690000E+9	1.474546000E-5
1.419693333E+9	1.460228000E-5
1.419696667E+9	1.474857000E-5
1.419700000E+9	1.478329000E-5
1.419703333E+9	1.475890000E-5
1.419706667E+9	1.496455000E-5
1.419710000E+9	1.517234000E-5
1.419713333E+9	1.490196000E-5
1.419716667E+9	1.478951000E-5
1.419720000E+9	1.448682000E-5
1.419723333E+9	1.466318000E-5
1.419726667E+9	1.490507000E-5
1.419730000E+9	1.498321000E-5
1.419733333E+9	1.510979000E-5
1.419736667E+9	1.497456000E-5
1.419740000E+9	1.520368000E-5
1.419743333E+9	1.513459000E-5
1.419746667E+9	1.600587000E-5
1.419750000E+9	1.542627000E-5
1.419753333E+9	1.552395000E-5
1.419756667E+9	1.448232000E-5
1.419760000E+9	1.470095000E-5
1.419763333E+9	1.449330000E-5
1.419766667E+9	1.475595000E-5
1.419770000E+9	1.476829000E-5
1.419773333E+9	1.491085000E-5
1.419776667E+9	1.496828000E-5
1.419780000E+9	1.505097000E-5
1.419783333E+9	1.496545000E-5
1.419786667E+9	1.470698000E-5
1.419790000E+9	1.487287000E-5
1.419793333E+9	1.479503000E-5
1.419796667E+9	1.495514000E-5
1.419800000E+9	1.470024000E-5
1.419803333E+9	1.507453000E-5
1.419806667E+9	1.502073000E-5
1.419810000E+9	1.497546000E-5
1.419813333E+9	1.457305000E-5
1.419816667E+9	1.490786000E-5
1.419820000E+9	1.462948000E-5
1.419823333E+9	1.486967000E-5
1.419826667E+9	1.521049000E-5
1.419830000E+9	1.484251000E-5
1.419833333E+9	1.499275000E-5
1.419836667E+9	1.476224000E-5
1.419840000E+9	1.453387000E-5
1.419843333E+9	1.468460000E-5
1.419846667E+9	1.487828000E-5
1.419850000E+9	1.437704000E-5
1.419853333E+9	1.458521000E-5
1.419856667E+9	1.464098000E-5
1.419860000E+9	1.473005000E-5
1.419863333E+9	1.501255000E-5
1.419866667E+9	1.509135000E-5
1.419870000E+9	1.475155000E-5
1.419873333E+9	1.495634000E-5
1.419876667E+9	1.464161000E-5
1.419880000E+9	1.464870000E-5
1.419883333E+9	1.485453000E-5
1.419886667E+9	1.494010000E-5
1.419890000E+9	1.456100000E-5
1.419893333E+9	1.490327000E-5
1.419896667E+9	1.485707000E-5
1.419900000E+9	1.486699000E-5
1.419903333E+9	1.513778000E-5
1.419906667E+9	1.481335000E-5
1.419910000E+9	1.508027000E-5
1.419913333E+9	1.478456000E-5
1.419916667E+9	1.497795000E-5
1.419920000E+9	1.499084000E-5
1.419923333E+9	1.460786000E-5
1.419926667E+9	1.467278000E-5
1.419930000E+9	1.477443000E-5
1.419933333E+9	1.458573000E-5
1.419936667E+9	1.476675000E-5
1.419940000E+9	1.486453000E-5
1.419943333E+9	1.479698000E-5
1.419946667E+9	1.484025000E-5
1.419950000E+9	1.466099000E-5
1.419953333E+9	1.472798000E-5
1.419956667E+9	1.482762000E-5
1.419960000E+9	1.486848000E-5
1.419963333E+9	1.480478000E-5
1.419966667E+9	1.483179000E-5
1.419970000E+9	1.449233000E-5
1.419973333E+9	1.487743000E-5
1.419976667E+9	1.521594000E-5
1.419980000E+9	1.680923000E-5
1.419983333E+9	1.467464000E-5
1.419986667E+9	1.477207000E-5
1.419990000E+9	1.488901000E-5
1.419993333E+9	1.492345000E-5
1.419996667E+9	1.472443000E-5
1.420000000E+9	1.502085000E-5
1.420003333E+9	1.525009000E-5
1.420006667E+9	1.494117000E-5
1.420010000E+9	1.475543000E-5
1.420013333E+9	1.501324000E-5
1.420016667E+9	1.474887000E-5
1.420020000E+9	1.482015000E-5
1.420023333E+9	1.515421000E-5
1.420026667E+9	1.464960000E-5
1.420030000E+9	1.476817000E-5
1.420033333E+9	1.519440000E-5
1.420036667E+9	1.497295000E-5
1.420040000E+9	1.594492000E-5
1.420043333E+9	1.507295000E-5
1.420046667E+9	1.489563000E-5
1.420050000E+9	1.522611000E-5
1.420053333E+9	1.441514000E-5
1.420056667E+9	1.453513000E-5
1.420060000E+9	1.464459000E-5
1.420063333E+9	1.474944000E-5
1.420066667E+9	1.447159000E-5
1.420070000E+9	1.485032000E-5
1.420073333E+9	1.466840000E-5
1.420076667E+9	1.476000000E-5
1.420080000E+9	1.502499000E-5
1.420083333E+9	1.486606000E-5
1.420086667E+9	1.496351000E-5
1.420090000E+9	1.469524000E-5
1.420093333E+9	1.486076000E-5
1.420096667E+9	1.453618000E-5
1.420100000E+9	1.474897000E-5
1.420103333E+9	1.478823000E-5
1.420106667E+9	1.494452000E-5
1.420110000E+9	1.463051000E-5
1.420113333E+9	1.466114000E-5
1.420116667E+9	1.446141000E-5
1.420120000E+9	1.486285000E-5
1.420123333E+9	1.478891000E-5
1.420126667E+9	1.490432000E-5
1.420130000E+9	1.473245000E-5
1.420133333E+9	1.472047000E-5
1.420136667E+9	1.468953000E-5
1.420140000E+9	1.491174000E-5
1.420143333E+9	1.431564000E-5
1.420146667E+9	1.466016000E-5
1.420150000E+9	1.480894000E-5
1.420153333E+9	1.484583000E-5
1.420156667E+9	1.470255000E-5
1.420160000E+9	1.466120000E-5
1.420163333E+9	1.507095000E-5
1.420166667E+9	1.497903000E-5
1.420170000E+9	1.482106000E-5
1.420173333E+9	1.457082000E-5
1.420176667E+9	1.489545000E-5
1.420180000E+9	1.460948000E-5
1.420183333E+9	1.451709000E-5
1.420186667E+9	1.466331000E-5
1.420190000E+9	1.475140000E-5
1.420193333E+9	1.501733000E-5
1.420196667E+9	1.487104000E-5
1.420200000E+9	1.513483000E-5
1.420203333E+9	1.508520000E-5
1.420206667E+9	1.478672000E-5
1.420210000E+9	1.475007000E-5
1.420213333E+9	1.448688000E-5
1.420216667E+9	1.486662000E-5
1.420220000E+9	1.466906000E-5
1.420223333E+9	1.463452000E-5
1.420226667E+9	1.489645000E-5
1.420230000E+9	1.471544000E-5
1.420233333E+9	1.452787000E-5
1.420236667E+9	1.499112000E-5
1.420240000E+9	1.475388000E-5
1.420243333E+9	1.469931000E-5
1.420246667E+9	1.471550000E-5
1.420250000E+9	1.479320000E-5
1.420253333E+9	1.476632000E-5
1.420256667E+9	1.468419000E-5
1.420260000E+9	1.469098000E-5
1.420263333E+9	1.497110000E-5
1.420266667E+9	1.499642000E-5
1.420270000E+9	1.469071000E-5
1.420273333E+9	1.496212000E-5
1.420276667E+9	1.504539000E-5
1.420280000E+9	1.485474000E-5
1.420283333E+9	1.462220000E-5
1.420286667E+9	1.469861000E-5
1.420290000E+9	1.475579000E-5
1.420293333E+9	1.490414000E-5
1.420296667E+9	1.561570000E-5
1.420300000E+9	1.498898000E-5
1.420303333E+9	1.516866000E-5
1.420306667E+9	1.471916000E-5
1.420310000E+9	1.527046000E-5
1.420313333E+9	1.498921000E-5
1.420316667E+9	1.493664000E-5
1.420320000E+9	1.508474000E-5
1.420323333E+9	1.457297000E-5
1.420326667E+9	1.505335000E-5
1.420330000E+9	1.505081000E-5
1.420333333E+9	1.576648000E-5
1.420336667E+9	1.507002000E-5
1.420340000E+9	1.466232000E-5
1.420343333E+9	1.465916000E-5
1.420346667E+9	1.478763000E-5
1.420350000E+9	1.513195000E-5
1.420353333E+9	1.469189000E-5
1.420356667E+9	1.483583000E-5
1.420360000E+9	1.491409000E-5
1.420363333E+9	1.456546000E-5
1.420366667E+9	1.467918000E-5
1.420370000E+9	1.448669000E-5
1.420373333E+9	1.467600000E-5
1.420376667E+9	1.491468000E-5
1.420380000E+9	1.464936000E-5
1.420383333E+9	1.455300000E-5
1.420386667E+9	1.475192000E-5
1.420390000E+9	1.441580000E-5
1.420393333E+9	1.483194000E-5
1.420396667E+9	1.481077000E-5
1.420400000E+9	1.483428000E-5
1.420403333E+9	1.497257000E-5
1.420406667E+9	1.492954000E-5
1.420410000E+9	1.456729000E-5
1.420413333E+9	1.466299000E-5
1.420416667E+9	1.503451000E-5
1.420420000E+9	1.481490000E-5
1.420423333E+9	1.501387000E-5
1.420426667E+9	1.534812000E-5
1.420430000E+9	1.491342000E-5
1.420433333E+9	1.492977000E-5
1.420436667E+9	1.465296000E-5
1.420440000E+9	1.465408000E-5
1.420443333E+9	1.463727000E-5
1.420446667E+9	1.521076000E-5
1.420450000E+9	1.469258000E-5
1.420453333E+9	1.494161000E-5
1.420456667E+9	1.474423000E-5
1.420460000E+9	1.545947000E-5
1.420463333E+9	1.538024000E-5
1.420466667E+9	1.473500000E-5
1.420470000E+9	1.513589000E-5
1.420473333E+9	1.516748000E-5
1.420476667E+9	1.542617000E-5
1.420480000E+9	1.541266000E-5
1.420483333E+9	1.628813000E-5
1.420486667E+9	1.611641000E-5
1.420490000E+9	1.603800000E-5
1.420493333E+9	1.589889000E-5
1.420496667E+9	1.683893000E-5
1.420500000E+9	1.691026000E-5
1.420503333E+9	1.652177000E-5
1.420506667E+9	1.655048000E-5
1.420510000E+9	1.603273000E-5
1.420513333E+9	1.636501000E-5
1.420516667E+9	1.654196000E-5
1.420520000E+9	1.645725000E-5
1.420523333E+9	1.639326000E-5
1.420526667E+9	1.620021000E-5
1.420530000E+9	1.647062000E-5
1.420533333E+9	1.647853000E-5
1.420536667E+9	1.665270000E-5
1.420540000E+9	1.640424000E-5
1.420543333E+9	1.615845000E-5
1.420546667E+9	1.626066000E-5
1.420550000E+9	1.620813000E-5
1.420553333E+9	1.592015000E-5
1.420556667E+9	1.605542000E-5
1.420560000E+9	1.594201000E-5
1.420563333E+9	1.601129000E-5
1.420566667E+9	1.592508000E-5
1.420570000E+9	1.606320000E-5
1.420573333E+9	1.611129000E-5
1.420576667E+9	1.574315000E-5
1.420580000E+9	1.587960000E-5
1.420583333E+9	1.551865000E-5
1.420586667E+9	1.530060000E-5
1.420590000E+9	1.615203000E-5
1.420593333E+9	1.571519000E-5
1.420596667E+9	1.567564000E-5
1.420600000E+9	1.528732000E-5
1.420603333E+9	1.569351000E-5
1.420606667E+9	1.588978000E-5
1.420610000E+9	1.594781000E-5
1.420613333E+9	1.541662000E-5
1.420616667E+9	1.527261000E-5
1.420620000E+9	1.563593000E-5
1.420623333E+9	1.582232000E-5
1.420626667E+9	1.725264000E-5
1.420630000E+9	1.563378000E-5
1.420633333E+9	1.520703000E-5
1.420636667E+9	1.494785000E-5
1.420640000E+9	1.553100000E-5
1.420643333E+9	1.579447000E-5
1.420646667E+9	1.597190000E-5
1.420650000E+9	1.559860000E-5
1.420653333E+9	1.567428000E-5
1.420656667E+9	1.531607000E-5
1.420660000E+9	1.550326000E-5
1.420663333E+9	1.622498000E-5
1.420666667E+9	1.589374000E-5
1.420670000E+9	1.572061000E-5
1.420673333E+9	1.589127000E-5
1.420676667E+9	1.627105000E-5
1.420680000E+9	1.564477000E-5
1.420683333E+9	1.604918000E-5
1.420686667E+9	1.635818000E-5
1.420690000E+9	1.597345000E-5
1.420693333E+9	1.624455000E-5
1.420696667E+9	1.567063000E-5
1.420700000E+9	1.609268000E-5
1.420703333E+9	1.591127000E-5
1.420706667E+9	1.610135000E-5
1.420710000E+9	1.615469000E-5
1.420713333E+9	1.624688000E-5
1.420716667E+9	1.636893000E-5
1.420720000E+9	1.649558000E-5
1.420723333E+9	1.608393000E-5
1.420726667E+9	1.596561000E-5
1.420730000E+9	1.612341000E-5
1.420733333E+9	1.608031000E-5
1.420736667E+9	1.599245000E-5
1.420740000E+9	1.601250000E-5
1.420743333E+9	1.642820000E-5
1.420746667E+9	1.604844000E-5
1.420750000E+9	1.647563000E-5
1.420753333E+9	1.645683000E-5
1.420756667E+9	1.640511000E-5
1.420760000E+9	1.670331000E-5
1.420763333E+9	1.626591000E-5
1.420766667E+9	1.634895000E-5
1.420770000E+9	1.618615000E-5
1.420773333E+9	1.615490000E-5
1.420776667E+9	1.644816000E-5
1.420780000E+9	1.610875000E-5
1.420783333E+9	1.614497000E-5
1.420786667E+9	1.574408000E-5
1.420790000E+9	1.593722000E-5
1.420793333E+9	1.584572000E-5
1.420796667E+9	1.668278000E-5
1.420800000E+9	1.580748000E-5
1.420803333E+9	1.577871000E-5
1.420806667E+9	1.582472000E-5
1.420810000E+9	1.570839000E-5
1.420813333E+9	1.524513000E-5
1.420816667E+9	1.532276000E-5
1.420820000E+9	1.523633000E-5
1.420823333E+9	1.515917000E-5
1.420826667E+9	1.554261000E-5
1.420830000E+9	1.509289000E-5
1.420833333E+9	1.528623000E-5
1.420836667E+9	1.514796000E-5
1.420840000E+9	1.526557000E-5
1.420843333E+9	1.493728000E-5
1.420846667E+9	1.504098000E-5
1.420850000E+9	1.522702000E-5
1.420853333E+9	1.510883000E-5
1.420856667E+9	1.513232000E-5
1.420860000E+9	1.523732000E-5
1.420863333E+9	1.528435000E-5
1.420866667E+9	1.503561000E-5
1.420870000E+9	1.548948000E-5
1.420873333E+9	1.527180000E-5
1.420876667E+9	1.531257000E-5
1.420880000E+9	1.515643000E-5
1.420883333E+9	1.664864000E-5
1.420886667E+9	1.641495000E-5
1.420890000E+9	1.534177000E-5
1.420893333E+9	1.521584000E-5
1.420896667E+9	1.563001000E-5
1.420900000E+9	1.557640000E-5
1.420903333E+9	1.544773000E-5
1.420906667E+9	1.593552000E-5
1.420910000E+9	1.533397000E-5
1.420913333E+9	1.577493000E-5
1.420916667E+9	1.675855000E-5
1.420920000E+9	1.970520000E-5
1.420923333E+9	1.520844000E-5
1.420926667E+9	1.537830000E-5
1.420930000E+9	1.535436000E-5
1.420933333E+9	1.502337000E-5
1.420936667E+9	1.524214000E-5
1.420940000E+9	1.478510000E-5
1.420943333E+9	1.531385000E-5
1.420946667E+9	1.574949000E-5
1.420950000E+9	1.467322000E-5
1.420953333E+9	1.520947000E-5
1.420956667E+9	1.508578000E-5
1.420960000E+9	1.499088000E-5
1.420963333E+9	1.493553000E-5
1.420966667E+9	1.492689000E-5
1.420970000E+9	1.498163000E-5
1.420973333E+9	1.521617000E-5
1.420976667E+9	1.530154000E-5
1.420980000E+9	1.511694000E-5
1.420983333E+9	1.524306000E-5
1.420986667E+9	1.457913000E-5
1.420990000E+9	1.516733000E-5
1.420993333E+9	1.480511000E-5
1.420996667E+9	1.502485000E-5
1.421000000E+9	1.490682000E-5
1.421003333E+9	1.493863000E-5
1.421006667E+9	1.509056000E-5
1.421010000E+9	1.482728000E-5
1.421013333E+9	1.477302000E-5
1.421016667E+9	1.487901000E-5
1.421020000E+9	1.523252000E-5
1.421023333E+9	1.498719000E-5
1.421026667E+9	1.468929000E-5
1.421030000E+9	1.486334000E-5
1.421033333E+9	1.488952000E-5
1.421036667E+9	1.472533000E-5
1.421040000E+9	1.446392000E-5
1.421043333E+9	1.482139000E-5
1.421046667E+9	1.479944000E-5
1.421050000E+9	1.464853000E-5
1.421053333E+9	1.461310000E-5
1.421056667E+9	1.505993000E-5
1.421060000E+9	1.480256000E-5
1.421063333E+9	1.484077000E-5
1.421066667E+9	1.493105000E-5
1.421070000E+9	1.486542000E-5
1.421073333E+9	1.475006000E-5
1.421076667E+9	1.448229000E-5
1.421080000E+9	1.455284000E-5
1.421083333E+9	1.489303000E-5
1.421086667E+9	1.470730000E-5
1.421090000E+9	1.483839000E-5
1.421093333E+9	1.507621000E-5
1.421096667E+9	1.559840000E-5
1.421100000E+9	1.454199000E-5
1.421103333E+9	1.482189000E-5
1.421106667E+9	1.470904000E-5
1.421110000E+9	1.474063000E-5
1.421113333E+9	1.434746000E-5
1.421116667E+9	1.470142000E-5
1.421120000E+9	1.500276000E-5
1.421123333E+9	1.473385000E-5
1.421126667E+9	1.482463000E-5
1.421130000E+9	1.495796000E-5
1.421133333E+9	1.475646000E-5
1.421136667E+9	1.455046000E-5
1.421140000E+9	1.481215000E-5
1.421143333E+9	1.469489000E-5
1.421146667E+9	1.501908000E-5
1.421150000E+9	1.485810000E-5
1.421153333E+9	1.481423000E-5
1.421156667E+9	1.455622000E-5
1.421160000E+9	1.487352000E-5
1.421163333E+9	1.477924000E-5
1.421166667E+9	1.475432000E-5
1.421170000E+9	1.486051000E-5
1.421173333E+9	1.487534000E-5
1.421176667E+9	1.529336000E-5
1.421180000E+9	1.627107000E-5
1.421183333E+9	1.479157000E-5
1.421186667E+9	1.452009000E-5
1.421190000E+9	1.509233000E-5
1.421193333E+9	1.499616000E-5
1.421196667E+9	1.478857000E-5
1.421200000E+9	1.463256000E-5
1.421203333E+9	1.458039000E-5
1.421206667E+9	1.543429000E-5
1.421210000E+9	1.543219000E-5
1.421213333E+9	1.645969000E-5
1.421216667E+9	1.472882000E-5
1.421220000E+9	1.485439000E-5
1.421223333E+9	1.463107000E-5
1.421226667E+9	1.465496000E-5
1.421230000E+9	1.461286000E-5
1.421233333E+9	1.494329000E-5
1.421236667E+9	1.472617000E-5
1.421240000E+9	1.477320000E-5
1.421243333E+9	1.484303000E-5
1.421246667E+9	1.504255000E-5
1.421250000E+9	1.492843000E-5
1.421253333E+9	1.468513000E-5
1.421256667E+9	1.445125000E-5
1.421260000E+9	1.474941000E-5
1.421263333E+9	1.481595000E-5
1.421266667E+9	1.480906000E-5
1.421270000E+9	1.468669000E-5
1.421273333E+9	1.473437000E-5
1.421276667E+9	1.475799000E-5
1.421280000E+9	1.488140000E-5
1.421283333E+9	1.478178000E-5
1.421286667E+9	1.466737000E-5
1.421290000E+9	1.456236000E-5
1.421293333E+9	1.436873000E-5
1.421296667E+9	1.462119000E-5
1.421300000E+9	1.464015000E-5
1.421303333E+9	1.481111000E-5
1.421306667E+9	1.452374000E-5
1.421310000E+9	1.509974000E-5
1.421313333E+9	1.458071000E-5
1.421316667E+9	1.500357000E-5
1.421320000E+9	1.489578000E-5
1.421323333E+9	1.467394000E-5
1.421326667E+9	1.448650000E-5
1.421330000E+9	1.493217000E-5
1.421333333E+9	1.448396000E-5
1.421336667E+9	1.490823000E-5
1.421340000E+9	1.472447000E-5
1.421343333E+9	1.447536000E-5
1.421346667E+9	1.490779000E-5
1.421350000E+9	1.468363000E-5
1.421353333E+9	1.476122000E-5
1.421356667E+9	1.466526000E-5
1.421360000E+9	1.467059000E-5
1.421363333E+9	1.479339000E-5
1.421366667E+9	1.502710000E-5
1.421370000E+9	1.495249000E-5
1.421373333E+9	1.468843000E-5
1.421376667E+9	1.471954000E-5
1.421380000E+9	1.442772000E-5
1.421383333E+9	1.465372000E-5
1.421386667E+9	1.462195000E-5
1.421390000E+9	1.480782000E-5
1.421393333E+9	1.515814000E-5
1.421396667E+9	1.470136000E-5
1.421400000E+9	1.443355000E-5
