Frequency, Hz	Amplitude, Volts
1.419400000E+9	2.156921000E-5
1.419403333E+9	2.158024000E-5
1.419406667E+9	2.131088000E-5
1.419410000E+9	2.098212000E-5
1.419413333E+9	2.150841000E-5
1.419416667E+9	2.086686000E-5
1.419420000E+9	2.080536000E-5
1.419423333E+9	2.128093000E-5
1.419426667E+9	2.119335000E-5
1.419430000E+9	2.127555000E-5
1.419433333E+9	2.138450000E-5
1.419436667E+9	2.126981000E-5
1.419440000E+9	2.128375000E-5
1.419443333E+9	2.107116000E-5
1.419446667E+9	2.182741000E-5
1.419450000E+9	2.291611000E-5
1.419453333E+9	2.223152000E-5
1.419456667E+9	2.165655000E-5
1.419460000E+9	2.130543000E-5
1.419463333E+9	2.166331000E-5
1.419466667E+9	2.114974000E-5
1.419470000E+9	2.099364000E-5
1.419473333E+9	2.106464000E-5
1.419476667E+9	2.134139000E-5
1.419480000E+9	2.107089000E-5
1.419483333E+9	2.107230000E-5
1.419486667E+9	2.091289000E-5
1.419490000E+9	2.124031000E-5
1.419493333E+9	2.113407000E-5
1.419496667E+9	2.182714000E-5
1.419500000E+9	2.119928000E-5
1.419503333E+9	2.155105000E-5
1.419506667E+9	2.138581000E-5
1.419510000E+9	2.140992000E-5
1.419513333E+9	2.104642000E-5
1.419516667E+9	2.127646000E-5
1.419520000E+9	2.188892000E-5
1.419523333E+9	2.089524000E-5
1.419526667E+9	2.117051000E-5
1.419530000E+9	2.126869000E-5
1.419533333E+9	2.127263000E-5
1.419536667E+9	2.103700000E-5
1.419540000E+9	2.154857000E-5
1.419543333E+9	2.120186000E-5
1.419546667E+9	2.111790000E-5
1.419550000E+9	2.150165000E-5
1.419553333E+9	2.119772000E-5
1.419556667E+9	2.099210000E-5
1.419560000E+9	2.122828000E-5
1.419563333E+9	2.084066000E-5
1.419566667E+9	2.149344000E-5
1.419570000E+9	2.107801000E-5
1.419573333E+9	2.111041000E-5
1.419576667E+9	2.079769000E-5
1.419580000E+9	2.122872000E-5
1.419583333E+9	2.087132000E-5
1.419586667E+9	2.139342000E-5
1.419590000E+9	2.162486000E-5
1.419593333E+9	2.145150000E-5
1.419596667E+9	2.138023000E-5
1.419600000E+9	2.113690000E-5
1.419603333E+9	2.133277000E-5
1.419606667E+9	2.175567000E-5
1.419610000E+9	2.110114000E-5
1.419613333E+9	2.120505000E-5
1.419616667E+9	2.131783000E-5
1.419620000E+9	2.091757000E-5
1.419623333E+9	2.105296000E-5
1.419626667E+9	2.153690000E-5
1.419630000E+9	2.159608000E-5
1.419633333E+9	2.156217000E-5
1.419636667E+9	2.136549000E-5
1.419640000E+9	2.125046000E-5
1.419643333E+9	2.139105000E-5
1.419646667E+9	2.109232000E-5
1.419650000E+9	2.116291000E-5
1.419653333E+9	2.119141000E-5
1.419656667E+9	2.112572000E-5
1.419660000E+9	2.116158000E-5
1.419663333E+9	2.143560000E-5
1.419666667E+9	2.126294000E-5
1.419670000E+9	2.126724000E-5
1.419673333E+9	2.115931000E-5
1.419676667E+9	2.117934000E-5
1.419680000E+9	2.134279000E-5
1.419683333E+9	2.151913000E-5
1.419686667E+9	2.113175000E-5
1.419690000E+9	2.161076000E-5
1.419693333E+9	2.096860000E-5
1.419696667E+9	2.112690000E-5
1.419700000E+9	2.076620000E-5
1.419703333E+9	2.080347000E-5
1.419706667E+9	2.119409000E-5
1.419710000E+9	2.115299000E-5
1.419713333E+9	2.121579000E-5
1.419716667E+9	2.136971000E-5
1.419720000E+9	2.144756000E-5
1.419723333E+9	2.126446000E-5
1.419726667E+9	2.137480000E-5
1.419730000E+9	2.187315000E-5
1.419733333E+9	2.473590000E-5
1.419736667E+9	2.176468000E-5
1.419740000E+9	2.227665000E-5
1.419743333E+9	2.269017000E-5
1.419746667E+9	2.265657000E-5
1.419750000E+9	2.152541000E-5
1.419753333E+9	2.148473000E-5
1.419756667E+9	2.133024000E-5
1.419760000E+9	2.133174000E-5
1.419763333E+9	2.124507000E-5
1.419766667E+9	2.125718000E-5
1.419770000E+9	2.113170000E-5
1.419773333E+9	2.061069000E-5
1.419776667E+9	2.129511000E-5
1.419780000E+9	2.151266000E-5
1.419783333E+9	2.108547000E-5
1.419786667E+9	2.096846000E-5
1.419790000E+9	2.130522000E-5
1.419793333E+9	2.127268000E-5
1.419796667E+9	2.110687000E-5
1.419800000E+9	2.115775000E-5
1.419803333E+9	2.123628000E-5
1.419806667E+9	2.282633000E-5
1.419810000E+9	2.117279000E-5
1.419813333E+9	2.093393000E-5
1.419816667E+9	2.089341000E-5
1.419820000E+9	2.125309000E-5
1.419823333E+9	2.153898000E-5
1.419826667E+9	2.093917000E-5
1.419830000E+9	2.120687000E-5
1.419833333E+9	2.123042000E-5
1.419836667E+9	2.058324000E-5
1.419840000E+9	2.071512000E-5
1.419843333E+9	2.082205000E-5
1.419846667E+9	2.121635000E-5
1.419850000E+9	2.063610000E-5
1.419853333E+9	2.071385000E-5
1.419856667E+9	2.104245000E-5
1.419860000E+9	2.097691000E-5
1.419863333E+9	2.106728000E-5
1.419866667E+9	2.146507000E-5
1.419870000E+9	2.180072000E-5
1.419873333E+9	2.125767000E-5
1.419876667E+9	2.059352000E-5
1.419880000E+9	2.067080000E-5
1.419883333E+9	2.084233000E-5
1.419886667E+9	2.080845000E-5
1.419890000E+9	2.110728000E-5
1.419893333E+9	2.127392000E-5
1.419896667E+9	2.131900000E-5
1.419900000E+9	2.078415000E-5
1.419903333E+9	2.068244000E-5
1.419906667E+9	2.079011000E-5
1.419910000E+9	2.133141000E-5
1.419913333E+9	2.135398000E-5
1.419916667E+9	2.138748000E-5
1.419920000E+9	2.067175000E-5
1.419923333E+9	2.085330000E-5
1.419926667E+9	2.061909000E-5
1.419930000E+9	2.089352000E-5
1.419933333E+9	2.098396000E-5
1.419936667E+9	2.080226000E-5
1.419940000E+9	2.144276000E-5
1.419943333E+9	2.166783000E-5
1.419946667E+9	2.088070000E-5
1.419950000E+9	2.083776000E-5
1.419953333E+9	2.099242000E-5
1.419956667E+9	2.070855000E-5
1.419960000E+9	2.110893000E-5
1.419963333E+9	2.139258000E-5
1.419966667E+9	2.093122000E-5
1.419970000E+9	2.088127000E-5
1.419973333E+9	2.107482000E-5
1.419976667E+9	2.106281000E-5
1.419980000E+9	2.124029000E-5
1.419983333E+9	2.079769000E-5
1.419986667E+9	2.084687000E-5
1.419990000E+9	2.119660000E-5
1.419993333E+9	2.098502000E-5
1.419996667E+9	2.072809000E-5
1.420000000E+9	2.115708000E-5
1.420003333E+9	2.116797000E-5
1.420006667E+9	2.094959000E-5
1.420010000E+9	2.116426000E-5
1.420013333E+9	2.140275000E-5
1.420016667E+9	2.123672000E-5
1.420020000E+9	2.128709000E-5
1.420023333E+9	2.090449000E-5
1.420026667E+9	2.087602000E-5
1.420030000E+9	2.086053000E-5
1.420033333E+9	2.221154000E-5
1.420036667E+9	2.164645000E-5
1.420040000E+9	2.221595000E-5
1.420043333E+9	2.111243000E-5
1.420046667E+9	2.115668000E-5
1.420050000E+9	2.106226000E-5
1.420053333E+9	2.102693000E-5
1.420056667E+9	2.107070000E-5
1.420060000E+9	2.120601000E-5
1.420063333E+9	2.052008000E-5
1.420066667E+9	2.042547000E-5
1.420070000E+9	2.076362000E-5
1.420073333E+9	2.097205000E-5
1.420076667E+9	2.070664000E-5
1.420080000E+9	2.127840000E-5
1.420083333E+9	2.069914000E-5
1.420086667E+9	2.071606000E-5
1.420090000E+9	2.047633000E-5
1.420093333E+9	2.079495000E-5
1.420096667E+9	2.111185000E-5
1.420100000E+9	2.061443000E-5
1.420103333E+9	2.122343000E-5
1.420106667E+9	2.096344000E-5
1.420110000E+9	2.091870000E-5
1.420113333E+9	2.054089000E-5
1.420116667E+9	2.049801000E-5
1.420120000E+9	2.097705000E-5
1.420123333E+9	2.113732000E-5
1.420126667E+9	2.090362000E-5
1.420130000E+9	2.053692000E-5
1.420133333E+9	2.127291000E-5
1.420136667E+9	2.058647000E-5
1.420140000E+9	2.051186000E-5
1.420143333E+9	2.050398000E-5
1.420146667E+9	2.054465000E-5
1.420150000E+9	2.097311000E-5
1.420153333E+9	2.023531000E-5
1.420156667E+9	2.082493000E-5
1.420160000E+9	2.059565000E-5
1.420163333E+9	2.085492000E-5
1.420166667E+9	2.098108000E-5
1.420170000E+9	2.064929000E-5
1.420173333E+9	2.086083000E-5
1.420176667E+9	2.051726000E-5
1.420180000E+9	2.060938000E-5
1.420183333E+9	2.095051000E-5
1.420186667E+9	2.097567000E-5
1.420190000E+9	2.122192000E-5
1.420193333E+9	2.100365000E-5
1.420196667E+9	2.170717000E-5
1.420200000E+9	2.114565000E-5
1.420203333E+9	2.057764000E-5
1.420206667E+9	2.092274000E-5
1.420210000E+9	2.088712000E-5
1.420213333E+9	2.084593000E-5
1.420216667E+9	2.078705000E-5
1.420220000E+9	2.107653000E-5
1.420223333E+9	2.079244000E-5
1.420226667E+9	2.089111000E-5
1.420230000E+9	2.089981000E-5
1.420233333E+9	2.026157000E-5
1.420236667E+9	2.072217000E-5
1.420240000E+9	2.115712000E-5
1.420243333E+9	2.076663000E-5
1.420246667E+9	2.076529000E-5
1.420250000E+9	2.088297000E-5
1.420253333E+9	2.092217000E-5
1.420256667E+9	2.068224000E-5
1.420260000E+9	2.101010000E-5
1.420263333E+9	2.089184000E-5
1.420266667E+9	2.095398000E-5
1.420270000E+9	2.101040000E-5
1.420273333E+9	2.088629000E-5
1.420276667E+9	2.090088000E-5
1.420280000E+9	2.089694000E-5
1.420283333E+9	2.100413000E-5
1.420286667E+9	2.100466000E-5
1.420290000E+9	2.127565000E-5
1.420293333E+9	2.054583000E-5
1.420296667E+9	2.066658000E-5
1.420300000E+9	2.115963000E-5
1.420303333E+9	2.128203000E-5
1.420306667E+9	2.061778000E-5
1.420310000E+9	2.123954000E-5
1.420313333E+9	2.150784000E-5
1.420316667E+9	2.104806000E-5
1.420320000E+9	2.116974000E-5
1.420323333E+9	2.072782000E-5
1.420326667E+9	2.217542000E-5
1.420330000E+9	2.188238000E-5
1.420333333E+9	2.234565000E-5
1.420336667E+9	2.153319000E-5
1.420340000E+9	2.121062000E-5
1.420343333E+9	2.127111000E-5
1.420346667E+9	2.076269000E-5
1.420350000E+9	2.055183000E-5
1.420353333E+9	2.106096000E-5
1.420356667E+9	2.104598000E-5
1.420360000E+9	2.106131000E-5
1.420363333E+9	2.076903000E-5
1.420366667E+9	2.038058000E-5
1.420370000E+9	2.060078000E-5
1.420373333E+9	2.085928000E-5
1.420376667E+9	2.097984000E-5
1.420380000E+9	2.037250000E-5
1.420383333E+9	2.093370000E-5
1.420386667E+9	2.066732000E-5
1.420390000E+9	2.078315000E-5
1.420393333E+9	2.141932000E-5
1.420396667E+9	2.188365000E-5
1.420400000E+9	2.091098000E-5
1.420403333E+9	2.059972000E-5
1.420406667E+9	2.098184000E-5
1.420410000E+9	2.114092000E-5
1.420413333E+9	2.103081000E-5
1.420416667E+9	2.096669000E-5
1.420420000E+9	2.086530000E-5
1.420423333E+9	2.035495000E-5
1.420426667E+9	2.099269000E-5
1.420430000E+9	2.120589000E-5
1.420433333E+9	2.078726000E-5
1.420436667E+9	2.064963000E-5
1.420440000E+9	2.091307000E-5
1.420443333E+9	2.063916000E-5
1.420446667E+9	2.084797000E-5
1.420450000E+9	2.064127000E-5
1.420453333E+9	2.081937000E-5
1.420456667E+9	2.093152000E-5
1.420460000E+9	2.067867000E-5
1.420463333E+9	2.064818000E-5
1.420466667E+9	2.112391000E-5
1.420470000E+9	2.120834000E-5
1.420473333E+9	2.072677000E-5
1.420476667E+9	2.084064000E-5
1.420480000E+9	2.099272000E-5
1.420483333E+9	2.065648000E-5
1.420486667E+9	2.075551000E-5
1.420490000E+9	2.060520000E-5
1.420493333E+9	2.061952000E-5
1.420496667E+9	2.075125000E-5
1.420500000E+9	2.097323000E-5
1.420503333E+9	2.114793000E-5
1.420506667E+9	2.076848000E-5
1.420510000E+9	2.098610000E-5
1.420513333E+9	2.116672000E-5
1.420516667E+9	2.090922000E-5
1.420520000E+9	2.050486000E-5
1.420523333E+9	2.077005000E-5
1.420526667E+9	2.090814000E-5
1.420530000E+9	2.115074000E-5
1.420533333E+9	2.119558000E-5
1.420536667E+9	2.069575000E-5
1.420540000E+9	2.085357000E-5
1.420543333E+9	2.050078000E-5
1.420546667E+9	2.078500000E-5
1.420550000E+9	2.074175000E-5
1.420553333E+9	2.076082000E-5
1.420556667E+9	2.067974000E-5
1.420560000E+9	2.081667000E-5
1.420563333E+9	2.052438000E-5
1.420566667E+9	2.067967000E-5
1.420570000E+9	2.088061000E-5
1.420573333E+9	2.107845000E-5
1.420576667E+9	2.053207000E-5
1.420580000E+9	2.034043000E-5
1.420583333E+9	2.105553000E-5
1.420586667E+9	2.054756000E-5
1.420590000E+9	2.110705000E-5
1.420593333E+9	2.122506000E-5
1.420596667E+9	2.120398000E-5
1.420600000E+9	2.054738000E-5
1.420603333E+9	2.142808000E-5
1.420606667E+9	2.067397000E-5
1.420610000E+9	2.122418000E-5
1.420613333E+9	2.099120000E-5
1.420616667E+9	2.075198000E-5
1.420620000E+9	2.368535000E-5
1.420623333E+9	2.235618000E-5
1.420626667E+9	2.359717000E-5
1.420630000E+9	2.100556000E-5
1.420633333E+9	2.140451000E-5
1.420636667E+9	2.070564000E-5
1.420640000E+9	2.041565000E-5
1.420643333E+9	2.068097000E-5
1.420646667E+9	2.086814000E-5
1.420650000E+9	2.067924000E-5
1.420653333E+9	2.059913000E-5
1.420656667E+9	2.103078000E-5
1.420660000E+9	2.106561000E-5
1.420663333E+9	2.103672000E-5
1.420666667E+9	2.121097000E-5
1.420670000E+9	2.086658000E-5
1.420673333E+9	2.119709000E-5
1.420676667E+9	2.057755000E-5
1.420680000E+9	2.066549000E-5
1.420683333E+9	2.098295000E-5
1.420686667E+9	2.129313000E-5
1.420690000E+9	2.083456000E-5
1.420693333E+9	2.087508000E-5
1.420696667E+9	2.093000000E-5
1.420700000E+9	2.076892000E-5
1.420703333E+9	2.073820000E-5
1.420706667E+9	2.105345000E-5
1.420710000E+9	2.141954000E-5
1.420713333E+9	2.084904000E-5
1.420716667E+9	2.071408000E-5
1.420720000E+9	2.144639000E-5
1.420723333E+9	2.086535000E-5
1.420726667E+9	2.082447000E-5
1.420730000E+9	2.116549000E-5
1.420733333E+9	2.150888000E-5
1.420736667E+9	2.106163000E-5
1.420740000E+9	2.091613000E-5
1.420743333E+9	2.087861000E-5
1.420746667E+9	2.092433000E-5
1.420750000E+9	2.098173000E-5
1.420753333E+9	2.043375000E-5
1.420756667E+9	2.119977000E-5
1.420760000E+9	2.147200000E-5
1.420763333E+9	2.098749000E-5
1.420766667E+9	2.076064000E-5
1.420770000E+9	2.044279000E-5
1.420773333E+9	2.141133000E-5
1.420776667E+9	2.054567000E-5
1.420780000E+9	2.054305000E-5
1.420783333E+9	2.094412000E-5
1.420786667E+9	2.107119000E-5
1.420790000E+9	2.091493000E-5
1.420793333E+9	2.071535000E-5
1.420796667E+9	2.091110000E-5
1.420800000E+9	2.097141000E-5
1.420803333E+9	2.114317000E-5
1.420806667E+9	2.058902000E-5
1.420810000E+9	2.062430000E-5
1.420813333E+9	2.087309000E-5
1.420816667E+9	2.075209000E-5
1.420820000E+9	2.128483000E-5
1.420823333E+9	2.113147000E-5
1.420826667E+9	2.071462000E-5
1.420830000E+9	2.056352000E-5
1.420833333E+9	2.054955000E-5
1.420836667E+9	2.082449000E-5
1.420840000E+9	2.105340000E-5
1.420843333E+9	2.101373000E-5
1.420846667E+9	2.127354000E-5
1.420850000E+9	2.122662000E-5
1.420853333E+9	2.094138000E-5
1.420856667E+9	2.058482000E-5
1.420860000E+9	2.057341000E-5
1.420863333E+9	2.071039000E-5
1.420866667E+9	2.059267000E-5
1.420870000E+9	2.056058000E-5
1.420873333E+9	2.072805000E-5
1.420876667E+9	2.093793000E-5
1.420880000E+9	2.070275000E-5
1.420883333E+9	2.102582000E-5
1.420886667E+9	2.045914000E-5
1.420890000E+9	2.039978000E-5
1.420893333E+9	2.051294000E-5
1.420896667E+9	2.170302000E-5
1.420900000E+9	2.121789000E-5
1.420903333E+9	2.098820000E-5
1.420906667E+9	2.054064000E-5
1.420910000E+9	2.098212000E-5
1.420913333E+9	2.799728000E-5
1.420916667E+9	2.458932000E-5
1.420920000E+9	2.847258000E-5
1.420923333E+9	2.059310000E-5
1.420926667E+9	2.195759000E-5
1.420930000E+9	2.072252000E-5
1.420933333E+9	2.050042000E-5
1.420936667E+9	2.090465000E-5
1.420940000E+9	2.085431000E-5
1.420943333E+9	2.055052000E-5
1.420946667E+9	2.032614000E-5
1.420950000E+9	2.078262000E-5
1.420953333E+9	2.086315000E-5
1.420956667E+9	2.081030000E-5
1.420960000E+9	2.081560000E-5
1.420963333E+9	2.054197000E-5
1.420966667E+9	2.083856000E-5
1.420970000E+9	2.066331000E-5
1.420973333E+9	2.016122000E-5
1.420976667E+9	2.046761000E-5
1.420980000E+9	2.094458000E-5
1.420983333E+9	2.080945000E-5
1.420986667E+9	2.027180000E-5
1.420990000E+9	2.066648000E-5
1.420993333E+9	2.100491000E-5
1.420996667E+9	2.061773000E-5
1.421000000E+9	2.073098000E-5
1.421003333E+9	2.076438000E-5
1.421006667E+9	2.070439000E-5
1.421010000E+9	2.076679000E-5
1.421013333E+9	2.054876000E-5
1.421016667E+9	2.090435000E-5
1.421020000E+9	2.050961000E-5
1.421023333E+9	2.047509000E-5
1.421026667E+9	2.024625000E-5
1.421030000E+9	2.097625000E-5
1.421033333E+9	2.062371000E-5
1.421036667E+9	2.086248000E-5
1.421040000E+9	2.079920000E-5
1.421043333E+9	2.039410000E-5
1.421046667E+9	2.097795000E-5
1.421050000E+9	2.062477000E-5
1.421053333E+9	2.066787000E-5
1.421056667E+9	2.065389000E-5
1.421060000E+9	2.075829000E-5
1.421063333E+9	2.072356000E-5
1.421066667E+9	2.044218000E-5
1.421070000E+9	2.022927000E-5
1.421073333E+9	2.051853000E-5
1.421076667E+9	2.048798000E-5
1.421080000E+9	2.053541000E-5
1.421083333E+9	2.065718000E-5
1.421086667E+9	2.024827000E-5
1.421090000E+9	2.087550000E-5
1.421093333E+9	2.126189000E-5
1.421096667E+9	2.117411000E-5
1.421100000E+9	2.047080000E-5
1.421103333E+9	2.093488000E-5
1.421106667E+9	2.078135000E-5
1.421110000E+9	2.060004000E-5
1.421113333E+9	2.058026000E-5
1.421116667E+9	2.077656000E-5
1.421120000E+9	2.012203000E-5
1.421123333E+9	2.038404000E-5
1.421126667E+9	2.046374000E-5
1.421130000E+9	2.097298000E-5
1.421133333E+9	2.029325000E-5
1.421136667E+9	2.067847000E-5
1.421140000E+9	2.053771000E-5
1.421143333E+9	2.049383000E-5
1.421146667E+9	2.058231000E-5
1.421150000E+9	2.078979000E-5
1.421153333E+9	2.087809000E-5
1.421156667E+9	2.063735000E-5
1.421160000E+9	2.093458000E-5
1.421163333E+9	2.072709000E-5
1.421166667E+9	2.090254000E-5
1.421170000E+9	2.057357000E-5
1.421173333E+9	2.015440000E-5
1.421176667E+9	2.060510000E-5
1.421180000E+9	2.077024000E-5
1.421183333E+9	2.078842000E-5
1.421186667E+9	2.061873000E-5
1.421190000E+9	2.085144000E-5
1.421193333E+9	2.067872000E-5
1.421196667E+9	2.100718000E-5
1.421200000E+9	2.044499000E-5
1.421203333E+9	2.044872000E-5
1.421206667E+9	2.321369000E-5
1.421210000E+9	2.253376000E-5
1.421213333E+9	2.345258000E-5
1.421216667E+9	2.107942000E-5
1.421220000E+9	2.131469000E-5
1.421223333E+9	2.061067000E-5
1.421226667E+9	2.062577000E-5
1.421230000E+9	2.073802000E-5
1.421233333E+9	2.039141000E-5
1.421236667E+9	2.022969000E-5
1.421240000E+9	2.097159000E-5
1.421243333E+9	2.065002000E-5
1.421246667E+9	2.075469000E-5
1.421250000E+9	2.045444000E-5
1.421253333E+9	2.068074000E-5
1.421256667E+9	2.058471000E-5
1.421260000E+9	2.070198000E-5
1.421263333E+9	2.059133000E-5
1.421266667E+9	2.091121000E-5
1.421270000E+9	2.091973000E-5
1.421273333E+9	2.058778000E-5
1.421276667E+9	2.069085000E-5
1.421280000E+9	2.061201000E-5
1.421283333E+9	2.055794000E-5
1.421286667E+9	2.087974000E-5
1.421290000E+9	2.102924000E-5
1.421293333E+9	2.119502000E-5
1.421296667E+9	2.100884000E-5
1.421300000E+9	2.126516000E-5
1.421303333E+9	2.047323000E-5
1.421306667E+9	2.057472000E-5
1.421310000E+9	2.055693000E-5
1.421313333E+9	2.072249000E-5
1.421316667E+9	2.062776000E-5
1.421320000E+9	2.097424000E-5
1.421323333E+9	2.119023000E-5
1.421326667E+9	2.078157000E-5
1.421330000E+9	2.069837000E-5
1.421333333E+9	2.100718000E-5
1.421336667E+9	2.123714000E-5
1.421340000E+9	2.067338000E-5
1.421343333E+9	2.141001000E-5
1.421346667E+9	2.074232000E-5
1.421350000E+9	2.071974000E-5
1.421353333E+9	2.079595000E-5
1.421356667E+9	2.088877000E-5
1.421360000E+9	2.092274000E-5
1.421363333E+9	2.152759000E-5
1.421366667E+9	2.366707000E-5
1.421370000E+9	2.087524000E-5
1.421373333E+9	2.061191000E-5
1.421376667E+9	2.099408000E-5
1.421380000E+9	2.075152000E-5
1.421383333E+9	2.116091000E-5
1.421386667E+9	2.073449000E-5
1.421390000E+9	2.049473000E-5
1.421393333E+9	2.150911000E-5
1.421396667E+9	2.063488000E-5
1.421400000E+9	2.087999000E-5
