Frequency, Hz	Amplitude, Volts
1.419400000E+9	1.498594000E-5
1.419403333E+9	1.498150000E-5
1.419406667E+9	1.536857000E-5
1.419410000E+9	1.526272000E-5
1.419413333E+9	1.554947000E-5
1.419416667E+9	1.544271000E-5
1.419420000E+9	1.509665000E-5
1.419423333E+9	1.492872000E-5
1.419426667E+9	1.520249000E-5
1.419430000E+9	1.512280000E-5
1.419433333E+9	1.538725000E-5
1.419436667E+9	1.529924000E-5
1.419440000E+9	1.542441000E-5
1.419443333E+9	1.535200000E-5
1.419446667E+9	1.538341000E-5
1.419450000E+9	1.549958000E-5
1.419453333E+9	1.570377000E-5
1.419456667E+9	1.534916000E-5
1.419460000E+9	1.526988000E-5
1.419463333E+9	1.531318000E-5
1.419466667E+9	1.512071000E-5
1.419470000E+9	1.532493000E-5
1.419473333E+9	1.511292000E-5
1.419476667E+9	1.507170000E-5
1.419480000E+9	1.513846000E-5
1.419483333E+9	1.519640000E-5
1.419486667E+9	1.554309000E-5
1.419490000E+9	1.528861000E-5
1.419493333E+9	1.512468000E-5
1.419496667E+9	1.536410000E-5
1.419500000E+9	1.516407000E-5
1.419503333E+9	1.557009000E-5
1.419506667E+9	1.547608000E-5
1.419510000E+9	1.530680000E-5
1.419513333E+9	1.543774000E-5
1.419516667E+9	1.533988000E-5
1.419520000E+9	1.520156000E-5
1.419523333E+9	1.520787000E-5
1.419526667E+9	1.539276000E-5
1.419530000E+9	1.526966000E-5
1.419533333E+9	1.514510000E-5
1.419536667E+9	1.535147000E-5
1.419540000E+9	1.536773000E-5
1.419543333E+9	1.527294000E-5
1.419546667E+9	1.504314000E-5
1.419550000E+9	1.536223000E-5
1.419553333E+9	1.544534000E-5
1.419556667E+9	1.500537000E-5
1.419560000E+9	1.504546000E-5
1.419563333E+9	1.532241000E-5
1.419566667E+9	1.536258000E-5
1.419570000E+9	1.546735000E-5
1.419573333E+9	1.511652000E-5
1.419576667E+9	1.512747000E-5
1.419580000E+9	1.512845000E-5
1.419583333E+9	1.538309000E-5
1.419586667E+9	1.519040000E-5
1.419590000E+9	1.522676000E-5
1.419593333E+9	1.513466000E-5
1.419596667E+9	1.501878000E-5
1.419600000E+9	1.534674000E-5
1.419603333E+9	1.540600000E-5
1.419606667E+9	1.524254000E-5
1.419610000E+9	1.533483000E-5
1.419613333E+9	1.555511000E-5
1.419616667E+9	1.517168000E-5
1.419620000E+9	1.522630000E-5
1.419623333E+9	1.527328000E-5
1.419626667E+9	1.523314000E-5
1.419630000E+9	1.528165000E-5
1.419633333E+9	1.525860000E-5
1.419636667E+9	1.524835000E-5
1.419640000E+9	1.531706000E-5
1.419643333E+9	1.505573000E-5
1.419646667E+9	1.490890000E-5
1.419650000E+9	1.537007000E-5
1.419653333E+9	1.519350000E-5
1.419656667E+9	1.529053000E-5
1.419660000E+9	1.523560000E-5
1.419663333E+9	1.491861000E-5
1.419666667E+9	1.515691000E-5
1.419670000E+9	1.538341000E-5
1.419673333E+9	1.523302000E-5
1.419676667E+9	1.530321000E-5
1.419680000E+9	1.535329000E-5
1.419683333E+9	1.511789000E-5
1.419686667E+9	1.507583000E-5
1.419690000E+9	1.511712000E-5
1.419693333E+9	1.490092000E-5
1.419696667E+9	1.517006000E-5
1.419700000E+9	1.511867000E-5
1.419703333E+9	1.520607000E-5
1.419706667E+9	1.535737000E-5
1.419710000E+9	1.525434000E-5
1.419713333E+9	1.553215000E-5
1.419716667E+9	1.528712000E-5
1.419720000E+9	1.536996000E-5
1.419723333E+9	1.532372000E-5
1.419726667E+9	1.522740000E-5
1.419730000E+9	1.503274000E-5
1.419733333E+9	1.553679000E-5
1.419736667E+9	1.552547000E-5
1.419740000E+9	1.549271000E-5
1.419743333E+9	1.502200000E-5
1.419746667E+9	1.525811000E-5
1.419750000E+9	1.561466000E-5
1.419753333E+9	1.522016000E-5
1.419756667E+9	1.533249000E-5
1.419760000E+9	1.505301000E-5
1.419763333E+9	1.519982000E-5
1.419766667E+9	1.549591000E-5
1.419770000E+9	1.536228000E-5
1.419773333E+9	1.514196000E-5
1.419776667E+9	1.496276000E-5
1.419780000E+9	1.517603000E-5
1.419783333E+9	1.502822000E-5
1.419786667E+9	1.526429000E-5
1.419790000E+9	1.518721000E-5
1.419793333E+9	1.513861000E-5
1.419796667E+9	1.536719000E-5
1.419800000E+9	1.503211000E-5
1.419803333E+9	1.524128000E-5
1.419806667E+9	1.490768000E-5
1.419810000E+9	1.520408000E-5
1.419813333E+9	1.527499000E-5
1.419816667E+9	1.541941000E-5
1.419820000E+9	1.533042000E-5
1.419823333E+9	1.527511000E-5
1.419826667E+9	1.504080000E-5
1.419830000E+9	1.507595000E-5
1.419833333E+9	1.521756000E-5
1.419836667E+9	1.534967000E-5
1.419840000E+9	1.498298000E-5
1.419843333E+9	1.480548000E-5
1.419846667E+9	1.517754000E-5
1.419850000E+9	1.499952000E-5
1.419853333E+9	1.499216000E-5
1.419856667E+9	1.499501000E-5
1.419860000E+9	1.542924000E-5
1.419863333E+9	1.536033000E-5
1.419866667E+9	1.509465000E-5
1.419870000E+9	1.515416000E-5
1.419873333E+9	1.504146000E-5
1.419876667E+9	1.543081000E-5
1.419880000E+9	1.526094000E-5
1.419883333E+9	1.532315000E-5
1.419886667E+9	1.505894000E-5
1.419890000E+9	1.520276000E-5
1.419893333E+9	1.519607000E-5
1.419896667E+9	1.509162000E-5
1.419900000E+9	1.539867000E-5
1.419903333E+9	1.517089000E-5
1.419906667E+9	1.525461000E-5
1.419910000E+9	1.479799000E-5
1.419913333E+9	1.520840000E-5
1.419916667E+9	1.508381000E-5
1.419920000E+9	1.504734000E-5
1.419923333E+9	1.541212000E-5
1.419926667E+9	1.493549000E-5
1.419930000E+9	1.512004000E-5
1.419933333E+9	1.494128000E-5
1.419936667E+9	1.515481000E-5
1.419940000E+9	1.519780000E-5
1.419943333E+9	1.501184000E-5
1.419946667E+9	1.501907000E-5
1.419950000E+9	1.500105000E-5
1.419953333E+9	1.539470000E-5
1.419956667E+9	1.519327000E-5
1.419960000E+9	1.528672000E-5
1.419963333E+9	1.524500000E-5
1.419966667E+9	1.558520000E-5
1.419970000E+9	1.465932000E-5
1.419973333E+9	1.532246000E-5
1.419976667E+9	1.519060000E-5
1.419980000E+9	1.520588000E-5
1.419983333E+9	1.535574000E-5
1.419986667E+9	1.519473000E-5
1.419990000E+9	1.549022000E-5
1.419993333E+9	1.542671000E-5
1.419996667E+9	1.518153000E-5
1.420000000E+9	1.535722000E-5
1.420003333E+9	1.546998000E-5
1.420006667E+9	1.517478000E-5
1.420010000E+9	1.521751000E-5
1.420013333E+9	1.487349000E-5
1.420016667E+9	1.508668000E-5
1.420020000E+9	1.529518000E-5
1.420023333E+9	1.537823000E-5
1.420026667E+9	1.518019000E-5
1.420030000E+9	1.508446000E-5
1.420033333E+9	1.519540000E-5
1.420036667E+9	1.506628000E-5
1.420040000E+9	1.519520000E-5
1.420043333E+9	1.494841000E-5
1.420046667E+9	1.529402000E-5
1.420050000E+9	1.528435000E-5
1.420053333E+9	1.500417000E-5
1.420056667E+9	1.501278000E-5
1.420060000E+9	1.530897000E-5
1.420063333E+9	1.497362000E-5
1.420066667E+9	1.496742000E-5
1.420070000E+9	1.514528000E-5
1.420073333E+9	1.521256000E-5
1.420076667E+9	1.497584000E-5
1.420080000E+9	1.500207000E-5
1.420083333E+9	1.503000000E-5
1.420086667E+9	1.496491000E-5
1.420090000E+9	1.539828000E-5
1.420093333E+9	1.512210000E-5
1.420096667E+9	1.504435000E-5
1.420100000E+9	1.490448000E-5
1.420103333E+9	1.530013000E-5
1.420106667E+9	1.526718000E-5
1.420110000E+9	1.527202000E-5
1.420113333E+9	1.489406000E-5
1.420116667E+9	1.536376000E-5
1.420120000E+9	1.496954000E-5
1.420123333E+9	1.514523000E-5
1.420126667E+9	1.528979000E-5
1.420130000E+9	1.480659000E-5
1.420133333E+9	1.531770000E-5
1.420136667E+9	1.530134000E-5
1.420140000E+9	1.498137000E-5
1.420143333E+9	1.497938000E-5
1.420146667E+9	1.500682000E-5
1.420150000E+9	1.507270000E-5
1.420153333E+9	1.506132000E-5
1.420156667E+9	1.483081000E-5
1.420160000E+9	1.537429000E-5
1.420163333E+9	1.501582000E-5
1.420166667E+9	1.509211000E-5
1.420170000E+9	1.494391000E-5
1.420173333E+9	1.494673000E-5
1.420176667E+9	1.514673000E-5
1.420180000E+9	1.511201000E-5
1.420183333E+9	1.508409000E-5
1.420186667E+9	1.526061000E-5
1.420190000E+9	1.525922000E-5
1.420193333E+9	1.556403000E-5
1.420196667E+9	1.545426000E-5
1.420200000E+9	1.539166000E-5
1.420203333E+9	1.481807000E-5
1.420206667E+9	1.512577000E-5
1.420210000E+9	1.532347000E-5
1.420213333E+9	1.506979000E-5
1.420216667E+9	1.509902000E-5
1.420220000E+9	1.496806000E-5
1.420223333E+9	1.527655000E-5
1.420226667E+9	1.534556000E-5
1.420230000E+9	1.542773000E-5
1.420233333E+9	1.492712000E-5
1.420236667E+9	1.519533000E-5
1.420240000E+9	1.507456000E-5
1.420243333E+9	1.544970000E-5
1.420246667E+9	1.513205000E-5
1.420250000E+9	1.530648000E-5
1.420253333E+9	1.520122000E-5
1.420256667E+9	1.510405000E-5
1.420260000E+9	1.517366000E-5
1.420263333E+9	1.539267000E-5
1.420266667E+9	1.495436000E-5
1.420270000E+9	1.503976000E-5
1.420273333E+9	1.529451000E-5
1.420276667E+9	1.557610000E-5
1.420280000E+9	1.520319000E-5
1.420283333E+9	1.532259000E-5
1.420286667E+9	1.500790000E-5
1.420290000E+9	1.540182000E-5
1.420293333E+9	1.534987000E-5
1.420296667E+9	1.515619000E-5
1.420300000E+9	1.526283000E-5
1.420303333E+9	1.522518000E-5
1.420306667E+9	1.528256000E-5
1.420310000E+9	1.596111000E-5
1.420313333E+9	1.550072000E-5
1.420316667E+9	1.542212000E-5
1.420320000E+9	1.569334000E-5
1.420323333E+9	1.546378000E-5
1.420326667E+9	1.572967000E-5
1.420330000E+9	1.592700000E-5
1.420333333E+9	1.606639000E-5
1.420336667E+9	1.591054000E-5
1.420340000E+9	1.576669000E-5
1.420343333E+9	1.558739000E-5
1.420346667E+9	1.582639000E-5
1.420350000E+9	1.627427000E-5
1.420353333E+9	1.646484000E-5
1.420356667E+9	1.650799000E-5
1.420360000E+9	1.654806000E-5
1.420363333E+9	1.664413000E-5
1.420366667E+9	1.699439000E-5
1.420370000E+9	1.656044000E-5
1.420373333E+9	1.719171000E-5
1.420376667E+9	1.727390000E-5
1.420380000E+9	1.729907000E-5
1.420383333E+9	1.745537000E-5
1.420386667E+9	1.751684000E-5
1.420390000E+9	1.729017000E-5
1.420393333E+9	1.817493000E-5
1.420396667E+9	1.776702000E-5
1.420400000E+9	1.801006000E-5
1.420403333E+9	1.798656000E-5
1.420406667E+9	1.815535000E-5
1.420410000E+9	1.783633000E-5
1.420413333E+9	1.808029000E-5
1.420416667E+9	1.757788000E-5
1.420420000E+9	1.772661000E-5
1.420423333E+9	1.739270000E-5
1.420426667E+9	1.792922000E-5
1.420430000E+9	1.773709000E-5
1.420433333E+9	1.763818000E-5
1.420436667E+9	1.741949000E-5
1.420440000E+9	1.770382000E-5
1.420443333E+9	1.747249000E-5
1.420446667E+9	1.760357000E-5
1.420450000E+9	1.764653000E-5
1.420453333E+9	1.718380000E-5
1.420456667E+9	1.717156000E-5
1.420460000E+9	1.727840000E-5
1.420463333E+9	1.752870000E-5
1.420466667E+9	1.705803000E-5
1.420470000E+9	1.700985000E-5
1.420473333E+9	1.680781000E-5
1.420476667E+9	1.672001000E-5
1.420480000E+9	1.699865000E-5
1.420483333E+9	1.662579000E-5
1.420486667E+9	1.641992000E-5
1.420490000E+9	1.624810000E-5
1.420493333E+9	1.622866000E-5
1.420496667E+9	1.674420000E-5
1.420500000E+9	1.672892000E-5
1.420503333E+9	1.630643000E-5
1.420506667E+9	1.628369000E-5
1.420510000E+9	1.610825000E-5
1.420513333E+9	1.647449000E-5
1.420516667E+9	1.641857000E-5
1.420520000E+9	1.625188000E-5
1.420523333E+9	1.590350000E-5
1.420526667E+9	1.614366000E-5
1.420530000E+9	1.619155000E-5
1.420533333E+9	1.631759000E-5
1.420536667E+9	1.592187000E-5
1.420540000E+9	1.563591000E-5
1.420543333E+9	1.602399000E-5
1.420546667E+9	1.610044000E-5
1.420550000E+9	1.633220000E-5
1.420553333E+9	1.568156000E-5
1.420556667E+9	1.554949000E-5
1.420560000E+9	1.559091000E-5
1.420563333E+9	1.602986000E-5
1.420566667E+9	1.576666000E-5
1.420570000E+9	1.569267000E-5
1.420573333E+9	1.561677000E-5
1.420576667E+9	1.566526000E-5
1.420580000E+9	1.600405000E-5
1.420583333E+9	1.550319000E-5
1.420586667E+9	1.594121000E-5
1.420590000E+9	1.720351000E-5
1.420593333E+9	1.606999000E-5
1.420596667E+9	1.582382000E-5
1.420600000E+9	1.592707000E-5
1.420603333E+9	1.577809000E-5
1.420606667E+9	1.594492000E-5
1.420610000E+9	1.589046000E-5
1.420613333E+9	1.586480000E-5
1.420616667E+9	1.557167000E-5
1.420620000E+9	1.579152000E-5
1.420623333E+9	1.619700000E-5
1.420626667E+9	1.590137000E-5
1.420630000E+9	1.589549000E-5
1.420633333E+9	1.556117000E-5
1.420636667E+9	1.564352000E-5
1.420640000E+9	1.558337000E-5
1.420643333E+9	1.584111000E-5
1.420646667E+9	1.607126000E-5
1.420650000E+9	1.571239000E-5
1.420653333E+9	1.538017000E-5
1.420656667E+9	1.533451000E-5
1.420660000E+9	1.569886000E-5
1.420663333E+9	1.568216000E-5
1.420666667E+9	1.507515000E-5
1.420670000E+9	1.565574000E-5
1.420673333E+9	1.559184000E-5
1.420676667E+9	1.563416000E-5
1.420680000E+9	1.558381000E-5
1.420683333E+9	1.546761000E-5
1.420686667E+9	1.572542000E-5
1.420690000E+9	1.561370000E-5
1.420693333E+9	1.573190000E-5
1.420696667E+9	1.581076000E-5
1.420700000E+9	1.587034000E-5
1.420703333E+9	1.585529000E-5
1.420706667E+9	1.570972000E-5
1.420710000E+9	1.579318000E-5
1.420713333E+9	1.562767000E-5
1.420716667E+9	1.541598000E-5
1.420720000E+9	1.597171000E-5
1.420723333E+9	1.602965000E-5
1.420726667E+9	1.587287000E-5
1.420730000E+9	1.589142000E-5
1.420733333E+9	1.590834000E-5
1.420736667E+9	1.568502000E-5
1.420740000E+9	1.576898000E-5
1.420743333E+9	1.589837000E-5
1.420746667E+9	1.587991000E-5
1.420750000E+9	1.581659000E-5
1.420753333E+9	1.601013000E-5
1.420756667E+9	1.655017000E-5
1.420760000E+9	1.583562000E-5
1.420763333E+9	1.607630000E-5
1.420766667E+9	1.605064000E-5
1.420770000E+9	1.588349000E-5
1.420773333E+9	1.641531000E-5
1.420776667E+9	1.609980000E-5
1.420780000E+9	1.585247000E-5
1.420783333E+9	1.603402000E-5
1.420786667E+9	1.619460000E-5
1.420790000E+9	1.600455000E-5
1.420793333E+9	1.671816000E-5
1.420796667E+9	1.609443000E-5
1.420800000E+9	1.589751000E-5
1.420803333E+9	1.569686000E-5
1.420806667E+9	1.589390000E-5
1.420810000E+9	1.580902000E-5
1.420813333E+9	1.599068000E-5
1.420816667E+9	1.581354000E-5
1.420820000E+9	1.584871000E-5
1.420823333E+9	1.601171000E-5
1.420826667E+9	1.544120000E-5
1.420830000E+9	1.579904000E-5
1.420833333E+9	1.546275000E-5
1.420836667E+9	1.549492000E-5
1.420840000E+9	1.525548000E-5
1.420843333E+9	1.553447000E-5
1.420846667E+9	1.541442000E-5
1.420850000E+9	1.543318000E-5
1.420853333E+9	1.533109000E-5
1.420856667E+9	1.549079000E-5
1.420860000E+9	1.524910000E-5
1.420863333E+9	1.514844000E-5
1.420866667E+9	1.572522000E-5
1.420870000E+9	1.594578000E-5
1.420873333E+9	1.528380000E-5
1.420876667E+9	1.539504000E-5
1.420880000E+9	1.532821000E-5
1.420883333E+9	1.651501000E-5
1.420886667E+9	1.603039000E-5
1.420890000E+9	1.498597000E-5
1.420893333E+9	1.516826000E-5
1.420896667E+9	1.523795000E-5
1.420900000E+9	1.576506000E-5
1.420903333E+9	1.536129000E-5
1.420906667E+9	1.596803000E-5
1.420910000E+9	1.525206000E-5
1.420913333E+9	1.644635000E-5
1.420916667E+9	1.608111000E-5
1.420920000E+9	1.555004000E-5
1.420923333E+9	1.505990000E-5
1.420926667E+9	1.484336000E-5
1.420930000E+9	1.497341000E-5
1.420933333E+9	1.467228000E-5
1.420936667E+9	1.541772000E-5
1.420940000E+9	1.533052000E-5
1.420943333E+9	1.593928000E-5
1.420946667E+9	1.538578000E-5
1.420950000E+9	1.493722000E-5
1.420953333E+9	1.500067000E-5
1.420956667E+9	1.483810000E-5
1.420960000E+9	1.474303000E-5
1.420963333E+9	1.491136000E-5
1.420966667E+9	1.535739000E-5
1.420970000E+9	1.500797000E-5
1.420973333E+9	1.513248000E-5
1.420976667E+9	1.505198000E-5
1.420980000E+9	1.505954000E-5
1.420983333E+9	1.498166000E-5
1.420986667E+9	1.522807000E-5
1.420990000E+9	1.498380000E-5
1.420993333E+9	1.484391000E-5
1.420996667E+9	1.496159000E-5
1.421000000E+9	1.469276000E-5
1.421003333E+9	1.476949000E-5
1.421006667E+9	1.539318000E-5
1.421010000E+9	1.509687000E-5
1.421013333E+9	1.504078000E-5
1.421016667E+9	1.527600000E-5
1.421020000E+9	1.513782000E-5
1.421023333E+9	1.453151000E-5
1.421026667E+9	1.487622000E-5
1.421030000E+9	1.492017000E-5
1.421033333E+9	1.477237000E-5
1.421036667E+9	1.476276000E-5
1.421040000E+9	1.480600000E-5
1.421043333E+9	1.476328000E-5
1.421046667E+9	1.501290000E-5
1.421050000E+9	1.475639000E-5
1.421053333E+9	1.507651000E-5
1.421056667E+9	1.527623000E-5
1.421060000E+9	1.491336000E-5
1.421063333E+9	1.500812000E-5
1.421066667E+9	1.514949000E-5
1.421070000E+9	1.502380000E-5
1.421073333E+9	1.490378000E-5
1.421076667E+9	1.513976000E-5
1.421080000E+9	1.505144000E-5
1.421083333E+9	1.482014000E-5
1.421086667E+9	1.465071000E-5
1.421090000E+9	1.469731000E-5
1.421093333E+9	1.515293000E-5
1.421096667E+9	1.500459000E-5
1.421100000E+9	1.494742000E-5
1.421103333E+9	1.535070000E-5
1.421106667E+9	1.512394000E-5
1.421110000E+9	1.497670000E-5
1.421113333E+9	1.460832000E-5
1.421116667E+9	1.508824000E-5
1.421120000E+9	1.492656000E-5
1.421123333E+9	1.469789000E-5
1.421126667E+9	1.522090000E-5
1.421130000E+9	1.521906000E-5
1.421133333E+9	1.509100000E-5
1.421136667E+9	1.481290000E-5
1.421140000E+9	1.475973000E-5
1.421143333E+9	1.483301000E-5
1.421146667E+9	1.471757000E-5
1.421150000E+9	1.506119000E-5
1.421153333E+9	1.481947000E-5
1.421156667E+9	1.506091000E-5
1.421160000E+9	1.514666000E-5
1.421163333E+9	1.479011000E-5
1.421166667E+9	1.498864000E-5
1.421170000E+9	1.484621000E-5
1.421173333E+9	1.465372000E-5
1.421176667E+9	1.487370000E-5
1.421180000E+9	1.520336000E-5
1.421183333E+9	1.489030000E-5
1.421186667E+9	1.496338000E-5
1.421190000E+9	1.479591000E-5
1.421193333E+9	1.494527000E-5
1.421196667E+9	1.485714000E-5
1.421200000E+9	1.520027000E-5
1.421203333E+9	1.521585000E-5
1.421206667E+9	1.564592000E-5
1.421210000E+9	1.534965000E-5
1.421213333E+9	1.523645000E-5
1.421216667E+9	1.498663000E-5
1.421220000E+9	1.516661000E-5
1.421223333E+9	1.514270000E-5
1.421226667E+9	1.496164000E-5
1.421230000E+9	1.472226000E-5
1.421233333E+9	1.501117000E-5
1.421236667E+9	1.498125000E-5
1.421240000E+9	1.492263000E-5
1.421243333E+9	1.512841000E-5
1.421246667E+9	1.476979000E-5
1.421250000E+9	1.495366000E-5
1.421253333E+9	1.454121000E-5
1.421256667E+9	1.520171000E-5
1.421260000E+9	1.503641000E-5
1.421263333E+9	1.511350000E-5
1.421266667E+9	1.481849000E-5
1.421270000E+9	1.483580000E-5
1.421273333E+9	1.486849000E-5
1.421276667E+9	1.495387000E-5
1.421280000E+9	1.515371000E-5
1.421283333E+9	1.481101000E-5
1.421286667E+9	1.525545000E-5
1.421290000E+9	1.556051000E-5
1.421293333E+9	1.505074000E-5
1.421296667E+9	1.501540000E-5
1.421300000E+9	1.533951000E-5
1.421303333E+9	1.478279000E-5
1.421306667E+9	1.487098000E-5
1.421310000E+9	1.498615000E-5
1.421313333E+9	1.487555000E-5
1.421316667E+9	1.508484000E-5
1.421320000E+9	1.518594000E-5
1.421323333E+9	1.490514000E-5
1.421326667E+9	1.498691000E-5
1.421330000E+9	1.481628000E-5
1.421333333E+9	1.508799000E-5
1.421336667E+9	1.483769000E-5
1.421340000E+9	1.475615000E-5
1.421343333E+9	1.495167000E-5
1.421346667E+9	1.498964000E-5
1.421350000E+9	1.506685000E-5
1.421353333E+9	1.583842000E-5
1.421356667E+9	1.724107000E-5
1.421360000E+9	1.539521000E-5
1.421363333E+9	1.494650000E-5
1.421366667E+9	1.542388000E-5
1.421370000E+9	1.482409000E-5
1.421373333E+9	1.499442000E-5
1.421376667E+9	1.485635000E-5
1.421380000E+9	1.474568000E-5
1.421383333E+9	1.486996000E-5
1.421386667E+9	1.492359000E-5
1.421390000E+9	1.517041000E-5
1.421393333E+9	1.495207000E-5
1.421396667E+9	1.495415000E-5
1.421400000E+9	1.476858000E-5
