Frequency, Hz	Amplitude, Volts
1.419400000E+9	1.521169000E-5
1.419403333E+9	1.509478000E-5
1.419406667E+9	1.530386000E-5
1.419410000E+9	1.509546000E-5
1.419413333E+9	1.539999000E-5
1.419416667E+9	1.577447000E-5
1.419420000E+9	1.540963000E-5
1.419423333E+9	1.538966000E-5
1.419426667E+9	1.517694000E-5
1.419430000E+9	1.472101000E-5
1.419433333E+9	1.518958000E-5
1.419436667E+9	1.468102000E-5
1.419440000E+9	1.546565000E-5
1.419443333E+9	1.545212000E-5
1.419446667E+9	1.528717000E-5
1.419450000E+9	1.532280000E-5
1.419453333E+9	1.559591000E-5
1.419456667E+9	1.562548000E-5
1.419460000E+9	1.543061000E-5
1.419463333E+9	1.499404000E-5
1.419466667E+9	1.507774000E-5
1.419470000E+9	1.535948000E-5
1.419473333E+9	1.523780000E-5
1.419476667E+9	1.488672000E-5
1.419480000E+9	1.532757000E-5
1.419483333E+9	1.530780000E-5
1.419486667E+9	1.525739000E-5
1.419490000E+9	1.547809000E-5
1.419493333E+9	1.523212000E-5
1.419496667E+9	1.508878000E-5
1.419500000E+9	1.497342000E-5
1.419503333E+9	1.514477000E-5
1.419506667E+9	1.512695000E-5
1.419510000E+9	1.496930000E-5
1.419513333E+9	1.509357000E-5
1.419516667E+9	1.529630000E-5
1.419520000E+9	1.509314000E-5
1.419523333E+9	1.518943000E-5
1.419526667E+9	1.501638000E-5
1.419530000E+9	1.533747000E-5
1.419533333E+9	1.551020000E-5
1.419536667E+9	1.527543000E-5
1.419540000E+9	1.486254000E-5
1.419543333E+9	1.525540000E-5
1.419546667E+9	1.549033000E-5
1.419550000E+9	1.500558000E-5
1.419553333E+9	1.537875000E-5
1.419556667E+9	1.534327000E-5
1.419560000E+9	1.521620000E-5
1.419563333E+9	1.510892000E-5
1.419566667E+9	1.517546000E-5
1.419570000E+9	1.512785000E-5
1.419573333E+9	1.510093000E-5
1.419576667E+9	1.536928000E-5
1.419580000E+9	1.499558000E-5
1.419583333E+9	1.485567000E-5
1.419586667E+9	1.520942000E-5
1.419590000E+9	1.525166000E-5
1.419593333E+9	1.525307000E-5
1.419596667E+9	1.500459000E-5
1.419600000E+9	1.512695000E-5
1.419603333E+9	1.543620000E-5
1.419606667E+9	1.521754000E-5
1.419610000E+9	1.480552000E-5
1.419613333E+9	1.529467000E-5
1.419616667E+9	1.505066000E-5
1.419620000E+9	1.538522000E-5
1.419623333E+9	1.509574000E-5
1.419626667E+9	1.526094000E-5
1.419630000E+9	1.530222000E-5
1.419633333E+9	1.516905000E-5
1.419636667E+9	1.512708000E-5
1.419640000E+9	1.527039000E-5
1.419643333E+9	1.514508000E-5
1.419646667E+9	1.530860000E-5
1.419650000E+9	1.508794000E-5
1.419653333E+9	1.498375000E-5
1.419656667E+9	1.513906000E-5
1.419660000E+9	1.517848000E-5
1.419663333E+9	1.554678000E-5
1.419666667E+9	1.524031000E-5
1.419670000E+9	1.520466000E-5
1.419673333E+9	1.493443000E-5
1.419676667E+9	1.547336000E-5
1.419680000E+9	1.486773000E-5
1.419683333E+9	1.527481000E-5
1.419686667E+9	1.499947000E-5
1.419690000E+9	1.481947000E-5
1.419693333E+9	1.489714000E-5
1.419696667E+9	1.505539000E-5
1.419700000E+9	1.511510000E-5
1.419703333E+9	1.532221000E-5
1.419706667E+9	1.526530000E-5
1.419710000E+9	1.509452000E-5
1.419713333E+9	1.526718000E-5
1.419716667E+9	1.527811000E-5
1.419720000E+9	1.535850000E-5
1.419723333E+9	1.539673000E-5
1.419726667E+9	1.503277000E-5
1.419730000E+9	1.515510000E-5
1.419733333E+9	1.607961000E-5
1.419736667E+9	1.518028000E-5
1.419740000E+9	1.515190000E-5
1.419743333E+9	1.525697000E-5
1.419746667E+9	1.535685000E-5
1.419750000E+9	1.582660000E-5
1.419753333E+9	1.551562000E-5
1.419756667E+9	1.525767000E-5
1.419760000E+9	1.517774000E-5
1.419763333E+9	1.527774000E-5
1.419766667E+9	1.507798000E-5
1.419770000E+9	1.512672000E-5
1.419773333E+9	1.507110000E-5
1.419776667E+9	1.593654000E-5
1.419780000E+9	1.543991000E-5
1.419783333E+9	1.520800000E-5
1.419786667E+9	1.551169000E-5
1.419790000E+9	1.565727000E-5
1.419793333E+9	1.539883000E-5
1.419796667E+9	1.525896000E-5
1.419800000E+9	1.518711000E-5
1.419803333E+9	1.520031000E-5
1.419806667E+9	1.505567000E-5
1.419810000E+9	1.528502000E-5
1.419813333E+9	1.520568000E-5
1.419816667E+9	1.524190000E-5
1.419820000E+9	1.489580000E-5
1.419823333E+9	1.506728000E-5
1.419826667E+9	1.513466000E-5
1.419830000E+9	1.509755000E-5
1.419833333E+9	1.505630000E-5
1.419836667E+9	1.525866000E-5
1.419840000E+9	1.521936000E-5
1.419843333E+9	1.511730000E-5
1.419846667E+9	1.481543000E-5
1.419850000E+9	1.526146000E-5
1.419853333E+9	1.551855000E-5
1.419856667E+9	1.507029000E-5
1.419860000E+9	1.532685000E-5
1.419863333E+9	1.546798000E-5
1.419866667E+9	1.499633000E-5
1.419870000E+9	1.533949000E-5
1.419873333E+9	1.515465000E-5
1.419876667E+9	1.540992000E-5
1.419880000E+9	1.525545000E-5
1.419883333E+9	1.531005000E-5
1.419886667E+9	1.531425000E-5
1.419890000E+9	1.510936000E-5
1.419893333E+9	1.528021000E-5
1.419896667E+9	1.527207000E-5
1.419900000E+9	1.558058000E-5
1.419903333E+9	1.547209000E-5
1.419906667E+9	1.508741000E-5
1.419910000E+9	1.515142000E-5
1.419913333E+9	1.515362000E-5
1.419916667E+9	1.501315000E-5
1.419920000E+9	1.530292000E-5
1.419923333E+9	1.510518000E-5
1.419926667E+9	1.508002000E-5
1.419930000E+9	1.470581000E-5
1.419933333E+9	1.485076000E-5
1.419936667E+9	1.518880000E-5
1.419940000E+9	1.499959000E-5
1.419943333E+9	1.483888000E-5
1.419946667E+9	1.503560000E-5
1.419950000E+9	1.511488000E-5
1.419953333E+9	1.509690000E-5
1.419956667E+9	1.500634000E-5
1.419960000E+9	1.523200000E-5
1.419963333E+9	1.511521000E-5
1.419966667E+9	1.517181000E-5
1.419970000E+9	1.532835000E-5
1.419973333E+9	1.532199000E-5
1.419976667E+9	1.565871000E-5
1.419980000E+9	1.711613000E-5
1.419983333E+9	1.537894000E-5
1.419986667E+9	1.488117000E-5
1.419990000E+9	1.523292000E-5
1.419993333E+9	1.508641000E-5
1.419996667E+9	1.490095000E-5
1.420000000E+9	1.510549000E-5
1.420003333E+9	1.553536000E-5
1.420006667E+9	1.525637000E-5
1.420010000E+9	1.492148000E-5
1.420013333E+9	1.501137000E-5
1.420016667E+9	1.525860000E-5
1.420020000E+9	1.511720000E-5
1.420023333E+9	1.543903000E-5
1.420026667E+9	1.564651000E-5
1.420030000E+9	1.487816000E-5
1.420033333E+9	1.539568000E-5
1.420036667E+9	1.537727000E-5
1.420040000E+9	1.529662000E-5
1.420043333E+9	1.541781000E-5
1.420046667E+9	1.501056000E-5
1.420050000E+9	1.541241000E-5
1.420053333E+9	1.516245000E-5
1.420056667E+9	1.505729000E-5
1.420060000E+9	1.506465000E-5
1.420063333E+9	1.508651000E-5
1.420066667E+9	1.528346000E-5
1.420070000E+9	1.497180000E-5
1.420073333E+9	1.499562000E-5
1.420076667E+9	1.506490000E-5
1.420080000E+9	1.492589000E-5
1.420083333E+9	1.518199000E-5
1.420086667E+9	1.514046000E-5
1.420090000E+9	1.510050000E-5
1.420093333E+9	1.497661000E-5
1.420096667E+9	1.513748000E-5
1.420100000E+9	1.495881000E-5
1.420103333E+9	1.523141000E-5
1.420106667E+9	1.500809000E-5
1.420110000E+9	1.533815000E-5
1.420113333E+9	1.485299000E-5
1.420116667E+9	1.536048000E-5
1.420120000E+9	1.514156000E-5
1.420123333E+9	1.542577000E-5
1.420126667E+9	1.536974000E-5
1.420130000E+9	1.505623000E-5
1.420133333E+9	1.529724000E-5
1.420136667E+9	1.518291000E-5
1.420140000E+9	1.505122000E-5
1.420143333E+9	1.534396000E-5
1.420146667E+9	1.505253000E-5
1.420150000E+9	1.503079000E-5
1.420153333E+9	1.513657000E-5
1.420156667E+9	1.507683000E-5
1.420160000E+9	1.480412000E-5
1.420163333E+9	1.529014000E-5
1.420166667E+9	1.501549000E-5
1.420170000E+9	1.486236000E-5
1.420173333E+9	1.513742000E-5
1.420176667E+9	1.503489000E-5
1.420180000E+9	1.537781000E-5
1.420183333E+9	1.538086000E-5
1.420186667E+9	1.517519000E-5
1.420190000E+9	1.517419000E-5
1.420193333E+9	1.501878000E-5
1.420196667E+9	1.528261000E-5
1.420200000E+9	1.579049000E-5
1.420203333E+9	1.513047000E-5
1.420206667E+9	1.525077000E-5
1.420210000E+9	1.493284000E-5
1.420213333E+9	1.525835000E-5
1.420216667E+9	1.516400000E-5
1.420220000E+9	1.556109000E-5
1.420223333E+9	1.519603000E-5
1.420226667E+9	1.507645000E-5
1.420230000E+9	1.532280000E-5
1.420233333E+9	1.489097000E-5
1.420236667E+9	1.540099000E-5
1.420240000E+9	1.517254000E-5
1.420243333E+9	1.497035000E-5
1.420246667E+9	1.511586000E-5
1.420250000E+9	1.505135000E-5
1.420253333E+9	1.502053000E-5
1.420256667E+9	1.506739000E-5
1.420260000E+9	1.525434000E-5
1.420263333E+9	1.535277000E-5
1.420266667E+9	1.522275000E-5
1.420270000E+9	1.499098000E-5
1.420273333E+9	1.492354000E-5
1.420276667E+9	1.507019000E-5
1.420280000E+9	1.508958000E-5
1.420283333E+9	1.534180000E-5
1.420286667E+9	1.509364000E-5
1.420290000E+9	1.517266000E-5
1.420293333E+9	1.515338000E-5
1.420296667E+9	1.559155000E-5
1.420300000E+9	1.517291000E-5
1.420303333E+9	1.549683000E-5
1.420306667E+9	1.510730000E-5
1.420310000E+9	1.545489000E-5
1.420313333E+9	1.533720000E-5
1.420316667E+9	1.529113000E-5
1.420320000E+9	1.541574000E-5
1.420323333E+9	1.501733000E-5
1.420326667E+9	1.493963000E-5
1.420330000E+9	1.546538000E-5
1.420333333E+9	1.539112000E-5
1.420336667E+9	1.510508000E-5
1.420340000E+9	1.527928000E-5
1.420343333E+9	1.524341000E-5
1.420346667E+9	1.554157000E-5
1.420350000E+9	1.568106000E-5
1.420353333E+9	1.518533000E-5
1.420356667E+9	1.526188000E-5
1.420360000E+9	1.535070000E-5
1.420363333E+9	1.526448000E-5
1.420366667E+9	1.482243000E-5
1.420370000E+9	1.505988000E-5
1.420373333E+9	1.514936000E-5
1.420376667E+9	1.551532000E-5
1.420380000E+9	1.552929000E-5
1.420383333E+9	1.542080000E-5
1.420386667E+9	1.563548000E-5
1.420390000E+9	1.562369000E-5
1.420393333E+9	1.580675000E-5
1.420396667E+9	1.587301000E-5
1.420400000E+9	1.572841000E-5
1.420403333E+9	1.570142000E-5
1.420406667E+9	1.550190000E-5
1.420410000E+9	1.574313000E-5
1.420413333E+9	1.650770000E-5
1.420416667E+9	1.633600000E-5
1.420420000E+9	1.614216000E-5
1.420423333E+9	1.643175000E-5
1.420426667E+9	1.642241000E-5
1.420430000E+9	1.631291000E-5
1.420433333E+9	1.630187000E-5
1.420436667E+9	1.659617000E-5
1.420440000E+9	1.663112000E-5
1.420443333E+9	1.713190000E-5
1.420446667E+9	1.710897000E-5
1.420450000E+9	1.702682000E-5
1.420453333E+9	1.697662000E-5
1.420456667E+9	1.705402000E-5
1.420460000E+9	1.745790000E-5
1.420463333E+9	1.696756000E-5
1.420466667E+9	1.713427000E-5
1.420470000E+9	1.675850000E-5
1.420473333E+9	1.698710000E-5
1.420476667E+9	1.705773000E-5
1.420480000E+9	1.689239000E-5
1.420483333E+9	1.708785000E-5
1.420486667E+9	1.687860000E-5
1.420490000E+9	1.686154000E-5
1.420493333E+9	1.675215000E-5
1.420496667E+9	1.772149000E-5
1.420500000E+9	1.697513000E-5
1.420503333E+9	1.668092000E-5
1.420506667E+9	1.703398000E-5
1.420510000E+9	1.668993000E-5
1.420513333E+9	1.682241000E-5
1.420516667E+9	1.667109000E-5
1.420520000E+9	1.656031000E-5
1.420523333E+9	1.655651000E-5
1.420526667E+9	1.668535000E-5
1.420530000E+9	1.646269000E-5
1.420533333E+9	1.629120000E-5
1.420536667E+9	1.656135000E-5
1.420540000E+9	1.624804000E-5
1.420543333E+9	1.644719000E-5
1.420546667E+9	1.663762000E-5
1.420550000E+9	1.631633000E-5
1.420553333E+9	1.625975000E-5
1.420556667E+9	1.604599000E-5
1.420560000E+9	1.568373000E-5
1.420563333E+9	1.608483000E-5
1.420566667E+9	1.631891000E-5
1.420570000E+9	1.562218000E-5
1.420573333E+9	1.628566000E-5
1.420576667E+9	1.639299000E-5
1.420580000E+9	1.617657000E-5
1.420583333E+9	1.587203000E-5
1.420586667E+9	1.587862000E-5
1.420590000E+9	1.684170000E-5
1.420593333E+9	1.633620000E-5
1.420596667E+9	1.588741000E-5
1.420600000E+9	1.600231000E-5
1.420603333E+9	1.575492000E-5
1.420606667E+9	1.613788000E-5
1.420610000E+9	1.657092000E-5
1.420613333E+9	1.618167000E-5
1.420616667E+9	1.587127000E-5
1.420620000E+9	1.655896000E-5
1.420623333E+9	1.659457000E-5
1.420626667E+9	1.599935000E-5
1.420630000E+9	1.631365000E-5
1.420633333E+9	1.635335000E-5
1.420636667E+9	1.629317000E-5
1.420640000E+9	1.608716000E-5
1.420643333E+9	1.631830000E-5
1.420646667E+9	1.707289000E-5
1.420650000E+9	1.661539000E-5
1.420653333E+9	1.592753000E-5
1.420656667E+9	1.609269000E-5
1.420660000E+9	1.600457000E-5
1.420663333E+9	1.602319000E-5
1.420666667E+9	1.611903000E-5
1.420670000E+9	1.622964000E-5
1.420673333E+9	1.589559000E-5
1.420676667E+9	1.606013000E-5
1.420680000E+9	1.618402000E-5
1.420683333E+9	1.612318000E-5
1.420686667E+9	1.605103000E-5
1.420690000E+9	1.637736000E-5
1.420693333E+9	1.625989000E-5
1.420696667E+9	1.656768000E-5
1.420700000E+9	1.626180000E-5
1.420703333E+9	1.601663000E-5
1.420706667E+9	1.603166000E-5
1.420710000E+9	1.601705000E-5
1.420713333E+9	1.619143000E-5
1.420716667E+9	1.613477000E-5
1.420720000E+9	1.606900000E-5
1.420723333E+9	1.592578000E-5
1.420726667E+9	1.598554000E-5
1.420730000E+9	1.608390000E-5
1.420733333E+9	1.604002000E-5
1.420736667E+9	1.588739000E-5
1.420740000E+9	1.610040000E-5
1.420743333E+9	1.605953000E-5
1.420746667E+9	1.588711000E-5
1.420750000E+9	1.636197000E-5
1.420753333E+9	1.629829000E-5
1.420756667E+9	1.629691000E-5
1.420760000E+9	1.679314000E-5
1.420763333E+9	1.656902000E-5
1.420766667E+9	1.614694000E-5
1.420770000E+9	1.591190000E-5
1.420773333E+9	1.590972000E-5
1.420776667E+9	1.625233000E-5
1.420780000E+9	1.605925000E-5
1.420783333E+9	1.606429000E-5
1.420786667E+9	1.659256000E-5
1.420790000E+9	1.618494000E-5
1.420793333E+9	1.658843000E-5
1.420796667E+9	1.681835000E-5
1.420800000E+9	1.596693000E-5
1.420803333E+9	1.603576000E-5
1.420806667E+9	1.628861000E-5
1.420810000E+9	1.645502000E-5
1.420813333E+9	1.590425000E-5
1.420816667E+9	1.602358000E-5
1.420820000E+9	1.572522000E-5
1.420823333E+9	1.617968000E-5
1.420826667E+9	1.581117000E-5
1.420830000E+9	1.574199000E-5
1.420833333E+9	1.606597000E-5
1.420836667E+9	1.569782000E-5
1.420840000E+9	1.562829000E-5
1.420843333E+9	1.586048000E-5
1.420846667E+9	1.576598000E-5
1.420850000E+9	1.588016000E-5
1.420853333E+9	1.573256000E-5
1.420856667E+9	1.541122000E-5
1.420860000E+9	1.542116000E-5
1.420863333E+9	1.601385000E-5
1.420866667E+9	1.572765000E-5
1.420870000E+9	1.594517000E-5
1.420873333E+9	1.596738000E-5
1.420876667E+9	1.569736000E-5
1.420880000E+9	1.560950000E-5
1.420883333E+9	1.731342000E-5
1.420886667E+9	1.707830000E-5
1.420890000E+9	1.559062000E-5
1.420893333E+9	1.543334000E-5
1.420896667E+9	1.603715000E-5
1.420900000E+9	1.606436000E-5
1.420903333E+9	1.642405000E-5
1.420906667E+9	1.712121000E-5
1.420910000E+9	1.621486000E-5
1.420913333E+9	1.668905000E-5
1.420916667E+9	1.614292000E-5
1.420920000E+9	1.605202000E-5
1.420923333E+9	1.581053000E-5
1.420926667E+9	1.547831000E-5
1.420930000E+9	1.553130000E-5
1.420933333E+9	1.559025000E-5
1.420936667E+9	1.560970000E-5
1.420940000E+9	1.575932000E-5
1.420943333E+9	1.584590000E-5
1.420946667E+9	1.632938000E-5
1.420950000E+9	1.572532000E-5
1.420953333E+9	1.562994000E-5
1.420956667E+9	1.549917000E-5
1.420960000E+9	1.546706000E-5
1.420963333E+9	1.551855000E-5
1.420966667E+9	1.550035000E-5
1.420970000E+9	1.548946000E-5
1.420973333E+9	1.527648000E-5
1.420976667E+9	1.526612000E-5
1.420980000E+9	1.520762000E-5
1.420983333E+9	1.539010000E-5
1.420986667E+9	1.547205000E-5
1.420990000E+9	1.553420000E-5
1.420993333E+9	1.524548000E-5
1.420996667E+9	1.506824000E-5
1.421000000E+9	1.488980000E-5
1.421003333E+9	1.506050000E-5
1.421006667E+9	1.502266000E-5
1.421010000E+9	1.505985000E-5
1.421013333E+9	1.523262000E-5
1.421016667E+9	1.519467000E-5
1.421020000E+9	1.548577000E-5
1.421023333E+9	1.515275000E-5
1.421026667E+9	1.510521000E-5
1.421030000E+9	1.489715000E-5
1.421033333E+9	1.495638000E-5
1.421036667E+9	1.513391000E-5
1.421040000E+9	1.551230000E-5
1.421043333E+9	1.508820000E-5
1.421046667E+9	1.516945000E-5
1.421050000E+9	1.505767000E-5
1.421053333E+9	1.510839000E-5
1.421056667E+9	1.568771000E-5
1.421060000E+9	1.532407000E-5
1.421063333E+9	1.543280000E-5
1.421066667E+9	1.514370000E-5
1.421070000E+9	1.474798000E-5
1.421073333E+9	1.519789000E-5
1.421076667E+9	1.470420000E-5
1.421080000E+9	1.497265000E-5
1.421083333E+9	1.498656000E-5
1.421086667E+9	1.502263000E-5
1.421090000E+9	1.494473000E-5
1.421093333E+9	1.549416000E-5
1.421096667E+9	1.567302000E-5
1.421100000E+9	1.500497000E-5
1.421103333E+9	1.496545000E-5
1.421106667E+9	1.496103000E-5
1.421110000E+9	1.514325000E-5
1.421113333E+9	1.522153000E-5
1.421116667E+9	1.524989000E-5
1.421120000E+9	1.504088000E-5
1.421123333E+9	1.536054000E-5
1.421126667E+9	1.548468000E-5
1.421130000E+9	1.524870000E-5
1.421133333E+9	1.569598000E-5
1.421136667E+9	1.517314000E-5
1.421140000E+9	1.511287000E-5
1.421143333E+9	1.524895000E-5
1.421146667E+9	1.496867000E-5
1.421150000E+9	1.504476000E-5
1.421153333E+9	1.502314000E-5
1.421156667E+9	1.514997000E-5
1.421160000E+9	1.539292000E-5
1.421163333E+9	1.491357000E-5
1.421166667E+9	1.536699000E-5
1.421170000E+9	1.527430000E-5
1.421173333E+9	1.472779000E-5
1.421176667E+9	1.533703000E-5
1.421180000E+9	1.598236000E-5
1.421183333E+9	1.484693000E-5
1.421186667E+9	1.507112000E-5
1.421190000E+9	1.542048000E-5
1.421193333E+9	1.527205000E-5
1.421196667E+9	1.508858000E-5
1.421200000E+9	1.548376000E-5
1.421203333E+9	1.519427000E-5
1.421206667E+9	1.589797000E-5
1.421210000E+9	1.520642000E-5
1.421213333E+9	1.514472000E-5
1.421216667E+9	1.534015000E-5
1.421220000E+9	1.488783000E-5
1.421223333E+9	1.482516000E-5
1.421226667E+9	1.498724000E-5
1.421230000E+9	1.500138000E-5
1.421233333E+9	1.488234000E-5
1.421236667E+9	1.507684000E-5
1.421240000E+9	1.524870000E-5
1.421243333E+9	1.561106000E-5
1.421246667E+9	1.501471000E-5
1.421250000E+9	1.518331000E-5
1.421253333E+9	1.515090000E-5
1.421256667E+9	1.516199000E-5
1.421260000E+9	1.496373000E-5
1.421263333E+9	1.506921000E-5
1.421266667E+9	1.495947000E-5
1.421270000E+9	1.498229000E-5
1.421273333E+9	1.496573000E-5
1.421276667E+9	1.499728000E-5
1.421280000E+9	1.556461000E-5
1.421283333E+9	1.521156000E-5
1.421286667E+9	1.503023000E-5
1.421290000E+9	1.518531000E-5
1.421293333E+9	1.501503000E-5
1.421296667E+9	1.501923000E-5
1.421300000E+9	1.502322000E-5
1.421303333E+9	1.478782000E-5
1.421306667E+9	1.479443000E-5
1.421310000E+9	1.487849000E-5
1.421313333E+9	1.473821000E-5
1.421316667E+9	1.503218000E-5
1.421320000E+9	1.545710000E-5
1.421323333E+9	1.502434000E-5
1.421326667E+9	1.501018000E-5
1.421330000E+9	1.483581000E-5
1.421333333E+9	1.507115000E-5
1.421336667E+9	1.505549000E-5
1.421340000E+9	1.499468000E-5
1.421343333E+9	1.479565000E-5
1.421346667E+9	1.507641000E-5
1.421350000E+9	1.475253000E-5
1.421353333E+9	1.537215000E-5
1.421356667E+9	1.566416000E-5
1.421360000E+9	1.524975000E-5
1.421363333E+9	1.509026000E-5
1.421366667E+9	1.519518000E-5
1.421370000E+9	1.504182000E-5
1.421373333E+9	1.499786000E-5
1.421376667E+9	1.481895000E-5
1.421380000E+9	1.498768000E-5
1.421383333E+9	1.496407000E-5
1.421386667E+9	1.506232000E-5
1.421390000E+9	1.546484000E-5
1.421393333E+9	1.546569000E-5
1.421396667E+9	1.495400000E-5
1.421400000E+9	1.534306000E-5
