Frequency, Hz	Amplitude, Volts
1.419400000E+9	2.128448000E-5
1.419403333E+9	2.091053000E-5
1.419406667E+9	2.079961000E-5
1.419410000E+9	2.087451000E-5
1.419413333E+9	2.145866000E-5
1.419416667E+9	2.164600000E-5
1.419420000E+9	2.124616000E-5
1.419423333E+9	2.092470000E-5
1.419426667E+9	2.060214000E-5
1.419430000E+9	2.156883000E-5
1.419433333E+9	2.161437000E-5
1.419436667E+9	2.138295000E-5
1.419440000E+9	2.261966000E-5
1.419443333E+9	2.170807000E-5
1.419446667E+9	2.116163000E-5
1.419450000E+9	2.161223000E-5
1.419453333E+9	2.580501000E-5
1.419456667E+9	2.376240000E-5
1.419460000E+9	2.105627000E-5
1.419463333E+9	2.106557000E-5
1.419466667E+9	2.085843000E-5
1.419470000E+9	2.110430000E-5
1.419473333E+9	2.128111000E-5
1.419476667E+9	2.083490000E-5
1.419480000E+9	2.132033000E-5
1.419483333E+9	2.120079000E-5
1.419486667E+9	2.071389000E-5
1.419490000E+9	2.131584000E-5
1.419493333E+9	2.096952000E-5
1.419496667E+9	2.099509000E-5
1.419500000E+9	2.074744000E-5
1.419503333E+9	2.116107000E-5
1.419506667E+9	2.118334000E-5
1.419510000E+9	2.094695000E-5
1.419513333E+9	2.120603000E-5
1.419516667E+9	2.099157000E-5
1.419520000E+9	2.100362000E-5
1.419523333E+9	2.104878000E-5
1.419526667E+9	2.083151000E-5
1.419530000E+9	2.064800000E-5
1.419533333E+9	2.059626000E-5
1.419536667E+9	2.128494000E-5
1.419540000E+9	2.138840000E-5
1.419543333E+9	2.077669000E-5
1.419546667E+9	2.094743000E-5
1.419550000E+9	2.100644000E-5
1.419553333E+9	2.082941000E-5
1.419556667E+9	2.089703000E-5
1.419560000E+9	2.107537000E-5
1.419563333E+9	2.109945000E-5
1.419566667E+9	2.101749000E-5
1.419570000E+9	2.110474000E-5
1.419573333E+9	2.050636000E-5
1.419576667E+9	2.081089000E-5
1.419580000E+9	2.124280000E-5
1.419583333E+9	2.132481000E-5
1.419586667E+9	2.116358000E-5
1.419590000E+9	2.114393000E-5
1.419593333E+9	2.137112000E-5
1.419596667E+9	2.121977000E-5
1.419600000E+9	2.079285000E-5
1.419603333E+9	2.095198000E-5
1.419606667E+9	2.102575000E-5
1.419610000E+9	2.087871000E-5
1.419613333E+9	2.108785000E-5
1.419616667E+9	2.065884000E-5
1.419620000E+9	2.117946000E-5
1.419623333E+9	2.088719000E-5
1.419626667E+9	2.089350000E-5
1.419630000E+9	2.128691000E-5
1.419633333E+9	2.143320000E-5
1.419636667E+9	2.128093000E-5
1.419640000E+9	2.094081000E-5
1.419643333E+9	2.095171000E-5
1.419646667E+9	2.112059000E-5
1.419650000E+9	2.074790000E-5
1.419653333E+9	2.139143000E-5
1.419656667E+9	2.111180000E-5
1.419660000E+9	2.092908000E-5
1.419663333E+9	2.079824000E-5
1.419666667E+9	2.066331000E-5
1.419670000E+9	2.080189000E-5
1.419673333E+9	2.133274000E-5
1.419676667E+9	2.116100000E-5
1.419680000E+9	2.133000000E-5
1.419683333E+9	2.080749000E-5
1.419686667E+9	2.054237000E-5
1.419690000E+9	2.065947000E-5
1.419693333E+9	2.070482000E-5
1.419696667E+9	2.084854000E-5
1.419700000E+9	2.148004000E-5
1.419703333E+9	2.095656000E-5
1.419706667E+9	2.113084000E-5
1.419710000E+9	2.084160000E-5
1.419713333E+9	2.097622000E-5
1.419716667E+9	2.109936000E-5
1.419720000E+9	2.112903000E-5
1.419723333E+9	2.184102000E-5
1.419726667E+9	2.152643000E-5
1.419730000E+9	2.183620000E-5
1.419733333E+9	2.528548000E-5
1.419736667E+9	2.190026000E-5
1.419740000E+9	2.075125000E-5
1.419743333E+9	2.190077000E-5
1.419746667E+9	2.678662000E-5
1.419750000E+9	2.311270000E-5
1.419753333E+9	2.219530000E-5
1.419756667E+9	2.158522000E-5
1.419760000E+9	2.095629000E-5
1.419763333E+9	2.106096000E-5
1.419766667E+9	2.165085000E-5
1.419770000E+9	2.147346000E-5
1.419773333E+9	2.168511000E-5
1.419776667E+9	2.094237000E-5
1.419780000E+9	2.033029000E-5
1.419783333E+9	2.121560000E-5
1.419786667E+9	2.082607000E-5
1.419790000E+9	2.115715000E-5
1.419793333E+9	2.094849000E-5
1.419796667E+9	2.081386000E-5
1.419800000E+9	2.102010000E-5
1.419803333E+9	2.083531000E-5
1.419806667E+9	2.056264000E-5
1.419810000E+9	2.052357000E-5
1.419813333E+9	2.120098000E-5
1.419816667E+9	2.128207000E-5
1.419820000E+9	2.131832000E-5
1.419823333E+9	2.119309000E-5
1.419826667E+9	2.093950000E-5
1.419830000E+9	2.142226000E-5
1.419833333E+9	2.139439000E-5
1.419836667E+9	2.076809000E-5
1.419840000E+9	2.091096000E-5
1.419843333E+9	2.113859000E-5
1.419846667E+9	2.082593000E-5
1.419850000E+9	2.055873000E-5
1.419853333E+9	2.059669000E-5
1.419856667E+9	2.112755000E-5
1.419860000E+9	2.093736000E-5
1.419863333E+9	2.114800000E-5
1.419866667E+9	2.128840000E-5
1.419870000E+9	2.167095000E-5
1.419873333E+9	2.111484000E-5
1.419876667E+9	2.095208000E-5
1.419880000E+9	2.124420000E-5
1.419883333E+9	2.077368000E-5
1.419886667E+9	2.097406000E-5
1.419890000E+9	2.067459000E-5
1.419893333E+9	2.126691000E-5
1.419896667E+9	2.100690000E-5
1.419900000E+9	2.136101000E-5
1.419903333E+9	2.147386000E-5
1.419906667E+9	2.062122000E-5
1.419910000E+9	2.131652000E-5
1.419913333E+9	2.171067000E-5
1.419916667E+9	2.120559000E-5
1.419920000E+9	2.105211000E-5
1.419923333E+9	2.080475000E-5
1.419926667E+9	2.104894000E-5
1.419930000E+9	2.058946000E-5
1.419933333E+9	2.081606000E-5
1.419936667E+9	2.123875000E-5
1.419940000E+9	2.052898000E-5
1.419943333E+9	2.100069000E-5
1.419946667E+9	2.099620000E-5
1.419950000E+9	2.103878000E-5
1.419953333E+9	2.073462000E-5
1.419956667E+9	2.108676000E-5
1.419960000E+9	2.142779000E-5
1.419963333E+9	2.043500000E-5
1.419966667E+9	2.058182000E-5
1.419970000E+9	2.085186000E-5
1.419973333E+9	2.061680000E-5
1.419976667E+9	2.133677000E-5
1.419980000E+9	2.182391000E-5
1.419983333E+9	2.113850000E-5
1.419986667E+9	2.090890000E-5
1.419990000E+9	2.105151000E-5
1.419993333E+9	2.104862000E-5
1.419996667E+9	2.042356000E-5
1.420000000E+9	2.142309000E-5
1.420003333E+9	2.145114000E-5
1.420006667E+9	2.146113000E-5
1.420010000E+9	2.055341000E-5
1.420013333E+9	2.054404000E-5
1.420016667E+9	2.092290000E-5
1.420020000E+9	2.079687000E-5
1.420023333E+9	2.107271000E-5
1.420026667E+9	2.307965000E-5
1.420030000E+9	2.116704000E-5
1.420033333E+9	2.082612000E-5
1.420036667E+9	2.145670000E-5
1.420040000E+9	2.546820000E-5
1.420043333E+9	2.200883000E-5
1.420046667E+9	2.111345000E-5
1.420050000E+9	2.170645000E-5
1.420053333E+9	2.099784000E-5
1.420056667E+9	2.060979000E-5
1.420060000E+9	2.111637000E-5
1.420063333E+9	2.106684000E-5
1.420066667E+9	2.082538000E-5
1.420070000E+9	2.072065000E-5
1.420073333E+9	2.093899000E-5
1.420076667E+9	2.025407000E-5
1.420080000E+9	2.071246000E-5
1.420083333E+9	2.116858000E-5
1.420086667E+9	2.078821000E-5
1.420090000E+9	2.090784000E-5
1.420093333E+9	2.042385000E-5
1.420096667E+9	2.098763000E-5
1.420100000E+9	2.064852000E-5
1.420103333E+9	2.084460000E-5
1.420106667E+9	2.034503000E-5
1.420110000E+9	2.100229000E-5
1.420113333E+9	2.066669000E-5
1.420116667E+9	2.081475000E-5
1.420120000E+9	2.068785000E-5
1.420123333E+9	2.070328000E-5
1.420126667E+9	2.089214000E-5
1.420130000E+9	2.072739000E-5
1.420133333E+9	2.113806000E-5
1.420136667E+9	2.104437000E-5
1.420140000E+9	2.112966000E-5
1.420143333E+9	2.066519000E-5
1.420146667E+9	2.094534000E-5
1.420150000E+9	2.130433000E-5
1.420153333E+9	2.094573000E-5
1.420156667E+9	2.066583000E-5
1.420160000E+9	2.087486000E-5
1.420163333E+9	2.114396000E-5
1.420166667E+9	2.136990000E-5
1.420170000E+9	2.100266000E-5
1.420173333E+9	2.088930000E-5
1.420176667E+9	2.083986000E-5
1.420180000E+9	2.099606000E-5
1.420183333E+9	2.067239000E-5
1.420186667E+9	2.097574000E-5
1.420190000E+9	2.115808000E-5
1.420193333E+9	2.127901000E-5
1.420196667E+9	2.105819000E-5
1.420200000E+9	2.082083000E-5
1.420203333E+9	2.079847000E-5
1.420206667E+9	2.102490000E-5
1.420210000E+9	2.095718000E-5
1.420213333E+9	2.099987000E-5
1.420216667E+9	2.122707000E-5
1.420220000E+9	2.132394000E-5
1.420223333E+9	2.077466000E-5
1.420226667E+9	2.109843000E-5
1.420230000E+9	2.159416000E-5
1.420233333E+9	2.096059000E-5
1.420236667E+9	2.128604000E-5
1.420240000E+9	2.116207000E-5
1.420243333E+9	2.067254000E-5
1.420246667E+9	2.095212000E-5
1.420250000E+9	2.138358000E-5
1.420253333E+9	2.074624000E-5
1.420256667E+9	2.136652000E-5
1.420260000E+9	2.115921000E-5
1.420263333E+9	2.067767000E-5
1.420266667E+9	2.150588000E-5
1.420270000E+9	2.081062000E-5
1.420273333E+9	2.103432000E-5
1.420276667E+9	2.100927000E-5
1.420280000E+9	2.122364000E-5
1.420283333E+9	2.118520000E-5
1.420286667E+9	2.116704000E-5
1.420290000E+9	2.102621000E-5
1.420293333E+9	2.063483000E-5
1.420296667E+9	2.215566000E-5
1.420300000E+9	2.112347000E-5
1.420303333E+9	2.091101000E-5
1.420306667E+9	2.155084000E-5
1.420310000E+9	2.160163000E-5
1.420313333E+9	2.133586000E-5
1.420316667E+9	2.143457000E-5
1.420320000E+9	2.286466000E-5
1.420323333E+9	2.117660000E-5
1.420326667E+9	2.112319000E-5
1.420330000E+9	2.170045000E-5
1.420333333E+9	2.595102000E-5
1.420336667E+9	2.165332000E-5
1.420340000E+9	2.138553000E-5
1.420343333E+9	2.079938000E-5
1.420346667E+9	2.095684000E-5
1.420350000E+9	2.064018000E-5
1.420353333E+9	2.126458000E-5
1.420356667E+9	2.080361000E-5
1.420360000E+9	2.056957000E-5
1.420363333E+9	2.075310000E-5
1.420366667E+9	2.112968000E-5
1.420370000E+9	2.127485000E-5
1.420373333E+9	2.113922000E-5
1.420376667E+9	2.138727000E-5
1.420380000E+9	2.120084000E-5
1.420383333E+9	2.102882000E-5
1.420386667E+9	2.101191000E-5
1.420390000E+9	2.078445000E-5
1.420393333E+9	2.116163000E-5
1.420396667E+9	2.108114000E-5
1.420400000E+9	2.139916000E-5
1.420403333E+9	2.084417000E-5
1.420406667E+9	2.125799000E-5
1.420410000E+9	2.088279000E-5
1.420413333E+9	2.131273000E-5
1.420416667E+9	2.138645000E-5
1.420420000E+9	2.119828000E-5
1.420423333E+9	2.181344000E-5
1.420426667E+9	2.117730000E-5
1.420430000E+9	2.105481000E-5
1.420433333E+9	2.079748000E-5
1.420436667E+9	2.140933000E-5
1.420440000E+9	2.089492000E-5
1.420443333E+9	2.109051000E-5
1.420446667E+9	2.130512000E-5
1.420450000E+9	2.152135000E-5
1.420453333E+9	2.086649000E-5
1.420456667E+9	2.083474000E-5
1.420460000E+9	2.089139000E-5
1.420463333E+9	2.089253000E-5
1.420466667E+9	2.079248000E-5
1.420470000E+9	2.085316000E-5
1.420473333E+9	2.086814000E-5
1.420476667E+9	2.098214000E-5
1.420480000E+9	2.141011000E-5
1.420483333E+9	2.111266000E-5
1.420486667E+9	2.077183000E-5
1.420490000E+9	2.089930000E-5
1.420493333E+9	2.011525000E-5
1.420496667E+9	2.073947000E-5
1.420500000E+9	2.083595000E-5
1.420503333E+9	2.041413000E-5
1.420506667E+9	2.058143000E-5
1.420510000E+9	2.095619000E-5
1.420513333E+9	2.098366000E-5
1.420516667E+9	2.089042000E-5
1.420520000E+9	2.112031000E-5
1.420523333E+9	2.067057000E-5
1.420526667E+9	2.089944000E-5
1.420530000E+9	2.067077000E-5
1.420533333E+9	2.116198000E-5
1.420536667E+9	2.068973000E-5
1.420540000E+9	2.112780000E-5
1.420543333E+9	2.089827000E-5
1.420546667E+9	2.080957000E-5
1.420550000E+9	2.110439000E-5
1.420553333E+9	2.106529000E-5
1.420556667E+9	2.063936000E-5
1.420560000E+9	2.089435000E-5
1.420563333E+9	2.095366000E-5
1.420566667E+9	2.092279000E-5
1.420570000E+9	2.120135000E-5
1.420573333E+9	2.076399000E-5
1.420576667E+9	2.061264000E-5
1.420580000E+9	2.082678000E-5
1.420583333E+9	2.064118000E-5
1.420586667E+9	2.092676000E-5
1.420590000E+9	2.097058000E-5
1.420593333E+9	2.083270000E-5
1.420596667E+9	2.066893000E-5
1.420600000E+9	2.132122000E-5
1.420603333E+9	2.174894000E-5
1.420606667E+9	2.069916000E-5
1.420610000E+9	2.152489000E-5
1.420613333E+9	2.275539000E-5
1.420616667E+9	2.093729000E-5
1.420620000E+9	2.096892000E-5
1.420623333E+9	2.237364000E-5
1.420626667E+9	2.703413000E-5
1.420630000E+9	2.167742000E-5
1.420633333E+9	2.151337000E-5
1.420636667E+9	2.112588000E-5
1.420640000E+9	2.062976000E-5
1.420643333E+9	2.046300000E-5
1.420646667E+9	2.087112000E-5
1.420650000E+9	2.064632000E-5
1.420653333E+9	2.063304000E-5
1.420656667E+9	2.107655000E-5
1.420660000E+9	2.069725000E-5
1.420663333E+9	2.119560000E-5
1.420666667E+9	2.082541000E-5
1.420670000E+9	2.077243000E-5
1.420673333E+9	2.005643000E-5
1.420676667E+9	2.071565000E-5
1.420680000E+9	2.086605000E-5
1.420683333E+9	2.051098000E-5
1.420686667E+9	2.036597000E-5
1.420690000E+9	2.059974000E-5
1.420693333E+9	2.037836000E-5
1.420696667E+9	2.060897000E-5
1.420700000E+9	2.093444000E-5
1.420703333E+9	2.107778000E-5
1.420706667E+9	2.069489000E-5
1.420710000E+9	2.080335000E-5
1.420713333E+9	2.097576000E-5
1.420716667E+9	2.054720000E-5
1.420720000E+9	2.080911000E-5
1.420723333E+9	2.061877000E-5
1.420726667E+9	2.044869000E-5
1.420730000E+9	2.062801000E-5
1.420733333E+9	2.039383000E-5
1.420736667E+9	2.092734000E-5
1.420740000E+9	2.089545000E-5
1.420743333E+9	2.112665000E-5
1.420746667E+9	2.085332000E-5
1.420750000E+9	2.098152000E-5
1.420753333E+9	2.060764000E-5
1.420756667E+9	2.094780000E-5
1.420760000E+9	2.104515000E-5
1.420763333E+9	2.064090000E-5
1.420766667E+9	2.097378000E-5
1.420770000E+9	2.058195000E-5
1.420773333E+9	2.109677000E-5
1.420776667E+9	2.068133000E-5
1.420780000E+9	2.087419000E-5
1.420783333E+9	2.046048000E-5
1.420786667E+9	2.075109000E-5
1.420790000E+9	2.077382000E-5
1.420793333E+9	2.071362000E-5
1.420796667E+9	2.105490000E-5
1.420800000E+9	2.096275000E-5
1.420803333E+9	2.102767000E-5
1.420806667E+9	2.059581000E-5
1.420810000E+9	2.092860000E-5
1.420813333E+9	2.088315000E-5
1.420816667E+9	2.047864000E-5
1.420820000E+9	2.081517000E-5
1.420823333E+9	2.110930000E-5
1.420826667E+9	2.094407000E-5
1.420830000E+9	2.117758000E-5
1.420833333E+9	2.046219000E-5
1.420836667E+9	2.094570000E-5
1.420840000E+9	2.114033000E-5
1.420843333E+9	2.060454000E-5
1.420846667E+9	2.092111000E-5
1.420850000E+9	2.082929000E-5
1.420853333E+9	2.050614000E-5
1.420856667E+9	2.058665000E-5
1.420860000E+9	2.057617000E-5
1.420863333E+9	2.064217000E-5
1.420866667E+9	2.081836000E-5
1.420870000E+9	2.092943000E-5
1.420873333E+9	2.072493000E-5
1.420876667E+9	2.068714000E-5
1.420880000E+9	2.086906000E-5
1.420883333E+9	2.208981000E-5
1.420886667E+9	2.149004000E-5
1.420890000E+9	2.089887000E-5
1.420893333E+9	2.079093000E-5
1.420896667E+9	2.089070000E-5
1.420900000E+9	2.098366000E-5
1.420903333E+9	2.306278000E-5
1.420906667E+9	2.560407000E-5
1.420910000E+9	2.067452000E-5
1.420913333E+9	2.335514000E-5
1.420916667E+9	2.736643000E-5
1.420920000E+9	3.688171000E-5
1.420923333E+9	2.200134000E-5
1.420926667E+9	2.322914000E-5
1.420930000E+9	2.087511000E-5
1.420933333E+9	2.042034000E-5
1.420936667E+9	2.100037000E-5
1.420940000E+9	2.068571000E-5
1.420943333E+9	2.050803000E-5
1.420946667E+9	2.065922000E-5
1.420950000E+9	2.089086000E-5
1.420953333E+9	2.041298000E-5
1.420956667E+9	2.090231000E-5
1.420960000E+9	2.075360000E-5
1.420963333E+9	2.082438000E-5
1.420966667E+9	2.092118000E-5
1.420970000E+9	2.029840000E-5
1.420973333E+9	2.097961000E-5
1.420976667E+9	2.054497000E-5
1.420980000E+9	2.095783000E-5
1.420983333E+9	2.380188000E-5
1.420986667E+9	2.229343000E-5
1.420990000E+9	2.116502000E-5
1.420993333E+9	2.156769000E-5
1.420996667E+9	2.264468000E-5
1.421000000E+9	2.098869000E-5
1.421003333E+9	2.097942000E-5
1.421006667E+9	2.093922000E-5
1.421010000E+9	2.068810000E-5
1.421013333E+9	2.090600000E-5
1.421016667E+9	2.063338000E-5
1.421020000E+9	2.063560000E-5
1.421023333E+9	2.095730000E-5
1.421026667E+9	2.082925000E-5
1.421030000E+9	2.052835000E-5
1.421033333E+9	2.108695000E-5
1.421036667E+9	2.049398000E-5
1.421040000E+9	2.058206000E-5
1.421043333E+9	2.080338000E-5
1.421046667E+9	2.072968000E-5
1.421050000E+9	2.063517000E-5
1.421053333E+9	2.062154000E-5
1.421056667E+9	2.042215000E-5
1.421060000E+9	2.067647000E-5
1.421063333E+9	2.096128000E-5
1.421066667E+9	2.075307000E-5
1.421070000E+9	2.057359000E-5
1.421073333E+9	2.079116000E-5
1.421076667E+9	2.082445000E-5
1.421080000E+9	2.095817000E-5
1.421083333E+9	2.084320000E-5
1.421086667E+9	2.082607000E-5
1.421090000E+9	2.077063000E-5
1.421093333E+9	2.033259000E-5
1.421096667E+9	2.094761000E-5
1.421100000E+9	2.030633000E-5
1.421103333E+9	2.080479000E-5
1.421106667E+9	2.088549000E-5
1.421110000E+9	2.118230000E-5
1.421113333E+9	2.097003000E-5
1.421116667E+9	2.078847000E-5
1.421120000E+9	2.105858000E-5
1.421123333E+9	2.097952000E-5
1.421126667E+9	2.093800000E-5
1.421130000E+9	2.080911000E-5
1.421133333E+9	2.073321000E-5
1.421136667E+9	2.077532000E-5
1.421140000E+9	2.106075000E-5
1.421143333E+9	2.096918000E-5
1.421146667E+9	2.051470000E-5
1.421150000E+9	2.084471000E-5
1.421153333E+9	2.079933000E-5
1.421156667E+9	2.091273000E-5
1.421160000E+9	2.087424000E-5
1.421163333E+9	2.084375000E-5
1.421166667E+9	2.082323000E-5
1.421170000E+9	2.037386000E-5
1.421173333E+9	2.082712000E-5
1.421176667E+9	2.196651000E-5
1.421180000E+9	2.262857000E-5
1.421183333E+9	2.054301000E-5
1.421186667E+9	2.058489000E-5
1.421190000E+9	2.076100000E-5
1.421193333E+9	2.102513000E-5
1.421196667E+9	2.133349000E-5
1.421200000E+9	2.200407000E-5
1.421203333E+9	2.074287000E-5
1.421206667E+9	2.151386000E-5
1.421210000E+9	2.323835000E-5
1.421213333E+9	2.706199000E-5
1.421216667E+9	2.186595000E-5
1.421220000E+9	2.182520000E-5
1.421223333E+9	2.101467000E-5
1.421226667E+9	2.073998000E-5
1.421230000E+9	2.056309000E-5
1.421233333E+9	2.113681000E-5
1.421236667E+9	2.125104000E-5
1.421240000E+9	2.052833000E-5
1.421243333E+9	2.081976000E-5
1.421246667E+9	2.043377000E-5
1.421250000E+9	2.060476000E-5
1.421253333E+9	2.052988000E-5
1.421256667E+9	2.100731000E-5
1.421260000E+9	2.094531000E-5
1.421263333E+9	2.066937000E-5
1.421266667E+9	2.050209000E-5
1.421270000E+9	2.089584000E-5
1.421273333E+9	2.073073000E-5
1.421276667E+9	2.068437000E-5
1.421280000E+9	2.085025000E-5
1.421283333E+9	2.036165000E-5
1.421286667E+9	2.051420000E-5
1.421290000E+9	2.086365000E-5
1.421293333E+9	2.051001000E-5
1.421296667E+9	2.074145000E-5
1.421300000E+9	2.098325000E-5
1.421303333E+9	2.088075000E-5
1.421306667E+9	2.061026000E-5
1.421310000E+9	2.054558000E-5
1.421313333E+9	2.049189000E-5
1.421316667E+9	2.059970000E-5
1.421320000E+9	2.093973000E-5
1.421323333E+9	2.073178000E-5
1.421326667E+9	2.084476000E-5
1.421330000E+9	2.066431000E-5
1.421333333E+9	2.078885000E-5
1.421336667E+9	2.098871000E-5
1.421340000E+9	2.065303000E-5
1.421343333E+9	2.075831000E-5
1.421346667E+9	2.066508000E-5
1.421350000E+9	2.155689000E-5
1.421353333E+9	2.099507000E-5
1.421356667E+9	2.114296000E-5
1.421360000E+9	2.097622000E-5
1.421363333E+9	2.092279000E-5
1.421366667E+9	2.218485000E-5
1.421370000E+9	2.106700000E-5
1.421373333E+9	2.069230000E-5
1.421376667E+9	2.085495000E-5
1.421380000E+9	2.058324000E-5
1.421383333E+9	2.068458000E-5
1.421386667E+9	2.068596000E-5
1.421390000E+9	2.058150000E-5
1.421393333E+9	2.026891000E-5
1.421396667E+9	2.068301000E-5
1.421400000E+9	2.071883000E-5
