Frequency, Hz	Amplitude, Volts
1.419400000E+9	1.586663000E-5
1.419403333E+9	1.590203000E-5
1.419406667E+9	1.570060000E-5
1.419410000E+9	1.553466000E-5
1.419413333E+9	1.595180000E-5
1.419416667E+9	1.597787000E-5
1.419420000E+9	1.585124000E-5
1.419423333E+9	1.604442000E-5
1.419426667E+9	1.566373000E-5
1.419430000E+9	1.553869000E-5
1.419433333E+9	1.546900000E-5
1.419436667E+9	1.563833000E-5
1.419440000E+9	1.590918000E-5
1.419443333E+9	1.552486000E-5
1.419446667E+9	1.606641000E-5
1.419450000E+9	1.673568000E-5
1.419453333E+9	1.571760000E-5
1.419456667E+9	1.596903000E-5
1.419460000E+9	1.566549000E-5
1.419463333E+9	1.576951000E-5
1.419466667E+9	1.600746000E-5
1.419470000E+9	1.566891000E-5
1.419473333E+9	1.566196000E-5
1.419476667E+9	1.592139000E-5
1.419480000E+9	1.583431000E-5
1.419483333E+9	1.586094000E-5
1.419486667E+9	1.613556000E-5
1.419490000E+9	1.594224000E-5
1.419493333E+9	1.602029000E-5
1.419496667E+9	1.594629000E-5
1.419500000E+9	1.560936000E-5
1.419503333E+9	1.585246000E-5
1.419506667E+9	1.572261000E-5
1.419510000E+9	1.608146000E-5
1.419513333E+9	1.548579000E-5
1.419516667E+9	1.585310000E-5
1.419520000E+9	1.561917000E-5
1.419523333E+9	1.556351000E-5
1.419526667E+9	1.551232000E-5
1.419530000E+9	1.574870000E-5
1.419533333E+9	1.556826000E-5
1.419536667E+9	1.576872000E-5
1.419540000E+9	1.604214000E-5
1.419543333E+9	1.588146000E-5
1.419546667E+9	1.527214000E-5
1.419550000E+9	1.614031000E-5
1.419553333E+9	1.576617000E-5
1.419556667E+9	1.571068000E-5
1.419560000E+9	1.576825000E-5
1.419563333E+9	1.585665000E-5
1.419566667E+9	1.595280000E-5
1.419570000E+9	1.570522000E-5
1.419573333E+9	1.609224000E-5
1.419576667E+9	1.587629000E-5
1.419580000E+9	1.536857000E-5
1.419583333E+9	1.547014000E-5
1.419586667E+9	1.570329000E-5
1.419590000E+9	1.580787000E-5
1.419593333E+9	1.561841000E-5
1.419596667E+9	1.588302000E-5
1.419600000E+9	1.587867000E-5
1.419603333E+9	1.588150000E-5
1.419606667E+9	1.547280000E-5
1.419610000E+9	1.559845000E-5
1.419613333E+9	1.545689000E-5
1.419616667E+9	1.586503000E-5
1.419620000E+9	1.578708000E-5
1.419623333E+9	1.606145000E-5
1.419626667E+9	1.563396000E-5
1.419630000E+9	1.588321000E-5
1.419633333E+9	1.599196000E-5
1.419636667E+9	1.552450000E-5
1.419640000E+9	1.576536000E-5
1.419643333E+9	1.546212000E-5
1.419646667E+9	1.561349000E-5
1.419650000E+9	1.579575000E-5
1.419653333E+9	1.578937000E-5
1.419656667E+9	1.575902000E-5
1.419660000E+9	1.558477000E-5
1.419663333E+9	1.519787000E-5
1.419666667E+9	1.615607000E-5
1.419670000E+9	1.573613000E-5
1.419673333E+9	1.565460000E-5
1.419676667E+9	1.522506000E-5
1.419680000E+9	1.573345000E-5
1.419683333E+9	1.543993000E-5
1.419686667E+9	1.583842000E-5
1.419690000E+9	1.572207000E-5
1.419693333E+9	1.567922000E-5
1.419696667E+9	1.578016000E-5
1.419700000E+9	1.567550000E-5
1.419703333E+9	1.539524000E-5
1.419706667E+9	1.589654000E-5
1.419710000E+9	1.584205000E-5
1.419713333E+9	1.552922000E-5
1.419716667E+9	1.582585000E-5
1.419720000E+9	1.570058000E-5
1.419723333E+9	1.561533000E-5
1.419726667E+9	1.553304000E-5
1.419730000E+9	1.569901000E-5
1.419733333E+9	1.623103000E-5
1.419736667E+9	1.578821000E-5
1.419740000E+9	1.596184000E-5
1.419743333E+9	1.646325000E-5
1.419746667E+9	1.584663000E-5
1.419750000E+9	1.632795000E-5
1.419753333E+9	1.611317000E-5
1.419756667E+9	1.569060000E-5
1.419760000E+9	1.584913000E-5
1.419763333E+9	1.574491000E-5
1.419766667E+9	1.532779000E-5
1.419770000E+9	1.553626000E-5
1.419773333E+9	1.551312000E-5
1.419776667E+9	1.579738000E-5
1.419780000E+9	1.562752000E-5
1.419783333E+9	1.551385000E-5
1.419786667E+9	1.567634000E-5
1.419790000E+9	1.592284000E-5
1.419793333E+9	1.573617000E-5
1.419796667E+9	1.545883000E-5
1.419800000E+9	1.558655000E-5
1.419803333E+9	1.563688000E-5
1.419806667E+9	1.585066000E-5
1.419810000E+9	1.572340000E-5
1.419813333E+9	1.564009000E-5
1.419816667E+9	1.544115000E-5
1.419820000E+9	1.586184000E-5
1.419823333E+9	1.604967000E-5
1.419826667E+9	1.569637000E-5
1.419830000E+9	1.578335000E-5
1.419833333E+9	1.554531000E-5
1.419836667E+9	1.574657000E-5
1.419840000E+9	1.527447000E-5
1.419843333E+9	1.586339000E-5
1.419846667E+9	1.547797000E-5
1.419850000E+9	1.536471000E-5
1.419853333E+9	1.570142000E-5
1.419856667E+9	1.608116000E-5
1.419860000E+9	1.554674000E-5
1.419863333E+9	1.539681000E-5
1.419866667E+9	1.584477000E-5
1.419870000E+9	1.554874000E-5
1.419873333E+9	1.564900000E-5
1.419876667E+9	1.553193000E-5
1.419880000E+9	1.568511000E-5
1.419883333E+9	1.562946000E-5
1.419886667E+9	1.553864000E-5
1.419890000E+9	1.574967000E-5
1.419893333E+9	1.558424000E-5
1.419896667E+9	1.582264000E-5
1.419900000E+9	1.537397000E-5
1.419903333E+9	1.561651000E-5
1.419906667E+9	1.556363000E-5
1.419910000E+9	1.586177000E-5
1.419913333E+9	1.547686000E-5
1.419916667E+9	1.571928000E-5
1.419920000E+9	1.577746000E-5
1.419923333E+9	1.587505000E-5
1.419926667E+9	1.519373000E-5
1.419930000E+9	1.562740000E-5
1.419933333E+9	1.539365000E-5
1.419936667E+9	1.589772000E-5
1.419940000E+9	1.586961000E-5
1.419943333E+9	1.577968000E-5
1.419946667E+9	1.601080000E-5
1.419950000E+9	1.564910000E-5
1.419953333E+9	1.578278000E-5
1.419956667E+9	1.598629000E-5
1.419960000E+9	1.539348000E-5
1.419963333E+9	1.571907000E-5
1.419966667E+9	1.553698000E-5
1.419970000E+9	1.551634000E-5
1.419973333E+9	1.569384000E-5
1.419976667E+9	1.558975000E-5
1.419980000E+9	1.639281000E-5
1.419983333E+9	1.575295000E-5
1.419986667E+9	1.558525000E-5
1.419990000E+9	1.583796000E-5
1.419993333E+9	1.584273000E-5
1.419996667E+9	1.553241000E-5
1.420000000E+9	1.681663000E-5
1.420003333E+9	1.796185000E-5
1.420006667E+9	1.548332000E-5
1.420010000E+9	1.587677000E-5
1.420013333E+9	1.571493000E-5
1.420016667E+9	1.551700000E-5
1.420020000E+9	1.586177000E-5
1.420023333E+9	1.552554000E-5
1.420026667E+9	1.561891000E-5
1.420030000E+9	1.572876000E-5
1.420033333E+9	1.579724000E-5
1.420036667E+9	1.619581000E-5
1.420040000E+9	1.591533000E-5
1.420043333E+9	1.572344000E-5
1.420046667E+9	1.563930000E-5
1.420050000E+9	1.569191000E-5
1.420053333E+9	1.600457000E-5
1.420056667E+9	1.530749000E-5
1.420060000E+9	1.548812000E-5
1.420063333E+9	1.534423000E-5
1.420066667E+9	1.551365000E-5
1.420070000E+9	1.547968000E-5
1.420073333E+9	1.587921000E-5
1.420076667E+9	1.541671000E-5
1.420080000E+9	1.578585000E-5
1.420083333E+9	1.576562000E-5
1.420086667E+9	1.573686000E-5
1.420090000E+9	1.537880000E-5
1.420093333E+9	1.564017000E-5
1.420096667E+9	1.581291000E-5
1.420100000E+9	1.558576000E-5
1.420103333E+9	1.578692000E-5
1.420106667E+9	1.575544000E-5
1.420110000E+9	1.540326000E-5
1.420113333E+9	1.581360000E-5
1.420116667E+9	1.566028000E-5
1.420120000E+9	1.574303000E-5
1.420123333E+9	1.588376000E-5
1.420126667E+9	1.545139000E-5
1.420130000E+9	1.567631000E-5
1.420133333E+9	1.561166000E-5
1.420136667E+9	1.536692000E-5
1.420140000E+9	1.549565000E-5
1.420143333E+9	1.526255000E-5
1.420146667E+9	1.570365000E-5
1.420150000E+9	1.567803000E-5
1.420153333E+9	1.556462000E-5
1.420156667E+9	1.567875000E-5
1.420160000E+9	1.550312000E-5
1.420163333E+9	1.549536000E-5
1.420166667E+9	1.574472000E-5
1.420170000E+9	1.549470000E-5
1.420173333E+9	1.589722000E-5
1.420176667E+9	1.539384000E-5
1.420180000E+9	1.542394000E-5
1.420183333E+9	1.546530000E-5
1.420186667E+9	1.553690000E-5
1.420190000E+9	1.566630000E-5
1.420193333E+9	1.551479000E-5
1.420196667E+9	1.540647000E-5
1.420200000E+9	1.560444000E-5
1.420203333E+9	1.572216000E-5
1.420206667E+9	1.551143000E-5
1.420210000E+9	1.540138000E-5
1.420213333E+9	1.563706000E-5
1.420216667E+9	1.573140000E-5
1.420220000E+9	1.538835000E-5
1.420223333E+9	1.561503000E-5
1.420226667E+9	1.584595000E-5
1.420230000E+9	1.555103000E-5
1.420233333E+9	1.559648000E-5
1.420236667E+9	1.550637000E-5
1.420240000E+9	1.552513000E-5
1.420243333E+9	1.537838000E-5
1.420246667E+9	1.508044000E-5
1.420250000E+9	1.560492000E-5
1.420253333E+9	1.563449000E-5
1.420256667E+9	1.542758000E-5
1.420260000E+9	1.558082000E-5
1.420263333E+9	1.579447000E-5
1.420266667E+9	1.581642000E-5
1.420270000E+9	1.572622000E-5
1.420273333E+9	1.581867000E-5
1.420276667E+9	1.533064000E-5
1.420280000E+9	1.578172000E-5
1.420283333E+9	1.570353000E-5
1.420286667E+9	1.556027000E-5
1.420290000E+9	1.548849000E-5
1.420293333E+9	1.574133000E-5
1.420296667E+9	1.623672000E-5
1.420300000E+9	1.541754000E-5
1.420303333E+9	1.587888000E-5
1.420306667E+9	1.545021000E-5
1.420310000E+9	1.555881000E-5
1.420313333E+9	1.568330000E-5
1.420316667E+9	1.571695000E-5
1.420320000E+9	1.582005000E-5
1.420323333E+9	1.588262000E-5
1.420326667E+9	1.593930000E-5
1.420330000E+9	1.600586000E-5
1.420333333E+9	1.559326000E-5
1.420336667E+9	1.592207000E-5
1.420340000E+9	1.599649000E-5
1.420343333E+9	1.570415000E-5
1.420346667E+9	1.568223000E-5
1.420350000E+9	1.577304000E-5
1.420353333E+9	1.576008000E-5
1.420356667E+9	1.548995000E-5
1.420360000E+9	1.533943000E-5
1.420363333E+9	1.551424000E-5
1.420366667E+9	1.561704000E-5
1.420370000E+9	1.554253000E-5
1.420373333E+9	1.561642000E-5
1.420376667E+9	1.568636000E-5
1.420380000E+9	1.549669000E-5
1.420383333E+9	1.576390000E-5
1.420386667E+9	1.600322000E-5
1.420390000E+9	1.548713000E-5
1.420393333E+9	1.520867000E-5
1.420396667E+9	1.578181000E-5
1.420400000E+9	1.566609000E-5
1.420403333E+9	1.588945000E-5
1.420406667E+9	1.536329000E-5
1.420410000E+9	1.553906000E-5
1.420413333E+9	1.581256000E-5
1.420416667E+9	1.568096000E-5
1.420420000E+9	1.577294000E-5
1.420423333E+9	1.577635000E-5
1.420426667E+9	1.575970000E-5
1.420430000E+9	1.569436000E-5
1.420433333E+9	1.580407000E-5
1.420436667E+9	1.563461000E-5
1.420440000E+9	1.563306000E-5
1.420443333E+9	1.581091000E-5
1.420446667E+9	1.587468000E-5
1.420450000E+9	1.594737000E-5
1.420453333E+9	1.568502000E-5
1.420456667E+9	1.562956000E-5
1.420460000E+9	1.599654000E-5
1.420463333E+9	1.566239000E-5
1.420466667E+9	1.624421000E-5
1.420470000E+9	1.609103000E-5
1.420473333E+9	1.645763000E-5
1.420476667E+9	1.670764000E-5
1.420480000E+9	1.646534000E-5
1.420483333E+9	1.674055000E-5
1.420486667E+9	1.729786000E-5
1.420490000E+9	1.679901000E-5
1.420493333E+9	1.668951000E-5
1.420496667E+9	1.702558000E-5
1.420500000E+9	1.748103000E-5
1.420503333E+9	1.731498000E-5
1.420506667E+9	1.744079000E-5
1.420510000E+9	1.759404000E-5
1.420513333E+9	1.726268000E-5
1.420516667E+9	1.704361000E-5
1.420520000E+9	1.727565000E-5
1.420523333E+9	1.765219000E-5
1.420526667E+9	1.775328000E-5
1.420530000E+9	1.753928000E-5
1.420533333E+9	1.744635000E-5
1.420536667E+9	1.777257000E-5
1.420540000E+9	1.781707000E-5
1.420543333E+9	1.781696000E-5
1.420546667E+9	1.738760000E-5
1.420550000E+9	1.709417000E-5
1.420553333E+9	1.762621000E-5
1.420556667E+9	1.733272000E-5
1.420560000E+9	1.675572000E-5
1.420563333E+9	1.696134000E-5
1.420566667E+9	1.740200000E-5
1.420570000E+9	1.697962000E-5
1.420573333E+9	1.693100000E-5
1.420576667E+9	1.671555000E-5
1.420580000E+9	1.673836000E-5
1.420583333E+9	1.703162000E-5
1.420586667E+9	1.697025000E-5
1.420590000E+9	1.712980000E-5
1.420593333E+9	1.716730000E-5
1.420596667E+9	1.699553000E-5
1.420600000E+9	1.677722000E-5
1.420603333E+9	1.700632000E-5
1.420606667E+9	1.662365000E-5
1.420610000E+9	1.699544000E-5
1.420613333E+9	1.738033000E-5
1.420616667E+9	1.699811000E-5
1.420620000E+9	1.759435000E-5
1.420623333E+9	1.727182000E-5
1.420626667E+9	1.694872000E-5
1.420630000E+9	1.737348000E-5
1.420633333E+9	1.707082000E-5
1.420636667E+9	1.709447000E-5
1.420640000E+9	1.745502000E-5
1.420643333E+9	1.733021000E-5
1.420646667E+9	1.789475000E-5
1.420650000E+9	1.773829000E-5
1.420653333E+9	1.724567000E-5
1.420656667E+9	1.785663000E-5
1.420660000E+9	1.754994000E-5
1.420663333E+9	1.724593000E-5
1.420666667E+9	1.790493000E-5
1.420670000E+9	1.745330000E-5
1.420673333E+9	1.803287000E-5
1.420676667E+9	1.765959000E-5
1.420680000E+9	1.738592000E-5
1.420683333E+9	1.758894000E-5
1.420686667E+9	1.781480000E-5
1.420690000E+9	1.743627000E-5
1.420693333E+9	1.752473000E-5
1.420696667E+9	1.735173000E-5
1.420700000E+9	1.725590000E-5
1.420703333E+9	1.710724000E-5
1.420706667E+9	1.723482000E-5
1.420710000E+9	1.689881000E-5
1.420713333E+9	1.685377000E-5
1.420716667E+9	1.644699000E-5
1.420720000E+9	1.688103000E-5
1.420723333E+9	1.665700000E-5
1.420726667E+9	1.650872000E-5
1.420730000E+9	1.670704000E-5
1.420733333E+9	1.649491000E-5
1.420736667E+9	1.700950000E-5
1.420740000E+9	1.711799000E-5
1.420743333E+9	1.662935000E-5
1.420746667E+9	1.674474000E-5
1.420750000E+9	1.663459000E-5
1.420753333E+9	1.662084000E-5
1.420756667E+9	1.671520000E-5
1.420760000E+9	1.694907000E-5
1.420763333E+9	1.662502000E-5
1.420766667E+9	1.645933000E-5
1.420770000E+9	1.627375000E-5
1.420773333E+9	1.617645000E-5
1.420776667E+9	1.610277000E-5
1.420780000E+9	1.627143000E-5
1.420783333E+9	1.616711000E-5
1.420786667E+9	1.607105000E-5
1.420790000E+9	1.622579000E-5
1.420793333E+9	1.605177000E-5
1.420796667E+9	1.652148000E-5
1.420800000E+9	1.634386000E-5
1.420803333E+9	1.609020000E-5
1.420806667E+9	1.606328000E-5
1.420810000E+9	1.584628000E-5
1.420813333E+9	1.600540000E-5
1.420816667E+9	1.599333000E-5
1.420820000E+9	1.601827000E-5
1.420823333E+9	1.603694000E-5
1.420826667E+9	1.579113000E-5
1.420830000E+9	1.581821000E-5
1.420833333E+9	1.583487000E-5
1.420836667E+9	1.558799000E-5
1.420840000E+9	1.586074000E-5
1.420843333E+9	1.615983000E-5
1.420846667E+9	1.597950000E-5
1.420850000E+9	1.558186000E-5
1.420853333E+9	1.564003000E-5
1.420856667E+9	1.551978000E-5
1.420860000E+9	1.582048000E-5
1.420863333E+9	1.574225000E-5
1.420866667E+9	1.562315000E-5
1.420870000E+9	1.558374000E-5
1.420873333E+9	1.597547000E-5
1.420876667E+9	1.599584000E-5
1.420880000E+9	1.588223000E-5
1.420883333E+9	1.777393000E-5
1.420886667E+9	1.681682000E-5
1.420890000E+9	1.575660000E-5
1.420893333E+9	1.547532000E-5
1.420896667E+9	1.578288000E-5
1.420900000E+9	1.587993000E-5
1.420903333E+9	1.579108000E-5
1.420906667E+9	1.585632000E-5
1.420910000E+9	1.610019000E-5
1.420913333E+9	1.715952000E-5
1.420916667E+9	1.650183000E-5
1.420920000E+9	1.563289000E-5
1.420923333E+9	1.552234000E-5
1.420926667E+9	1.605151000E-5
1.420930000E+9	1.581895000E-5
1.420933333E+9	1.590107000E-5
1.420936667E+9	1.567325000E-5
1.420940000E+9	1.554573000E-5
1.420943333E+9	1.611182000E-5
1.420946667E+9	1.601398000E-5
1.420950000E+9	1.573470000E-5
1.420953333E+9	1.573243000E-5
1.420956667E+9	1.560403000E-5
1.420960000E+9	1.564498000E-5
1.420963333E+9	1.528882000E-5
1.420966667E+9	1.591674000E-5
1.420970000E+9	1.567214000E-5
1.420973333E+9	1.579429000E-5
1.420976667E+9	1.560650000E-5
1.420980000E+9	1.577899000E-5
1.420983333E+9	1.577705000E-5
1.420986667E+9	1.567402000E-5
1.420990000E+9	1.595958000E-5
1.420993333E+9	1.593493000E-5
1.420996667E+9	1.568469000E-5
1.421000000E+9	1.597718000E-5
1.421003333E+9	1.575095000E-5
1.421006667E+9	1.554370000E-5
1.421010000E+9	1.558679000E-5
1.421013333E+9	1.567937000E-5
1.421016667E+9	1.559764000E-5
1.421020000E+9	1.547093000E-5
1.421023333E+9	1.560365000E-5
1.421026667E+9	1.562527000E-5
1.421030000E+9	1.563584000E-5
1.421033333E+9	1.550571000E-5
1.421036667E+9	1.577698000E-5
1.421040000E+9	1.546484000E-5
1.421043333E+9	1.548504000E-5
1.421046667E+9	1.577230000E-5
1.421050000E+9	1.571527000E-5
1.421053333E+9	1.571288000E-5
1.421056667E+9	1.542373000E-5
1.421060000E+9	1.578141000E-5
1.421063333E+9	1.570625000E-5
1.421066667E+9	1.557817000E-5
1.421070000E+9	1.562793000E-5
1.421073333E+9	1.539438000E-5
1.421076667E+9	1.551572000E-5
1.421080000E+9	1.580099000E-5
1.421083333E+9	1.561071000E-5
1.421086667E+9	1.572701000E-5
1.421090000E+9	1.566265000E-5
1.421093333E+9	1.566368000E-5
1.421096667E+9	1.623572000E-5
1.421100000E+9	1.557904000E-5
1.421103333E+9	1.575162000E-5
1.421106667E+9	1.575542000E-5
1.421110000E+9	1.583480000E-5
1.421113333E+9	1.575631000E-5
1.421116667E+9	1.564848000E-5
1.421120000E+9	1.528093000E-5
1.421123333E+9	1.545689000E-5
1.421126667E+9	1.573299000E-5
1.421130000E+9	1.569842000E-5
1.421133333E+9	1.598938000E-5
1.421136667E+9	1.578495000E-5
1.421140000E+9	1.571862000E-5
1.421143333E+9	1.588401000E-5
1.421146667E+9	1.583103000E-5
1.421150000E+9	1.543688000E-5
1.421153333E+9	1.584414000E-5
1.421156667E+9	1.589732000E-5
1.421160000E+9	1.616129000E-5
1.421163333E+9	1.603491000E-5
1.421166667E+9	1.554628000E-5
1.421170000E+9	1.581237000E-5
1.421173333E+9	1.579029000E-5
1.421176667E+9	1.732445000E-5
1.421180000E+9	1.794717000E-5
1.421183333E+9	1.577495000E-5
1.421186667E+9	1.553765000E-5
1.421190000E+9	1.549473000E-5
1.421193333E+9	1.531627000E-5
1.421196667E+9	1.598462000E-5
1.421200000E+9	1.584738000E-5
1.421203333E+9	1.556681000E-5
1.421206667E+9	1.631297000E-5
1.421210000E+9	1.586285000E-5
1.421213333E+9	1.546898000E-5
1.421216667E+9	1.550615000E-5
1.421220000E+9	1.566193000E-5
1.421223333E+9	1.557329000E-5
1.421226667E+9	1.570901000E-5
1.421230000E+9	1.599884000E-5
1.421233333E+9	1.580364000E-5
1.421236667E+9	1.589989000E-5
1.421240000E+9	1.591082000E-5
1.421243333E+9	1.595173000E-5
1.421246667E+9	1.559353000E-5
1.421250000E+9	1.554995000E-5
1.421253333E+9	1.583581000E-5
1.421256667E+9	1.550132000E-5
1.421260000E+9	1.560562000E-5
1.421263333E+9	1.575845000E-5
1.421266667E+9	1.562215000E-5
1.421270000E+9	1.543071000E-5
1.421273333E+9	1.576330000E-5
1.421276667E+9	1.594084000E-5
1.421280000E+9	1.587100000E-5
1.421283333E+9	1.565106000E-5
1.421286667E+9	1.533224000E-5
1.421290000E+9	1.555099000E-5
1.421293333E+9	1.539004000E-5
1.421296667E+9	1.574666000E-5
1.421300000E+9	1.573330000E-5
1.421303333E+9	1.571191000E-5
1.421306667E+9	1.552525000E-5
1.421310000E+9	1.576167000E-5
1.421313333E+9	1.548366000E-5
1.421316667E+9	1.563523000E-5
1.421320000E+9	1.573691000E-5
1.421323333E+9	1.549740000E-5
1.421326667E+9	1.552136000E-5
1.421330000E+9	1.575655000E-5
1.421333333E+9	1.540664000E-5
1.421336667E+9	1.558029000E-5
1.421340000E+9	1.555808000E-5
1.421343333E+9	1.593701000E-5
1.421346667E+9	1.587310000E-5
1.421350000E+9	1.559526000E-5
1.421353333E+9	1.567614000E-5
1.421356667E+9	1.566480000E-5
1.421360000E+9	1.555065000E-5
1.421363333E+9	1.577517000E-5
1.421366667E+9	1.589392000E-5
1.421370000E+9	1.540520000E-5
1.421373333E+9	1.548483000E-5
1.421376667E+9	1.538625000E-5
1.421380000E+9	1.572238000E-5
1.421383333E+9	1.543949000E-5
1.421386667E+9	1.572779000E-5
1.421390000E+9	1.551600000E-5
1.421393333E+9	1.547416000E-5
1.421396667E+9	1.566370000E-5
1.421400000E+9	1.575876000E-5
