Frequency, Hz	Amplitude, Volts
1.419400000E+9	1.614129000E-5
1.419403333E+9	1.596403000E-5
1.419406667E+9	1.589374000E-5
1.419410000E+9	1.607159000E-5
1.419413333E+9	1.645280000E-5
1.419416667E+9	1.603340000E-5
1.419420000E+9	1.593162000E-5
1.419423333E+9	1.614251000E-5
1.419426667E+9	1.569958000E-5
1.419430000E+9	1.596622000E-5
1.419433333E+9	1.598996000E-5
1.419436667E+9	1.601083000E-5
1.419440000E+9	1.756665000E-5
1.419443333E+9	1.645074000E-5
1.419446667E+9	1.660618000E-5
1.419450000E+9	1.963715000E-5
1.419453333E+9	1.698344000E-5
1.419456667E+9	1.608174000E-5
1.419460000E+9	1.612825000E-5
1.419463333E+9	1.630591000E-5
1.419466667E+9	1.594315000E-5
1.419470000E+9	1.588865000E-5
1.419473333E+9	1.606210000E-5
1.419476667E+9	1.601414000E-5
1.419480000E+9	1.553434000E-5
1.419483333E+9	1.568788000E-5
1.419486667E+9	1.604543000E-5
1.419490000E+9	1.613384000E-5
1.419493333E+9	1.629233000E-5
1.419496667E+9	1.611671000E-5
1.419500000E+9	1.581399000E-5
1.419503333E+9	1.620477000E-5
1.419506667E+9	1.591049000E-5
1.419510000E+9	1.591407000E-5
1.419513333E+9	1.579995000E-5
1.419516667E+9	1.586151000E-5
1.419520000E+9	1.609757000E-5
1.419523333E+9	1.587873000E-5
1.419526667E+9	1.595690000E-5
1.419530000E+9	1.567498000E-5
1.419533333E+9	1.580959000E-5
1.419536667E+9	1.589905000E-5
1.419540000E+9	1.617009000E-5
1.419543333E+9	1.565460000E-5
1.419546667E+9	1.599428000E-5
1.419550000E+9	1.595014000E-5
1.419553333E+9	1.581388000E-5
1.419556667E+9	1.592631000E-5
1.419560000E+9	1.595371000E-5
1.419563333E+9	1.600211000E-5
1.419566667E+9	1.595052000E-5
1.419570000E+9	1.598678000E-5
1.419573333E+9	1.562438000E-5
1.419576667E+9	1.562057000E-5
1.419580000E+9	1.579551000E-5
1.419583333E+9	1.602349000E-5
1.419586667E+9	1.572121000E-5
1.419590000E+9	1.585117000E-5
1.419593333E+9	1.589488000E-5
1.419596667E+9	1.587846000E-5
1.419600000E+9	1.614934000E-5
1.419603333E+9	1.583410000E-5
1.419606667E+9	1.575344000E-5
1.419610000E+9	1.595024000E-5
1.419613333E+9	1.589493000E-5
1.419616667E+9	1.589453000E-5
1.419620000E+9	1.582592000E-5
1.419623333E+9	1.595653000E-5
1.419626667E+9	1.626507000E-5
1.419630000E+9	1.587001000E-5
1.419633333E+9	1.576974000E-5
1.419636667E+9	1.605376000E-5
1.419640000E+9	1.588753000E-5
1.419643333E+9	1.588056000E-5
1.419646667E+9	1.588183000E-5
1.419650000E+9	1.603777000E-5
1.419653333E+9	1.556897000E-5
1.419656667E+9	1.567855000E-5
1.419660000E+9	1.576093000E-5
1.419663333E+9	1.593521000E-5
1.419666667E+9	1.618395000E-5
1.419670000E+9	1.577202000E-5
1.419673333E+9	1.554138000E-5
1.419676667E+9	1.596302000E-5
1.419680000E+9	1.574048000E-5
1.419683333E+9	1.589497000E-5
1.419686667E+9	1.578427000E-5
1.419690000E+9	1.550208000E-5
1.419693333E+9	1.559264000E-5
1.419696667E+9	1.586550000E-5
1.419700000E+9	1.591786000E-5
1.419703333E+9	1.615968000E-5
1.419706667E+9	1.605590000E-5
1.419710000E+9	1.603849000E-5
1.419713333E+9	1.575691000E-5
1.419716667E+9	1.599217000E-5
1.419720000E+9	1.585623000E-5
1.419723333E+9	1.590336000E-5
1.419726667E+9	1.633541000E-5
1.419730000E+9	1.618356000E-5
1.419733333E+9	1.847086000E-5
1.419736667E+9	1.665504000E-5
1.419740000E+9	1.676361000E-5
1.419743333E+9	1.937397000E-5
1.419746667E+9	1.677239000E-5
1.419750000E+9	1.684962000E-5
1.419753333E+9	1.618983000E-5
1.419756667E+9	1.623542000E-5
1.419760000E+9	1.587515000E-5
1.419763333E+9	1.566287000E-5
1.419766667E+9	1.598987000E-5
1.419770000E+9	1.607131000E-5
1.419773333E+9	1.559242000E-5
1.419776667E+9	1.551319000E-5
1.419780000E+9	1.604719000E-5
1.419783333E+9	1.572185000E-5
1.419786667E+9	1.593318000E-5
1.419790000E+9	1.592781000E-5
1.419793333E+9	1.545224000E-5
1.419796667E+9	1.571165000E-5
1.419800000E+9	1.599001000E-5
1.419803333E+9	1.553308000E-5
1.419806667E+9	1.550028000E-5
1.419810000E+9	1.557996000E-5
1.419813333E+9	1.594412000E-5
1.419816667E+9	1.581093000E-5
1.419820000E+9	1.581876000E-5
1.419823333E+9	1.628080000E-5
1.419826667E+9	1.567354000E-5
1.419830000E+9	1.575973000E-5
1.419833333E+9	1.574565000E-5
1.419836667E+9	1.595080000E-5
1.419840000E+9	1.573696000E-5
1.419843333E+9	1.558744000E-5
1.419846667E+9	1.558420000E-5
1.419850000E+9	1.544653000E-5
1.419853333E+9	1.588119000E-5
1.419856667E+9	1.570670000E-5
1.419860000E+9	1.631410000E-5
1.419863333E+9	1.590319000E-5
1.419866667E+9	1.593017000E-5
1.419870000E+9	1.577162000E-5
1.419873333E+9	1.595215000E-5
1.419876667E+9	1.580263000E-5
1.419880000E+9	1.600461000E-5
1.419883333E+9	1.587350000E-5
1.419886667E+9	1.580692000E-5
1.419890000E+9	1.563104000E-5
1.419893333E+9	1.580492000E-5
1.419896667E+9	1.595368000E-5
1.419900000E+9	1.579582000E-5
1.419903333E+9	1.532409000E-5
1.419906667E+9	1.560588000E-5
1.419910000E+9	1.559495000E-5
1.419913333E+9	1.570215000E-5
1.419916667E+9	1.606371000E-5
1.419920000E+9	1.586796000E-5
1.419923333E+9	1.598290000E-5
1.419926667E+9	1.578949000E-5
1.419930000E+9	1.550045000E-5
1.419933333E+9	1.596167000E-5
1.419936667E+9	1.564869000E-5
1.419940000E+9	1.565318000E-5
1.419943333E+9	1.577786000E-5
1.419946667E+9	1.557150000E-5
1.419950000E+9	1.575541000E-5
1.419953333E+9	1.571260000E-5
1.419956667E+9	1.569605000E-5
1.419960000E+9	1.554027000E-5
1.419963333E+9	1.594935000E-5
1.419966667E+9	1.602984000E-5
1.419970000E+9	1.567653000E-5
1.419973333E+9	1.569770000E-5
1.419976667E+9	1.571527000E-5
1.419980000E+9	1.603585000E-5
1.419983333E+9	1.573116000E-5
1.419986667E+9	1.574297000E-5
1.419990000E+9	1.601658000E-5
1.419993333E+9	1.559394000E-5
1.419996667E+9	1.588603000E-5
1.420000000E+9	1.694115000E-5
1.420003333E+9	1.817827000E-5
1.420006667E+9	1.582953000E-5
1.420010000E+9	1.603572000E-5
1.420013333E+9	1.573000000E-5
1.420016667E+9	1.549239000E-5
1.420020000E+9	1.599344000E-5
1.420023333E+9	1.598146000E-5
1.420026667E+9	1.723034000E-5
1.420030000E+9	1.625968000E-5
1.420033333E+9	1.705329000E-5
1.420036667E+9	1.858892000E-5
1.420040000E+9	1.659763000E-5
1.420043333E+9	1.621981000E-5
1.420046667E+9	1.638901000E-5
1.420050000E+9	1.634339000E-5
1.420053333E+9	1.647764000E-5
1.420056667E+9	1.638588000E-5
1.420060000E+9	1.601368000E-5
1.420063333E+9	1.627626000E-5
1.420066667E+9	1.673586000E-5
1.420070000E+9	1.622059000E-5
1.420073333E+9	1.666843000E-5
1.420076667E+9	1.671555000E-5
1.420080000E+9	1.655046000E-5
1.420083333E+9	1.693189000E-5
1.420086667E+9	1.681403000E-5
1.420090000E+9	1.661363000E-5
1.420093333E+9	1.716436000E-5
1.420096667E+9	1.668997000E-5
1.420100000E+9	1.655344000E-5
1.420103333E+9	1.669550000E-5
1.420106667E+9	1.683590000E-5
1.420110000E+9	1.668042000E-5
1.420113333E+9	1.720168000E-5
1.420116667E+9	1.674090000E-5
1.420120000E+9	1.686728000E-5
1.420123333E+9	1.753986000E-5
1.420126667E+9	1.717662000E-5
1.420130000E+9	1.705338000E-5
1.420133333E+9	1.696063000E-5
1.420136667E+9	1.665989000E-5
1.420140000E+9	1.696659000E-5
1.420143333E+9	1.686435000E-5
1.420146667E+9	1.743510000E-5
1.420150000E+9	1.704107000E-5
1.420153333E+9	1.703400000E-5
1.420156667E+9	1.719432000E-5
1.420160000E+9	1.674680000E-5
1.420163333E+9	1.676201000E-5
1.420166667E+9	1.715845000E-5
1.420170000E+9	1.722750000E-5
1.420173333E+9	1.697131000E-5
1.420176667E+9	1.648019000E-5
1.420180000E+9	1.684257000E-5
1.420183333E+9	1.688557000E-5
1.420186667E+9	1.706949000E-5
1.420190000E+9	1.700739000E-5
1.420193333E+9	1.688492000E-5
1.420196667E+9	1.706365000E-5
1.420200000E+9	1.678997000E-5
1.420203333E+9	1.656249000E-5
1.420206667E+9	1.658750000E-5
1.420210000E+9	1.665447000E-5
1.420213333E+9	1.724370000E-5
1.420216667E+9	1.710643000E-5
1.420220000E+9	1.669832000E-5
1.420223333E+9	1.693046000E-5
1.420226667E+9	1.703978000E-5
1.420230000E+9	1.722826000E-5
1.420233333E+9	1.727667000E-5
1.420236667E+9	1.702209000E-5
1.420240000E+9	1.688815000E-5
1.420243333E+9	1.696758000E-5
1.420246667E+9	1.692481000E-5
1.420250000E+9	1.688889000E-5
1.420253333E+9	1.682616000E-5
1.420256667E+9	1.700378000E-5
1.420260000E+9	1.680034000E-5
1.420263333E+9	1.708232000E-5
1.420266667E+9	1.728324000E-5
1.420270000E+9	1.741146000E-5
1.420273333E+9	1.725809000E-5
1.420276667E+9	1.676818000E-5
1.420280000E+9	1.715118000E-5
1.420283333E+9	1.700716000E-5
1.420286667E+9	1.719764000E-5
1.420290000E+9	1.728639000E-5
1.420293333E+9	1.745146000E-5
1.420296667E+9	1.792145000E-5
1.420300000E+9	1.710058000E-5
1.420303333E+9	1.714545000E-5
1.420306667E+9	1.738739000E-5
1.420310000E+9	1.759742000E-5
1.420313333E+9	1.746482000E-5
1.420316667E+9	1.708457000E-5
1.420320000E+9	1.814805000E-5
1.420323333E+9	1.746555000E-5
1.420326667E+9	1.832304000E-5
1.420330000E+9	1.979393000E-5
1.420333333E+9	1.824786000E-5
1.420336667E+9	1.806912000E-5
1.420340000E+9	1.768884000E-5
1.420343333E+9	1.789255000E-5
1.420346667E+9	1.810878000E-5
1.420350000E+9	1.752902000E-5
1.420353333E+9	1.785254000E-5
1.420356667E+9	1.778564000E-5
1.420360000E+9	1.762145000E-5
1.420363333E+9	1.770275000E-5
1.420366667E+9	1.759966000E-5
1.420370000E+9	1.759688000E-5
1.420373333E+9	1.747416000E-5
1.420376667E+9	1.714404000E-5
1.420380000E+9	1.711607000E-5
1.420383333E+9	1.711487000E-5
1.420386667E+9	1.707568000E-5
1.420390000E+9	1.677394000E-5
1.420393333E+9	1.660277000E-5
1.420396667E+9	1.674731000E-5
1.420400000E+9	1.642560000E-5
1.420403333E+9	1.639384000E-5
1.420406667E+9	1.606663000E-5
1.420410000E+9	1.623321000E-5
1.420413333E+9	1.609377000E-5
1.420416667E+9	1.605311000E-5
1.420420000E+9	1.590829000E-5
1.420423333E+9	1.596116000E-5
1.420426667E+9	1.620842000E-5
1.420430000E+9	1.622608000E-5
1.420433333E+9	1.596182000E-5
1.420436667E+9	1.621438000E-5
1.420440000E+9	1.603333000E-5
1.420443333E+9	1.587679000E-5
1.420446667E+9	1.576254000E-5
1.420450000E+9	1.583252000E-5
1.420453333E+9	1.622788000E-5
1.420456667E+9	1.614052000E-5
1.420460000E+9	1.581324000E-5
1.420463333E+9	1.559603000E-5
1.420466667E+9	1.593696000E-5
1.420470000E+9	1.604927000E-5
1.420473333E+9	1.575520000E-5
1.420476667E+9	1.612655000E-5
1.420480000E+9	1.643809000E-5
1.420483333E+9	1.579842000E-5
1.420486667E+9	1.609925000E-5
1.420490000E+9	1.593813000E-5
1.420493333E+9	1.634969000E-5
1.420496667E+9	1.624615000E-5
1.420500000E+9	1.602356000E-5
1.420503333E+9	1.606909000E-5
1.420506667E+9	1.612056000E-5
1.420510000E+9	1.619906000E-5
1.420513333E+9	1.591309000E-5
1.420516667E+9	1.627890000E-5
1.420520000E+9	1.635057000E-5
1.420523333E+9	1.605940000E-5
1.420526667E+9	1.583058000E-5
1.420530000E+9	1.623488000E-5
1.420533333E+9	1.628822000E-5
1.420536667E+9	1.568170000E-5
1.420540000E+9	1.605510000E-5
1.420543333E+9	1.650082000E-5
1.420546667E+9	1.614134000E-5
1.420550000E+9	1.623847000E-5
1.420553333E+9	1.606323000E-5
1.420556667E+9	1.594679000E-5
1.420560000E+9	1.612187000E-5
1.420563333E+9	1.639400000E-5
1.420566667E+9	1.598531000E-5
1.420570000E+9	1.627806000E-5
1.420573333E+9	1.626725000E-5
1.420576667E+9	1.685093000E-5
1.420580000E+9	1.618144000E-5
1.420583333E+9	1.621490000E-5
1.420586667E+9	1.628240000E-5
1.420590000E+9	1.677902000E-5
1.420593333E+9	1.616455000E-5
1.420596667E+9	1.634357000E-5
1.420600000E+9	1.592739000E-5
1.420603333E+9	1.633946000E-5
1.420606667E+9	1.685867000E-5
1.420610000E+9	1.652692000E-5
1.420613333E+9	1.773693000E-5
1.420616667E+9	1.602944000E-5
1.420620000E+9	1.852057000E-5
1.420623333E+9	1.923368000E-5
1.420626667E+9	1.716142000E-5
1.420630000E+9	1.652455000E-5
1.420633333E+9	1.631856000E-5
1.420636667E+9	1.655667000E-5
1.420640000E+9	1.657557000E-5
1.420643333E+9	1.703106000E-5
1.420646667E+9	1.677346000E-5
1.420650000E+9	1.644435000E-5
1.420653333E+9	1.600981000E-5
1.420656667E+9	1.615130000E-5
1.420660000E+9	1.612687000E-5
1.420663333E+9	1.611322000E-5
1.420666667E+9	1.633849000E-5
1.420670000E+9	1.601806000E-5
1.420673333E+9	1.640423000E-5
1.420676667E+9	1.599163000E-5
1.420680000E+9	1.628784000E-5
1.420683333E+9	1.602186000E-5
1.420686667E+9	1.597390000E-5
1.420690000E+9	1.620872000E-5
1.420693333E+9	1.586884000E-5
1.420696667E+9	1.595697000E-5
1.420700000E+9	1.621386000E-5
1.420703333E+9	1.625793000E-5
1.420706667E+9	1.580692000E-5
1.420710000E+9	1.624927000E-5
1.420713333E+9	1.601872000E-5
1.420716667E+9	1.605006000E-5
1.420720000E+9	1.635585000E-5
1.420723333E+9	1.585916000E-5
1.420726667E+9	1.587965000E-5
1.420730000E+9	1.605611000E-5
1.420733333E+9	1.592678000E-5
1.420736667E+9	1.613425000E-5
1.420740000E+9	1.605461000E-5
1.420743333E+9	1.601357000E-5
1.420746667E+9	1.602024000E-5
1.420750000E+9	1.560556000E-5
1.420753333E+9	1.600997000E-5
1.420756667E+9	1.645669000E-5
1.420760000E+9	1.560967000E-5
1.420763333E+9	1.564558000E-5
1.420766667E+9	1.552027000E-5
1.420770000E+9	1.550908000E-5
1.420773333E+9	1.571848000E-5
1.420776667E+9	1.595788000E-5
1.420780000E+9	1.557972000E-5
1.420783333E+9	1.557741000E-5
1.420786667E+9	1.573304000E-5
1.420790000E+9	1.583228000E-5
1.420793333E+9	1.694314000E-5
1.420796667E+9	1.615996000E-5
1.420800000E+9	1.562865000E-5
1.420803333E+9	1.584398000E-5
1.420806667E+9	1.559386000E-5
1.420810000E+9	1.556722000E-5
1.420813333E+9	1.571772000E-5
1.420816667E+9	1.535115000E-5
1.420820000E+9	1.555622000E-5
1.420823333E+9	1.570542000E-5
1.420826667E+9	1.557740000E-5
1.420830000E+9	1.586593000E-5
1.420833333E+9	1.550467000E-5
1.420836667E+9	1.553367000E-5
1.420840000E+9	1.580602000E-5
1.420843333E+9	1.530712000E-5
1.420846667E+9	1.567039000E-5
1.420850000E+9	1.553529000E-5
1.420853333E+9	1.550510000E-5
1.420856667E+9	1.544125000E-5
1.420860000E+9	1.566561000E-5
1.420863333E+9	1.565887000E-5
1.420866667E+9	1.585831000E-5
1.420870000E+9	1.558265000E-5
1.420873333E+9	1.576534000E-5
1.420876667E+9	1.538992000E-5
1.420880000E+9	1.552205000E-5
1.420883333E+9	1.665734000E-5
1.420886667E+9	1.649917000E-5
1.420890000E+9	1.563174000E-5
1.420893333E+9	1.593099000E-5
1.420896667E+9	1.577445000E-5
1.420900000E+9	1.616061000E-5
1.420903333E+9	1.699992000E-5
1.420906667E+9	1.970988000E-5
1.420910000E+9	1.606343000E-5
1.420913333E+9	2.280516000E-5
1.420916667E+9	2.173509000E-5
1.420920000E+9	1.702153000E-5
1.420923333E+9	1.575522000E-5
1.420926667E+9	1.627397000E-5
1.420930000E+9	1.573290000E-5
1.420933333E+9	1.564024000E-5
1.420936667E+9	1.565783000E-5
1.420940000E+9	1.573340000E-5
1.420943333E+9	1.627895000E-5
1.420946667E+9	1.542134000E-5
1.420950000E+9	1.570191000E-5
1.420953333E+9	1.543769000E-5
1.420956667E+9	1.576586000E-5
1.420960000E+9	1.550459000E-5
1.420963333E+9	1.542360000E-5
1.420966667E+9	1.584920000E-5
1.420970000E+9	1.568168000E-5
1.420973333E+9	1.574030000E-5
1.420976667E+9	1.593843000E-5
1.420980000E+9	1.596496000E-5
1.420983333E+9	1.573173000E-5
1.420986667E+9	1.588132000E-5
1.420990000E+9	1.579150000E-5
1.420993333E+9	1.532736000E-5
1.420996667E+9	1.563802000E-5
1.421000000E+9	1.533067000E-5
1.421003333E+9	1.554534000E-5
1.421006667E+9	1.542074000E-5
1.421010000E+9	1.552975000E-5
1.421013333E+9	1.547591000E-5
1.421016667E+9	1.557895000E-5
1.421020000E+9	1.543564000E-5
1.421023333E+9	1.566953000E-5
1.421026667E+9	1.552643000E-5
1.421030000E+9	1.561622000E-5
1.421033333E+9	1.557642000E-5
1.421036667E+9	1.565254000E-5
1.421040000E+9	1.584899000E-5
1.421043333E+9	1.554836000E-5
1.421046667E+9	1.560448000E-5
1.421050000E+9	1.572998000E-5
1.421053333E+9	1.588830000E-5
1.421056667E+9	1.580420000E-5
1.421060000E+9	1.556910000E-5
1.421063333E+9	1.520747000E-5
1.421066667E+9	1.565790000E-5
1.421070000E+9	1.548346000E-5
1.421073333E+9	1.573071000E-5
1.421076667E+9	1.525190000E-5
1.421080000E+9	1.593001000E-5
1.421083333E+9	1.549911000E-5
1.421086667E+9	1.571412000E-5
1.421090000E+9	1.595885000E-5
1.421093333E+9	1.604939000E-5
1.421096667E+9	1.559473000E-5
1.421100000E+9	1.553248000E-5
1.421103333E+9	1.547605000E-5
1.421106667E+9	1.549485000E-5
1.421110000E+9	1.581277000E-5
1.421113333E+9	1.550035000E-5
1.421116667E+9	1.538250000E-5
1.421120000E+9	1.559387000E-5
1.421123333E+9	1.578304000E-5
1.421126667E+9	1.570891000E-5
1.421130000E+9	1.583565000E-5
1.421133333E+9	1.576797000E-5
1.421136667E+9	1.571438000E-5
1.421140000E+9	1.527563000E-5
1.421143333E+9	1.565880000E-5
1.421146667E+9	1.557729000E-5
1.421150000E+9	1.550838000E-5
1.421153333E+9	1.569598000E-5
1.421156667E+9	1.541777000E-5
1.421160000E+9	1.585343000E-5
1.421163333E+9	1.562472000E-5
1.421166667E+9	1.589662000E-5
1.421170000E+9	1.567240000E-5
1.421173333E+9	1.568903000E-5
1.421176667E+9	1.564848000E-5
1.421180000E+9	1.611664000E-5
1.421183333E+9	1.557652000E-5
1.421186667E+9	1.550888000E-5
1.421190000E+9	1.567268000E-5
1.421193333E+9	1.579455000E-5
1.421196667E+9	1.617182000E-5
1.421200000E+9	1.636736000E-5
1.421203333E+9	1.594243000E-5
1.421206667E+9	1.846255000E-5
1.421210000E+9	1.726581000E-5
1.421213333E+9	1.582571000E-5
1.421216667E+9	1.564699000E-5
1.421220000E+9	1.591568000E-5
1.421223333E+9	1.574194000E-5
1.421226667E+9	1.547338000E-5
1.421230000E+9	1.540143000E-5
1.421233333E+9	1.579764000E-5
1.421236667E+9	1.577123000E-5
1.421240000E+9	1.591589000E-5
1.421243333E+9	1.584751000E-5
1.421246667E+9	1.537732000E-5
1.421250000E+9	1.531243000E-5
1.421253333E+9	1.551130000E-5
1.421256667E+9	1.563547000E-5
1.421260000E+9	1.572321000E-5
1.421263333E+9	1.583683000E-5
1.421266667E+9	1.550295000E-5
1.421270000E+9	1.559906000E-5
1.421273333E+9	1.546823000E-5
1.421276667E+9	1.581456000E-5
1.421280000E+9	1.537033000E-5
1.421283333E+9	1.543554000E-5
1.421286667E+9	1.533409000E-5
1.421290000E+9	1.579043000E-5
1.421293333E+9	1.552973000E-5
1.421296667E+9	1.572663000E-5
1.421300000E+9	1.581090000E-5
1.421303333E+9	1.540665000E-5
1.421306667E+9	1.553321000E-5
1.421310000E+9	1.560771000E-5
1.421313333E+9	1.562810000E-5
1.421316667E+9	1.560586000E-5
1.421320000E+9	1.539450000E-5
1.421323333E+9	1.548783000E-5
1.421326667E+9	1.577124000E-5
1.421330000E+9	1.532268000E-5
1.421333333E+9	1.536307000E-5
1.421336667E+9	1.531077000E-5
1.421340000E+9	1.550360000E-5
1.421343333E+9	1.559840000E-5
1.421346667E+9	1.551463000E-5
1.421350000E+9	1.553801000E-5
1.421353333E+9	1.541479000E-5
1.421356667E+9	1.546103000E-5
1.421360000E+9	1.553185000E-5
1.421363333E+9	1.615811000E-5
1.421366667E+9	1.662241000E-5
1.421370000E+9	1.561853000E-5
1.421373333E+9	1.558631000E-5
1.421376667E+9	1.553577000E-5
1.421380000E+9	1.551756000E-5
1.421383333E+9	1.588921000E-5
1.421386667E+9	1.576515000E-5
1.421390000E+9	1.588443000E-5
1.421393333E+9	1.557635000E-5
1.421396667E+9	1.564601000E-5
1.421400000E+9	1.564570000E-5
