Frequency, Hz	Amplitude, Volts
1.419400000E+9	1.580857000E-5
1.419403333E+9	1.594086000E-5
1.419406667E+9	1.617595000E-5
1.419410000E+9	1.584654000E-5
1.419413333E+9	1.626791000E-5
1.419416667E+9	1.627213000E-5
1.419420000E+9	1.577358000E-5
1.419423333E+9	1.574877000E-5
1.419426667E+9	1.610120000E-5
1.419430000E+9	1.592391000E-5
1.419433333E+9	1.606872000E-5
1.419436667E+9	1.604305000E-5
1.419440000E+9	1.621263000E-5
1.419443333E+9	1.595518000E-5
1.419446667E+9	1.665054000E-5
1.419450000E+9	2.034898000E-5
1.419453333E+9	1.767311000E-5
1.419456667E+9	1.644596000E-5
1.419460000E+9	1.593213000E-5
1.419463333E+9	1.602242000E-5
1.419466667E+9	1.602407000E-5
1.419470000E+9	1.565557000E-5
1.419473333E+9	1.580968000E-5
1.419476667E+9	1.613409000E-5
1.419480000E+9	1.584475000E-5
1.419483333E+9	1.587972000E-5
1.419486667E+9	1.595245000E-5
1.419490000E+9	1.601778000E-5
1.419493333E+9	1.608930000E-5
1.419496667E+9	1.585517000E-5
1.419500000E+9	1.624137000E-5
1.419503333E+9	1.638011000E-5
1.419506667E+9	1.597787000E-5
1.419510000E+9	1.592604000E-5
1.419513333E+9	1.618613000E-5
1.419516667E+9	1.623485000E-5
1.419520000E+9	1.618089000E-5
1.419523333E+9	1.573496000E-5
1.419526667E+9	1.556992000E-5
1.419530000E+9	1.591227000E-5
1.419533333E+9	1.587360000E-5
1.419536667E+9	1.620826000E-5
1.419540000E+9	1.595669000E-5
1.419543333E+9	1.632397000E-5
1.419546667E+9	1.593911000E-5
1.419550000E+9	1.600006000E-5
1.419553333E+9	1.612329000E-5
1.419556667E+9	1.571681000E-5
1.419560000E+9	1.592461000E-5
1.419563333E+9	1.610365000E-5
1.419566667E+9	1.578585000E-5
1.419570000E+9	1.600157000E-5
1.419573333E+9	1.594471000E-5
1.419576667E+9	1.579627000E-5
1.419580000E+9	1.608340000E-5
1.419583333E+9	1.559665000E-5
1.419586667E+9	1.646393000E-5
1.419590000E+9	1.601567000E-5
1.419593333E+9	1.608157000E-5
1.419596667E+9	1.595294000E-5
1.419600000E+9	1.633964000E-5
1.419603333E+9	1.628314000E-5
1.419606667E+9	1.600832000E-5
1.419610000E+9	1.591318000E-5
1.419613333E+9	1.608748000E-5
1.419616667E+9	1.581984000E-5
1.419620000E+9	1.591620000E-5
1.419623333E+9	1.571871000E-5
1.419626667E+9	1.561111000E-5
1.419630000E+9	1.568722000E-5
1.419633333E+9	1.597787000E-5
1.419636667E+9	1.632802000E-5
1.419640000E+9	1.567201000E-5
1.419643333E+9	1.590778000E-5
1.419646667E+9	1.582724000E-5
1.419650000E+9	1.584365000E-5
1.419653333E+9	1.615895000E-5
1.419656667E+9	1.582312000E-5
1.419660000E+9	1.587805000E-5
1.419663333E+9	1.590626000E-5
1.419666667E+9	1.623634000E-5
1.419670000E+9	1.592414000E-5
1.419673333E+9	1.575510000E-5
1.419676667E+9	1.614816000E-5
1.419680000E+9	1.615623000E-5
1.419683333E+9	1.590813000E-5
1.419686667E+9	1.594835000E-5
1.419690000E+9	1.581883000E-5
1.419693333E+9	1.585382000E-5
1.419696667E+9	1.601644000E-5
1.419700000E+9	1.552308000E-5
1.419703333E+9	1.583548000E-5
1.419706667E+9	1.594818000E-5
1.419710000E+9	1.607885000E-5
1.419713333E+9	1.603222000E-5
1.419716667E+9	1.614178000E-5
1.419720000E+9	1.585610000E-5
1.419723333E+9	1.625288000E-5
1.419726667E+9	1.596685000E-5
1.419730000E+9	1.619042000E-5
1.419733333E+9	1.767236000E-5
1.419736667E+9	1.596556000E-5
1.419740000E+9	1.693665000E-5
1.419743333E+9	1.999976000E-5
1.419746667E+9	1.738260000E-5
1.419750000E+9	1.708952000E-5
1.419753333E+9	1.633247000E-5
1.419756667E+9	1.602764000E-5
1.419760000E+9	1.588950000E-5
1.419763333E+9	1.619033000E-5
1.419766667E+9	1.621543000E-5
1.419770000E+9	1.600628000E-5
1.419773333E+9	1.607073000E-5
1.419776667E+9	1.585394000E-5
1.419780000E+9	1.629233000E-5
1.419783333E+9	1.576927000E-5
1.419786667E+9	1.624467000E-5
1.419790000E+9	1.590911000E-5
1.419793333E+9	1.624449000E-5
1.419796667E+9	1.625102000E-5
1.419800000E+9	1.612023000E-5
1.419803333E+9	1.616409000E-5
1.419806667E+9	1.567788000E-5
1.419810000E+9	1.611260000E-5
1.419813333E+9	1.599064000E-5
1.419816667E+9	1.611216000E-5
1.419820000E+9	1.639774000E-5
1.419823333E+9	1.636474000E-5
1.419826667E+9	1.601755000E-5
1.419830000E+9	1.646976000E-5
1.419833333E+9	1.628748000E-5
1.419836667E+9	1.592116000E-5
1.419840000E+9	1.627025000E-5
1.419843333E+9	1.641731000E-5
1.419846667E+9	1.594539000E-5
1.419850000E+9	1.623112000E-5
1.419853333E+9	1.634176000E-5
1.419856667E+9	1.622808000E-5
1.419860000E+9	1.640824000E-5
1.419863333E+9	1.683928000E-5
1.419866667E+9	1.632037000E-5
1.419870000E+9	1.709035000E-5
1.419873333E+9	1.615171000E-5
1.419876667E+9	1.627129000E-5
1.419880000E+9	1.646974000E-5
1.419883333E+9	1.615217000E-5
1.419886667E+9	1.648884000E-5
1.419890000E+9	1.627375000E-5
1.419893333E+9	1.633189000E-5
1.419896667E+9	1.665690000E-5
1.419900000E+9	1.665524000E-5
1.419903333E+9	1.614198000E-5
1.419906667E+9	1.594996000E-5
1.419910000E+9	1.620149000E-5
1.419913333E+9	1.624986000E-5
1.419916667E+9	1.584647000E-5
1.419920000E+9	1.604270000E-5
1.419923333E+9	1.639796000E-5
1.419926667E+9	1.611678000E-5
1.419930000E+9	1.622615000E-5
1.419933333E+9	1.624318000E-5
1.419936667E+9	1.633419000E-5
1.419940000E+9	1.649263000E-5
1.419943333E+9	1.629626000E-5
1.419946667E+9	1.637110000E-5
1.419950000E+9	1.613758000E-5
1.419953333E+9	1.601435000E-5
1.419956667E+9	1.633288000E-5
1.419960000E+9	1.636318000E-5
1.419963333E+9	1.629050000E-5
1.419966667E+9	1.617794000E-5
1.419970000E+9	1.610634000E-5
1.419973333E+9	1.652517000E-5
1.419976667E+9	1.593986000E-5
1.419980000E+9	1.608844000E-5
1.419983333E+9	1.627231000E-5
1.419986667E+9	1.634876000E-5
1.419990000E+9	1.632895000E-5
1.419993333E+9	1.627268000E-5
1.419996667E+9	1.630188000E-5
1.420000000E+9	1.679030000E-5
1.420003333E+9	1.668383000E-5
1.420006667E+9	1.646381000E-5
1.420010000E+9	1.633508000E-5
1.420013333E+9	1.651263000E-5
1.420016667E+9	1.640212000E-5
1.420020000E+9	1.634755000E-5
1.420023333E+9	1.608930000E-5
1.420026667E+9	1.677547000E-5
1.420030000E+9	1.606983000E-5
1.420033333E+9	1.739054000E-5
1.420036667E+9	1.940283000E-5
1.420040000E+9	1.739600000E-5
1.420043333E+9	1.670781000E-5
1.420046667E+9	1.672787000E-5
1.420050000E+9	1.636226000E-5
1.420053333E+9	1.603328000E-5
1.420056667E+9	1.637067000E-5
1.420060000E+9	1.648850000E-5
1.420063333E+9	1.634978000E-5
1.420066667E+9	1.648814000E-5
1.420070000E+9	1.623310000E-5
1.420073333E+9	1.613427000E-5
1.420076667E+9	1.616058000E-5
1.420080000E+9	1.634703000E-5
1.420083333E+9	1.637599000E-5
1.420086667E+9	1.617151000E-5
1.420090000E+9	1.617439000E-5
1.420093333E+9	1.633968000E-5
1.420096667E+9	1.641715000E-5
1.420100000E+9	1.627647000E-5
1.420103333E+9	1.631714000E-5
1.420106667E+9	1.660537000E-5
1.420110000E+9	1.655991000E-5
1.420113333E+9	1.674450000E-5
1.420116667E+9	1.618608000E-5
1.420120000E+9	1.625647000E-5
1.420123333E+9	1.662205000E-5
1.420126667E+9	1.626054000E-5
1.420130000E+9	1.671687000E-5
1.420133333E+9	1.663090000E-5
1.420136667E+9	1.685645000E-5
1.420140000E+9	1.646831000E-5
1.420143333E+9	1.642742000E-5
1.420146667E+9	1.668388000E-5
1.420150000E+9	1.625548000E-5
1.420153333E+9	1.692226000E-5
1.420156667E+9	1.671416000E-5
1.420160000E+9	1.668597000E-5
1.420163333E+9	1.693295000E-5
1.420166667E+9	1.661787000E-5
1.420170000E+9	1.650192000E-5
1.420173333E+9	1.652168000E-5
1.420176667E+9	1.660275000E-5
1.420180000E+9	1.710379000E-5
1.420183333E+9	1.664296000E-5
1.420186667E+9	1.678728000E-5
1.420190000E+9	1.663145000E-5
1.420193333E+9	1.690885000E-5
1.420196667E+9	1.701865000E-5
1.420200000E+9	1.668530000E-5
1.420203333E+9	1.666278000E-5
1.420206667E+9	1.667231000E-5
1.420210000E+9	1.675603000E-5
1.420213333E+9	1.660490000E-5
1.420216667E+9	1.727248000E-5
1.420220000E+9	1.662382000E-5
1.420223333E+9	1.696814000E-5
1.420226667E+9	1.709680000E-5
1.420230000E+9	1.689354000E-5
1.420233333E+9	1.713068000E-5
1.420236667E+9	1.728910000E-5
1.420240000E+9	1.704146000E-5
1.420243333E+9	1.718099000E-5
1.420246667E+9	1.763324000E-5
1.420250000E+9	1.717503000E-5
1.420253333E+9	1.757300000E-5
1.420256667E+9	1.722831000E-5
1.420260000E+9	1.743614000E-5
1.420263333E+9	1.727717000E-5
1.420266667E+9	1.796014000E-5
1.420270000E+9	1.757691000E-5
1.420273333E+9	1.748009000E-5
1.420276667E+9	1.733862000E-5
1.420280000E+9	1.718845000E-5
1.420283333E+9	1.742085000E-5
1.420286667E+9	1.760183000E-5
1.420290000E+9	1.709889000E-5
1.420293333E+9	1.725961000E-5
1.420296667E+9	1.734470000E-5
1.420300000E+9	1.754697000E-5
1.420303333E+9	1.732106000E-5
1.420306667E+9	1.790493000E-5
1.420310000E+9	1.816119000E-5
1.420313333E+9	1.754820000E-5
1.420316667E+9	1.760819000E-5
1.420320000E+9	1.738578000E-5
1.420323333E+9	1.760419000E-5
1.420326667E+9	1.907555000E-5
1.420330000E+9	2.050323000E-5
1.420333333E+9	1.838033000E-5
1.420336667E+9	1.772122000E-5
1.420340000E+9	1.771379000E-5
1.420343333E+9	1.774416000E-5
1.420346667E+9	1.779352000E-5
1.420350000E+9	1.704953000E-5
1.420353333E+9	1.740255000E-5
1.420356667E+9	1.717943000E-5
1.420360000E+9	1.695807000E-5
1.420363333E+9	1.672249000E-5
1.420366667E+9	1.654364000E-5
1.420370000E+9	1.628519000E-5
1.420373333E+9	1.639731000E-5
1.420376667E+9	1.618308000E-5
1.420380000E+9	1.653764000E-5
1.420383333E+9	1.648785000E-5
1.420386667E+9	1.622635000E-5
1.420390000E+9	1.625168000E-5
1.420393333E+9	1.618167000E-5
1.420396667E+9	1.619511000E-5
1.420400000E+9	1.639202000E-5
1.420403333E+9	1.594884000E-5
1.420406667E+9	1.593118000E-5
1.420410000E+9	1.639159000E-5
1.420413333E+9	1.613014000E-5
1.420416667E+9	1.637865000E-5
1.420420000E+9	1.594035000E-5
1.420423333E+9	1.620457000E-5
1.420426667E+9	1.631530000E-5
1.420430000E+9	1.624597000E-5
1.420433333E+9	1.649390000E-5
1.420436667E+9	1.621896000E-5
1.420440000E+9	1.607031000E-5
1.420443333E+9	1.622804000E-5
1.420446667E+9	1.648495000E-5
1.420450000E+9	1.625061000E-5
1.420453333E+9	1.614037000E-5
1.420456667E+9	1.636167000E-5
1.420460000E+9	1.646081000E-5
1.420463333E+9	1.621855000E-5
1.420466667E+9	1.636596000E-5
1.420470000E+9	1.638115000E-5
1.420473333E+9	1.622856000E-5
1.420476667E+9	1.622658000E-5
1.420480000E+9	1.640145000E-5
1.420483333E+9	1.675228000E-5
1.420486667E+9	1.611563000E-5
1.420490000E+9	1.641686000E-5
1.420493333E+9	1.660813000E-5
1.420496667E+9	1.700134000E-5
1.420500000E+9	1.616124000E-5
1.420503333E+9	1.651385000E-5
1.420506667E+9	1.639193000E-5
1.420510000E+9	1.631995000E-5
1.420513333E+9	1.609787000E-5
1.420516667E+9	1.662296000E-5
1.420520000E+9	1.629142000E-5
1.420523333E+9	1.677214000E-5
1.420526667E+9	1.660454000E-5
1.420530000E+9	1.644108000E-5
1.420533333E+9	1.674900000E-5
1.420536667E+9	1.643962000E-5
1.420540000E+9	1.654290000E-5
1.420543333E+9	1.631057000E-5
1.420546667E+9	1.616292000E-5
1.420550000E+9	1.646303000E-5
1.420553333E+9	1.622252000E-5
1.420556667E+9	1.623520000E-5
1.420560000E+9	1.608176000E-5
1.420563333E+9	1.642569000E-5
1.420566667E+9	1.631454000E-5
1.420570000E+9	1.638981000E-5
1.420573333E+9	1.643724000E-5
1.420576667E+9	1.652722000E-5
1.420580000E+9	1.632078000E-5
1.420583333E+9	1.585463000E-5
1.420586667E+9	1.604164000E-5
1.420590000E+9	1.639454000E-5
1.420593333E+9	1.610468000E-5
1.420596667E+9	1.583461000E-5
1.420600000E+9	1.651807000E-5
1.420603333E+9	1.674568000E-5
1.420606667E+9	1.683098000E-5
1.420610000E+9	1.630036000E-5
1.420613333E+9	1.591344000E-5
1.420616667E+9	1.594769000E-5
1.420620000E+9	1.907065000E-5
1.420623333E+9	1.978548000E-5
1.420626667E+9	1.731108000E-5
1.420630000E+9	1.587243000E-5
1.420633333E+9	1.605339000E-5
1.420636667E+9	1.603777000E-5
1.420640000E+9	1.604876000E-5
1.420643333E+9	1.674156000E-5
1.420646667E+9	1.616439000E-5
1.420650000E+9	1.552989000E-5
1.420653333E+9	1.568493000E-5
1.420656667E+9	1.578415000E-5
1.420660000E+9	1.598636000E-5
1.420663333E+9	1.612009000E-5
1.420666667E+9	1.584564000E-5
1.420670000E+9	1.590200000E-5
1.420673333E+9	1.605679000E-5
1.420676667E+9	1.593986000E-5
1.420680000E+9	1.588664000E-5
1.420683333E+9	1.618949000E-5
1.420686667E+9	1.604661000E-5
1.420690000E+9	1.590661000E-5
1.420693333E+9	1.589421000E-5
1.420696667E+9	1.605635000E-5
1.420700000E+9	1.593202000E-5
1.420703333E+9	1.584633000E-5
1.420706667E+9	1.608676000E-5
1.420710000E+9	1.623155000E-5
1.420713333E+9	1.594599000E-5
1.420716667E+9	1.573048000E-5
1.420720000E+9	1.625625000E-5
1.420723333E+9	1.586322000E-5
1.420726667E+9	1.584078000E-5
1.420730000E+9	1.555719000E-5
1.420733333E+9	1.557986000E-5
1.420736667E+9	1.576255000E-5
1.420740000E+9	1.615637000E-5
1.420743333E+9	1.580083000E-5
1.420746667E+9	1.608289000E-5
1.420750000E+9	1.616846000E-5
1.420753333E+9	1.596896000E-5
1.420756667E+9	1.646979000E-5
1.420760000E+9	1.591604000E-5
1.420763333E+9	1.611550000E-5
1.420766667E+9	1.611678000E-5
1.420770000E+9	1.574745000E-5
1.420773333E+9	1.614698000E-5
1.420776667E+9	1.577746000E-5
1.420780000E+9	1.575005000E-5
1.420783333E+9	1.549631000E-5
1.420786667E+9	1.613781000E-5
1.420790000E+9	1.569584000E-5
1.420793333E+9	1.715803000E-5
1.420796667E+9	1.616195000E-5
1.420800000E+9	1.609716000E-5
1.420803333E+9	1.591009000E-5
1.420806667E+9	1.582590000E-5
1.420810000E+9	1.568197000E-5
1.420813333E+9	1.593517000E-5
1.420816667E+9	1.596973000E-5
1.420820000E+9	1.600501000E-5
1.420823333E+9	1.584336000E-5
1.420826667E+9	1.605912000E-5
1.420830000E+9	1.625932000E-5
1.420833333E+9	1.590633000E-5
1.420836667E+9	1.614441000E-5
1.420840000E+9	1.576887000E-5
1.420843333E+9	1.590670000E-5
1.420846667E+9	1.589388000E-5
1.420850000E+9	1.609003000E-5
1.420853333E+9	1.608750000E-5
1.420856667E+9	1.580048000E-5
1.420860000E+9	1.612922000E-5
1.420863333E+9	1.586884000E-5
1.420866667E+9	1.616392000E-5
1.420870000E+9	1.601858000E-5
1.420873333E+9	1.586682000E-5
1.420876667E+9	1.570073000E-5
1.420880000E+9	1.566416000E-5
1.420883333E+9	1.656848000E-5
1.420886667E+9	1.614026000E-5
1.420890000E+9	1.605008000E-5
1.420893333E+9	1.586062000E-5
1.420896667E+9	1.566647000E-5
1.420900000E+9	1.618286000E-5
1.420903333E+9	1.617828000E-5
1.420906667E+9	1.629643000E-5
1.420910000E+9	1.605669000E-5
1.420913333E+9	2.482443000E-5
1.420916667E+9	2.371371000E-5
1.420920000E+9	1.966882000E-5
1.420923333E+9	1.618025000E-5
1.420926667E+9	1.657128000E-5
1.420930000E+9	1.582875000E-5
1.420933333E+9	1.650567000E-5
1.420936667E+9	1.646934000E-5
1.420940000E+9	1.640743000E-5
1.420943333E+9	1.713531000E-5
1.420946667E+9	1.602490000E-5
1.420950000E+9	1.596905000E-5
1.420953333E+9	1.603789000E-5
1.420956667E+9	1.579632000E-5
1.420960000E+9	1.627933000E-5
1.420963333E+9	1.595962000E-5
1.420966667E+9	1.587852000E-5
1.420970000E+9	1.582759000E-5
1.420973333E+9	1.580305000E-5
1.420976667E+9	1.564526000E-5
1.420980000E+9	1.580791000E-5
1.420983333E+9	1.570556000E-5
1.420986667E+9	1.616143000E-5
1.420990000E+9	1.598355000E-5
1.420993333E+9	1.608263000E-5
1.420996667E+9	1.592515000E-5
1.421000000E+9	1.605808000E-5
1.421003333E+9	1.616431000E-5
1.421006667E+9	1.603319000E-5
1.421010000E+9	1.582694000E-5
1.421013333E+9	1.567571000E-5
1.421016667E+9	1.649842000E-5
1.421020000E+9	1.607309000E-5
1.421023333E+9	1.591875000E-5
1.421026667E+9	1.585146000E-5
1.421030000E+9	1.607763000E-5
1.421033333E+9	1.609763000E-5
1.421036667E+9	1.573378000E-5
1.421040000E+9	1.594538000E-5
1.421043333E+9	1.640916000E-5
1.421046667E+9	1.634628000E-5
1.421050000E+9	1.580125000E-5
1.421053333E+9	1.648041000E-5
1.421056667E+9	1.603451000E-5
1.421060000E+9	1.569398000E-5
1.421063333E+9	1.577005000E-5
1.421066667E+9	1.575411000E-5
1.421070000E+9	1.598557000E-5
1.421073333E+9	1.603534000E-5
1.421076667E+9	1.596203000E-5
1.421080000E+9	1.603315000E-5
1.421083333E+9	1.587960000E-5
1.421086667E+9	1.609810000E-5
1.421090000E+9	1.616046000E-5
1.421093333E+9	1.649551000E-5
1.421096667E+9	1.631780000E-5
1.421100000E+9	1.646609000E-5
1.421103333E+9	1.603734000E-5
1.421106667E+9	1.587651000E-5
1.421110000E+9	1.608001000E-5
1.421113333E+9	1.617800000E-5
1.421116667E+9	1.596007000E-5
1.421120000E+9	1.652800000E-5
1.421123333E+9	1.618391000E-5
1.421126667E+9	1.597682000E-5
1.421130000E+9	1.657869000E-5
1.421133333E+9	1.599282000E-5
1.421136667E+9	1.610132000E-5
1.421140000E+9	1.625934000E-5
1.421143333E+9	1.583332000E-5
1.421146667E+9	1.567985000E-5
1.421150000E+9	1.575314000E-5
1.421153333E+9	1.556165000E-5
1.421156667E+9	1.606850000E-5
1.421160000E+9	1.595231000E-5
1.421163333E+9	1.620085000E-5
1.421166667E+9	1.647565000E-5
1.421170000E+9	1.606695000E-5
1.421173333E+9	1.603877000E-5
1.421176667E+9	1.592660000E-5
1.421180000E+9	1.648532000E-5
1.421183333E+9	1.619758000E-5
1.421186667E+9	1.613471000E-5
1.421190000E+9	1.613289000E-5
1.421193333E+9	1.625811000E-5
1.421196667E+9	1.588814000E-5
1.421200000E+9	1.583943000E-5
1.421203333E+9	1.644691000E-5
1.421206667E+9	1.983242000E-5
1.421210000E+9	1.871353000E-5
1.421213333E+9	1.704449000E-5
1.421216667E+9	1.580755000E-5
1.421220000E+9	1.585321000E-5
1.421223333E+9	1.558208000E-5
1.421226667E+9	1.619902000E-5
1.421230000E+9	1.630985000E-5
1.421233333E+9	1.586491000E-5
1.421236667E+9	1.604978000E-5
1.421240000E+9	1.618192000E-5
1.421243333E+9	1.590115000E-5
1.421246667E+9	1.596941000E-5
1.421250000E+9	1.562682000E-5
1.421253333E+9	1.598540000E-5
1.421256667E+9	1.584523000E-5
1.421260000E+9	1.598097000E-5
1.421263333E+9	1.587759000E-5
1.421266667E+9	1.596118000E-5
1.421270000E+9	1.623369000E-5
1.421273333E+9	1.603666000E-5
1.421276667E+9	1.634466000E-5
1.421280000E+9	1.599516000E-5
1.421283333E+9	1.631356000E-5
1.421286667E+9	1.606011000E-5
1.421290000E+9	1.609245000E-5
1.421293333E+9	1.607526000E-5
1.421296667E+9	1.633647000E-5
1.421300000E+9	1.660040000E-5
1.421303333E+9	1.638554000E-5
1.421306667E+9	1.577850000E-5
1.421310000E+9	1.607062000E-5
1.421313333E+9	1.606219000E-5
1.421316667E+9	1.608406000E-5
1.421320000E+9	1.594079000E-5
1.421323333E+9	1.615178000E-5
1.421326667E+9	1.628346000E-5
1.421330000E+9	1.615150000E-5
1.421333333E+9	1.612690000E-5
1.421336667E+9	1.637707000E-5
1.421340000E+9	1.611011000E-5
1.421343333E+9	1.640659000E-5
1.421346667E+9	1.614753000E-5
1.421350000E+9	1.632551000E-5
1.421353333E+9	1.667178000E-5
1.421356667E+9	1.627479000E-5
1.421360000E+9	1.610189000E-5
1.421363333E+9	1.724889000E-5
1.421366667E+9	1.962434000E-5
1.421370000E+9	1.677750000E-5
1.421373333E+9	1.628514000E-5
1.421376667E+9	1.672923000E-5
1.421380000E+9	1.597713000E-5
1.421383333E+9	1.619353000E-5
1.421386667E+9	1.643442000E-5
1.421390000E+9	1.648095000E-5
1.421393333E+9	1.646590000E-5
1.421396667E+9	1.592643000E-5
1.421400000E+9	1.612788000E-5
