Frequency, Hz	Amplitude, Volts
1.419400000E+9	2.210849000E-5
1.419403333E+9	2.223608000E-5
1.419406667E+9	2.184906000E-5
1.419410000E+9	2.206216000E-5
1.419413333E+9	2.352383000E-5
1.419416667E+9	2.276169000E-5
1.419420000E+9	2.219396000E-5
1.419423333E+9	2.201671000E-5
1.419426667E+9	2.206463000E-5
1.419430000E+9	2.225767000E-5
1.419433333E+9	2.434337000E-5
1.419436667E+9	2.282450000E-5
1.419440000E+9	2.247150000E-5
1.419443333E+9	2.189632000E-5
1.419446667E+9	2.172448000E-5
1.419450000E+9	2.258474000E-5
1.419453333E+9	2.224592000E-5
1.419456667E+9	2.216284000E-5
1.419460000E+9	2.238320000E-5
1.419463333E+9	2.211571000E-5
1.419466667E+9	2.200939000E-5
1.419470000E+9	2.291683000E-5
1.419473333E+9	2.173820000E-5
1.419476667E+9	2.201966000E-5
1.419480000E+9	2.271311000E-5
1.419483333E+9	2.231584000E-5
1.419486667E+9	2.197761000E-5
1.419490000E+9	2.258608000E-5
1.419493333E+9	2.196890000E-5
1.419496667E+9	2.223100000E-5
1.419500000E+9	2.260771000E-5
1.419503333E+9	2.263660000E-5
1.419506667E+9	2.266363000E-5
1.419510000E+9	2.206756000E-5
1.419513333E+9	2.200736000E-5
1.419516667E+9	2.262301000E-5
1.419520000E+9	2.244374000E-5
1.419523333E+9	2.171370000E-5
1.419526667E+9	2.218166000E-5
1.419530000E+9	2.212267000E-5
1.419533333E+9	2.224929000E-5
1.419536667E+9	2.262904000E-5
1.419540000E+9	2.226489000E-5
1.419543333E+9	2.198352000E-5
1.419546667E+9	2.227892000E-5
1.419550000E+9	2.163994000E-5
1.419553333E+9	2.208474000E-5
1.419556667E+9	2.215471000E-5
1.419560000E+9	2.218185000E-5
1.419563333E+9	2.256521000E-5
1.419566667E+9	2.244815000E-5
1.419570000E+9	2.277799000E-5
1.419573333E+9	2.233165000E-5
1.419576667E+9	2.178926000E-5
1.419580000E+9	2.193405000E-5
1.419583333E+9	2.224185000E-5
1.419586667E+9	2.253844000E-5
1.419590000E+9	2.235488000E-5
1.419593333E+9	2.245545000E-5
1.419596667E+9	2.219320000E-5
1.419600000E+9	2.237828000E-5
1.419603333E+9	2.308345000E-5
1.419606667E+9	2.199972000E-5
1.419610000E+9	2.224133000E-5
1.419613333E+9	2.265104000E-5
1.419616667E+9	2.210619000E-5
1.419620000E+9	2.260017000E-5
1.419623333E+9	2.209675000E-5
1.419626667E+9	2.230043000E-5
1.419630000E+9	2.245360000E-5
1.419633333E+9	2.297097000E-5
1.419636667E+9	2.225814000E-5
1.419640000E+9	2.223357000E-5
1.419643333E+9	2.233905000E-5
1.419646667E+9	2.245296000E-5
1.419650000E+9	2.255020000E-5
1.419653333E+9	2.248118000E-5
1.419656667E+9	2.250029000E-5
1.419660000E+9	2.246346000E-5
1.419663333E+9	2.237853000E-5
1.419666667E+9	2.236487000E-5
1.419670000E+9	2.240725000E-5
1.419673333E+9	2.226938000E-5
1.419676667E+9	2.302400000E-5
1.419680000E+9	2.240597000E-5
1.419683333E+9	2.176287000E-5
1.419686667E+9	2.195265000E-5
1.419690000E+9	2.204291000E-5
1.419693333E+9	2.285409000E-5
1.419696667E+9	2.274018000E-5
1.419700000E+9	2.209483000E-5
1.419703333E+9	2.172698000E-5
1.419706667E+9	2.285899000E-5
1.419710000E+9	2.237779000E-5
1.419713333E+9	2.233253000E-5
1.419716667E+9	2.257651000E-5
1.419720000E+9	2.253683000E-5
1.419723333E+9	2.249690000E-5
1.419726667E+9	2.477357000E-5
1.419730000E+9	2.285861000E-5
1.419733333E+9	2.277098000E-5
1.419736667E+9	2.233518000E-5
1.419740000E+9	2.209896000E-5
1.419743333E+9	2.200685000E-5
1.419746667E+9	2.264677000E-5
1.419750000E+9	2.269052000E-5
1.419753333E+9	2.249787000E-5
1.419756667E+9	2.226112000E-5
1.419760000E+9	2.237408000E-5
1.419763333E+9	2.252152000E-5
1.419766667E+9	2.226374000E-5
1.419770000E+9	2.286300000E-5
1.419773333E+9	2.243672000E-5
1.419776667E+9	2.219213000E-5
1.419780000E+9	2.209432000E-5
1.419783333E+9	2.317760000E-5
1.419786667E+9	2.311270000E-5
1.419790000E+9	2.272371000E-5
1.419793333E+9	2.276109000E-5
1.419796667E+9	2.250657000E-5
1.419800000E+9	2.245680000E-5
1.419803333E+9	2.271460000E-5
1.419806667E+9	2.214095000E-5
1.419810000E+9	2.225777000E-5
1.419813333E+9	2.237381000E-5
1.419816667E+9	2.255740000E-5
1.419820000E+9	2.247140000E-5
1.419823333E+9	2.218175000E-5
1.419826667E+9	2.211425000E-5
1.419830000E+9	2.307046000E-5
1.419833333E+9	2.223147000E-5
1.419836667E+9	2.234602000E-5
1.419840000E+9	2.238861000E-5
1.419843333E+9	2.232067000E-5
1.419846667E+9	2.188569000E-5
1.419850000E+9	2.168442000E-5
1.419853333E+9	2.235535000E-5
1.419856667E+9	2.231336000E-5
1.419860000E+9	2.255582000E-5
1.419863333E+9	2.254072000E-5
1.419866667E+9	2.289292000E-5
1.419870000E+9	2.278689000E-5
1.419873333E+9	2.195704000E-5
1.419876667E+9	2.232130000E-5
1.419880000E+9	2.256055000E-5
1.419883333E+9	2.216179000E-5
1.419886667E+9	2.209238000E-5
1.419890000E+9	2.242467000E-5
1.419893333E+9	2.223789000E-5
1.419896667E+9	2.219454000E-5
1.419900000E+9	2.180305000E-5
1.419903333E+9	2.243240000E-5
1.419906667E+9	2.224966000E-5
1.419910000E+9	2.245471000E-5
1.419913333E+9	2.250399000E-5
1.419916667E+9	2.208562000E-5
1.419920000E+9	2.270994000E-5
1.419923333E+9	2.193882000E-5
1.419926667E+9	2.215274000E-5
1.419930000E+9	2.227780000E-5
1.419933333E+9	2.226335000E-5
1.419936667E+9	2.254329000E-5
1.419940000E+9	2.218075000E-5
1.419943333E+9	2.199315000E-5
1.419946667E+9	2.267239000E-5
1.419950000E+9	2.250723000E-5
1.419953333E+9	2.189358000E-5
1.419956667E+9	2.232327000E-5
1.419960000E+9	2.233266000E-5
1.419963333E+9	2.237686000E-5
1.419966667E+9	2.225423000E-5
1.419970000E+9	2.221027000E-5
1.419973333E+9	2.216077000E-5
1.419976667E+9	2.196318000E-5
1.419980000E+9	2.184719000E-5
1.419983333E+9	2.201548000E-5
1.419986667E+9	2.195091000E-5
1.419990000E+9	2.256600000E-5
1.419993333E+9	2.225425000E-5
1.419996667E+9	2.248542000E-5
1.420000000E+9	2.361207000E-5
1.420003333E+9	2.521863000E-5
1.420006667E+9	2.200726000E-5
1.420010000E+9	2.260245000E-5
1.420013333E+9	2.217104000E-5
1.420016667E+9	2.275941000E-5
1.420020000E+9	2.364416000E-5
1.420023333E+9	2.276264000E-5
1.420026667E+9	2.294677000E-5
1.420030000E+9	2.212566000E-5
1.420033333E+9	2.227303000E-5
1.420036667E+9	2.205617000E-5
1.420040000E+9	2.266192000E-5
1.420043333E+9	2.254272000E-5
1.420046667E+9	2.244756000E-5
1.420050000E+9	2.232885000E-5
1.420053333E+9	2.235427000E-5
1.420056667E+9	2.242251000E-5
1.420060000E+9	2.275082000E-5
1.420063333E+9	2.227117000E-5
1.420066667E+9	2.217718000E-5
1.420070000E+9	2.221393000E-5
1.420073333E+9	2.255206000E-5
1.420076667E+9	2.240181000E-5
1.420080000E+9	2.221890000E-5
1.420083333E+9	2.251596000E-5
1.420086667E+9	2.267194000E-5
1.420090000E+9	2.220759000E-5
1.420093333E+9	2.223725000E-5
1.420096667E+9	2.230418000E-5
1.420100000E+9	2.235525000E-5
1.420103333E+9	2.262785000E-5
1.420106667E+9	2.240132000E-5
1.420110000E+9	2.276024000E-5
1.420113333E+9	2.224282000E-5
1.420116667E+9	2.219796000E-5
1.420120000E+9	2.167571000E-5
1.420123333E+9	2.281250000E-5
1.420126667E+9	2.283154000E-5
1.420130000E+9	2.230607000E-5
1.420133333E+9	2.289719000E-5
1.420136667E+9	2.229661000E-5
1.420140000E+9	2.220588000E-5
1.420143333E+9	2.180300000E-5
1.420146667E+9	2.229975000E-5
1.420150000E+9	2.175123000E-5
1.420153333E+9	2.247392000E-5
1.420156667E+9	2.179797000E-5
1.420160000E+9	2.249048000E-5
1.420163333E+9	2.233459000E-5
1.420166667E+9	2.221044000E-5
1.420170000E+9	2.247505000E-5
1.420173333E+9	2.231008000E-5
1.420176667E+9	2.226195000E-5
1.420180000E+9	2.189151000E-5
1.420183333E+9	2.244369000E-5
1.420186667E+9	2.223540000E-5
1.420190000E+9	2.262825000E-5
1.420193333E+9	2.264873000E-5
1.420196667E+9	2.248473000E-5
1.420200000E+9	2.288372000E-5
1.420203333E+9	2.237060000E-5
1.420206667E+9	2.241074000E-5
1.420210000E+9	2.252565000E-5
1.420213333E+9	2.207059000E-5
1.420216667E+9	2.231503000E-5
1.420220000E+9	2.197727000E-5
1.420223333E+9	2.260652000E-5
1.420226667E+9	2.244076000E-5
1.420230000E+9	2.263481000E-5
1.420233333E+9	2.234013000E-5
1.420236667E+9	2.237359000E-5
1.420240000E+9	2.231873000E-5
1.420243333E+9	2.228903000E-5
1.420246667E+9	2.227467000E-5
1.420250000E+9	2.222095000E-5
1.420253333E+9	2.260578000E-5
1.420256667E+9	2.222788000E-5
1.420260000E+9	2.253792000E-5
1.420263333E+9	2.298543000E-5
1.420266667E+9	2.426992000E-5
1.420270000E+9	2.215573000E-5
1.420273333E+9	2.201693000E-5
1.420276667E+9	2.230964000E-5
1.420280000E+9	2.236438000E-5
1.420283333E+9	2.254619000E-5
1.420286667E+9	2.239367000E-5
1.420290000E+9	2.228445000E-5
1.420293333E+9	2.272368000E-5
1.420296667E+9	2.372441000E-5
1.420300000E+9	2.293234000E-5
1.420303333E+9	2.274617000E-5
1.420306667E+9	2.293969000E-5
1.420310000E+9	2.296116000E-5
1.420313333E+9	2.387404000E-5
1.420316667E+9	2.259600000E-5
1.420320000E+9	2.260699000E-5
1.420323333E+9	2.220305000E-5
1.420326667E+9	2.223892000E-5
1.420330000E+9	2.247989000E-5
1.420333333E+9	2.254864000E-5
1.420336667E+9	2.205816000E-5
1.420340000E+9	2.275239000E-5
1.420343333E+9	2.223357000E-5
1.420346667E+9	2.230482000E-5
1.420350000E+9	2.234455000E-5
1.420353333E+9	2.211634000E-5
1.420356667E+9	2.219501000E-5
1.420360000E+9	2.252164000E-5
1.420363333E+9	2.233569000E-5
1.420366667E+9	2.267060000E-5
1.420370000E+9	2.229439000E-5
1.420373333E+9	2.297642000E-5
1.420376667E+9	2.285615000E-5
1.420380000E+9	2.264617000E-5
1.420383333E+9	2.277331000E-5
1.420386667E+9	2.239207000E-5
1.420390000E+9	2.237774000E-5
1.420393333E+9	2.255168000E-5
1.420396667E+9	2.236568000E-5
1.420400000E+9	2.226824000E-5
1.420403333E+9	2.236853000E-5
1.420406667E+9	2.199525000E-5
1.420410000E+9	2.256734000E-5
1.420413333E+9	2.197049000E-5
1.420416667E+9	2.235540000E-5
1.420420000E+9	2.215427000E-5
1.420423333E+9	2.218935000E-5
1.420426667E+9	2.231814000E-5
1.420430000E+9	2.250983000E-5
1.420433333E+9	2.250553000E-5
1.420436667E+9	2.258779000E-5
1.420440000E+9	2.219954000E-5
1.420443333E+9	2.212433000E-5
1.420446667E+9	2.212056000E-5
1.420450000E+9	2.242418000E-5
1.420453333E+9	2.230332000E-5
1.420456667E+9	2.222427000E-5
1.420460000E+9	2.246565000E-5
1.420463333E+9	2.246839000E-5
1.420466667E+9	2.252921000E-5
1.420470000E+9	2.191871000E-5
1.420473333E+9	2.250629000E-5
1.420476667E+9	2.224414000E-5
1.420480000E+9	2.254688000E-5
1.420483333E+9	2.234965000E-5
1.420486667E+9	2.240403000E-5
1.420490000E+9	2.231190000E-5
1.420493333E+9	2.227337000E-5
1.420496667E+9	2.285376000E-5
1.420500000E+9	2.235574000E-5
1.420503333E+9	2.226048000E-5
1.420506667E+9	2.258385000E-5
1.420510000E+9	2.207362000E-5
1.420513333E+9	2.220069000E-5
1.420516667E+9	2.234482000E-5
1.420520000E+9	2.251151000E-5
1.420523333E+9	2.249513000E-5
1.420526667E+9	2.266169000E-5
1.420530000E+9	2.244290000E-5
1.420533333E+9	2.218134000E-5
1.420536667E+9	2.180925000E-5
1.420540000E+9	2.201502000E-5
1.420543333E+9	2.243824000E-5
1.420546667E+9	2.232947000E-5
1.420550000E+9	2.214467000E-5
1.420553333E+9	2.221936000E-5
1.420556667E+9	2.197746000E-5
1.420560000E+9	2.197396000E-5
1.420563333E+9	2.202740000E-5
1.420566667E+9	2.206993000E-5
1.420570000E+9	2.218492000E-5
1.420573333E+9	2.269314000E-5
1.420576667E+9	2.261926000E-5
1.420580000E+9	2.254084000E-5
1.420583333E+9	2.228367000E-5
1.420586667E+9	2.195419000E-5
1.420590000E+9	2.234671000E-5
1.420593333E+9	2.242411000E-5
1.420596667E+9	2.224776000E-5
1.420600000E+9	2.283756000E-5
1.420603333E+9	2.348280000E-5
1.420606667E+9	2.447442000E-5
1.420610000E+9	2.227860000E-5
1.420613333E+9	2.227794000E-5
1.420616667E+9	2.234934000E-5
1.420620000E+9	2.211073000E-5
1.420623333E+9	2.258422000E-5
1.420626667E+9	2.288895000E-5
1.420630000E+9	2.225083000E-5
1.420633333E+9	2.190842000E-5
1.420636667E+9	2.201400000E-5
1.420640000E+9	2.258851000E-5
1.420643333E+9	2.230731000E-5
1.420646667E+9	2.277204000E-5
1.420650000E+9	2.245946000E-5
1.420653333E+9	2.228807000E-5
1.420656667E+9	2.263864000E-5
1.420660000E+9	2.191108000E-5
1.420663333E+9	2.262721000E-5
1.420666667E+9	2.262855000E-5
1.420670000E+9	2.223994000E-5
1.420673333E+9	2.220851000E-5
1.420676667E+9	2.203231000E-5
1.420680000E+9	2.224165000E-5
1.420683333E+9	2.203071000E-5
1.420686667E+9	2.198251000E-5
1.420690000E+9	2.261893000E-5
1.420693333E+9	2.172324000E-5
1.420696667E+9	2.242573000E-5
1.420700000E+9	2.222646000E-5
1.420703333E+9	2.151464000E-5
1.420706667E+9	2.206199000E-5
1.420710000E+9	2.190498000E-5
1.420713333E+9	2.179304000E-5
1.420716667E+9	2.263267000E-5
1.420720000E+9	2.277086000E-5
1.420723333E+9	2.216218000E-5
1.420726667E+9	2.208545000E-5
1.420730000E+9	2.183764000E-5
1.420733333E+9	2.216624000E-5
1.420736667E+9	2.211515000E-5
1.420740000E+9	2.213796000E-5
1.420743333E+9	2.195496000E-5
1.420746667E+9	2.242438000E-5
1.420750000E+9	2.197237000E-5
1.420753333E+9	2.206632000E-5
1.420756667E+9	2.263223000E-5
1.420760000E+9	2.234364000E-5
1.420763333E+9	2.181933000E-5
1.420766667E+9	2.193140000E-5
1.420770000E+9	2.209915000E-5
1.420773333E+9	2.248162000E-5
1.420776667E+9	2.237949000E-5
1.420780000E+9	2.173199000E-5
1.420783333E+9	2.225406000E-5
1.420786667E+9	2.246871000E-5
1.420790000E+9	2.269695000E-5
1.420793333E+9	2.253037000E-5
1.420796667E+9	2.273965000E-5
1.420800000E+9	2.177011000E-5
1.420803333E+9	2.240014000E-5
1.420806667E+9	2.157695000E-5
1.420810000E+9	2.179031000E-5
1.420813333E+9	2.271665000E-5
1.420816667E+9	2.308718000E-5
1.420820000E+9	2.247895000E-5
1.420823333E+9	2.229375000E-5
1.420826667E+9	2.266353000E-5
1.420830000E+9	2.199839000E-5
1.420833333E+9	2.244507000E-5
1.420836667E+9	2.159743000E-5
1.420840000E+9	2.259928000E-5
1.420843333E+9	2.701929000E-5
1.420846667E+9	2.412420000E-5
1.420850000E+9	2.243068000E-5
1.420853333E+9	2.183325000E-5
1.420856667E+9	2.185114000E-5
1.420860000E+9	2.179881000E-5
1.420863333E+9	2.243373000E-5
1.420866667E+9	2.189231000E-5
1.420870000E+9	2.211337000E-5
1.420873333E+9	2.336078000E-5
1.420876667E+9	2.246975000E-5
1.420880000E+9	2.205010000E-5
1.420883333E+9	2.562432000E-5
1.420886667E+9	2.502346000E-5
1.420890000E+9	2.221697000E-5
1.420893333E+9	2.201031000E-5
1.420896667E+9	2.530405000E-5
1.420900000E+9	2.672243000E-5
1.420903333E+9	2.316025000E-5
1.420906667E+9	2.276579000E-5
1.420910000E+9	2.227922000E-5
1.420913333E+9	2.201845000E-5
1.420916667E+9	2.224927000E-5
1.420920000E+9	2.194467000E-5
1.420923333E+9	2.198034000E-5
1.420926667E+9	2.210396000E-5
1.420930000E+9	2.183788000E-5
1.420933333E+9	2.188007000E-5
1.420936667E+9	2.227386000E-5
1.420940000E+9	2.252644000E-5
1.420943333E+9	2.232130000E-5
1.420946667E+9	2.247209000E-5
1.420950000E+9	2.256731000E-5
1.420953333E+9	2.191876000E-5
1.420956667E+9	2.195573000E-5
1.420960000E+9	2.235137000E-5
1.420963333E+9	2.203584000E-5
1.420966667E+9	2.211029000E-5
1.420970000E+9	2.195937000E-5
1.420973333E+9	2.185767000E-5
1.420976667E+9	2.216403000E-5
1.420980000E+9	2.222612000E-5
1.420983333E+9	2.224155000E-5
1.420986667E+9	2.238153000E-5
1.420990000E+9	2.213429000E-5
1.420993333E+9	2.212989000E-5
1.420996667E+9	2.188815000E-5
1.421000000E+9	2.201154000E-5
1.421003333E+9	2.236308000E-5
1.421006667E+9	2.251675000E-5
1.421010000E+9	2.262234000E-5
1.421013333E+9	2.225711000E-5
1.421016667E+9	2.166938000E-5
1.421020000E+9	2.208392000E-5
1.421023333E+9	2.244396000E-5
1.421026667E+9	2.180247000E-5
1.421030000E+9	2.215829000E-5
1.421033333E+9	2.202853000E-5
1.421036667E+9	2.197459000E-5
1.421040000E+9	2.249498000E-5
1.421043333E+9	2.213951000E-5
1.421046667E+9	2.149662000E-5
1.421050000E+9	2.193369000E-5
1.421053333E+9	2.173970000E-5
1.421056667E+9	2.239505000E-5
1.421060000E+9	2.169380000E-5
1.421063333E+9	2.204840000E-5
1.421066667E+9	2.224622000E-5
1.421070000E+9	2.162624000E-5
1.421073333E+9	2.199262000E-5
1.421076667E+9	2.204472000E-5
1.421080000E+9	2.221280000E-5
1.421083333E+9	2.243502000E-5
1.421086667E+9	2.146026000E-5
1.421090000E+9	2.213174000E-5
1.421093333E+9	2.252703000E-5
1.421096667E+9	2.260943000E-5
1.421100000E+9	2.212693000E-5
1.421103333E+9	2.263722000E-5
1.421106667E+9	2.258630000E-5
1.421110000E+9	2.227161000E-5
1.421113333E+9	2.197240000E-5
1.421116667E+9	2.181109000E-5
1.421120000E+9	2.203567000E-5
1.421123333E+9	2.162894000E-5
1.421126667E+9	2.208986000E-5
1.421130000E+9	2.194364000E-5
1.421133333E+9	2.241140000E-5
1.421136667E+9	2.232628000E-5
1.421140000E+9	2.237114000E-5
1.421143333E+9	2.225315000E-5
1.421146667E+9	2.204852000E-5
1.421150000E+9	2.193976000E-5
1.421153333E+9	2.184040000E-5
1.421156667E+9	2.168899000E-5
1.421160000E+9	2.193077000E-5
1.421163333E+9	2.244623000E-5
1.421166667E+9	2.245547000E-5
1.421170000E+9	2.192117000E-5
1.421173333E+9	2.220013000E-5
1.421176667E+9	2.358761000E-5
1.421180000E+9	2.626269000E-5
1.421183333E+9	2.240188000E-5
1.421186667E+9	2.199980000E-5
1.421190000E+9	2.288643000E-5
1.421193333E+9	2.301717000E-5
1.421196667E+9	2.208002000E-5
1.421200000E+9	2.209966000E-5
1.421203333E+9	2.205445000E-5
1.421206667E+9	2.247851000E-5
1.421210000E+9	2.168025000E-5
1.421213333E+9	2.258710000E-5
1.421216667E+9	2.224133000E-5
1.421220000E+9	2.218645000E-5
1.421223333E+9	2.240056000E-5
1.421226667E+9	2.207803000E-5
1.421230000E+9	2.294254000E-5
1.421233333E+9	2.244502000E-5
1.421236667E+9	2.221563000E-5
1.421240000E+9	2.214445000E-5
1.421243333E+9	2.205952000E-5
1.421246667E+9	2.201456000E-5
1.421250000E+9	2.255347000E-5
1.421253333E+9	2.216109000E-5
1.421256667E+9	2.250236000E-5
1.421260000E+9	2.243460000E-5
1.421263333E+9	2.238158000E-5
1.421266667E+9	2.230105000E-5
1.421270000E+9	2.202430000E-5
1.421273333E+9	2.266928000E-5
1.421276667E+9	2.297980000E-5
1.421280000E+9	2.265938000E-5
1.421283333E+9	2.292189000E-5
1.421286667E+9	2.206543000E-5
1.421290000E+9	2.222115000E-5
1.421293333E+9	2.266129000E-5
1.421296667E+9	2.337505000E-5
1.421300000E+9	2.320851000E-5
1.421303333E+9	2.274482000E-5
1.421306667E+9	2.219764000E-5
1.421310000E+9	2.287872000E-5
1.421313333E+9	2.204092000E-5
1.421316667E+9	2.268235000E-5
1.421320000E+9	2.287478000E-5
1.421323333E+9	2.252169000E-5
1.421326667E+9	2.265174000E-5
1.421330000E+9	2.262281000E-5
1.421333333E+9	2.350187000E-5
1.421336667E+9	2.351209000E-5
1.421340000E+9	2.390567000E-5
1.421343333E+9	2.836885000E-5
1.421346667E+9	2.672473000E-5
1.421350000E+9	2.324156000E-5
1.421353333E+9	2.330749000E-5
1.421356667E+9	2.377949000E-5
1.421360000E+9	2.390515000E-5
1.421363333E+9	2.584281000E-5
1.421366667E+9	2.851869000E-5
1.421370000E+9	2.355963000E-5
1.421373333E+9	2.273017000E-5
1.421376667E+9	2.299797000E-5
1.421380000E+9	2.271039000E-5
1.421383333E+9	2.326027000E-5
1.421386667E+9	2.340098000E-5
1.421390000E+9	2.337946000E-5
1.421393333E+9	2.274662000E-5
1.421396667E+9	2.251475000E-5
1.421400000E+9	2.315725000E-5
