Frequency, Hz	Amplitude, Volts
1.419400000E+9	1.733189000E-5
1.419403333E+9	1.742052000E-5
1.419406667E+9	1.737052000E-5
1.419410000E+9	1.765017000E-5
1.419413333E+9	1.834799000E-5
1.419416667E+9	1.771426000E-5
1.419420000E+9	1.719065000E-5
1.419423333E+9	1.695948000E-5
1.419426667E+9	1.759812000E-5
1.419430000E+9	1.715464000E-5
1.419433333E+9	1.753559000E-5
1.419436667E+9	1.711981000E-5
1.419440000E+9	1.711376000E-5
1.419443333E+9	1.705054000E-5
1.419446667E+9	1.773434000E-5
1.419450000E+9	2.021610000E-5
1.419453333E+9	1.751935000E-5
1.419456667E+9	1.715530000E-5
1.419460000E+9	1.703944000E-5
1.419463333E+9	1.734531000E-5
1.419466667E+9	1.734837000E-5
1.419470000E+9	1.746933000E-5
1.419473333E+9	1.692929000E-5
1.419476667E+9	1.705876000E-5
1.419480000E+9	1.717643000E-5
1.419483333E+9	1.700533000E-5
1.419486667E+9	1.727629000E-5
1.419490000E+9	1.747094000E-5
1.419493333E+9	1.713512000E-5
1.419496667E+9	1.725404000E-5
1.419500000E+9	1.688290000E-5
1.419503333E+9	1.697291000E-5
1.419506667E+9	1.714841000E-5
1.419510000E+9	1.755529000E-5
1.419513333E+9	1.705623000E-5
1.419516667E+9	1.688688000E-5
1.419520000E+9	1.688342000E-5
1.419523333E+9	1.698771000E-5
1.419526667E+9	1.703375000E-5
1.419530000E+9	1.726188000E-5
1.419533333E+9	1.699161000E-5
1.419536667E+9	1.706752000E-5
1.419540000E+9	1.718148000E-5
1.419543333E+9	1.705087000E-5
1.419546667E+9	1.705741000E-5
1.419550000E+9	1.716080000E-5
1.419553333E+9	1.710058000E-5
1.419556667E+9	1.700568000E-5
1.419560000E+9	1.701179000E-5
1.419563333E+9	1.712822000E-5
1.419566667E+9	1.694039000E-5
1.419570000E+9	1.692981000E-5
1.419573333E+9	1.715108000E-5
1.419576667E+9	1.706269000E-5
1.419580000E+9	1.716555000E-5
1.419583333E+9	1.704604000E-5
1.419586667E+9	1.720843000E-5
1.419590000E+9	1.681942000E-5
1.419593333E+9	1.685575000E-5
1.419596667E+9	1.686098000E-5
1.419600000E+9	1.708547000E-5
1.419603333E+9	1.729938000E-5
1.419606667E+9	1.705904000E-5
1.419610000E+9	1.732890000E-5
1.419613333E+9	1.682836000E-5
1.419616667E+9	1.716532000E-5
1.419620000E+9	1.680386000E-5
1.419623333E+9	1.680803000E-5
1.419626667E+9	1.719320000E-5
1.419630000E+9	1.699725000E-5
1.419633333E+9	1.730046000E-5
1.419636667E+9	1.694481000E-5
1.419640000E+9	1.688903000E-5
1.419643333E+9	1.701655000E-5
1.419646667E+9	1.703310000E-5
1.419650000E+9	1.681325000E-5
1.419653333E+9	1.676435000E-5
1.419656667E+9	1.718124000E-5
1.419660000E+9	1.689779000E-5
1.419663333E+9	1.686761000E-5
1.419666667E+9	1.677129000E-5
1.419670000E+9	1.677320000E-5
1.419673333E+9	1.686737000E-5
1.419676667E+9	1.699572000E-5
1.419680000E+9	1.729582000E-5
1.419683333E+9	1.704189000E-5
1.419686667E+9	1.686598000E-5
1.419690000E+9	1.683919000E-5
1.419693333E+9	1.696464000E-5
1.419696667E+9	1.714348000E-5
1.419700000E+9	1.691888000E-5
1.419703333E+9	1.704548000E-5
1.419706667E+9	1.763204000E-5
1.419710000E+9	1.727493000E-5
1.419713333E+9	1.684047000E-5
1.419716667E+9	1.699842000E-5
1.419720000E+9	1.701876000E-5
1.419723333E+9	1.693217000E-5
1.419726667E+9	1.724334000E-5
1.419730000E+9	1.685136000E-5
1.419733333E+9	1.755396000E-5
1.419736667E+9	1.727208000E-5
1.419740000E+9	1.754452000E-5
1.419743333E+9	1.962542000E-5
1.419746667E+9	1.703697000E-5
1.419750000E+9	1.765630000E-5
1.419753333E+9	1.742184000E-5
1.419756667E+9	1.690174000E-5
1.419760000E+9	1.670339000E-5
1.419763333E+9	1.714615000E-5
1.419766667E+9	1.725247000E-5
1.419770000E+9	1.704998000E-5
1.419773333E+9	1.715579000E-5
1.419776667E+9	1.680408000E-5
1.419780000E+9	1.669059000E-5
1.419783333E+9	1.682806000E-5
1.419786667E+9	1.688318000E-5
1.419790000E+9	1.701390000E-5
1.419793333E+9	1.695257000E-5
1.419796667E+9	1.707609000E-5
1.419800000E+9	1.685267000E-5
1.419803333E+9	1.682182000E-5
1.419806667E+9	1.673704000E-5
1.419810000E+9	1.683409000E-5
1.419813333E+9	1.689811000E-5
1.419816667E+9	1.663459000E-5
1.419820000E+9	1.690785000E-5
1.419823333E+9	1.673718000E-5
1.419826667E+9	1.681536000E-5
1.419830000E+9	1.730416000E-5
1.419833333E+9	1.710431000E-5
1.419836667E+9	1.677343000E-5
1.419840000E+9	1.711051000E-5
1.419843333E+9	1.698484000E-5
1.419846667E+9	1.665603000E-5
1.419850000E+9	1.691931000E-5
1.419853333E+9	1.659996000E-5
1.419856667E+9	1.667749000E-5
1.419860000E+9	1.686056000E-5
1.419863333E+9	1.690070000E-5
1.419866667E+9	1.721961000E-5
1.419870000E+9	1.692938000E-5
1.419873333E+9	1.679359000E-5
1.419876667E+9	1.658275000E-5
1.419880000E+9	1.704616000E-5
1.419883333E+9	1.718397000E-5
1.419886667E+9	1.667698000E-5
1.419890000E+9	1.704021000E-5
1.419893333E+9	1.655751000E-5
1.419896667E+9	1.688852000E-5
1.419900000E+9	1.655262000E-5
1.419903333E+9	1.663157000E-5
1.419906667E+9	1.675213000E-5
1.419910000E+9	1.694452000E-5
1.419913333E+9	1.726105000E-5
1.419916667E+9	1.663704000E-5
1.419920000E+9	1.720393000E-5
1.419923333E+9	1.712055000E-5
1.419926667E+9	1.669449000E-5
1.419930000E+9	1.646543000E-5
1.419933333E+9	1.668006000E-5
1.419936667E+9	1.680598000E-5
1.419940000E+9	1.662261000E-5
1.419943333E+9	1.668863000E-5
1.419946667E+9	1.698111000E-5
1.419950000E+9	1.677083000E-5
1.419953333E+9	1.643424000E-5
1.419956667E+9	1.687261000E-5
1.419960000E+9	1.678171000E-5
1.419963333E+9	1.668420000E-5
1.419966667E+9	1.656740000E-5
1.419970000E+9	1.683401000E-5
1.419973333E+9	1.708584000E-5
1.419976667E+9	1.669404000E-5
1.419980000E+9	1.689445000E-5
1.419983333E+9	1.667341000E-5
1.419986667E+9	1.695095000E-5
1.419990000E+9	1.687747000E-5
1.419993333E+9	1.680338000E-5
1.419996667E+9	1.683370000E-5
1.420000000E+9	1.884851000E-5
1.420003333E+9	2.060619000E-5
1.420006667E+9	1.715969000E-5
1.420010000E+9	1.689543000E-5
1.420013333E+9	1.651149000E-5
1.420016667E+9	1.662420000E-5
1.420020000E+9	1.707990000E-5
1.420023333E+9	1.661997000E-5
1.420026667E+9	1.688896000E-5
1.420030000E+9	1.669451000E-5
1.420033333E+9	1.740282000E-5
1.420036667E+9	1.865320000E-5
1.420040000E+9	1.699296000E-5
1.420043333E+9	1.708264000E-5
1.420046667E+9	1.646713000E-5
1.420050000E+9	1.676389000E-5
1.420053333E+9	1.676643000E-5
1.420056667E+9	1.679041000E-5
1.420060000E+9	1.662630000E-5
1.420063333E+9	1.681977000E-5
1.420066667E+9	1.714146000E-5
1.420070000E+9	1.626786000E-5
1.420073333E+9	1.669215000E-5
1.420076667E+9	1.643760000E-5
1.420080000E+9	1.676768000E-5
1.420083333E+9	1.669534000E-5
1.420086667E+9	1.660650000E-5
1.420090000E+9	1.641204000E-5
1.420093333E+9	1.677449000E-5
1.420096667E+9	1.669689000E-5
1.420100000E+9	1.651260000E-5
1.420103333E+9	1.656178000E-5
1.420106667E+9	1.629909000E-5
1.420110000E+9	1.668995000E-5
1.420113333E+9	1.679812000E-5
1.420116667E+9	1.662628000E-5
1.420120000E+9	1.641916000E-5
1.420123333E+9	1.641345000E-5
1.420126667E+9	1.668520000E-5
1.420130000E+9	1.651649000E-5
1.420133333E+9	1.682160000E-5
1.420136667E+9	1.658378000E-5
1.420140000E+9	1.639504000E-5
1.420143333E+9	1.641160000E-5
1.420146667E+9	1.663227000E-5
1.420150000E+9	1.686600000E-5
1.420153333E+9	1.635653000E-5
1.420156667E+9	1.678658000E-5
1.420160000E+9	1.667480000E-5
1.420163333E+9	1.639148000E-5
1.420166667E+9	1.633964000E-5
1.420170000E+9	1.690321000E-5
1.420173333E+9	1.668636000E-5
1.420176667E+9	1.641390000E-5
1.420180000E+9	1.645212000E-5
1.420183333E+9	1.664998000E-5
1.420186667E+9	1.669605000E-5
1.420190000E+9	1.655700000E-5
1.420193333E+9	1.674242000E-5
1.420196667E+9	1.664976000E-5
1.420200000E+9	1.616903000E-5
1.420203333E+9	1.640097000E-5
1.420206667E+9	1.665680000E-5
1.420210000E+9	1.651314000E-5
1.420213333E+9	1.662710000E-5
1.420216667E+9	1.679100000E-5
1.420220000E+9	1.654564000E-5
1.420223333E+9	1.662321000E-5
1.420226667E+9	1.654784000E-5
1.420230000E+9	1.669387000E-5
1.420233333E+9	1.650130000E-5
1.420236667E+9	1.660981000E-5
1.420240000E+9	1.684962000E-5
1.420243333E+9	1.699708000E-5
1.420246667E+9	1.652330000E-5
1.420250000E+9	1.641826000E-5
1.420253333E+9	1.629959000E-5
1.420256667E+9	1.654635000E-5
1.420260000E+9	1.674930000E-5
1.420263333E+9	1.633128000E-5
1.420266667E+9	1.664630000E-5
1.420270000E+9	1.663665000E-5
1.420273333E+9	1.647088000E-5
1.420276667E+9	1.613794000E-5
1.420280000E+9	1.645405000E-5
1.420283333E+9	1.641807000E-5
1.420286667E+9	1.653324000E-5
1.420290000E+9	1.662060000E-5
1.420293333E+9	1.669515000E-5
1.420296667E+9	1.796597000E-5
1.420300000E+9	1.694106000E-5
1.420303333E+9	1.650598000E-5
1.420306667E+9	1.655720000E-5
1.420310000E+9	1.678763000E-5
1.420313333E+9	1.681554000E-5
1.420316667E+9	1.652689000E-5
1.420320000E+9	1.689456000E-5
1.420323333E+9	1.677022000E-5
1.420326667E+9	1.784605000E-5
1.420330000E+9	1.820805000E-5
1.420333333E+9	1.713441000E-5
1.420336667E+9	1.650603000E-5
1.420340000E+9	1.671592000E-5
1.420343333E+9	1.671996000E-5
1.420346667E+9	1.681495000E-5
1.420350000E+9	1.663108000E-5
1.420353333E+9	1.671036000E-5
1.420356667E+9	1.646540000E-5
1.420360000E+9	1.655787000E-5
1.420363333E+9	1.626507000E-5
1.420366667E+9	1.639962000E-5
1.420370000E+9	1.632295000E-5
1.420373333E+9	1.674746000E-5
1.420376667E+9	1.662285000E-5
1.420380000E+9	1.704258000E-5
1.420383333E+9	1.655853000E-5
1.420386667E+9	1.679475000E-5
1.420390000E+9	1.656433000E-5
1.420393333E+9	1.689367000E-5
1.420396667E+9	1.683782000E-5
1.420400000E+9	1.677779000E-5
1.420403333E+9	1.676969000E-5
1.420406667E+9	1.711316000E-5
1.420410000E+9	1.678184000E-5
1.420413333E+9	1.698553000E-5
1.420416667E+9	1.661654000E-5
1.420420000E+9	1.677733000E-5
1.420423333E+9	1.675196000E-5
1.420426667E+9	1.675901000E-5
1.420430000E+9	1.694226000E-5
1.420433333E+9	1.722181000E-5
1.420436667E+9	1.714997000E-5
1.420440000E+9	1.752596000E-5
1.420443333E+9	1.761289000E-5
1.420446667E+9	1.747053000E-5
1.420450000E+9	1.769146000E-5
1.420453333E+9	1.775234000E-5
1.420456667E+9	1.775973000E-5
1.420460000E+9	1.803309000E-5
1.420463333E+9	1.847124000E-5
1.420466667E+9	1.830519000E-5
1.420470000E+9	1.853489000E-5
1.420473333E+9	1.847575000E-5
1.420476667E+9	1.888099000E-5
1.420480000E+9	1.881151000E-5
1.420483333E+9	1.894455000E-5
1.420486667E+9	1.863212000E-5
1.420490000E+9	1.873421000E-5
1.420493333E+9	1.901119000E-5
1.420496667E+9	1.905566000E-5
1.420500000E+9	1.910353000E-5
1.420503333E+9	1.920255000E-5
1.420506667E+9	1.931755000E-5
1.420510000E+9	1.937973000E-5
1.420513333E+9	1.906659000E-5
1.420516667E+9	1.919124000E-5
1.420520000E+9	1.933971000E-5
1.420523333E+9	1.949294000E-5
1.420526667E+9	1.896616000E-5
1.420530000E+9	1.906125000E-5
1.420533333E+9	1.899944000E-5
1.420536667E+9	1.901704000E-5
1.420540000E+9	1.895167000E-5
1.420543333E+9	1.907266000E-5
1.420546667E+9	1.894537000E-5
1.420550000E+9	1.884549000E-5
1.420553333E+9	1.910202000E-5
1.420556667E+9	1.867531000E-5
1.420560000E+9	1.850053000E-5
1.420563333E+9	1.855348000E-5
1.420566667E+9	1.920707000E-5
1.420570000E+9	1.848041000E-5
1.420573333E+9	1.873510000E-5
1.420576667E+9	1.794311000E-5
1.420580000E+9	1.819640000E-5
1.420583333E+9	1.828247000E-5
1.420586667E+9	1.821977000E-5
1.420590000E+9	1.887633000E-5
1.420593333E+9	1.826281000E-5
1.420596667E+9	1.817342000E-5
1.420600000E+9	1.785530000E-5
1.420603333E+9	1.786508000E-5
1.420606667E+9	1.763555000E-5
1.420610000E+9	1.762190000E-5
1.420613333E+9	1.759976000E-5
1.420616667E+9	1.764341000E-5
1.420620000E+9	1.923370000E-5
1.420623333E+9	1.972471000E-5
1.420626667E+9	1.743706000E-5
1.420630000E+9	1.699152000E-5
1.420633333E+9	1.705252000E-5
1.420636667E+9	1.683965000E-5
1.420640000E+9	1.694772000E-5
1.420643333E+9	1.670636000E-5
1.420646667E+9	1.677932000E-5
1.420650000E+9	1.653693000E-5
1.420653333E+9	1.681728000E-5
1.420656667E+9	1.682816000E-5
1.420660000E+9	1.695168000E-5
1.420663333E+9	1.660844000E-5
1.420666667E+9	1.671355000E-5
1.420670000E+9	1.675908000E-5
1.420673333E+9	1.666733000E-5
1.420676667E+9	1.707349000E-5
1.420680000E+9	1.665137000E-5
1.420683333E+9	1.669222000E-5
1.420686667E+9	1.714816000E-5
1.420690000E+9	1.662584000E-5
1.420693333E+9	1.698605000E-5
1.420696667E+9	1.670601000E-5
1.420700000E+9	1.682226000E-5
1.420703333E+9	1.667319000E-5
1.420706667E+9	1.681141000E-5
1.420710000E+9	1.680102000E-5
1.420713333E+9	1.666020000E-5
1.420716667E+9	1.665328000E-5
1.420720000E+9	1.690995000E-5
1.420723333E+9	1.643774000E-5
1.420726667E+9	1.640171000E-5
1.420730000E+9	1.654078000E-5
1.420733333E+9	1.646992000E-5
1.420736667E+9	1.653705000E-5
1.420740000E+9	1.679087000E-5
1.420743333E+9	1.627797000E-5
1.420746667E+9	1.658162000E-5
1.420750000E+9	1.664235000E-5
1.420753333E+9	1.681573000E-5
1.420756667E+9	1.640370000E-5
1.420760000E+9	1.678787000E-5
1.420763333E+9	1.647287000E-5
1.420766667E+9	1.613689000E-5
1.420770000E+9	1.650243000E-5
1.420773333E+9	1.640760000E-5
1.420776667E+9	1.658701000E-5
1.420780000E+9	1.664151000E-5
1.420783333E+9	1.658182000E-5
1.420786667E+9	1.659861000E-5
1.420790000E+9	1.662641000E-5
1.420793333E+9	1.676798000E-5
1.420796667E+9	1.663260000E-5
1.420800000E+9	1.681480000E-5
1.420803333E+9	1.644648000E-5
1.420806667E+9	1.675038000E-5
1.420810000E+9	1.662495000E-5
1.420813333E+9	1.669198000E-5
1.420816667E+9	1.654793000E-5
1.420820000E+9	1.638002000E-5
1.420823333E+9	1.701994000E-5
1.420826667E+9	1.673417000E-5
1.420830000E+9	1.654821000E-5
1.420833333E+9	1.634477000E-5
1.420836667E+9	1.639024000E-5
1.420840000E+9	1.638790000E-5
1.420843333E+9	1.672421000E-5
1.420846667E+9	1.660922000E-5
1.420850000E+9	1.643451000E-5
1.420853333E+9	1.618123000E-5
1.420856667E+9	1.666790000E-5
1.420860000E+9	1.649687000E-5
1.420863333E+9	1.663991000E-5
1.420866667E+9	1.663380000E-5
1.420870000E+9	1.648363000E-5
1.420873333E+9	1.665753000E-5
1.420876667E+9	1.662687000E-5
1.420880000E+9	1.640637000E-5
1.420883333E+9	1.932667000E-5
1.420886667E+9	1.835472000E-5
1.420890000E+9	1.662871000E-5
1.420893333E+9	1.660071000E-5
1.420896667E+9	1.731800000E-5
1.420900000E+9	1.762987000E-5
1.420903333E+9	1.684590000E-5
1.420906667E+9	1.705612000E-5
1.420910000E+9	1.660422000E-5
1.420913333E+9	2.401685000E-5
1.420916667E+9	2.264294000E-5
1.420920000E+9	1.800713000E-5
1.420923333E+9	1.661192000E-5
1.420926667E+9	1.685786000E-5
1.420930000E+9	1.654406000E-5
1.420933333E+9	1.615050000E-5
1.420936667E+9	1.642259000E-5
1.420940000E+9	1.688792000E-5
1.420943333E+9	1.630534000E-5
1.420946667E+9	1.658071000E-5
1.420950000E+9	1.689976000E-5
1.420953333E+9	1.670909000E-5
1.420956667E+9	1.653595000E-5
1.420960000E+9	1.668108000E-5
1.420963333E+9	1.614930000E-5
1.420966667E+9	1.649784000E-5
1.420970000E+9	1.668936000E-5
1.420973333E+9	1.648607000E-5
1.420976667E+9	1.687912000E-5
1.420980000E+9	1.671548000E-5
1.420983333E+9	1.670575000E-5
1.420986667E+9	1.663032000E-5
1.420990000E+9	1.661966000E-5
1.420993333E+9	1.661572000E-5
1.420996667E+9	1.658005000E-5
1.421000000E+9	1.653121000E-5
1.421003333E+9	1.681261000E-5
1.421006667E+9	1.638563000E-5
1.421010000E+9	1.664886000E-5
1.421013333E+9	1.683749000E-5
1.421016667E+9	1.647344000E-5
1.421020000E+9	1.655380000E-5
1.421023333E+9	1.674075000E-5
1.421026667E+9	1.636154000E-5
1.421030000E+9	1.661524000E-5
1.421033333E+9	1.665358000E-5
1.421036667E+9	1.663260000E-5
1.421040000E+9	1.694046000E-5
1.421043333E+9	1.683189000E-5
1.421046667E+9	1.685482000E-5
1.421050000E+9	1.692245000E-5
1.421053333E+9	1.659868000E-5
1.421056667E+9	1.653718000E-5
1.421060000E+9	1.662958000E-5
1.421063333E+9	1.640915000E-5
1.421066667E+9	1.635953000E-5
1.421070000E+9	1.675826000E-5
1.421073333E+9	1.641124000E-5
1.421076667E+9	1.654167000E-5
1.421080000E+9	1.665283000E-5
1.421083333E+9	1.676168000E-5
1.421086667E+9	1.652794000E-5
1.421090000E+9	1.658145000E-5
1.421093333E+9	1.679017000E-5
1.421096667E+9	1.707980000E-5
1.421100000E+9	1.670823000E-5
1.421103333E+9	1.676542000E-5
1.421106667E+9	1.676332000E-5
1.421110000E+9	1.683311000E-5
1.421113333E+9	1.660397000E-5
1.421116667E+9	1.643765000E-5
1.421120000E+9	1.661187000E-5
1.421123333E+9	1.645983000E-5
1.421126667E+9	1.677376000E-5
1.421130000E+9	1.691476000E-5
1.421133333E+9	1.675259000E-5
1.421136667E+9	1.690700000E-5
1.421140000E+9	1.659961000E-5
1.421143333E+9	1.686102000E-5
1.421146667E+9	1.641926000E-5
1.421150000E+9	1.636814000E-5
1.421153333E+9	1.684766000E-5
1.421156667E+9	1.655184000E-5
1.421160000E+9	1.661104000E-5
1.421163333E+9	1.679788000E-5
1.421166667E+9	1.653313000E-5
1.421170000E+9	1.684834000E-5
1.421173333E+9	1.681935000E-5
1.421176667E+9	1.866834000E-5
1.421180000E+9	2.057470000E-5
1.421183333E+9	1.660353000E-5
1.421186667E+9	1.671305000E-5
1.421190000E+9	1.681947000E-5
1.421193333E+9	1.701624000E-5
1.421196667E+9	1.692453000E-5
1.421200000E+9	1.675765000E-5
1.421203333E+9	1.699658000E-5
1.421206667E+9	1.976418000E-5
1.421210000E+9	1.822551000E-5
1.421213333E+9	1.762616000E-5
1.421216667E+9	1.673215000E-5
1.421220000E+9	1.665297000E-5
1.421223333E+9	1.626736000E-5
1.421226667E+9	1.662663000E-5
1.421230000E+9	1.654190000E-5
1.421233333E+9	1.686221000E-5
1.421236667E+9	1.664223000E-5
1.421240000E+9	1.619068000E-5
1.421243333E+9	1.645295000E-5
1.421246667E+9	1.689289000E-5
1.421250000E+9	1.701560000E-5
1.421253333E+9	1.672032000E-5
1.421256667E+9	1.647296000E-5
1.421260000E+9	1.688381000E-5
1.421263333E+9	1.675053000E-5
1.421266667E+9	1.659387000E-5
1.421270000E+9	1.670403000E-5
1.421273333E+9	1.646243000E-5
1.421276667E+9	1.669679000E-5
1.421280000E+9	1.692505000E-5
1.421283333E+9	1.697174000E-5
1.421286667E+9	1.649122000E-5
1.421290000E+9	1.655649000E-5
1.421293333E+9	1.657506000E-5
1.421296667E+9	1.683387000E-5
1.421300000E+9	1.647430000E-5
1.421303333E+9	1.645344000E-5
1.421306667E+9	1.673773000E-5
1.421310000E+9	1.642347000E-5
1.421313333E+9	1.619767000E-5
1.421316667E+9	1.636824000E-5
1.421320000E+9	1.669336000E-5
1.421323333E+9	1.684485000E-5
1.421326667E+9	1.695933000E-5
1.421330000E+9	1.670907000E-5
1.421333333E+9	1.649678000E-5
1.421336667E+9	1.659648000E-5
1.421340000E+9	1.638315000E-5
1.421343333E+9	1.679216000E-5
1.421346667E+9	1.810572000E-5
1.421350000E+9	1.709464000E-5
1.421353333E+9	1.645929000E-5
1.421356667E+9	1.699021000E-5
1.421360000E+9	1.673645000E-5
1.421363333E+9	1.632239000E-5
1.421366667E+9	1.659460000E-5
1.421370000E+9	1.656138000E-5
1.421373333E+9	1.659453000E-5
1.421376667E+9	1.642001000E-5
1.421380000E+9	1.644727000E-5
1.421383333E+9	1.627520000E-5
1.421386667E+9	1.673384000E-5
1.421390000E+9	1.678260000E-5
1.421393333E+9	1.633609000E-5
1.421396667E+9	1.649611000E-5
1.421400000E+9	1.655857000E-5
