Frequency, Hz	Amplitude, Volts
1.419400000E+9	1.563001000E-5
1.419403333E+9	1.570630000E-5
1.419406667E+9	1.530220000E-5
1.419410000E+9	1.570224000E-5
1.419413333E+9	1.574460000E-5
1.419416667E+9	1.580992000E-5
1.419420000E+9	1.568667000E-5
1.419423333E+9	1.591886000E-5
1.419426667E+9	1.601391000E-5
1.419430000E+9	1.591861000E-5
1.419433333E+9	1.570208000E-5
1.419436667E+9	1.557327000E-5
1.419440000E+9	1.603858000E-5
1.419443333E+9	1.588542000E-5
1.419446667E+9	1.607664000E-5
1.419450000E+9	1.801368000E-5
1.419453333E+9	1.629950000E-5
1.419456667E+9	1.597485000E-5
1.419460000E+9	1.573617000E-5
1.419463333E+9	1.568607000E-5
1.419466667E+9	1.588376000E-5
1.419470000E+9	1.563876000E-5
1.419473333E+9	1.582052000E-5
1.419476667E+9	1.567295000E-5
1.419480000E+9	1.591603000E-5
1.419483333E+9	1.572413000E-5
1.419486667E+9	1.609503000E-5
1.419490000E+9	1.569260000E-5
1.419493333E+9	1.582328000E-5
1.419496667E+9	1.567965000E-5
1.419500000E+9	1.573808000E-5
1.419503333E+9	1.558879000E-5
1.419506667E+9	1.593869000E-5
1.419510000E+9	1.552857000E-5
1.419513333E+9	1.580375000E-5
1.419516667E+9	1.579299000E-5
1.419520000E+9	1.596789000E-5
1.419523333E+9	1.564967000E-5
1.419526667E+9	1.584487000E-5
1.419530000E+9	1.547955000E-5
1.419533333E+9	1.567261000E-5
1.419536667E+9	1.560720000E-5
1.419540000E+9	1.579682000E-5
1.419543333E+9	1.588136000E-5
1.419546667E+9	1.580019000E-5
1.419550000E+9	1.562651000E-5
1.419553333E+9	1.570570000E-5
1.419556667E+9	1.555277000E-5
1.419560000E+9	1.563651000E-5
1.419563333E+9	1.578869000E-5
1.419566667E+9	1.579119000E-5
1.419570000E+9	1.563457000E-5
1.419573333E+9	1.584143000E-5
1.419576667E+9	1.571867000E-5
1.419580000E+9	1.590279000E-5
1.419583333E+9	1.583937000E-5
1.419586667E+9	1.573648000E-5
1.419590000E+9	1.546616000E-5
1.419593333E+9	1.567077000E-5
1.419596667E+9	1.575124000E-5
1.419600000E+9	1.569136000E-5
1.419603333E+9	1.544237000E-5
1.419606667E+9	1.552486000E-5
1.419610000E+9	1.585117000E-5
1.419613333E+9	1.555702000E-5
1.419616667E+9	1.578124000E-5
1.419620000E+9	1.581034000E-5
1.419623333E+9	1.553531000E-5
1.419626667E+9	1.577427000E-5
1.419630000E+9	1.576615000E-5
1.419633333E+9	1.539664000E-5
1.419636667E+9	1.557728000E-5
1.419640000E+9	1.556748000E-5
1.419643333E+9	1.556165000E-5
1.419646667E+9	1.554449000E-5
1.419650000E+9	1.560059000E-5
1.419653333E+9	1.561894000E-5
1.419656667E+9	1.563262000E-5
1.419660000E+9	1.542053000E-5
1.419663333E+9	1.561354000E-5
1.419666667E+9	1.599177000E-5
1.419670000E+9	1.598482000E-5
1.419673333E+9	1.590546000E-5
1.419676667E+9	1.542864000E-5
1.419680000E+9	1.562280000E-5
1.419683333E+9	1.538544000E-5
1.419686667E+9	1.577237000E-5
1.419690000E+9	1.559026000E-5
1.419693333E+9	1.598439000E-5
1.419696667E+9	1.564464000E-5
1.419700000E+9	1.582243000E-5
1.419703333E+9	1.558901000E-5
1.419706667E+9	1.557174000E-5
1.419710000E+9	1.613806000E-5
1.419713333E+9	1.598476000E-5
1.419716667E+9	1.549951000E-5
1.419720000E+9	1.561493000E-5
1.419723333E+9	1.579100000E-5
1.419726667E+9	1.555615000E-5
1.419730000E+9	1.582451000E-5
1.419733333E+9	1.791215000E-5
1.419736667E+9	1.576126000E-5
1.419740000E+9	1.636594000E-5
1.419743333E+9	1.788638000E-5
1.419746667E+9	1.606424000E-5
1.419750000E+9	1.579896000E-5
1.419753333E+9	1.589409000E-5
1.419756667E+9	1.581777000E-5
1.419760000E+9	1.596722000E-5
1.419763333E+9	1.574472000E-5
1.419766667E+9	1.589083000E-5
1.419770000E+9	1.557302000E-5
1.419773333E+9	1.602497000E-5
1.419776667E+9	1.589587000E-5
1.419780000E+9	1.565820000E-5
1.419783333E+9	1.584315000E-5
1.419786667E+9	1.591982000E-5
1.419790000E+9	1.585728000E-5
1.419793333E+9	1.556374000E-5
1.419796667E+9	1.571011000E-5
1.419800000E+9	1.538659000E-5
1.419803333E+9	1.588915000E-5
1.419806667E+9	1.556230000E-5
1.419810000E+9	1.547205000E-5
1.419813333E+9	1.574216000E-5
1.419816667E+9	1.588928000E-5
1.419820000E+9	1.558557000E-5
1.419823333E+9	1.554468000E-5
1.419826667E+9	1.543618000E-5
1.419830000E+9	1.571705000E-5
1.419833333E+9	1.546468000E-5
1.419836667E+9	1.555557000E-5
1.419840000E+9	1.562150000E-5
1.419843333E+9	1.574598000E-5
1.419846667E+9	1.577902000E-5
1.419850000E+9	1.567393000E-5
1.419853333E+9	1.583077000E-5
1.419856667E+9	1.586583000E-5
1.419860000E+9	1.582576000E-5
1.419863333E+9	1.599417000E-5
1.419866667E+9	1.587771000E-5
1.419870000E+9	1.592891000E-5
1.419873333E+9	1.603343000E-5
1.419876667E+9	1.581840000E-5
1.419880000E+9	1.563428000E-5
1.419883333E+9	1.585883000E-5
1.419886667E+9	1.548189000E-5
1.419890000E+9	1.582331000E-5
1.419893333E+9	1.594002000E-5
1.419896667E+9	1.640068000E-5
1.419900000E+9	1.599328000E-5
1.419903333E+9	1.556223000E-5
1.419906667E+9	1.584670000E-5
1.419910000E+9	1.574631000E-5
1.419913333E+9	1.581011000E-5
1.419916667E+9	1.625120000E-5
1.419920000E+9	1.594020000E-5
1.419923333E+9	1.585878000E-5
1.419926667E+9	1.604989000E-5
1.419930000E+9	1.616367000E-5
1.419933333E+9	1.586146000E-5
1.419936667E+9	1.595653000E-5
1.419940000E+9	1.600002000E-5
1.419943333E+9	1.598838000E-5
1.419946667E+9	1.620187000E-5
1.419950000E+9	1.608411000E-5
1.419953333E+9	1.614981000E-5
1.419956667E+9	1.599900000E-5
1.419960000E+9	1.584021000E-5
1.419963333E+9	1.636187000E-5
1.419966667E+9	1.610692000E-5
1.419970000E+9	1.619639000E-5
1.419973333E+9	1.632884000E-5
1.419976667E+9	1.618155000E-5
1.419980000E+9	1.675250000E-5
1.419983333E+9	1.618381000E-5
1.419986667E+9	1.633282000E-5
1.419990000E+9	1.640277000E-5
1.419993333E+9	1.633435000E-5
1.419996667E+9	1.604899000E-5
1.420000000E+9	1.627070000E-5
1.420003333E+9	1.630702000E-5
1.420006667E+9	1.603706000E-5
1.420010000E+9	1.627368000E-5
1.420013333E+9	1.604173000E-5
1.420016667E+9	1.604800000E-5
1.420020000E+9	1.627901000E-5
1.420023333E+9	1.646498000E-5
1.420026667E+9	1.648550000E-5
1.420030000E+9	1.619740000E-5
1.420033333E+9	1.677825000E-5
1.420036667E+9	1.767662000E-5
1.420040000E+9	1.655409000E-5
1.420043333E+9	1.653208000E-5
1.420046667E+9	1.645047000E-5
1.420050000E+9	1.638538000E-5
1.420053333E+9	1.629457000E-5
1.420056667E+9	1.598650000E-5
1.420060000E+9	1.621135000E-5
1.420063333E+9	1.623754000E-5
1.420066667E+9	1.601605000E-5
1.420070000E+9	1.590609000E-5
1.420073333E+9	1.632886000E-5
1.420076667E+9	1.655104000E-5
1.420080000E+9	1.635601000E-5
1.420083333E+9	1.642126000E-5
1.420086667E+9	1.672513000E-5
1.420090000E+9	1.676288000E-5
1.420093333E+9	1.665290000E-5
1.420096667E+9	1.670546000E-5
1.420100000E+9	1.659522000E-5
1.420103333E+9	1.646938000E-5
1.420106667E+9	1.652562000E-5
1.420110000E+9	1.651022000E-5
1.420113333E+9	1.663536000E-5
1.420116667E+9	1.658673000E-5
1.420120000E+9	1.679257000E-5
1.420123333E+9	1.682847000E-5
1.420126667E+9	1.640372000E-5
1.420130000E+9	1.647449000E-5
1.420133333E+9	1.651481000E-5
1.420136667E+9	1.669281000E-5
1.420140000E+9	1.643847000E-5
1.420143333E+9	1.621217000E-5
1.420146667E+9	1.666605000E-5
1.420150000E+9	1.650669000E-5
1.420153333E+9	1.673178000E-5
1.420156667E+9	1.674301000E-5
1.420160000E+9	1.704979000E-5
1.420163333E+9	1.653727000E-5
1.420166667E+9	1.668504000E-5
1.420170000E+9	1.688570000E-5
1.420173333E+9	1.683061000E-5
1.420176667E+9	1.683645000E-5
1.420180000E+9	1.666770000E-5
1.420183333E+9	1.674628000E-5
1.420186667E+9	1.741104000E-5
1.420190000E+9	1.684037000E-5
1.420193333E+9	1.682372000E-5
1.420196667E+9	1.709299000E-5
1.420200000E+9	1.718490000E-5
1.420203333E+9	1.703340000E-5
1.420206667E+9	1.712711000E-5
1.420210000E+9	1.709444000E-5
1.420213333E+9	1.739606000E-5
1.420216667E+9	1.696041000E-5
1.420220000E+9	1.704947000E-5
1.420223333E+9	1.697530000E-5
1.420226667E+9	1.714447000E-5
1.420230000E+9	1.710259000E-5
1.420233333E+9	1.713243000E-5
1.420236667E+9	1.709382000E-5
1.420240000E+9	1.696986000E-5
1.420243333E+9	1.685747000E-5
1.420246667E+9	1.685847000E-5
1.420250000E+9	1.680906000E-5
1.420253333E+9	1.681358000E-5
1.420256667E+9	1.716075000E-5
1.420260000E+9	1.669081000E-5
1.420263333E+9	1.730749000E-5
1.420266667E+9	1.759105000E-5
1.420270000E+9	1.704844000E-5
1.420273333E+9	1.701250000E-5
1.420276667E+9	1.675290000E-5
1.420280000E+9	1.701362000E-5
1.420283333E+9	1.720640000E-5
1.420286667E+9	1.676534000E-5
1.420290000E+9	1.727554000E-5
1.420293333E+9	1.725862000E-5
1.420296667E+9	1.697563000E-5
1.420300000E+9	1.731439000E-5
1.420303333E+9	1.697865000E-5
1.420306667E+9	1.746798000E-5
1.420310000E+9	1.739453000E-5
1.420313333E+9	1.731079000E-5
1.420316667E+9	1.682969000E-5
1.420320000E+9	1.669515000E-5
1.420323333E+9	1.678536000E-5
1.420326667E+9	1.826652000E-5
1.420330000E+9	1.888987000E-5
1.420333333E+9	1.758709000E-5
1.420336667E+9	1.752446000E-5
1.420340000E+9	1.734807000E-5
1.420343333E+9	1.727478000E-5
1.420346667E+9	1.778645000E-5
1.420350000E+9	1.705415000E-5
1.420353333E+9	1.720262000E-5
1.420356667E+9	1.710920000E-5
1.420360000E+9	1.671016000E-5
1.420363333E+9	1.679908000E-5
1.420366667E+9	1.679353000E-5
1.420370000E+9	1.636939000E-5
1.420373333E+9	1.636054000E-5
1.420376667E+9	1.603277000E-5
1.420380000E+9	1.584108000E-5
1.420383333E+9	1.622786000E-5
1.420386667E+9	1.568015000E-5
1.420390000E+9	1.589048000E-5
1.420393333E+9	1.585430000E-5
1.420396667E+9	1.580722000E-5
1.420400000E+9	1.589832000E-5
1.420403333E+9	1.553042000E-5
1.420406667E+9	1.583612000E-5
1.420410000E+9	1.561083000E-5
1.420413333E+9	1.590977000E-5
1.420416667E+9	1.594669000E-5
1.420420000E+9	1.583800000E-5
1.420423333E+9	1.583431000E-5
1.420426667E+9	1.602516000E-5
1.420430000E+9	1.622118000E-5
1.420433333E+9	1.571143000E-5
1.420436667E+9	1.573003000E-5
1.420440000E+9	1.571602000E-5
1.420443333E+9	1.607098000E-5
1.420446667E+9	1.593446000E-5
1.420450000E+9	1.623339000E-5
1.420453333E+9	1.610150000E-5
1.420456667E+9	1.619888000E-5
1.420460000E+9	1.589451000E-5
1.420463333E+9	1.582255000E-5
1.420466667E+9	1.592618000E-5
1.420470000E+9	1.586905000E-5
1.420473333E+9	1.606976000E-5
1.420476667E+9	1.592323000E-5
1.420480000E+9	1.590682000E-5
1.420483333E+9	1.603556000E-5
1.420486667E+9	1.620618000E-5
1.420490000E+9	1.601000000E-5
1.420493333E+9	1.634072000E-5
1.420496667E+9	1.624189000E-5
1.420500000E+9	1.599474000E-5
1.420503333E+9	1.590249000E-5
1.420506667E+9	1.620600000E-5
1.420510000E+9	1.619842000E-5
1.420513333E+9	1.611833000E-5
1.420516667E+9	1.618464000E-5
1.420520000E+9	1.604499000E-5
1.420523333E+9	1.624292000E-5
1.420526667E+9	1.629764000E-5
1.420530000E+9	1.646749000E-5
1.420533333E+9	1.630598000E-5
1.420536667E+9	1.619253000E-5
1.420540000E+9	1.587160000E-5
1.420543333E+9	1.602446000E-5
1.420546667E+9	1.573862000E-5
1.420550000E+9	1.615964000E-5
1.420553333E+9	1.606646000E-5
1.420556667E+9	1.577453000E-5
1.420560000E+9	1.635680000E-5
1.420563333E+9	1.604620000E-5
1.420566667E+9	1.623437000E-5
1.420570000E+9	1.598554000E-5
1.420573333E+9	1.563013000E-5
1.420576667E+9	1.621639000E-5
1.420580000E+9	1.635716000E-5
1.420583333E+9	1.563138000E-5
1.420586667E+9	1.574354000E-5
1.420590000E+9	1.592414000E-5
1.420593333E+9	1.596507000E-5
1.420596667E+9	1.615648000E-5
1.420600000E+9	1.605630000E-5
1.420603333E+9	1.624567000E-5
1.420606667E+9	1.631782000E-5
1.420610000E+9	1.650777000E-5
1.420613333E+9	1.649603000E-5
1.420616667E+9	1.626832000E-5
1.420620000E+9	1.787921000E-5
1.420623333E+9	1.816314000E-5
1.420626667E+9	1.653869000E-5
1.420630000E+9	1.624803000E-5
1.420633333E+9	1.609103000E-5
1.420636667E+9	1.613326000E-5
1.420640000E+9	1.646421000E-5
1.420643333E+9	1.660346000E-5
1.420646667E+9	1.635534000E-5
1.420650000E+9	1.555837000E-5
1.420653333E+9	1.579899000E-5
1.420656667E+9	1.639218000E-5
1.420660000E+9	1.589573000E-5
1.420663333E+9	1.554416000E-5
1.420666667E+9	1.591660000E-5
1.420670000E+9	1.588607000E-5
1.420673333E+9	1.607624000E-5
1.420676667E+9	1.578457000E-5
1.420680000E+9	1.583496000E-5
1.420683333E+9	1.551039000E-5
1.420686667E+9	1.594280000E-5
1.420690000E+9	1.576821000E-5
1.420693333E+9	1.563312000E-5
1.420696667E+9	1.598963000E-5
1.420700000E+9	1.561293000E-5
1.420703333E+9	1.552377000E-5
1.420706667E+9	1.584129000E-5
1.420710000E+9	1.571398000E-5
1.420713333E+9	1.558855000E-5
1.420716667E+9	1.593003000E-5
1.420720000E+9	1.613328000E-5
1.420723333E+9	1.545574000E-5
1.420726667E+9	1.543681000E-5
1.420730000E+9	1.565153000E-5
1.420733333E+9	1.590614000E-5
1.420736667E+9	1.602882000E-5
1.420740000E+9	1.552648000E-5
1.420743333E+9	1.536751000E-5
1.420746667E+9	1.521158000E-5
1.420750000E+9	1.555120000E-5
1.420753333E+9	1.604874000E-5
1.420756667E+9	1.635608000E-5
1.420760000E+9	1.530126000E-5
1.420763333E+9	1.544990000E-5
1.420766667E+9	1.566483000E-5
1.420770000E+9	1.578723000E-5
1.420773333E+9	1.574531000E-5
1.420776667E+9	1.581097000E-5
1.420780000E+9	1.519874000E-5
1.420783333E+9	1.565673000E-5
1.420786667E+9	1.581093000E-5
1.420790000E+9	1.605895000E-5
1.420793333E+9	1.674143000E-5
1.420796667E+9	1.594982000E-5
1.420800000E+9	1.559264000E-5
1.420803333E+9	1.589074000E-5
1.420806667E+9	1.560042000E-5
1.420810000E+9	1.555328000E-5
1.420813333E+9	1.552579000E-5
1.420816667E+9	1.548606000E-5
1.420820000E+9	1.531788000E-5
1.420823333E+9	1.565529000E-5
1.420826667E+9	1.551451000E-5
1.420830000E+9	1.583715000E-5
1.420833333E+9	1.559511000E-5
1.420836667E+9	1.579271000E-5
1.420840000E+9	1.570151000E-5
1.420843333E+9	1.562447000E-5
1.420846667E+9	1.579167000E-5
1.420850000E+9	1.559701000E-5
1.420853333E+9	1.578439000E-5
1.420856667E+9	1.561015000E-5
1.420860000E+9	1.571564000E-5
1.420863333E+9	1.573475000E-5
1.420866667E+9	1.609372000E-5
1.420870000E+9	1.558740000E-5
1.420873333E+9	1.539795000E-5
1.420876667E+9	1.538100000E-5
1.420880000E+9	1.537720000E-5
1.420883333E+9	1.586195000E-5
1.420886667E+9	1.582163000E-5
1.420890000E+9	1.561834000E-5
1.420893333E+9	1.574154000E-5
1.420896667E+9	1.562843000E-5
1.420900000E+9	1.591748000E-5
1.420903333E+9	1.656311000E-5
1.420906667E+9	1.713856000E-5
1.420910000E+9	1.585672000E-5
1.420913333E+9	2.067166000E-5
1.420916667E+9	2.012397000E-5
1.420920000E+9	1.731498000E-5
1.420923333E+9	1.585937000E-5
1.420926667E+9	1.567858000E-5
1.420930000E+9	1.556674000E-5
1.420933333E+9	1.608623000E-5
1.420936667E+9	1.587100000E-5
1.420940000E+9	1.616668000E-5
1.420943333E+9	1.626620000E-5
1.420946667E+9	1.562815000E-5
1.420950000E+9	1.567111000E-5
1.420953333E+9	1.571969000E-5
1.420956667E+9	1.570070000E-5
1.420960000E+9	1.573192000E-5
1.420963333E+9	1.557521000E-5
1.420966667E+9	1.564855000E-5
1.420970000E+9	1.561661000E-5
1.420973333E+9	1.550884000E-5
1.420976667E+9	1.528625000E-5
1.420980000E+9	1.580545000E-5
1.420983333E+9	1.564817000E-5
1.420986667E+9	1.609605000E-5
1.420990000E+9	1.567879000E-5
1.420993333E+9	1.541830000E-5
1.420996667E+9	1.555613000E-5
1.421000000E+9	1.546429000E-5
1.421003333E+9	1.564180000E-5
1.421006667E+9	1.546112000E-5
1.421010000E+9	1.549213000E-5
1.421013333E+9	1.579302000E-5
1.421016667E+9	1.607811000E-5
1.421020000E+9	1.579835000E-5
1.421023333E+9	1.559141000E-5
1.421026667E+9	1.554186000E-5
1.421030000E+9	1.553205000E-5
1.421033333E+9	1.568580000E-5
1.421036667E+9	1.580204000E-5
1.421040000E+9	1.543841000E-5
1.421043333E+9	1.548747000E-5
1.421046667E+9	1.551407000E-5
1.421050000E+9	1.560405000E-5
1.421053333E+9	1.617871000E-5
1.421056667E+9	1.592183000E-5
1.421060000E+9	1.555835000E-5
1.421063333E+9	1.569231000E-5
1.421066667E+9	1.550266000E-5
1.421070000E+9	1.550537000E-5
1.421073333E+9	1.537586000E-5
1.421076667E+9	1.553042000E-5
1.421080000E+9	1.544074000E-5
1.421083333E+9	1.567671000E-5
1.421086667E+9	1.542035000E-5
1.421090000E+9	1.620110000E-5
1.421093333E+9	1.606828000E-5
1.421096667E+9	1.567531000E-5
1.421100000E+9	1.579852000E-5
1.421103333E+9	1.530467000E-5
1.421106667E+9	1.566392000E-5
1.421110000E+9	1.559442000E-5
1.421113333E+9	1.549187000E-5
1.421116667E+9	1.553488000E-5
1.421120000E+9	1.562876000E-5
1.421123333E+9	1.556650000E-5
1.421126667E+9	1.576574000E-5
1.421130000E+9	1.585919000E-5
1.421133333E+9	1.566679000E-5
1.421136667E+9	1.553111000E-5
1.421140000E+9	1.572606000E-5
1.421143333E+9	1.550498000E-5
1.421146667E+9	1.550288000E-5
1.421150000E+9	1.562071000E-5
1.421153333E+9	1.547114000E-5
1.421156667E+9	1.579840000E-5
1.421160000E+9	1.568731000E-5
1.421163333E+9	1.552787000E-5
1.421166667E+9	1.579237000E-5
1.421170000E+9	1.545689000E-5
1.421173333E+9	1.560281000E-5
1.421176667E+9	1.580479000E-5
1.421180000E+9	1.631750000E-5
1.421183333E+9	1.539433000E-5
1.421186667E+9	1.562356000E-5
1.421190000E+9	1.547231000E-5
1.421193333E+9	1.578935000E-5
1.421196667E+9	1.579681000E-5
1.421200000E+9	1.622065000E-5
1.421203333E+9	1.604065000E-5
1.421206667E+9	1.796986000E-5
1.421210000E+9	1.728768000E-5
1.421213333E+9	1.604860000E-5
1.421216667E+9	1.585246000E-5
1.421220000E+9	1.543171000E-5
1.421223333E+9	1.548317000E-5
1.421226667E+9	1.558260000E-5
1.421230000E+9	1.579672000E-5
1.421233333E+9	1.566060000E-5
1.421236667E+9	1.543593000E-5
1.421240000E+9	1.590869000E-5
1.421243333E+9	1.564989000E-5
1.421246667E+9	1.557620000E-5
1.421250000E+9	1.565763000E-5
1.421253333E+9	1.548783000E-5
1.421256667E+9	1.550932000E-5
1.421260000E+9	1.552288000E-5
1.421263333E+9	1.551429000E-5
1.421266667E+9	1.585784000E-5
1.421270000E+9	1.598433000E-5
1.421273333E+9	1.571800000E-5
1.421276667E+9	1.611182000E-5
1.421280000E+9	1.582382000E-5
1.421283333E+9	1.558104000E-5
1.421286667E+9	1.551409000E-5
1.421290000E+9	1.562218000E-5
1.421293333E+9	1.528808000E-5
1.421296667E+9	1.565471000E-5
1.421300000E+9	1.626411000E-5
1.421303333E+9	1.550700000E-5
1.421306667E+9	1.554597000E-5
1.421310000E+9	1.560117000E-5
1.421313333E+9	1.592639000E-5
1.421316667E+9	1.551112000E-5
1.421320000E+9	1.570075000E-5
1.421323333E+9	1.586733000E-5
1.421326667E+9	1.535994000E-5
1.421330000E+9	1.567374000E-5
1.421333333E+9	1.558359000E-5
1.421336667E+9	1.552479000E-5
1.421340000E+9	1.553159000E-5
1.421343333E+9	1.588221000E-5
1.421346667E+9	1.581812000E-5
1.421350000E+9	1.571653000E-5
1.421353333E+9	1.566169000E-5
1.421356667E+9	1.610173000E-5
1.421360000E+9	1.598963000E-5
1.421363333E+9	1.628594000E-5
1.421366667E+9	1.768920000E-5
1.421370000E+9	1.590066000E-5
1.421373333E+9	1.579334000E-5
1.421376667E+9	1.563682000E-5
1.421380000E+9	1.561335000E-5
1.421383333E+9	1.553587000E-5
1.421386667E+9	1.578124000E-5
1.421390000E+9	1.599748000E-5
1.421393333E+9	1.557150000E-5
1.421396667E+9	1.550562000E-5
1.421400000E+9	1.566617000E-5
