Frequency, Hz	Amplitude, Volts
1.419400000E+9	1.520027000E-5
1.419403333E+9	1.529274000E-5
1.419406667E+9	1.528282000E-5
1.419410000E+9	1.470654000E-5
1.419413333E+9	1.685712000E-5
1.419416667E+9	1.569288000E-5
1.419420000E+9	1.502629000E-5
1.419423333E+9	1.529508000E-5
1.419426667E+9	1.503797000E-5
1.419430000E+9	1.503764000E-5
1.419433333E+9	1.539619000E-5
1.419436667E+9	1.528244000E-5
1.419440000E+9	1.560723000E-5
1.419443333E+9	1.523409000E-5
1.419446667E+9	1.624926000E-5
1.419450000E+9	2.099784000E-5
1.419453333E+9	1.633820000E-5
1.419456667E+9	1.514611000E-5
1.419460000E+9	1.510858000E-5
1.419463333E+9	1.506060000E-5
1.419466667E+9	1.494079000E-5
1.419470000E+9	1.513052000E-5
1.419473333E+9	1.514786000E-5
1.419476667E+9	1.516946000E-5
1.419480000E+9	1.516440000E-5
1.419483333E+9	1.552395000E-5
1.419486667E+9	1.499369000E-5
1.419490000E+9	1.541347000E-5
1.419493333E+9	1.541188000E-5
1.419496667E+9	1.506405000E-5
1.419500000E+9	1.510216000E-5
1.419503333E+9	1.503977000E-5
1.419506667E+9	1.514344000E-5
1.419510000E+9	1.497643000E-5
1.419513333E+9	1.518201000E-5
1.419516667E+9	1.534172000E-5
1.419520000E+9	1.546236000E-5
1.419523333E+9	1.529316000E-5
1.419526667E+9	1.531218000E-5
1.419530000E+9	1.532110000E-5
1.419533333E+9	1.474800000E-5
1.419536667E+9	1.511248000E-5
1.419540000E+9	1.531311000E-5
1.419543333E+9	1.525121000E-5
1.419546667E+9	1.515491000E-5
1.419550000E+9	1.531044000E-5
1.419553333E+9	1.483474000E-5
1.419556667E+9	1.529639000E-5
1.419560000E+9	1.515724000E-5
1.419563333E+9	1.545509000E-5
1.419566667E+9	1.529763000E-5
1.419570000E+9	1.507284000E-5
1.419573333E+9	1.548082000E-5
1.419576667E+9	1.517616000E-5
1.419580000E+9	1.505836000E-5
1.419583333E+9	1.525659000E-5
1.419586667E+9	1.509695000E-5
1.419590000E+9	1.511020000E-5
1.419593333E+9	1.517266000E-5
1.419596667E+9	1.500421000E-5
1.419600000E+9	1.516953000E-5
1.419603333E+9	1.543263000E-5
1.419606667E+9	1.519612000E-5
1.419610000E+9	1.523630000E-5
1.419613333E+9	1.512612000E-5
1.419616667E+9	1.522840000E-5
1.419620000E+9	1.485203000E-5
1.419623333E+9	1.504385000E-5
1.419626667E+9	1.547336000E-5
1.419630000E+9	1.502863000E-5
1.419633333E+9	1.522570000E-5
1.419636667E+9	1.522625000E-5
1.419640000E+9	1.507964000E-5
1.419643333E+9	1.522541000E-5
1.419646667E+9	1.527283000E-5
1.419650000E+9	1.517403000E-5
1.419653333E+9	1.539382000E-5
1.419656667E+9	1.487615000E-5
1.419660000E+9	1.514759000E-5
1.419663333E+9	1.502692000E-5
1.419666667E+9	1.506112000E-5
1.419670000E+9	1.508794000E-5
1.419673333E+9	1.519143000E-5
1.419676667E+9	1.521301000E-5
1.419680000E+9	1.513571000E-5
1.419683333E+9	1.518779000E-5
1.419686667E+9	1.517045000E-5
1.419690000E+9	1.523616000E-5
1.419693333E+9	1.532148000E-5
1.419696667E+9	1.513800000E-5
1.419700000E+9	1.520849000E-5
1.419703333E+9	1.510020000E-5
1.419706667E+9	1.566272000E-5
1.419710000E+9	1.546803000E-5
1.419713333E+9	1.531930000E-5
1.419716667E+9	1.467929000E-5
1.419720000E+9	1.502274000E-5
1.419723333E+9	1.555065000E-5
1.419726667E+9	1.533165000E-5
1.419730000E+9	1.514462000E-5
1.419733333E+9	1.619780000E-5
1.419736667E+9	1.506521000E-5
1.419740000E+9	1.705692000E-5
1.419743333E+9	2.082346000E-5
1.419746667E+9	1.565680000E-5
1.419750000E+9	1.577469000E-5
1.419753333E+9	1.531396000E-5
1.419756667E+9	1.509602000E-5
1.419760000E+9	1.529718000E-5
1.419763333E+9	1.521178000E-5
1.419766667E+9	1.513946000E-5
1.419770000E+9	1.517914000E-5
1.419773333E+9	1.509099000E-5
1.419776667E+9	1.519553000E-5
1.419780000E+9	1.548614000E-5
1.419783333E+9	1.501735000E-5
1.419786667E+9	1.512006000E-5
1.419790000E+9	1.566454000E-5
1.419793333E+9	1.529335000E-5
1.419796667E+9	1.514650000E-5
1.419800000E+9	1.522208000E-5
1.419803333E+9	1.500856000E-5
1.419806667E+9	1.485459000E-5
1.419810000E+9	1.493855000E-5
1.419813333E+9	1.518651000E-5
1.419816667E+9	1.518193000E-5
1.419820000E+9	1.515954000E-5
1.419823333E+9	1.554874000E-5
1.419826667E+9	1.551743000E-5
1.419830000E+9	1.491709000E-5
1.419833333E+9	1.507779000E-5
1.419836667E+9	1.507006000E-5
1.419840000E+9	1.517576000E-5
1.419843333E+9	1.504475000E-5
1.419846667E+9	1.521943000E-5
1.419850000E+9	1.497452000E-5
1.419853333E+9	1.518221000E-5
1.419856667E+9	1.517703000E-5
1.419860000E+9	1.522494000E-5
1.419863333E+9	1.544288000E-5
1.419866667E+9	1.521009000E-5
1.419870000E+9	1.516613000E-5
1.419873333E+9	1.511573000E-5
1.419876667E+9	1.525021000E-5
1.419880000E+9	1.534965000E-5
1.419883333E+9	1.511100000E-5
1.419886667E+9	1.516725000E-5
1.419890000E+9	1.542600000E-5
1.419893333E+9	1.527294000E-5
1.419896667E+9	1.562781000E-5
1.419900000E+9	1.582898000E-5
1.419903333E+9	1.509955000E-5
1.419906667E+9	1.484950000E-5
1.419910000E+9	1.490764000E-5
1.419913333E+9	1.534423000E-5
1.419916667E+9	1.538328000E-5
1.419920000E+9	1.502640000E-5
1.419923333E+9	1.525712000E-5
1.419926667E+9	1.511485000E-5
1.419930000E+9	1.493390000E-5
1.419933333E+9	1.503396000E-5
1.419936667E+9	1.535051000E-5
1.419940000E+9	1.526081000E-5
1.419943333E+9	1.496013000E-5
1.419946667E+9	1.525530000E-5
1.419950000E+9	1.530512000E-5
1.419953333E+9	1.505628000E-5
1.419956667E+9	1.508355000E-5
1.419960000E+9	1.490897000E-5
1.419963333E+9	1.501966000E-5
1.419966667E+9	1.514071000E-5
1.419970000E+9	1.504889000E-5
1.419973333E+9	1.529311000E-5
1.419976667E+9	1.536739000E-5
1.419980000E+9	1.655002000E-5
1.419983333E+9	1.582583000E-5
1.419986667E+9	1.496407000E-5
1.419990000E+9	1.536815000E-5
1.419993333E+9	1.540611000E-5
1.419996667E+9	1.522777000E-5
1.420000000E+9	1.529689000E-5
1.420003333E+9	1.580014000E-5
1.420006667E+9	1.497584000E-5
1.420010000E+9	1.506015000E-5
1.420013333E+9	1.500428000E-5
1.420016667E+9	1.515503000E-5
1.420020000E+9	1.539698000E-5
1.420023333E+9	1.499723000E-5
1.420026667E+9	1.520303000E-5
1.420030000E+9	1.527769000E-5
1.420033333E+9	1.676496000E-5
1.420036667E+9	1.855587000E-5
1.420040000E+9	1.589891000E-5
1.420043333E+9	1.522446000E-5
1.420046667E+9	1.544885000E-5
1.420050000E+9	1.557640000E-5
1.420053333E+9	1.534436000E-5
1.420056667E+9	1.544068000E-5
1.420060000E+9	1.510126000E-5
1.420063333E+9	1.490309000E-5
1.420066667E+9	1.516543000E-5
1.420070000E+9	1.492454000E-5
1.420073333E+9	1.523991000E-5
1.420076667E+9	1.514402000E-5
1.420080000E+9	1.504717000E-5
1.420083333E+9	1.540906000E-5
1.420086667E+9	1.484874000E-5
1.420090000E+9	1.484965000E-5
1.420093333E+9	1.484073000E-5
1.420096667E+9	1.526121000E-5
1.420100000E+9	1.528910000E-5
1.420103333E+9	1.521737000E-5
1.420106667E+9	1.502162000E-5
1.420110000E+9	1.552999000E-5
1.420113333E+9	1.518966000E-5
1.420116667E+9	1.510151000E-5
1.420120000E+9	1.495308000E-5
1.420123333E+9	1.534061000E-5
1.420126667E+9	1.522623000E-5
1.420130000E+9	1.491534000E-5
1.420133333E+9	1.508015000E-5
1.420136667E+9	1.478513000E-5
1.420140000E+9	1.487406000E-5
1.420143333E+9	1.505894000E-5
1.420146667E+9	1.505967000E-5
1.420150000E+9	1.527071000E-5
1.420153333E+9	1.512708000E-5
1.420156667E+9	1.504058000E-5
1.420160000E+9	1.513737000E-5
1.420163333E+9	1.499005000E-5
1.420166667E+9	1.492551000E-5
1.420170000E+9	1.494237000E-5
1.420173333E+9	1.521993000E-5
1.420176667E+9	1.469081000E-5
1.420180000E+9	1.512649000E-5
1.420183333E+9	1.494640000E-5
1.420186667E+9	1.513051000E-5
1.420190000E+9	1.513923000E-5
1.420193333E+9	1.516387000E-5
1.420196667E+9	1.547686000E-5
1.420200000E+9	1.572302000E-5
1.420203333E+9	1.548584000E-5
1.420206667E+9	1.501404000E-5
1.420210000E+9	1.492527000E-5
1.420213333E+9	1.502654000E-5
1.420216667E+9	1.520907000E-5
1.420220000E+9	1.498038000E-5
1.420223333E+9	1.512708000E-5
1.420226667E+9	1.524145000E-5
1.420230000E+9	1.517303000E-5
1.420233333E+9	1.515992000E-5
1.420236667E+9	1.504230000E-5
1.420240000E+9	1.480951000E-5
1.420243333E+9	1.500903000E-5
1.420246667E+9	1.509435000E-5
1.420250000E+9	1.507810000E-5
1.420253333E+9	1.505683000E-5
1.420256667E+9	1.539921000E-5
1.420260000E+9	1.537136000E-5
1.420263333E+9	1.537448000E-5
1.420266667E+9	1.525252000E-5
1.420270000E+9	1.514224000E-5
1.420273333E+9	1.547688000E-5
1.420276667E+9	1.513802000E-5
1.420280000E+9	1.504136000E-5
1.420283333E+9	1.512247000E-5
1.420286667E+9	1.507946000E-5
1.420290000E+9	1.485068000E-5
1.420293333E+9	1.528016000E-5
1.420296667E+9	1.660610000E-5
1.420300000E+9	1.578467000E-5
1.420303333E+9	1.554573000E-5
1.420306667E+9	1.520809000E-5
1.420310000E+9	1.577556000E-5
1.420313333E+9	1.547239000E-5
1.420316667E+9	1.555986000E-5
1.420320000E+9	1.568669000E-5
1.420323333E+9	1.565113000E-5
1.420326667E+9	1.752165000E-5
1.420330000E+9	1.896959000E-5
1.420333333E+9	1.613710000E-5
1.420336667E+9	1.573985000E-5
1.420340000E+9	1.612002000E-5
1.420343333E+9	1.586787000E-5
1.420346667E+9	1.619771000E-5
1.420350000E+9	1.577254000E-5
1.420353333E+9	1.600863000E-5
1.420356667E+9	1.610438000E-5
1.420360000E+9	1.631676000E-5
1.420363333E+9	1.655011000E-5
1.420366667E+9	1.662343000E-5
1.420370000E+9	1.692646000E-5
1.420373333E+9	1.709434000E-5
1.420376667E+9	1.709003000E-5
1.420380000E+9	1.746411000E-5
1.420383333E+9	1.760461000E-5
1.420386667E+9	1.731019000E-5
1.420390000E+9	1.765511000E-5
1.420393333E+9	1.752008000E-5
1.420396667E+9	1.757747000E-5
1.420400000E+9	1.783371000E-5
1.420403333E+9	1.769954000E-5
1.420406667E+9	1.736255000E-5
1.420410000E+9	1.766878000E-5
1.420413333E+9	1.798117000E-5
1.420416667E+9	1.786993000E-5
1.420420000E+9	1.777011000E-5
1.420423333E+9	1.752571000E-5
1.420426667E+9	1.748527000E-5
1.420430000E+9	1.760533000E-5
1.420433333E+9	1.750066000E-5
1.420436667E+9	1.773274000E-5
1.420440000E+9	1.758311000E-5
1.420443333E+9	1.700484000E-5
1.420446667E+9	1.757773000E-5
1.420450000E+9	1.753536000E-5
1.420453333E+9	1.764887000E-5
1.420456667E+9	1.743363000E-5
1.420460000E+9	1.756956000E-5
1.420463333E+9	1.763553000E-5
1.420466667E+9	1.745874000E-5
1.420470000E+9	1.732886000E-5
1.420473333E+9	1.719551000E-5
1.420476667E+9	1.722986000E-5
1.420480000E+9	1.736715000E-5
1.420483333E+9	1.718767000E-5
1.420486667E+9	1.731239000E-5
1.420490000E+9	1.701261000E-5
1.420493333E+9	1.654804000E-5
1.420496667E+9	1.699426000E-5
1.420500000E+9	1.667627000E-5
1.420503333E+9	1.653448000E-5
1.420506667E+9	1.676729000E-5
1.420510000E+9	1.669948000E-5
1.420513333E+9	1.663413000E-5
1.420516667E+9	1.618679000E-5
1.420520000E+9	1.637008000E-5
1.420523333E+9	1.621618000E-5
1.420526667E+9	1.590892000E-5
1.420530000E+9	1.607410000E-5
1.420533333E+9	1.625200000E-5
1.420536667E+9	1.594431000E-5
1.420540000E+9	1.605711000E-5
1.420543333E+9	1.593855000E-5
1.420546667E+9	1.610151000E-5
1.420550000E+9	1.617860000E-5
1.420553333E+9	1.613055000E-5
1.420556667E+9	1.598171000E-5
1.420560000E+9	1.597538000E-5
1.420563333E+9	1.598273000E-5
1.420566667E+9	1.587358000E-5
1.420570000E+9	1.621931000E-5
1.420573333E+9	1.599356000E-5
1.420576667E+9	1.591175000E-5
1.420580000E+9	1.590682000E-5
1.420583333E+9	1.583650000E-5
1.420586667E+9	1.559136000E-5
1.420590000E+9	1.675459000E-5
1.420593333E+9	1.602875000E-5
1.420596667E+9	1.583259000E-5
1.420600000E+9	1.625618000E-5
1.420603333E+9	1.596985000E-5
1.420606667E+9	1.656899000E-5
1.420610000E+9	1.643495000E-5
1.420613333E+9	1.629236000E-5
1.420616667E+9	1.580062000E-5
1.420620000E+9	2.004591000E-5
1.420623333E+9	2.000506000E-5
1.420626667E+9	1.633691000E-5
1.420630000E+9	1.618317000E-5
1.420633333E+9	1.577306000E-5
1.420636667E+9	1.675355000E-5
1.420640000E+9	1.625340000E-5
1.420643333E+9	1.641664000E-5
1.420646667E+9	1.652586000E-5
1.420650000E+9	1.581404000E-5
1.420653333E+9	1.610326000E-5
1.420656667E+9	1.620205000E-5
1.420660000E+9	1.591535000E-5
1.420663333E+9	1.588506000E-5
1.420666667E+9	1.581836000E-5
1.420670000E+9	1.589017000E-5
1.420673333E+9	1.610028000E-5
1.420676667E+9	1.552341000E-5
1.420680000E+9	1.527811000E-5
1.420683333E+9	1.584304000E-5
1.420686667E+9	1.552336000E-5
1.420690000E+9	1.552022000E-5
1.420693333E+9	1.594923000E-5
1.420696667E+9	1.580699000E-5
1.420700000E+9	1.572292000E-5
1.420703333E+9	1.580099000E-5
1.420706667E+9	1.553161000E-5
1.420710000E+9	1.596237000E-5
1.420713333E+9	1.578018000E-5
1.420716667E+9	1.585028000E-5
1.420720000E+9	1.575150000E-5
1.420723333E+9	1.570184000E-5
1.420726667E+9	1.565075000E-5
1.420730000E+9	1.576479000E-5
1.420733333E+9	1.572468000E-5
1.420736667E+9	1.579247000E-5
1.420740000E+9	1.594564000E-5
1.420743333E+9	1.579724000E-5
1.420746667E+9	1.572216000E-5
1.420750000E+9	1.579424000E-5
1.420753333E+9	1.592463000E-5
1.420756667E+9	1.636054000E-5
1.420760000E+9	1.624023000E-5
1.420763333E+9	1.600053000E-5
1.420766667E+9	1.584426000E-5
1.420770000E+9	1.586320000E-5
1.420773333E+9	1.603921000E-5
1.420776667E+9	1.589654000E-5
1.420780000E+9	1.594212000E-5
1.420783333E+9	1.617114000E-5
1.420786667E+9	1.635666000E-5
1.420790000E+9	1.612458000E-5
1.420793333E+9	1.694133000E-5
1.420796667E+9	1.656968000E-5
1.420800000E+9	1.593862000E-5
1.420803333E+9	1.573449000E-5
1.420806667E+9	1.603648000E-5
1.420810000E+9	1.566736000E-5
1.420813333E+9	1.574617000E-5
1.420816667E+9	1.586684000E-5
1.420820000E+9	1.582602000E-5
1.420823333E+9	1.616505000E-5
1.420826667E+9	1.581227000E-5
1.420830000E+9	1.579771000E-5
1.420833333E+9	1.582086000E-5
1.420836667E+9	1.571833000E-5
1.420840000E+9	1.592959000E-5
1.420843333E+9	1.567073000E-5
1.420846667E+9	1.586637000E-5
1.420850000E+9	1.576640000E-5
1.420853333E+9	1.574161000E-5
1.420856667E+9	1.558042000E-5
1.420860000E+9	1.584087000E-5
1.420863333E+9	1.548405000E-5
1.420866667E+9	1.569746000E-5
1.420870000E+9	1.559489000E-5
1.420873333E+9	1.563988000E-5
1.420876667E+9	1.535609000E-5
1.420880000E+9	1.540484000E-5
1.420883333E+9	1.750014000E-5
1.420886667E+9	1.707463000E-5
1.420890000E+9	1.552152000E-5
1.420893333E+9	1.545859000E-5
1.420896667E+9	1.616704000E-5
1.420900000E+9	1.586456000E-5
1.420903333E+9	1.610680000E-5
1.420906667E+9	1.708071000E-5
1.420910000E+9	1.562641000E-5
1.420913333E+9	2.625433000E-5
1.420916667E+9	2.270475000E-5
1.420920000E+9	1.651836000E-5
1.420923333E+9	1.545805000E-5
1.420926667E+9	1.552295000E-5
1.420930000E+9	1.533505000E-5
1.420933333E+9	1.499787000E-5
1.420936667E+9	1.526069000E-5
1.420940000E+9	1.520892000E-5
1.420943333E+9	1.617754000E-5
1.420946667E+9	1.534566000E-5
1.420950000E+9	1.528089000E-5
1.420953333E+9	1.530491000E-5
1.420956667E+9	1.516067000E-5
1.420960000E+9	1.538885000E-5
1.420963333E+9	1.513439000E-5
1.420966667E+9	1.503796000E-5
1.420970000E+9	1.551768000E-5
1.420973333E+9	1.552043000E-5
1.420976667E+9	1.506819000E-5
1.420980000E+9	1.540194000E-5
1.420983333E+9	1.538733000E-5
1.420986667E+9	1.543695000E-5
1.420990000E+9	1.557841000E-5
1.420993333E+9	1.505373000E-5
1.420996667E+9	1.486469000E-5
1.421000000E+9	1.509032000E-5
1.421003333E+9	1.527628000E-5
1.421006667E+9	1.511974000E-5
1.421010000E+9	1.524697000E-5
1.421013333E+9	1.492953000E-5
1.421016667E+9	1.543127000E-5
1.421020000E+9	1.520565000E-5
1.421023333E+9	1.499134000E-5
1.421026667E+9	1.521555000E-5
1.421030000E+9	1.511702000E-5
1.421033333E+9	1.459575000E-5
1.421036667E+9	1.500825000E-5
1.421040000E+9	1.527543000E-5
1.421043333E+9	1.515273000E-5
1.421046667E+9	1.530020000E-5
1.421050000E+9	1.496034000E-5
1.421053333E+9	1.532113000E-5
1.421056667E+9	1.538931000E-5
1.421060000E+9	1.489591000E-5
1.421063333E+9	1.516433000E-5
1.421066667E+9	1.496606000E-5
1.421070000E+9	1.506888000E-5
1.421073333E+9	1.515999000E-5
1.421076667E+9	1.525255000E-5
1.421080000E+9	1.527241000E-5
1.421083333E+9	1.488777000E-5
1.421086667E+9	1.519098000E-5
1.421090000E+9	1.506384000E-5
1.421093333E+9	1.566772000E-5
1.421096667E+9	1.539091000E-5
1.421100000E+9	1.510745000E-5
1.421103333E+9	1.527670000E-5
1.421106667E+9	1.513391000E-5
1.421110000E+9	1.509334000E-5
1.421113333E+9	1.517796000E-5
1.421116667E+9	1.494877000E-5
1.421120000E+9	1.517238000E-5
1.421123333E+9	1.523387000E-5
1.421126667E+9	1.516971000E-5
1.421130000E+9	1.546017000E-5
1.421133333E+9	1.533604000E-5
1.421136667E+9	1.543344000E-5
1.421140000E+9	1.565593000E-5
1.421143333E+9	1.503733000E-5
1.421146667E+9	1.519161000E-5
1.421150000E+9	1.509820000E-5
1.421153333E+9	1.544999000E-5
1.421156667E+9	1.507093000E-5
1.421160000E+9	1.514302000E-5
1.421163333E+9	1.487514000E-5
1.421166667E+9	1.518161000E-5
1.421170000E+9	1.535635000E-5
1.421173333E+9	1.508436000E-5
1.421176667E+9	1.676046000E-5
1.421180000E+9	1.847445000E-5
1.421183333E+9	1.490052000E-5
1.421186667E+9	1.530128000E-5
1.421190000E+9	1.528623000E-5
1.421193333E+9	1.507496000E-5
1.421196667E+9	1.520949000E-5
1.421200000E+9	1.543905000E-5
1.421203333E+9	1.520194000E-5
1.421206667E+9	1.997690000E-5
1.421210000E+9	1.739697000E-5
1.421213333E+9	1.549227000E-5
1.421216667E+9	1.501160000E-5
1.421220000E+9	1.539465000E-5
1.421223333E+9	1.503629000E-5
1.421226667E+9	1.456004000E-5
1.421230000E+9	1.489699000E-5
1.421233333E+9	1.505729000E-5
1.421236667E+9	1.481547000E-5
1.421240000E+9	1.540694000E-5
1.421243333E+9	1.537673000E-5
1.421246667E+9	1.475730000E-5
1.421250000E+9	1.489370000E-5
1.421253333E+9	1.504942000E-5
1.421256667E+9	1.517179000E-5
1.421260000E+9	1.489843000E-5
1.421263333E+9	1.488901000E-5
1.421266667E+9	1.509238000E-5
1.421270000E+9	1.513119000E-5
1.421273333E+9	1.504607000E-5
1.421276667E+9	1.522546000E-5
1.421280000E+9	1.530648000E-5
1.421283333E+9	1.512979000E-5
1.421286667E+9	1.565579000E-5
1.421290000E+9	1.591924000E-5
1.421293333E+9	1.509278000E-5
1.421296667E+9	1.514729000E-5
1.421300000E+9	1.533877000E-5
1.421303333E+9	1.480587000E-5
1.421306667E+9	1.513311000E-5
1.421310000E+9	1.495612000E-5
1.421313333E+9	1.483720000E-5
1.421316667E+9	1.528012000E-5
1.421320000E+9	1.543176000E-5
1.421323333E+9	1.500533000E-5
1.421326667E+9	1.524647000E-5
1.421330000E+9	1.484856000E-5
1.421333333E+9	1.523263000E-5
1.421336667E+9	1.530202000E-5
1.421340000E+9	1.507833000E-5
1.421343333E+9	1.490247000E-5
1.421346667E+9	1.546555000E-5
1.421350000E+9	1.570713000E-5
1.421353333E+9	1.893846000E-5
1.421356667E+9	2.159703000E-5
1.421360000E+9	1.679958000E-5
1.421363333E+9	1.541234000E-5
1.421366667E+9	1.515859000E-5
1.421370000E+9	1.513459000E-5
1.421373333E+9	1.536788000E-5
1.421376667E+9	1.549722000E-5
1.421380000E+9	1.513275000E-5
1.421383333E+9	1.557444000E-5
1.421386667E+9	1.537424000E-5
1.421390000E+9	1.538723000E-5
1.421393333E+9	1.528272000E-5
1.421396667E+9	1.503030000E-5
1.421400000E+9	1.525277000E-5
