Frequency, Hz	Amplitude, Volts
1.419400000E+9	1.506921000E-5
1.419403333E+9	1.520261000E-5
1.419406667E+9	1.521639000E-5
1.419410000E+9	1.533633000E-5
1.419413333E+9	1.536807000E-5
1.419416667E+9	1.542804000E-5
1.419420000E+9	1.505683000E-5
1.419423333E+9	1.500606000E-5
1.419426667E+9	1.516373000E-5
1.419430000E+9	1.528296000E-5
1.419433333E+9	1.538353000E-5
1.419436667E+9	1.527291000E-5
1.419440000E+9	1.532966000E-5
1.419443333E+9	1.513657000E-5
1.419446667E+9	1.594067000E-5
1.419450000E+9	2.124287000E-5
1.419453333E+9	1.760995000E-5
1.419456667E+9	1.621335000E-5
1.419460000E+9	1.534734000E-5
1.419463333E+9	1.503104000E-5
1.419466667E+9	1.524520000E-5
1.419470000E+9	1.545031000E-5
1.419473333E+9	1.528193000E-5
1.419476667E+9	1.520583000E-5
1.419480000E+9	1.534445000E-5
1.419483333E+9	1.528220000E-5
1.419486667E+9	1.513803000E-5
1.419490000E+9	1.552724000E-5
1.419493333E+9	1.524729000E-5
1.419496667E+9	1.528267000E-5
1.419500000E+9	1.505975000E-5
1.419503333E+9	1.525965000E-5
1.419506667E+9	1.513124000E-5
1.419510000E+9	1.515508000E-5
1.419513333E+9	1.527509000E-5
1.419516667E+9	1.511908000E-5
1.419520000E+9	1.511345000E-5
1.419523333E+9	1.504651000E-5
1.419526667E+9	1.531435000E-5
1.419530000E+9	1.539227000E-5
1.419533333E+9	1.508855000E-5
1.419536667E+9	1.489989000E-5
1.419540000E+9	1.515122000E-5
1.419543333E+9	1.516247000E-5
1.419546667E+9	1.523869000E-5
1.419550000E+9	1.539269000E-5
1.419553333E+9	1.502428000E-5
1.419556667E+9	1.517849000E-5
1.419560000E+9	1.524895000E-5
1.419563333E+9	1.539186000E-5
1.419566667E+9	1.524625000E-5
1.419570000E+9	1.537099000E-5
1.419573333E+9	1.527328000E-5
1.419576667E+9	1.514068000E-5
1.419580000E+9	1.508158000E-5
1.419583333E+9	1.521129000E-5
1.419586667E+9	1.519947000E-5
1.419590000E+9	1.530010000E-5
1.419593333E+9	1.552907000E-5
1.419596667E+9	1.517706000E-5
1.419600000E+9	1.556859000E-5
1.419603333E+9	1.525011000E-5
1.419606667E+9	1.502697000E-5
1.419610000E+9	1.510582000E-5
1.419613333E+9	1.539286000E-5
1.419616667E+9	1.519542000E-5
1.419620000E+9	1.472156000E-5
1.419623333E+9	1.521290000E-5
1.419626667E+9	1.507307000E-5
1.419630000E+9	1.527739000E-5
1.419633333E+9	1.541530000E-5
1.419636667E+9	1.522768000E-5
1.419640000E+9	1.504954000E-5
1.419643333E+9	1.497564000E-5
1.419646667E+9	1.526372000E-5
1.419650000E+9	1.514102000E-5
1.419653333E+9	1.501570000E-5
1.419656667E+9	1.511007000E-5
1.419660000E+9	1.504683000E-5
1.419663333E+9	1.467721000E-5
1.419666667E+9	1.531529000E-5
1.419670000E+9	1.551477000E-5
1.419673333E+9	1.522364000E-5
1.419676667E+9	1.498043000E-5
1.419680000E+9	1.528549000E-5
1.419683333E+9	1.519674000E-5
1.419686667E+9	1.509999000E-5
1.419690000E+9	1.503013000E-5
1.419693333E+9	1.473889000E-5
1.419696667E+9	1.523268000E-5
1.419700000E+9	1.546263000E-5
1.419703333E+9	1.527197000E-5
1.419706667E+9	1.542163000E-5
1.419710000E+9	1.550734000E-5
1.419713333E+9	1.540596000E-5
1.419716667E+9	1.478139000E-5
1.419720000E+9	1.518248000E-5
1.419723333E+9	1.502964000E-5
1.419726667E+9	1.543742000E-5
1.419730000E+9	1.528266000E-5
1.419733333E+9	1.655071000E-5
1.419736667E+9	1.587313000E-5
1.419740000E+9	1.655684000E-5
1.419743333E+9	2.064922000E-5
1.419746667E+9	1.734540000E-5
1.419750000E+9	1.598529000E-5
1.419753333E+9	1.550489000E-5
1.419756667E+9	1.503343000E-5
1.419760000E+9	1.536365000E-5
1.419763333E+9	1.509974000E-5
1.419766667E+9	1.509145000E-5
1.419770000E+9	1.513492000E-5
1.419773333E+9	1.531795000E-5
1.419776667E+9	1.497711000E-5
1.419780000E+9	1.522707000E-5
1.419783333E+9	1.500618000E-5
1.419786667E+9	1.504404000E-5
1.419790000E+9	1.485094000E-5
1.419793333E+9	1.522839000E-5
1.419796667E+9	1.531197000E-5
1.419800000E+9	1.506141000E-5
1.419803333E+9	1.514596000E-5
1.419806667E+9	1.513798000E-5
1.419810000E+9	1.545119000E-5
1.419813333E+9	1.512097000E-5
1.419816667E+9	1.495995000E-5
1.419820000E+9	1.487623000E-5
1.419823333E+9	1.544800000E-5
1.419826667E+9	1.504123000E-5
1.419830000E+9	1.532837000E-5
1.419833333E+9	1.519647000E-5
1.419836667E+9	1.520311000E-5
1.419840000E+9	1.531780000E-5
1.419843333E+9	1.520481000E-5
1.419846667E+9	1.529415000E-5
1.419850000E+9	1.517331000E-5
1.419853333E+9	1.505559000E-5
1.419856667E+9	1.502126000E-5
1.419860000E+9	1.512202000E-5
1.419863333E+9	1.520450000E-5
1.419866667E+9	1.523944000E-5
1.419870000E+9	1.552037000E-5
1.419873333E+9	1.519632000E-5
1.419876667E+9	1.524076000E-5
1.419880000E+9	1.491830000E-5
1.419883333E+9	1.487609000E-5
1.419886667E+9	1.514611000E-5
1.419890000E+9	1.515521000E-5
1.419893333E+9	1.536073000E-5
1.419896667E+9	1.569207000E-5
1.419900000E+9	1.547615000E-5
1.419903333E+9	1.527771000E-5
1.419906667E+9	1.524821000E-5
1.419910000E+9	1.559429000E-5
1.419913333E+9	1.559901000E-5
1.419916667E+9	1.524132000E-5
1.419920000E+9	1.523250000E-5
1.419923333E+9	1.538585000E-5
1.419926667E+9	1.515110000E-5
1.419930000E+9	1.540170000E-5
1.419933333E+9	1.532295000E-5
1.419936667E+9	1.507065000E-5
1.419940000E+9	1.508517000E-5
1.419943333E+9	1.492151000E-5
1.419946667E+9	1.506602000E-5
1.419950000E+9	1.531123000E-5
1.419953333E+9	1.529531000E-5
1.419956667E+9	1.539355000E-5
1.419960000E+9	1.494043000E-5
1.419963333E+9	1.518734000E-5
1.419966667E+9	1.510949000E-5
1.419970000E+9	1.507952000E-5
1.419973333E+9	1.547068000E-5
1.419976667E+9	1.528462000E-5
1.419980000E+9	1.571353000E-5
1.419983333E+9	1.525076000E-5
1.419986667E+9	1.533850000E-5
1.419990000E+9	1.538125000E-5
1.419993333E+9	1.539744000E-5
1.419996667E+9	1.524411000E-5
1.420000000E+9	1.641269000E-5
1.420003333E+9	1.814234000E-5
1.420006667E+9	1.535196000E-5
1.420010000E+9	1.554746000E-5
1.420013333E+9	1.515302000E-5
1.420016667E+9	1.500692000E-5
1.420020000E+9	1.542170000E-5
1.420023333E+9	1.542107000E-5
1.420026667E+9	1.550481000E-5
1.420030000E+9	1.536559000E-5
1.420033333E+9	1.655008000E-5
1.420036667E+9	1.860111000E-5
1.420040000E+9	1.668689000E-5
1.420043333E+9	1.555345000E-5
1.420046667E+9	1.520762000E-5
1.420050000E+9	1.536618000E-5
1.420053333E+9	1.511113000E-5
1.420056667E+9	1.503058000E-5
1.420060000E+9	1.530114000E-5
1.420063333E+9	1.527917000E-5
1.420066667E+9	1.517376000E-5
1.420070000E+9	1.486719000E-5
1.420073333E+9	1.498341000E-5
1.420076667E+9	1.507754000E-5
1.420080000E+9	1.516244000E-5
1.420083333E+9	1.521462000E-5
1.420086667E+9	1.509147000E-5
1.420090000E+9	1.544359000E-5
1.420093333E+9	1.549909000E-5
1.420096667E+9	1.491711000E-5
1.420100000E+9	1.507572000E-5
1.420103333E+9	1.543098000E-5
1.420106667E+9	1.523454000E-5
1.420110000E+9	1.535918000E-5
1.420113333E+9	1.541401000E-5
1.420116667E+9	1.528824000E-5
1.420120000E+9	1.507846000E-5
1.420123333E+9	1.535791000E-5
1.420126667E+9	1.535287000E-5
1.420130000E+9	1.510310000E-5
1.420133333E+9	1.544637000E-5
1.420136667E+9	1.547916000E-5
1.420140000E+9	1.504090000E-5
1.420143333E+9	1.534064000E-5
1.420146667E+9	1.545148000E-5
1.420150000E+9	1.556999000E-5
1.420153333E+9	1.516960000E-5
1.420156667E+9	1.536798000E-5
1.420160000E+9	1.548890000E-5
1.420163333E+9	1.534682000E-5
1.420166667E+9	1.528600000E-5
1.420170000E+9	1.536977000E-5
1.420173333E+9	1.537700000E-5
1.420176667E+9	1.559984000E-5
1.420180000E+9	1.561022000E-5
1.420183333E+9	1.530753000E-5
1.420186667E+9	1.540488000E-5
1.420190000E+9	1.553427000E-5
1.420193333E+9	1.598271000E-5
1.420196667E+9	1.563813000E-5
1.420200000E+9	1.545309000E-5
1.420203333E+9	1.556997000E-5
1.420206667E+9	1.573121000E-5
1.420210000E+9	1.569301000E-5
1.420213333E+9	1.546749000E-5
1.420216667E+9	1.592082000E-5
1.420220000E+9	1.570580000E-5
1.420223333E+9	1.556813000E-5
1.420226667E+9	1.616960000E-5
1.420230000E+9	1.589619000E-5
1.420233333E+9	1.574949000E-5
1.420236667E+9	1.615361000E-5
1.420240000E+9	1.571365000E-5
1.420243333E+9	1.583150000E-5
1.420246667E+9	1.616438000E-5
1.420250000E+9	1.586822000E-5
1.420253333E+9	1.622626000E-5
1.420256667E+9	1.638164000E-5
1.420260000E+9	1.636837000E-5
1.420263333E+9	1.661967000E-5
1.420266667E+9	1.652067000E-5
1.420270000E+9	1.663899000E-5
1.420273333E+9	1.674987000E-5
1.420276667E+9	1.652145000E-5
1.420280000E+9	1.638594000E-5
1.420283333E+9	1.678881000E-5
1.420286667E+9	1.663632000E-5
1.420290000E+9	1.691206000E-5
1.420293333E+9	1.712737000E-5
1.420296667E+9	1.729713000E-5
1.420300000E+9	1.724928000E-5
1.420303333E+9	1.691717000E-5
1.420306667E+9	1.720087000E-5
1.420310000E+9	1.722831000E-5
1.420313333E+9	1.721606000E-5
1.420316667E+9	1.717234000E-5
1.420320000E+9	1.736541000E-5
1.420323333E+9	1.716898000E-5
1.420326667E+9	1.859886000E-5
1.420330000E+9	2.050447000E-5
1.420333333E+9	1.870936000E-5
1.420336667E+9	1.744014000E-5
1.420340000E+9	1.742402000E-5
1.420343333E+9	1.757173000E-5
1.420346667E+9	1.768464000E-5
1.420350000E+9	1.731545000E-5
1.420353333E+9	1.759553000E-5
1.420356667E+9	1.772303000E-5
1.420360000E+9	1.781476000E-5
1.420363333E+9	1.776759000E-5
1.420366667E+9	1.783782000E-5
1.420370000E+9	1.747355000E-5
1.420373333E+9	1.751961000E-5
1.420376667E+9	1.751217000E-5
1.420380000E+9	1.766428000E-5
1.420383333E+9	1.768563000E-5
1.420386667E+9	1.713190000E-5
1.420390000E+9	1.734685000E-5
1.420393333E+9	1.721712000E-5
1.420396667E+9	1.704492000E-5
1.420400000E+9	1.734512000E-5
1.420403333E+9	1.703413000E-5
1.420406667E+9	1.693228000E-5
1.420410000E+9	1.692111000E-5
1.420413333E+9	1.680576000E-5
1.420416667E+9	1.628407000E-5
1.420420000E+9	1.656740000E-5
1.420423333E+9	1.651624000E-5
1.420426667E+9	1.644106000E-5
1.420430000E+9	1.673748000E-5
1.420433333E+9	1.644287000E-5
1.420436667E+9	1.664374000E-5
1.420440000E+9	1.609586000E-5
1.420443333E+9	1.631744000E-5
1.420446667E+9	1.635068000E-5
1.420450000E+9	1.603727000E-5
1.420453333E+9	1.644677000E-5
1.420456667E+9	1.624121000E-5
1.420460000E+9	1.634095000E-5
1.420463333E+9	1.636555000E-5
1.420466667E+9	1.628140000E-5
1.420470000E+9	1.608153000E-5
1.420473333E+9	1.603874000E-5
1.420476667E+9	1.613236000E-5
1.420480000E+9	1.614593000E-5
1.420483333E+9	1.597967000E-5
1.420486667E+9	1.610031000E-5
1.420490000E+9	1.656828000E-5
1.420493333E+9	1.614221000E-5
1.420496667E+9	1.685436000E-5
1.420500000E+9	1.580472000E-5
1.420503333E+9	1.553475000E-5
1.420506667E+9	1.572620000E-5
1.420510000E+9	1.581895000E-5
1.420513333E+9	1.607435000E-5
1.420516667E+9	1.594179000E-5
1.420520000E+9	1.552520000E-5
1.420523333E+9	1.567361000E-5
1.420526667E+9	1.557399000E-5
1.420530000E+9	1.556698000E-5
1.420533333E+9	1.597885000E-5
1.420536667E+9	1.554399000E-5
1.420540000E+9	1.531909000E-5
1.420543333E+9	1.598763000E-5
1.420546667E+9	1.586000000E-5
1.420550000E+9	1.563887000E-5
1.420553333E+9	1.579382000E-5
1.420556667E+9	1.545085000E-5
1.420560000E+9	1.545954000E-5
1.420563333E+9	1.574833000E-5
1.420566667E+9	1.560060000E-5
1.420570000E+9	1.551629000E-5
1.420573333E+9	1.565141000E-5
1.420576667E+9	1.542731000E-5
1.420580000E+9	1.556746000E-5
1.420583333E+9	1.542339000E-5
1.420586667E+9	1.543408000E-5
1.420590000E+9	1.702870000E-5
1.420593333E+9	1.607931000E-5
1.420596667E+9	1.566260000E-5
1.420600000E+9	1.566932000E-5
1.420603333E+9	1.542949000E-5
1.420606667E+9	1.585436000E-5
1.420610000E+9	1.603696000E-5
1.420613333E+9	1.583362000E-5
1.420616667E+9	1.566041000E-5
1.420620000E+9	1.823628000E-5
1.420623333E+9	1.949956000E-5
1.420626667E+9	1.786363000E-5
1.420630000E+9	1.588949000E-5
1.420633333E+9	1.554843000E-5
1.420636667E+9	1.540706000E-5
1.420640000E+9	1.590946000E-5
1.420643333E+9	1.599514000E-5
1.420646667E+9	1.639920000E-5
1.420650000E+9	1.587937000E-5
1.420653333E+9	1.563669000E-5
1.420656667E+9	1.563025000E-5
1.420660000E+9	1.554389000E-5
1.420663333E+9	1.626391000E-5
1.420666667E+9	1.601558000E-5
1.420670000E+9	1.581277000E-5
1.420673333E+9	1.582858000E-5
1.420676667E+9	1.596072000E-5
1.420680000E+9	1.633795000E-5
1.420683333E+9	1.625556000E-5
1.420686667E+9	1.609199000E-5
1.420690000E+9	1.584732000E-5
1.420693333E+9	1.612049000E-5
1.420696667E+9	1.610963000E-5
1.420700000E+9	1.615780000E-5
1.420703333E+9	1.605048000E-5
1.420706667E+9	1.592022000E-5
1.420710000E+9	1.628169000E-5
1.420713333E+9	1.611320000E-5
1.420716667E+9	1.640826000E-5
1.420720000E+9	1.633207000E-5
1.420723333E+9	1.596132000E-5
1.420726667E+9	1.623836000E-5
1.420730000E+9	1.640724000E-5
1.420733333E+9	1.631225000E-5
1.420736667E+9	1.625897000E-5
1.420740000E+9	1.652709000E-5
1.420743333E+9	1.618466000E-5
1.420746667E+9	1.623775000E-5
1.420750000E+9	1.640356000E-5
1.420753333E+9	1.632596000E-5
1.420756667E+9	1.688295000E-5
1.420760000E+9	1.631736000E-5
1.420763333E+9	1.627869000E-5
1.420766667E+9	1.587135000E-5
1.420770000E+9	1.619225000E-5
1.420773333E+9	1.593202000E-5
1.420776667E+9	1.587571000E-5
1.420780000E+9	1.587437000E-5
1.420783333E+9	1.597553000E-5
1.420786667E+9	1.585115000E-5
1.420790000E+9	1.585183000E-5
1.420793333E+9	1.651974000E-5
1.420796667E+9	1.600345000E-5
1.420800000E+9	1.580392000E-5
1.420803333E+9	1.574071000E-5
1.420806667E+9	1.550756000E-5
1.420810000E+9	1.590682000E-5
1.420813333E+9	1.587233000E-5
1.420816667E+9	1.575186000E-5
1.420820000E+9	1.566851000E-5
1.420823333E+9	1.577640000E-5
1.420826667E+9	1.591442000E-5
1.420830000E+9	1.595298000E-5
1.420833333E+9	1.539012000E-5
1.420836667E+9	1.537936000E-5
1.420840000E+9	1.540096000E-5
1.420843333E+9	1.552965000E-5
1.420846667E+9	1.556821000E-5
1.420850000E+9	1.553441000E-5
1.420853333E+9	1.556100000E-5
1.420856667E+9	1.549643000E-5
1.420860000E+9	1.553667000E-5
1.420863333E+9	1.552242000E-5
1.420866667E+9	1.572855000E-5
1.420870000E+9	1.533018000E-5
1.420873333E+9	1.525511000E-5
1.420876667E+9	1.530640000E-5
1.420880000E+9	1.558354000E-5
1.420883333E+9	1.790200000E-5
1.420886667E+9	1.676201000E-5
1.420890000E+9	1.553091000E-5
1.420893333E+9	1.543888000E-5
1.420896667E+9	1.530338000E-5
1.420900000E+9	1.599683000E-5
1.420903333E+9	1.605165000E-5
1.420906667E+9	1.711493000E-5
1.420910000E+9	1.600099000E-5
1.420913333E+9	2.263247000E-5
1.420916667E+9	2.290323000E-5
1.420920000E+9	2.077364000E-5
1.420923333E+9	1.567061000E-5
1.420926667E+9	1.576141000E-5
1.420930000E+9	1.555110000E-5
1.420933333E+9	1.579642000E-5
1.420936667E+9	1.520812000E-5
1.420940000E+9	1.551801000E-5
1.420943333E+9	1.601834000E-5
1.420946667E+9	1.522789000E-5
1.420950000E+9	1.578091000E-5
1.420953333E+9	1.539504000E-5
1.420956667E+9	1.521691000E-5
1.420960000E+9	1.564060000E-5
1.420963333E+9	1.538978000E-5
1.420966667E+9	1.522655000E-5
1.420970000E+9	1.535024000E-5
1.420973333E+9	1.529478000E-5
1.420976667E+9	1.524882000E-5
1.420980000E+9	1.521039000E-5
1.420983333E+9	1.521574000E-5
1.420986667E+9	1.548897000E-5
1.420990000E+9	1.538101000E-5
1.420993333E+9	1.532635000E-5
1.420996667E+9	1.511257000E-5
1.421000000E+9	1.553502000E-5
1.421003333E+9	1.576496000E-5
1.421006667E+9	1.542722000E-5
1.421010000E+9	1.551218000E-5
1.421013333E+9	1.505241000E-5
1.421016667E+9	1.543009000E-5
1.421020000E+9	1.562654000E-5
1.421023333E+9	1.511485000E-5
1.421026667E+9	1.527133000E-5
1.421030000E+9	1.532636000E-5
1.421033333E+9	1.530899000E-5
1.421036667E+9	1.531360000E-5
1.421040000E+9	1.557663000E-5
1.421043333E+9	1.548951000E-5
1.421046667E+9	1.533404000E-5
1.421050000E+9	1.544291000E-5
1.421053333E+9	1.568874000E-5
1.421056667E+9	1.547241000E-5
1.421060000E+9	1.536398000E-5
1.421063333E+9	1.528774000E-5
1.421066667E+9	1.500418000E-5
1.421070000E+9	1.518521000E-5
1.421073333E+9	1.541078000E-5
1.421076667E+9	1.541891000E-5
1.421080000E+9	1.517326000E-5
1.421083333E+9	1.586907000E-5
1.421086667E+9	1.634951000E-5
1.421090000E+9	1.571910000E-5
1.421093333E+9	1.590656000E-5
1.421096667E+9	1.545528000E-5
1.421100000E+9	1.540258000E-5
1.421103333E+9	1.524033000E-5
1.421106667E+9	1.547996000E-5
1.421110000E+9	1.538485000E-5
1.421113333E+9	1.513566000E-5
1.421116667E+9	1.558013000E-5
1.421120000E+9	1.535301000E-5
1.421123333E+9	1.527920000E-5
1.421126667E+9	1.542353000E-5
1.421130000E+9	1.545406000E-5
1.421133333E+9	1.561287000E-5
1.421136667E+9	1.560735000E-5
1.421140000E+9	1.536491000E-5
1.421143333E+9	1.537031000E-5
1.421146667E+9	1.513727000E-5
1.421150000E+9	1.558427000E-5
1.421153333E+9	1.618050000E-5
1.421156667E+9	1.571212000E-5
1.421160000E+9	1.522061000E-5
1.421163333E+9	1.567557000E-5
1.421166667E+9	1.556239000E-5
1.421170000E+9	1.512728000E-5
1.421173333E+9	1.523297000E-5
1.421176667E+9	1.600491000E-5
1.421180000E+9	1.691156000E-5
1.421183333E+9	1.551993000E-5
1.421186667E+9	1.553553000E-5
1.421190000E+9	1.522770000E-5
1.421193333E+9	1.555108000E-5
1.421196667E+9	1.522314000E-5
1.421200000E+9	1.566628000E-5
1.421203333E+9	1.581326000E-5
1.421206667E+9	1.777009000E-5
1.421210000E+9	1.764172000E-5
1.421213333E+9	1.717928000E-5
1.421216667E+9	1.556244000E-5
1.421220000E+9	1.705157000E-5
1.421223333E+9	1.625747000E-5
1.421226667E+9	1.542648000E-5
1.421230000E+9	1.565591000E-5
1.421233333E+9	1.558130000E-5
1.421236667E+9	1.576113000E-5
1.421240000E+9	1.582825000E-5
1.421243333E+9	1.561622000E-5
1.421246667E+9	1.521006000E-5
1.421250000E+9	1.521278000E-5
1.421253333E+9	1.547642000E-5
1.421256667E+9	1.534938000E-5
1.421260000E+9	1.545233000E-5
1.421263333E+9	1.549979000E-5
1.421266667E+9	1.560892000E-5
1.421270000E+9	1.570834000E-5
1.421273333E+9	1.555441000E-5
1.421276667E+9	1.575942000E-5
1.421280000E+9	1.546752000E-5
1.421283333E+9	1.583035000E-5
1.421286667E+9	1.811467000E-5
1.421290000E+9	1.888470000E-5
1.421293333E+9	1.601721000E-5
1.421296667E+9	1.586000000E-5
1.421300000E+9	1.542483000E-5
1.421303333E+9	1.540776000E-5
1.421306667E+9	1.583278000E-5
1.421310000E+9	1.572755000E-5
1.421313333E+9	1.590787000E-5
1.421316667E+9	1.581090000E-5
1.421320000E+9	1.585476000E-5
1.421323333E+9	1.571727000E-5
1.421326667E+9	1.571315000E-5
1.421330000E+9	1.563190000E-5
1.421333333E+9	1.573231000E-5
1.421336667E+9	1.585810000E-5
1.421340000E+9	1.567504000E-5
1.421343333E+9	1.607048000E-5
1.421346667E+9	1.589055000E-5
1.421350000E+9	1.632096000E-5
1.421353333E+9	2.362055000E-5
1.421356667E+9	3.442695000E-5
1.421360000E+9	1.912790000E-5
1.421363333E+9	1.681174000E-5
1.421366667E+9	1.704432000E-5
1.421370000E+9	1.584148000E-5
1.421373333E+9	1.584851000E-5
1.421376667E+9	1.572406000E-5
1.421380000E+9	1.548518000E-5
1.421383333E+9	1.584280000E-5
1.421386667E+9	1.565868000E-5
1.421390000E+9	1.600255000E-5
1.421393333E+9	1.587224000E-5
1.421396667E+9	1.588376000E-5
1.421400000E+9	1.597057000E-5
