Frequency, Hz	Amplitude, Volts
1.419400000E+9	1.809670000E-5
1.419403333E+9	1.726994000E-5
1.419406667E+9	1.717000000E-5
1.419410000E+9	1.707560000E-5
1.419413333E+9	1.902520000E-5
1.419416667E+9	1.779207000E-5
1.419420000E+9	1.717021000E-5
1.419423333E+9	1.761285000E-5
1.419426667E+9	1.699191000E-5
1.419430000E+9	1.766460000E-5
1.419433333E+9	1.732777000E-5
1.419436667E+9	1.669822000E-5
1.419440000E+9	1.711765000E-5
1.419443333E+9	1.805121000E-5
1.419446667E+9	1.906566000E-5
1.419450000E+9	1.863423000E-5
1.419453333E+9	2.037997000E-5
1.419456667E+9	1.919096000E-5
1.419460000E+9	1.697494000E-5
1.419463333E+9	1.702667000E-5
1.419466667E+9	1.774599000E-5
1.419470000E+9	1.706230000E-5
1.419473333E+9	1.702624000E-5
1.419476667E+9	1.700225000E-5
1.419480000E+9	1.709314000E-5
1.419483333E+9	1.751206000E-5
1.419486667E+9	1.708753000E-5
1.419490000E+9	1.822673000E-5
1.419493333E+9	1.800335000E-5
1.419496667E+9	1.713742000E-5
1.419500000E+9	1.758608000E-5
1.419503333E+9	1.688824000E-5
1.419506667E+9	1.696466000E-5
1.419510000E+9	1.726761000E-5
1.419513333E+9	1.719991000E-5
1.419516667E+9	1.729487000E-5
1.419520000E+9	1.704352000E-5
1.419523333E+9	1.713296000E-5
1.419526667E+9	1.684781000E-5
1.419530000E+9	1.676611000E-5
1.419533333E+9	1.697999000E-5
1.419536667E+9	1.763069000E-5
1.419540000E+9	1.822121000E-5
1.419543333E+9	1.712297000E-5
1.419546667E+9	1.701198000E-5
1.419550000E+9	1.695781000E-5
1.419553333E+9	1.722160000E-5
1.419556667E+9	1.680747000E-5
1.419560000E+9	1.737090000E-5
1.419563333E+9	1.706011000E-5
1.419566667E+9	1.733002000E-5
1.419570000E+9	1.788787000E-5
1.419573333E+9	1.678782000E-5
1.419576667E+9	1.674994000E-5
1.419580000E+9	1.716783000E-5
1.419583333E+9	1.810471000E-5
1.419586667E+9	1.776511000E-5
1.419590000E+9	1.687984000E-5
1.419593333E+9	1.677676000E-5
1.419596667E+9	1.687549000E-5
1.419600000E+9	1.729565000E-5
1.419603333E+9	1.686495000E-5
1.419606667E+9	1.709596000E-5
1.419610000E+9	1.697345000E-5
1.419613333E+9	1.676772000E-5
1.419616667E+9	1.711669000E-5
1.419620000E+9	1.706784000E-5
1.419623333E+9	1.707482000E-5
1.419626667E+9	1.712767000E-5
1.419630000E+9	1.806420000E-5
1.419633333E+9	1.838336000E-5
1.419636667E+9	1.721767000E-5
1.419640000E+9	1.689464000E-5
1.419643333E+9	1.704447000E-5
1.419646667E+9	1.682753000E-5
1.419650000E+9	1.720130000E-5
1.419653333E+9	1.692834000E-5
1.419656667E+9	1.727878000E-5
1.419660000E+9	1.658460000E-5
1.419663333E+9	1.672649000E-5
1.419666667E+9	1.706672000E-5
1.419670000E+9	1.701077000E-5
1.419673333E+9	1.696207000E-5
1.419676667E+9	1.781457000E-5
1.419680000E+9	1.804416000E-5
1.419683333E+9	1.717447000E-5
1.419686667E+9	1.683420000E-5
1.419690000E+9	1.715945000E-5
1.419693333E+9	1.694063000E-5
1.419696667E+9	1.677862000E-5
1.419700000E+9	1.696119000E-5
1.419703333E+9	1.712243000E-5
1.419706667E+9	1.723429000E-5
1.419710000E+9	1.704447000E-5
1.419713333E+9	1.698231000E-5
1.419716667E+9	1.672194000E-5
1.419720000E+9	1.689432000E-5
1.419723333E+9	1.829074000E-5
1.419726667E+9	1.815668000E-5
1.419730000E+9	1.733723000E-5
1.419733333E+9	1.862927000E-5
1.419736667E+9	1.707555000E-5
1.419740000E+9	1.725112000E-5
1.419743333E+9	1.827936000E-5
1.419746667E+9	2.083170000E-5
1.419750000E+9	1.915131000E-5
1.419753333E+9	1.748681000E-5
1.419756667E+9	1.682803000E-5
1.419760000E+9	1.685103000E-5
1.419763333E+9	1.706194000E-5
1.419766667E+9	1.695371000E-5
1.419770000E+9	1.802299000E-5
1.419773333E+9	1.789408000E-5
1.419776667E+9	1.717837000E-5
1.419780000E+9	1.726012000E-5
1.419783333E+9	1.671634000E-5
1.419786667E+9	1.679229000E-5
1.419790000E+9	1.662663000E-5
1.419793333E+9	1.710469000E-5
1.419796667E+9	1.728914000E-5
1.419800000E+9	1.660224000E-5
1.419803333E+9	1.690638000E-5
1.419806667E+9	1.675276000E-5
1.419810000E+9	1.684731000E-5
1.419813333E+9	1.677479000E-5
1.419816667E+9	1.743486000E-5
1.419820000E+9	1.743491000E-5
1.419823333E+9	1.688080000E-5
1.419826667E+9	1.682034000E-5
1.419830000E+9	1.681702000E-5
1.419833333E+9	1.650884000E-5
1.419836667E+9	1.676652000E-5
1.419840000E+9	1.664431000E-5
1.419843333E+9	1.705406000E-5
1.419846667E+9	1.629358000E-5
1.419850000E+9	1.670959000E-5
1.419853333E+9	1.683679000E-5
1.419856667E+9	1.679576000E-5
1.419860000E+9	1.723427000E-5
1.419863333E+9	1.748239000E-5
1.419866667E+9	1.796321000E-5
1.419870000E+9	1.793052000E-5
1.419873333E+9	1.689579000E-5
1.419876667E+9	1.651635000E-5
1.419880000E+9	1.676129000E-5
1.419883333E+9	1.671988000E-5
1.419886667E+9	1.731519000E-5
1.419890000E+9	1.682690000E-5
1.419893333E+9	1.682987000E-5
1.419896667E+9	1.685086000E-5
1.419900000E+9	1.683632000E-5
1.419903333E+9	1.730298000E-5
1.419906667E+9	1.680781000E-5
1.419910000E+9	1.751004000E-5
1.419913333E+9	1.728776000E-5
1.419916667E+9	1.685732000E-5
1.419920000E+9	1.682738000E-5
1.419923333E+9	1.666746000E-5
1.419926667E+9	1.665559000E-5
1.419930000E+9	1.638362000E-5
1.419933333E+9	1.701794000E-5
1.419936667E+9	1.694790000E-5
1.419940000E+9	1.717107000E-5
1.419943333E+9	1.641706000E-5
1.419946667E+9	1.677488000E-5
1.419950000E+9	1.692230000E-5
1.419953333E+9	1.677022000E-5
1.419956667E+9	1.786746000E-5
1.419960000E+9	1.756821000E-5
1.419963333E+9	1.691559000E-5
1.419966667E+9	1.655266000E-5
1.419970000E+9	1.676503000E-5
1.419973333E+9	1.664692000E-5
1.419976667E+9	1.696017000E-5
1.419980000E+9	1.749478000E-5
1.419983333E+9	1.704423000E-5
1.419986667E+9	1.706292000E-5
1.419990000E+9	1.724097000E-5
1.419993333E+9	1.657774000E-5
1.419996667E+9	1.707887000E-5
1.420000000E+9	1.877400000E-5
1.420003333E+9	2.128399000E-5
1.420006667E+9	1.763375000E-5
1.420010000E+9	1.675966000E-5
1.420013333E+9	1.655213000E-5
1.420016667E+9	1.678002000E-5
1.420020000E+9	1.711583000E-5
1.420023333E+9	1.672361000E-5
1.420026667E+9	1.691502000E-5
1.420030000E+9	1.693315000E-5
1.420033333E+9	1.674108000E-5
1.420036667E+9	1.821121000E-5
1.420040000E+9	2.025380000E-5
1.420043333E+9	1.700141000E-5
1.420046667E+9	1.681478000E-5
1.420050000E+9	1.755807000E-5
1.420053333E+9	1.739686000E-5
1.420056667E+9	1.695818000E-5
1.420060000E+9	1.648294000E-5
1.420063333E+9	1.686265000E-5
1.420066667E+9	1.658258000E-5
1.420070000E+9	1.647323000E-5
1.420073333E+9	1.665151000E-5
1.420076667E+9	1.651379000E-5
1.420080000E+9	1.669182000E-5
1.420083333E+9	1.663930000E-5
1.420086667E+9	1.647048000E-5
1.420090000E+9	1.675973000E-5
1.420093333E+9	1.657126000E-5
1.420096667E+9	1.729398000E-5
1.420100000E+9	1.717432000E-5
1.420103333E+9	1.687754000E-5
1.420106667E+9	1.697929000E-5
1.420110000E+9	1.684296000E-5
1.420113333E+9	1.677394000E-5
1.420116667E+9	1.659699000E-5
1.420120000E+9	1.666256000E-5
1.420123333E+9	1.691797000E-5
1.420126667E+9	1.669270000E-5
1.420130000E+9	1.636009000E-5
1.420133333E+9	1.636930000E-5
1.420136667E+9	1.699646000E-5
1.420140000E+9	1.662738000E-5
1.420143333E+9	1.733339000E-5
1.420146667E+9	1.698111000E-5
1.420150000E+9	1.692003000E-5
1.420153333E+9	1.667165000E-5
1.420156667E+9	1.665617000E-5
1.420160000E+9	1.682755000E-5
1.420163333E+9	1.696984000E-5
1.420166667E+9	1.679220000E-5
1.420170000E+9	1.677018000E-5
1.420173333E+9	1.658988000E-5
1.420176667E+9	1.661311000E-5
1.420180000E+9	1.663251000E-5
1.420183333E+9	1.676422000E-5
1.420186667E+9	1.654603000E-5
1.420190000E+9	1.728785000E-5
1.420193333E+9	1.827284000E-5
1.420196667E+9	1.720807000E-5
1.420200000E+9	1.711551000E-5
1.420203333E+9	1.714150000E-5
1.420206667E+9	1.678219000E-5
1.420210000E+9	1.694187000E-5
1.420213333E+9	1.720805000E-5
1.420216667E+9	1.727240000E-5
1.420220000E+9	1.681294000E-5
1.420223333E+9	1.709748000E-5
1.420226667E+9	1.731115000E-5
1.420230000E+9	1.724930000E-5
1.420233333E+9	1.728722000E-5
1.420236667E+9	1.773183000E-5
1.420240000E+9	1.812565000E-5
1.420243333E+9	1.750592000E-5
1.420246667E+9	1.708558000E-5
1.420250000E+9	1.734416000E-5
1.420253333E+9	1.716157000E-5
1.420256667E+9	1.745081000E-5
1.420260000E+9	1.774087000E-5
1.420263333E+9	1.797572000E-5
1.420266667E+9	1.756515000E-5
1.420270000E+9	1.788591000E-5
1.420273333E+9	1.752412000E-5
1.420276667E+9	1.767660000E-5
1.420280000E+9	1.757510000E-5
1.420283333E+9	1.843044000E-5
1.420286667E+9	1.830330000E-5
1.420290000E+9	1.784977000E-5
1.420293333E+9	1.814086000E-5
1.420296667E+9	1.796523000E-5
1.420300000E+9	1.784934000E-5
1.420303333E+9	1.753056000E-5
1.420306667E+9	1.830778000E-5
1.420310000E+9	1.883482000E-5
1.420313333E+9	1.796392000E-5
1.420316667E+9	1.774330000E-5
1.420320000E+9	1.775078000E-5
1.420323333E+9	1.824025000E-5
1.420326667E+9	1.816432000E-5
1.420330000E+9	1.951384000E-5
1.420333333E+9	2.121423000E-5
1.420336667E+9	1.841525000E-5
1.420340000E+9	1.804580000E-5
1.420343333E+9	1.796836000E-5
1.420346667E+9	1.816580000E-5
1.420350000E+9	1.906022000E-5
1.420353333E+9	1.833125000E-5
1.420356667E+9	1.792911000E-5
1.420360000E+9	1.791940000E-5
1.420363333E+9	1.789758000E-5
1.420366667E+9	1.795840000E-5
1.420370000E+9	1.778231000E-5
1.420373333E+9	1.829610000E-5
1.420376667E+9	1.875171000E-5
1.420380000E+9	1.825776000E-5
1.420383333E+9	1.794399000E-5
1.420386667E+9	1.793927000E-5
1.420390000E+9	1.751188000E-5
1.420393333E+9	1.856072000E-5
1.420396667E+9	1.825629000E-5
1.420400000E+9	1.800905000E-5
1.420403333E+9	1.792838000E-5
1.420406667E+9	1.775934000E-5
1.420410000E+9	1.818563000E-5
1.420413333E+9	1.771914000E-5
1.420416667E+9	1.791539000E-5
1.420420000E+9	1.857727000E-5
1.420423333E+9	1.863914000E-5
1.420426667E+9	1.876678000E-5
1.420430000E+9	1.804684000E-5
1.420433333E+9	1.756164000E-5
1.420436667E+9	1.811727000E-5
1.420440000E+9	1.758124000E-5
1.420443333E+9	1.741226000E-5
1.420446667E+9	1.771947000E-5
1.420450000E+9	1.783171000E-5
1.420453333E+9	1.752858000E-5
1.420456667E+9	1.772770000E-5
1.420460000E+9	1.743912000E-5
1.420463333E+9	1.748733000E-5
1.420466667E+9	1.737514000E-5
1.420470000E+9	1.785508000E-5
1.420473333E+9	1.714500000E-5
1.420476667E+9	1.735081000E-5
1.420480000E+9	1.714233000E-5
1.420483333E+9	1.706687000E-5
1.420486667E+9	1.719394000E-5
1.420490000E+9	1.700359000E-5
1.420493333E+9	1.727356000E-5
1.420496667E+9	1.698602000E-5
1.420500000E+9	1.675167000E-5
1.420503333E+9	1.684853000E-5
1.420506667E+9	1.777666000E-5
1.420510000E+9	1.713213000E-5
1.420513333E+9	1.676704000E-5
1.420516667E+9	1.719811000E-5
1.420520000E+9	1.706837000E-5
1.420523333E+9	1.670436000E-5
1.420526667E+9	1.674275000E-5
1.420530000E+9	1.667359000E-5
1.420533333E+9	1.657665000E-5
1.420536667E+9	1.661318000E-5
1.420540000E+9	1.665475000E-5
1.420543333E+9	1.733885000E-5
1.420546667E+9	1.677567000E-5
1.420550000E+9	1.679777000E-5
1.420553333E+9	1.643091000E-5
1.420556667E+9	1.654192000E-5
1.420560000E+9	1.688481000E-5
1.420563333E+9	1.740842000E-5
1.420566667E+9	1.732768000E-5
1.420570000E+9	1.646245000E-5
1.420573333E+9	1.650872000E-5
1.420576667E+9	1.645452000E-5
1.420580000E+9	1.658750000E-5
1.420583333E+9	1.654857000E-5
1.420586667E+9	1.688303000E-5
1.420590000E+9	1.867580000E-5
1.420593333E+9	1.742663000E-5
1.420596667E+9	1.653758000E-5
1.420600000E+9	1.703527000E-5
1.420603333E+9	1.736226000E-5
1.420606667E+9	1.655693000E-5
1.420610000E+9	1.716702000E-5
1.420613333E+9	1.711138000E-5
1.420616667E+9	1.667379000E-5
1.420620000E+9	1.741190000E-5
1.420623333E+9	1.789326000E-5
1.420626667E+9	2.171415000E-5
1.420630000E+9	1.732643000E-5
1.420633333E+9	1.693202000E-5
1.420636667E+9	1.684601000E-5
1.420640000E+9	1.666486000E-5
1.420643333E+9	1.640262000E-5
1.420646667E+9	1.723162000E-5
1.420650000E+9	1.645774000E-5
1.420653333E+9	1.647565000E-5
1.420656667E+9	1.695950000E-5
1.420660000E+9	1.701882000E-5
1.420663333E+9	1.697776000E-5
1.420666667E+9	1.658690000E-5
1.420670000E+9	1.647766000E-5
1.420673333E+9	1.679720000E-5
1.420676667E+9	1.639479000E-5
1.420680000E+9	1.650205000E-5
1.420683333E+9	1.654290000E-5
1.420686667E+9	1.653733000E-5
1.420690000E+9	1.639765000E-5
1.420693333E+9	1.704908000E-5
1.420696667E+9	1.620984000E-5
1.420700000E+9	1.647165000E-5
1.420703333E+9	1.699960000E-5
1.420706667E+9	1.669745000E-5
1.420710000E+9	1.648153000E-5
1.420713333E+9	1.673400000E-5
1.420716667E+9	1.656006000E-5
1.420720000E+9	1.653226000E-5
1.420723333E+9	1.649728000E-5
1.420726667E+9	1.661841000E-5
1.420730000E+9	1.653333000E-5
1.420733333E+9	1.622987000E-5
1.420736667E+9	1.654454000E-5
1.420740000E+9	1.640352000E-5
1.420743333E+9	1.669217000E-5
1.420746667E+9	1.682596000E-5
1.420750000E+9	1.685695000E-5
1.420753333E+9	1.658684000E-5
1.420756667E+9	1.632711000E-5
1.420760000E+9	1.635211000E-5
1.420763333E+9	1.679687000E-5
1.420766667E+9	1.644217000E-5
1.420770000E+9	1.614540000E-5
1.420773333E+9	1.648651000E-5
1.420776667E+9	1.647357000E-5
1.420780000E+9	1.651225000E-5
1.420783333E+9	1.628012000E-5
1.420786667E+9	1.625657000E-5
1.420790000E+9	1.661046000E-5
1.420793333E+9	1.668202000E-5
1.420796667E+9	1.705739000E-5
1.420800000E+9	1.707077000E-5
1.420803333E+9	1.662272000E-5
1.420806667E+9	1.630874000E-5
1.420810000E+9	1.635375000E-5
1.420813333E+9	1.668255000E-5
1.420816667E+9	1.659766000E-5
1.420820000E+9	1.671944000E-5
1.420823333E+9	1.655931000E-5
1.420826667E+9	1.618365000E-5
1.420830000E+9	1.674235000E-5
1.420833333E+9	1.627554000E-5
1.420836667E+9	1.627274000E-5
1.420840000E+9	1.622900000E-5
1.420843333E+9	1.666095000E-5
1.420846667E+9	1.674571000E-5
1.420850000E+9	1.629226000E-5
1.420853333E+9	1.645611000E-5
1.420856667E+9	1.630654000E-5
1.420860000E+9	1.614974000E-5
1.420863333E+9	1.638103000E-5
1.420866667E+9	1.665851000E-5
1.420870000E+9	1.668892000E-5
1.420873333E+9	1.612161000E-5
1.420876667E+9	1.632300000E-5
1.420880000E+9	1.629791000E-5
1.420883333E+9	1.692339000E-5
1.420886667E+9	1.710820000E-5
1.420890000E+9	1.662791000E-5
1.420893333E+9	1.683429000E-5
1.420896667E+9	1.736417000E-5
1.420900000E+9	1.673946000E-5
1.420903333E+9	1.627098000E-5
1.420906667E+9	1.642906000E-5
1.420910000E+9	1.661863000E-5
1.420913333E+9	1.859982000E-5
1.420916667E+9	2.157146000E-5
1.420920000E+9	2.720540000E-5
1.420923333E+9	1.707363000E-5
1.420926667E+9	1.709093000E-5
1.420930000E+9	1.684535000E-5
1.420933333E+9	1.701185000E-5
1.420936667E+9	1.699165000E-5
1.420940000E+9	1.660714000E-5
1.420943333E+9	1.644457000E-5
1.420946667E+9	1.632300000E-5
1.420950000E+9	1.697079000E-5
1.420953333E+9	1.647003000E-5
1.420956667E+9	1.631766000E-5
1.420960000E+9	1.643570000E-5
1.420963333E+9	1.619324000E-5
1.420966667E+9	1.656778000E-5
1.420970000E+9	1.638723000E-5
1.420973333E+9	1.665071000E-5
1.420976667E+9	1.659232000E-5
1.420980000E+9	1.632445000E-5
1.420983333E+9	1.731346000E-5
1.420986667E+9	1.688800000E-5
1.420990000E+9	1.648456000E-5
1.420993333E+9	1.660609000E-5
1.420996667E+9	1.668962000E-5
1.421000000E+9	1.686659000E-5
1.421003333E+9	1.657206000E-5
1.421006667E+9	1.654946000E-5
1.421010000E+9	1.631297000E-5
1.421013333E+9	1.642584000E-5
1.421016667E+9	1.631388000E-5
1.421020000E+9	1.665140000E-5
1.421023333E+9	1.653428000E-5
1.421026667E+9	1.649996000E-5
1.421030000E+9	1.706147000E-5
1.421033333E+9	1.664742000E-5
1.421036667E+9	1.673035000E-5
1.421040000E+9	1.706886000E-5
1.421043333E+9	1.631168000E-5
1.421046667E+9	1.658520000E-5
1.421050000E+9	1.618807000E-5
1.421053333E+9	1.668993000E-5
1.421056667E+9	1.655896000E-5
1.421060000E+9	1.635393000E-5
1.421063333E+9	1.649274000E-5
1.421066667E+9	1.617542000E-5
1.421070000E+9	1.614047000E-5
1.421073333E+9	1.654559000E-5
1.421076667E+9	1.699143000E-5
1.421080000E+9	1.693737000E-5
1.421083333E+9	1.691966000E-5
1.421086667E+9	1.644116000E-5
1.421090000E+9	1.661871000E-5
1.421093333E+9	1.629809000E-5
1.421096667E+9	1.670161000E-5
1.421100000E+9	1.647084000E-5
1.421103333E+9	1.659143000E-5
1.421106667E+9	1.653921000E-5
1.421110000E+9	1.634987000E-5
1.421113333E+9	1.633354000E-5
1.421116667E+9	1.684548000E-5
1.421120000E+9	1.711861000E-5
1.421123333E+9	1.671491000E-5
1.421126667E+9	1.679229000E-5
1.421130000E+9	1.832157000E-5
1.421133333E+9	1.699693000E-5
1.421136667E+9	1.662666000E-5
1.421140000E+9	1.649408000E-5
1.421143333E+9	1.650058000E-5
1.421146667E+9	1.629172000E-5
1.421150000E+9	1.656318000E-5
1.421153333E+9	1.643385000E-5
1.421156667E+9	1.647012000E-5
1.421160000E+9	1.607927000E-5
1.421163333E+9	1.633699000E-5
1.421166667E+9	1.686047000E-5
1.421170000E+9	1.721793000E-5
1.421173333E+9	1.690523000E-5
1.421176667E+9	1.675265000E-5
1.421180000E+9	1.716696000E-5
1.421183333E+9	1.662782000E-5
1.421186667E+9	1.673221000E-5
1.421190000E+9	1.644455000E-5
1.421193333E+9	1.679580000E-5
1.421196667E+9	1.709098000E-5
1.421200000E+9	1.661139000E-5
1.421203333E+9	1.627556000E-5
1.421206667E+9	1.739379000E-5
1.421210000E+9	1.834275000E-5
1.421213333E+9	2.073786000E-5
1.421216667E+9	1.735956000E-5
1.421220000E+9	1.714229000E-5
1.421223333E+9	1.638122000E-5
1.421226667E+9	1.646402000E-5
1.421230000E+9	1.670482000E-5
1.421233333E+9	1.652246000E-5
1.421236667E+9	1.652032000E-5
1.421240000E+9	1.652894000E-5
1.421243333E+9	1.655773000E-5
1.421246667E+9	1.628659000E-5
1.421250000E+9	1.623592000E-5
1.421253333E+9	1.626896000E-5
1.421256667E+9	1.694115000E-5
1.421260000E+9	1.707592000E-5
1.421263333E+9	1.966738000E-5
1.421266667E+9	2.013989000E-5
1.421270000E+9	1.687374000E-5
1.421273333E+9	1.668456000E-5
1.421276667E+9	1.691494000E-5
1.421280000E+9	1.640030000E-5
1.421283333E+9	1.689961000E-5
1.421286667E+9	1.769371000E-5
1.421290000E+9	1.643246000E-5
1.421293333E+9	1.649408000E-5
1.421296667E+9	1.670872000E-5
1.421300000E+9	1.700828000E-5
1.421303333E+9	1.669349000E-5
1.421306667E+9	1.665356000E-5
1.421310000E+9	1.689067000E-5
1.421313333E+9	1.654455000E-5
1.421316667E+9	1.661599000E-5
1.421320000E+9	1.645710000E-5
1.421323333E+9	1.684622000E-5
1.421326667E+9	1.676731000E-5
1.421330000E+9	1.972135000E-5
1.421333333E+9	2.529322000E-5
1.421336667E+9	1.754246000E-5
1.421340000E+9	1.635186000E-5
1.421343333E+9	1.638835000E-5
1.421346667E+9	1.668616000E-5
1.421350000E+9	1.654207000E-5
1.421353333E+9	1.642632000E-5
1.421356667E+9	1.634824000E-5
1.421360000E+9	1.694223000E-5
1.421363333E+9	1.710721000E-5
1.421366667E+9	1.731152000E-5
1.421370000E+9	1.647109000E-5
1.421373333E+9	1.634273000E-5
1.421376667E+9	1.687046000E-5
1.421380000E+9	1.638049000E-5
1.421383333E+9	1.671206000E-5
1.421386667E+9	1.659267000E-5
1.421390000E+9	1.614235000E-5
1.421393333E+9	1.651758000E-5
1.421396667E+9	1.716465000E-5
1.421400000E+9	2.298192000E-5
