Frequency, Hz	Amplitude, Volts
1.419400000E+9	1.608056000E-5
1.419403333E+9	1.649093000E-5
1.419406667E+9	1.660195000E-5
1.419410000E+9	1.597983000E-5
1.419413333E+9	1.664440000E-5
1.419416667E+9	1.628753000E-5
1.419420000E+9	1.588042000E-5
1.419423333E+9	1.602636000E-5
1.419426667E+9	1.590986000E-5
1.419430000E+9	1.598285000E-5
1.419433333E+9	1.640334000E-5
1.419436667E+9	1.641320000E-5
1.419440000E+9	1.614278000E-5
1.419443333E+9	1.595902000E-5
1.419446667E+9	1.668414000E-5
1.419450000E+9	1.886371000E-5
1.419453333E+9	1.647865000E-5
1.419456667E+9	1.616713000E-5
1.419460000E+9	1.625108000E-5
1.419463333E+9	1.603176000E-5
1.419466667E+9	1.622081000E-5
1.419470000E+9	1.576351000E-5
1.419473333E+9	1.591643000E-5
1.419476667E+9	1.608785000E-5
1.419480000E+9	1.596757000E-5
1.419483333E+9	1.578649000E-5
1.419486667E+9	1.625110000E-5
1.419490000E+9	1.603636000E-5
1.419493333E+9	1.609755000E-5
1.419496667E+9	1.655706000E-5
1.419500000E+9	1.654813000E-5
1.419503333E+9	1.606387000E-5
1.419506667E+9	1.615341000E-5
1.419510000E+9	1.607924000E-5
1.419513333E+9	1.633702000E-5
1.419516667E+9	1.603493000E-5
1.419520000E+9	1.615769000E-5
1.419523333E+9	1.629049000E-5
1.419526667E+9	1.581076000E-5
1.419530000E+9	1.583112000E-5
1.419533333E+9	1.609224000E-5
1.419536667E+9	1.654546000E-5
1.419540000E+9	1.636912000E-5
1.419543333E+9	1.613296000E-5
1.419546667E+9	1.587534000E-5
1.419550000E+9	1.607023000E-5
1.419553333E+9	1.587651000E-5
1.419556667E+9	1.586606000E-5
1.419560000E+9	1.599493000E-5
1.419563333E+9	1.627590000E-5
1.419566667E+9	1.572461000E-5
1.419570000E+9	1.595487000E-5
1.419573333E+9	1.587498000E-5
1.419576667E+9	1.606411000E-5
1.419580000E+9	1.612928000E-5
1.419583333E+9	1.603812000E-5
1.419586667E+9	1.601718000E-5
1.419590000E+9	1.583188000E-5
1.419593333E+9	1.626475000E-5
1.419596667E+9	1.631875000E-5
1.419600000E+9	1.656646000E-5
1.419603333E+9	1.599649000E-5
1.419606667E+9	1.591487000E-5
1.419610000E+9	1.586388000E-5
1.419613333E+9	1.550476000E-5
1.419616667E+9	1.586329000E-5
1.419620000E+9	1.593918000E-5
1.419623333E+9	1.596401000E-5
1.419626667E+9	1.594034000E-5
1.419630000E+9	1.599215000E-5
1.419633333E+9	1.588033000E-5
1.419636667E+9	1.638693000E-5
1.419640000E+9	1.593234000E-5
1.419643333E+9	1.579693000E-5
1.419646667E+9	1.586228000E-5
1.419650000E+9	1.580827000E-5
1.419653333E+9	1.608238000E-5
1.419656667E+9	1.616157000E-5
1.419660000E+9	1.615377000E-5
1.419663333E+9	1.596687000E-5
1.419666667E+9	1.596310000E-5
1.419670000E+9	1.603412000E-5
1.419673333E+9	1.605542000E-5
1.419676667E+9	1.613342000E-5
1.419680000E+9	1.605130000E-5
1.419683333E+9	1.603849000E-5
1.419686667E+9	1.583209000E-5
1.419690000E+9	1.575954000E-5
1.419693333E+9	1.620972000E-5
1.419696667E+9	1.596158000E-5
1.419700000E+9	1.586996000E-5
1.419703333E+9	1.599437000E-5
1.419706667E+9	1.584344000E-5
1.419710000E+9	1.585307000E-5
1.419713333E+9	1.622257000E-5
1.419716667E+9	1.592673000E-5
1.419720000E+9	1.571598000E-5
1.419723333E+9	1.621648000E-5
1.419726667E+9	1.618047000E-5
1.419730000E+9	1.616408000E-5
1.419733333E+9	1.735304000E-5
1.419736667E+9	1.600673000E-5
1.419740000E+9	1.700261000E-5
1.419743333E+9	1.863474000E-5
1.419746667E+9	1.639294000E-5
1.419750000E+9	1.644435000E-5
1.419753333E+9	1.620557000E-5
1.419756667E+9	1.591279000E-5
1.419760000E+9	1.606872000E-5
1.419763333E+9	1.595184000E-5
1.419766667E+9	1.563190000E-5
1.419770000E+9	1.571305000E-5
1.419773333E+9	1.596868000E-5
1.419776667E+9	1.595129000E-5
1.419780000E+9	1.631196000E-5
1.419783333E+9	1.590696000E-5
1.419786667E+9	1.580402000E-5
1.419790000E+9	1.540385000E-5
1.419793333E+9	1.624696000E-5
1.419796667E+9	1.611241000E-5
1.419800000E+9	1.592622000E-5
1.419803333E+9	1.589231000E-5
1.419806667E+9	1.592550000E-5
1.419810000E+9	1.612046000E-5
1.419813333E+9	1.613547000E-5
1.419816667E+9	1.598401000E-5
1.419820000E+9	1.620699000E-5
1.419823333E+9	1.604004000E-5
1.419826667E+9	1.603664000E-5
1.419830000E+9	1.668755000E-5
1.419833333E+9	1.620334000E-5
1.419836667E+9	1.640724000E-5
1.419840000E+9	1.599549000E-5
1.419843333E+9	1.611223000E-5
1.419846667E+9	1.610250000E-5
1.419850000E+9	1.628512000E-5
1.419853333E+9	1.622959000E-5
1.419856667E+9	1.608376000E-5
1.419860000E+9	1.638806000E-5
1.419863333E+9	1.670324000E-5
1.419866667E+9	1.659320000E-5
1.419870000E+9	1.706906000E-5
1.419873333E+9	1.660979000E-5
1.419876667E+9	1.651350000E-5
1.419880000E+9	1.642418000E-5
1.419883333E+9	1.620602000E-5
1.419886667E+9	1.614804000E-5
1.419890000E+9	1.632779000E-5
1.419893333E+9	1.664310000E-5
1.419896667E+9	1.628215000E-5
1.419900000E+9	1.646412000E-5
1.419903333E+9	1.643428000E-5
1.419906667E+9	1.649015000E-5
1.419910000E+9	1.651653000E-5
1.419913333E+9	1.648305000E-5
1.419916667E+9	1.663890000E-5
1.419920000E+9	1.640585000E-5
1.419923333E+9	1.659508000E-5
1.419926667E+9	1.642331000E-5
1.419930000E+9	1.639470000E-5
1.419933333E+9	1.648841000E-5
1.419936667E+9	1.629399000E-5
1.419940000E+9	1.661061000E-5
1.419943333E+9	1.657974000E-5
1.419946667E+9	1.614809000E-5
1.419950000E+9	1.664515000E-5
1.419953333E+9	1.586214000E-5
1.419956667E+9	1.625880000E-5
1.419960000E+9	1.653605000E-5
1.419963333E+9	1.632929000E-5
1.419966667E+9	1.619970000E-5
1.419970000E+9	1.641311000E-5
1.419973333E+9	1.667555000E-5
1.419976667E+9	1.611053000E-5
1.419980000E+9	1.620769000E-5
1.419983333E+9	1.632400000E-5
1.419986667E+9	1.609568000E-5
1.419990000E+9	1.647558000E-5
1.419993333E+9	1.621212000E-5
1.419996667E+9	1.638844000E-5
1.420000000E+9	1.645983000E-5
1.420003333E+9	1.686589000E-5
1.420006667E+9	1.671315000E-5
1.420010000E+9	1.662340000E-5
1.420013333E+9	1.659453000E-5
1.420016667E+9	1.629068000E-5
1.420020000E+9	1.640934000E-5
1.420023333E+9	1.633955000E-5
1.420026667E+9	1.683791000E-5
1.420030000E+9	1.629045000E-5
1.420033333E+9	1.718513000E-5
1.420036667E+9	1.804418000E-5
1.420040000E+9	1.670276000E-5
1.420043333E+9	1.664025000E-5
1.420046667E+9	1.633523000E-5
1.420050000E+9	1.616307000E-5
1.420053333E+9	1.606245000E-5
1.420056667E+9	1.628296000E-5
1.420060000E+9	1.646600000E-5
1.420063333E+9	1.588600000E-5
1.420066667E+9	1.630204000E-5
1.420070000E+9	1.610427000E-5
1.420073333E+9	1.637272000E-5
1.420076667E+9	1.635242000E-5
1.420080000E+9	1.669079000E-5
1.420083333E+9	1.642699000E-5
1.420086667E+9	1.649062000E-5
1.420090000E+9	1.650516000E-5
1.420093333E+9	1.650821000E-5
1.420096667E+9	1.630367000E-5
1.420100000E+9	1.635876000E-5
1.420103333E+9	1.634824000E-5
1.420106667E+9	1.629075000E-5
1.420110000E+9	1.659970000E-5
1.420113333E+9	1.632468000E-5
1.420116667E+9	1.631603000E-5
1.420120000E+9	1.643904000E-5
1.420123333E+9	1.651956000E-5
1.420126667E+9	1.687584000E-5
1.420130000E+9	1.651916000E-5
1.420133333E+9	1.626432000E-5
1.420136667E+9	1.651399000E-5
1.420140000E+9	1.675934000E-5
1.420143333E+9	1.642091000E-5
1.420146667E+9	1.690707000E-5
1.420150000E+9	1.655578000E-5
1.420153333E+9	1.647126000E-5
1.420156667E+9	1.626868000E-5
1.420160000E+9	1.685502000E-5
1.420163333E+9	1.693003000E-5
1.420166667E+9	1.664862000E-5
1.420170000E+9	1.631067000E-5
1.420173333E+9	1.663293000E-5
1.420176667E+9	1.695968000E-5
1.420180000E+9	1.650834000E-5
1.420183333E+9	1.681711000E-5
1.420186667E+9	1.669954000E-5
1.420190000E+9	1.668656000E-5
1.420193333E+9	1.661522000E-5
1.420196667E+9	1.724713000E-5
1.420200000E+9	1.658138000E-5
1.420203333E+9	1.675568000E-5
1.420206667E+9	1.665605000E-5
1.420210000E+9	1.664126000E-5
1.420213333E+9	1.663391000E-5
1.420216667E+9	1.689720000E-5
1.420220000E+9	1.742577000E-5
1.420223333E+9	1.691606000E-5
1.420226667E+9	1.684503000E-5
1.420230000E+9	1.694232000E-5
1.420233333E+9	1.737184000E-5
1.420236667E+9	1.723386000E-5
1.420240000E+9	1.694163000E-5
1.420243333E+9	1.726431000E-5
1.420246667E+9	1.774373000E-5
1.420250000E+9	1.722364000E-5
1.420253333E+9	1.737890000E-5
1.420256667E+9	1.706458000E-5
1.420260000E+9	1.748812000E-5
1.420263333E+9	1.749903000E-5
1.420266667E+9	1.753010000E-5
1.420270000E+9	1.751192000E-5
1.420273333E+9	1.744167000E-5
1.420276667E+9	1.753786000E-5
1.420280000E+9	1.733647000E-5
1.420283333E+9	1.778920000E-5
1.420286667E+9	1.777616000E-5
1.420290000E+9	1.729658000E-5
1.420293333E+9	1.744401000E-5
1.420296667E+9	1.764629000E-5
1.420300000E+9	1.778680000E-5
1.420303333E+9	1.727227000E-5
1.420306667E+9	1.803151000E-5
1.420310000E+9	1.846119000E-5
1.420313333E+9	1.780411000E-5
1.420316667E+9	1.751577000E-5
1.420320000E+9	1.759002000E-5
1.420323333E+9	1.774231000E-5
1.420326667E+9	1.808869000E-5
1.420330000E+9	1.895277000E-5
1.420333333E+9	1.783682000E-5
1.420336667E+9	1.750487000E-5
1.420340000E+9	1.748527000E-5
1.420343333E+9	1.761983000E-5
1.420346667E+9	1.793005000E-5
1.420350000E+9	1.739124000E-5
1.420353333E+9	1.726058000E-5
1.420356667E+9	1.710542000E-5
1.420360000E+9	1.664859000E-5
1.420363333E+9	1.659271000E-5
1.420366667E+9	1.628584000E-5
1.420370000E+9	1.633178000E-5
1.420373333E+9	1.646513000E-5
1.420376667E+9	1.622157000E-5
1.420380000E+9	1.614969000E-5
1.420383333E+9	1.620290000E-5
1.420386667E+9	1.629684000E-5
1.420390000E+9	1.597204000E-5
1.420393333E+9	1.630967000E-5
1.420396667E+9	1.610157000E-5
1.420400000E+9	1.601319000E-5
1.420403333E+9	1.612561000E-5
1.420406667E+9	1.620286000E-5
1.420410000E+9	1.612974000E-5
1.420413333E+9	1.615171000E-5
1.420416667E+9	1.608701000E-5
1.420420000E+9	1.610310000E-5
1.420423333E+9	1.623499000E-5
1.420426667E+9	1.603669000E-5
1.420430000E+9	1.646184000E-5
1.420433333E+9	1.631732000E-5
1.420436667E+9	1.599964000E-5
1.420440000E+9	1.633037000E-5
1.420443333E+9	1.627597000E-5
1.420446667E+9	1.613266000E-5
1.420450000E+9	1.632277000E-5
1.420453333E+9	1.604451000E-5
1.420456667E+9	1.646647000E-5
1.420460000E+9	1.630253000E-5
1.420463333E+9	1.602946000E-5
1.420466667E+9	1.599077000E-5
1.420470000E+9	1.605877000E-5
1.420473333E+9	1.631014000E-5
1.420476667E+9	1.592728000E-5
1.420480000E+9	1.620269000E-5
1.420483333E+9	1.638025000E-5
1.420486667E+9	1.631350000E-5
1.420490000E+9	1.620002000E-5
1.420493333E+9	1.655464000E-5
1.420496667E+9	1.660475000E-5
1.420500000E+9	1.619842000E-5
1.420503333E+9	1.616974000E-5
1.420506667E+9	1.592931000E-5
1.420510000E+9	1.641001000E-5
1.420513333E+9	1.643386000E-5
1.420516667E+9	1.662438000E-5
1.420520000E+9	1.631614000E-5
1.420523333E+9	1.660599000E-5
1.420526667E+9	1.648070000E-5
1.420530000E+9	1.641498000E-5
1.420533333E+9	1.638955000E-5
1.420536667E+9	1.617636000E-5
1.420540000E+9	1.640149000E-5
1.420543333E+9	1.609655000E-5
1.420546667E+9	1.653934000E-5
1.420550000E+9	1.630194000E-5
1.420553333E+9	1.607196000E-5
1.420556667E+9	1.635601000E-5
1.420560000E+9	1.634748000E-5
1.420563333E+9	1.593827000E-5
1.420566667E+9	1.604992000E-5
1.420570000E+9	1.666201000E-5
1.420573333E+9	1.617901000E-5
1.420576667E+9	1.595030000E-5
1.420580000E+9	1.609459000E-5
1.420583333E+9	1.591230000E-5
1.420586667E+9	1.619084000E-5
1.420590000E+9	1.608766000E-5
1.420593333E+9	1.626532000E-5
1.420596667E+9	1.594324000E-5
1.420600000E+9	1.649553000E-5
1.420603333E+9	1.699256000E-5
1.420606667E+9	1.678697000E-5
1.420610000E+9	1.617004000E-5
1.420613333E+9	1.585329000E-5
1.420616667E+9	1.584939000E-5
1.420620000E+9	1.773744000E-5
1.420623333E+9	1.767173000E-5
1.420626667E+9	1.617620000E-5
1.420630000E+9	1.601166000E-5
1.420633333E+9	1.599124000E-5
1.420636667E+9	1.624758000E-5
1.420640000E+9	1.612207000E-5
1.420643333E+9	1.678735000E-5
1.420646667E+9	1.616960000E-5
1.420650000E+9	1.572520000E-5
1.420653333E+9	1.552160000E-5
1.420656667E+9	1.587477000E-5
1.420660000E+9	1.587709000E-5
1.420663333E+9	1.597175000E-5
1.420666667E+9	1.598945000E-5
1.420670000E+9	1.559069000E-5
1.420673333E+9	1.588169000E-5
1.420676667E+9	1.582764000E-5
1.420680000E+9	1.615588000E-5
1.420683333E+9	1.586600000E-5
1.420686667E+9	1.571296000E-5
1.420690000E+9	1.561850000E-5
1.420693333E+9	1.571845000E-5
1.420696667E+9	1.583953000E-5
1.420700000E+9	1.595559000E-5
1.420703333E+9	1.588893000E-5
1.420706667E+9	1.584085000E-5
1.420710000E+9	1.597373000E-5
1.420713333E+9	1.568225000E-5
1.420716667E+9	1.586428000E-5
1.420720000E+9	1.581857000E-5
1.420723333E+9	1.603676000E-5
1.420726667E+9	1.571569000E-5
1.420730000E+9	1.580015000E-5
1.420733333E+9	1.591963000E-5
1.420736667E+9	1.584708000E-5
1.420740000E+9	1.607632000E-5
1.420743333E+9	1.569344000E-5
1.420746667E+9	1.542824000E-5
1.420750000E+9	1.603592000E-5
1.420753333E+9	1.579103000E-5
1.420756667E+9	1.636039000E-5
1.420760000E+9	1.606921000E-5
1.420763333E+9	1.617757000E-5
1.420766667E+9	1.587756000E-5
1.420770000E+9	1.533158000E-5
1.420773333E+9	1.610931000E-5
1.420776667E+9	1.610774000E-5
1.420780000E+9	1.578732000E-5
1.420783333E+9	1.590310000E-5
1.420786667E+9	1.586094000E-5
1.420790000E+9	1.578062000E-5
1.420793333E+9	1.728384000E-5
1.420796667E+9	1.596756000E-5
1.420800000E+9	1.549863000E-5
1.420803333E+9	1.586458000E-5
1.420806667E+9	1.590064000E-5
1.420810000E+9	1.584590000E-5
1.420813333E+9	1.548284000E-5
1.420816667E+9	1.579237000E-5
1.420820000E+9	1.575570000E-5
1.420823333E+9	1.561886000E-5
1.420826667E+9	1.587304000E-5
1.420830000E+9	1.582569000E-5
1.420833333E+9	1.574164000E-5
1.420836667E+9	1.589634000E-5
1.420840000E+9	1.542861000E-5
1.420843333E+9	1.590715000E-5
1.420846667E+9	1.584297000E-5
1.420850000E+9	1.555530000E-5
1.420853333E+9	1.577072000E-5
1.420856667E+9	1.592192000E-5
1.420860000E+9	1.603250000E-5
1.420863333E+9	1.595610000E-5
1.420866667E+9	1.613186000E-5
1.420870000E+9	1.603333000E-5
1.420873333E+9	1.596834000E-5
1.420876667E+9	1.587937000E-5
1.420880000E+9	1.558092000E-5
1.420883333E+9	1.642549000E-5
1.420886667E+9	1.582992000E-5
1.420890000E+9	1.548123000E-5
1.420893333E+9	1.577157000E-5
1.420896667E+9	1.576738000E-5
1.420900000E+9	1.617123000E-5
1.420903333E+9	1.637529000E-5
1.420906667E+9	1.681983000E-5
1.420910000E+9	1.561581000E-5
1.420913333E+9	2.111778000E-5
1.420916667E+9	1.921690000E-5
1.420920000E+9	1.606122000E-5
1.420923333E+9	1.573306000E-5
1.420926667E+9	1.605519000E-5
1.420930000E+9	1.572152000E-5
1.420933333E+9	1.559831000E-5
1.420936667E+9	1.582027000E-5
1.420940000E+9	1.668343000E-5
1.420943333E+9	1.658728000E-5
1.420946667E+9	1.571976000E-5
1.420950000E+9	1.554087000E-5
1.420953333E+9	1.573166000E-5
1.420956667E+9	1.589895000E-5
1.420960000E+9	1.527279000E-5
1.420963333E+9	1.546939000E-5
1.420966667E+9	1.564496000E-5
1.420970000E+9	1.575491000E-5
1.420973333E+9	1.589011000E-5
1.420976667E+9	1.601123000E-5
1.420980000E+9	1.602161000E-5
1.420983333E+9	1.585942000E-5
1.420986667E+9	1.579049000E-5
1.420990000E+9	1.594883000E-5
1.420993333E+9	1.554724000E-5
1.420996667E+9	1.575738000E-5
1.421000000E+9	1.582606000E-5
1.421003333E+9	1.566371000E-5
1.421006667E+9	1.600020000E-5
1.421010000E+9	1.579029000E-5
1.421013333E+9	1.604002000E-5
1.421016667E+9	1.580518000E-5
1.421020000E+9	1.565247000E-5
1.421023333E+9	1.549611000E-5
1.421026667E+9	1.553775000E-5
1.421030000E+9	1.589182000E-5
1.421033333E+9	1.569874000E-5
1.421036667E+9	1.596976000E-5
1.421040000E+9	1.615022000E-5
1.421043333E+9	1.595998000E-5
1.421046667E+9	1.543495000E-5
1.421050000E+9	1.545630000E-5
1.421053333E+9	1.601522000E-5
1.421056667E+9	1.619324000E-5
1.421060000E+9	1.571817000E-5
1.421063333E+9	1.579018000E-5
1.421066667E+9	1.616342000E-5
1.421070000E+9	1.574868000E-5
1.421073333E+9	1.584106000E-5
1.421076667E+9	1.578932000E-5
1.421080000E+9	1.584950000E-5
1.421083333E+9	1.573784000E-5
1.421086667E+9	1.557003000E-5
1.421090000E+9	1.616637000E-5
1.421093333E+9	1.614598000E-5
1.421096667E+9	1.615292000E-5
1.421100000E+9	1.618167000E-5
1.421103333E+9	1.559100000E-5
1.421106667E+9	1.575761000E-5
1.421110000E+9	1.574004000E-5
1.421113333E+9	1.536208000E-5
1.421116667E+9	1.591227000E-5
1.421120000E+9	1.595075000E-5
1.421123333E+9	1.598308000E-5
1.421126667E+9	1.610383000E-5
1.421130000E+9	1.594576000E-5
1.421133333E+9	1.604631000E-5
1.421136667E+9	1.564678000E-5
1.421140000E+9	1.551854000E-5
1.421143333E+9	1.568357000E-5
1.421146667E+9	1.591092000E-5
1.421150000E+9	1.570448000E-5
1.421153333E+9	1.566416000E-5
1.421156667E+9	1.574233000E-5
1.421160000E+9	1.577225000E-5
1.421163333E+9	1.614714000E-5
1.421166667E+9	1.636027000E-5
1.421170000E+9	1.579162000E-5
1.421173333E+9	1.596496000E-5
1.421176667E+9	1.610222000E-5
1.421180000E+9	1.592861000E-5
1.421183333E+9	1.595885000E-5
1.421186667E+9	1.562390000E-5
1.421190000E+9	1.600746000E-5
1.421193333E+9	1.608630000E-5
1.421196667E+9	1.577781000E-5
1.421200000E+9	1.617885000E-5
1.421203333E+9	1.622708000E-5
1.421206667E+9	1.749703000E-5
1.421210000E+9	1.685745000E-5
1.421213333E+9	1.594426000E-5
1.421216667E+9	1.590621000E-5
1.421220000E+9	1.580675000E-5
1.421223333E+9	1.557984000E-5
1.421226667E+9	1.583584000E-5
1.421230000E+9	1.605639000E-5
1.421233333E+9	1.590715000E-5
1.421236667E+9	1.561893000E-5
1.421240000E+9	1.608810000E-5
1.421243333E+9	1.588164000E-5
1.421246667E+9	1.579091000E-5
1.421250000E+9	1.593883000E-5
1.421253333E+9	1.551900000E-5
1.421256667E+9	1.563418000E-5
1.421260000E+9	1.581895000E-5
1.421263333E+9	1.594890000E-5
1.421266667E+9	1.586834000E-5
1.421270000E+9	1.568631000E-5
1.421273333E+9	1.578479000E-5
1.421276667E+9	1.603152000E-5
1.421280000E+9	1.589001000E-5
1.421283333E+9	1.544185000E-5
1.421286667E+9	1.562719000E-5
1.421290000E+9	1.553783000E-5
1.421293333E+9	1.586836000E-5
1.421296667E+9	1.616113000E-5
1.421300000E+9	1.624426000E-5
1.421303333E+9	1.552597000E-5
1.421306667E+9	1.552259000E-5
1.421310000E+9	1.564740000E-5
1.421313333E+9	1.604182000E-5
1.421316667E+9	1.589301000E-5
1.421320000E+9	1.552411000E-5
1.421323333E+9	1.586327000E-5
1.421326667E+9	1.580909000E-5
1.421330000E+9	1.594653000E-5
1.421333333E+9	1.579356000E-5
1.421336667E+9	1.612002000E-5
1.421340000E+9	1.570141000E-5
1.421343333E+9	1.580128000E-5
1.421346667E+9	1.573534000E-5
1.421350000E+9	1.588886000E-5
1.421353333E+9	1.619305000E-5
1.421356667E+9	1.621080000E-5
1.421360000E+9	1.600399000E-5
1.421363333E+9	1.647097000E-5
1.421366667E+9	1.867718000E-5
1.421370000E+9	1.631822000E-5
1.421373333E+9	1.591318000E-5
1.421376667E+9	1.592104000E-5
1.421380000E+9	1.589385000E-5
1.421383333E+9	1.603271000E-5
1.421386667E+9	1.590975000E-5
1.421390000E+9	1.624594000E-5
1.421393333E+9	1.596182000E-5
1.421396667E+9	1.587301000E-5
1.421400000E+9	1.604266000E-5
