Frequency, Hz	Amplitude, Volts
1.419400000E+9	2.145150000E-5
1.419403333E+9	2.231934000E-5
1.419406667E+9	2.189687000E-5
1.419410000E+9	2.164488000E-5
1.419413333E+9	2.179180000E-5
1.419416667E+9	2.197013000E-5
1.419420000E+9	2.138438000E-5
1.419423333E+9	2.237674000E-5
1.419426667E+9	2.171432000E-5
1.419430000E+9	2.149925000E-5
1.419433333E+9	2.163274000E-5
1.419436667E+9	2.148308000E-5
1.419440000E+9	2.182479000E-5
1.419443333E+9	2.161123000E-5
1.419446667E+9	2.407181000E-5
1.419450000E+9	2.523489000E-5
1.419453333E+9	2.400865000E-5
1.419456667E+9	2.254238000E-5
1.419460000E+9	2.163555000E-5
1.419463333E+9	2.219442000E-5
1.419466667E+9	2.176638000E-5
1.419470000E+9	2.170042000E-5
1.419473333E+9	2.161059000E-5
1.419476667E+9	2.129236000E-5
1.419480000E+9	2.193039000E-5
1.419483333E+9	2.146724000E-5
1.419486667E+9	2.137248000E-5
1.419490000E+9	2.192902000E-5
1.419493333E+9	2.203896000E-5
1.419496667E+9	2.212260000E-5
1.419500000E+9	2.193501000E-5
1.419503333E+9	2.184702000E-5
1.419506667E+9	2.176000000E-5
1.419510000E+9	2.158648000E-5
1.419513333E+9	2.174326000E-5
1.419516667E+9	2.208979000E-5
1.419520000E+9	2.219973000E-5
1.419523333E+9	2.178012000E-5
1.419526667E+9	2.195111000E-5
1.419530000E+9	2.186571000E-5
1.419533333E+9	2.137072000E-5
1.419536667E+9	2.169642000E-5
1.419540000E+9	2.218945000E-5
1.419543333E+9	2.218750000E-5
1.419546667E+9	2.171360000E-5
1.419550000E+9	2.173731000E-5
1.419553333E+9	2.145644000E-5
1.419556667E+9	2.155912000E-5
1.419560000E+9	2.160715000E-5
1.419563333E+9	2.185750000E-5
1.419566667E+9	2.187815000E-5
1.419570000E+9	2.185525000E-5
1.419573333E+9	2.205477000E-5
1.419576667E+9	2.177061000E-5
1.419580000E+9	2.202433000E-5
1.419583333E+9	2.123467000E-5
1.419586667E+9	2.199588000E-5
1.419590000E+9	2.237936000E-5
1.419593333E+9	2.150142000E-5
1.419596667E+9	2.156639000E-5
1.419600000E+9	2.150970000E-5
1.419603333E+9	2.173452000E-5
1.419606667E+9	2.164362000E-5
1.419610000E+9	2.181066000E-5
1.419613333E+9	2.211427000E-5
1.419616667E+9	2.212812000E-5
1.419620000E+9	2.183867000E-5
1.419623333E+9	2.152560000E-5
1.419626667E+9	2.173409000E-5
1.419630000E+9	2.179287000E-5
1.419633333E+9	2.172295000E-5
1.419636667E+9	2.221019000E-5
1.419640000E+9	2.180889000E-5
1.419643333E+9	2.207876000E-5
1.419646667E+9	2.168409000E-5
1.419650000E+9	2.149535000E-5
1.419653333E+9	2.205058000E-5
1.419656667E+9	2.217954000E-5
1.419660000E+9	2.147039000E-5
1.419663333E+9	2.166654000E-5
1.419666667E+9	2.175773000E-5
1.419670000E+9	2.200110000E-5
1.419673333E+9	2.170331000E-5
1.419676667E+9	2.225494000E-5
1.419680000E+9	2.177635000E-5
1.419683333E+9	2.208043000E-5
1.419686667E+9	2.188219000E-5
1.419690000E+9	2.179546000E-5
1.419693333E+9	2.178448000E-5
1.419696667E+9	2.143269000E-5
1.419700000E+9	2.177592000E-5
1.419703333E+9	2.170831000E-5
1.419706667E+9	2.179536000E-5
1.419710000E+9	2.161112000E-5
1.419713333E+9	2.176210000E-5
1.419716667E+9	2.202375000E-5
1.419720000E+9	2.167968000E-5
1.419723333E+9	2.149806000E-5
1.419726667E+9	2.192093000E-5
1.419730000E+9	2.207466000E-5
1.419733333E+9	2.272668000E-5
1.419736667E+9	2.201043000E-5
1.419740000E+9	2.456102000E-5
1.419743333E+9	2.474508000E-5
1.419746667E+9	2.425146000E-5
1.419750000E+9	2.227019000E-5
1.419753333E+9	2.165237000E-5
1.419756667E+9	2.150897000E-5
1.419760000E+9	2.232351000E-5
1.419763333E+9	2.171408000E-5
1.419766667E+9	2.158058000E-5
1.419770000E+9	2.158138000E-5
1.419773333E+9	2.174283000E-5
1.419776667E+9	2.171632000E-5
1.419780000E+9	2.168646000E-5
1.419783333E+9	2.121011000E-5
1.419786667E+9	2.120135000E-5
1.419790000E+9	2.179429000E-5
1.419793333E+9	2.168289000E-5
1.419796667E+9	2.201379000E-5
1.419800000E+9	2.186823000E-5
1.419803333E+9	2.154861000E-5
1.419806667E+9	2.172080000E-5
1.419810000E+9	2.177711000E-5
1.419813333E+9	2.221763000E-5
1.419816667E+9	2.235792000E-5
1.419820000E+9	2.209430000E-5
1.419823333E+9	2.213925000E-5
1.419826667E+9	2.186113000E-5
1.419830000E+9	2.148094000E-5
1.419833333E+9	2.206463000E-5
1.419836667E+9	2.188406000E-5
1.419840000E+9	2.168575000E-5
1.419843333E+9	2.168025000E-5
1.419846667E+9	2.192858000E-5
1.419850000E+9	2.183361000E-5
1.419853333E+9	2.179103000E-5
1.419856667E+9	2.176600000E-5
1.419860000E+9	2.160480000E-5
1.419863333E+9	2.215615000E-5
1.419866667E+9	2.171253000E-5
1.419870000E+9	2.194590000E-5
1.419873333E+9	2.187491000E-5
1.419876667E+9	2.163118000E-5
1.419880000E+9	2.192006000E-5
1.419883333E+9	2.175197000E-5
1.419886667E+9	2.178534000E-5
1.419890000E+9	2.183414000E-5
1.419893333E+9	2.178881000E-5
1.419896667E+9	2.214472000E-5
1.419900000E+9	2.191438000E-5
1.419903333E+9	2.155985000E-5
1.419906667E+9	2.158178000E-5
1.419910000E+9	2.138081000E-5
1.419913333E+9	2.206361000E-5
1.419916667E+9	2.208680000E-5
1.419920000E+9	2.163042000E-5
1.419923333E+9	2.169826000E-5
1.419926667E+9	2.159596000E-5
1.419930000E+9	2.159805000E-5
1.419933333E+9	2.156258000E-5
1.419936667E+9	2.205440000E-5
1.419940000E+9	2.142003000E-5
1.419943333E+9	2.169220000E-5
1.419946667E+9	2.199368000E-5
1.419950000E+9	2.175147000E-5
1.419953333E+9	2.188699000E-5
1.419956667E+9	2.159352000E-5
1.419960000E+9	2.159883000E-5
1.419963333E+9	2.217669000E-5
1.419966667E+9	2.144898000E-5
1.419970000E+9	2.103762000E-5
1.419973333E+9	2.143135000E-5
1.419976667E+9	2.200629000E-5
1.419980000E+9	2.257973000E-5
1.419983333E+9	2.229887000E-5
1.419986667E+9	2.159046000E-5
1.419990000E+9	2.181219000E-5
1.419993333E+9	2.161952000E-5
1.419996667E+9	2.187842000E-5
1.420000000E+9	2.208421000E-5
1.420003333E+9	2.224407000E-5
1.420006667E+9	2.183297000E-5
1.420010000E+9	2.200149000E-5
1.420013333E+9	2.129035000E-5
1.420016667E+9	2.151618000E-5
1.420020000E+9	2.172095000E-5
1.420023333E+9	2.199663000E-5
1.420026667E+9	2.201647000E-5
1.420030000E+9	2.195224000E-5
1.420033333E+9	2.456393000E-5
1.420036667E+9	2.324957000E-5
1.420040000E+9	2.483315000E-5
1.420043333E+9	2.227166000E-5
1.420046667E+9	2.218385000E-5
1.420050000E+9	2.199625000E-5
1.420053333E+9	2.226716000E-5
1.420056667E+9	2.175212000E-5
1.420060000E+9	2.151112000E-5
1.420063333E+9	2.166716000E-5
1.420066667E+9	2.178441000E-5
1.420070000E+9	2.174980000E-5
1.420073333E+9	2.200813000E-5
1.420076667E+9	2.189305000E-5
1.420080000E+9	2.168182000E-5
1.420083333E+9	2.222115000E-5
1.420086667E+9	2.228587000E-5
1.420090000E+9	2.153289000E-5
1.420093333E+9	2.176738000E-5
1.420096667E+9	2.167592000E-5
1.420100000E+9	2.157169000E-5
1.420103333E+9	2.218417000E-5
1.420106667E+9	2.151740000E-5
1.420110000E+9	2.148988000E-5
1.420113333E+9	2.194113000E-5
1.420116667E+9	2.147499000E-5
1.420120000E+9	2.144526000E-5
1.420123333E+9	2.198159000E-5
1.420126667E+9	2.179500000E-5
1.420130000E+9	2.166697000E-5
1.420133333E+9	2.182225000E-5
1.420136667E+9	2.141509000E-5
1.420140000E+9	2.145270000E-5
1.420143333E+9	2.156778000E-5
1.420146667E+9	2.171332000E-5
1.420150000E+9	2.180841000E-5
1.420153333E+9	2.142269000E-5
1.420156667E+9	2.201028000E-5
1.420160000E+9	2.144010000E-5
1.420163333E+9	2.195638000E-5
1.420166667E+9	2.216196000E-5
1.420170000E+9	2.153116000E-5
1.420173333E+9	2.173555000E-5
1.420176667E+9	2.165140000E-5
1.420180000E+9	2.155143000E-5
1.420183333E+9	2.161570000E-5
1.420186667E+9	2.173698000E-5
1.420190000E+9	2.156345000E-5
1.420193333E+9	2.198705000E-5
1.420196667E+9	2.191099000E-5
1.420200000E+9	2.227958000E-5
1.420203333E+9	2.142727000E-5
1.420206667E+9	2.130164000E-5
1.420210000E+9	2.155401000E-5
1.420213333E+9	2.221266000E-5
1.420216667E+9	2.175004000E-5
1.420220000E+9	2.195233000E-5
1.420223333E+9	2.170874000E-5
1.420226667E+9	2.152329000E-5
1.420230000E+9	2.172681000E-5
1.420233333E+9	2.153544000E-5
1.420236667E+9	2.136296000E-5
1.420240000E+9	2.202007000E-5
1.420243333E+9	2.184534000E-5
1.420246667E+9	2.190332000E-5
1.420250000E+9	2.189661000E-5
1.420253333E+9	2.153024000E-5
1.420256667E+9	2.161740000E-5
1.420260000E+9	2.174767000E-5
1.420263333E+9	2.200876000E-5
1.420266667E+9	2.174075000E-5
1.420270000E+9	2.178402000E-5
1.420273333E+9	2.166357000E-5
1.420276667E+9	2.177171000E-5
1.420280000E+9	2.129394000E-5
1.420283333E+9	2.164895000E-5
1.420286667E+9	2.190086000E-5
1.420290000E+9	2.223745000E-5
1.420293333E+9	2.167154000E-5
1.420296667E+9	2.189646000E-5
1.420300000E+9	2.174245000E-5
1.420303333E+9	2.195631000E-5
1.420306667E+9	2.191140000E-5
1.420310000E+9	2.235294000E-5
1.420313333E+9	2.250550000E-5
1.420316667E+9	2.207148000E-5
1.420320000E+9	2.165113000E-5
1.420323333E+9	2.222278000E-5
1.420326667E+9	2.463267000E-5
1.420330000E+9	2.318254000E-5
1.420333333E+9	2.461328000E-5
1.420336667E+9	2.221000000E-5
1.420340000E+9	2.217340000E-5
1.420343333E+9	2.193544000E-5
1.420346667E+9	2.191691000E-5
1.420350000E+9	2.213597000E-5
1.420353333E+9	2.186487000E-5
1.420356667E+9	2.183707000E-5
1.420360000E+9	2.188988000E-5
1.420363333E+9	2.197500000E-5
1.420366667E+9	2.185026000E-5
1.420370000E+9	2.141876000E-5
1.420373333E+9	2.220641000E-5
1.420376667E+9	2.167944000E-5
1.420380000E+9	2.189516000E-5
1.420383333E+9	2.213356000E-5
1.420386667E+9	2.199047000E-5
1.420390000E+9	2.205964000E-5
1.420393333E+9	2.223176000E-5
1.420396667E+9	2.290411000E-5
1.420400000E+9	2.204516000E-5
1.420403333E+9	2.201122000E-5
1.420406667E+9	2.219623000E-5
1.420410000E+9	2.177517000E-5
1.420413333E+9	2.184858000E-5
1.420416667E+9	2.148827000E-5
1.420420000E+9	2.178400000E-5
1.420423333E+9	2.176516000E-5
1.420426667E+9	2.202416000E-5
1.420430000E+9	2.194388000E-5
1.420433333E+9	2.178907000E-5
1.420436667E+9	2.155077000E-5
1.420440000E+9	2.169668000E-5
1.420443333E+9	2.154386000E-5
1.420446667E+9	2.174223000E-5
1.420450000E+9	2.163673000E-5
1.420453333E+9	2.150831000E-5
1.420456667E+9	2.214408000E-5
1.420460000E+9	2.179084000E-5
1.420463333E+9	2.199902000E-5
1.420466667E+9	2.218648000E-5
1.420470000E+9	2.162944000E-5
1.420473333E+9	2.189461000E-5
1.420476667E+9	2.188296000E-5
1.420480000E+9	2.219601000E-5
1.420483333E+9	2.162871000E-5
1.420486667E+9	2.183740000E-5
1.420490000E+9	2.184179000E-5
1.420493333E+9	2.174665000E-5
1.420496667E+9	2.208882000E-5
1.420500000E+9	2.215274000E-5
1.420503333E+9	2.192471000E-5
1.420506667E+9	2.179273000E-5
1.420510000E+9	2.197416000E-5
1.420513333E+9	2.191739000E-5
1.420516667E+9	2.201328000E-5
1.420520000E+9	2.244273000E-5
1.420523333E+9	2.187231000E-5
1.420526667E+9	2.173746000E-5
1.420530000E+9	2.157108000E-5
1.420533333E+9	2.214160000E-5
1.420536667E+9	2.172200000E-5
1.420540000E+9	2.182968000E-5
1.420543333E+9	2.211063000E-5
1.420546667E+9	2.176456000E-5
1.420550000E+9	2.191207000E-5
1.420553333E+9	2.220259000E-5
1.420556667E+9	2.133312000E-5
1.420560000E+9	2.146757000E-5
1.420563333E+9	2.183086000E-5
1.420566667E+9	2.198871000E-5
1.420570000E+9	2.193270000E-5
1.420573333E+9	2.141726000E-5
1.420576667E+9	2.153894000E-5
1.420580000E+9	2.202031000E-5
1.420583333E+9	2.168727000E-5
1.420586667E+9	2.191999000E-5
1.420590000E+9	2.174543000E-5
1.420593333E+9	2.185237000E-5
1.420596667E+9	2.113497000E-5
1.420600000E+9	2.180386000E-5
1.420603333E+9	2.243583000E-5
1.420606667E+9	2.182776000E-5
1.420610000E+9	2.167064000E-5
1.420613333E+9	2.171608000E-5
1.420616667E+9	2.230151000E-5
1.420620000E+9	2.661497000E-5
1.420623333E+9	2.403091000E-5
1.420626667E+9	2.615774000E-5
1.420630000E+9	2.146356000E-5
1.420633333E+9	2.161370000E-5
1.420636667E+9	2.215717000E-5
1.420640000E+9	2.190250000E-5
1.420643333E+9	2.162578000E-5
1.420646667E+9	2.165323000E-5
1.420650000E+9	2.181998000E-5
1.420653333E+9	2.199216000E-5
1.420656667E+9	2.197898000E-5
1.420660000E+9	2.198750000E-5
1.420663333E+9	2.177558000E-5
1.420666667E+9	2.156326000E-5
1.420670000E+9	2.172188000E-5
1.420673333E+9	2.143810000E-5
1.420676667E+9	2.144858000E-5
1.420680000E+9	2.206918000E-5
1.420683333E+9	2.180027000E-5
1.420686667E+9	2.134905000E-5
1.420690000E+9	2.154705000E-5
1.420693333E+9	2.164807000E-5
1.420696667E+9	2.204003000E-5
1.420700000E+9	2.138981000E-5
1.420703333E+9	2.147077000E-5
1.420706667E+9	2.149483000E-5
1.420710000E+9	2.215282000E-5
1.420713333E+9	2.225523000E-5
1.420716667E+9	2.168285000E-5
1.420720000E+9	2.150246000E-5
1.420723333E+9	2.165335000E-5
1.420726667E+9	2.149108000E-5
1.420730000E+9	2.202077000E-5
1.420733333E+9	2.172188000E-5
1.420736667E+9	2.184690000E-5
1.420740000E+9	2.175472000E-5
1.420743333E+9	2.180477000E-5
1.420746667E+9	2.146059000E-5
1.420750000E+9	2.152988000E-5
1.420753333E+9	2.158404000E-5
1.420756667E+9	2.192596000E-5
1.420760000E+9	2.152329000E-5
1.420763333E+9	2.145454000E-5
1.420766667E+9	2.116051000E-5
1.420770000E+9	2.125916000E-5
1.420773333E+9	2.171088000E-5
1.420776667E+9	2.159658000E-5
1.420780000E+9	2.150132000E-5
1.420783333E+9	2.202227000E-5
1.420786667E+9	2.153858000E-5
1.420790000E+9	2.164137000E-5
1.420793333E+9	2.177032000E-5
1.420796667E+9	2.173655000E-5
1.420800000E+9	2.210653000E-5
1.420803333E+9	2.159311000E-5
1.420806667E+9	2.166766000E-5
1.420810000E+9	2.127270000E-5
1.420813333E+9	2.167364000E-5
1.420816667E+9	2.165301000E-5
1.420820000E+9	2.158543000E-5
1.420823333E+9	2.164248000E-5
1.420826667E+9	2.154291000E-5
1.420830000E+9	2.122401000E-5
1.420833333E+9	2.166412000E-5
1.420836667E+9	2.162016000E-5
1.420840000E+9	2.161149000E-5
1.420843333E+9	2.164857000E-5
1.420846667E+9	2.175309000E-5
1.420850000E+9	2.212872000E-5
1.420853333E+9	2.129444000E-5
1.420856667E+9	2.142003000E-5
1.420860000E+9	2.181574000E-5
1.420863333E+9	2.131184000E-5
1.420866667E+9	2.165425000E-5
1.420870000E+9	2.167778000E-5
1.420873333E+9	2.126864000E-5
1.420876667E+9	2.196656000E-5
1.420880000E+9	2.128868000E-5
1.420883333E+9	2.176999000E-5
1.420886667E+9	2.178687000E-5
1.420890000E+9	2.132143000E-5
1.420893333E+9	2.213244000E-5
1.420896667E+9	2.310760000E-5
1.420900000E+9	2.239539000E-5
1.420903333E+9	2.191558000E-5
1.420906667E+9	2.219973000E-5
1.420910000E+9	2.209787000E-5
1.420913333E+9	3.341974000E-5
1.420916667E+9	2.772746000E-5
1.420920000E+9	3.343027000E-5
1.420923333E+9	2.199692000E-5
1.420926667E+9	2.246992000E-5
1.420930000E+9	2.229706000E-5
1.420933333E+9	2.158610000E-5
1.420936667E+9	2.190805000E-5
1.420940000E+9	2.196027000E-5
1.420943333E+9	2.198347000E-5
1.420946667E+9	2.176867000E-5
1.420950000E+9	2.116219000E-5
1.420953333E+9	2.156312000E-5
1.420956667E+9	2.106101000E-5
1.420960000E+9	2.177209000E-5
1.420963333E+9	2.146316000E-5
1.420966667E+9	2.222544000E-5
1.420970000E+9	2.175508000E-5
1.420973333E+9	2.186979000E-5
1.420976667E+9	2.165568000E-5
1.420980000E+9	2.153078000E-5
1.420983333E+9	2.173576000E-5
1.420986667E+9	2.219196000E-5
1.420990000E+9	2.206254000E-5
1.420993333E+9	2.163973000E-5
1.420996667E+9	2.126542000E-5
1.421000000E+9	2.213533000E-5
1.421003333E+9	2.185719000E-5
1.421006667E+9	2.128738000E-5
1.421010000E+9	2.169675000E-5
1.421013333E+9	2.149039000E-5
1.421016667E+9	2.155817000E-5
1.421020000E+9	2.132307000E-5
1.421023333E+9	2.158015000E-5
1.421026667E+9	2.150217000E-5
1.421030000E+9	2.170919000E-5
1.421033333E+9	2.198050000E-5
1.421036667E+9	2.158389000E-5
1.421040000E+9	2.156359000E-5
1.421043333E+9	2.173242000E-5
1.421046667E+9	2.129093000E-5
1.421050000E+9	2.157605000E-5
1.421053333E+9	2.138074000E-5
1.421056667E+9	2.180245000E-5
1.421060000E+9	2.173669000E-5
1.421063333E+9	2.140223000E-5
1.421066667E+9	2.186430000E-5
1.421070000E+9	2.144580000E-5
1.421073333E+9	2.154308000E-5
1.421076667E+9	2.194388000E-5
1.421080000E+9	2.243795000E-5
1.421083333E+9	2.150963000E-5
1.421086667E+9	2.174190000E-5
1.421090000E+9	2.143386000E-5
1.421093333E+9	2.145249000E-5
1.421096667E+9	2.175474000E-5
1.421100000E+9	2.171742000E-5
1.421103333E+9	2.225733000E-5
1.421106667E+9	2.096220000E-5
1.421110000E+9	2.154656000E-5
1.421113333E+9	2.136340000E-5
1.421116667E+9	2.165668000E-5
1.421120000E+9	2.162424000E-5
1.421123333E+9	2.159162000E-5
1.421126667E+9	2.165617000E-5
1.421130000E+9	2.166793000E-5
1.421133333E+9	2.167233000E-5
1.421136667E+9	2.132097000E-5
1.421140000E+9	2.170636000E-5
1.421143333E+9	2.143184000E-5
1.421146667E+9	2.146387000E-5
1.421150000E+9	2.163362000E-5
1.421153333E+9	2.182395000E-5
1.421156667E+9	2.193626000E-5
1.421160000E+9	2.190209000E-5
1.421163333E+9	2.136071000E-5
1.421166667E+9	2.207563000E-5
1.421170000E+9	2.177252000E-5
1.421173333E+9	2.181444000E-5
1.421176667E+9	2.137992000E-5
1.421180000E+9	2.168775000E-5
1.421183333E+9	2.144351000E-5
1.421186667E+9	2.148980000E-5
1.421190000E+9	2.179292000E-5
1.421193333E+9	2.172777000E-5
1.421196667E+9	2.154826000E-5
1.421200000E+9	2.183860000E-5
1.421203333E+9	2.260067000E-5
1.421206667E+9	2.616687000E-5
1.421210000E+9	2.368982000E-5
1.421213333E+9	2.602361000E-5
1.421216667E+9	2.170057000E-5
1.421220000E+9	2.229272000E-5
1.421223333E+9	2.212559000E-5
1.421226667E+9	2.183469000E-5
1.421230000E+9	2.163612000E-5
1.421233333E+9	2.143438000E-5
1.421236667E+9	2.132471000E-5
1.421240000E+9	2.187327000E-5
1.421243333E+9	2.188435000E-5
1.421246667E+9	2.168585000E-5
1.421250000E+9	2.170035000E-5
1.421253333E+9	2.094329000E-5
1.421256667E+9	2.131343000E-5
1.421260000E+9	2.162505000E-5
1.421263333E+9	2.176375000E-5
1.421266667E+9	2.204281000E-5
1.421270000E+9	2.176354000E-5
1.421273333E+9	2.164279000E-5
1.421276667E+9	2.152201000E-5
1.421280000E+9	2.123306000E-5
1.421283333E+9	2.169180000E-5
1.421286667E+9	2.148740000E-5
1.421290000E+9	2.190048000E-5
1.421293333E+9	2.131195000E-5
1.421296667E+9	2.183467000E-5
1.421300000E+9	2.190055000E-5
1.421303333E+9	2.161477000E-5
1.421306667E+9	2.192177000E-5
1.421310000E+9	2.175644000E-5
1.421313333E+9	2.164709000E-5
1.421316667E+9	2.187585000E-5
1.421320000E+9	2.163794000E-5
1.421323333E+9	2.172352000E-5
1.421326667E+9	2.158496000E-5
1.421330000E+9	2.185136000E-5
1.421333333E+9	2.150871000E-5
1.421336667E+9	2.174519000E-5
1.421340000E+9	2.182472000E-5
1.421343333E+9	2.320390000E-5
1.421346667E+9	2.289257000E-5
1.421350000E+9	2.138596000E-5
1.421353333E+9	2.138502000E-5
1.421356667E+9	2.180046000E-5
1.421360000E+9	2.156028000E-5
1.421363333E+9	2.205244000E-5
1.421366667E+9	2.236519000E-5
1.421370000E+9	2.160732000E-5
1.421373333E+9	2.180525000E-5
1.421376667E+9	2.187762000E-5
1.421380000E+9	2.193357000E-5
1.421383333E+9	2.185981000E-5
1.421386667E+9	2.151341000E-5
1.421390000E+9	2.125055000E-5
1.421393333E+9	2.159899000E-5
1.421396667E+9	2.132792000E-5
1.421400000E+9	2.177761000E-5
