Frequency, Hz	Amplitude, Volts
1.419400000E+9	1.778004000E-5
1.419403333E+9	1.718499000E-5
1.419406667E+9	1.702818000E-5
1.419410000E+9	1.705009000E-5
1.419413333E+9	1.941155000E-5
1.419416667E+9	1.777623000E-5
1.419420000E+9	1.725044000E-5
1.419423333E+9	1.732112000E-5
1.419426667E+9	1.687113000E-5
1.419430000E+9	1.666512000E-5
1.419433333E+9	1.721784000E-5
1.419436667E+9	1.738201000E-5
1.419440000E+9	1.787490000E-5
1.419443333E+9	1.770918000E-5
1.419446667E+9	1.848019000E-5
1.419450000E+9	2.054574000E-5
1.419453333E+9	1.782815000E-5
1.419456667E+9	1.673842000E-5
1.419460000E+9	1.725821000E-5
1.419463333E+9	1.737823000E-5
1.419466667E+9	1.774679000E-5
1.419470000E+9	1.758827000E-5
1.419473333E+9	1.741748000E-5
1.419476667E+9	1.710927000E-5
1.419480000E+9	1.684233000E-5
1.419483333E+9	1.702981000E-5
1.419486667E+9	1.729563000E-5
1.419490000E+9	1.780618000E-5
1.419493333E+9	1.766867000E-5
1.419496667E+9	1.722353000E-5
1.419500000E+9	1.732675000E-5
1.419503333E+9	1.720638000E-5
1.419506667E+9	1.708093000E-5
1.419510000E+9	1.729537000E-5
1.419513333E+9	1.719522000E-5
1.419516667E+9	1.757713000E-5
1.419520000E+9	1.739556000E-5
1.419523333E+9	1.707722000E-5
1.419526667E+9	1.722052000E-5
1.419530000E+9	1.692378000E-5
1.419533333E+9	1.739384000E-5
1.419536667E+9	1.753054000E-5
1.419540000E+9	1.792232000E-5
1.419543333E+9	1.722497000E-5
1.419546667E+9	1.714752000E-5
1.419550000E+9	1.720206000E-5
1.419553333E+9	1.713296000E-5
1.419556667E+9	1.678133000E-5
1.419560000E+9	1.722513000E-5
1.419563333E+9	1.734474000E-5
1.419566667E+9	1.712372000E-5
1.419570000E+9	1.720287000E-5
1.419573333E+9	1.701202000E-5
1.419576667E+9	1.699770000E-5
1.419580000E+9	1.738592000E-5
1.419583333E+9	1.757612000E-5
1.419586667E+9	1.809725000E-5
1.419590000E+9	1.720814000E-5
1.419593333E+9	1.704279000E-5
1.419596667E+9	1.704324000E-5
1.419600000E+9	1.686915000E-5
1.419603333E+9	1.721319000E-5
1.419606667E+9	1.752412000E-5
1.419610000E+9	1.749151000E-5
1.419613333E+9	1.721519000E-5
1.419616667E+9	1.672649000E-5
1.419620000E+9	1.685889000E-5
1.419623333E+9	1.711596000E-5
1.419626667E+9	1.697660000E-5
1.419630000E+9	1.730787000E-5
1.419633333E+9	1.790884000E-5
1.419636667E+9	1.709633000E-5
1.419640000E+9	1.688881000E-5
1.419643333E+9	1.703609000E-5
1.419646667E+9	1.676775000E-5
1.419650000E+9	1.714082000E-5
1.419653333E+9	1.722837000E-5
1.419656667E+9	1.738128000E-5
1.419660000E+9	1.696904000E-5
1.419663333E+9	1.681691000E-5
1.419666667E+9	1.697531000E-5
1.419670000E+9	1.716811000E-5
1.419673333E+9	1.697418000E-5
1.419676667E+9	1.746511000E-5
1.419680000E+9	1.764482000E-5
1.419683333E+9	1.716037000E-5
1.419686667E+9	1.693873000E-5
1.419690000E+9	1.698301000E-5
1.419693333E+9	1.728846000E-5
1.419696667E+9	1.724039000E-5
1.419700000E+9	1.740242000E-5
1.419703333E+9	1.731884000E-5
1.419706667E+9	1.945524000E-5
1.419710000E+9	1.822081000E-5
1.419713333E+9	1.726994000E-5
1.419716667E+9	1.686739000E-5
1.419720000E+9	1.726234000E-5
1.419723333E+9	1.744571000E-5
1.419726667E+9	1.825142000E-5
1.419730000E+9	1.720151000E-5
1.419733333E+9	1.811067000E-5
1.419736667E+9	1.713508000E-5
1.419740000E+9	1.830382000E-5
1.419743333E+9	2.055555000E-5
1.419746667E+9	1.772959000E-5
1.419750000E+9	1.748061000E-5
1.419753333E+9	1.689145000E-5
1.419756667E+9	1.727220000E-5
1.419760000E+9	1.785406000E-5
1.419763333E+9	1.687977000E-5
1.419766667E+9	1.691966000E-5
1.419770000E+9	1.752623000E-5
1.419773333E+9	1.729941000E-5
1.419776667E+9	1.700929000E-5
1.419780000E+9	1.702300000E-5
1.419783333E+9	1.702420000E-5
1.419786667E+9	1.683943000E-5
1.419790000E+9	1.710138000E-5
1.419793333E+9	1.700150000E-5
1.419796667E+9	1.716323000E-5
1.419800000E+9	1.706754000E-5
1.419803333E+9	1.686495000E-5
1.419806667E+9	1.678422000E-5
1.419810000E+9	1.658211000E-5
1.419813333E+9	1.711273000E-5
1.419816667E+9	1.727667000E-5
1.419820000E+9	1.737388000E-5
1.419823333E+9	1.721547000E-5
1.419826667E+9	1.691000000E-5
1.419830000E+9	1.709100000E-5
1.419833333E+9	1.714508000E-5
1.419836667E+9	1.702489000E-5
1.419840000E+9	1.724001000E-5
1.419843333E+9	1.727571000E-5
1.419846667E+9	1.734599000E-5
1.419850000E+9	1.718733000E-5
1.419853333E+9	1.693211000E-5
1.419856667E+9	1.704835000E-5
1.419860000E+9	1.697543000E-5
1.419863333E+9	1.755159000E-5
1.419866667E+9	1.783972000E-5
1.419870000E+9	1.753690000E-5
1.419873333E+9	1.733434000E-5
1.419876667E+9	1.743269000E-5
1.419880000E+9	1.705054000E-5
1.419883333E+9	1.708138000E-5
1.419886667E+9	1.689274000E-5
1.419890000E+9	1.738420000E-5
1.419893333E+9	1.707817000E-5
1.419896667E+9	1.654548000E-5
1.419900000E+9	1.686139000E-5
1.419903333E+9	1.657328000E-5
1.419906667E+9	1.707577000E-5
1.419910000E+9	1.712495000E-5
1.419913333E+9	1.756146000E-5
1.419916667E+9	1.710103000E-5
1.419920000E+9	1.763768000E-5
1.419923333E+9	1.688902000E-5
1.419926667E+9	1.668658000E-5
1.419930000E+9	1.693031000E-5
1.419933333E+9	1.668817000E-5
1.419936667E+9	1.689601000E-5
1.419940000E+9	1.707422000E-5
1.419943333E+9	1.724947000E-5
1.419946667E+9	1.693895000E-5
1.419950000E+9	1.674678000E-5
1.419953333E+9	1.690670000E-5
1.419956667E+9	1.722283000E-5
1.419960000E+9	1.744901000E-5
1.419963333E+9	1.711077000E-5
1.419966667E+9	1.710747000E-5
1.419970000E+9	1.714107000E-5
1.419973333E+9	1.681957000E-5
1.419976667E+9	1.701374000E-5
1.419980000E+9	1.784907000E-5
1.419983333E+9	1.720179000E-5
1.419986667E+9	1.709607000E-5
1.419990000E+9	1.701127000E-5
1.419993333E+9	1.690163000E-5
1.419996667E+9	1.676030000E-5
1.420000000E+9	2.308482000E-5
1.420003333E+9	3.049704000E-5
1.420006667E+9	1.788620000E-5
1.420010000E+9	1.695855000E-5
1.420013333E+9	1.699704000E-5
1.420016667E+9	1.687432000E-5
1.420020000E+9	1.726279000E-5
1.420023333E+9	1.653507000E-5
1.420026667E+9	1.749242000E-5
1.420030000E+9	1.695615000E-5
1.420033333E+9	1.805448000E-5
1.420036667E+9	1.936793000E-5
1.420040000E+9	1.732332000E-5
1.420043333E+9	1.711645000E-5
1.420046667E+9	1.677875000E-5
1.420050000E+9	1.766840000E-5
1.420053333E+9	1.796392000E-5
1.420056667E+9	1.674891000E-5
1.420060000E+9	1.687419000E-5
1.420063333E+9	1.652101000E-5
1.420066667E+9	1.668183000E-5
1.420070000E+9	1.696220000E-5
1.420073333E+9	1.723762000E-5
1.420076667E+9	1.691398000E-5
1.420080000E+9	1.684927000E-5
1.420083333E+9	1.733048000E-5
1.420086667E+9	1.701882000E-5
1.420090000E+9	1.702164000E-5
1.420093333E+9	1.706209000E-5
1.420096667E+9	1.725114000E-5
1.420100000E+9	1.734908000E-5
1.420103333E+9	1.674420000E-5
1.420106667E+9	1.692934000E-5
1.420110000E+9	1.665034000E-5
1.420113333E+9	1.692687000E-5
1.420116667E+9	1.687865000E-5
1.420120000E+9	1.677843000E-5
1.420123333E+9	1.688479000E-5
1.420126667E+9	1.663397000E-5
1.420130000E+9	1.675577000E-5
1.420133333E+9	1.695712000E-5
1.420136667E+9	1.689302000E-5
1.420140000E+9	1.651990000E-5
1.420143333E+9	1.748929000E-5
1.420146667E+9	1.711948000E-5
1.420150000E+9	1.659258000E-5
1.420153333E+9	1.675384000E-5
1.420156667E+9	1.677350000E-5
1.420160000E+9	1.706121000E-5
1.420163333E+9	1.700292000E-5
1.420166667E+9	1.701986000E-5
1.420170000E+9	1.707013000E-5
1.420173333E+9	1.681912000E-5
1.420176667E+9	1.684267000E-5
1.420180000E+9	1.703699000E-5
1.420183333E+9	1.722623000E-5
1.420186667E+9	1.695972000E-5
1.420190000E+9	1.726412000E-5
1.420193333E+9	1.737987000E-5
1.420196667E+9	1.701626000E-5
1.420200000E+9	1.667674000E-5
1.420203333E+9	1.664012000E-5
1.420206667E+9	1.658648000E-5
1.420210000E+9	1.683897000E-5
1.420213333E+9	1.684585000E-5
1.420216667E+9	1.684063000E-5
1.420220000E+9	1.708901000E-5
1.420223333E+9	1.652978000E-5
1.420226667E+9	1.701327000E-5
1.420230000E+9	1.665179000E-5
1.420233333E+9	1.656686000E-5
1.420236667E+9	1.697507000E-5
1.420240000E+9	1.709695000E-5
1.420243333E+9	1.664992000E-5
1.420246667E+9	1.695624000E-5
1.420250000E+9	1.682020000E-5
1.420253333E+9	1.687608000E-5
1.420256667E+9	1.710882000E-5
1.420260000E+9	1.671428000E-5
1.420263333E+9	1.722922000E-5
1.420266667E+9	1.724966000E-5
1.420270000E+9	1.687721000E-5
1.420273333E+9	1.636348000E-5
1.420276667E+9	1.677580000E-5
1.420280000E+9	1.674081000E-5
1.420283333E+9	1.679923000E-5
1.420286667E+9	1.724319000E-5
1.420290000E+9	1.712310000E-5
1.420293333E+9	1.761403000E-5
1.420296667E+9	2.014980000E-5
1.420300000E+9	1.716033000E-5
1.420303333E+9	1.685110000E-5
1.420306667E+9	1.728200000E-5
1.420310000E+9	1.804608000E-5
1.420313333E+9	1.731747000E-5
1.420316667E+9	1.730629000E-5
1.420320000E+9	1.761026000E-5
1.420323333E+9	1.693404000E-5
1.420326667E+9	1.828263000E-5
1.420330000E+9	1.991660000E-5
1.420333333E+9	1.809608000E-5
1.420336667E+9	1.759190000E-5
1.420340000E+9	1.744700000E-5
1.420343333E+9	1.784009000E-5
1.420346667E+9	1.779823000E-5
1.420350000E+9	1.735378000E-5
1.420353333E+9	1.760550000E-5
1.420356667E+9	1.755285000E-5
1.420360000E+9	1.747740000E-5
1.420363333E+9	1.752539000E-5
1.420366667E+9	1.828004000E-5
1.420370000E+9	1.788944000E-5
1.420373333E+9	1.832089000E-5
1.420376667E+9	1.855874000E-5
1.420380000E+9	1.891544000E-5
1.420383333E+9	1.822337000E-5
1.420386667E+9	1.808150000E-5
1.420390000E+9	1.869690000E-5
1.420393333E+9	1.819166000E-5
1.420396667E+9	1.856920000E-5
1.420400000E+9	1.865906000E-5
1.420403333E+9	1.908705000E-5
1.420406667E+9	1.904414000E-5
1.420410000E+9	1.874574000E-5
1.420413333E+9	1.897561000E-5
1.420416667E+9	1.904271000E-5
1.420420000E+9	1.890057000E-5
1.420423333E+9	1.919385000E-5
1.420426667E+9	1.959717000E-5
1.420430000E+9	1.921401000E-5
1.420433333E+9	1.917199000E-5
1.420436667E+9	1.934338000E-5
1.420440000E+9	1.927249000E-5
1.420443333E+9	1.936548000E-5
1.420446667E+9	1.942283000E-5
1.420450000E+9	1.954152000E-5
1.420453333E+9	1.919141000E-5
1.420456667E+9	1.944482000E-5
1.420460000E+9	1.903460000E-5
1.420463333E+9	1.943577000E-5
1.420466667E+9	1.934321000E-5
1.420470000E+9	1.929936000E-5
1.420473333E+9	1.959949000E-5
1.420476667E+9	1.897195000E-5
1.420480000E+9	1.890132000E-5
1.420483333E+9	1.847715000E-5
1.420486667E+9	1.862412000E-5
1.420490000E+9	1.845383000E-5
1.420493333E+9	1.837474000E-5
1.420496667E+9	1.837728000E-5
1.420500000E+9	1.809606000E-5
1.420503333E+9	1.811751000E-5
1.420506667E+9	1.860548000E-5
1.420510000E+9	1.805278000E-5
1.420513333E+9	1.800569000E-5
1.420516667E+9	1.803951000E-5
1.420520000E+9	1.782212000E-5
1.420523333E+9	1.720814000E-5
1.420526667E+9	1.765062000E-5
1.420530000E+9	1.754414000E-5
1.420533333E+9	1.742542000E-5
1.420536667E+9	1.728777000E-5
1.420540000E+9	1.708689000E-5
1.420543333E+9	1.710118000E-5
1.420546667E+9	1.694660000E-5
1.420550000E+9	1.719181000E-5
1.420553333E+9	1.722298000E-5
1.420556667E+9	1.697647000E-5
1.420560000E+9	1.690685000E-5
1.420563333E+9	1.724317000E-5
1.420566667E+9	1.733556000E-5
1.420570000E+9	1.719422000E-5
1.420573333E+9	1.672495000E-5
1.420576667E+9	1.709157000E-5
1.420580000E+9	1.712701000E-5
1.420583333E+9	1.682450000E-5
1.420586667E+9	1.709042000E-5
1.420590000E+9	2.268746000E-5
1.420593333E+9	1.853744000E-5
1.420596667E+9	1.681379000E-5
1.420600000E+9	1.715304000E-5
1.420603333E+9	1.786173000E-5
1.420606667E+9	1.715722000E-5
1.420610000E+9	1.736127000E-5
1.420613333E+9	1.793033000E-5
1.420616667E+9	1.721037000E-5
1.420620000E+9	1.932302000E-5
1.420623333E+9	1.953105000E-5
1.420626667E+9	1.749415000E-5
1.420630000E+9	1.662741000E-5
1.420633333E+9	1.699275000E-5
1.420636667E+9	1.801376000E-5
1.420640000E+9	1.732220000E-5
1.420643333E+9	1.686998000E-5
1.420646667E+9	1.674641000E-5
1.420650000E+9	1.666865000E-5
1.420653333E+9	1.683538000E-5
1.420656667E+9	1.679272000E-5
1.420660000E+9	1.702339000E-5
1.420663333E+9	1.658000000E-5
1.420666667E+9	1.684259000E-5
1.420670000E+9	1.674398000E-5
1.420673333E+9	1.689104000E-5
1.420676667E+9	1.695833000E-5
1.420680000E+9	1.723302000E-5
1.420683333E+9	1.717339000E-5
1.420686667E+9	1.685440000E-5
1.420690000E+9	1.663470000E-5
1.420693333E+9	1.694764000E-5
1.420696667E+9	1.712354000E-5
1.420700000E+9	1.698473000E-5
1.420703333E+9	1.701090000E-5
1.420706667E+9	1.687843000E-5
1.420710000E+9	1.670315000E-5
1.420713333E+9	1.654332000E-5
1.420716667E+9	1.659894000E-5
1.420720000E+9	1.650502000E-5
1.420723333E+9	1.646715000E-5
1.420726667E+9	1.688310000E-5
1.420730000E+9	1.666038000E-5
1.420733333E+9	1.667504000E-5
1.420736667E+9	1.666913000E-5
1.420740000E+9	1.662820000E-5
1.420743333E+9	1.689903000E-5
1.420746667E+9	1.661493000E-5
1.420750000E+9	1.730464000E-5
1.420753333E+9	1.724118000E-5
1.420756667E+9	1.689415000E-5
1.420760000E+9	1.682123000E-5
1.420763333E+9	1.662893000E-5
1.420766667E+9	1.698406000E-5
1.420770000E+9	1.677210000E-5
1.420773333E+9	1.671929000E-5
1.420776667E+9	1.677162000E-5
1.420780000E+9	1.663430000E-5
1.420783333E+9	1.683688000E-5
1.420786667E+9	1.648937000E-5
1.420790000E+9	1.656862000E-5
1.420793333E+9	1.665663000E-5
1.420796667E+9	1.728145000E-5
1.420800000E+9	1.740945000E-5
1.420803333E+9	1.743108000E-5
1.420806667E+9	1.661183000E-5
1.420810000E+9	1.661289000E-5
1.420813333E+9	1.688173000E-5
1.420816667E+9	1.707214000E-5
1.420820000E+9	1.675938000E-5
1.420823333E+9	1.665703000E-5
1.420826667E+9	1.656995000E-5
1.420830000E+9	1.632370000E-5
1.420833333E+9	1.644583000E-5
1.420836667E+9	1.680247000E-5
1.420840000E+9	1.686013000E-5
1.420843333E+9	1.706754000E-5
1.420846667E+9	1.687108000E-5
1.420850000E+9	1.678831000E-5
1.420853333E+9	1.659799000E-5
1.420856667E+9	1.661666000E-5
1.420860000E+9	1.654246000E-5
1.420863333E+9	1.671511000E-5
1.420866667E+9	1.666126000E-5
1.420870000E+9	1.666585000E-5
1.420873333E+9	1.676374000E-5
1.420876667E+9	1.671063000E-5
1.420880000E+9	1.661323000E-5
1.420883333E+9	2.907454000E-5
1.420886667E+9	2.599006000E-5
1.420890000E+9	1.704913000E-5
1.420893333E+9	1.710060000E-5
1.420896667E+9	1.757537000E-5
1.420900000E+9	1.711173000E-5
1.420903333E+9	1.735613000E-5
1.420906667E+9	1.862576000E-5
1.420910000E+9	1.672359000E-5
1.420913333E+9	2.401461000E-5
1.420916667E+9	2.267446000E-5
1.420920000E+9	1.869123000E-5
1.420923333E+9	1.679486000E-5
1.420926667E+9	1.712196000E-5
1.420930000E+9	1.771183000E-5
1.420933333E+9	1.705301000E-5
1.420936667E+9	1.713019000E-5
1.420940000E+9	1.709410000E-5
1.420943333E+9	1.670495000E-5
1.420946667E+9	1.677120000E-5
1.420950000E+9	1.685153000E-5
1.420953333E+9	1.653460000E-5
1.420956667E+9	1.683745000E-5
1.420960000E+9	1.687487000E-5
1.420963333E+9	1.710082000E-5
1.420966667E+9	1.767519000E-5
1.420970000E+9	1.689781000E-5
1.420973333E+9	1.676446000E-5
1.420976667E+9	1.648484000E-5
1.420980000E+9	1.696866000E-5
1.420983333E+9	1.763526000E-5
1.420986667E+9	1.754946000E-5
1.420990000E+9	1.720053000E-5
1.420993333E+9	1.639899000E-5
1.420996667E+9	1.708665000E-5
1.421000000E+9	1.663026000E-5
1.421003333E+9	1.668220000E-5
1.421006667E+9	1.669943000E-5
1.421010000E+9	1.687524000E-5
1.421013333E+9	1.685528000E-5
1.421016667E+9	1.640147000E-5
1.421020000E+9	1.643258000E-5
1.421023333E+9	1.662133000E-5
1.421026667E+9	1.676825000E-5
1.421030000E+9	1.709930000E-5
1.421033333E+9	1.682603000E-5
1.421036667E+9	1.671616000E-5
1.421040000E+9	1.719281000E-5
1.421043333E+9	1.667537000E-5
1.421046667E+9	1.667740000E-5
1.421050000E+9	1.657177000E-5
1.421053333E+9	1.706593000E-5
1.421056667E+9	1.674685000E-5
1.421060000E+9	1.688099000E-5
1.421063333E+9	1.682514000E-5
1.421066667E+9	1.652948000E-5
1.421070000E+9	1.665162000E-5
1.421073333E+9	1.681742000E-5
1.421076667E+9	1.712008000E-5
1.421080000E+9	1.692940000E-5
1.421083333E+9	1.683202000E-5
1.421086667E+9	1.684555000E-5
1.421090000E+9	1.650799000E-5
1.421093333E+9	1.698223000E-5
1.421096667E+9	1.763086000E-5
1.421100000E+9	1.698400000E-5
1.421103333E+9	1.693443000E-5
1.421106667E+9	1.683599000E-5
1.421110000E+9	1.675807000E-5
1.421113333E+9	1.660893000E-5
1.421116667E+9	1.677203000E-5
1.421120000E+9	1.671590000E-5
1.421123333E+9	1.671181000E-5
1.421126667E+9	1.716745000E-5
1.421130000E+9	1.673795000E-5
1.421133333E+9	1.727462000E-5
1.421136667E+9	1.743110000E-5
1.421140000E+9	1.680129000E-5
1.421143333E+9	1.693378000E-5
1.421146667E+9	1.686422000E-5
1.421150000E+9	1.660574000E-5
1.421153333E+9	1.708554000E-5
1.421156667E+9	1.690655000E-5
1.421160000E+9	1.701097000E-5
1.421163333E+9	1.677602000E-5
1.421166667E+9	1.679087000E-5
1.421170000E+9	1.693568000E-5
1.421173333E+9	1.682418000E-5
1.421176667E+9	2.187023000E-5
1.421180000E+9	2.819481000E-5
1.421183333E+9	1.682202000E-5
1.421186667E+9	1.690623000E-5
1.421190000E+9	1.692691000E-5
1.421193333E+9	1.704498000E-5
1.421196667E+9	1.685303000E-5
1.421200000E+9	1.700671000E-5
1.421203333E+9	1.681360000E-5
1.421206667E+9	1.977037000E-5
1.421210000E+9	1.862901000E-5
1.421213333E+9	1.770475000E-5
1.421216667E+9	1.709673000E-5
1.421220000E+9	1.678861000E-5
1.421223333E+9	1.670161000E-5
1.421226667E+9	1.650187000E-5
1.421230000E+9	1.665683000E-5
1.421233333E+9	1.665985000E-5
1.421236667E+9	1.696598000E-5
1.421240000E+9	1.669706000E-5
1.421243333E+9	1.698093000E-5
1.421246667E+9	1.675504000E-5
1.421250000E+9	1.650482000E-5
1.421253333E+9	1.666175000E-5
1.421256667E+9	1.650500000E-5
1.421260000E+9	1.683457000E-5
1.421263333E+9	1.726958000E-5
1.421266667E+9	1.716538000E-5
1.421270000E+9	1.712760000E-5
1.421273333E+9	1.667526000E-5
1.421276667E+9	1.698736000E-5
1.421280000E+9	1.735937000E-5
1.421283333E+9	1.719335000E-5
1.421286667E+9	1.658189000E-5
1.421290000E+9	1.659850000E-5
1.421293333E+9	1.659967000E-5
1.421296667E+9	1.645665000E-5
1.421300000E+9	1.668944000E-5
1.421303333E+9	1.652482000E-5
1.421306667E+9	1.688585000E-5
1.421310000E+9	1.708082000E-5
1.421313333E+9	1.650629000E-5
1.421316667E+9	1.695309000E-5
1.421320000E+9	1.656908000E-5
1.421323333E+9	1.662188000E-5
1.421326667E+9	1.664188000E-5
1.421330000E+9	1.700193000E-5
1.421333333E+9	1.726916000E-5
1.421336667E+9	1.708780000E-5
1.421340000E+9	1.705698000E-5
1.421343333E+9	1.746145000E-5
1.421346667E+9	2.249006000E-5
1.421350000E+9	1.926528000E-5
1.421353333E+9	1.660601000E-5
1.421356667E+9	1.706487000E-5
1.421360000E+9	1.748783000E-5
1.421363333E+9	1.689610000E-5
1.421366667E+9	1.736480000E-5
1.421370000E+9	1.658309000E-5
1.421373333E+9	1.661176000E-5
1.421376667E+9	1.694089000E-5
1.421380000E+9	1.649752000E-5
1.421383333E+9	1.712656000E-5
1.421386667E+9	1.700430000E-5
1.421390000E+9	1.681237000E-5
1.421393333E+9	1.659704000E-5
1.421396667E+9	1.665378000E-5
1.421400000E+9	1.656941000E-5
