Frequency, Hz	Amplitude, Volts
1.419400000E+9	1.536613000E-5
1.419403333E+9	1.547882000E-5
1.419406667E+9	1.573606000E-5
1.419410000E+9	1.552118000E-5
1.419413333E+9	1.635175000E-5
1.419416667E+9	1.568029000E-5
1.419420000E+9	1.529655000E-5
1.419423333E+9	1.554188000E-5
1.419426667E+9	1.532266000E-5
1.419430000E+9	1.587573000E-5
1.419433333E+9	1.552752000E-5
1.419436667E+9	1.544359000E-5
1.419440000E+9	1.576785000E-5
1.419443333E+9	1.554901000E-5
1.419446667E+9	1.575973000E-5
1.419450000E+9	1.753655000E-5
1.419453333E+9	1.777044000E-5
1.419456667E+9	1.670968000E-5
1.419460000E+9	1.554270000E-5
1.419463333E+9	1.574797000E-5
1.419466667E+9	1.534701000E-5
1.419470000E+9	1.492512000E-5
1.419473333E+9	1.504817000E-5
1.419476667E+9	1.550021000E-5
1.419480000E+9	1.513652000E-5
1.419483333E+9	1.546066000E-5
1.419486667E+9	1.549318000E-5
1.419490000E+9	1.534419000E-5
1.419493333E+9	1.557020000E-5
1.419496667E+9	1.565254000E-5
1.419500000E+9	1.540654000E-5
1.419503333E+9	1.531344000E-5
1.419506667E+9	1.526361000E-5
1.419510000E+9	1.536275000E-5
1.419513333E+9	1.554840000E-5
1.419516667E+9	1.516007000E-5
1.419520000E+9	1.531101000E-5
1.419523333E+9	1.548203000E-5
1.419526667E+9	1.536832000E-5
1.419530000E+9	1.547763000E-5
1.419533333E+9	1.524918000E-5
1.419536667E+9	1.564244000E-5
1.419540000E+9	1.551210000E-5
1.419543333E+9	1.535419000E-5
1.419546667E+9	1.551579000E-5
1.419550000E+9	1.570353000E-5
1.419553333E+9	1.562616000E-5
1.419556667E+9	1.552090000E-5
1.419560000E+9	1.536201000E-5
1.419563333E+9	1.533693000E-5
1.419566667E+9	1.535001000E-5
1.419570000E+9	1.559848000E-5
1.419573333E+9	1.523195000E-5
1.419576667E+9	1.531243000E-5
1.419580000E+9	1.572737000E-5
1.419583333E+9	1.534704000E-5
1.419586667E+9	1.539144000E-5
1.419590000E+9	1.535631000E-5
1.419593333E+9	1.529033000E-5
1.419596667E+9	1.561327000E-5
1.419600000E+9	1.541801000E-5
1.419603333E+9	1.544583000E-5
1.419606667E+9	1.545386000E-5
1.419610000E+9	1.531849000E-5
1.419613333E+9	1.523118000E-5
1.419616667E+9	1.553246000E-5
1.419620000E+9	1.525729000E-5
1.419623333E+9	1.552455000E-5
1.419626667E+9	1.515594000E-5
1.419630000E+9	1.529261000E-5
1.419633333E+9	1.533533000E-5
1.419636667E+9	1.548852000E-5
1.419640000E+9	1.547048000E-5
1.419643333E+9	1.574097000E-5
1.419646667E+9	1.535478000E-5
1.419650000E+9	1.531977000E-5
1.419653333E+9	1.543652000E-5
1.419656667E+9	1.540440000E-5
1.419660000E+9	1.537013000E-5
1.419663333E+9	1.573074000E-5
1.419666667E+9	1.567030000E-5
1.419670000E+9	1.551227000E-5
1.419673333E+9	1.526867000E-5
1.419676667E+9	1.562467000E-5
1.419680000E+9	1.511684000E-5
1.419683333E+9	1.513436000E-5
1.419686667E+9	1.523971000E-5
1.419690000E+9	1.535580000E-5
1.419693333E+9	1.536253000E-5
1.419696667E+9	1.557834000E-5
1.419700000E+9	1.532668000E-5
1.419703333E+9	1.528799000E-5
1.419706667E+9	1.579476000E-5
1.419710000E+9	1.562074000E-5
1.419713333E+9	1.552631000E-5
1.419716667E+9	1.540973000E-5
1.419720000E+9	1.554287000E-5
1.419723333E+9	1.521716000E-5
1.419726667E+9	1.553111000E-5
1.419730000E+9	1.591244000E-5
1.419733333E+9	2.145011000E-5
1.419736667E+9	1.607924000E-5
1.419740000E+9	1.606265000E-5
1.419743333E+9	1.768251000E-5
1.419746667E+9	1.823538000E-5
1.419750000E+9	1.640050000E-5
1.419753333E+9	1.568685000E-5
1.419756667E+9	1.541112000E-5
1.419760000E+9	1.542678000E-5
1.419763333E+9	1.560175000E-5
1.419766667E+9	1.539259000E-5
1.419770000E+9	1.508376000E-5
1.419773333E+9	1.532990000E-5
1.419776667E+9	1.543146000E-5
1.419780000E+9	1.579802000E-5
1.419783333E+9	1.516500000E-5
1.419786667E+9	1.522372000E-5
1.419790000E+9	1.513950000E-5
1.419793333E+9	1.546998000E-5
1.419796667E+9	1.590134000E-5
1.419800000E+9	1.521400000E-5
1.419803333E+9	1.545406000E-5
1.419806667E+9	1.536636000E-5
1.419810000E+9	1.569257000E-5
1.419813333E+9	1.578675000E-5
1.419816667E+9	1.553859000E-5
1.419820000E+9	1.569524000E-5
1.419823333E+9	1.566870000E-5
1.419826667E+9	1.538830000E-5
1.419830000E+9	1.602045000E-5
1.419833333E+9	1.547007000E-5
1.419836667E+9	1.531346000E-5
1.419840000E+9	1.546735000E-5
1.419843333E+9	1.564704000E-5
1.419846667E+9	1.554920000E-5
1.419850000E+9	1.545701000E-5
1.419853333E+9	1.577530000E-5
1.419856667E+9	1.534721000E-5
1.419860000E+9	1.583139000E-5
1.419863333E+9	1.573594000E-5
1.419866667E+9	1.572206000E-5
1.419870000E+9	1.546531000E-5
1.419873333E+9	1.553447000E-5
1.419876667E+9	1.604264000E-5
1.419880000E+9	1.565361000E-5
1.419883333E+9	1.566616000E-5
1.419886667E+9	1.595616000E-5
1.419890000E+9	1.573684000E-5
1.419893333E+9	1.543115000E-5
1.419896667E+9	1.617109000E-5
1.419900000E+9	1.598383000E-5
1.419903333E+9	1.583134000E-5
1.419906667E+9	1.587840000E-5
1.419910000E+9	1.594156000E-5
1.419913333E+9	1.576948000E-5
1.419916667E+9	1.542969000E-5
1.419920000E+9	1.579909000E-5
1.419923333E+9	1.546090000E-5
1.419926667E+9	1.549223000E-5
1.419930000E+9	1.537619000E-5
1.419933333E+9	1.578086000E-5
1.419936667E+9	1.598812000E-5
1.419940000E+9	1.602546000E-5
1.419943333E+9	1.575376000E-5
1.419946667E+9	1.573807000E-5
1.419950000E+9	1.569637000E-5
1.419953333E+9	1.585359000E-5
1.419956667E+9	1.600575000E-5
1.419960000E+9	1.583788000E-5
1.419963333E+9	1.579467000E-5
1.419966667E+9	1.591164000E-5
1.419970000E+9	1.583390000E-5
1.419973333E+9	1.630315000E-5
1.419976667E+9	1.577826000E-5
1.419980000E+9	1.667180000E-5
1.419983333E+9	1.630398000E-5
1.419986667E+9	1.617514000E-5
1.419990000E+9	1.620980000E-5
1.419993333E+9	1.649569000E-5
1.419996667E+9	1.600345000E-5
1.420000000E+9	1.673505000E-5
1.420003333E+9	1.746559000E-5
1.420006667E+9	1.579424000E-5
1.420010000E+9	1.586759000E-5
1.420013333E+9	1.590144000E-5
1.420016667E+9	1.608425000E-5
1.420020000E+9	1.553118000E-5
1.420023333E+9	1.598473000E-5
1.420026667E+9	1.648459000E-5
1.420030000E+9	1.612083000E-5
1.420033333E+9	1.635775000E-5
1.420036667E+9	1.725612000E-5
1.420040000E+9	1.785167000E-5
1.420043333E+9	1.631567000E-5
1.420046667E+9	1.629202000E-5
1.420050000E+9	1.610710000E-5
1.420053333E+9	1.581456000E-5
1.420056667E+9	1.573843000E-5
1.420060000E+9	1.636614000E-5
1.420063333E+9	1.612421000E-5
1.420066667E+9	1.606219000E-5
1.420070000E+9	1.599472000E-5
1.420073333E+9	1.612138000E-5
1.420076667E+9	1.615139000E-5
1.420080000E+9	1.615391000E-5
1.420083333E+9	1.605054000E-5
1.420086667E+9	1.571317000E-5
1.420090000E+9	1.622348000E-5
1.420093333E+9	1.641397000E-5
1.420096667E+9	1.614196000E-5
1.420100000E+9	1.581346000E-5
1.420103333E+9	1.589622000E-5
1.420106667E+9	1.603171000E-5
1.420110000E+9	1.613569000E-5
1.420113333E+9	1.626745000E-5
1.420116667E+9	1.569749000E-5
1.420120000E+9	1.644191000E-5
1.420123333E+9	1.639762000E-5
1.420126667E+9	1.615414000E-5
1.420130000E+9	1.602121000E-5
1.420133333E+9	1.608881000E-5
1.420136667E+9	1.637056000E-5
1.420140000E+9	1.631732000E-5
1.420143333E+9	1.646207000E-5
1.420146667E+9	1.595634000E-5
1.420150000E+9	1.640644000E-5
1.420153333E+9	1.623506000E-5
1.420156667E+9	1.639881000E-5
1.420160000E+9	1.624412000E-5
1.420163333E+9	1.665672000E-5
1.420166667E+9	1.642751000E-5
1.420170000E+9	1.624835000E-5
1.420173333E+9	1.640190000E-5
1.420176667E+9	1.638765000E-5
1.420180000E+9	1.640819000E-5
1.420183333E+9	1.646713000E-5
1.420186667E+9	1.646012000E-5
1.420190000E+9	1.678420000E-5
1.420193333E+9	1.674836000E-5
1.420196667E+9	1.693122000E-5
1.420200000E+9	1.696270000E-5
1.420203333E+9	1.669655000E-5
1.420206667E+9	1.678699000E-5
1.420210000E+9	1.675033000E-5
1.420213333E+9	1.652845000E-5
1.420216667E+9	1.690989000E-5
1.420220000E+9	1.696419000E-5
1.420223333E+9	1.699482000E-5
1.420226667E+9	1.657404000E-5
1.420230000E+9	1.671025000E-5
1.420233333E+9	1.687825000E-5
1.420236667E+9	1.685717000E-5
1.420240000E+9	1.678617000E-5
1.420243333E+9	1.705327000E-5
1.420246667E+9	1.680270000E-5
1.420250000E+9	1.680997000E-5
1.420253333E+9	1.663638000E-5
1.420256667E+9	1.720138000E-5
1.420260000E+9	1.685354000E-5
1.420263333E+9	1.726458000E-5
1.420266667E+9	1.759051000E-5
1.420270000E+9	1.705179000E-5
1.420273333E+9	1.700277000E-5
1.420276667E+9	1.710364000E-5
1.420280000E+9	1.694625000E-5
1.420283333E+9	1.713330000E-5
1.420286667E+9	1.720009000E-5
1.420290000E+9	1.717432000E-5
1.420293333E+9	1.705142000E-5
1.420296667E+9	1.743717000E-5
1.420300000E+9	1.695846000E-5
1.420303333E+9	1.720293000E-5
1.420306667E+9	1.741874000E-5
1.420310000E+9	1.743729000E-5
1.420313333E+9	1.728904000E-5
1.420316667E+9	1.708896000E-5
1.420320000E+9	1.721177000E-5
1.420323333E+9	1.702425000E-5
1.420326667E+9	1.785663000E-5
1.420330000E+9	1.868200000E-5
1.420333333E+9	1.893690000E-5
1.420336667E+9	1.754352000E-5
1.420340000E+9	1.747531000E-5
1.420343333E+9	1.695635000E-5
1.420346667E+9	1.735146000E-5
1.420350000E+9	1.734514000E-5
1.420353333E+9	1.681109000E-5
1.420356667E+9	1.679240000E-5
1.420360000E+9	1.650225000E-5
1.420363333E+9	1.626893000E-5
1.420366667E+9	1.608962000E-5
1.420370000E+9	1.611772000E-5
1.420373333E+9	1.607320000E-5
1.420376667E+9	1.604652000E-5
1.420380000E+9	1.586818000E-5
1.420383333E+9	1.574185000E-5
1.420386667E+9	1.576818000E-5
1.420390000E+9	1.577531000E-5
1.420393333E+9	1.578663000E-5
1.420396667E+9	1.567512000E-5
1.420400000E+9	1.586883000E-5
1.420403333E+9	1.597808000E-5
1.420406667E+9	1.574114000E-5
1.420410000E+9	1.578713000E-5
1.420413333E+9	1.570411000E-5
1.420416667E+9	1.591346000E-5
1.420420000E+9	1.610517000E-5
1.420423333E+9	1.567662000E-5
1.420426667E+9	1.526235000E-5
1.420430000E+9	1.533205000E-5
1.420433333E+9	1.547611000E-5
1.420436667E+9	1.568392000E-5
1.420440000E+9	1.538461000E-5
1.420443333E+9	1.581791000E-5
1.420446667E+9	1.587595000E-5
1.420450000E+9	1.565742000E-5
1.420453333E+9	1.557225000E-5
1.420456667E+9	1.627204000E-5
1.420460000E+9	1.609642000E-5
1.420463333E+9	1.567319000E-5
1.420466667E+9	1.607138000E-5
1.420470000E+9	1.589207000E-5
1.420473333E+9	1.605817000E-5
1.420476667E+9	1.586308000E-5
1.420480000E+9	1.574354000E-5
1.420483333E+9	1.593612000E-5
1.420486667E+9	1.596959000E-5
1.420490000E+9	1.606829000E-5
1.420493333E+9	1.666931000E-5
1.420496667E+9	1.591749000E-5
1.420500000E+9	1.610632000E-5
1.420503333E+9	1.556370000E-5
1.420506667E+9	1.556030000E-5
1.420510000E+9	1.610132000E-5
1.420513333E+9	1.606817000E-5
1.420516667E+9	1.573629000E-5
1.420520000E+9	1.572793000E-5
1.420523333E+9	1.565888000E-5
1.420526667E+9	1.595086000E-5
1.420530000E+9	1.577750000E-5
1.420533333E+9	1.564654000E-5
1.420536667E+9	1.556945000E-5
1.420540000E+9	1.558619000E-5
1.420543333E+9	1.589999000E-5
1.420546667E+9	1.615675000E-5
1.420550000E+9	1.634536000E-5
1.420553333E+9	1.612913000E-5
1.420556667E+9	1.615898000E-5
1.420560000E+9	1.619155000E-5
1.420563333E+9	1.610793000E-5
1.420566667E+9	1.577649000E-5
1.420570000E+9	1.598146000E-5
1.420573333E+9	1.617047000E-5
1.420576667E+9	1.603189000E-5
1.420580000E+9	1.610031000E-5
1.420583333E+9	1.585436000E-5
1.420586667E+9	1.584593000E-5
1.420590000E+9	1.588425000E-5
1.420593333E+9	1.597678000E-5
1.420596667E+9	1.599177000E-5
1.420600000E+9	1.586874000E-5
1.420603333E+9	1.595573000E-5
1.420606667E+9	1.616520000E-5
1.420610000E+9	1.591947000E-5
1.420613333E+9	1.621009000E-5
1.420616667E+9	1.602555000E-5
1.420620000E+9	1.722850000E-5
1.420623333E+9	1.802590000E-5
1.420626667E+9	1.767492000E-5
1.420630000E+9	1.572691000E-5
1.420633333E+9	1.567531000E-5
1.420636667E+9	1.591959000E-5
1.420640000E+9	1.577490000E-5
1.420643333E+9	1.611851000E-5
1.420646667E+9	1.581355000E-5
1.420650000E+9	1.547095000E-5
1.420653333E+9	1.560449000E-5
1.420656667E+9	1.586755000E-5
1.420660000E+9	1.562483000E-5
1.420663333E+9	1.554867000E-5
1.420666667E+9	1.555156000E-5
1.420670000E+9	1.546198000E-5
1.420673333E+9	1.551792000E-5
1.420676667E+9	1.548801000E-5
1.420680000E+9	1.581333000E-5
1.420683333E+9	1.548472000E-5
1.420686667E+9	1.540383000E-5
1.420690000E+9	1.555051000E-5
1.420693333E+9	1.566205000E-5
1.420696667E+9	1.575425000E-5
1.420700000E+9	1.546029000E-5
1.420703333E+9	1.542504000E-5
1.420706667E+9	1.551211000E-5
1.420710000E+9	1.542090000E-5
1.420713333E+9	1.529083000E-5
1.420716667E+9	1.548645000E-5
1.420720000E+9	1.549305000E-5
1.420723333E+9	1.523941000E-5
1.420726667E+9	1.546426000E-5
1.420730000E+9	1.542268000E-5
1.420733333E+9	1.542570000E-5
1.420736667E+9	1.584156000E-5
1.420740000E+9	1.555473000E-5
1.420743333E+9	1.550954000E-5
1.420746667E+9	1.555113000E-5
1.420750000E+9	1.538916000E-5
1.420753333E+9	1.593727000E-5
1.420756667E+9	1.615153000E-5
1.420760000E+9	1.523693000E-5
1.420763333E+9	1.553183000E-5
1.420766667E+9	1.533975000E-5
1.420770000E+9	1.521236000E-5
1.420773333E+9	1.582576000E-5
1.420776667E+9	1.546844000E-5
1.420780000E+9	1.511712000E-5
1.420783333E+9	1.539276000E-5
1.420786667E+9	1.515989000E-5
1.420790000E+9	1.562695000E-5
1.420793333E+9	1.590796000E-5
1.420796667E+9	1.537029000E-5
1.420800000E+9	1.525094000E-5
1.420803333E+9	1.539948000E-5
1.420806667E+9	1.520683000E-5
1.420810000E+9	1.542177000E-5
1.420813333E+9	1.525128000E-5
1.420816667E+9	1.539446000E-5
1.420820000E+9	1.574859000E-5
1.420823333E+9	1.548247000E-5
1.420826667E+9	1.556056000E-5
1.420830000E+9	1.565976000E-5
1.420833333E+9	1.535137000E-5
1.420836667E+9	1.539463000E-5
1.420840000E+9	1.555612000E-5
1.420843333E+9	1.532767000E-5
1.420846667E+9	1.558905000E-5
1.420850000E+9	1.544637000E-5
1.420853333E+9	1.548856000E-5
1.420856667E+9	1.542705000E-5
1.420860000E+9	1.537679000E-5
1.420863333E+9	1.533237000E-5
1.420866667E+9	1.570384000E-5
1.420870000E+9	1.509442000E-5
1.420873333E+9	1.538845000E-5
1.420876667E+9	1.543512000E-5
1.420880000E+9	1.520830000E-5
1.420883333E+9	1.755098000E-5
1.420886667E+9	1.672260000E-5
1.420890000E+9	1.522889000E-5
1.420893333E+9	1.549087000E-5
1.420896667E+9	1.599066000E-5
1.420900000E+9	1.578115000E-5
1.420903333E+9	1.658755000E-5
1.420906667E+9	1.743300000E-5
1.420910000E+9	1.580897000E-5
1.420913333E+9	2.150394000E-5
1.420916667E+9	2.108597000E-5
1.420920000E+9	1.995861000E-5
1.420923333E+9	1.578484000E-5
1.420926667E+9	1.557461000E-5
1.420930000E+9	1.543969000E-5
1.420933333E+9	1.527331000E-5
1.420936667E+9	1.566733000E-5
1.420940000E+9	1.581586000E-5
1.420943333E+9	1.608824000E-5
1.420946667E+9	1.546793000E-5
1.420950000E+9	1.531674000E-5
1.420953333E+9	1.515355000E-5
1.420956667E+9	1.523660000E-5
1.420960000E+9	1.532263000E-5
1.420963333E+9	1.522285000E-5
1.420966667E+9	1.543454000E-5
1.420970000E+9	1.535889000E-5
1.420973333E+9	1.570077000E-5
1.420976667E+9	1.560904000E-5
1.420980000E+9	1.578217000E-5
1.420983333E+9	1.549900000E-5
1.420986667E+9	1.593822000E-5
1.420990000E+9	1.582008000E-5
1.420993333E+9	1.560477000E-5
1.420996667E+9	1.551797000E-5
1.421000000E+9	1.555934000E-5
1.421003333E+9	1.541026000E-5
1.421006667E+9	1.545677000E-5
1.421010000E+9	1.534542000E-5
1.421013333E+9	1.536432000E-5
1.421016667E+9	1.538946000E-5
1.421020000E+9	1.524378000E-5
1.421023333E+9	1.525588000E-5
1.421026667E+9	1.526299000E-5
1.421030000E+9	1.512119000E-5
1.421033333E+9	1.513200000E-5
1.421036667E+9	1.545336000E-5
1.421040000E+9	1.558631000E-5
1.421043333E+9	1.530696000E-5
1.421046667E+9	1.519013000E-5
1.421050000E+9	1.543979000E-5
1.421053333E+9	1.559817000E-5
1.421056667E+9	1.568628000E-5
1.421060000E+9	1.544297000E-5
1.421063333E+9	1.525389000E-5
1.421066667E+9	1.574852000E-5
1.421070000E+9	1.560372000E-5
1.421073333E+9	1.561521000E-5
1.421076667E+9	1.566294000E-5
1.421080000E+9	1.530430000E-5
1.421083333E+9	1.542277000E-5
1.421086667E+9	1.523426000E-5
1.421090000E+9	1.614093000E-5
1.421093333E+9	1.583508000E-5
1.421096667E+9	1.564154000E-5
1.421100000E+9	1.553352000E-5
1.421103333E+9	1.518553000E-5
1.421106667E+9	1.539739000E-5
1.421110000E+9	1.540217000E-5
1.421113333E+9	1.537384000E-5
1.421116667E+9	1.549972000E-5
1.421120000E+9	1.533663000E-5
1.421123333E+9	1.525426000E-5
1.421126667E+9	1.536910000E-5
1.421130000E+9	1.536490000E-5
1.421133333E+9	1.551320000E-5
1.421136667E+9	1.518308000E-5
1.421140000E+9	1.533283000E-5
1.421143333E+9	1.523207000E-5
1.421146667E+9	1.532875000E-5
1.421150000E+9	1.568442000E-5
1.421153333E+9	1.568468000E-5
1.421156667E+9	1.561071000E-5
1.421160000E+9	1.551053000E-5
1.421163333E+9	1.557981000E-5
1.421166667E+9	1.587674000E-5
1.421170000E+9	1.511438000E-5
1.421173333E+9	1.532850000E-5
1.421176667E+9	1.643123000E-5
1.421180000E+9	1.760248000E-5
1.421183333E+9	1.550864000E-5
1.421186667E+9	1.544721000E-5
1.421190000E+9	1.543756000E-5
1.421193333E+9	1.562733000E-5
1.421196667E+9	1.564433000E-5
1.421200000E+9	1.573247000E-5
1.421203333E+9	1.581666000E-5
1.421206667E+9	1.841806000E-5
1.421210000E+9	1.747955000E-5
1.421213333E+9	1.653295000E-5
1.421216667E+9	1.553562000E-5
1.421220000E+9	1.542251000E-5
1.421223333E+9	1.532771000E-5
1.421226667E+9	1.536724000E-5
1.421230000E+9	1.547729000E-5
1.421233333E+9	1.561063000E-5
1.421236667E+9	1.536033000E-5
1.421240000E+9	1.582654000E-5
1.421243333E+9	1.558806000E-5
1.421246667E+9	1.556100000E-5
1.421250000E+9	1.531921000E-5
1.421253333E+9	1.522270000E-5
1.421256667E+9	1.524513000E-5
1.421260000E+9	1.526961000E-5
1.421263333E+9	1.593057000E-5
1.421266667E+9	1.537109000E-5
1.421270000E+9	1.502860000E-5
1.421273333E+9	1.519290000E-5
1.421276667E+9	1.559696000E-5
1.421280000E+9	1.515493000E-5
1.421283333E+9	1.532222000E-5
1.421286667E+9	1.517673000E-5
1.421290000E+9	1.546136000E-5
1.421293333E+9	1.555270000E-5
1.421296667E+9	1.567120000E-5
1.421300000E+9	1.568416000E-5
1.421303333E+9	1.545021000E-5
1.421306667E+9	1.565184000E-5
1.421310000E+9	1.545857000E-5
1.421313333E+9	1.564879000E-5
1.421316667E+9	1.515659000E-5
1.421320000E+9	1.547523000E-5
1.421323333E+9	1.571800000E-5
1.421326667E+9	1.555263000E-5
1.421330000E+9	1.542566000E-5
1.421333333E+9	1.529170000E-5
1.421336667E+9	1.556931000E-5
1.421340000E+9	1.556300000E-5
1.421343333E+9	1.550741000E-5
1.421346667E+9	1.539631000E-5
1.421350000E+9	1.554280000E-5
1.421353333E+9	1.536871000E-5
1.421356667E+9	1.555316000E-5
1.421360000E+9	1.549812000E-5
1.421363333E+9	1.593035000E-5
1.421366667E+9	1.782924000E-5
1.421370000E+9	1.572760000E-5
1.421373333E+9	1.526996000E-5
1.421376667E+9	1.582296000E-5
1.421380000E+9	1.543124000E-5
1.421383333E+9	1.546658000E-5
1.421386667E+9	1.552830000E-5
1.421390000E+9	1.568054000E-5
1.421393333E+9	1.557964000E-5
1.421396667E+9	1.553529000E-5
1.421400000E+9	1.578954000E-5
