Frequency, Hz	Amplitude, Volts
1.419400000E+9	1.537075000E-5
1.419403333E+9	1.500059000E-5
1.419406667E+9	1.508108000E-5
1.419410000E+9	1.516214000E-5
1.419413333E+9	1.595439000E-5
1.419416667E+9	1.559584000E-5
1.419420000E+9	1.527826000E-5
1.419423333E+9	1.523832000E-5
1.419426667E+9	1.546219000E-5
1.419430000E+9	1.550661000E-5
1.419433333E+9	1.562203000E-5
1.419436667E+9	1.565976000E-5
1.419440000E+9	1.557630000E-5
1.419443333E+9	1.536218000E-5
1.419446667E+9	1.539710000E-5
1.419450000E+9	1.556903000E-5
1.419453333E+9	1.587657000E-5
1.419456667E+9	1.562613000E-5
1.419460000E+9	1.525215000E-5
1.419463333E+9	1.529380000E-5
1.419466667E+9	1.527551000E-5
1.419470000E+9	1.531553000E-5
1.419473333E+9	1.517969000E-5
1.419476667E+9	1.536461000E-5
1.419480000E+9	1.531197000E-5
1.419483333E+9	1.520476000E-5
1.419486667E+9	1.510398000E-5
1.419490000E+9	1.529288000E-5
1.419493333E+9	1.505050000E-5
1.419496667E+9	1.508090000E-5
1.419500000E+9	1.524949000E-5
1.419503333E+9	1.551962000E-5
1.419506667E+9	1.491781000E-5
1.419510000E+9	1.527081000E-5
1.419513333E+9	1.571624000E-5
1.419516667E+9	1.568685000E-5
1.419520000E+9	1.549817000E-5
1.419523333E+9	1.522494000E-5
1.419526667E+9	1.503134000E-5
1.419530000E+9	1.535217000E-5
1.419533333E+9	1.521470000E-5
1.419536667E+9	1.517979000E-5
1.419540000E+9	1.544074000E-5
1.419543333E+9	1.559757000E-5
1.419546667E+9	1.515819000E-5
1.419550000E+9	1.558530000E-5
1.419553333E+9	1.542394000E-5
1.419556667E+9	1.504797000E-5
1.419560000E+9	1.517724000E-5
1.419563333E+9	1.502202000E-5
1.419566667E+9	1.511996000E-5
1.419570000E+9	1.489771000E-5
1.419573333E+9	1.522294000E-5
1.419576667E+9	1.540290000E-5
1.419580000E+9	1.543503000E-5
1.419583333E+9	1.541552000E-5
1.419586667E+9	1.543554000E-5
1.419590000E+9	1.513818000E-5
1.419593333E+9	1.540170000E-5
1.419596667E+9	1.528662000E-5
1.419600000E+9	1.549500000E-5
1.419603333E+9	1.556037000E-5
1.419606667E+9	1.552218000E-5
1.419610000E+9	1.518663000E-5
1.419613333E+9	1.543812000E-5
1.419616667E+9	1.534576000E-5
1.419620000E+9	1.492961000E-5
1.419623333E+9	1.531121000E-5
1.419626667E+9	1.523399000E-5
1.419630000E+9	1.495070000E-5
1.419633333E+9	1.531460000E-5
1.419636667E+9	1.534675000E-5
1.419640000E+9	1.534199000E-5
1.419643333E+9	1.533597000E-5
1.419646667E+9	1.525280000E-5
1.419650000E+9	1.522449000E-5
1.419653333E+9	1.544880000E-5
1.419656667E+9	1.523802000E-5
1.419660000E+9	1.508587000E-5
1.419663333E+9	1.510537000E-5
1.419666667E+9	1.530828000E-5
1.419670000E+9	1.540030000E-5
1.419673333E+9	1.535924000E-5
1.419676667E+9	1.536650000E-5
1.419680000E+9	1.537586000E-5
1.419683333E+9	1.540860000E-5
1.419686667E+9	1.511553000E-5
1.419690000E+9	1.543198000E-5
1.419693333E+9	1.506218000E-5
1.419696667E+9	1.518139000E-5
1.419700000E+9	1.526785000E-5
1.419703333E+9	1.517853000E-5
1.419706667E+9	1.568042000E-5
1.419710000E+9	1.518529000E-5
1.419713333E+9	1.507631000E-5
1.419716667E+9	1.557269000E-5
1.419720000E+9	1.531889000E-5
1.419723333E+9	1.513710000E-5
1.419726667E+9	1.526917000E-5
1.419730000E+9	1.516443000E-5
1.419733333E+9	1.550806000E-5
1.419736667E+9	1.513945000E-5
1.419740000E+9	1.514031000E-5
1.419743333E+9	1.578398000E-5
1.419746667E+9	1.558884000E-5
1.419750000E+9	1.543047000E-5
1.419753333E+9	1.558532000E-5
1.419756667E+9	1.536370000E-5
1.419760000E+9	1.533781000E-5
1.419763333E+9	1.543518000E-5
1.419766667E+9	1.544397000E-5
1.419770000E+9	1.498877000E-5
1.419773333E+9	1.480017000E-5
1.419776667E+9	1.539424000E-5
1.419780000E+9	1.501522000E-5
1.419783333E+9	1.532761000E-5
1.419786667E+9	1.513411000E-5
1.419790000E+9	1.554736000E-5
1.419793333E+9	1.537171000E-5
1.419796667E+9	1.534236000E-5
1.419800000E+9	1.493395000E-5
1.419803333E+9	1.509433000E-5
1.419806667E+9	1.484016000E-5
1.419810000E+9	1.503563000E-5
1.419813333E+9	1.526785000E-5
1.419816667E+9	1.536419000E-5
1.419820000E+9	1.535458000E-5
1.419823333E+9	1.529318000E-5
1.419826667E+9	1.545706000E-5
1.419830000E+9	1.528603000E-5
1.419833333E+9	1.546820000E-5
1.419836667E+9	1.508272000E-5
1.419840000E+9	1.521721000E-5
1.419843333E+9	1.515847000E-5
1.419846667E+9	1.517661000E-5
1.419850000E+9	1.512129000E-5
1.419853333E+9	1.543232000E-5
1.419856667E+9	1.524276000E-5
1.419860000E+9	1.535901000E-5
1.419863333E+9	1.509032000E-5
1.419866667E+9	1.537630000E-5
1.419870000E+9	1.538757000E-5
1.419873333E+9	1.496539000E-5
1.419876667E+9	1.526310000E-5
1.419880000E+9	1.520890000E-5
1.419883333E+9	1.541154000E-5
1.419886667E+9	1.528912000E-5
1.419890000E+9	1.516695000E-5
1.419893333E+9	1.547977000E-5
1.419896667E+9	1.525158000E-5
1.419900000E+9	1.530637000E-5
1.419903333E+9	1.538791000E-5
1.419906667E+9	1.531708000E-5
1.419910000E+9	1.505304000E-5
1.419913333E+9	1.528254000E-5
1.419916667E+9	1.554258000E-5
1.419920000E+9	1.531143000E-5
1.419923333E+9	1.500883000E-5
1.419926667E+9	1.545085000E-5
1.419930000E+9	1.506086000E-5
1.419933333E+9	1.508072000E-5
1.419936667E+9	1.547465000E-5
1.419940000E+9	1.508918000E-5
1.419943333E+9	1.506481000E-5
1.419946667E+9	1.522601000E-5
1.419950000E+9	1.554137000E-5
1.419953333E+9	1.508143000E-5
1.419956667E+9	1.543302000E-5
1.419960000E+9	1.524622000E-5
1.419963333E+9	1.520415000E-5
1.419966667E+9	1.522513000E-5
1.419970000E+9	1.522210000E-5
1.419973333E+9	1.512414000E-5
1.419976667E+9	1.548905000E-5
1.419980000E+9	1.673641000E-5
1.419983333E+9	1.559906000E-5
1.419986667E+9	1.513154000E-5
1.419990000E+9	1.532778000E-5
1.419993333E+9	1.550190000E-5
1.419996667E+9	1.474123000E-5
1.420000000E+9	1.614921000E-5
1.420003333E+9	1.731960000E-5
1.420006667E+9	1.530086000E-5
1.420010000E+9	1.534524000E-5
1.420013333E+9	1.553695000E-5
1.420016667E+9	1.528920000E-5
1.420020000E+9	1.498814000E-5
1.420023333E+9	1.531407000E-5
1.420026667E+9	1.545026000E-5
1.420030000E+9	1.528725000E-5
1.420033333E+9	1.509564000E-5
1.420036667E+9	1.489666000E-5
1.420040000E+9	1.555017000E-5
1.420043333E+9	1.532919000E-5
1.420046667E+9	1.494429000E-5
1.420050000E+9	1.501862000E-5
1.420053333E+9	1.528448000E-5
1.420056667E+9	1.480311000E-5
1.420060000E+9	1.496862000E-5
1.420063333E+9	1.494181000E-5
1.420066667E+9	1.512848000E-5
1.420070000E+9	1.471447000E-5
1.420073333E+9	1.502989000E-5
1.420076667E+9	1.472973000E-5
1.420080000E+9	1.515403000E-5
1.420083333E+9	1.501357000E-5
1.420086667E+9	1.529627000E-5
1.420090000E+9	1.543313000E-5
1.420093333E+9	1.528573000E-5
1.420096667E+9	1.547610000E-5
1.420100000E+9	1.528256000E-5
1.420103333E+9	1.542316000E-5
1.420106667E+9	1.511329000E-5
1.420110000E+9	1.517563000E-5
1.420113333E+9	1.530929000E-5
1.420116667E+9	1.529029000E-5
1.420120000E+9	1.517428000E-5
1.420123333E+9	1.534940000E-5
1.420126667E+9	1.539612000E-5
1.420130000E+9	1.507388000E-5
1.420133333E+9	1.490907000E-5
1.420136667E+9	1.490070000E-5
1.420140000E+9	1.513323000E-5
1.420143333E+9	1.483256000E-5
1.420146667E+9	1.498719000E-5
1.420150000E+9	1.517688000E-5
1.420153333E+9	1.504458000E-5
1.420156667E+9	1.565465000E-5
1.420160000E+9	1.536201000E-5
1.420163333E+9	1.510353000E-5
1.420166667E+9	1.528699000E-5
1.420170000E+9	1.527145000E-5
1.420173333E+9	1.541044000E-5
1.420176667E+9	1.501094000E-5
1.420180000E+9	1.526473000E-5
1.420183333E+9	1.517963000E-5
1.420186667E+9	1.528514000E-5
1.420190000E+9	1.496762000E-5
1.420193333E+9	1.501300000E-5
1.420196667E+9	1.514224000E-5
1.420200000E+9	1.529847000E-5
1.420203333E+9	1.534643000E-5
1.420206667E+9	1.513763000E-5
1.420210000E+9	1.498479000E-5
1.420213333E+9	1.509183000E-5
1.420216667E+9	1.520329000E-5
1.420220000E+9	1.510032000E-5
1.420223333E+9	1.507257000E-5
1.420226667E+9	1.531548000E-5
1.420230000E+9	1.526503000E-5
1.420233333E+9	1.517901000E-5
1.420236667E+9	1.501992000E-5
1.420240000E+9	1.514723000E-5
1.420243333E+9	1.535366000E-5
1.420246667E+9	1.503436000E-5
1.420250000E+9	1.508544000E-5
1.420253333E+9	1.524533000E-5
1.420256667E+9	1.522305000E-5
1.420260000E+9	1.506766000E-5
1.420263333E+9	1.503268000E-5
1.420266667E+9	1.565218000E-5
1.420270000E+9	1.473010000E-5
1.420273333E+9	1.516740000E-5
1.420276667E+9	1.504237000E-5
1.420280000E+9	1.510896000E-5
1.420283333E+9	1.530205000E-5
1.420286667E+9	1.535314000E-5
1.420290000E+9	1.509830000E-5
1.420293333E+9	1.508166000E-5
1.420296667E+9	1.588162000E-5
1.420300000E+9	1.514377000E-5
1.420303333E+9	1.533094000E-5
1.420306667E+9	1.525049000E-5
1.420310000E+9	1.536488000E-5
1.420313333E+9	1.558405000E-5
1.420316667E+9	1.517739000E-5
1.420320000E+9	1.506728000E-5
1.420323333E+9	1.495179000E-5
1.420326667E+9	1.515425000E-5
1.420330000E+9	1.521133000E-5
1.420333333E+9	1.567648000E-5
1.420336667E+9	1.534863000E-5
1.420340000E+9	1.489666000E-5
1.420343333E+9	1.548771000E-5
1.420346667E+9	1.513486000E-5
1.420350000E+9	1.573691000E-5
1.420353333E+9	1.509954000E-5
1.420356667E+9	1.555398000E-5
1.420360000E+9	1.511530000E-5
1.420363333E+9	1.515924000E-5
1.420366667E+9	1.523752000E-5
1.420370000E+9	1.488980000E-5
1.420373333E+9	1.523650000E-5
1.420376667E+9	1.537489000E-5
1.420380000E+9	1.518968000E-5
1.420383333E+9	1.534441000E-5
1.420386667E+9	1.513149000E-5
1.420390000E+9	1.520052000E-5
1.420393333E+9	1.509879000E-5
1.420396667E+9	1.529239000E-5
1.420400000E+9	1.501605000E-5
1.420403333E+9	1.522665000E-5
1.420406667E+9	1.522755000E-5
1.420410000E+9	1.532064000E-5
1.420413333E+9	1.521243000E-5
1.420416667E+9	1.556459000E-5
1.420420000E+9	1.519330000E-5
1.420423333E+9	1.529824000E-5
1.420426667E+9	1.551518000E-5
1.420430000E+9	1.525283000E-5
1.420433333E+9	1.531407000E-5
1.420436667E+9	1.532810000E-5
1.420440000E+9	1.512001000E-5
1.420443333E+9	1.544054000E-5
1.420446667E+9	1.546049000E-5
1.420450000E+9	1.557362000E-5
1.420453333E+9	1.559420000E-5
1.420456667E+9	1.571375000E-5
1.420460000E+9	1.561262000E-5
1.420463333E+9	1.587367000E-5
1.420466667E+9	1.569198000E-5
1.420470000E+9	1.574057000E-5
1.420473333E+9	1.614306000E-5
1.420476667E+9	1.621410000E-5
1.420480000E+9	1.650460000E-5
1.420483333E+9	1.603366000E-5
1.420486667E+9	1.628705000E-5
1.420490000E+9	1.644731000E-5
1.420493333E+9	1.678013000E-5
1.420496667E+9	1.703416000E-5
1.420500000E+9	1.696838000E-5
1.420503333E+9	1.735828000E-5
1.420506667E+9	1.706949000E-5
1.420510000E+9	1.707193000E-5
1.420513333E+9	1.690295000E-5
1.420516667E+9	1.677634000E-5
1.420520000E+9	1.716480000E-5
1.420523333E+9	1.691130000E-5
1.420526667E+9	1.705299000E-5
1.420530000E+9	1.677569000E-5
1.420533333E+9	1.689512000E-5
1.420536667E+9	1.728054000E-5
1.420540000E+9	1.658901000E-5
1.420543333E+9	1.691797000E-5
1.420546667E+9	1.697431000E-5
1.420550000E+9	1.696019000E-5
1.420553333E+9	1.700234000E-5
1.420556667E+9	1.689985000E-5
1.420560000E+9	1.675874000E-5
1.420563333E+9	1.671841000E-5
1.420566667E+9	1.675747000E-5
1.420570000E+9	1.673066000E-5
1.420573333E+9	1.695907000E-5
1.420576667E+9	1.661725000E-5
1.420580000E+9	1.665990000E-5
1.420583333E+9	1.649833000E-5
1.420586667E+9	1.655555000E-5
1.420590000E+9	1.659624000E-5
1.420593333E+9	1.635910000E-5
1.420596667E+9	1.665778000E-5
1.420600000E+9	1.663095000E-5
1.420603333E+9	1.665828000E-5
1.420606667E+9	1.669457000E-5
1.420610000E+9	1.655729000E-5
1.420613333E+9	1.669041000E-5
1.420616667E+9	1.642923000E-5
1.420620000E+9	1.633786000E-5
1.420623333E+9	1.638202000E-5
1.420626667E+9	1.653081000E-5
1.420630000E+9	1.668848000E-5
1.420633333E+9	1.649223000E-5
1.420636667E+9	1.640480000E-5
1.420640000E+9	1.666909000E-5
1.420643333E+9	1.664990000E-5
1.420646667E+9	1.688066000E-5
1.420650000E+9	1.694195000E-5
1.420653333E+9	1.676367000E-5
1.420656667E+9	1.682971000E-5
1.420660000E+9	1.744211000E-5
1.420663333E+9	1.700447000E-5
1.420666667E+9	1.722871000E-5
1.420670000E+9	1.735750000E-5
1.420673333E+9	1.766258000E-5
1.420676667E+9	1.748053000E-5
1.420680000E+9	1.706934000E-5
1.420683333E+9	1.736104000E-5
1.420686667E+9	1.745623000E-5
1.420690000E+9	1.741312000E-5
1.420693333E+9	1.690690000E-5
1.420696667E+9	1.753699000E-5
1.420700000E+9	1.683562000E-5
1.420703333E+9	1.689909000E-5
1.420706667E+9	1.671098000E-5
1.420710000E+9	1.683823000E-5
1.420713333E+9	1.666548000E-5
1.420716667E+9	1.677803000E-5
1.420720000E+9	1.663784000E-5
1.420723333E+9	1.656524000E-5
1.420726667E+9	1.652925000E-5
1.420730000E+9	1.624530000E-5
1.420733333E+9	1.607281000E-5
1.420736667E+9	1.626779000E-5
1.420740000E+9	1.600807000E-5
1.420743333E+9	1.634707000E-5
1.420746667E+9	1.642016000E-5
1.420750000E+9	1.600058000E-5
1.420753333E+9	1.581369000E-5
1.420756667E+9	1.631293000E-5
1.420760000E+9	1.674575000E-5
1.420763333E+9	1.625475000E-5
1.420766667E+9	1.615804000E-5
1.420770000E+9	1.617215000E-5
1.420773333E+9	1.606385000E-5
1.420776667E+9	1.595079000E-5
1.420780000E+9	1.590115000E-5
1.420783333E+9	1.601204000E-5
1.420786667E+9	1.605577000E-5
1.420790000E+9	1.606956000E-5
1.420793333E+9	1.616773000E-5
1.420796667E+9	1.672824000E-5
1.420800000E+9	1.606814000E-5
1.420803333E+9	1.560025000E-5
1.420806667E+9	1.563905000E-5
1.420810000E+9	1.552499000E-5
1.420813333E+9	1.556572000E-5
1.420816667E+9	1.563030000E-5
1.420820000E+9	1.558349000E-5
1.420823333E+9	1.556435000E-5
1.420826667E+9	1.539294000E-5
1.420830000E+9	1.578044000E-5
1.420833333E+9	1.572073000E-5
1.420836667E+9	1.567438000E-5
1.420840000E+9	1.539233000E-5
1.420843333E+9	1.574961000E-5
1.420846667E+9	1.584050000E-5
1.420850000E+9	1.576576000E-5
1.420853333E+9	1.549550000E-5
1.420856667E+9	1.534758000E-5
1.420860000E+9	1.537951000E-5
1.420863333E+9	1.567701000E-5
1.420866667E+9	1.544190000E-5
1.420870000E+9	1.523322000E-5
1.420873333E+9	1.555528000E-5
1.420876667E+9	1.548264000E-5
1.420880000E+9	1.561450000E-5
1.420883333E+9	1.680954000E-5
1.420886667E+9	1.617665000E-5
1.420890000E+9	1.541618000E-5
1.420893333E+9	1.521401000E-5
1.420896667E+9	1.560874000E-5
1.420900000E+9	1.576770000E-5
1.420903333E+9	1.546468000E-5
1.420906667E+9	1.564082000E-5
1.420910000E+9	1.601366000E-5
1.420913333E+9	1.594932000E-5
1.420916667E+9	1.568091000E-5
1.420920000E+9	1.583718000E-5
1.420923333E+9	1.560696000E-5
1.420926667E+9	1.545963000E-5
1.420930000E+9	1.546988000E-5
1.420933333E+9	1.514902000E-5
1.420936667E+9	1.525290000E-5
1.420940000E+9	1.548424000E-5
1.420943333E+9	1.546572000E-5
1.420946667E+9	1.648463000E-5
1.420950000E+9	1.556722000E-5
1.420953333E+9	1.534871000E-5
1.420956667E+9	1.536763000E-5
1.420960000E+9	1.485748000E-5
1.420963333E+9	1.514874000E-5
1.420966667E+9	1.508474000E-5
1.420970000E+9	1.545067000E-5
1.420973333E+9	1.515002000E-5
1.420976667E+9	1.536798000E-5
1.420980000E+9	1.541513000E-5
1.420983333E+9	1.542617000E-5
1.420986667E+9	1.497452000E-5
1.420990000E+9	1.516950000E-5
1.420993333E+9	1.558301000E-5
1.420996667E+9	1.533639000E-5
1.421000000E+9	1.525270000E-5
1.421003333E+9	1.523449000E-5
1.421006667E+9	1.518356000E-5
1.421010000E+9	1.508862000E-5
1.421013333E+9	1.552944000E-5
1.421016667E+9	1.498556000E-5
1.421020000E+9	1.540072000E-5
1.421023333E+9	1.566428000E-5
1.421026667E+9	1.517536000E-5
1.421030000E+9	1.541236000E-5
1.421033333E+9	1.519598000E-5
1.421036667E+9	1.502370000E-5
1.421040000E+9	1.532333000E-5
1.421043333E+9	1.512562000E-5
1.421046667E+9	1.519100000E-5
1.421050000E+9	1.516100000E-5
1.421053333E+9	1.515977000E-5
1.421056667E+9	1.558800000E-5
1.421060000E+9	1.560907000E-5
1.421063333E+9	1.527499000E-5
1.421066667E+9	1.504582000E-5
1.421070000E+9	1.522598000E-5
1.421073333E+9	1.506567000E-5
1.421076667E+9	1.506860000E-5
1.421080000E+9	1.536662000E-5
1.421083333E+9	1.517005000E-5
1.421086667E+9	1.540567000E-5
1.421090000E+9	1.552462000E-5
1.421093333E+9	1.557372000E-5
1.421096667E+9	1.614715000E-5
1.421100000E+9	1.548358000E-5
1.421103333E+9	1.532643000E-5
1.421106667E+9	1.518184000E-5
1.421110000E+9	1.527398000E-5
1.421113333E+9	1.534815000E-5
1.421116667E+9	1.521002000E-5
1.421120000E+9	1.517826000E-5
1.421123333E+9	1.545611000E-5
1.421126667E+9	1.528529000E-5
1.421130000E+9	1.529960000E-5
1.421133333E+9	1.584318000E-5
1.421136667E+9	1.540730000E-5
1.421140000E+9	1.543410000E-5
1.421143333E+9	1.487744000E-5
1.421146667E+9	1.479076000E-5
1.421150000E+9	1.492718000E-5
1.421153333E+9	1.519408000E-5
1.421156667E+9	1.505040000E-5
1.421160000E+9	1.487053000E-5
1.421163333E+9	1.515624000E-5
1.421166667E+9	1.546474000E-5
1.421170000E+9	1.563262000E-5
1.421173333E+9	1.521655000E-5
1.421176667E+9	1.642708000E-5
1.421180000E+9	1.748168000E-5
1.421183333E+9	1.499170000E-5
1.421186667E+9	1.529310000E-5
1.421190000E+9	1.534980000E-5
1.421193333E+9	1.555876000E-5
1.421196667E+9	1.527977000E-5
1.421200000E+9	1.545771000E-5
1.421203333E+9	1.532641000E-5
1.421206667E+9	1.562663000E-5
1.421210000E+9	1.559737000E-5
1.421213333E+9	1.512423000E-5
1.421216667E+9	1.521249000E-5
1.421220000E+9	1.507496000E-5
1.421223333E+9	1.525392000E-5
1.421226667E+9	1.495395000E-5
1.421230000E+9	1.506655000E-5
1.421233333E+9	1.504873000E-5
1.421236667E+9	1.538426000E-5
1.421240000E+9	1.506471000E-5
1.421243333E+9	1.536385000E-5
1.421246667E+9	1.546219000E-5
1.421250000E+9	1.510413000E-5
1.421253333E+9	1.522653000E-5
1.421256667E+9	1.519513000E-5
1.421260000E+9	1.547630000E-5
1.421263333E+9	1.540559000E-5
1.421266667E+9	1.486681000E-5
1.421270000E+9	1.544854000E-5
1.421273333E+9	1.526371000E-5
1.421276667E+9	1.510707000E-5
1.421280000E+9	1.533968000E-5
1.421283333E+9	1.534515000E-5
1.421286667E+9	1.508678000E-5
1.421290000E+9	1.496430000E-5
1.421293333E+9	1.523237000E-5
1.421296667E+9	1.486993000E-5
1.421300000E+9	1.512639000E-5
1.421303333E+9	1.507835000E-5
1.421306667E+9	1.513825000E-5
1.421310000E+9	1.503705000E-5
1.421313333E+9	1.484789000E-5
1.421316667E+9	1.519073000E-5
1.421320000E+9	1.521881000E-5
1.421323333E+9	1.511236000E-5
1.421326667E+9	1.541689000E-5
1.421330000E+9	1.516032000E-5
1.421333333E+9	1.528328000E-5
1.421336667E+9	1.507348000E-5
1.421340000E+9	1.505220000E-5
1.421343333E+9	1.538601000E-5
1.421346667E+9	1.544383000E-5
1.421350000E+9	1.498405000E-5
1.421353333E+9	1.519573000E-5
1.421356667E+9	1.536808000E-5
1.421360000E+9	1.532687000E-5
1.421363333E+9	1.538086000E-5
1.421366667E+9	1.547804000E-5
1.421370000E+9	1.518868000E-5
1.421373333E+9	1.494112000E-5
1.421376667E+9	1.508476000E-5
1.421380000E+9	1.515182000E-5
1.421383333E+9	1.532588000E-5
1.421386667E+9	1.524841000E-5
1.421390000E+9	1.521383000E-5
1.421393333E+9	1.532594000E-5
1.421396667E+9	1.502855000E-5
1.421400000E+9	1.494235000E-5
