Frequency, Hz	Amplitude, Volts
1.419400000E+9	1.875325000E-5
1.419403333E+9	1.947405000E-5
1.419406667E+9	1.910437000E-5
1.419410000E+9	1.813413000E-5
1.419413333E+9	1.875164000E-5
1.419416667E+9	1.823290000E-5
1.419420000E+9	1.848884000E-5
1.419423333E+9	1.853306000E-5
1.419426667E+9	1.877531000E-5
1.419430000E+9	1.842889000E-5
1.419433333E+9	1.817689000E-5
1.419436667E+9	1.848295000E-5
1.419440000E+9	1.835381000E-5
1.419443333E+9	1.858009000E-5
1.419446667E+9	1.934689000E-5
1.419450000E+9	2.063492000E-5
1.419453333E+9	1.876474000E-5
1.419456667E+9	1.894222000E-5
1.419460000E+9	1.830201000E-5
1.419463333E+9	1.844083000E-5
1.419466667E+9	1.869398000E-5
1.419470000E+9	1.835008000E-5
1.419473333E+9	1.862095000E-5
1.419476667E+9	1.839181000E-5
1.419480000E+9	1.782966000E-5
1.419483333E+9	1.814799000E-5
1.419486667E+9	1.822421000E-5
1.419490000E+9	1.857384000E-5
1.419493333E+9	1.876336000E-5
1.419496667E+9	1.870548000E-5
1.419500000E+9	1.843686000E-5
1.419503333E+9	1.833739000E-5
1.419506667E+9	1.829940000E-5
1.419510000E+9	1.802850000E-5
1.419513333E+9	1.828275000E-5
1.419516667E+9	1.836225000E-5
1.419520000E+9	1.846539000E-5
1.419523333E+9	1.858811000E-5
1.419526667E+9	1.813381000E-5
1.419530000E+9	1.827524000E-5
1.419533333E+9	1.822585000E-5
1.419536667E+9	1.836808000E-5
1.419540000E+9	1.892316000E-5
1.419543333E+9	1.920934000E-5
1.419546667E+9	1.861684000E-5
1.419550000E+9	1.830581000E-5
1.419553333E+9	1.797624000E-5
1.419556667E+9	1.822993000E-5
1.419560000E+9	1.796162000E-5
1.419563333E+9	1.848973000E-5
1.419566667E+9	1.846457000E-5
1.419570000E+9	1.839852000E-5
1.419573333E+9	1.779865000E-5
1.419576667E+9	1.833121000E-5
1.419580000E+9	1.817453000E-5
1.419583333E+9	1.854106000E-5
1.419586667E+9	1.886197000E-5
1.419590000E+9	1.893164000E-5
1.419593333E+9	1.820765000E-5
1.419596667E+9	1.796406000E-5
1.419600000E+9	1.823610000E-5
1.419603333E+9	1.863128000E-5
1.419606667E+9	1.825209000E-5
1.419610000E+9	1.840321000E-5
1.419613333E+9	1.815768000E-5
1.419616667E+9	1.798233000E-5
1.419620000E+9	1.790658000E-5
1.419623333E+9	1.804392000E-5
1.419626667E+9	1.812249000E-5
1.419630000E+9	1.808037000E-5
1.419633333E+9	1.879390000E-5
1.419636667E+9	1.867103000E-5
1.419640000E+9	1.798056000E-5
1.419643333E+9	1.821241000E-5
1.419646667E+9	1.821227000E-5
1.419650000E+9	1.758572000E-5
1.419653333E+9	1.806150000E-5
1.419656667E+9	1.809018000E-5
1.419660000E+9	1.821345000E-5
1.419663333E+9	1.773570000E-5
1.419666667E+9	1.786503000E-5
1.419670000E+9	1.792853000E-5
1.419673333E+9	1.783488000E-5
1.419676667E+9	1.773510000E-5
1.419680000E+9	1.854617000E-5
1.419683333E+9	1.850543000E-5
1.419686667E+9	1.757956000E-5
1.419690000E+9	1.815610000E-5
1.419693333E+9	1.793779000E-5
1.419696667E+9	1.794468000E-5
1.419700000E+9	1.768386000E-5
1.419703333E+9	1.816939000E-5
1.419706667E+9	1.871324000E-5
1.419710000E+9	1.794713000E-5
1.419713333E+9	1.789628000E-5
1.419716667E+9	1.780958000E-5
1.419720000E+9	1.804751000E-5
1.419723333E+9	1.775973000E-5
1.419726667E+9	1.879148000E-5
1.419730000E+9	1.848202000E-5
1.419733333E+9	1.881045000E-5
1.419736667E+9	1.841072000E-5
1.419740000E+9	1.825862000E-5
1.419743333E+9	1.841610000E-5
1.419746667E+9	1.842175000E-5
1.419750000E+9	1.847090000E-5
1.419753333E+9	1.809521000E-5
1.419756667E+9	1.827244000E-5
1.419760000E+9	1.801919000E-5
1.419763333E+9	1.795840000E-5
1.419766667E+9	1.784123000E-5
1.419770000E+9	1.802925000E-5
1.419773333E+9	1.803254000E-5
1.419776667E+9	1.796450000E-5
1.419780000E+9	1.800337000E-5
1.419783333E+9	1.815626000E-5
1.419786667E+9	1.764641000E-5
1.419790000E+9	1.784127000E-5
1.419793333E+9	1.778156000E-5
1.419796667E+9	1.818028000E-5
1.419800000E+9	1.781664000E-5
1.419803333E+9	1.781332000E-5
1.419806667E+9	1.764837000E-5
1.419810000E+9	1.781660000E-5
1.419813333E+9	1.794088000E-5
1.419816667E+9	1.827354000E-5
1.419820000E+9	1.836865000E-5
1.419823333E+9	1.863441000E-5
1.419826667E+9	1.812030000E-5
1.419830000E+9	1.846557000E-5
1.419833333E+9	1.791010000E-5
1.419836667E+9	1.783152000E-5
1.419840000E+9	1.822095000E-5
1.419843333E+9	1.789557000E-5
1.419846667E+9	1.832439000E-5
1.419850000E+9	1.806176000E-5
1.419853333E+9	1.796856000E-5
1.419856667E+9	1.777522000E-5
1.419860000E+9	1.798162000E-5
1.419863333E+9	1.785579000E-5
1.419866667E+9	1.893813000E-5
1.419870000E+9	1.856968000E-5
1.419873333E+9	1.776129000E-5
1.419876667E+9	1.773611000E-5
1.419880000E+9	1.801904000E-5
1.419883333E+9	1.779776000E-5
1.419886667E+9	1.763529000E-5
1.419890000E+9	1.803584000E-5
1.419893333E+9	1.753603000E-5
1.419896667E+9	1.806833000E-5
1.419900000E+9	1.770141000E-5
1.419903333E+9	1.755439000E-5
1.419906667E+9	1.761146000E-5
1.419910000E+9	1.774092000E-5
1.419913333E+9	1.833121000E-5
1.419916667E+9	1.828044000E-5
1.419920000E+9	1.773315000E-5
1.419923333E+9	1.784868000E-5
1.419926667E+9	1.753539000E-5
1.419930000E+9	1.778564000E-5
1.419933333E+9	1.772103000E-5
1.419936667E+9	1.806432000E-5
1.419940000E+9	1.780962000E-5
1.419943333E+9	1.777362000E-5
1.419946667E+9	1.771210000E-5
1.419950000E+9	1.743803000E-5
1.419953333E+9	1.753867000E-5
1.419956667E+9	1.767505000E-5
1.419960000E+9	1.819302000E-5
1.419963333E+9	1.800978000E-5
1.419966667E+9	1.776656000E-5
1.419970000E+9	1.791256000E-5
1.419973333E+9	1.760740000E-5
1.419976667E+9	1.748205000E-5
1.419980000E+9	1.769336000E-5
1.419983333E+9	1.791726000E-5
1.419986667E+9	1.788711000E-5
1.419990000E+9	1.796203000E-5
1.419993333E+9	1.786518000E-5
1.419996667E+9	1.729915000E-5
1.420000000E+9	1.944023000E-5
1.420003333E+9	2.142398000E-5
1.420006667E+9	1.829464000E-5
1.420010000E+9	1.787150000E-5
1.420013333E+9	1.722750000E-5
1.420016667E+9	1.781254000E-5
1.420020000E+9	1.793287000E-5
1.420023333E+9	1.750823000E-5
1.420026667E+9	1.763129000E-5
1.420030000E+9	1.790640000E-5
1.420033333E+9	1.802925000E-5
1.420036667E+9	1.808669000E-5
1.420040000E+9	1.792405000E-5
1.420043333E+9	1.753108000E-5
1.420046667E+9	1.749080000E-5
1.420050000E+9	1.765624000E-5
1.420053333E+9	1.780874000E-5
1.420056667E+9	1.809471000E-5
1.420060000E+9	1.734167000E-5
1.420063333E+9	1.746950000E-5
1.420066667E+9	1.774681000E-5
1.420070000E+9	1.743499000E-5
1.420073333E+9	1.748030000E-5
1.420076667E+9	1.745158000E-5
1.420080000E+9	1.726312000E-5
1.420083333E+9	1.764354000E-5
1.420086667E+9	1.757408000E-5
1.420090000E+9	1.749697000E-5
1.420093333E+9	1.711104000E-5
1.420096667E+9	1.750198000E-5
1.420100000E+9	1.796047000E-5
1.420103333E+9	1.771574000E-5
1.420106667E+9	1.741540000E-5
1.420110000E+9	1.773479000E-5
1.420113333E+9	1.732802000E-5
1.420116667E+9	1.706809000E-5
1.420120000E+9	1.745529000E-5
1.420123333E+9	1.767944000E-5
1.420126667E+9	1.746223000E-5
1.420130000E+9	1.773101000E-5
1.420133333E+9	1.741437000E-5
1.420136667E+9	1.736377000E-5
1.420140000E+9	1.720081000E-5
1.420143333E+9	1.716591000E-5
1.420146667E+9	1.791022000E-5
1.420150000E+9	1.772159000E-5
1.420153333E+9	1.724451000E-5
1.420156667E+9	1.714478000E-5
1.420160000E+9	1.708042000E-5
1.420163333E+9	1.730580000E-5
1.420166667E+9	1.710525000E-5
1.420170000E+9	1.750898000E-5
1.420173333E+9	1.723851000E-5
1.420176667E+9	1.750043000E-5
1.420180000E+9	1.715071000E-5
1.420183333E+9	1.699559000E-5
1.420186667E+9	1.724620000E-5
1.420190000E+9	1.755846000E-5
1.420193333E+9	1.749098000E-5
1.420196667E+9	1.739888000E-5
1.420200000E+9	1.740454000E-5
1.420203333E+9	1.734340000E-5
1.420206667E+9	1.710920000E-5
1.420210000E+9	1.729976000E-5
1.420213333E+9	1.725726000E-5
1.420216667E+9	1.725595000E-5
1.420220000E+9	1.727339000E-5
1.420223333E+9	1.749747000E-5
1.420226667E+9	1.794811000E-5
1.420230000E+9	1.742335000E-5
1.420233333E+9	1.726838000E-5
1.420236667E+9	1.720844000E-5
1.420240000E+9	1.788361000E-5
1.420243333E+9	1.754475000E-5
1.420246667E+9	1.676216000E-5
1.420250000E+9	1.735712000E-5
1.420253333E+9	1.748088000E-5
1.420256667E+9	1.731748000E-5
1.420260000E+9	1.731901000E-5
1.420263333E+9	1.749781000E-5
1.420266667E+9	1.745924000E-5
1.420270000E+9	1.709763000E-5
1.420273333E+9	1.729542000E-5
1.420276667E+9	1.724101000E-5
1.420280000E+9	1.739556000E-5
1.420283333E+9	1.748604000E-5
1.420286667E+9	1.791740000E-5
1.420290000E+9	1.795462000E-5
1.420293333E+9	1.753258000E-5
1.420296667E+9	1.817451000E-5
1.420300000E+9	1.716444000E-5
1.420303333E+9	1.725059000E-5
1.420306667E+9	1.714549000E-5
1.420310000E+9	1.780800000E-5
1.420313333E+9	1.735950000E-5
1.420316667E+9	1.731167000E-5
1.420320000E+9	1.726314000E-5
1.420323333E+9	1.719651000E-5
1.420326667E+9	1.734289000E-5
1.420330000E+9	1.781283000E-5
1.420333333E+9	1.814509000E-5
1.420336667E+9	1.759707000E-5
1.420340000E+9	1.725733000E-5
1.420343333E+9	1.738431000E-5
1.420346667E+9	1.715199000E-5
1.420350000E+9	1.718039000E-5
1.420353333E+9	1.735988000E-5
1.420356667E+9	1.730226000E-5
1.420360000E+9	1.740867000E-5
1.420363333E+9	1.719083000E-5
1.420366667E+9	1.676823000E-5
1.420370000E+9	1.706955000E-5
1.420373333E+9	1.733398000E-5
1.420376667E+9	1.739950000E-5
1.420380000E+9	1.803875000E-5
1.420383333E+9	1.778846000E-5
1.420386667E+9	1.725105000E-5
1.420390000E+9	1.709333000E-5
1.420393333E+9	1.771834000E-5
1.420396667E+9	1.748070000E-5
1.420400000E+9	1.736507000E-5
1.420403333E+9	1.760604000E-5
1.420406667E+9	1.736814000E-5
1.420410000E+9	1.714319000E-5
1.420413333E+9	1.731066000E-5
1.420416667E+9	1.725571000E-5
1.420420000E+9	1.751129000E-5
1.420423333E+9	1.741196000E-5
1.420426667E+9	1.780765000E-5
1.420430000E+9	1.771111000E-5
1.420433333E+9	1.727146000E-5
1.420436667E+9	1.755460000E-5
1.420440000E+9	1.782584000E-5
1.420443333E+9	1.794488000E-5
1.420446667E+9	1.789656000E-5
1.420450000E+9	1.772840000E-5
1.420453333E+9	1.802493000E-5
1.420456667E+9	1.843888000E-5
1.420460000E+9	1.843208000E-5
1.420463333E+9	1.831451000E-5
1.420466667E+9	1.850598000E-5
1.420470000E+9	1.893071000E-5
1.420473333E+9	1.927336000E-5
1.420476667E+9	1.928146000E-5
1.420480000E+9	1.904757000E-5
1.420483333E+9	1.883397000E-5
1.420486667E+9	1.908894000E-5
1.420490000E+9	1.883345000E-5
1.420493333E+9	1.930989000E-5
1.420496667E+9	1.889814000E-5
1.420500000E+9	1.923970000E-5
1.420503333E+9	1.957373000E-5
1.420506667E+9	1.939361000E-5
1.420510000E+9	1.944713000E-5
1.420513333E+9	1.949615000E-5
1.420516667E+9	1.967822000E-5
1.420520000E+9	2.001705000E-5
1.420523333E+9	1.920551000E-5
1.420526667E+9	1.987586000E-5
1.420530000E+9	1.959795000E-5
1.420533333E+9	1.962551000E-5
1.420536667E+9	1.969307000E-5
1.420540000E+9	1.927992000E-5
1.420543333E+9	2.005901000E-5
1.420546667E+9	1.943499000E-5
1.420550000E+9	1.942325000E-5
1.420553333E+9	1.921646000E-5
1.420556667E+9	1.925665000E-5
1.420560000E+9	1.933542000E-5
1.420563333E+9	1.931562000E-5
1.420566667E+9	1.945610000E-5
1.420570000E+9	1.956853000E-5
1.420573333E+9	1.924885000E-5
1.420576667E+9	1.889632000E-5
1.420580000E+9	1.942487000E-5
1.420583333E+9	1.882920000E-5
1.420586667E+9	1.904545000E-5
1.420590000E+9	2.008179000E-5
1.420593333E+9	1.951879000E-5
1.420596667E+9	1.870609000E-5
1.420600000E+9	1.867339000E-5
1.420603333E+9	1.861462000E-5
1.420606667E+9	1.894603000E-5
1.420610000E+9	1.851305000E-5
1.420613333E+9	1.883560000E-5
1.420616667E+9	1.849576000E-5
1.420620000E+9	1.868401000E-5
1.420623333E+9	1.850454000E-5
1.420626667E+9	1.885017000E-5
1.420630000E+9	1.817435000E-5
1.420633333E+9	1.794185000E-5
1.420636667E+9	1.804590000E-5
1.420640000E+9	1.786369000E-5
1.420643333E+9	1.788371000E-5
1.420646667E+9	1.777323000E-5
1.420650000E+9	1.777339000E-5
1.420653333E+9	1.753928000E-5
1.420656667E+9	1.791771000E-5
1.420660000E+9	1.778094000E-5
1.420663333E+9	1.733301000E-5
1.420666667E+9	1.740911000E-5
1.420670000E+9	1.728210000E-5
1.420673333E+9	1.730614000E-5
1.420676667E+9	1.733335000E-5
1.420680000E+9	1.728176000E-5
1.420683333E+9	1.741633000E-5
1.420686667E+9	1.712624000E-5
1.420690000E+9	1.724018000E-5
1.420693333E+9	1.723083000E-5
1.420696667E+9	1.732806000E-5
1.420700000E+9	1.703003000E-5
1.420703333E+9	1.685499000E-5
1.420706667E+9	1.746555000E-5
1.420710000E+9	1.739046000E-5
1.420713333E+9	1.694463000E-5
1.420716667E+9	1.716955000E-5
1.420720000E+9	1.697317000E-5
1.420723333E+9	1.706174000E-5
1.420726667E+9	1.713996000E-5
1.420730000E+9	1.725724000E-5
1.420733333E+9	1.730192000E-5
1.420736667E+9	1.700768000E-5
1.420740000E+9	1.711521000E-5
1.420743333E+9	1.672383000E-5
1.420746667E+9	1.711070000E-5
1.420750000E+9	1.702468000E-5
1.420753333E+9	1.710373000E-5
1.420756667E+9	1.736409000E-5
1.420760000E+9	1.705743000E-5
1.420763333E+9	1.696544000E-5
1.420766667E+9	1.683834000E-5
1.420770000E+9	1.691000000E-5
1.420773333E+9	1.697230000E-5
1.420776667E+9	1.714649000E-5
1.420780000E+9	1.719607000E-5
1.420783333E+9	1.700423000E-5
1.420786667E+9	1.671170000E-5
1.420790000E+9	1.713727000E-5
1.420793333E+9	1.699322000E-5
1.420796667E+9	1.722474000E-5
1.420800000E+9	1.761420000E-5
1.420803333E+9	1.720984000E-5
1.420806667E+9	1.713311000E-5
1.420810000E+9	1.725285000E-5
1.420813333E+9	1.726736000E-5
1.420816667E+9	1.736303000E-5
1.420820000E+9	1.696887000E-5
1.420823333E+9	1.711805000E-5
1.420826667E+9	1.723004000E-5
1.420830000E+9	1.685288000E-5
1.420833333E+9	1.686898000E-5
1.420836667E+9	1.689721000E-5
1.420840000E+9	1.695682000E-5
1.420843333E+9	1.730260000E-5
1.420846667E+9	1.742322000E-5
1.420850000E+9	1.734830000E-5
1.420853333E+9	1.699059000E-5
1.420856667E+9	1.683050000E-5
1.420860000E+9	1.672304000E-5
1.420863333E+9	1.684089000E-5
1.420866667E+9	1.679620000E-5
1.420870000E+9	1.706215000E-5
1.420873333E+9	1.699462000E-5
1.420876667E+9	1.662884000E-5
1.420880000E+9	1.703065000E-5
1.420883333E+9	2.074879000E-5
1.420886667E+9	1.906830000E-5
1.420890000E+9	1.693501000E-5
1.420893333E+9	1.728350000E-5
1.420896667E+9	1.780485000E-5
1.420900000E+9	1.755375000E-5
1.420903333E+9	1.731861000E-5
1.420906667E+9	1.738281000E-5
1.420910000E+9	1.682912000E-5
1.420913333E+9	1.886309000E-5
1.420916667E+9	1.928887000E-5
1.420920000E+9	1.932031000E-5
1.420923333E+9	1.761393000E-5
1.420926667E+9	1.709977000E-5
1.420930000E+9	1.703673000E-5
1.420933333E+9	1.677475000E-5
1.420936667E+9	1.717830000E-5
1.420940000E+9	1.756360000E-5
1.420943333E+9	1.682075000E-5
1.420946667E+9	1.675509000E-5
1.420950000E+9	1.703009000E-5
1.420953333E+9	1.702041000E-5
1.420956667E+9	1.689736000E-5
1.420960000E+9	1.729358000E-5
1.420963333E+9	1.686124000E-5
1.420966667E+9	1.718979000E-5
1.420970000E+9	1.700264000E-5
1.420973333E+9	1.698667000E-5
1.420976667E+9	1.693263000E-5
1.420980000E+9	1.694277000E-5
1.420983333E+9	1.727512000E-5
1.420986667E+9	1.750560000E-5
1.420990000E+9	1.733346000E-5
1.420993333E+9	1.719760000E-5
1.420996667E+9	1.679665000E-5
1.421000000E+9	1.686195000E-5
1.421003333E+9	1.727237000E-5
1.421006667E+9	1.669669000E-5
1.421010000E+9	1.703519000E-5
1.421013333E+9	1.696531000E-5
1.421016667E+9	1.696470000E-5
1.421020000E+9	1.686278000E-5
1.421023333E+9	1.682269000E-5
1.421026667E+9	1.704118000E-5
1.421030000E+9	1.684533000E-5
1.421033333E+9	1.706462000E-5
1.421036667E+9	1.696509000E-5
1.421040000E+9	1.712034000E-5
1.421043333E+9	1.716783000E-5
1.421046667E+9	1.705159000E-5
1.421050000E+9	1.697819000E-5
1.421053333E+9	1.703995000E-5
1.421056667E+9	1.694721000E-5
1.421060000E+9	1.697738000E-5
1.421063333E+9	1.694634000E-5
1.421066667E+9	1.718465000E-5
1.421070000E+9	1.689143000E-5
1.421073333E+9	1.687267000E-5
1.421076667E+9	1.702229000E-5
1.421080000E+9	1.763152000E-5
1.421083333E+9	1.718054000E-5
1.421086667E+9	1.671612000E-5
1.421090000E+9	1.694260000E-5
1.421093333E+9	1.701764000E-5
1.421096667E+9	1.673520000E-5
1.421100000E+9	1.728571000E-5
1.421103333E+9	1.729738000E-5
1.421106667E+9	1.703129000E-5
1.421110000E+9	1.709596000E-5
1.421113333E+9	1.676551000E-5
1.421116667E+9	1.706449000E-5
1.421120000E+9	1.677367000E-5
1.421123333E+9	1.678910000E-5
1.421126667E+9	1.773728000E-5
1.421130000E+9	1.738283000E-5
1.421133333E+9	1.706857000E-5
1.421136667E+9	1.727857000E-5
1.421140000E+9	1.733541000E-5
1.421143333E+9	1.691910000E-5
1.421146667E+9	1.678299000E-5
1.421150000E+9	1.707367000E-5
1.421153333E+9	1.710841000E-5
1.421156667E+9	1.715884000E-5
1.421160000E+9	1.694997000E-5
1.421163333E+9	1.702255000E-5
1.421166667E+9	1.708202000E-5
1.421170000E+9	1.717040000E-5
1.421173333E+9	1.711812000E-5
1.421176667E+9	1.830676000E-5
1.421180000E+9	1.985638000E-5
1.421183333E+9	1.725235000E-5
1.421186667E+9	1.698259000E-5
1.421190000E+9	1.718141000E-5
1.421193333E+9	1.714342000E-5
1.421196667E+9	1.765709000E-5
1.421200000E+9	1.705956000E-5
1.421203333E+9	1.706841000E-5
1.421206667E+9	1.763526000E-5
1.421210000E+9	1.756611000E-5
1.421213333E+9	1.793298000E-5
1.421216667E+9	1.699613000E-5
1.421220000E+9	1.726351000E-5
1.421223333E+9	1.711598000E-5
1.421226667E+9	1.659883000E-5
1.421230000E+9	1.707555000E-5
1.421233333E+9	1.699559000E-5
1.421236667E+9	1.683250000E-5
1.421240000E+9	1.697409000E-5
1.421243333E+9	1.713890000E-5
1.421246667E+9	1.707712000E-5
1.421250000E+9	1.689393000E-5
1.421253333E+9	1.676012000E-5
1.421256667E+9	1.669380000E-5
1.421260000E+9	1.717079000E-5
1.421263333E+9	1.741716000E-5
1.421266667E+9	1.739067000E-5
1.421270000E+9	1.669889000E-5
1.421273333E+9	1.685478000E-5
1.421276667E+9	1.687491000E-5
1.421280000E+9	1.833013000E-5
1.421283333E+9	1.718058000E-5
1.421286667E+9	1.706320000E-5
1.421290000E+9	1.689337000E-5
1.421293333E+9	1.705001000E-5
1.421296667E+9	1.675999000E-5
1.421300000E+9	1.637054000E-5
1.421303333E+9	1.665846000E-5
1.421306667E+9	1.652749000E-5
1.421310000E+9	1.665435000E-5
1.421313333E+9	1.709320000E-5
1.421316667E+9	1.707701000E-5
1.421320000E+9	1.682647000E-5
1.421323333E+9	1.699310000E-5
1.421326667E+9	1.708931000E-5
1.421330000E+9	1.715272000E-5
1.421333333E+9	1.691986000E-5
1.421336667E+9	1.730785000E-5
1.421340000E+9	1.698887000E-5
1.421343333E+9	1.681720000E-5
1.421346667E+9	1.876752000E-5
1.421350000E+9	1.832095000E-5
1.421353333E+9	1.734847000E-5
1.421356667E+9	1.712130000E-5
1.421360000E+9	1.718073000E-5
1.421363333E+9	1.678787000E-5
1.421366667E+9	1.691843000E-5
1.421370000E+9	1.675314000E-5
1.421373333E+9	1.661776000E-5
1.421376667E+9	1.687137000E-5
1.421380000E+9	1.673551000E-5
1.421383333E+9	1.668676000E-5
1.421386667E+9	1.667453000E-5
1.421390000E+9	1.666137000E-5
1.421393333E+9	1.668848000E-5
1.421396667E+9	1.625411000E-5
1.421400000E+9	1.709089000E-5
