Frequency, Hz	Amplitude, Volts
1.419400000E+9	2.575712000E-5
1.419403333E+9	2.568837000E-5
1.419406667E+9	2.548199000E-5
1.419410000E+9	2.533680000E-5
1.419413333E+9	2.602687000E-5
1.419416667E+9	2.568502000E-5
1.419420000E+9	2.555730000E-5
1.419423333E+9	2.542578000E-5
1.419426667E+9	2.511752000E-5
1.419430000E+9	2.609391000E-5
1.419433333E+9	2.586114000E-5
1.419436667E+9	2.616222000E-5
1.419440000E+9	3.106449000E-5
1.419443333E+9	2.646839000E-5
1.419446667E+9	2.702404000E-5
1.419450000E+9	3.231670000E-5
1.419453333E+9	2.852208000E-5
1.419456667E+9	2.630956000E-5
1.419460000E+9	2.547323000E-5
1.419463333E+9	2.549926000E-5
1.419466667E+9	2.564838000E-5
1.419470000E+9	2.609296000E-5
1.419473333E+9	2.602570000E-5
1.419476667E+9	2.504050000E-5
1.419480000E+9	2.517072000E-5
1.419483333E+9	2.552805000E-5
1.419486667E+9	2.558785000E-5
1.419490000E+9	2.622085000E-5
1.419493333E+9	2.613864000E-5
1.419496667E+9	2.520827000E-5
1.419500000E+9	2.550511000E-5
1.419503333E+9	2.620137000E-5
1.419506667E+9	2.573258000E-5
1.419510000E+9	2.545260000E-5
1.419513333E+9	2.567481000E-5
1.419516667E+9	2.591259000E-5
1.419520000E+9	2.541571000E-5
1.419523333E+9	2.562387000E-5
1.419526667E+9	2.559204000E-5
1.419530000E+9	2.594063000E-5
1.419533333E+9	2.521616000E-5
1.419536667E+9	2.628245000E-5
1.419540000E+9	2.604957000E-5
1.419543333E+9	2.548702000E-5
1.419546667E+9	2.590744000E-5
1.419550000E+9	2.523153000E-5
1.419553333E+9	2.567117000E-5
1.419556667E+9	2.601524000E-5
1.419560000E+9	2.560744000E-5
1.419563333E+9	2.521937000E-5
1.419566667E+9	2.517434000E-5
1.419570000E+9	2.485560000E-5
1.419573333E+9	2.576673000E-5
1.419576667E+9	2.538874000E-5
1.419580000E+9	2.557912000E-5
1.419583333E+9	2.569622000E-5
1.419586667E+9	2.543522000E-5
1.419590000E+9	2.503371000E-5
1.419593333E+9	2.585013000E-5
1.419596667E+9	2.561352000E-5
1.419600000E+9	2.504388000E-5
1.419603333E+9	2.527201000E-5
1.419606667E+9	2.532423000E-5
1.419610000E+9	2.528908000E-5
1.419613333E+9	2.507437000E-5
1.419616667E+9	2.555711000E-5
1.419620000E+9	2.569667000E-5
1.419623333E+9	2.569046000E-5
1.419626667E+9	2.532429000E-5
1.419630000E+9	2.601873000E-5
1.419633333E+9	2.601504000E-5
1.419636667E+9	2.571561000E-5
1.419640000E+9	2.588213000E-5
1.419643333E+9	2.494262000E-5
1.419646667E+9	2.552816000E-5
1.419650000E+9	2.533655000E-5
1.419653333E+9	2.545416000E-5
1.419656667E+9	2.521107000E-5
1.419660000E+9	2.602901000E-5
1.419663333E+9	2.571959000E-5
1.419666667E+9	2.522635000E-5
1.419670000E+9	2.597514000E-5
1.419673333E+9	2.547323000E-5
1.419676667E+9	2.612407000E-5
1.419680000E+9	2.552665000E-5
1.419683333E+9	2.494522000E-5
1.419686667E+9	2.521962000E-5
1.419690000E+9	2.504539000E-5
1.419693333E+9	2.484837000E-5
1.419696667E+9	2.497885000E-5
1.419700000E+9	2.570764000E-5
1.419703333E+9	2.555829000E-5
1.419706667E+9	2.587418000E-5
1.419710000E+9	2.576116000E-5
1.419713333E+9	2.526572000E-5
1.419716667E+9	2.502582000E-5
1.419720000E+9	2.578017000E-5
1.419723333E+9	2.860873000E-5
1.419726667E+9	2.651452000E-5
1.419730000E+9	2.869587000E-5
1.419733333E+9	4.701293000E-5
1.419736667E+9	2.840363000E-5
1.419740000E+9	2.732935000E-5
1.419743333E+9	3.403780000E-5
1.419746667E+9	2.749455000E-5
1.419750000E+9	2.626263000E-5
1.419753333E+9	2.713592000E-5
1.419756667E+9	2.573905000E-5
1.419760000E+9	2.561942000E-5
1.419763333E+9	2.644466000E-5
1.419766667E+9	2.696737000E-5
1.419770000E+9	2.597876000E-5
1.419773333E+9	2.548000000E-5
1.419776667E+9	2.561734000E-5
1.419780000E+9	2.588188000E-5
1.419783333E+9	2.475712000E-5
1.419786667E+9	2.551480000E-5
1.419790000E+9	2.528214000E-5
1.419793333E+9	2.551992000E-5
1.419796667E+9	2.570908000E-5
1.419800000E+9	2.545279000E-5
1.419803333E+9	2.569873000E-5
1.419806667E+9	2.548848000E-5
1.419810000E+9	2.588242000E-5
1.419813333E+9	2.530669000E-5
1.419816667E+9	2.613437000E-5
1.419820000E+9	2.599982000E-5
1.419823333E+9	2.560800000E-5
1.419826667E+9	2.578094000E-5
1.419830000E+9	2.534270000E-5
1.419833333E+9	2.532704000E-5
1.419836667E+9	2.569142000E-5
1.419840000E+9	2.540985000E-5
1.419843333E+9	2.513426000E-5
1.419846667E+9	2.577364000E-5
1.419850000E+9	2.541657000E-5
1.419853333E+9	2.453609000E-5
1.419856667E+9	2.507288000E-5
1.419860000E+9	2.519170000E-5
1.419863333E+9	2.568186000E-5
1.419866667E+9	2.643195000E-5
1.419870000E+9	3.345950000E-5
1.419873333E+9	2.594903000E-5
1.419876667E+9	2.505686000E-5
1.419880000E+9	2.503794000E-5
1.419883333E+9	2.537625000E-5
1.419886667E+9	2.558614000E-5
1.419890000E+9	2.519375000E-5
1.419893333E+9	2.591233000E-5
1.419896667E+9	2.539253000E-5
1.419900000E+9	2.563456000E-5
1.419903333E+9	2.560533000E-5
1.419906667E+9	2.512725000E-5
1.419910000E+9	2.491990000E-5
1.419913333E+9	2.565855000E-5
1.419916667E+9	2.554639000E-5
1.419920000E+9	2.481983000E-5
1.419923333E+9	2.506501000E-5
1.419926667E+9	2.523190000E-5
1.419930000E+9	2.504355000E-5
1.419933333E+9	2.489808000E-5
1.419936667E+9	2.535729000E-5
1.419940000E+9	2.502585000E-5
1.419943333E+9	2.560463000E-5
1.419946667E+9	2.513879000E-5
1.419950000E+9	2.596930000E-5
1.419953333E+9	2.570863000E-5
1.419956667E+9	2.514782000E-5
1.419960000E+9	2.548663000E-5
1.419963333E+9	2.548753000E-5
1.419966667E+9	2.471521000E-5
1.419970000E+9	2.464414000E-5
1.419973333E+9	2.506828000E-5
1.419976667E+9	2.514472000E-5
1.419980000E+9	2.770452000E-5
1.419983333E+9	2.566838000E-5
1.419986667E+9	2.534629000E-5
1.419990000E+9	2.549984000E-5
1.419993333E+9	2.517370000E-5
1.419996667E+9	2.554931000E-5
1.420000000E+9	2.698772000E-5
1.420003333E+9	2.845429000E-5
1.420006667E+9	2.562527000E-5
1.420010000E+9	2.495144000E-5
1.420013333E+9	2.514265000E-5
1.420016667E+9	2.569732000E-5
1.420020000E+9	2.536311000E-5
1.420023333E+9	2.627720000E-5
1.420026667E+9	2.981052000E-5
1.420030000E+9	2.512985000E-5
1.420033333E+9	2.790313000E-5
1.420036667E+9	3.073055000E-5
1.420040000E+9	2.732644000E-5
1.420043333E+9	2.516638000E-5
1.420046667E+9	2.576840000E-5
1.420050000E+9	2.546308000E-5
1.420053333E+9	2.567819000E-5
1.420056667E+9	2.523057000E-5
1.420060000E+9	2.504471000E-5
1.420063333E+9	2.513034000E-5
1.420066667E+9	2.500761000E-5
1.420070000E+9	2.490746000E-5
1.420073333E+9	2.499059000E-5
1.420076667E+9	2.524960000E-5
1.420080000E+9	2.490806000E-5
1.420083333E+9	2.488116000E-5
1.420086667E+9	2.477787000E-5
1.420090000E+9	2.505571000E-5
1.420093333E+9	2.530594000E-5
1.420096667E+9	2.557808000E-5
1.420100000E+9	2.520238000E-5
1.420103333E+9	2.528747000E-5
1.420106667E+9	2.533758000E-5
1.420110000E+9	2.524952000E-5
1.420113333E+9	2.535074000E-5
1.420116667E+9	2.514271000E-5
1.420120000E+9	2.470127000E-5
1.420123333E+9	2.445156000E-5
1.420126667E+9	2.517392000E-5
1.420130000E+9	2.562263000E-5
1.420133333E+9	2.545539000E-5
1.420136667E+9	2.534729000E-5
1.420140000E+9	2.540251000E-5
1.420143333E+9	2.544855000E-5
1.420146667E+9	2.481920000E-5
1.420150000E+9	2.507263000E-5
1.420153333E+9	2.486112000E-5
1.420156667E+9	2.476688000E-5
1.420160000E+9	2.564706000E-5
1.420163333E+9	2.731870000E-5
1.420166667E+9	2.600585000E-5
1.420170000E+9	2.501670000E-5
1.420173333E+9	2.526078000E-5
1.420176667E+9	2.539462000E-5
1.420180000E+9	2.519892000E-5
1.420183333E+9	2.497737000E-5
1.420186667E+9	2.524969000E-5
1.420190000E+9	2.518282000E-5
1.420193333E+9	2.592445000E-5
1.420196667E+9	2.512188000E-5
1.420200000E+9	2.502041000E-5
1.420203333E+9	2.482759000E-5
1.420206667E+9	2.488775000E-5
1.420210000E+9	2.485064000E-5
1.420213333E+9	2.540313000E-5
1.420216667E+9	2.469622000E-5
1.420220000E+9	2.495051000E-5
1.420223333E+9	2.472830000E-5
1.420226667E+9	2.481778000E-5
1.420230000E+9	2.563464000E-5
1.420233333E+9	2.538676000E-5
1.420236667E+9	2.548526000E-5
1.420240000E+9	2.513780000E-5
1.420243333E+9	2.498264000E-5
1.420246667E+9	2.526139000E-5
1.420250000E+9	2.501959000E-5
1.420253333E+9	2.569633000E-5
1.420256667E+9	2.571942000E-5
1.420260000E+9	2.556755000E-5
1.420263333E+9	2.500487000E-5
1.420266667E+9	2.520111000E-5
1.420270000E+9	2.466368000E-5
1.420273333E+9	2.472827000E-5
1.420276667E+9	2.497992000E-5
1.420280000E+9	2.533285000E-5
1.420283333E+9	2.557395000E-5
1.420286667E+9	2.548540000E-5
1.420290000E+9	2.558077000E-5
1.420293333E+9	2.497419000E-5
1.420296667E+9	2.656756000E-5
1.420300000E+9	2.513498000E-5
1.420303333E+9	2.449251000E-5
1.420306667E+9	2.712187000E-5
1.420310000E+9	3.026072000E-5
1.420313333E+9	2.532337000E-5
1.420316667E+9	2.574273000E-5
1.420320000E+9	2.858861000E-5
1.420323333E+9	2.507742000E-5
1.420326667E+9	2.816439000E-5
1.420330000E+9	3.115747000E-5
1.420333333E+9	2.666493000E-5
1.420336667E+9	2.543003000E-5
1.420340000E+9	2.513556000E-5
1.420343333E+9	2.478897000E-5
1.420346667E+9	2.486267000E-5
1.420350000E+9	2.516030000E-5
1.420353333E+9	2.525923000E-5
1.420356667E+9	2.526416000E-5
1.420360000E+9	2.543360000E-5
1.420363333E+9	2.524556000E-5
1.420366667E+9	2.481901000E-5
1.420370000E+9	2.503049000E-5
1.420373333E+9	2.494303000E-5
1.420376667E+9	2.527545000E-5
1.420380000E+9	2.504034000E-5
1.420383333E+9	2.502670000E-5
1.420386667E+9	2.542126000E-5
1.420390000E+9	2.481697000E-5
1.420393333E+9	2.576470000E-5
1.420396667E+9	2.534440000E-5
1.420400000E+9	2.494988000E-5
1.420403333E+9	2.493192000E-5
1.420406667E+9	2.491654000E-5
1.420410000E+9	2.492540000E-5
1.420413333E+9	2.545171000E-5
1.420416667E+9	2.516417000E-5
1.420420000E+9	2.562848000E-5
1.420423333E+9	2.607836000E-5
1.420426667E+9	2.551962000E-5
1.420430000E+9	2.550379000E-5
1.420433333E+9	2.530347000E-5
1.420436667E+9	2.473807000E-5
1.420440000E+9	2.484139000E-5
1.420443333E+9	2.542645000E-5
1.420446667E+9	2.492529000E-5
1.420450000E+9	2.506622000E-5
1.420453333E+9	2.593191000E-5
1.420456667E+9	2.567165000E-5
1.420460000E+9	2.495407000E-5
1.420463333E+9	2.500487000E-5
1.420466667E+9	2.559533000E-5
1.420470000E+9	2.582054000E-5
1.420473333E+9	2.532827000E-5
1.420476667E+9	2.511013000E-5
1.420480000E+9	2.531008000E-5
1.420483333E+9	2.532126000E-5
1.420486667E+9	2.522433000E-5
1.420490000E+9	2.552648000E-5
1.420493333E+9	2.528400000E-5
1.420496667E+9	2.534061000E-5
1.420500000E+9	2.480645000E-5
1.420503333E+9	2.466717000E-5
1.420506667E+9	2.492154000E-5
1.420510000E+9	2.477107000E-5
1.420513333E+9	2.524982000E-5
1.420516667E+9	2.550634000E-5
1.420520000E+9	2.469519000E-5
1.420523333E+9	2.551390000E-5
1.420526667E+9	2.551547000E-5
1.420530000E+9	2.487286000E-5
1.420533333E+9	2.517489000E-5
1.420536667E+9	2.530792000E-5
1.420540000E+9	2.528284000E-5
1.420543333E+9	2.500028000E-5
1.420546667E+9	2.553290000E-5
1.420550000E+9	2.539019000E-5
1.420553333E+9	2.541925000E-5
1.420556667E+9	2.483076000E-5
1.420560000E+9	2.511038000E-5
1.420563333E+9	2.501961000E-5
1.420566667E+9	2.491908000E-5
1.420570000E+9	2.497112000E-5
1.420573333E+9	2.488002000E-5
1.420576667E+9	2.503800000E-5
1.420580000E+9	2.530730000E-5
1.420583333E+9	2.538458000E-5
1.420586667E+9	2.558324000E-5
1.420590000E+9	2.765951000E-5
1.420593333E+9	2.574863000E-5
1.420596667E+9	2.523491000E-5
1.420600000E+9	2.779892000E-5
1.420603333E+9	3.106108000E-5
1.420606667E+9	2.574719000E-5
1.420610000E+9	2.724082000E-5
1.420613333E+9	2.974990000E-5
1.420616667E+9	2.485653000E-5
1.420620000E+9	3.101817000E-5
1.420623333E+9	3.297596000E-5
1.420626667E+9	2.727248000E-5
1.420630000E+9	2.560084000E-5
1.420633333E+9	2.605483000E-5
1.420636667E+9	2.526172000E-5
1.420640000E+9	2.516008000E-5
1.420643333E+9	2.488392000E-5
1.420646667E+9	2.462366000E-5
1.420650000E+9	2.487922000E-5
1.420653333E+9	2.518509000E-5
1.420656667E+9	2.542467000E-5
1.420660000E+9	2.508177000E-5
1.420663333E+9	2.553111000E-5
1.420666667E+9	2.518150000E-5
1.420670000E+9	2.503704000E-5
1.420673333E+9	2.540279000E-5
1.420676667E+9	2.522159000E-5
1.420680000E+9	2.525163000E-5
1.420683333E+9	2.530625000E-5
1.420686667E+9	2.539359000E-5
1.420690000E+9	2.496032000E-5
1.420693333E+9	2.494996000E-5
1.420696667E+9	2.495492000E-5
1.420700000E+9	2.540564000E-5
1.420703333E+9	2.586895000E-5
1.420706667E+9	2.537893000E-5
1.420710000E+9	2.507316000E-5
1.420713333E+9	2.471215000E-5
1.420716667E+9	2.500012000E-5
1.420720000E+9	2.527612000E-5
1.420723333E+9	2.495421000E-5
1.420726667E+9	2.592454000E-5
1.420730000E+9	2.443704000E-5
1.420733333E+9	2.505788000E-5
1.420736667E+9	2.569520000E-5
1.420740000E+9	2.511123000E-5
1.420743333E+9	2.550589000E-5
1.420746667E+9	2.506237000E-5
1.420750000E+9	2.596277000E-5
1.420753333E+9	2.537049000E-5
1.420756667E+9	2.511688000E-5
1.420760000E+9	2.489442000E-5
1.420763333E+9	2.481887000E-5
1.420766667E+9	2.472381000E-5
1.420770000E+9	2.537790000E-5
1.420773333E+9	2.509577000E-5
1.420776667E+9	2.505860000E-5
1.420780000E+9	2.511892000E-5
1.420783333E+9	2.429245000E-5
1.420786667E+9	2.488444000E-5
1.420790000E+9	2.491739000E-5
1.420793333E+9	2.526494000E-5
1.420796667E+9	2.521162000E-5
1.420800000E+9	2.520017000E-5
1.420803333E+9	2.496284000E-5
1.420806667E+9	2.507412000E-5
1.420810000E+9	2.513956000E-5
1.420813333E+9	2.528645000E-5
1.420816667E+9	2.542319000E-5
1.420820000E+9	2.526480000E-5
1.420823333E+9	2.526685000E-5
1.420826667E+9	2.508668000E-5
1.420830000E+9	2.490535000E-5
1.420833333E+9	2.452416000E-5
1.420836667E+9	2.425759000E-5
1.420840000E+9	2.523322000E-5
1.420843333E+9	2.510268000E-5
1.420846667E+9	2.521143000E-5
1.420850000E+9	2.476854000E-5
1.420853333E+9	2.500783000E-5
1.420856667E+9	2.476889000E-5
1.420860000E+9	2.497246000E-5
1.420863333E+9	2.483905000E-5
1.420866667E+9	2.540650000E-5
1.420870000E+9	2.515654000E-5
1.420873333E+9	2.551626000E-5
1.420876667E+9	2.486546000E-5
1.420880000E+9	2.471652000E-5
1.420883333E+9	2.990825000E-5
1.420886667E+9	2.758984000E-5
1.420890000E+9	2.548420000E-5
1.420893333E+9	2.534048000E-5
1.420896667E+9	2.551270000E-5
1.420900000E+9	2.561728000E-5
1.420903333E+9	3.335840000E-5
1.420906667E+9	3.632399000E-5
1.420910000E+9	2.490568000E-5
1.420913333E+9	4.407586000E-5
1.420916667E+9	4.224848000E-5
1.420920000E+9	3.155660000E-5
1.420923333E+9	2.514729000E-5
1.420926667E+9	2.725572000E-5
1.420930000E+9	2.528192000E-5
1.420933333E+9	2.512003000E-5
1.420936667E+9	2.498481000E-5
1.420940000E+9	2.497381000E-5
1.420943333E+9	2.507715000E-5
1.420946667E+9	2.453913000E-5
1.420950000E+9	2.527332000E-5
1.420953333E+9	2.542213000E-5
1.420956667E+9	2.526339000E-5
1.420960000E+9	2.514898000E-5
1.420963333E+9	2.489248000E-5
1.420966667E+9	2.557387000E-5
1.420970000E+9	2.446453000E-5
1.420973333E+9	2.506124000E-5
1.420976667E+9	2.508979000E-5
1.420980000E+9	2.591734000E-5
1.420983333E+9	3.097601000E-5
1.420986667E+9	2.824292000E-5
1.420990000E+9	2.502332000E-5
1.420993333E+9	2.581328000E-5
1.420996667E+9	2.621130000E-5
1.421000000E+9	2.543271000E-5
1.421003333E+9	2.715145000E-5
1.421006667E+9	2.572391000E-5
1.421010000E+9	2.514732000E-5
1.421013333E+9	2.481868000E-5
1.421016667E+9	2.533082000E-5
1.421020000E+9	2.446161000E-5
1.421023333E+9	2.464606000E-5
1.421026667E+9	2.509894000E-5
1.421030000E+9	2.541339000E-5
1.421033333E+9	2.534796000E-5
1.421036667E+9	2.495394000E-5
1.421040000E+9	2.652326000E-5
1.421043333E+9	2.719035000E-5
1.421046667E+9	2.463120000E-5
1.421050000E+9	2.477876000E-5
1.421053333E+9	2.491952000E-5
1.421056667E+9	2.462090000E-5
1.421060000E+9	2.465710000E-5
1.421063333E+9	2.477678000E-5
1.421066667E+9	2.473166000E-5
1.421070000E+9	2.487753000E-5
1.421073333E+9	2.457804000E-5
1.421076667E+9	2.453170000E-5
1.421080000E+9	2.517047000E-5
1.421083333E+9	2.447420000E-5
1.421086667E+9	2.462369000E-5
1.421090000E+9	2.502486000E-5
1.421093333E+9	2.450677000E-5
1.421096667E+9	2.538063000E-5
1.421100000E+9	2.521830000E-5
1.421103333E+9	2.525581000E-5
1.421106667E+9	2.573597000E-5
1.421110000E+9	2.566590000E-5
1.421113333E+9	2.451317000E-5
1.421116667E+9	2.482083000E-5
1.421120000E+9	2.504784000E-5
1.421123333E+9	2.533450000E-5
1.421126667E+9	2.507646000E-5
1.421130000E+9	2.545084000E-5
1.421133333E+9	2.545140000E-5
1.421136667E+9	2.545542000E-5
1.421140000E+9	2.532115000E-5
1.421143333E+9	2.559819000E-5
1.421146667E+9	2.562781000E-5
1.421150000E+9	2.493293000E-5
1.421153333E+9	2.427962000E-5
1.421156667E+9	2.436439000E-5
1.421160000E+9	2.520553000E-5
1.421163333E+9	2.508108000E-5
1.421166667E+9	2.567535000E-5
1.421170000E+9	2.508064000E-5
1.421173333E+9	2.512461000E-5
1.421176667E+9	2.733511000E-5
1.421180000E+9	2.839942000E-5
1.421183333E+9	2.512662000E-5
1.421186667E+9	2.550396000E-5
1.421190000E+9	2.567450000E-5
1.421193333E+9	2.493107000E-5
1.421196667E+9	2.767512000E-5
1.421200000E+9	2.745506000E-5
1.421203333E+9	2.591375000E-5
1.421206667E+9	3.430338000E-5
1.421210000E+9	3.213342000E-5
1.421213333E+9	2.872528000E-5
1.421216667E+9	2.596182000E-5
1.421220000E+9	2.580869000E-5
1.421223333E+9	2.540165000E-5
1.421226667E+9	2.524531000E-5
1.421230000E+9	2.531161000E-5
1.421233333E+9	2.530806000E-5
1.421236667E+9	2.558361000E-5
1.421240000E+9	2.516284000E-5
1.421243333E+9	2.466457000E-5
1.421246667E+9	2.516649000E-5
1.421250000E+9	2.501003000E-5
1.421253333E+9	2.487076000E-5
1.421256667E+9	2.545562000E-5
1.421260000E+9	2.598002000E-5
1.421263333E+9	2.543718000E-5
1.421266667E+9	2.557485000E-5
1.421270000E+9	2.537589000E-5
1.421273333E+9	2.520006000E-5
1.421276667E+9	2.552861000E-5
1.421280000E+9	2.733460000E-5
1.421283333E+9	2.576520000E-5
1.421286667E+9	2.477651000E-5
1.421290000E+9	2.524065000E-5
1.421293333E+9	2.477142000E-5
1.421296667E+9	2.509453000E-5
1.421300000E+9	2.526705000E-5
1.421303333E+9	2.476117000E-5
1.421306667E+9	2.528714000E-5
1.421310000E+9	2.554417000E-5
1.421313333E+9	2.486044000E-5
1.421316667E+9	2.507778000E-5
1.421320000E+9	2.527099000E-5
1.421323333E+9	2.452308000E-5
1.421326667E+9	2.507762000E-5
1.421330000E+9	2.481021000E-5
1.421333333E+9	2.588677000E-5
1.421336667E+9	2.652652000E-5
1.421340000E+9	2.524231000E-5
1.421343333E+9	2.526646000E-5
1.421346667E+9	2.856118000E-5
1.421350000E+9	2.703084000E-5
1.421353333E+9	2.594291000E-5
1.421356667E+9	2.567926000E-5
1.421360000E+9	2.544824000E-5
1.421363333E+9	2.528464000E-5
1.421366667E+9	2.532913000E-5
1.421370000E+9	2.550830000E-5
1.421373333E+9	2.511046000E-5
1.421376667E+9	2.515066000E-5
1.421380000E+9	2.437918000E-5
1.421383333E+9	2.532334000E-5
1.421386667E+9	2.515069000E-5
1.421390000E+9	2.586509000E-5
1.421393333E+9	2.490303000E-5
1.421396667E+9	2.503110000E-5
1.421400000E+9	2.607696000E-5
