Frequency, Hz	Amplitude, Volts
1.419400000E+9	1.903218000E-5
1.419403333E+9	1.868928000E-5
1.419406667E+9	1.833627000E-5
1.419410000E+9	1.831755000E-5
1.419413333E+9	1.849085000E-5
1.419416667E+9	1.846149000E-5
1.419420000E+9	1.866810000E-5
1.419423333E+9	1.839660000E-5
1.419426667E+9	1.826784000E-5
1.419430000E+9	1.869729000E-5
1.419433333E+9	1.845162000E-5
1.419436667E+9	1.807360000E-5
1.419440000E+9	1.818589000E-5
1.419443333E+9	1.835399000E-5
1.419446667E+9	1.960246000E-5
1.419450000E+9	1.960427000E-5
1.419453333E+9	2.044667000E-5
1.419456667E+9	1.927871000E-5
1.419460000E+9	1.846948000E-5
1.419463333E+9	1.814305000E-5
1.419466667E+9	1.867441000E-5
1.419470000E+9	1.867732000E-5
1.419473333E+9	1.828275000E-5
1.419476667E+9	1.835681000E-5
1.419480000E+9	1.865173000E-5
1.419483333E+9	1.824327000E-5
1.419486667E+9	1.828891000E-5
1.419490000E+9	1.890526000E-5
1.419493333E+9	1.951281000E-5
1.419496667E+9	1.922312000E-5
1.419500000E+9	1.831218000E-5
1.419503333E+9	1.831906000E-5
1.419506667E+9	1.819370000E-5
1.419510000E+9	1.799069000E-5
1.419513333E+9	1.807813000E-5
1.419516667E+9	1.828811000E-5
1.419520000E+9	1.824605000E-5
1.419523333E+9	1.835049000E-5
1.419526667E+9	1.801211000E-5
1.419530000E+9	1.850488000E-5
1.419533333E+9	1.844389000E-5
1.419536667E+9	1.858892000E-5
1.419540000E+9	1.909910000E-5
1.419543333E+9	1.837089000E-5
1.419546667E+9	1.847301000E-5
1.419550000E+9	1.802177000E-5
1.419553333E+9	1.790021000E-5
1.419556667E+9	1.798861000E-5
1.419560000E+9	1.825277000E-5
1.419563333E+9	1.834039000E-5
1.419566667E+9	1.844459000E-5
1.419570000E+9	1.837454000E-5
1.419573333E+9	1.802335000E-5
1.419576667E+9	1.811586000E-5
1.419580000E+9	1.831136000E-5
1.419583333E+9	1.857984000E-5
1.419586667E+9	1.965609000E-5
1.419590000E+9	1.853571000E-5
1.419593333E+9	1.811413000E-5
1.419596667E+9	1.796572000E-5
1.419600000E+9	1.820863000E-5
1.419603333E+9	1.806468000E-5
1.419606667E+9	1.827003000E-5
1.419610000E+9	1.861862000E-5
1.419613333E+9	1.818667000E-5
1.419616667E+9	1.799687000E-5
1.419620000E+9	1.818256000E-5
1.419623333E+9	1.836623000E-5
1.419626667E+9	1.823059000E-5
1.419630000E+9	1.817661000E-5
1.419633333E+9	1.900312000E-5
1.419636667E+9	1.811849000E-5
1.419640000E+9	1.820985000E-5
1.419643333E+9	1.809950000E-5
1.419646667E+9	1.823195000E-5
1.419650000E+9	1.814226000E-5
1.419653333E+9	1.798002000E-5
1.419656667E+9	1.848579000E-5
1.419660000E+9	1.800385000E-5
1.419663333E+9	1.814841000E-5
1.419666667E+9	1.785746000E-5
1.419670000E+9	1.827103000E-5
1.419673333E+9	1.816807000E-5
1.419676667E+9	1.850289000E-5
1.419680000E+9	1.888010000E-5
1.419683333E+9	1.818383000E-5
1.419686667E+9	1.767862000E-5
1.419690000E+9	1.807112000E-5
1.419693333E+9	1.817565000E-5
1.419696667E+9	1.847834000E-5
1.419700000E+9	1.819906000E-5
1.419703333E+9	1.840288000E-5
1.419706667E+9	1.850791000E-5
1.419710000E+9	1.843627000E-5
1.419713333E+9	1.775786000E-5
1.419716667E+9	1.799666000E-5
1.419720000E+9	1.780925000E-5
1.419723333E+9	1.889331000E-5
1.419726667E+9	1.911066000E-5
1.419730000E+9	1.842682000E-5
1.419733333E+9	1.933986000E-5
1.419736667E+9	1.816358000E-5
1.419740000E+9	1.828669000E-5
1.419743333E+9	1.870470000E-5
1.419746667E+9	2.069696000E-5
1.419750000E+9	1.914918000E-5
1.419753333E+9	1.824667000E-5
1.419756667E+9	1.782177000E-5
1.419760000E+9	1.822027000E-5
1.419763333E+9	1.759462000E-5
1.419766667E+9	1.842591000E-5
1.419770000E+9	1.885065000E-5
1.419773333E+9	1.864302000E-5
1.419776667E+9	1.856873000E-5
1.419780000E+9	1.806581000E-5
1.419783333E+9	1.824908000E-5
1.419786667E+9	1.789699000E-5
1.419790000E+9	1.779776000E-5
1.419793333E+9	1.824291000E-5
1.419796667E+9	1.827757000E-5
1.419800000E+9	1.814427000E-5
1.419803333E+9	1.763117000E-5
1.419806667E+9	1.782347000E-5
1.419810000E+9	1.795298000E-5
1.419813333E+9	1.780288000E-5
1.419816667E+9	1.813198000E-5
1.419820000E+9	1.933302000E-5
1.419823333E+9	1.830099000E-5
1.419826667E+9	1.794021000E-5
1.419830000E+9	1.796775000E-5
1.419833333E+9	1.799875000E-5
1.419836667E+9	1.809139000E-5
1.419840000E+9	1.827350000E-5
1.419843333E+9	1.808560000E-5
1.419846667E+9	1.793619000E-5
1.419850000E+9	1.830977000E-5
1.419853333E+9	1.849172000E-5
1.419856667E+9	1.832409000E-5
1.419860000E+9	1.805524000E-5
1.419863333E+9	1.834579000E-5
1.419866667E+9	1.880403000E-5
1.419870000E+9	1.930424000E-5
1.419873333E+9	1.812647000E-5
1.419876667E+9	1.791962000E-5
1.419880000E+9	1.807976000E-5
1.419883333E+9	1.854008000E-5
1.419886667E+9	1.818440000E-5
1.419890000E+9	1.868452000E-5
1.419893333E+9	1.811230000E-5
1.419896667E+9	1.795927000E-5
1.419900000E+9	1.816685000E-5
1.419903333E+9	1.781660000E-5
1.419906667E+9	1.776714000E-5
1.419910000E+9	1.833858000E-5
1.419913333E+9	1.894491000E-5
1.419916667E+9	1.848535000E-5
1.419920000E+9	1.798324000E-5
1.419923333E+9	1.779729000E-5
1.419926667E+9	1.765358000E-5
1.419930000E+9	1.790007000E-5
1.419933333E+9	1.781214000E-5
1.419936667E+9	1.801840000E-5
1.419940000E+9	1.779211000E-5
1.419943333E+9	1.817809000E-5
1.419946667E+9	1.818276000E-5
1.419950000E+9	1.800658000E-5
1.419953333E+9	1.810892000E-5
1.419956667E+9	1.810578000E-5
1.419960000E+9	1.887894000E-5
1.419963333E+9	1.827388000E-5
1.419966667E+9	1.787040000E-5
1.419970000E+9	1.772216000E-5
1.419973333E+9	1.817661000E-5
1.419976667E+9	1.795580000E-5
1.419980000E+9	1.822455000E-5
1.419983333E+9	1.842818000E-5
1.419986667E+9	1.787882000E-5
1.419990000E+9	1.794782000E-5
1.419993333E+9	1.761550000E-5
1.419996667E+9	1.802183000E-5
1.420000000E+9	1.993675000E-5
1.420003333E+9	2.295902000E-5
1.420006667E+9	1.889404000E-5
1.420010000E+9	1.797742000E-5
1.420013333E+9	1.768439000E-5
1.420016667E+9	1.842083000E-5
1.420020000E+9	1.836272000E-5
1.420023333E+9	1.816408000E-5
1.420026667E+9	1.785879000E-5
1.420030000E+9	1.773660000E-5
1.420033333E+9	1.831520000E-5
1.420036667E+9	1.848841000E-5
1.420040000E+9	1.970695000E-5
1.420043333E+9	1.789630000E-5
1.420046667E+9	1.759074000E-5
1.420050000E+9	1.816813000E-5
1.420053333E+9	1.884299000E-5
1.420056667E+9	1.807686000E-5
1.420060000E+9	1.798322000E-5
1.420063333E+9	1.761331000E-5
1.420066667E+9	1.774289000E-5
1.420070000E+9	1.777559000E-5
1.420073333E+9	1.775333000E-5
1.420076667E+9	1.821803000E-5
1.420080000E+9	1.792326000E-5
1.420083333E+9	1.787175000E-5
1.420086667E+9	1.785781000E-5
1.420090000E+9	1.768317000E-5
1.420093333E+9	1.762236000E-5
1.420096667E+9	1.795736000E-5
1.420100000E+9	1.858051000E-5
1.420103333E+9	1.768606000E-5
1.420106667E+9	1.796361000E-5
1.420110000E+9	1.802390000E-5
1.420113333E+9	1.761354000E-5
1.420116667E+9	1.790377000E-5
1.420120000E+9	1.765645000E-5
1.420123333E+9	1.788292000E-5
1.420126667E+9	1.795809000E-5
1.420130000E+9	1.770772000E-5
1.420133333E+9	1.753351000E-5
1.420136667E+9	1.751496000E-5
1.420140000E+9	1.778053000E-5
1.420143333E+9	1.793659000E-5
1.420146667E+9	1.844731000E-5
1.420150000E+9	1.803065000E-5
1.420153333E+9	1.780256000E-5
1.420156667E+9	1.779451000E-5
1.420160000E+9	1.778172000E-5
1.420163333E+9	1.825764000E-5
1.420166667E+9	1.822675000E-5
1.420170000E+9	1.792521000E-5
1.420173333E+9	1.773808000E-5
1.420176667E+9	1.789538000E-5
1.420180000E+9	1.778637000E-5
1.420183333E+9	1.765682000E-5
1.420186667E+9	1.775817000E-5
1.420190000E+9	1.819544000E-5
1.420193333E+9	1.829155000E-5
1.420196667E+9	1.782195000E-5
1.420200000E+9	1.756839000E-5
1.420203333E+9	1.760983000E-5
1.420206667E+9	1.783134000E-5
1.420210000E+9	1.780161000E-5
1.420213333E+9	1.792206000E-5
1.420216667E+9	1.818282000E-5
1.420220000E+9	1.756409000E-5
1.420223333E+9	1.790723000E-5
1.420226667E+9	1.780495000E-5
1.420230000E+9	1.744839000E-5
1.420233333E+9	1.770265000E-5
1.420236667E+9	1.802956000E-5
1.420240000E+9	1.852305000E-5
1.420243333E+9	1.817174000E-5
1.420246667E+9	1.758375000E-5
1.420250000E+9	1.788766000E-5
1.420253333E+9	1.801898000E-5
1.420256667E+9	1.787660000E-5
1.420260000E+9	1.805718000E-5
1.420263333E+9	1.810807000E-5
1.420266667E+9	1.830881000E-5
1.420270000E+9	1.791354000E-5
1.420273333E+9	1.805807000E-5
1.420276667E+9	1.828771000E-5
1.420280000E+9	1.781574000E-5
1.420283333E+9	1.847500000E-5
1.420286667E+9	1.872165000E-5
1.420290000E+9	1.841006000E-5
1.420293333E+9	1.865312000E-5
1.420296667E+9	1.877498000E-5
1.420300000E+9	1.833979000E-5
1.420303333E+9	1.857878000E-5
1.420306667E+9	1.926521000E-5
1.420310000E+9	1.961095000E-5
1.420313333E+9	1.884595000E-5
1.420316667E+9	1.863132000E-5
1.420320000E+9	1.859603000E-5
1.420323333E+9	1.874433000E-5
1.420326667E+9	1.900067000E-5
1.420330000E+9	1.939135000E-5
1.420333333E+9	2.110627000E-5
1.420336667E+9	1.966196000E-5
1.420340000E+9	1.913821000E-5
1.420343333E+9	1.915536000E-5
1.420346667E+9	1.929915000E-5
1.420350000E+9	1.905612000E-5
1.420353333E+9	1.914517000E-5
1.420356667E+9	1.871181000E-5
1.420360000E+9	1.922213000E-5
1.420363333E+9	1.907046000E-5
1.420366667E+9	1.931339000E-5
1.420370000E+9	1.890640000E-5
1.420373333E+9	1.919060000E-5
1.420376667E+9	1.943136000E-5
1.420380000E+9	1.974540000E-5
1.420383333E+9	1.945747000E-5
1.420386667E+9	1.896410000E-5
1.420390000E+9	1.949363000E-5
1.420393333E+9	1.925540000E-5
1.420396667E+9	1.910143000E-5
1.420400000E+9	1.895848000E-5
1.420403333E+9	1.921943000E-5
1.420406667E+9	1.941304000E-5
1.420410000E+9	1.920011000E-5
1.420413333E+9	1.903640000E-5
1.420416667E+9	1.920015000E-5
1.420420000E+9	1.927878000E-5
1.420423333E+9	1.943524000E-5
1.420426667E+9	2.011275000E-5
1.420430000E+9	1.993619000E-5
1.420433333E+9	1.950889000E-5
1.420436667E+9	1.943827000E-5
1.420440000E+9	1.938258000E-5
1.420443333E+9	1.937399000E-5
1.420446667E+9	1.902662000E-5
1.420450000E+9	1.917923000E-5
1.420453333E+9	1.931253000E-5
1.420456667E+9	1.942637000E-5
1.420460000E+9	1.867765000E-5
1.420463333E+9	1.872590000E-5
1.420466667E+9	1.884380000E-5
1.420470000E+9	1.929430000E-5
1.420473333E+9	1.912706000E-5
1.420476667E+9	1.874154000E-5
1.420480000E+9	1.872042000E-5
1.420483333E+9	1.837595000E-5
1.420486667E+9	1.844172000E-5
1.420490000E+9	1.852753000E-5
1.420493333E+9	1.851915000E-5
1.420496667E+9	1.861852000E-5
1.420500000E+9	1.819378000E-5
1.420503333E+9	1.816416000E-5
1.420506667E+9	1.820061000E-5
1.420510000E+9	1.795844000E-5
1.420513333E+9	1.778151000E-5
1.420516667E+9	1.818483000E-5
1.420520000E+9	1.882270000E-5
1.420523333E+9	1.841170000E-5
1.420526667E+9	1.816819000E-5
1.420530000E+9	1.798178000E-5
1.420533333E+9	1.768625000E-5
1.420536667E+9	1.795718000E-5
1.420540000E+9	1.799907000E-5
1.420543333E+9	1.805425000E-5
1.420546667E+9	1.783110000E-5
1.420550000E+9	1.793801000E-5
1.420553333E+9	1.758174000E-5
1.420556667E+9	1.780663000E-5
1.420560000E+9	1.769682000E-5
1.420563333E+9	1.778020000E-5
1.420566667E+9	1.822745000E-5
1.420570000E+9	1.765366000E-5
1.420573333E+9	1.768470000E-5
1.420576667E+9	1.771227000E-5
1.420580000E+9	1.814985000E-5
1.420583333E+9	1.764108000E-5
1.420586667E+9	1.800339000E-5
1.420590000E+9	2.007613000E-5
1.420593333E+9	1.840909000E-5
1.420596667E+9	1.754903000E-5
1.420600000E+9	1.798522000E-5
1.420603333E+9	1.900639000E-5
1.420606667E+9	1.764403000E-5
1.420610000E+9	1.780086000E-5
1.420613333E+9	1.834704000E-5
1.420616667E+9	1.766333000E-5
1.420620000E+9	1.826088000E-5
1.420623333E+9	1.865566000E-5
1.420626667E+9	2.038080000E-5
1.420630000E+9	1.761820000E-5
1.420633333E+9	1.746304000E-5
1.420636667E+9	1.764002000E-5
1.420640000E+9	1.772307000E-5
1.420643333E+9	1.760875000E-5
1.420646667E+9	1.761567000E-5
1.420650000E+9	1.739575000E-5
1.420653333E+9	1.752704000E-5
1.420656667E+9	1.754857000E-5
1.420660000E+9	1.800450000E-5
1.420663333E+9	1.802824000E-5
1.420666667E+9	1.794443000E-5
1.420670000E+9	1.768113000E-5
1.420673333E+9	1.759847000E-5
1.420676667E+9	1.762823000E-5
1.420680000E+9	1.733697000E-5
1.420683333E+9	1.750573000E-5
1.420686667E+9	1.749343000E-5
1.420690000E+9	1.759570000E-5
1.420693333E+9	1.760279000E-5
1.420696667E+9	1.772973000E-5
1.420700000E+9	1.778549000E-5
1.420703333E+9	1.732119000E-5
1.420706667E+9	1.790572000E-5
1.420710000E+9	1.762279000E-5
1.420713333E+9	1.703450000E-5
1.420716667E+9	1.736537000E-5
1.420720000E+9	1.752267000E-5
1.420723333E+9	1.725682000E-5
1.420726667E+9	1.758912000E-5
1.420730000E+9	1.732631000E-5
1.420733333E+9	1.728571000E-5
1.420736667E+9	1.733065000E-5
1.420740000E+9	1.741450000E-5
1.420743333E+9	1.789102000E-5
1.420746667E+9	1.770475000E-5
1.420750000E+9	1.772488000E-5
1.420753333E+9	1.770671000E-5
1.420756667E+9	1.759242000E-5
1.420760000E+9	1.747270000E-5
1.420763333E+9	1.726719000E-5
1.420766667E+9	1.737086000E-5
1.420770000E+9	1.758842000E-5
1.420773333E+9	1.782825000E-5
1.420776667E+9	1.724330000E-5
1.420780000E+9	1.745202000E-5
1.420783333E+9	1.725474000E-5
1.420786667E+9	1.774316000E-5
1.420790000E+9	1.757529000E-5
1.420793333E+9	1.767742000E-5
1.420796667E+9	1.796392000E-5
1.420800000E+9	1.785507000E-5
1.420803333E+9	1.776012000E-5
1.420806667E+9	1.727023000E-5
1.420810000E+9	1.758510000E-5
1.420813333E+9	1.761397000E-5
1.420816667E+9	1.752635000E-5
1.420820000E+9	1.769664000E-5
1.420823333E+9	1.758641000E-5
1.420826667E+9	1.736493000E-5
1.420830000E+9	1.739241000E-5
1.420833333E+9	1.744644000E-5
1.420836667E+9	1.693352000E-5
1.420840000E+9	1.741874000E-5
1.420843333E+9	1.768685000E-5
1.420846667E+9	1.763262000E-5
1.420850000E+9	1.721256000E-5
1.420853333E+9	1.727220000E-5
1.420856667E+9	1.737502000E-5
1.420860000E+9	1.756605000E-5
1.420863333E+9	1.744148000E-5
1.420866667E+9	1.769064000E-5
1.420870000E+9	1.747226000E-5
1.420873333E+9	1.748360000E-5
1.420876667E+9	1.735719000E-5
1.420880000E+9	1.737756000E-5
1.420883333E+9	2.034451000E-5
1.420886667E+9	1.965501000E-5
1.420890000E+9	1.757389000E-5
1.420893333E+9	1.799938000E-5
1.420896667E+9	1.831389000E-5
1.420900000E+9	1.795075000E-5
1.420903333E+9	1.788261000E-5
1.420906667E+9	1.758579000E-5
1.420910000E+9	1.737109000E-5
1.420913333E+9	1.926411000E-5
1.420916667E+9	2.017222000E-5
1.420920000E+9	2.357040000E-5
1.420923333E+9	1.777046000E-5
1.420926667E+9	1.838592000E-5
1.420930000E+9	1.789907000E-5
1.420933333E+9	1.752065000E-5
1.420936667E+9	1.778748000E-5
1.420940000E+9	1.781629000E-5
1.420943333E+9	1.739667000E-5
1.420946667E+9	1.763769000E-5
1.420950000E+9	1.744315000E-5
1.420953333E+9	1.731665000E-5
1.420956667E+9	1.739967000E-5
1.420960000E+9	1.761435000E-5
1.420963333E+9	1.777969000E-5
1.420966667E+9	1.739035000E-5
1.420970000E+9	1.735540000E-5
1.420973333E+9	1.752408000E-5
1.420976667E+9	1.699083000E-5
1.420980000E+9	1.740542000E-5
1.420983333E+9	1.772161000E-5
1.420986667E+9	1.796961000E-5
1.420990000E+9	1.767393000E-5
1.420993333E+9	1.753851000E-5
1.420996667E+9	1.753872000E-5
1.421000000E+9	1.733025000E-5
1.421003333E+9	1.738725000E-5
1.421006667E+9	1.728981000E-5
1.421010000E+9	1.752258000E-5
1.421013333E+9	1.736768000E-5
1.421016667E+9	1.756758000E-5
1.421020000E+9	1.740964000E-5
1.421023333E+9	1.738407000E-5
1.421026667E+9	1.745512000E-5
1.421030000E+9	1.765317000E-5
1.421033333E+9	1.799537000E-5
1.421036667E+9	1.750404000E-5
1.421040000E+9	1.774780000E-5
1.421043333E+9	1.770197000E-5
1.421046667E+9	1.726894000E-5
1.421050000E+9	1.754537000E-5
1.421053333E+9	1.710773000E-5
1.421056667E+9	1.719645000E-5
1.421060000E+9	1.751956000E-5
1.421063333E+9	1.811582000E-5
1.421066667E+9	1.739613000E-5
1.421070000E+9	1.721876000E-5
1.421073333E+9	1.730424000E-5
1.421076667E+9	1.749543000E-5
1.421080000E+9	1.766940000E-5
1.421083333E+9	1.739915000E-5
1.421086667E+9	1.727764000E-5
1.421090000E+9	1.759899000E-5
1.421093333E+9	1.735531000E-5
1.421096667E+9	1.752083000E-5
1.421100000E+9	1.758348000E-5
1.421103333E+9	1.748017000E-5
1.421106667E+9	1.768666000E-5
1.421110000E+9	1.732681000E-5
1.421113333E+9	1.740616000E-5
1.421116667E+9	1.774092000E-5
1.421120000E+9	1.709600000E-5
1.421123333E+9	1.759742000E-5
1.421126667E+9	1.767773000E-5
1.421130000E+9	1.769853000E-5
1.421133333E+9	1.744428000E-5
1.421136667E+9	1.735426000E-5
1.421140000E+9	1.736938000E-5
1.421143333E+9	1.750761000E-5
1.421146667E+9	1.794301000E-5
1.421150000E+9	1.779783000E-5
1.421153333E+9	1.753636000E-5
1.421156667E+9	1.733889000E-5
1.421160000E+9	1.710153000E-5
1.421163333E+9	1.692603000E-5
1.421166667E+9	1.751506000E-5
1.421170000E+9	1.755412000E-5
1.421173333E+9	1.774977000E-5
1.421176667E+9	1.861832000E-5
1.421180000E+9	1.993546000E-5
1.421183333E+9	1.770757000E-5
1.421186667E+9	1.727303000E-5
1.421190000E+9	1.745336000E-5
1.421193333E+9	1.746189000E-5
1.421196667E+9	1.780530000E-5
1.421200000E+9	1.764932000E-5
1.421203333E+9	1.735535000E-5
1.421206667E+9	1.734742000E-5
1.421210000E+9	1.859190000E-5
1.421213333E+9	1.967604000E-5
1.421216667E+9	1.786571000E-5
1.421220000E+9	1.786357000E-5
1.421223333E+9	1.761333000E-5
1.421226667E+9	1.745043000E-5
1.421230000E+9	1.719418000E-5
1.421233333E+9	1.731262000E-5
1.421236667E+9	1.764453000E-5
1.421240000E+9	1.744755000E-5
1.421243333E+9	1.734157000E-5
1.421246667E+9	1.736850000E-5
1.421250000E+9	1.708909000E-5
1.421253333E+9	1.718505000E-5
1.421256667E+9	1.707690000E-5
1.421260000E+9	1.730711000E-5
1.421263333E+9	1.855772000E-5
1.421266667E+9	1.977184000E-5
1.421270000E+9	1.757105000E-5
1.421273333E+9	1.703351000E-5
1.421276667E+9	1.717319000E-5
1.421280000E+9	1.745175000E-5
1.421283333E+9	1.752874000E-5
1.421286667E+9	1.761724000E-5
1.421290000E+9	1.771301000E-5
1.421293333E+9	1.703065000E-5
1.421296667E+9	1.741242000E-5
1.421300000E+9	1.715116000E-5
1.421303333E+9	1.741291000E-5
1.421306667E+9	1.779899000E-5
1.421310000E+9	1.785101000E-5
1.421313333E+9	1.741203000E-5
1.421316667E+9	1.705009000E-5
1.421320000E+9	1.743792000E-5
1.421323333E+9	1.752202000E-5
1.421326667E+9	1.756202000E-5
1.421330000E+9	1.871014000E-5
1.421333333E+9	2.352600000E-5
1.421336667E+9	1.851964000E-5
1.421340000E+9	1.723158000E-5
1.421343333E+9	1.734142000E-5
1.421346667E+9	1.756403000E-5
1.421350000E+9	1.725679000E-5
1.421353333E+9	1.768860000E-5
1.421356667E+9	1.768800000E-5
1.421360000E+9	1.764449000E-5
1.421363333E+9	1.721971000E-5
1.421366667E+9	1.779901000E-5
1.421370000E+9	1.759831000E-5
1.421373333E+9	1.787395000E-5
1.421376667E+9	1.797785000E-5
1.421380000E+9	1.748560000E-5
1.421383333E+9	1.730213000E-5
1.421386667E+9	1.723306000E-5
1.421390000E+9	1.749224000E-5
1.421393333E+9	1.729748000E-5
1.421396667E+9	1.740005000E-5
1.421400000E+9	2.140212000E-5
