Frequency, Hz	Amplitude, Volts
1.419400000E+9	1.619561000E-5
1.419403333E+9	1.645002000E-5
1.419406667E+9	1.629995000E-5
1.419410000E+9	1.633288000E-5
1.419413333E+9	1.714741000E-5
1.419416667E+9	1.647860000E-5
1.419420000E+9	1.609662000E-5
1.419423333E+9	1.619861000E-5
1.419426667E+9	1.619106000E-5
1.419430000E+9	1.638336000E-5
1.419433333E+9	1.612568000E-5
1.419436667E+9	1.639785000E-5
1.419440000E+9	1.752835000E-5
1.419443333E+9	1.659693000E-5
1.419446667E+9	1.671346000E-5
1.419450000E+9	2.015564000E-5
1.419453333E+9	1.725065000E-5
1.419456667E+9	1.647945000E-5
1.419460000E+9	1.631250000E-5
1.419463333E+9	1.667482000E-5
1.419466667E+9	1.643911000E-5
1.419470000E+9	1.598548000E-5
1.419473333E+9	1.613163000E-5
1.419476667E+9	1.593836000E-5
1.419480000E+9	1.606538000E-5
1.419483333E+9	1.605447000E-5
1.419486667E+9	1.641747000E-5
1.419490000E+9	1.643580000E-5
1.419493333E+9	1.639512000E-5
1.419496667E+9	1.650738000E-5
1.419500000E+9	1.613526000E-5
1.419503333E+9	1.616951000E-5
1.419506667E+9	1.625875000E-5
1.419510000E+9	1.641857000E-5
1.419513333E+9	1.616058000E-5
1.419516667E+9	1.624098000E-5
1.419520000E+9	1.630647000E-5
1.419523333E+9	1.633935000E-5
1.419526667E+9	1.604670000E-5
1.419530000E+9	1.612803000E-5
1.419533333E+9	1.633885000E-5
1.419536667E+9	1.617876000E-5
1.419540000E+9	1.641736000E-5
1.419543333E+9	1.605517000E-5
1.419546667E+9	1.599732000E-5
1.419550000E+9	1.598701000E-5
1.419553333E+9	1.597441000E-5
1.419556667E+9	1.606600000E-5
1.419560000E+9	1.617222000E-5
1.419563333E+9	1.626805000E-5
1.419566667E+9	1.619634000E-5
1.419570000E+9	1.595746000E-5
1.419573333E+9	1.635698000E-5
1.419576667E+9	1.633265000E-5
1.419580000E+9	1.646628000E-5
1.419583333E+9	1.639132000E-5
1.419586667E+9	1.624119000E-5
1.419590000E+9	1.584029000E-5
1.419593333E+9	1.593022000E-5
1.419596667E+9	1.602260000E-5
1.419600000E+9	1.643477000E-5
1.419603333E+9	1.654666000E-5
1.419606667E+9	1.623260000E-5
1.419610000E+9	1.620258000E-5
1.419613333E+9	1.596743000E-5
1.419616667E+9	1.642928000E-5
1.419620000E+9	1.659522000E-5
1.419623333E+9	1.618182000E-5
1.419626667E+9	1.643527000E-5
1.419630000E+9	1.620881000E-5
1.419633333E+9	1.609888000E-5
1.419636667E+9	1.629380000E-5
1.419640000E+9	1.617244000E-5
1.419643333E+9	1.626777000E-5
1.419646667E+9	1.641862000E-5
1.419650000E+9	1.617398000E-5
1.419653333E+9	1.628398000E-5
1.419656667E+9	1.585742000E-5
1.419660000E+9	1.607669000E-5
1.419663333E+9	1.602903000E-5
1.419666667E+9	1.641010000E-5
1.419670000E+9	1.597366000E-5
1.419673333E+9	1.612018000E-5
1.419676667E+9	1.611004000E-5
1.419680000E+9	1.604199000E-5
1.419683333E+9	1.601109000E-5
1.419686667E+9	1.599452000E-5
1.419690000E+9	1.635157000E-5
1.419693333E+9	1.614749000E-5
1.419696667E+9	1.646001000E-5
1.419700000E+9	1.633277000E-5
1.419703333E+9	1.594361000E-5
1.419706667E+9	1.663457000E-5
1.419710000E+9	1.630217000E-5
1.419713333E+9	1.656648000E-5
1.419716667E+9	1.633582000E-5
1.419720000E+9	1.625518000E-5
1.419723333E+9	1.623285000E-5
1.419726667E+9	1.628897000E-5
1.419730000E+9	1.640061000E-5
1.419733333E+9	1.928411000E-5
1.419736667E+9	1.714429000E-5
1.419740000E+9	1.705445000E-5
1.419743333E+9	2.015998000E-5
1.419746667E+9	1.730929000E-5
1.419750000E+9	1.693453000E-5
1.419753333E+9	1.609252000E-5
1.419756667E+9	1.634387000E-5
1.419760000E+9	1.645488000E-5
1.419763333E+9	1.630015000E-5
1.419766667E+9	1.638031000E-5
1.419770000E+9	1.596584000E-5
1.419773333E+9	1.588411000E-5
1.419776667E+9	1.629503000E-5
1.419780000E+9	1.682849000E-5
1.419783333E+9	1.617137000E-5
1.419786667E+9	1.606272000E-5
1.419790000E+9	1.626864000E-5
1.419793333E+9	1.614880000E-5
1.419796667E+9	1.607980000E-5
1.419800000E+9	1.637139000E-5
1.419803333E+9	1.614529000E-5
1.419806667E+9	1.592171000E-5
1.419810000E+9	1.640313000E-5
1.419813333E+9	1.631087000E-5
1.419816667E+9	1.611451000E-5
1.419820000E+9	1.584670000E-5
1.419823333E+9	1.616243000E-5
1.419826667E+9	1.595101000E-5
1.419830000E+9	1.606207000E-5
1.419833333E+9	1.614380000E-5
1.419836667E+9	1.603354000E-5
1.419840000E+9	1.616001000E-5
1.419843333E+9	1.610008000E-5
1.419846667E+9	1.628371000E-5
1.419850000E+9	1.602750000E-5
1.419853333E+9	1.626427000E-5
1.419856667E+9	1.640774000E-5
1.419860000E+9	1.646688000E-5
1.419863333E+9	1.627129000E-5
1.419866667E+9	1.582213000E-5
1.419870000E+9	1.615299000E-5
1.419873333E+9	1.615434000E-5
1.419876667E+9	1.617919000E-5
1.419880000E+9	1.619666000E-5
1.419883333E+9	1.615384000E-5
1.419886667E+9	1.615886000E-5
1.419890000E+9	1.586094000E-5
1.419893333E+9	1.588788000E-5
1.419896667E+9	1.658546000E-5
1.419900000E+9	1.651278000E-5
1.419903333E+9	1.609119000E-5
1.419906667E+9	1.577067000E-5
1.419910000E+9	1.567445000E-5
1.419913333E+9	1.581854000E-5
1.419916667E+9	1.607938000E-5
1.419920000E+9	1.625017000E-5
1.419923333E+9	1.596884000E-5
1.419926667E+9	1.597438000E-5
1.419930000E+9	1.595755000E-5
1.419933333E+9	1.608632000E-5
1.419936667E+9	1.647786000E-5
1.419940000E+9	1.616590000E-5
1.419943333E+9	1.648759000E-5
1.419946667E+9	1.621589000E-5
1.419950000E+9	1.620354000E-5
1.419953333E+9	1.620792000E-5
1.419956667E+9	1.610270000E-5
1.419960000E+9	1.618636000E-5
1.419963333E+9	1.599479000E-5
1.419966667E+9	1.619970000E-5
1.419970000E+9	1.625500000E-5
1.419973333E+9	1.598919000E-5
1.419976667E+9	1.619852000E-5
1.419980000E+9	1.656487000E-5
1.419983333E+9	1.601646000E-5
1.419986667E+9	1.619721000E-5
1.419990000E+9	1.619278000E-5
1.419993333E+9	1.580458000E-5
1.419996667E+9	1.622783000E-5
1.420000000E+9	1.749513000E-5
1.420003333E+9	1.884206000E-5
1.420006667E+9	1.606140000E-5
1.420010000E+9	1.643525000E-5
1.420013333E+9	1.594961000E-5
1.420016667E+9	1.658712000E-5
1.420020000E+9	1.637908000E-5
1.420023333E+9	1.664338000E-5
1.420026667E+9	1.720051000E-5
1.420030000E+9	1.693682000E-5
1.420033333E+9	1.746716000E-5
1.420036667E+9	1.914267000E-5
1.420040000E+9	1.688179000E-5
1.420043333E+9	1.648394000E-5
1.420046667E+9	1.720110000E-5
1.420050000E+9	1.715065000E-5
1.420053333E+9	1.664460000E-5
1.420056667E+9	1.690395000E-5
1.420060000E+9	1.659661000E-5
1.420063333E+9	1.632594000E-5
1.420066667E+9	1.664208000E-5
1.420070000E+9	1.683865000E-5
1.420073333E+9	1.713988000E-5
1.420076667E+9	1.696635000E-5
1.420080000E+9	1.719807000E-5
1.420083333E+9	1.714749000E-5
1.420086667E+9	1.716046000E-5
1.420090000E+9	1.712794000E-5
1.420093333E+9	1.713409000E-5
1.420096667E+9	1.739573000E-5
1.420100000E+9	1.728701000E-5
1.420103333E+9	1.713966000E-5
1.420106667E+9	1.731617000E-5
1.420110000E+9	1.725641000E-5
1.420113333E+9	1.705338000E-5
1.420116667E+9	1.709919000E-5
1.420120000E+9	1.720988000E-5
1.420123333E+9	1.734235000E-5
1.420126667E+9	1.740798000E-5
1.420130000E+9	1.741438000E-5
1.420133333E+9	1.728707000E-5
1.420136667E+9	1.800496000E-5
1.420140000E+9	1.688221000E-5
1.420143333E+9	1.726130000E-5
1.420146667E+9	1.707727000E-5
1.420150000E+9	1.749190000E-5
1.420153333E+9	1.743139000E-5
1.420156667E+9	1.754306000E-5
1.420160000E+9	1.760395000E-5
1.420163333E+9	1.748775000E-5
1.420166667E+9	1.727275000E-5
1.420170000E+9	1.700888000E-5
1.420173333E+9	1.739098000E-5
1.420176667E+9	1.715749000E-5
1.420180000E+9	1.719207000E-5
1.420183333E+9	1.773691000E-5
1.420186667E+9	1.759261000E-5
1.420190000E+9	1.728844000E-5
1.420193333E+9	1.715005000E-5
1.420196667E+9	1.764662000E-5
1.420200000E+9	1.740123000E-5
1.420203333E+9	1.727927000E-5
1.420206667E+9	1.734493000E-5
1.420210000E+9	1.727736000E-5
1.420213333E+9	1.685452000E-5
1.420216667E+9	1.751865000E-5
1.420220000E+9	1.733550000E-5
1.420223333E+9	1.724902000E-5
1.420226667E+9	1.744966000E-5
1.420230000E+9	1.727868000E-5
1.420233333E+9	1.730654000E-5
1.420236667E+9	1.763524000E-5
1.420240000E+9	1.737140000E-5
1.420243333E+9	1.705775000E-5
1.420246667E+9	1.735771000E-5
1.420250000E+9	1.750512000E-5
1.420253333E+9	1.732030000E-5
1.420256667E+9	1.738842000E-5
1.420260000E+9	1.735554000E-5
1.420263333E+9	1.780190000E-5
1.420266667E+9	1.753224000E-5
1.420270000E+9	1.764188000E-5
1.420273333E+9	1.723363000E-5
1.420276667E+9	1.743895000E-5
1.420280000E+9	1.788673000E-5
1.420283333E+9	1.752313000E-5
1.420286667E+9	1.768225000E-5
1.420290000E+9	1.791745000E-5
1.420293333E+9	1.780468000E-5
1.420296667E+9	1.814481000E-5
1.420300000E+9	1.799703000E-5
1.420303333E+9	1.756839000E-5
1.420306667E+9	1.786040000E-5
1.420310000E+9	1.761865000E-5
1.420313333E+9	1.788779000E-5
1.420316667E+9	1.783994000E-5
1.420320000E+9	1.840959000E-5
1.420323333E+9	1.742959000E-5
1.420326667E+9	1.826883000E-5
1.420330000E+9	2.000813000E-5
1.420333333E+9	1.806906000E-5
1.420336667E+9	1.788445000E-5
1.420340000E+9	1.801132000E-5
1.420343333E+9	1.787541000E-5
1.420346667E+9	1.832538000E-5
1.420350000E+9	1.808688000E-5
1.420353333E+9	1.801352000E-5
1.420356667E+9	1.784877000E-5
1.420360000E+9	1.779533000E-5
1.420363333E+9	1.827348000E-5
1.420366667E+9	1.804032000E-5
1.420370000E+9	1.760469000E-5
1.420373333E+9	1.754027000E-5
1.420376667E+9	1.759219000E-5
1.420380000E+9	1.756077000E-5
1.420383333E+9	1.724648000E-5
1.420386667E+9	1.689809000E-5
1.420390000E+9	1.691316000E-5
1.420393333E+9	1.703188000E-5
1.420396667E+9	1.679294000E-5
1.420400000E+9	1.666210000E-5
1.420403333E+9	1.611966000E-5
1.420406667E+9	1.646735000E-5
1.420410000E+9	1.672253000E-5
1.420413333E+9	1.660025000E-5
1.420416667E+9	1.662544000E-5
1.420420000E+9	1.677300000E-5
1.420423333E+9	1.610524000E-5
1.420426667E+9	1.648721000E-5
1.420430000E+9	1.633232000E-5
1.420433333E+9	1.611227000E-5
1.420436667E+9	1.606778000E-5
1.420440000E+9	1.630704000E-5
1.420443333E+9	1.592036000E-5
1.420446667E+9	1.633812000E-5
1.420450000E+9	1.644729000E-5
1.420453333E+9	1.607253000E-5
1.420456667E+9	1.636330000E-5
1.420460000E+9	1.645414000E-5
1.420463333E+9	1.629016000E-5
1.420466667E+9	1.635192000E-5
1.420470000E+9	1.634964000E-5
1.420473333E+9	1.624400000E-5
1.420476667E+9	1.639407000E-5
1.420480000E+9	1.654991000E-5
1.420483333E+9	1.639962000E-5
1.420486667E+9	1.635759000E-5
1.420490000E+9	1.642784000E-5
1.420493333E+9	1.678428000E-5
1.420496667E+9	1.691342000E-5
1.420500000E+9	1.619858000E-5
1.420503333E+9	1.625288000E-5
1.420506667E+9	1.644220000E-5
1.420510000E+9	1.611936000E-5
1.420513333E+9	1.610319000E-5
1.420516667E+9	1.605292000E-5
1.420520000E+9	1.626334000E-5
1.420523333E+9	1.644027000E-5
1.420526667E+9	1.653426000E-5
1.420530000E+9	1.642227000E-5
1.420533333E+9	1.628775000E-5
1.420536667E+9	1.638610000E-5
1.420540000E+9	1.655658000E-5
1.420543333E+9	1.637152000E-5
1.420546667E+9	1.605665000E-5
1.420550000E+9	1.659442000E-5
1.420553333E+9	1.615476000E-5
1.420556667E+9	1.659265000E-5
1.420560000E+9	1.664939000E-5
1.420563333E+9	1.704023000E-5
1.420566667E+9	1.611623000E-5
1.420570000E+9	1.692401000E-5
1.420573333E+9	1.665085000E-5
1.420576667E+9	1.627658000E-5
1.420580000E+9	1.631719000E-5
1.420583333E+9	1.629408000E-5
1.420586667E+9	1.641419000E-5
1.420590000E+9	1.734801000E-5
1.420593333E+9	1.687749000E-5
1.420596667E+9	1.671386000E-5
1.420600000E+9	1.673777000E-5
1.420603333E+9	1.694520000E-5
1.420606667E+9	1.732623000E-5
1.420610000E+9	1.743363000E-5
1.420613333E+9	1.796276000E-5
1.420616667E+9	1.698290000E-5
1.420620000E+9	1.910873000E-5
1.420623333E+9	1.997205000E-5
1.420626667E+9	1.729994000E-5
1.420630000E+9	1.665957000E-5
1.420633333E+9	1.665478000E-5
1.420636667E+9	1.665676000E-5
1.420640000E+9	1.668489000E-5
1.420643333E+9	1.744813000E-5
1.420646667E+9	1.684378000E-5
1.420650000E+9	1.662130000E-5
1.420653333E+9	1.643045000E-5
1.420656667E+9	1.682271000E-5
1.420660000E+9	1.659271000E-5
1.420663333E+9	1.649746000E-5
1.420666667E+9	1.646310000E-5
1.420670000E+9	1.664756000E-5
1.420673333E+9	1.637089000E-5
1.420676667E+9	1.601366000E-5
1.420680000E+9	1.677714000E-5
1.420683333E+9	1.646352000E-5
1.420686667E+9	1.635202000E-5
1.420690000E+9	1.650846000E-5
1.420693333E+9	1.664305000E-5
1.420696667E+9	1.621212000E-5
1.420700000E+9	1.642254000E-5
1.420703333E+9	1.648506000E-5
1.420706667E+9	1.601770000E-5
1.420710000E+9	1.657072000E-5
1.420713333E+9	1.641048000E-5
1.420716667E+9	1.682217000E-5
1.420720000E+9	1.615503000E-5
1.420723333E+9	1.608501000E-5
1.420726667E+9	1.630188000E-5
1.420730000E+9	1.623856000E-5
1.420733333E+9	1.653114000E-5
1.420736667E+9	1.668927000E-5
1.420740000E+9	1.625536000E-5
1.420743333E+9	1.583609000E-5
1.420746667E+9	1.619500000E-5
1.420750000E+9	1.622330000E-5
1.420753333E+9	1.647828000E-5
1.420756667E+9	1.669853000E-5
1.420760000E+9	1.626504000E-5
1.420763333E+9	1.600775000E-5
1.420766667E+9	1.611078000E-5
1.420770000E+9	1.616976000E-5
1.420773333E+9	1.615696000E-5
1.420776667E+9	1.624976000E-5
1.420780000E+9	1.622483000E-5
1.420783333E+9	1.606713000E-5
1.420786667E+9	1.633175000E-5
1.420790000E+9	1.636846000E-5
1.420793333E+9	1.698840000E-5
1.420796667E+9	1.676459000E-5
1.420800000E+9	1.618633000E-5
1.420803333E+9	1.600215000E-5
1.420806667E+9	1.578737000E-5
1.420810000E+9	1.594643000E-5
1.420813333E+9	1.595066000E-5
1.420816667E+9	1.608294000E-5
1.420820000E+9	1.636726000E-5
1.420823333E+9	1.611419000E-5
1.420826667E+9	1.588241000E-5
1.420830000E+9	1.616832000E-5
1.420833333E+9	1.556972000E-5
1.420836667E+9	1.593670000E-5
1.420840000E+9	1.594981000E-5
1.420843333E+9	1.592232000E-5
1.420846667E+9	1.620372000E-5
1.420850000E+9	1.626843000E-5
1.420853333E+9	1.604842000E-5
1.420856667E+9	1.596915000E-5
1.420860000E+9	1.606332000E-5
1.420863333E+9	1.616486000E-5
1.420866667E+9	1.640439000E-5
1.420870000E+9	1.662946000E-5
1.420873333E+9	1.593897000E-5
1.420876667E+9	1.581558000E-5
1.420880000E+9	1.594996000E-5
1.420883333E+9	1.739810000E-5
1.420886667E+9	1.684096000E-5
1.420890000E+9	1.599366000E-5
1.420893333E+9	1.601440000E-5
1.420896667E+9	1.627143000E-5
1.420900000E+9	1.654828000E-5
1.420903333E+9	1.784738000E-5
1.420906667E+9	2.014980000E-5
1.420910000E+9	1.640010000E-5
1.420913333E+9	2.423475000E-5
1.420916667E+9	2.320194000E-5
1.420920000E+9	1.722245000E-5
1.420923333E+9	1.621591000E-5
1.420926667E+9	1.689412000E-5
1.420930000E+9	1.607165000E-5
1.420933333E+9	1.600174000E-5
1.420936667E+9	1.592136000E-5
1.420940000E+9	1.647171000E-5
1.420943333E+9	1.668480000E-5
1.420946667E+9	1.599221000E-5
1.420950000E+9	1.610540000E-5
1.420953333E+9	1.617595000E-5
1.420956667E+9	1.596335000E-5
1.420960000E+9	1.588230000E-5
1.420963333E+9	1.568853000E-5
1.420966667E+9	1.570615000E-5
1.420970000E+9	1.563880000E-5
1.420973333E+9	1.609457000E-5
1.420976667E+9	1.589209000E-5
1.420980000E+9	1.627911000E-5
1.420983333E+9	1.597382000E-5
1.420986667E+9	1.618491000E-5
1.420990000E+9	1.612619000E-5
1.420993333E+9	1.610929000E-5
1.420996667E+9	1.595354000E-5
1.421000000E+9	1.634144000E-5
1.421003333E+9	1.569353000E-5
1.421006667E+9	1.576818000E-5
1.421010000E+9	1.629818000E-5
1.421013333E+9	1.570301000E-5
1.421016667E+9	1.616482000E-5
1.421020000E+9	1.609966000E-5
1.421023333E+9	1.619794000E-5
1.421026667E+9	1.598701000E-5
1.421030000E+9	1.580834000E-5
1.421033333E+9	1.583854000E-5
1.421036667E+9	1.580893000E-5
1.421040000E+9	1.592753000E-5
1.421043333E+9	1.573763000E-5
1.421046667E+9	1.617876000E-5
1.421050000E+9	1.602745000E-5
1.421053333E+9	1.664341000E-5
1.421056667E+9	1.632472000E-5
1.421060000E+9	1.589689000E-5
1.421063333E+9	1.587071000E-5
1.421066667E+9	1.593962000E-5
1.421070000E+9	1.593115000E-5
1.421073333E+9	1.588915000E-5
1.421076667E+9	1.573034000E-5
1.421080000E+9	1.570103000E-5
1.421083333E+9	1.594062000E-5
1.421086667E+9	1.606547000E-5
1.421090000E+9	1.623610000E-5
1.421093333E+9	1.676716000E-5
1.421096667E+9	1.620393000E-5
1.421100000E+9	1.591652000E-5
1.421103333E+9	1.617505000E-5
1.421106667E+9	1.617853000E-5
1.421110000E+9	1.622099000E-5
1.421113333E+9	1.590350000E-5
1.421116667E+9	1.618654000E-5
1.421120000E+9	1.596261000E-5
1.421123333E+9	1.618985000E-5
1.421126667E+9	1.571957000E-5
1.421130000E+9	1.592993000E-5
1.421133333E+9	1.611140000E-5
1.421136667E+9	1.612496000E-5
1.421140000E+9	1.602896000E-5
1.421143333E+9	1.599015000E-5
1.421146667E+9	1.617363000E-5
1.421150000E+9	1.573719000E-5
1.421153333E+9	1.597976000E-5
1.421156667E+9	1.585578000E-5
1.421160000E+9	1.573007000E-5
1.421163333E+9	1.623977000E-5
1.421166667E+9	1.609877000E-5
1.421170000E+9	1.568468000E-5
1.421173333E+9	1.592975000E-5
1.421176667E+9	1.642108000E-5
1.421180000E+9	1.722357000E-5
1.421183333E+9	1.594006000E-5
1.421186667E+9	1.584489000E-5
1.421190000E+9	1.586818000E-5
1.421193333E+9	1.602080000E-5
1.421196667E+9	1.618756000E-5
1.421200000E+9	1.678181000E-5
1.421203333E+9	1.612634000E-5
1.421206667E+9	1.932385000E-5
1.421210000E+9	1.844978000E-5
1.421213333E+9	1.632178000E-5
1.421216667E+9	1.587637000E-5
1.421220000E+9	1.640421000E-5
1.421223333E+9	1.573449000E-5
1.421226667E+9	1.570979000E-5
1.421230000E+9	1.593556000E-5
1.421233333E+9	1.583633000E-5
1.421236667E+9	1.601253000E-5
1.421240000E+9	1.638678000E-5
1.421243333E+9	1.628348000E-5
1.421246667E+9	1.601957000E-5
1.421250000E+9	1.585307000E-5
1.421253333E+9	1.590211000E-5
1.421256667E+9	1.584623000E-5
1.421260000E+9	1.595419000E-5
1.421263333E+9	1.618373000E-5
1.421266667E+9	1.622453000E-5
1.421270000E+9	1.588495000E-5
1.421273333E+9	1.586127000E-5
1.421276667E+9	1.600902000E-5
1.421280000E+9	1.632913000E-5
1.421283333E+9	1.592774000E-5
1.421286667E+9	1.547601000E-5
1.421290000E+9	1.593206000E-5
1.421293333E+9	1.593026000E-5
1.421296667E+9	1.578176000E-5
1.421300000E+9	1.601220000E-5
1.421303333E+9	1.572979000E-5
1.421306667E+9	1.581713000E-5
1.421310000E+9	1.592627000E-5
1.421313333E+9	1.601303000E-5
1.421316667E+9	1.573142000E-5
1.421320000E+9	1.566127000E-5
1.421323333E+9	1.581885000E-5
1.421326667E+9	1.610118000E-5
1.421330000E+9	1.572648000E-5
1.421333333E+9	1.585719000E-5
1.421336667E+9	1.537757000E-5
1.421340000E+9	1.590977000E-5
1.421343333E+9	1.595070000E-5
1.421346667E+9	1.593183000E-5
1.421350000E+9	1.577843000E-5
1.421353333E+9	1.623084000E-5
1.421356667E+9	1.613647000E-5
1.421360000E+9	1.604245000E-5
1.421363333E+9	1.631576000E-5
1.421366667E+9	1.735626000E-5
1.421370000E+9	1.592199000E-5
1.421373333E+9	1.560602000E-5
1.421376667E+9	1.626454000E-5
1.421380000E+9	1.612455000E-5
1.421383333E+9	1.581576000E-5
1.421386667E+9	1.600517000E-5
1.421390000E+9	1.641051000E-5
1.421393333E+9	1.574641000E-5
1.421396667E+9	1.612148000E-5
1.421400000E+9	1.604967000E-5
