Frequency, Hz	Amplitude, Volts
1.419400000E+9	2.260811000E-5
1.419403333E+9	2.255166000E-5
1.419406667E+9	2.255587000E-5
1.419410000E+9	2.258938000E-5
1.419413333E+9	2.251193000E-5
1.419416667E+9	2.284371000E-5
1.419420000E+9	2.247461000E-5
1.419423333E+9	2.245345000E-5
1.419426667E+9	2.291955000E-5
1.419430000E+9	2.267381000E-5
1.419433333E+9	2.321922000E-5
1.419436667E+9	2.257834000E-5
1.419440000E+9	2.282801000E-5
1.419443333E+9	2.270682000E-5
1.419446667E+9	2.305830000E-5
1.419450000E+9	2.356768000E-5
1.419453333E+9	2.610208000E-5
1.419456667E+9	2.426220000E-5
1.419460000E+9	2.359230000E-5
1.419463333E+9	2.282019000E-5
1.419466667E+9	2.251576000E-5
1.419470000E+9	2.256863000E-5
1.419473333E+9	2.232067000E-5
1.419476667E+9	2.229573000E-5
1.419480000E+9	2.275049000E-5
1.419483333E+9	2.231748000E-5
1.419486667E+9	2.318498000E-5
1.419490000E+9	2.315555000E-5
1.419493333E+9	2.276446000E-5
1.419496667E+9	2.273019000E-5
1.419500000E+9	2.267090000E-5
1.419503333E+9	2.275584000E-5
1.419506667E+9	2.228927000E-5
1.419510000E+9	2.256087000E-5
1.419513333E+9	2.239633000E-5
1.419516667E+9	2.281085000E-5
1.419520000E+9	2.288759000E-5
1.419523333E+9	2.276921000E-5
1.419526667E+9	2.290889000E-5
1.419530000E+9	2.278134000E-5
1.419533333E+9	2.290561000E-5
1.419536667E+9	2.224504000E-5
1.419540000E+9	2.284330000E-5
1.419543333E+9	2.291309000E-5
1.419546667E+9	2.266652000E-5
1.419550000E+9	2.277676000E-5
1.419553333E+9	2.237774000E-5
1.419556667E+9	2.251450000E-5
1.419560000E+9	2.251692000E-5
1.419563333E+9	2.240156000E-5
1.419566667E+9	2.285921000E-5
1.419570000E+9	2.266707000E-5
1.419573333E+9	2.252434000E-5
1.419576667E+9	2.277704000E-5
1.419580000E+9	2.248226000E-5
1.419583333E+9	2.268290000E-5
1.419586667E+9	2.244388000E-5
1.419590000E+9	2.252362000E-5
1.419593333E+9	2.251588000E-5
1.419596667E+9	2.232184000E-5
1.419600000E+9	2.252320000E-5
1.419603333E+9	2.311483000E-5
1.419606667E+9	2.271824000E-5
1.419610000E+9	2.239222000E-5
1.419613333E+9	2.249599000E-5
1.419616667E+9	2.257968000E-5
1.419620000E+9	2.280018000E-5
1.419623333E+9	2.288920000E-5
1.419626667E+9	2.266674000E-5
1.419630000E+9	2.225604000E-5
1.419633333E+9	2.254517000E-5
1.419636667E+9	2.264547000E-5
1.419640000E+9	2.255919000E-5
1.419643333E+9	2.256179000E-5
1.419646667E+9	2.261993000E-5
1.419650000E+9	2.237236000E-5
1.419653333E+9	2.247005000E-5
1.419656667E+9	2.262939000E-5
1.419660000E+9	2.284155000E-5
1.419663333E+9	2.261606000E-5
1.419666667E+9	2.289141000E-5
1.419670000E+9	2.273916000E-5
1.419673333E+9	2.288817000E-5
1.419676667E+9	2.263874000E-5
1.419680000E+9	2.242861000E-5
1.419683333E+9	2.245209000E-5
1.419686667E+9	2.246242000E-5
1.419690000E+9	2.235032000E-5
1.419693333E+9	2.213230000E-5
1.419696667E+9	2.272688000E-5
1.419700000E+9	2.204704000E-5
1.419703333E+9	2.232513000E-5
1.419706667E+9	2.263720000E-5
1.419710000E+9	2.268987000E-5
1.419713333E+9	2.254901000E-5
1.419716667E+9	2.296578000E-5
1.419720000E+9	2.263841000E-5
1.419723333E+9	2.285570000E-5
1.419726667E+9	2.303611000E-5
1.419730000E+9	2.307560000E-5
1.419733333E+9	2.499573000E-5
1.419736667E+9	2.251776000E-5
1.419740000E+9	2.306673000E-5
1.419743333E+9	2.302647000E-5
1.419746667E+9	2.680816000E-5
1.419750000E+9	2.407446000E-5
1.419753333E+9	2.390871000E-5
1.419756667E+9	2.309220000E-5
1.419760000E+9	2.290262000E-5
1.419763333E+9	2.260642000E-5
1.419766667E+9	2.281934000E-5
1.419770000E+9	2.271433000E-5
1.419773333E+9	2.209134000E-5
1.419776667E+9	2.217686000E-5
1.419780000E+9	2.259828000E-5
1.419783333E+9	2.290561000E-5
1.419786667E+9	2.236561000E-5
1.419790000E+9	2.353032000E-5
1.419793333E+9	2.287463000E-5
1.419796667E+9	2.304633000E-5
1.419800000E+9	2.320383000E-5
1.419803333E+9	2.266483000E-5
1.419806667E+9	2.213752000E-5
1.419810000E+9	2.296043000E-5
1.419813333E+9	2.240762000E-5
1.419816667E+9	2.175145000E-5
1.419820000E+9	2.258471000E-5
1.419823333E+9	2.283957000E-5
1.419826667E+9	2.254037000E-5
1.419830000E+9	2.237568000E-5
1.419833333E+9	2.235878000E-5
1.419836667E+9	2.192471000E-5
1.419840000E+9	2.258166000E-5
1.419843333E+9	2.274038000E-5
1.419846667E+9	2.252624000E-5
1.419850000E+9	2.223354000E-5
1.419853333E+9	2.239967000E-5
1.419856667E+9	2.291907000E-5
1.419860000E+9	2.245572000E-5
1.419863333E+9	2.290876000E-5
1.419866667E+9	2.261831000E-5
1.419870000E+9	2.277816000E-5
1.419873333E+9	2.230607000E-5
1.419876667E+9	2.255788000E-5
1.419880000E+9	2.177749000E-5
1.419883333E+9	2.281776000E-5
1.419886667E+9	2.230342000E-5
1.419890000E+9	2.263680000E-5
1.419893333E+9	2.293048000E-5
1.419896667E+9	2.305815000E-5
1.419900000E+9	2.312366000E-5
1.419903333E+9	2.274794000E-5
1.419906667E+9	2.266199000E-5
1.419910000E+9	2.213968000E-5
1.419913333E+9	2.231974000E-5
1.419916667E+9	2.231819000E-5
1.419920000E+9	2.262525000E-5
1.419923333E+9	2.255733000E-5
1.419926667E+9	2.237362000E-5
1.419930000E+9	2.271547000E-5
1.419933333E+9	2.242517000E-5
1.419936667E+9	2.219108000E-5
1.419940000E+9	2.289171000E-5
1.419943333E+9	2.277276000E-5
1.419946667E+9	2.273910000E-5
1.419950000E+9	2.224016000E-5
1.419953333E+9	2.268913000E-5
1.419956667E+9	2.253047000E-5
1.419960000E+9	2.273132000E-5
1.419963333E+9	2.256654000E-5
1.419966667E+9	2.290104000E-5
1.419970000E+9	2.238485000E-5
1.419973333E+9	2.217075000E-5
1.419976667E+9	2.231631000E-5
1.419980000E+9	2.234033000E-5
1.419983333E+9	2.212787000E-5
1.419986667E+9	2.276906000E-5
1.419990000E+9	2.316440000E-5
1.419993333E+9	2.222485000E-5
1.419996667E+9	2.221539000E-5
1.420000000E+9	2.323837000E-5
1.420003333E+9	2.345067000E-5
1.420006667E+9	2.275494000E-5
1.420010000E+9	2.230830000E-5
1.420013333E+9	2.249695000E-5
1.420016667E+9	2.275047000E-5
1.420020000E+9	2.294690000E-5
1.420023333E+9	2.270822000E-5
1.420026667E+9	2.276031000E-5
1.420030000E+9	2.230340000E-5
1.420033333E+9	2.263933000E-5
1.420036667E+9	2.290106000E-5
1.420040000E+9	2.576492000E-5
1.420043333E+9	2.260049000E-5
1.420046667E+9	2.336555000E-5
1.420050000E+9	2.296870000E-5
1.420053333E+9	2.257482000E-5
1.420056667E+9	2.247863000E-5
1.420060000E+9	2.265124000E-5
1.420063333E+9	2.242132000E-5
1.420066667E+9	2.249569000E-5
1.420070000E+9	2.233251000E-5
1.420073333E+9	2.270942000E-5
1.420076667E+9	2.289903000E-5
1.420080000E+9	2.240186000E-5
1.420083333E+9	2.221971000E-5
1.420086667E+9	2.261280000E-5
1.420090000E+9	2.279765000E-5
1.420093333E+9	2.211908000E-5
1.420096667E+9	2.249975000E-5
1.420100000E+9	2.274005000E-5
1.420103333E+9	2.261668000E-5
1.420106667E+9	2.261804000E-5
1.420110000E+9	2.288513000E-5
1.420113333E+9	2.306136000E-5
1.420116667E+9	2.292589000E-5
1.420120000E+9	2.240961000E-5
1.420123333E+9	2.246632000E-5
1.420126667E+9	2.271088000E-5
1.420130000E+9	2.229064000E-5
1.420133333E+9	2.231738000E-5
1.420136667E+9	2.276676000E-5
1.420140000E+9	2.232770000E-5
1.420143333E+9	2.252592000E-5
1.420146667E+9	2.264729000E-5
1.420150000E+9	2.232966000E-5
1.420153333E+9	2.242364000E-5
1.420156667E+9	2.204003000E-5
1.420160000E+9	2.253579000E-5
1.420163333E+9	2.246413000E-5
1.420166667E+9	2.216481000E-5
1.420170000E+9	2.179371000E-5
1.420173333E+9	2.222310000E-5
1.420176667E+9	2.241561000E-5
1.420180000E+9	2.218090000E-5
1.420183333E+9	2.179280000E-5
1.420186667E+9	2.225855000E-5
1.420190000E+9	2.224644000E-5
1.420193333E+9	2.224905000E-5
1.420196667E+9	2.269376000E-5
1.420200000E+9	2.207369000E-5
1.420203333E+9	2.211901000E-5
1.420206667E+9	2.257006000E-5
1.420210000E+9	2.218565000E-5
1.420213333E+9	2.216096000E-5
1.420216667E+9	2.209813000E-5
1.420220000E+9	2.239692000E-5
1.420223333E+9	2.217126000E-5
1.420226667E+9	2.252256000E-5
1.420230000E+9	2.241500000E-5
1.420233333E+9	2.236851000E-5
1.420236667E+9	2.259900000E-5
1.420240000E+9	2.226638000E-5
1.420243333E+9	2.241702000E-5
1.420246667E+9	2.237504000E-5
1.420250000E+9	2.214489000E-5
1.420253333E+9	2.268357000E-5
1.420256667E+9	2.202880000E-5
1.420260000E+9	2.264975000E-5
1.420263333E+9	2.231778000E-5
1.420266667E+9	2.311178000E-5
1.420270000E+9	2.246479000E-5
1.420273333E+9	2.238512000E-5
1.420276667E+9	2.250128000E-5
1.420280000E+9	2.253466000E-5
1.420283333E+9	2.242440000E-5
1.420286667E+9	2.229395000E-5
1.420290000E+9	2.252748000E-5
1.420293333E+9	2.253448000E-5
1.420296667E+9	2.234406000E-5
1.420300000E+9	2.237357000E-5
1.420303333E+9	2.269506000E-5
1.420306667E+9	2.233663000E-5
1.420310000E+9	2.321504000E-5
1.420313333E+9	2.276613000E-5
1.420316667E+9	2.225132000E-5
1.420320000E+9	2.256885000E-5
1.420323333E+9	2.294753000E-5
1.420326667E+9	2.286840000E-5
1.420330000E+9	2.267351000E-5
1.420333333E+9	2.612306000E-5
1.420336667E+9	2.288463000E-5
1.420340000E+9	2.342880000E-5
1.420343333E+9	2.287558000E-5
1.420346667E+9	2.272685000E-5
1.420350000E+9	2.303201000E-5
1.420353333E+9	2.242507000E-5
1.420356667E+9	2.239938000E-5
1.420360000E+9	2.258142000E-5
1.420363333E+9	2.264791000E-5
1.420366667E+9	2.230540000E-5
1.420370000E+9	2.265037000E-5
1.420373333E+9	2.288970000E-5
1.420376667E+9	2.234592000E-5
1.420380000E+9	2.235746000E-5
1.420383333E+9	2.230002000E-5
1.420386667E+9	2.281400000E-5
1.420390000E+9	2.247693000E-5
1.420393333E+9	2.253960000E-5
1.420396667E+9	2.254839000E-5
1.420400000E+9	2.270812000E-5
1.420403333E+9	2.226723000E-5
1.420406667E+9	2.238875000E-5
1.420410000E+9	2.228017000E-5
1.420413333E+9	2.265813000E-5
1.420416667E+9	2.241246000E-5
1.420420000E+9	2.241593000E-5
1.420423333E+9	2.289397000E-5
1.420426667E+9	2.211417000E-5
1.420430000E+9	2.259734000E-5
1.420433333E+9	2.225230000E-5
1.420436667E+9	2.252439000E-5
1.420440000E+9	2.241881000E-5
1.420443333E+9	2.262939000E-5
1.420446667E+9	2.232814000E-5
1.420450000E+9	2.235036000E-5
1.420453333E+9	2.280003000E-5
1.420456667E+9	2.225284000E-5
1.420460000E+9	2.252271000E-5
1.420463333E+9	2.262525000E-5
1.420466667E+9	2.276496000E-5
1.420470000E+9	2.239195000E-5
1.420473333E+9	2.235567000E-5
1.420476667E+9	2.271256000E-5
1.420480000E+9	2.265502000E-5
1.420483333E+9	2.287402000E-5
1.420486667E+9	2.275994000E-5
1.420490000E+9	2.247792000E-5
1.420493333E+9	2.263006000E-5
1.420496667E+9	2.297650000E-5
1.420500000E+9	2.229652000E-5
1.420503333E+9	2.214175000E-5
1.420506667E+9	2.238200000E-5
1.420510000E+9	2.248266000E-5
1.420513333E+9	2.270695000E-5
1.420516667E+9	2.233729000E-5
1.420520000E+9	2.261367000E-5
1.420523333E+9	2.257559000E-5
1.420526667E+9	2.224380000E-5
1.420530000E+9	2.264965000E-5
1.420533333E+9	2.232856000E-5
1.420536667E+9	2.218994000E-5
1.420540000E+9	2.254876000E-5
1.420543333E+9	2.223784000E-5
1.420546667E+9	2.228908000E-5
1.420550000E+9	2.250943000E-5
1.420553333E+9	2.231493000E-5
1.420556667E+9	2.212826000E-5
1.420560000E+9	2.225924000E-5
1.420563333E+9	2.272159000E-5
1.420566667E+9	2.241047000E-5
1.420570000E+9	2.276601000E-5
1.420573333E+9	2.262477000E-5
1.420576667E+9	2.234818000E-5
1.420580000E+9	2.249372000E-5
1.420583333E+9	2.259089000E-5
1.420586667E+9	2.218385000E-5
1.420590000E+9	2.224612000E-5
1.420593333E+9	2.237824000E-5
1.420596667E+9	2.272974000E-5
1.420600000E+9	2.256880000E-5
1.420603333E+9	2.317869000E-5
1.420606667E+9	2.308226000E-5
1.420610000E+9	2.293813000E-5
1.420613333E+9	2.252236000E-5
1.420616667E+9	2.236590000E-5
1.420620000E+9	2.261218000E-5
1.420623333E+9	2.335493000E-5
1.420626667E+9	2.754093000E-5
1.420630000E+9	2.263344000E-5
1.420633333E+9	2.358925000E-5
1.420636667E+9	2.273686000E-5
1.420640000E+9	2.258112000E-5
1.420643333E+9	2.226452000E-5
1.420646667E+9	2.279115000E-5
1.420650000E+9	2.224040000E-5
1.420653333E+9	2.313656000E-5
1.420656667E+9	2.188132000E-5
1.420660000E+9	2.265420000E-5
1.420663333E+9	2.236630000E-5
1.420666667E+9	2.246339000E-5
1.420670000E+9	2.278529000E-5
1.420673333E+9	2.261228000E-5
1.420676667E+9	2.268758000E-5
1.420680000E+9	2.233638000E-5
1.420683333E+9	2.292995000E-5
1.420686667E+9	2.251442000E-5
1.420690000E+9	2.236202000E-5
1.420693333E+9	2.246908000E-5
1.420696667E+9	2.247782000E-5
1.420700000E+9	2.231856000E-5
1.420703333E+9	2.233498000E-5
1.420706667E+9	2.256070000E-5
1.420710000E+9	2.241013000E-5
1.420713333E+9	2.191308000E-5
1.420716667E+9	2.231136000E-5
1.420720000E+9	2.244191000E-5
1.420723333E+9	2.238509000E-5
1.420726667E+9	2.225885000E-5
1.420730000E+9	2.246084000E-5
1.420733333E+9	2.285510000E-5
1.420736667E+9	2.274987000E-5
1.420740000E+9	2.209377000E-5
1.420743333E+9	2.194506000E-5
1.420746667E+9	2.225875000E-5
1.420750000E+9	2.259967000E-5
1.420753333E+9	2.291570000E-5
1.420756667E+9	2.290491000E-5
1.420760000E+9	2.283964000E-5
1.420763333E+9	2.266448000E-5
1.420766667E+9	2.198347000E-5
1.420770000E+9	2.221349000E-5
1.420773333E+9	2.265905000E-5
1.420776667E+9	2.237571000E-5
1.420780000E+9	2.245165000E-5
1.420783333E+9	2.253903000E-5
1.420786667E+9	2.264908000E-5
1.420790000E+9	2.316190000E-5
1.420793333E+9	2.346538000E-5
1.420796667E+9	2.301075000E-5
1.420800000E+9	2.245927000E-5
1.420803333E+9	2.253735000E-5
1.420806667E+9	2.230188000E-5
1.420810000E+9	2.289395000E-5
1.420813333E+9	2.271051000E-5
1.420816667E+9	2.197331000E-5
1.420820000E+9	2.208409000E-5
1.420823333E+9	2.283230000E-5
1.420826667E+9	2.254874000E-5
1.420830000E+9	2.262743000E-5
1.420833333E+9	2.253970000E-5
1.420836667E+9	2.857630000E-5
1.420840000E+9	2.652378000E-5
1.420843333E+9	2.258295000E-5
1.420846667E+9	2.270391000E-5
1.420850000E+9	2.250402000E-5
1.420853333E+9	2.240742000E-5
1.420856667E+9	2.222183000E-5
1.420860000E+9	2.239183000E-5
1.420863333E+9	2.269411000E-5
1.420866667E+9	2.272278000E-5
1.420870000E+9	2.333973000E-5
1.420873333E+9	2.245934000E-5
1.420876667E+9	2.257507000E-5
1.420880000E+9	2.255783000E-5
1.420883333E+9	2.276788000E-5
1.420886667E+9	2.214895000E-5
1.420890000E+9	2.229385000E-5
1.420893333E+9	2.274045000E-5
1.420896667E+9	2.318592000E-5
1.420900000E+9	2.310848000E-5
1.420903333E+9	2.301497000E-5
1.420906667E+9	2.430531000E-5
1.420910000E+9	2.274342000E-5
1.420913333E+9	2.402925000E-5
1.420916667E+9	2.653383000E-5
1.420920000E+9	3.318364000E-5
1.420923333E+9	2.323631000E-5
1.420926667E+9	2.588873000E-5
1.420930000E+9	2.300696000E-5
1.420933333E+9	2.194747000E-5
1.420936667E+9	2.248157000E-5
1.420940000E+9	2.272697000E-5
1.420943333E+9	2.314276000E-5
1.420946667E+9	2.247602000E-5
1.420950000E+9	2.235741000E-5
1.420953333E+9	2.227733000E-5
1.420956667E+9	2.241911000E-5
1.420960000E+9	2.259362000E-5
1.420963333E+9	2.233589000E-5
1.420966667E+9	2.215644000E-5
1.420970000E+9	2.219630000E-5
1.420973333E+9	2.255864000E-5
1.420976667E+9	2.212231000E-5
1.420980000E+9	2.271333000E-5
1.420983333E+9	2.354143000E-5
1.420986667E+9	2.292436000E-5
1.420990000E+9	2.294178000E-5
1.420993333E+9	2.255592000E-5
1.420996667E+9	2.249876000E-5
1.421000000E+9	2.225391000E-5
1.421003333E+9	2.262659000E-5
1.421006667E+9	2.323360000E-5
1.421010000E+9	2.265082000E-5
1.421013333E+9	2.281799000E-5
1.421016667E+9	2.235962000E-5
1.421020000E+9	2.284142000E-5
1.421023333E+9	2.277094000E-5
1.421026667E+9	2.239087000E-5
1.421030000E+9	2.259878000E-5
1.421033333E+9	2.258866000E-5
1.421036667E+9	2.247012000E-5
1.421040000E+9	2.213220000E-5
1.421043333E+9	2.281107000E-5
1.421046667E+9	2.225672000E-5
1.421050000E+9	2.258390000E-5
1.421053333E+9	2.277021000E-5
1.421056667E+9	2.272318000E-5
1.421060000E+9	2.279900000E-5
1.421063333E+9	2.231866000E-5
1.421066667E+9	2.253703000E-5
1.421070000E+9	2.302435000E-5
1.421073333E+9	2.402782000E-5
1.421076667E+9	2.261690000E-5
1.421080000E+9	2.253154000E-5
1.421083333E+9	2.295136000E-5
1.421086667E+9	2.251210000E-5
1.421090000E+9	2.230925000E-5
1.421093333E+9	2.312826000E-5
1.421096667E+9	2.251378000E-5
1.421100000E+9	2.199265000E-5
1.421103333E+9	2.303507000E-5
1.421106667E+9	2.286112000E-5
1.421110000E+9	2.249829000E-5
1.421113333E+9	2.219072000E-5
1.421116667E+9	2.215710000E-5
1.421120000E+9	2.262887000E-5
1.421123333E+9	2.241485000E-5
1.421126667E+9	2.251047000E-5
1.421130000E+9	2.260059000E-5
1.421133333E+9	2.265393000E-5
1.421136667E+9	2.292743000E-5
1.421140000E+9	2.378639000E-5
1.421143333E+9	2.416885000E-5
1.421146667E+9	2.308312000E-5
1.421150000E+9	2.305501000E-5
1.421153333E+9	2.254356000E-5
1.421156667E+9	2.295725000E-5
1.421160000E+9	2.282696000E-5
1.421163333E+9	2.262788000E-5
1.421166667E+9	2.328892000E-5
1.421170000E+9	2.281145000E-5
1.421173333E+9	2.294065000E-5
1.421176667E+9	2.325039000E-5
1.421180000E+9	2.404207000E-5
1.421183333E+9	2.283503000E-5
1.421186667E+9	2.291107000E-5
1.421190000E+9	2.301133000E-5
1.421193333E+9	2.278374000E-5
1.421196667E+9	2.302508000E-5
1.421200000E+9	2.290011000E-5
1.421203333E+9	2.289591000E-5
1.421206667E+9	2.454536000E-5
1.421210000E+9	2.577146000E-5
1.421213333E+9	2.602244000E-5
1.421216667E+9	2.340222000E-5
1.421220000E+9	2.366242000E-5
1.421223333E+9	2.290446000E-5
1.421226667E+9	2.305888000E-5
1.421230000E+9	2.267364000E-5
1.421233333E+9	2.226931000E-5
1.421236667E+9	2.256967000E-5
1.421240000E+9	2.282520000E-5
1.421243333E+9	2.276926000E-5
1.421246667E+9	2.319124000E-5
1.421250000E+9	2.259027000E-5
1.421253333E+9	2.262291000E-5
1.421256667E+9	2.342000000E-5
1.421260000E+9	2.293528000E-5
1.421263333E+9	2.339482000E-5
1.421266667E+9	2.315160000E-5
1.421270000E+9	2.356714000E-5
1.421273333E+9	2.371212000E-5
1.421276667E+9	2.633042000E-5
1.421280000E+9	2.477197000E-5
1.421283333E+9	2.433877000E-5
1.421286667E+9	2.360002000E-5
1.421290000E+9	2.367133000E-5
1.421293333E+9	2.380831000E-5
1.421296667E+9	2.402474000E-5
1.421300000E+9	2.384268000E-5
1.421303333E+9	2.388728000E-5
1.421306667E+9	2.434035000E-5
1.421310000E+9	2.403313000E-5
1.421313333E+9	2.448708000E-5
1.421316667E+9	2.521719000E-5
1.421320000E+9	2.521500000E-5
1.421323333E+9	2.539434000E-5
1.421326667E+9	2.609162000E-5
1.421330000E+9	2.546023000E-5
1.421333333E+9	2.617954000E-5
1.421336667E+9	2.834917000E-5
1.421340000E+9	3.118020000E-5
1.421343333E+9	4.778145000E-5
1.421346667E+9	4.263165000E-5
1.421350000E+9	2.852978000E-5
1.421353333E+9	2.793194000E-5
1.421356667E+9	2.667694000E-5
1.421360000E+9	2.601370000E-5
1.421363333E+9	2.605031000E-5
1.421366667E+9	2.626349000E-5
1.421370000E+9	2.518374000E-5
1.421373333E+9	2.472832000E-5
1.421376667E+9	2.504044000E-5
1.421380000E+9	2.479131000E-5
1.421383333E+9	2.556609000E-5
1.421386667E+9	2.494654000E-5
1.421390000E+9	2.503319000E-5
1.421393333E+9	2.531314000E-5
1.421396667E+9	2.499378000E-5
1.421400000E+9	2.553652000E-5
