Frequency, Hz	Amplitude, Volts
1.419400000E+9	2.151030000E-5
1.419403333E+9	2.040225000E-5
1.419406667E+9	1.882800000E-5
1.419410000E+9	1.823330000E-5
1.419413333E+9	1.932290000E-5
1.419416667E+9	1.876180000E-5
1.419420000E+9	1.862338000E-5
1.419423333E+9	1.934047000E-5
1.419426667E+9	1.949397000E-5
1.419430000E+9	1.863335000E-5
1.419433333E+9	1.877999000E-5
1.419436667E+9	1.864380000E-5
1.419440000E+9	1.849411000E-5
1.419443333E+9	1.880903000E-5
1.419446667E+9	2.096121000E-5
1.419450000E+9	2.185472000E-5
1.419453333E+9	1.916527000E-5
1.419456667E+9	1.864732000E-5
1.419460000E+9	1.846567000E-5
1.419463333E+9	1.881345000E-5
1.419466667E+9	1.862011000E-5
1.419470000E+9	1.956161000E-5
1.419473333E+9	1.898937000E-5
1.419476667E+9	1.856171000E-5
1.419480000E+9	1.908908000E-5
1.419483333E+9	1.843959000E-5
1.419486667E+9	1.833524000E-5
1.419490000E+9	1.898828000E-5
1.419493333E+9	2.099168000E-5
1.419496667E+9	2.005639000E-5
1.419500000E+9	1.841641000E-5
1.419503333E+9	1.881163000E-5
1.419506667E+9	1.846287000E-5
1.419510000E+9	1.849454000E-5
1.419513333E+9	1.809012000E-5
1.419516667E+9	1.922971000E-5
1.419520000E+9	1.965686000E-5
1.419523333E+9	1.873008000E-5
1.419526667E+9	1.860397000E-5
1.419530000E+9	1.856174000E-5
1.419533333E+9	1.836157000E-5
1.419536667E+9	1.876841000E-5
1.419540000E+9	2.061911000E-5
1.419543333E+9	2.026773000E-5
1.419546667E+9	1.860505000E-5
1.419550000E+9	1.864995000E-5
1.419553333E+9	1.834400000E-5
1.419556667E+9	1.843587000E-5
1.419560000E+9	1.840596000E-5
1.419563333E+9	1.960156000E-5
1.419566667E+9	1.915570000E-5
1.419570000E+9	1.865300000E-5
1.419573333E+9	1.854468000E-5
1.419576667E+9	1.837785000E-5
1.419580000E+9	1.851201000E-5
1.419583333E+9	1.876451000E-5
1.419586667E+9	2.116312000E-5
1.419590000E+9	1.970401000E-5
1.419593333E+9	1.842781000E-5
1.419596667E+9	1.832574000E-5
1.419600000E+9	1.828572000E-5
1.419603333E+9	1.855640000E-5
1.419606667E+9	1.866662000E-5
1.419610000E+9	1.951905000E-5
1.419613333E+9	1.891620000E-5
1.419616667E+9	1.854650000E-5
1.419620000E+9	1.813965000E-5
1.419623333E+9	1.856347000E-5
1.419626667E+9	1.847625000E-5
1.419630000E+9	1.832282000E-5
1.419633333E+9	2.093858000E-5
1.419636667E+9	1.970531000E-5
1.419640000E+9	1.852655000E-5
1.419643333E+9	1.849046000E-5
1.419646667E+9	1.840895000E-5
1.419650000E+9	1.815886000E-5
1.419653333E+9	1.815337000E-5
1.419656667E+9	1.961377000E-5
1.419660000E+9	1.933264000E-5
1.419663333E+9	1.862633000E-5
1.419666667E+9	1.861500000E-5
1.419670000E+9	1.873685000E-5
1.419673333E+9	1.816719000E-5
1.419676667E+9	1.860501000E-5
1.419680000E+9	2.038933000E-5
1.419683333E+9	1.943834000E-5
1.419686667E+9	1.849204000E-5
1.419690000E+9	1.812673000E-5
1.419693333E+9	1.835720000E-5
1.419696667E+9	1.890707000E-5
1.419700000E+9	1.846206000E-5
1.419703333E+9	1.896135000E-5
1.419706667E+9	1.913932000E-5
1.419710000E+9	1.881184000E-5
1.419713333E+9	1.839969000E-5
1.419716667E+9	1.817519000E-5
1.419720000E+9	1.869238000E-5
1.419723333E+9	1.827240000E-5
1.419726667E+9	2.062120000E-5
1.419730000E+9	1.967191000E-5
1.419733333E+9	1.916426000E-5
1.419736667E+9	1.838616000E-5
1.419740000E+9	1.879462000E-5
1.419743333E+9	1.973634000E-5
1.419746667E+9	1.858870000E-5
1.419750000E+9	1.930975000E-5
1.419753333E+9	1.873849000E-5
1.419756667E+9	1.822881000E-5
1.419760000E+9	1.849032000E-5
1.419763333E+9	1.844204000E-5
1.419766667E+9	1.899354000E-5
1.419770000E+9	1.866361000E-5
1.419773333E+9	2.044701000E-5
1.419776667E+9	1.896776000E-5
1.419780000E+9	1.813953000E-5
1.419783333E+9	1.826062000E-5
1.419786667E+9	1.825154000E-5
1.419790000E+9	1.815682000E-5
1.419793333E+9	1.820417000E-5
1.419796667E+9	1.914477000E-5
1.419800000E+9	1.908803000E-5
1.419803333E+9	1.838501000E-5
1.419806667E+9	1.835953000E-5
1.419810000E+9	1.815650000E-5
1.419813333E+9	1.860777000E-5
1.419816667E+9	1.818937000E-5
1.419820000E+9	2.034239000E-5
1.419823333E+9	1.920823000E-5
1.419826667E+9	1.816456000E-5
1.419830000E+9	1.881330000E-5
1.419833333E+9	1.843621000E-5
1.419836667E+9	1.822881000E-5
1.419840000E+9	1.859599000E-5
1.419843333E+9	1.927425000E-5
1.419846667E+9	1.873448000E-5
1.419850000E+9	1.827689000E-5
1.419853333E+9	1.834078000E-5
1.419856667E+9	1.858841000E-5
1.419860000E+9	1.861885000E-5
1.419863333E+9	1.879503000E-5
1.419866667E+9	2.059554000E-5
1.419870000E+9	1.955090000E-5
1.419873333E+9	1.834914000E-5
1.419876667E+9	1.816169000E-5
1.419880000E+9	1.799909000E-5
1.419883333E+9	1.811087000E-5
1.419886667E+9	1.837906000E-5
1.419890000E+9	1.897718000E-5
1.419893333E+9	1.865150000E-5
1.419896667E+9	1.839545000E-5
1.419900000E+9	1.812907000E-5
1.419903333E+9	1.833931000E-5
1.419906667E+9	1.836092000E-5
1.419910000E+9	1.866342000E-5
1.419913333E+9	2.025794000E-5
1.419916667E+9	1.903667000E-5
1.419920000E+9	1.845426000E-5
1.419923333E+9	1.830792000E-5
1.419926667E+9	1.821717000E-5
1.419930000E+9	1.806688000E-5
1.419933333E+9	1.798334000E-5
1.419936667E+9	1.875589000E-5
1.419940000E+9	1.835008000E-5
1.419943333E+9	1.809070000E-5
1.419946667E+9	1.778830000E-5
1.419950000E+9	1.762560000E-5
1.419953333E+9	1.800450000E-5
1.419956667E+9	1.810483000E-5
1.419960000E+9	1.983841000E-5
1.419963333E+9	1.893231000E-5
1.419966667E+9	1.792838000E-5
1.419970000E+9	1.804045000E-5
1.419973333E+9	1.835022000E-5
1.419976667E+9	1.802242000E-5
1.419980000E+9	1.833423000E-5
1.419983333E+9	1.913317000E-5
1.419986667E+9	1.848394000E-5
1.419990000E+9	1.817186000E-5
1.419993333E+9	1.799097000E-5
1.419996667E+9	1.807178000E-5
1.420000000E+9	2.002136000E-5
1.420003333E+9	2.277906000E-5
1.420006667E+9	2.030840000E-5
1.420010000E+9	1.862727000E-5
1.420013333E+9	1.790680000E-5
1.420016667E+9	1.790367000E-5
1.420020000E+9	1.819772000E-5
1.420023333E+9	1.781316000E-5
1.420026667E+9	1.827645000E-5
1.420030000E+9	1.868916000E-5
1.420033333E+9	1.870568000E-5
1.420036667E+9	1.888163000E-5
1.420040000E+9	1.856681000E-5
1.420043333E+9	1.848342000E-5
1.420046667E+9	1.818931000E-5
1.420050000E+9	1.794494000E-5
1.420053333E+9	1.981250000E-5
1.420056667E+9	1.910556000E-5
1.420060000E+9	1.788434000E-5
1.420063333E+9	1.766225000E-5
1.420066667E+9	1.762445000E-5
1.420070000E+9	1.791252000E-5
1.420073333E+9	1.808325000E-5
1.420076667E+9	1.840448000E-5
1.420080000E+9	1.847881000E-5
1.420083333E+9	1.807309000E-5
1.420086667E+9	1.803166000E-5
1.420090000E+9	1.797110000E-5
1.420093333E+9	1.791988000E-5
1.420096667E+9	1.807329000E-5
1.420100000E+9	1.984758000E-5
1.420103333E+9	1.849174000E-5
1.420106667E+9	1.776037000E-5
1.420110000E+9	1.827458000E-5
1.420113333E+9	1.792798000E-5
1.420116667E+9	1.744318000E-5
1.420120000E+9	1.810511000E-5
1.420123333E+9	1.867466000E-5
1.420126667E+9	1.858686000E-5
1.420130000E+9	1.799980000E-5
1.420133333E+9	1.791767000E-5
1.420136667E+9	1.783109000E-5
1.420140000E+9	1.791720000E-5
1.420143333E+9	1.771379000E-5
1.420146667E+9	1.988029000E-5
1.420150000E+9	1.838648000E-5
1.420153333E+9	1.766964000E-5
1.420156667E+9	1.784815000E-5
1.420160000E+9	1.765135000E-5
1.420163333E+9	1.755763000E-5
1.420166667E+9	1.775412000E-5
1.420170000E+9	1.873520000E-5
1.420173333E+9	1.800644000E-5
1.420176667E+9	1.801852000E-5
1.420180000E+9	1.806956000E-5
1.420183333E+9	1.784329000E-5
1.420186667E+9	1.782656000E-5
1.420190000E+9	1.853780000E-5
1.420193333E+9	1.929716000E-5
1.420196667E+9	1.883536000E-5
1.420200000E+9	1.793367000E-5
1.420203333E+9	1.724834000E-5
1.420206667E+9	1.742175000E-5
1.420210000E+9	1.775443000E-5
1.420213333E+9	1.776964000E-5
1.420216667E+9	1.818685000E-5
1.420220000E+9	1.787782000E-5
1.420223333E+9	1.817282000E-5
1.420226667E+9	1.805617000E-5
1.420230000E+9	1.766902000E-5
1.420233333E+9	1.774903000E-5
1.420236667E+9	1.760119000E-5
1.420240000E+9	1.937588000E-5
1.420243333E+9	1.820401000E-5
1.420246667E+9	1.771922000E-5
1.420250000E+9	1.783949000E-5
1.420253333E+9	1.804117000E-5
1.420256667E+9	1.795408000E-5
1.420260000E+9	1.782600000E-5
1.420263333E+9	1.850041000E-5
1.420266667E+9	1.839050000E-5
1.420270000E+9	1.793883000E-5
1.420273333E+9	1.736423000E-5
1.420276667E+9	1.788795000E-5
1.420280000E+9	1.765858000E-5
1.420283333E+9	1.779266000E-5
1.420286667E+9	1.952784000E-5
1.420290000E+9	1.851240000E-5
1.420293333E+9	1.816592000E-5
1.420296667E+9	1.884481000E-5
1.420300000E+9	1.770086000E-5
1.420303333E+9	1.816590000E-5
1.420306667E+9	1.791917000E-5
1.420310000E+9	1.898741000E-5
1.420313333E+9	1.796353000E-5
1.420316667E+9	1.809723000E-5
1.420320000E+9	1.788300000E-5
1.420323333E+9	1.798303000E-5
1.420326667E+9	1.790367000E-5
1.420330000E+9	1.904046000E-5
1.420333333E+9	2.014577000E-5
1.420336667E+9	1.853754000E-5
1.420340000E+9	1.759400000E-5
1.420343333E+9	1.764461000E-5
1.420346667E+9	1.775261000E-5
1.420350000E+9	1.763723000E-5
1.420353333E+9	1.795755000E-5
1.420356667E+9	1.836520000E-5
1.420360000E+9	1.772844000E-5
1.420363333E+9	1.753547000E-5
1.420366667E+9	1.788610000E-5
1.420370000E+9	1.757344000E-5
1.420373333E+9	1.800201000E-5
1.420376667E+9	1.832846000E-5
1.420380000E+9	1.925692000E-5
1.420383333E+9	1.833713000E-5
1.420386667E+9	1.801528000E-5
1.420390000E+9	1.770146000E-5
1.420393333E+9	1.775716000E-5
1.420396667E+9	1.762124000E-5
1.420400000E+9	1.831697000E-5
1.420403333E+9	1.850941000E-5
1.420406667E+9	1.821295000E-5
1.420410000E+9	1.768524000E-5
1.420413333E+9	1.763297000E-5
1.420416667E+9	1.816049000E-5
1.420420000E+9	1.809934000E-5
1.420423333E+9	1.839460000E-5
1.420426667E+9	1.913205000E-5
1.420430000E+9	1.845553000E-5
1.420433333E+9	1.812673000E-5
1.420436667E+9	1.801401000E-5
1.420440000E+9	1.787682000E-5
1.420443333E+9	1.791974000E-5
1.420446667E+9	1.821291000E-5
1.420450000E+9	1.898993000E-5
1.420453333E+9	1.874804000E-5
1.420456667E+9	1.865652000E-5
1.420460000E+9	1.918572000E-5
1.420463333E+9	1.919096000E-5
1.420466667E+9	1.954852000E-5
1.420470000E+9	1.995874000E-5
1.420473333E+9	2.049187000E-5
1.420476667E+9	2.012773000E-5
1.420480000E+9	1.968105000E-5
1.420483333E+9	1.957081000E-5
1.420486667E+9	1.941027000E-5
1.420490000E+9	1.951371000E-5
1.420493333E+9	1.979952000E-5
1.420496667E+9	2.036174000E-5
1.420500000E+9	1.983078000E-5
1.420503333E+9	2.004650000E-5
1.420506667E+9	1.975351000E-5
1.420510000E+9	1.971763000E-5
1.420513333E+9	1.964776000E-5
1.420516667E+9	1.991603000E-5
1.420520000E+9	2.092249000E-5
1.420523333E+9	2.043072000E-5
1.420526667E+9	2.010783000E-5
1.420530000E+9	2.033290000E-5
1.420533333E+9	1.982292000E-5
1.420536667E+9	1.997343000E-5
1.420540000E+9	2.000126000E-5
1.420543333E+9	2.109352000E-5
1.420546667E+9	2.011289000E-5
1.420550000E+9	1.980491000E-5
1.420553333E+9	2.015626000E-5
1.420556667E+9	1.992540000E-5
1.420560000E+9	1.975824000E-5
1.420563333E+9	2.023138000E-5
1.420566667E+9	2.107982000E-5
1.420570000E+9	2.011286000E-5
1.420573333E+9	1.932105000E-5
1.420576667E+9	1.989899000E-5
1.420580000E+9	1.976158000E-5
1.420583333E+9	1.939261000E-5
1.420586667E+9	1.951538000E-5
1.420590000E+9	2.055830000E-5
1.420593333E+9	1.984559000E-5
1.420596667E+9	1.869127000E-5
1.420600000E+9	1.871900000E-5
1.420603333E+9	1.940068000E-5
1.420606667E+9	1.892792000E-5
1.420610000E+9	1.909372000E-5
1.420613333E+9	2.024002000E-5
1.420616667E+9	1.940302000E-5
1.420620000E+9	1.943176000E-5
1.420623333E+9	1.936259000E-5
1.420626667E+9	1.932016000E-5
1.420630000E+9	1.867753000E-5
1.420633333E+9	1.830221000E-5
1.420636667E+9	1.822607000E-5
1.420640000E+9	1.828398000E-5
1.420643333E+9	1.791704000E-5
1.420646667E+9	1.814720000E-5
1.420650000E+9	1.806993000E-5
1.420653333E+9	1.785459000E-5
1.420656667E+9	1.820423000E-5
1.420660000E+9	1.950913000E-5
1.420663333E+9	1.822239000E-5
1.420666667E+9	1.791616000E-5
1.420670000E+9	1.766124000E-5
1.420673333E+9	1.813881000E-5
1.420676667E+9	1.763349000E-5
1.420680000E+9	1.771533000E-5
1.420683333E+9	1.815670000E-5
1.420686667E+9	1.784628000E-5
1.420690000E+9	1.778293000E-5
1.420693333E+9	1.766760000E-5
1.420696667E+9	1.774383000E-5
1.420700000E+9	1.774201000E-5
1.420703333E+9	1.805250000E-5
1.420706667E+9	1.872667000E-5
1.420710000E+9	1.806565000E-5
1.420713333E+9	1.750583000E-5
1.420716667E+9	1.785844000E-5
1.420720000E+9	1.779817000E-5
1.420723333E+9	1.724680000E-5
1.420726667E+9	1.729778000E-5
1.420730000E+9	1.790680000E-5
1.420733333E+9	1.771200000E-5
1.420736667E+9	1.751808000E-5
1.420740000E+9	1.763589000E-5
1.420743333E+9	1.738185000E-5
1.420746667E+9	1.727713000E-5
1.420750000E+9	1.796779000E-5
1.420753333E+9	1.881808000E-5
1.420756667E+9	1.784730000E-5
1.420760000E+9	1.758122000E-5
1.420763333E+9	1.745529000E-5
1.420766667E+9	1.742586000E-5
1.420770000E+9	1.745269000E-5
1.420773333E+9	1.764680000E-5
1.420776667E+9	1.775010000E-5
1.420780000E+9	1.763429000E-5
1.420783333E+9	1.775328000E-5
1.420786667E+9	1.714666000E-5
1.420790000E+9	1.758846000E-5
1.420793333E+9	1.725925000E-5
1.420796667E+9	1.799918000E-5
1.420800000E+9	1.901463000E-5
1.420803333E+9	1.817094000E-5
1.420806667E+9	1.751048000E-5
1.420810000E+9	1.758570000E-5
1.420813333E+9	1.726279000E-5
1.420816667E+9	1.724582000E-5
1.420820000E+9	1.750879000E-5
1.420823333E+9	1.792546000E-5
1.420826667E+9	1.774480000E-5
1.420830000E+9	1.733931000E-5
1.420833333E+9	1.728595000E-5
1.420836667E+9	1.704198000E-5
1.420840000E+9	1.734512000E-5
1.420843333E+9	1.738073000E-5
1.420846667E+9	1.857886000E-5
1.420850000E+9	1.765319000E-5
1.420853333E+9	1.728225000E-5
1.420856667E+9	1.720410000E-5
1.420860000E+9	1.775433000E-5
1.420863333E+9	1.716883000E-5
1.420866667E+9	1.781537000E-5
1.420870000E+9	1.762335000E-5
1.420873333E+9	1.738729000E-5
1.420876667E+9	1.732380000E-5
1.420880000E+9	1.734001000E-5
1.420883333E+9	2.119465000E-5
1.420886667E+9	2.013918000E-5
1.420890000E+9	1.776857000E-5
1.420893333E+9	1.861410000E-5
1.420896667E+9	1.862191000E-5
1.420900000E+9	1.803901000E-5
1.420903333E+9	1.749069000E-5
1.420906667E+9	1.782022000E-5
1.420910000E+9	1.740299000E-5
1.420913333E+9	2.063988000E-5
1.420916667E+9	2.027585000E-5
1.420920000E+9	2.014077000E-5
1.420923333E+9	1.766681000E-5
1.420926667E+9	1.732507000E-5
1.420930000E+9	1.789864000E-5
1.420933333E+9	1.784628000E-5
1.420936667E+9	1.778760000E-5
1.420940000E+9	1.832566000E-5
1.420943333E+9	1.778529000E-5
1.420946667E+9	1.698721000E-5
1.420950000E+9	1.744140000E-5
1.420953333E+9	1.747409000E-5
1.420956667E+9	1.728343000E-5
1.420960000E+9	1.751131000E-5
1.420963333E+9	1.801639000E-5
1.420966667E+9	1.757771000E-5
1.420970000E+9	1.741461000E-5
1.420973333E+9	1.777500000E-5
1.420976667E+9	1.703605000E-5
1.420980000E+9	1.733259000E-5
1.420983333E+9	1.807142000E-5
1.420986667E+9	1.886630000E-5
1.420990000E+9	1.804129000E-5
1.420993333E+9	1.727997000E-5
1.420996667E+9	1.736289000E-5
1.421000000E+9	1.721200000E-5
1.421003333E+9	1.777768000E-5
1.421006667E+9	1.742456000E-5
1.421010000E+9	1.800090000E-5
1.421013333E+9	1.727988000E-5
1.421016667E+9	1.750838000E-5
1.421020000E+9	1.721555000E-5
1.421023333E+9	1.730899000E-5
1.421026667E+9	1.799069000E-5
1.421030000E+9	1.782754000E-5
1.421033333E+9	1.863697000E-5
1.421036667E+9	1.794293000E-5
1.421040000E+9	1.785459000E-5
1.421043333E+9	1.730849000E-5
1.421046667E+9	1.772420000E-5
1.421050000E+9	1.776778000E-5
1.421053333E+9	1.760898000E-5
1.421056667E+9	1.781631000E-5
1.421060000E+9	1.744680000E-5
1.421063333E+9	1.725768000E-5
1.421066667E+9	1.739944000E-5
1.421070000E+9	1.769698000E-5
1.421073333E+9	1.743535000E-5
1.421076667E+9	1.781823000E-5
1.421080000E+9	1.835909000E-5
1.421083333E+9	1.755123000E-5
1.421086667E+9	1.715127000E-5
1.421090000E+9	1.744045000E-5
1.421093333E+9	1.796223000E-5
1.421096667E+9	1.789121000E-5
1.421100000E+9	1.747477000E-5
1.421103333E+9	1.796128000E-5
1.421106667E+9	1.747930000E-5
1.421110000E+9	1.768765000E-5
1.421113333E+9	1.747758000E-5
1.421116667E+9	1.753566000E-5
1.421120000E+9	1.748030000E-5
1.421123333E+9	1.688316000E-5
1.421126667E+9	1.851329000E-5
1.421130000E+9	1.775349000E-5
1.421133333E+9	1.744349000E-5
1.421136667E+9	1.770331000E-5
1.421140000E+9	1.720270000E-5
1.421143333E+9	1.769346000E-5
1.421146667E+9	1.743878000E-5
1.421150000E+9	1.768882000E-5
1.421153333E+9	1.763878000E-5
1.421156667E+9	1.764108000E-5
1.421160000E+9	1.740934000E-5
1.421163333E+9	1.769523000E-5
1.421166667E+9	1.694323000E-5
1.421170000E+9	1.785387000E-5
1.421173333E+9	1.824437000E-5
1.421176667E+9	1.965203000E-5
1.421180000E+9	2.139422000E-5
1.421183333E+9	1.747501000E-5
1.421186667E+9	1.749824000E-5
1.421190000E+9	1.781950000E-5
1.421193333E+9	1.750758000E-5
1.421196667E+9	1.755745000E-5
1.421200000E+9	1.790349000E-5
1.421203333E+9	1.756000000E-5
1.421206667E+9	1.856728000E-5
1.421210000E+9	1.869002000E-5
1.421213333E+9	1.859747000E-5
1.421216667E+9	1.751227000E-5
1.421220000E+9	1.805799000E-5
1.421223333E+9	1.742489000E-5
1.421226667E+9	1.728745000E-5
1.421230000E+9	1.710908000E-5
1.421233333E+9	1.747543000E-5
1.421236667E+9	1.733352000E-5
1.421240000E+9	1.724022000E-5
1.421243333E+9	1.779627000E-5
1.421246667E+9	1.761894000E-5
1.421250000E+9	1.765060000E-5
1.421253333E+9	1.736348000E-5
1.421256667E+9	1.735310000E-5
1.421260000E+9	1.754606000E-5
1.421263333E+9	1.777126000E-5
1.421266667E+9	1.835288000E-5
1.421270000E+9	1.750248000E-5
1.421273333E+9	1.706057000E-5
1.421276667E+9	1.732028000E-5
1.421280000E+9	1.904698000E-5
1.421283333E+9	1.749376000E-5
1.421286667E+9	1.700944000E-5
1.421290000E+9	1.751069000E-5
1.421293333E+9	1.722506000E-5
1.421296667E+9	1.774137000E-5
1.421300000E+9	1.755697000E-5
1.421303333E+9	1.734851000E-5
1.421306667E+9	1.732939000E-5
1.421310000E+9	1.791218000E-5
1.421313333E+9	1.830012000E-5
1.421316667E+9	1.723529000E-5
1.421320000E+9	1.701456000E-5
1.421323333E+9	1.705625000E-5
1.421326667E+9	1.733527000E-5
1.421330000E+9	1.725608000E-5
1.421333333E+9	1.717055000E-5
1.421336667E+9	1.790568000E-5
1.421340000E+9	1.733183000E-5
1.421343333E+9	1.746394000E-5
1.421346667E+9	2.000271000E-5
1.421350000E+9	1.816833000E-5
1.421353333E+9	1.722765000E-5
1.421356667E+9	1.761677000E-5
1.421360000E+9	1.812066000E-5
1.421363333E+9	1.728191000E-5
1.421366667E+9	1.724381000E-5
1.421370000E+9	1.701925000E-5
1.421373333E+9	1.706961000E-5
1.421376667E+9	1.699394000E-5
1.421380000E+9	1.718358000E-5
1.421383333E+9	1.755695000E-5
1.421386667E+9	1.712478000E-5
1.421390000E+9	1.727311000E-5
1.421393333E+9	1.716883000E-5
1.421396667E+9	1.698106000E-5
1.421400000E+9	1.750696000E-5
