Frequency, Hz	Amplitude, Volts
1.419400000E+9	2.029171000E-5
1.419403333E+9	1.938856000E-5
1.419406667E+9	1.961022000E-5
1.419410000E+9	2.001292000E-5
1.419413333E+9	1.961215000E-5
1.419416667E+9	1.949855000E-5
1.419420000E+9	2.002050000E-5
1.419423333E+9	2.003572000E-5
1.419426667E+9	1.961577000E-5
1.419430000E+9	1.968075000E-5
1.419433333E+9	1.974950000E-5
1.419436667E+9	1.971659000E-5
1.419440000E+9	1.958644000E-5
1.419443333E+9	2.020636000E-5
1.419446667E+9	2.032389000E-5
1.419450000E+9	1.986583000E-5
1.419453333E+9	2.174748000E-5
1.419456667E+9	2.047790000E-5
1.419460000E+9	1.970373000E-5
1.419463333E+9	1.941607000E-5
1.419466667E+9	1.980035000E-5
1.419470000E+9	2.014449000E-5
1.419473333E+9	1.948152000E-5
1.419476667E+9	1.925462000E-5
1.419480000E+9	1.931592000E-5
1.419483333E+9	1.970652000E-5
1.419486667E+9	1.966582000E-5
1.419490000E+9	2.021115000E-5
1.419493333E+9	1.993997000E-5
1.419496667E+9	1.922308000E-5
1.419500000E+9	1.939144000E-5
1.419503333E+9	1.982589000E-5
1.419506667E+9	1.943991000E-5
1.419510000E+9	1.927105000E-5
1.419513333E+9	1.990698000E-5
1.419516667E+9	1.978596000E-5
1.419520000E+9	1.959797000E-5
1.419523333E+9	1.964862000E-5
1.419526667E+9	1.986489000E-5
1.419530000E+9	1.970544000E-5
1.419533333E+9	1.973894000E-5
1.419536667E+9	2.040117000E-5
1.419540000E+9	2.000545000E-5
1.419543333E+9	1.978075000E-5
1.419546667E+9	1.919545000E-5
1.419550000E+9	1.939480000E-5
1.419553333E+9	1.917336000E-5
1.419556667E+9	1.958667000E-5
1.419560000E+9	1.961599000E-5
1.419563333E+9	1.972661000E-5
1.419566667E+9	1.930578000E-5
1.419570000E+9	1.938207000E-5
1.419573333E+9	1.944886000E-5
1.419576667E+9	1.911559000E-5
1.419580000E+9	1.963234000E-5
1.419583333E+9	2.042621000E-5
1.419586667E+9	2.006667000E-5
1.419590000E+9	1.969151000E-5
1.419593333E+9	1.920937000E-5
1.419596667E+9	1.932591000E-5
1.419600000E+9	1.941136000E-5
1.419603333E+9	1.942922000E-5
1.419606667E+9	1.972046000E-5
1.419610000E+9	1.964620000E-5
1.419613333E+9	1.942916000E-5
1.419616667E+9	1.950440000E-5
1.419620000E+9	1.964109000E-5
1.419623333E+9	1.901298000E-5
1.419626667E+9	1.999019000E-5
1.419630000E+9	2.046105000E-5
1.419633333E+9	1.991658000E-5
1.419636667E+9	1.952833000E-5
1.419640000E+9	1.937724000E-5
1.419643333E+9	1.951592000E-5
1.419646667E+9	1.925468000E-5
1.419650000E+9	1.959500000E-5
1.419653333E+9	1.957341000E-5
1.419656667E+9	1.915055000E-5
1.419660000E+9	1.948212000E-5
1.419663333E+9	1.894349000E-5
1.419666667E+9	1.973166000E-5
1.419670000E+9	1.962635000E-5
1.419673333E+9	1.947087000E-5
1.419676667E+9	2.058704000E-5
1.419680000E+9	2.033904000E-5
1.419683333E+9	1.939908000E-5
1.419686667E+9	1.929900000E-5
1.419690000E+9	1.924092000E-5
1.419693333E+9	1.915886000E-5
1.419696667E+9	1.914439000E-5
1.419700000E+9	1.933833000E-5
1.419703333E+9	1.925358000E-5
1.419706667E+9	1.926200000E-5
1.419710000E+9	1.921593000E-5
1.419713333E+9	1.947576000E-5
1.419716667E+9	1.918330000E-5
1.419720000E+9	1.974861000E-5
1.419723333E+9	2.035882000E-5
1.419726667E+9	2.010032000E-5
1.419730000E+9	1.950984000E-5
1.419733333E+9	1.945110000E-5
1.419736667E+9	1.940377000E-5
1.419740000E+9	1.930697000E-5
1.419743333E+9	1.985250000E-5
1.419746667E+9	2.279140000E-5
1.419750000E+9	2.031500000E-5
1.419753333E+9	1.907928000E-5
1.419756667E+9	1.968112000E-5
1.419760000E+9	1.909401000E-5
1.419763333E+9	1.947625000E-5
1.419766667E+9	1.927111000E-5
1.419770000E+9	2.049263000E-5
1.419773333E+9	2.001591000E-5
1.419776667E+9	1.927059000E-5
1.419780000E+9	1.915873000E-5
1.419783333E+9	1.914681000E-5
1.419786667E+9	1.935976000E-5
1.419790000E+9	1.924099000E-5
1.419793333E+9	2.017982000E-5
1.419796667E+9	1.925244000E-5
1.419800000E+9	1.947679000E-5
1.419803333E+9	1.886071000E-5
1.419806667E+9	1.905987000E-5
1.419810000E+9	1.920538000E-5
1.419813333E+9	1.933824000E-5
1.419816667E+9	1.981181000E-5
1.419820000E+9	1.970657000E-5
1.419823333E+9	1.954292000E-5
1.419826667E+9	1.907613000E-5
1.419830000E+9	1.918222000E-5
1.419833333E+9	1.918163000E-5
1.419836667E+9	1.915368000E-5
1.419840000E+9	1.991304000E-5
1.419843333E+9	1.899873000E-5
1.419846667E+9	1.930093000E-5
1.419850000E+9	1.941673000E-5
1.419853333E+9	1.921740000E-5
1.419856667E+9	1.914384000E-5
1.419860000E+9	1.941903000E-5
1.419863333E+9	2.012035000E-5
1.419866667E+9	1.952657000E-5
1.419870000E+9	1.873816000E-5
1.419873333E+9	1.924618000E-5
1.419876667E+9	1.918677000E-5
1.419880000E+9	1.944028000E-5
1.419883333E+9	1.970181000E-5
1.419886667E+9	1.959184000E-5
1.419890000E+9	1.935162000E-5
1.419893333E+9	1.970475000E-5
1.419896667E+9	1.889592000E-5
1.419900000E+9	1.922853000E-5
1.419903333E+9	1.879932000E-5
1.419906667E+9	1.963601000E-5
1.419910000E+9	2.004983000E-5
1.419913333E+9	1.967695000E-5
1.419916667E+9	1.918186000E-5
1.419920000E+9	1.912930000E-5
1.419923333E+9	1.934731000E-5
1.419926667E+9	1.955015000E-5
1.419930000E+9	1.949108000E-5
1.419933333E+9	1.968481000E-5
1.419936667E+9	1.941790000E-5
1.419940000E+9	1.879503000E-5
1.419943333E+9	1.905426000E-5
1.419946667E+9	1.921013000E-5
1.419950000E+9	1.888226000E-5
1.419953333E+9	1.952196000E-5
1.419956667E+9	1.978687000E-5
1.419960000E+9	1.942818000E-5
1.419963333E+9	1.883751000E-5
1.419966667E+9	1.909413000E-5
1.419970000E+9	1.923592000E-5
1.419973333E+9	1.949596000E-5
1.419976667E+9	1.963592000E-5
1.419980000E+9	1.975002000E-5
1.419983333E+9	1.932926000E-5
1.419986667E+9	1.903160000E-5
1.419990000E+9	1.938320000E-5
1.419993333E+9	1.948085000E-5
1.419996667E+9	1.907012000E-5
1.420000000E+9	1.943225000E-5
1.420003333E+9	2.006687000E-5
1.420006667E+9	1.953762000E-5
1.420010000E+9	1.930996000E-5
1.420013333E+9	1.896874000E-5
1.420016667E+9	1.907324000E-5
1.420020000E+9	1.977586000E-5
1.420023333E+9	1.916643000E-5
1.420026667E+9	1.940074000E-5
1.420030000E+9	1.931318000E-5
1.420033333E+9	1.952865000E-5
1.420036667E+9	2.022054000E-5
1.420040000E+9	2.189206000E-5
1.420043333E+9	1.978987000E-5
1.420046667E+9	1.940910000E-5
1.420050000E+9	2.011300000E-5
1.420053333E+9	1.949423000E-5
1.420056667E+9	1.906765000E-5
1.420060000E+9	1.940876000E-5
1.420063333E+9	1.924407000E-5
1.420066667E+9	1.960229000E-5
1.420070000E+9	1.943951000E-5
1.420073333E+9	1.924914000E-5
1.420076667E+9	1.866465000E-5
1.420080000E+9	1.914164000E-5
1.420083333E+9	1.907796000E-5
1.420086667E+9	1.921584000E-5
1.420090000E+9	1.918595000E-5
1.420093333E+9	1.925768000E-5
1.420096667E+9	1.985632000E-5
1.420100000E+9	1.963027000E-5
1.420103333E+9	1.903941000E-5
1.420106667E+9	1.942374000E-5
1.420110000E+9	1.951860000E-5
1.420113333E+9	1.882562000E-5
1.420116667E+9	1.877604000E-5
1.420120000E+9	1.922796000E-5
1.420123333E+9	1.905495000E-5
1.420126667E+9	1.923714000E-5
1.420130000E+9	1.929548000E-5
1.420133333E+9	1.912848000E-5
1.420136667E+9	1.900487000E-5
1.420140000E+9	1.937341000E-5
1.420143333E+9	1.982029000E-5
1.420146667E+9	1.932355000E-5
1.420150000E+9	1.921932000E-5
1.420153333E+9	1.919832000E-5
1.420156667E+9	1.892586000E-5
1.420160000E+9	1.925908000E-5
1.420163333E+9	1.921937000E-5
1.420166667E+9	1.945038000E-5
1.420170000E+9	1.906541000E-5
1.420173333E+9	1.941521000E-5
1.420176667E+9	1.915175000E-5
1.420180000E+9	1.894008000E-5
1.420183333E+9	1.905271000E-5
1.420186667E+9	1.917216000E-5
1.420190000E+9	1.997174000E-5
1.420193333E+9	1.923959000E-5
1.420196667E+9	1.897757000E-5
1.420200000E+9	1.904000000E-5
1.420203333E+9	1.898139000E-5
1.420206667E+9	1.919813000E-5
1.420210000E+9	1.917432000E-5
1.420213333E+9	1.927281000E-5
1.420216667E+9	1.918641000E-5
1.420220000E+9	1.878214000E-5
1.420223333E+9	1.903043000E-5
1.420226667E+9	1.919617000E-5
1.420230000E+9	1.907084000E-5
1.420233333E+9	1.937650000E-5
1.420236667E+9	1.978431000E-5
1.420240000E+9	1.919286000E-5
1.420243333E+9	1.926580000E-5
1.420246667E+9	1.908908000E-5
1.420250000E+9	1.916618000E-5
1.420253333E+9	1.945971000E-5
1.420256667E+9	1.924787000E-5
1.420260000E+9	1.942805000E-5
1.420263333E+9	1.969845000E-5
1.420266667E+9	1.964575000E-5
1.420270000E+9	1.949005000E-5
1.420273333E+9	1.998721000E-5
1.420276667E+9	1.962271000E-5
1.420280000E+9	2.017459000E-5
1.420283333E+9	2.055018000E-5
1.420286667E+9	1.978370000E-5
1.420290000E+9	1.977145000E-5
1.420293333E+9	2.000429000E-5
1.420296667E+9	1.972159000E-5
1.420300000E+9	1.991916000E-5
1.420303333E+9	1.958926000E-5
1.420306667E+9	1.975570000E-5
1.420310000E+9	2.002804000E-5
1.420313333E+9	1.990698000E-5
1.420316667E+9	1.951631000E-5
1.420320000E+9	1.964043000E-5
1.420323333E+9	1.971388000E-5
1.420326667E+9	1.999070000E-5
1.420330000E+9	2.104931000E-5
1.420333333E+9	2.289870000E-5
1.420336667E+9	2.012059000E-5
1.420340000E+9	1.933421000E-5
1.420343333E+9	1.949266000E-5
1.420346667E+9	1.914672000E-5
1.420350000E+9	1.927052000E-5
1.420353333E+9	1.966578000E-5
1.420356667E+9	1.971747000E-5
1.420360000E+9	1.932358000E-5
1.420363333E+9	1.945245000E-5
1.420366667E+9	1.910976000E-5
1.420370000E+9	1.934236000E-5
1.420373333E+9	1.968187000E-5
1.420376667E+9	2.029982000E-5
1.420380000E+9	1.963775000E-5
1.420383333E+9	1.926202000E-5
1.420386667E+9	1.973040000E-5
1.420390000E+9	1.870207000E-5
1.420393333E+9	1.894362000E-5
1.420396667E+9	1.894044000E-5
1.420400000E+9	1.915122000E-5
1.420403333E+9	1.919039000E-5
1.420406667E+9	1.933966000E-5
1.420410000E+9	1.921502000E-5
1.420413333E+9	1.914262000E-5
1.420416667E+9	1.919326000E-5
1.420420000E+9	1.944790000E-5
1.420423333E+9	2.002039000E-5
1.420426667E+9	1.891633000E-5
1.420430000E+9	1.883594000E-5
1.420433333E+9	1.881593000E-5
1.420436667E+9	1.902541000E-5
1.420440000E+9	1.906931000E-5
1.420443333E+9	1.900334000E-5
1.420446667E+9	1.928508000E-5
1.420450000E+9	1.949921000E-5
1.420453333E+9	1.890823000E-5
1.420456667E+9	1.916441000E-5
1.420460000E+9	1.894175000E-5
1.420463333E+9	1.922376000E-5
1.420466667E+9	1.933028000E-5
1.420470000E+9	2.001571000E-5
1.420473333E+9	1.933446000E-5
1.420476667E+9	1.907331000E-5
1.420480000E+9	1.896876000E-5
1.420483333E+9	1.905792000E-5
1.420486667E+9	1.889254000E-5
1.420490000E+9	1.871125000E-5
1.420493333E+9	1.934767000E-5
1.420496667E+9	1.884663000E-5
1.420500000E+9	1.921196000E-5
1.420503333E+9	1.927820000E-5
1.420506667E+9	1.924246000E-5
1.420510000E+9	1.899698000E-5
1.420513333E+9	1.894196000E-5
1.420516667E+9	1.951076000E-5
1.420520000E+9	1.933918000E-5
1.420523333E+9	1.891271000E-5
1.420526667E+9	1.873707000E-5
1.420530000E+9	1.936242000E-5
1.420533333E+9	1.907385000E-5
1.420536667E+9	1.948723000E-5
1.420540000E+9	1.919128000E-5
1.420543333E+9	1.935545000E-5
1.420546667E+9	1.909474000E-5
1.420550000E+9	1.906895000E-5
1.420553333E+9	1.895142000E-5
1.420556667E+9	1.894262000E-5
1.420560000E+9	1.894901000E-5
1.420563333E+9	1.925574000E-5
1.420566667E+9	1.912242000E-5
1.420570000E+9	1.880155000E-5
1.420573333E+9	1.903511000E-5
1.420576667E+9	1.904524000E-5
1.420580000E+9	1.902098000E-5
1.420583333E+9	1.929451000E-5
1.420586667E+9	1.914069000E-5
1.420590000E+9	1.892250000E-5
1.420593333E+9	1.937720000E-5
1.420596667E+9	1.899873000E-5
1.420600000E+9	1.891107000E-5
1.420603333E+9	1.911251000E-5
1.420606667E+9	1.975947000E-5
1.420610000E+9	1.961146000E-5
1.420613333E+9	1.896220000E-5
1.420616667E+9	1.849079000E-5
1.420620000E+9	1.958943000E-5
1.420623333E+9	2.023684000E-5
1.420626667E+9	2.418626000E-5
1.420630000E+9	1.950662000E-5
1.420633333E+9	1.932565000E-5
1.420636667E+9	1.876880000E-5
1.420640000E+9	1.909925000E-5
1.420643333E+9	1.908229000E-5
1.420646667E+9	1.844567000E-5
1.420650000E+9	1.887780000E-5
1.420653333E+9	1.888304000E-5
1.420656667E+9	1.971141000E-5
1.420660000E+9	1.918736000E-5
1.420663333E+9	1.880841000E-5
1.420666667E+9	1.900405000E-5
1.420670000E+9	1.914817000E-5
1.420673333E+9	1.882134000E-5
1.420676667E+9	1.871143000E-5
1.420680000E+9	1.925320000E-5
1.420683333E+9	1.878447000E-5
1.420686667E+9	1.894025000E-5
1.420690000E+9	1.889285000E-5
1.420693333E+9	1.881582000E-5
1.420696667E+9	1.901217000E-5
1.420700000E+9	1.915591000E-5
1.420703333E+9	1.954671000E-5
1.420706667E+9	1.901810000E-5
1.420710000E+9	1.860311000E-5
1.420713333E+9	1.883654000E-5
1.420716667E+9	1.901864000E-5
1.420720000E+9	1.889252000E-5
1.420723333E+9	1.868269000E-5
1.420726667E+9	1.896089000E-5
1.420730000E+9	1.851858000E-5
1.420733333E+9	1.891728000E-5
1.420736667E+9	1.938886000E-5
1.420740000E+9	1.910519000E-5
1.420743333E+9	1.885646000E-5
1.420746667E+9	1.918401000E-5
1.420750000E+9	1.913317000E-5
1.420753333E+9	1.892840000E-5
1.420756667E+9	1.896974000E-5
1.420760000E+9	1.867183000E-5
1.420763333E+9	1.872697000E-5
1.420766667E+9	1.870568000E-5
1.420770000E+9	1.916656000E-5
1.420773333E+9	1.920762000E-5
1.420776667E+9	1.890686000E-5
1.420780000E+9	1.894645000E-5
1.420783333E+9	1.900887000E-5
1.420786667E+9	1.901042000E-5
1.420790000E+9	1.857321000E-5
1.420793333E+9	1.914027000E-5
1.420796667E+9	1.938141000E-5
1.420800000E+9	1.880350000E-5
1.420803333E+9	1.894145000E-5
1.420806667E+9	1.875576000E-5
1.420810000E+9	1.894545000E-5
1.420813333E+9	1.873030000E-5
1.420816667E+9	1.887353000E-5
1.420820000E+9	1.889294000E-5
1.420823333E+9	1.883317000E-5
1.420826667E+9	1.885017000E-5
1.420830000E+9	1.828610000E-5
1.420833333E+9	1.873444000E-5
1.420836667E+9	1.899041000E-5
1.420840000E+9	1.926724000E-5
1.420843333E+9	1.944683000E-5
1.420846667E+9	1.887581000E-5
1.420850000E+9	1.861535000E-5
1.420853333E+9	1.892686000E-5
1.420856667E+9	1.900601000E-5
1.420860000E+9	1.857941000E-5
1.420863333E+9	1.860632000E-5
1.420866667E+9	1.898483000E-5
1.420870000E+9	1.897457000E-5
1.420873333E+9	1.911847000E-5
1.420876667E+9	1.902898000E-5
1.420880000E+9	1.866275000E-5
1.420883333E+9	1.897653000E-5
1.420886667E+9	1.923921000E-5
1.420890000E+9	1.919240000E-5
1.420893333E+9	1.917472000E-5
1.420896667E+9	1.920835000E-5
1.420900000E+9	2.046024000E-5
1.420903333E+9	1.911916000E-5
1.420906667E+9	1.904397000E-5
1.420910000E+9	1.902151000E-5
1.420913333E+9	2.031797000E-5
1.420916667E+9	2.369398000E-5
1.420920000E+9	3.107046000E-5
1.420923333E+9	1.979900000E-5
1.420926667E+9	1.957259000E-5
1.420930000E+9	1.906033000E-5
1.420933333E+9	1.929462000E-5
1.420936667E+9	1.936803000E-5
1.420940000E+9	1.896818000E-5
1.420943333E+9	1.868811000E-5
1.420946667E+9	1.855479000E-5
1.420950000E+9	1.873382000E-5
1.420953333E+9	1.889769000E-5
1.420956667E+9	1.904531000E-5
1.420960000E+9	1.873413000E-5
1.420963333E+9	1.884996000E-5
1.420966667E+9	1.883507000E-5
1.420970000E+9	1.924185000E-5
1.420973333E+9	1.884380000E-5
1.420976667E+9	1.882820000E-5
1.420980000E+9	1.914138000E-5
1.420983333E+9	1.930553000E-5
1.420986667E+9	1.924999000E-5
1.420990000E+9	1.855440000E-5
1.420993333E+9	1.905409000E-5
1.420996667E+9	1.871020000E-5
1.421000000E+9	1.871696000E-5
1.421003333E+9	1.890663000E-5
1.421006667E+9	1.907182000E-5
1.421010000E+9	1.899075000E-5
1.421013333E+9	1.897226000E-5
1.421016667E+9	1.860567000E-5
1.421020000E+9	1.873915000E-5
1.421023333E+9	1.903870000E-5
1.421026667E+9	1.897568000E-5
1.421030000E+9	1.938020000E-5
1.421033333E+9	1.912796000E-5
1.421036667E+9	1.875636000E-5
1.421040000E+9	1.900399000E-5
1.421043333E+9	1.867794000E-5
1.421046667E+9	1.830010000E-5
1.421050000E+9	1.887067000E-5
1.421053333E+9	1.891161000E-5
1.421056667E+9	1.900731000E-5
1.421060000E+9	1.879761000E-5
1.421063333E+9	1.891265000E-5
1.421066667E+9	1.880787000E-5
1.421070000E+9	1.869244000E-5
1.421073333E+9	1.884264000E-5
1.421076667E+9	1.926322000E-5
1.421080000E+9	1.916111000E-5
1.421083333E+9	1.900128000E-5
1.421086667E+9	1.893484000E-5
1.421090000E+9	1.858925000E-5
1.421093333E+9	1.882649000E-5
1.421096667E+9	1.908854000E-5
1.421100000E+9	1.906194000E-5
1.421103333E+9	1.872901000E-5
1.421106667E+9	1.876056000E-5
1.421110000E+9	1.888016000E-5
1.421113333E+9	1.860953000E-5
1.421116667E+9	1.897449000E-5
1.421120000E+9	1.899665000E-5
1.421123333E+9	1.911943000E-5
1.421126667E+9	1.925496000E-5
1.421130000E+9	1.874166000E-5
1.421133333E+9	1.896341000E-5
1.421136667E+9	1.870675000E-5
1.421140000E+9	1.891917000E-5
1.421143333E+9	1.871324000E-5
1.421146667E+9	1.924678000E-5
1.421150000E+9	1.933385000E-5
1.421153333E+9	1.828028000E-5
1.421156667E+9	1.908104000E-5
1.421160000E+9	1.880513000E-5
1.421163333E+9	1.864073000E-5
1.421166667E+9	1.911089000E-5
1.421170000E+9	1.982650000E-5
1.421173333E+9	1.889846000E-5
1.421176667E+9	1.912544000E-5
1.421180000E+9	1.882758000E-5
1.421183333E+9	1.866064000E-5
1.421186667E+9	1.868713000E-5
1.421190000E+9	1.899911000E-5
1.421193333E+9	1.926229000E-5
1.421196667E+9	1.904271000E-5
1.421200000E+9	1.886524000E-5
1.421203333E+9	1.879154000E-5
1.421206667E+9	1.967252000E-5
1.421210000E+9	2.096232000E-5
1.421213333E+9	2.368964000E-5
1.421216667E+9	1.959338000E-5
1.421220000E+9	1.908378000E-5
1.421223333E+9	1.897666000E-5
1.421226667E+9	1.909208000E-5
1.421230000E+9	1.837514000E-5
1.421233333E+9	1.873394000E-5
1.421236667E+9	1.881062000E-5
1.421240000E+9	1.906646000E-5
1.421243333E+9	1.911755000E-5
1.421246667E+9	1.901864000E-5
1.421250000E+9	1.849355000E-5
1.421253333E+9	1.885704000E-5
1.421256667E+9	1.873759000E-5
1.421260000E+9	1.902019000E-5
1.421263333E+9	1.912865000E-5
1.421266667E+9	1.889499000E-5
1.421270000E+9	1.868140000E-5
1.421273333E+9	1.854112000E-5
1.421276667E+9	1.893541000E-5
1.421280000E+9	1.892163000E-5
1.421283333E+9	1.873709000E-5
1.421286667E+9	1.915884000E-5
1.421290000E+9	1.846563000E-5
1.421293333E+9	1.891203000E-5
1.421296667E+9	1.880605000E-5
1.421300000E+9	1.891186000E-5
1.421303333E+9	1.868372000E-5
1.421306667E+9	1.910428000E-5
1.421310000E+9	1.908351000E-5
1.421313333E+9	1.854462000E-5
1.421316667E+9	1.873779000E-5
1.421320000E+9	1.891793000E-5
1.421323333E+9	1.846640000E-5
1.421326667E+9	1.890026000E-5
1.421330000E+9	1.883122000E-5
1.421333333E+9	1.890769000E-5
1.421336667E+9	1.871425000E-5
1.421340000E+9	1.898091000E-5
1.421343333E+9	1.916544000E-5
1.421346667E+9	1.906901000E-5
1.421350000E+9	1.878991000E-5
1.421353333E+9	2.106133000E-5
1.421356667E+9	2.098615000E-5
1.421360000E+9	1.914819000E-5
1.421363333E+9	1.952004000E-5
1.421366667E+9	2.043323000E-5
1.421370000E+9	1.900053000E-5
1.421373333E+9	1.920262000E-5
1.421376667E+9	1.925735000E-5
1.421380000E+9	1.895646000E-5
1.421383333E+9	1.860789000E-5
1.421386667E+9	1.852187000E-5
1.421390000E+9	1.887743000E-5
1.421393333E+9	1.881138000E-5
1.421396667E+9	1.889045000E-5
1.421400000E+9	1.959382000E-5
