Frequency, Hz	Amplitude, Volts
1.419400000E+9	2.317643000E-5
1.419403333E+9	2.295249000E-5
1.419406667E+9	2.310914000E-5
1.419410000E+9	2.327461000E-5
1.419413333E+9	2.324092000E-5
1.419416667E+9	2.331701000E-5
1.419420000E+9	2.293513000E-5
1.419423333E+9	2.270358000E-5
1.419426667E+9	2.309108000E-5
1.419430000E+9	2.319684000E-5
1.419433333E+9	2.312602000E-5
1.419436667E+9	2.304096000E-5
1.419440000E+9	2.275049000E-5
1.419443333E+9	2.326564000E-5
1.419446667E+9	2.485959000E-5
1.419450000E+9	2.690503000E-5
1.419453333E+9	3.027089000E-5
1.419456667E+9	2.737124000E-5
1.419460000E+9	2.390097000E-5
1.419463333E+9	2.383090000E-5
1.419466667E+9	2.324031000E-5
1.419470000E+9	2.304742000E-5
1.419473333E+9	2.308082000E-5
1.419476667E+9	2.305248000E-5
1.419480000E+9	2.356357000E-5
1.419483333E+9	2.279805000E-5
1.419486667E+9	2.317210000E-5
1.419490000E+9	2.326451000E-5
1.419493333E+9	2.294410000E-5
1.419496667E+9	2.268703000E-5
1.419500000E+9	2.344236000E-5
1.419503333E+9	2.311871000E-5
1.419506667E+9	2.289976000E-5
1.419510000E+9	2.316839000E-5
1.419513333E+9	2.297761000E-5
1.419516667E+9	2.270226000E-5
1.419520000E+9	2.302779000E-5
1.419523333E+9	2.275074000E-5
1.419526667E+9	2.273411000E-5
1.419530000E+9	2.330985000E-5
1.419533333E+9	2.287633000E-5
1.419536667E+9	2.241872000E-5
1.419540000E+9	2.330286000E-5
1.419543333E+9	2.309263000E-5
1.419546667E+9	2.306704000E-5
1.419550000E+9	2.266607000E-5
1.419553333E+9	2.259186000E-5
1.419556667E+9	2.266453000E-5
1.419560000E+9	2.310995000E-5
1.419563333E+9	2.322577000E-5
1.419566667E+9	2.292275000E-5
1.419570000E+9	2.297445000E-5
1.419573333E+9	2.278749000E-5
1.419576667E+9	2.274365000E-5
1.419580000E+9	2.258320000E-5
1.419583333E+9	2.258677000E-5
1.419586667E+9	2.300818000E-5
1.419590000E+9	2.346461000E-5
1.419593333E+9	2.290028000E-5
1.419596667E+9	2.264657000E-5
1.419600000E+9	2.298424000E-5
1.419603333E+9	2.270433000E-5
1.419606667E+9	2.272131000E-5
1.419610000E+9	2.297990000E-5
1.419613333E+9	2.318338000E-5
1.419616667E+9	2.248350000E-5
1.419620000E+9	2.259848000E-5
1.419623333E+9	2.281626000E-5
1.419626667E+9	2.305714000E-5
1.419630000E+9	2.276509000E-5
1.419633333E+9	2.302465000E-5
1.419636667E+9	2.262765000E-5
1.419640000E+9	2.264309000E-5
1.419643333E+9	2.317592000E-5
1.419646667E+9	2.308906000E-5
1.419650000E+9	2.285773000E-5
1.419653333E+9	2.319234000E-5
1.419656667E+9	2.266318000E-5
1.419660000E+9	2.299509000E-5
1.419663333E+9	2.342484000E-5
1.419666667E+9	2.333576000E-5
1.419670000E+9	2.296235000E-5
1.419673333E+9	2.272418000E-5
1.419676667E+9	2.280596000E-5
1.419680000E+9	2.305185000E-5
1.419683333E+9	2.314167000E-5
1.419686667E+9	2.268278000E-5
1.419690000E+9	2.305577000E-5
1.419693333E+9	2.301247000E-5
1.419696667E+9	2.349397000E-5
1.419700000E+9	2.299969000E-5
1.419703333E+9	2.256736000E-5
1.419706667E+9	2.307745000E-5
1.419710000E+9	2.317185000E-5
1.419713333E+9	2.300532000E-5
1.419716667E+9	2.267551000E-5
1.419720000E+9	2.287131000E-5
1.419723333E+9	2.291761000E-5
1.419726667E+9	2.283681000E-5
1.419730000E+9	2.362709000E-5
1.419733333E+9	2.490754000E-5
1.419736667E+9	2.295746000E-5
1.419740000E+9	2.608474000E-5
1.419743333E+9	2.638981000E-5
1.419746667E+9	3.253184000E-5
1.419750000E+9	2.606055000E-5
1.419753333E+9	2.417607000E-5
1.419756667E+9	2.352882000E-5
1.419760000E+9	2.319308000E-5
1.419763333E+9	2.288091000E-5
1.419766667E+9	2.295622000E-5
1.419770000E+9	2.267418000E-5
1.419773333E+9	2.278256000E-5
1.419776667E+9	2.328005000E-5
1.419780000E+9	2.338095000E-5
1.419783333E+9	2.269391000E-5
1.419786667E+9	2.269237000E-5
1.419790000E+9	2.684153000E-5
1.419793333E+9	2.923167000E-5
1.419796667E+9	2.275394000E-5
1.419800000E+9	2.310891000E-5
1.419803333E+9	2.295451000E-5
1.419806667E+9	2.233717000E-5
1.419810000E+9	2.243085000E-5
1.419813333E+9	2.297324000E-5
1.419816667E+9	2.277719000E-5
1.419820000E+9	2.313448000E-5
1.419823333E+9	2.285439000E-5
1.419826667E+9	2.273149000E-5
1.419830000E+9	2.218970000E-5
1.419833333E+9	2.271126000E-5
1.419836667E+9	2.307854000E-5
1.419840000E+9	2.297365000E-5
1.419843333E+9	2.249476000E-5
1.419846667E+9	2.242743000E-5
1.419850000E+9	2.249078000E-5
1.419853333E+9	2.280524000E-5
1.419856667E+9	2.226068000E-5
1.419860000E+9	2.295486000E-5
1.419863333E+9	2.252543000E-5
1.419866667E+9	2.300959000E-5
1.419870000E+9	2.275452000E-5
1.419873333E+9	2.302382000E-5
1.419876667E+9	2.259828000E-5
1.419880000E+9	2.239362000E-5
1.419883333E+9	2.264607000E-5
1.419886667E+9	2.289810000E-5
1.419890000E+9	2.311247000E-5
1.419893333E+9	2.317012000E-5
1.419896667E+9	2.234043000E-5
1.419900000E+9	2.308802000E-5
1.419903333E+9	2.258839000E-5
1.419906667E+9	2.291263000E-5
1.419910000E+9	2.259074000E-5
1.419913333E+9	2.306301000E-5
1.419916667E+9	2.260565000E-5
1.419920000E+9	2.280569000E-5
1.419923333E+9	2.245079000E-5
1.419926667E+9	2.261779000E-5
1.419930000E+9	2.299065000E-5
1.419933333E+9	2.249577000E-5
1.419936667E+9	2.259052000E-5
1.419940000E+9	2.243388000E-5
1.419943333E+9	2.276336000E-5
1.419946667E+9	2.287031000E-5
1.419950000E+9	2.263821000E-5
1.419953333E+9	2.289357000E-5
1.419956667E+9	2.269267000E-5
1.419960000E+9	2.282475000E-5
1.419963333E+9	2.287377000E-5
1.419966667E+9	2.261484000E-5
1.419970000E+9	2.265107000E-5
1.419973333E+9	2.298253000E-5
1.419976667E+9	2.330107000E-5
1.419980000E+9	2.430777000E-5
1.419983333E+9	2.235358000E-5
1.419986667E+9	2.284343000E-5
1.419990000E+9	2.317948000E-5
1.419993333E+9	2.253079000E-5
1.419996667E+9	2.261166000E-5
1.420000000E+9	2.303758000E-5
1.420003333E+9	2.349789000E-5
1.420006667E+9	2.246864000E-5
1.420010000E+9	2.294279000E-5
1.420013333E+9	2.307269000E-5
1.420016667E+9	2.312848000E-5
1.420020000E+9	2.274200000E-5
1.420023333E+9	2.243644000E-5
1.420026667E+9	2.258023000E-5
1.420030000E+9	2.256474000E-5
1.420033333E+9	2.458174000E-5
1.420036667E+9	2.527604000E-5
1.420040000E+9	3.232887000E-5
1.420043333E+9	2.435794000E-5
1.420046667E+9	2.382680000E-5
1.420050000E+9	2.326293000E-5
1.420053333E+9	2.301995000E-5
1.420056667E+9	2.267849000E-5
1.420060000E+9	2.271587000E-5
1.420063333E+9	2.289669000E-5
1.420066667E+9	2.254502000E-5
1.420070000E+9	2.242637000E-5
1.420073333E+9	2.252177000E-5
1.420076667E+9	2.275799000E-5
1.420080000E+9	2.290189000E-5
1.420083333E+9	2.242753000E-5
1.420086667E+9	2.242359000E-5
1.420090000E+9	2.246464000E-5
1.420093333E+9	2.287076000E-5
1.420096667E+9	2.258511000E-5
1.420100000E+9	2.297556000E-5
1.420103333E+9	2.325381000E-5
1.420106667E+9	2.276164000E-5
1.420110000E+9	2.269269000E-5
1.420113333E+9	2.258848000E-5
1.420116667E+9	2.321004000E-5
1.420120000E+9	2.231324000E-5
1.420123333E+9	2.272890000E-5
1.420126667E+9	2.250518000E-5
1.420130000E+9	2.228633000E-5
1.420133333E+9	2.292808000E-5
1.420136667E+9	2.291829000E-5
1.420140000E+9	2.296961000E-5
1.420143333E+9	2.262798000E-5
1.420146667E+9	2.273416000E-5
1.420150000E+9	2.267737000E-5
1.420153333E+9	2.255981000E-5
1.420156667E+9	2.257039000E-5
1.420160000E+9	2.291127000E-5
1.420163333E+9	2.280704000E-5
1.420166667E+9	2.252333000E-5
1.420170000E+9	2.232444000E-5
1.420173333E+9	2.246610000E-5
1.420176667E+9	2.252476000E-5
1.420180000E+9	2.261357000E-5
1.420183333E+9	2.237109000E-5
1.420186667E+9	2.266896000E-5
1.420190000E+9	2.256773000E-5
1.420193333E+9	2.281475000E-5
1.420196667E+9	2.239554000E-5
1.420200000E+9	2.277626000E-5
1.420203333E+9	2.266737000E-5
1.420206667E+9	2.293639000E-5
1.420210000E+9	2.248461000E-5
1.420213333E+9	2.285281000E-5
1.420216667E+9	2.295370000E-5
1.420220000E+9	2.228193000E-5
1.420223333E+9	2.234649000E-5
1.420226667E+9	2.281125000E-5
1.420230000E+9	2.309889000E-5
1.420233333E+9	2.266052000E-5
1.420236667E+9	2.295287000E-5
1.420240000E+9	2.328869000E-5
1.420243333E+9	2.278384000E-5
1.420246667E+9	2.316038000E-5
1.420250000E+9	2.260915000E-5
1.420253333E+9	2.280949000E-5
1.420256667E+9	2.293413000E-5
1.420260000E+9	2.246183000E-5
1.420263333E+9	2.245670000E-5
1.420266667E+9	2.222732000E-5
1.420270000E+9	2.269536000E-5
1.420273333E+9	2.283280000E-5
1.420276667E+9	2.275257000E-5
1.420280000E+9	2.288322000E-5
1.420283333E+9	2.291653000E-5
1.420286667E+9	2.256496000E-5
1.420290000E+9	2.232988000E-5
1.420293333E+9	2.211767000E-5
1.420296667E+9	2.319249000E-5
1.420300000E+9	2.276418000E-5
1.420303333E+9	2.281280000E-5
1.420306667E+9	2.312318000E-5
1.420310000E+9	2.273756000E-5
1.420313333E+9	2.321794000E-5
1.420316667E+9	2.218899000E-5
1.420320000E+9	2.249162000E-5
1.420323333E+9	2.266040000E-5
1.420326667E+9	2.443133000E-5
1.420330000E+9	2.539379000E-5
1.420333333E+9	3.201074000E-5
1.420336667E+9	2.426031000E-5
1.420340000E+9	2.358114000E-5
1.420343333E+9	2.271201000E-5
1.420346667E+9	2.235191000E-5
1.420350000E+9	2.319784000E-5
1.420353333E+9	2.274138000E-5
1.420356667E+9	2.265204000E-5
1.420360000E+9	2.280917000E-5
1.420363333E+9	2.282859000E-5
1.420366667E+9	2.262711000E-5
1.420370000E+9	2.253089000E-5
1.420373333E+9	2.286200000E-5
1.420376667E+9	2.309552000E-5
1.420380000E+9	2.266649000E-5
1.420383333E+9	2.263156000E-5
1.420386667E+9	2.250657000E-5
1.420390000E+9	2.280917000E-5
1.420393333E+9	2.311229000E-5
1.420396667E+9	2.304248000E-5
1.420400000E+9	2.278809000E-5
1.420403333E+9	2.252694000E-5
1.420406667E+9	2.193193000E-5
1.420410000E+9	2.237244000E-5
1.420413333E+9	2.274452000E-5
1.420416667E+9	2.320097000E-5
1.420420000E+9	2.255178000E-5
1.420423333E+9	2.295015000E-5
1.420426667E+9	2.281543000E-5
1.420430000E+9	2.262167000E-5
1.420433333E+9	2.276089000E-5
1.420436667E+9	2.307659000E-5
1.420440000E+9	2.232238000E-5
1.420443333E+9	2.241679000E-5
1.420446667E+9	2.275137000E-5
1.420450000E+9	2.265868000E-5
1.420453333E+9	2.254718000E-5
1.420456667E+9	2.259900000E-5
1.420460000E+9	2.321272000E-5
1.420463333E+9	2.254876000E-5
1.420466667E+9	2.250152000E-5
1.420470000E+9	2.292967000E-5
1.420473333E+9	2.265269000E-5
1.420476667E+9	2.241761000E-5
1.420480000E+9	2.308437000E-5
1.420483333E+9	2.284398000E-5
1.420486667E+9	2.292008000E-5
1.420490000E+9	2.270605000E-5
1.420493333E+9	2.256357000E-5
1.420496667E+9	2.304263000E-5
1.420500000E+9	2.282899000E-5
1.420503333E+9	2.208802000E-5
1.420506667E+9	2.291998000E-5
1.420510000E+9	2.254946000E-5
1.420513333E+9	2.254421000E-5
1.420516667E+9	2.263836000E-5
1.420520000E+9	2.239711000E-5
1.420523333E+9	2.309225000E-5
1.420526667E+9	2.176263000E-5
1.420530000E+9	2.262192000E-5
1.420533333E+9	2.255287000E-5
1.420536667E+9	2.262798000E-5
1.420540000E+9	2.251324000E-5
1.420543333E+9	2.257403000E-5
1.420546667E+9	2.281751000E-5
1.420550000E+9	2.262042000E-5
1.420553333E+9	2.272061000E-5
1.420556667E+9	2.214131000E-5
1.420560000E+9	2.263576000E-5
1.420563333E+9	2.249221000E-5
1.420566667E+9	2.264848000E-5
1.420570000E+9	2.243910000E-5
1.420573333E+9	2.262480000E-5
1.420576667E+9	2.261310000E-5
1.420580000E+9	2.196256000E-5
1.420583333E+9	2.272955000E-5
1.420586667E+9	2.217947000E-5
1.420590000E+9	2.275521000E-5
1.420593333E+9	2.254238000E-5
1.420596667E+9	2.232255000E-5
1.420600000E+9	2.257200000E-5
1.420603333E+9	2.298828000E-5
1.420606667E+9	2.224502000E-5
1.420610000E+9	2.267633000E-5
1.420613333E+9	2.212766000E-5
1.420616667E+9	2.231508000E-5
1.420620000E+9	2.686500000E-5
1.420623333E+9	2.669244000E-5
1.420626667E+9	3.709423000E-5
1.420630000E+9	2.400567000E-5
1.420633333E+9	2.422645000E-5
1.420636667E+9	2.302931000E-5
1.420640000E+9	2.251052000E-5
1.420643333E+9	2.214496000E-5
1.420646667E+9	2.326318000E-5
1.420650000E+9	2.261543000E-5
1.420653333E+9	2.236399000E-5
1.420656667E+9	2.251002000E-5
1.420660000E+9	2.190469000E-5
1.420663333E+9	2.223752000E-5
1.420666667E+9	2.243568000E-5
1.420670000E+9	2.276879000E-5
1.420673333E+9	2.236674000E-5
1.420676667E+9	2.233729000E-5
1.420680000E+9	2.203971000E-5
1.420683333E+9	2.219208000E-5
1.420686667E+9	2.270650000E-5
1.420690000E+9	2.232378000E-5
1.420693333E+9	2.196270000E-5
1.420696667E+9	2.196892000E-5
1.420700000E+9	2.252229000E-5
1.420703333E+9	2.228289000E-5
1.420706667E+9	2.225914000E-5
1.420710000E+9	2.226977000E-5
1.420713333E+9	2.203528000E-5
1.420716667E+9	2.237639000E-5
1.420720000E+9	2.247547000E-5
1.420723333E+9	2.227048000E-5
1.420726667E+9	2.246070000E-5
1.420730000E+9	2.271887000E-5
1.420733333E+9	2.227992000E-5
1.420736667E+9	2.210522000E-5
1.420740000E+9	2.243371000E-5
1.420743333E+9	2.257272000E-5
1.420746667E+9	2.244561000E-5
1.420750000E+9	2.248443000E-5
1.420753333E+9	2.272248000E-5
1.420756667E+9	2.249772000E-5
1.420760000E+9	2.350295000E-5
1.420763333E+9	2.253282000E-5
1.420766667E+9	2.230391000E-5
1.420770000E+9	2.216169000E-5
1.420773333E+9	2.227936000E-5
1.420776667E+9	2.166716000E-5
1.420780000E+9	2.216693000E-5
1.420783333E+9	2.224722000E-5
1.420786667E+9	2.232525000E-5
1.420790000E+9	2.255339000E-5
1.420793333E+9	2.288324000E-5
1.420796667E+9	2.288596000E-5
1.420800000E+9	2.252456000E-5
1.420803333E+9	2.250031000E-5
1.420806667E+9	2.259295000E-5
1.420810000E+9	2.306574000E-5
1.420813333E+9	2.246427000E-5
1.420816667E+9	2.238062000E-5
1.420820000E+9	2.224907000E-5
1.420823333E+9	2.247375000E-5
1.420826667E+9	2.255879000E-5
1.420830000E+9	2.181332000E-5
1.420833333E+9	2.263414000E-5
1.420836667E+9	2.891857000E-5
1.420840000E+9	2.840064000E-5
1.420843333E+9	2.277559000E-5
1.420846667E+9	2.218492000E-5
1.420850000E+9	2.241923000E-5
1.420853333E+9	2.244477000E-5
1.420856667E+9	2.246228000E-5
1.420860000E+9	2.177986000E-5
1.420863333E+9	2.256124000E-5
1.420866667E+9	2.308424000E-5
1.420870000E+9	2.284952000E-5
1.420873333E+9	2.280313000E-5
1.420876667E+9	2.235238000E-5
1.420880000E+9	2.274565000E-5
1.420883333E+9	2.422517000E-5
1.420886667E+9	2.343356000E-5
1.420890000E+9	2.221595000E-5
1.420893333E+9	2.255810000E-5
1.420896667E+9	2.290876000E-5
1.420900000E+9	2.279152000E-5
1.420903333E+9	2.249764000E-5
1.420906667E+9	2.284024000E-5
1.420910000E+9	2.311706000E-5
1.420913333E+9	3.274750000E-5
1.420916667E+9	3.793195000E-5
1.420920000E+9	5.659146000E-5
1.420923333E+9	2.561155000E-5
1.420926667E+9	2.760441000E-5
1.420930000E+9	2.317304000E-5
1.420933333E+9	2.226907000E-5
1.420936667E+9	2.218226000E-5
1.420940000E+9	2.187306000E-5
1.420943333E+9	2.231449000E-5
1.420946667E+9	2.253792000E-5
1.420950000E+9	2.260382000E-5
1.420953333E+9	2.196646000E-5
1.420956667E+9	2.249629000E-5
1.420960000E+9	2.235753000E-5
1.420963333E+9	2.238696000E-5
1.420966667E+9	2.293670000E-5
1.420970000E+9	2.240007000E-5
1.420973333E+9	2.251200000E-5
1.420976667E+9	2.203407000E-5
1.420980000E+9	2.254611000E-5
1.420983333E+9	2.233366000E-5
1.420986667E+9	2.219957000E-5
1.420990000E+9	2.196714000E-5
1.420993333E+9	2.239657000E-5
1.420996667E+9	2.237362000E-5
1.421000000E+9	2.261437000E-5
1.421003333E+9	2.320760000E-5
1.421006667E+9	2.226704000E-5
1.421010000E+9	2.247002000E-5
1.421013333E+9	2.214797000E-5
1.421016667E+9	2.210446000E-5
1.421020000E+9	2.259404000E-5
1.421023333E+9	2.228418000E-5
1.421026667E+9	2.236114000E-5
1.421030000E+9	2.229010000E-5
1.421033333E+9	2.215955000E-5
1.421036667E+9	2.238671000E-5
1.421040000E+9	2.234634000E-5
1.421043333E+9	2.233905000E-5
1.421046667E+9	2.236969000E-5
1.421050000E+9	2.261136000E-5
1.421053333E+9	2.216520000E-5
1.421056667E+9	2.222903000E-5
1.421060000E+9	2.217893000E-5
1.421063333E+9	2.239812000E-5
1.421066667E+9	2.195595000E-5
1.421070000E+9	2.224859000E-5
1.421073333E+9	2.232912000E-5
1.421076667E+9	2.217260000E-5
1.421080000E+9	2.221902000E-5
1.421083333E+9	2.208702000E-5
1.421086667E+9	2.219220000E-5
1.421090000E+9	2.173519000E-5
1.421093333E+9	2.223721000E-5
1.421096667E+9	2.288166000E-5
1.421100000E+9	2.222193000E-5
1.421103333E+9	2.202679000E-5
1.421106667E+9	2.272760000E-5
1.421110000E+9	2.206787000E-5
1.421113333E+9	2.232260000E-5
1.421116667E+9	2.213718000E-5
1.421120000E+9	2.208802000E-5
1.421123333E+9	2.210386000E-5
1.421126667E+9	2.209119000E-5
1.421130000E+9	2.230423000E-5
1.421133333E+9	2.284371000E-5
1.421136667E+9	2.274357000E-5
1.421140000E+9	2.229081000E-5
1.421143333E+9	2.226970000E-5
1.421146667E+9	2.200535000E-5
1.421150000E+9	2.224233000E-5
1.421153333E+9	2.195810000E-5
1.421156667E+9	2.260910000E-5
1.421160000E+9	2.267690000E-5
1.421163333E+9	2.282701000E-5
1.421166667E+9	2.229977000E-5
1.421170000E+9	2.229287000E-5
1.421173333E+9	2.231709000E-5
1.421176667E+9	2.332685000E-5
1.421180000E+9	2.405483000E-5
1.421183333E+9	2.180314000E-5
1.421186667E+9	2.233087000E-5
1.421190000E+9	2.251912000E-5
1.421193333E+9	2.224011000E-5
1.421196667E+9	2.248577000E-5
1.421200000E+9	2.225372000E-5
1.421203333E+9	2.247397000E-5
1.421206667E+9	2.630598000E-5
1.421210000E+9	2.920617000E-5
1.421213333E+9	3.696494000E-5
1.421216667E+9	2.339435000E-5
1.421220000E+9	2.470040000E-5
1.421223333E+9	2.243787000E-5
1.421226667E+9	2.219133000E-5
1.421230000E+9	2.268083000E-5
1.421233333E+9	2.219666000E-5
1.421236667E+9	2.208758000E-5
1.421240000E+9	2.231138000E-5
1.421243333E+9	2.238502000E-5
1.421246667E+9	2.268828000E-5
1.421250000E+9	2.207931000E-5
1.421253333E+9	2.216155000E-5
1.421256667E+9	2.198987000E-5
1.421260000E+9	2.219179000E-5
1.421263333E+9	2.256008000E-5
1.421266667E+9	2.235712000E-5
1.421270000E+9	2.213922000E-5
1.421273333E+9	2.213776000E-5
1.421276667E+9	2.275254000E-5
1.421280000E+9	2.230744000E-5
1.421283333E+9	2.192824000E-5
1.421286667E+9	2.200748000E-5
1.421290000E+9	2.242467000E-5
1.421293333E+9	2.284260000E-5
1.421296667E+9	2.245081000E-5
1.421300000E+9	2.281909000E-5
1.421303333E+9	2.254109000E-5
1.421306667E+9	2.265007000E-5
1.421310000E+9	2.222115000E-5
1.421313333E+9	2.168427000E-5
1.421316667E+9	2.239084000E-5
1.421320000E+9	2.232893000E-5
1.421323333E+9	2.272421000E-5
1.421326667E+9	2.230668000E-5
1.421330000E+9	2.211672000E-5
1.421333333E+9	2.213161000E-5
1.421336667E+9	2.238996000E-5
1.421340000E+9	2.220885000E-5
1.421343333E+9	2.313882000E-5
1.421346667E+9	2.344215000E-5
1.421350000E+9	2.261598000E-5
1.421353333E+9	2.265612000E-5
1.421356667E+9	2.318393000E-5
1.421360000E+9	2.300749000E-5
1.421363333E+9	2.332329000E-5
1.421366667E+9	2.570237000E-5
1.421370000E+9	2.288525000E-5
1.421373333E+9	2.241980000E-5
1.421376667E+9	2.228338000E-5
1.421380000E+9	2.213492000E-5
1.421383333E+9	2.238770000E-5
1.421386667E+9	2.263702000E-5
1.421390000E+9	2.253797000E-5
1.421393333E+9	2.228665000E-5
1.421396667E+9	2.222039000E-5
1.421400000E+9	2.227352000E-5
