Frequency, Hz	Amplitude, Volts
1.419400000E+9	1.573542000E-5
1.419403333E+9	1.559203000E-5
1.419406667E+9	1.575402000E-5
1.419410000E+9	1.565897000E-5
1.419413333E+9	1.630269000E-5
1.419416667E+9	1.547452000E-5
1.419420000E+9	1.554579000E-5
1.419423333E+9	1.548856000E-5
1.419426667E+9	1.595259000E-5
1.419430000E+9	1.570225000E-5
1.419433333E+9	1.572320000E-5
1.419436667E+9	1.581951000E-5
1.419440000E+9	1.665341000E-5
1.419443333E+9	1.593526000E-5
1.419446667E+9	1.590429000E-5
1.419450000E+9	1.723668000E-5
1.419453333E+9	1.780915000E-5
1.419456667E+9	1.678090000E-5
1.419460000E+9	1.566024000E-5
1.419463333E+9	1.539379000E-5
1.419466667E+9	1.536414000E-5
1.419470000E+9	1.575420000E-5
1.419473333E+9	1.554019000E-5
1.419476667E+9	1.542827000E-5
1.419480000E+9	1.567794000E-5
1.419483333E+9	1.540912000E-5
1.419486667E+9	1.541019000E-5
1.419490000E+9	1.568785000E-5
1.419493333E+9	1.565227000E-5
1.419496667E+9	1.584946000E-5
1.419500000E+9	1.557047000E-5
1.419503333E+9	1.575454000E-5
1.419506667E+9	1.563305000E-5
1.419510000E+9	1.535640000E-5
1.419513333E+9	1.546409000E-5
1.419516667E+9	1.562822000E-5
1.419520000E+9	1.545187000E-5
1.419523333E+9	1.576802000E-5
1.419526667E+9	1.564977000E-5
1.419530000E+9	1.567915000E-5
1.419533333E+9	1.562960000E-5
1.419536667E+9	1.539147000E-5
1.419540000E+9	1.579592000E-5
1.419543333E+9	1.556028000E-5
1.419546667E+9	1.577365000E-5
1.419550000E+9	1.542475000E-5
1.419553333E+9	1.549769000E-5
1.419556667E+9	1.577854000E-5
1.419560000E+9	1.573670000E-5
1.419563333E+9	1.584150000E-5
1.419566667E+9	1.584565000E-5
1.419570000E+9	1.565041000E-5
1.419573333E+9	1.547849000E-5
1.419576667E+9	1.575721000E-5
1.419580000E+9	1.568955000E-5
1.419583333E+9	1.561581000E-5
1.419586667E+9	1.603324000E-5
1.419590000E+9	1.551388000E-5
1.419593333E+9	1.557172000E-5
1.419596667E+9	1.572385000E-5
1.419600000E+9	1.582323000E-5
1.419603333E+9	1.574897000E-5
1.419606667E+9	1.545686000E-5
1.419610000E+9	1.552447000E-5
1.419613333E+9	1.567034000E-5
1.419616667E+9	1.562294000E-5
1.419620000E+9	1.535122000E-5
1.419623333E+9	1.559745000E-5
1.419626667E+9	1.568750000E-5
1.419630000E+9	1.561066000E-5
1.419633333E+9	1.546805000E-5
1.419636667E+9	1.540400000E-5
1.419640000E+9	1.549853000E-5
1.419643333E+9	1.558285000E-5
1.419646667E+9	1.535151000E-5
1.419650000E+9	1.535021000E-5
1.419653333E+9	1.563051000E-5
1.419656667E+9	1.572135000E-5
1.419660000E+9	1.582048000E-5
1.419663333E+9	1.555176000E-5
1.419666667E+9	1.579460000E-5
1.419670000E+9	1.559186000E-5
1.419673333E+9	1.556924000E-5
1.419676667E+9	1.538919000E-5
1.419680000E+9	1.585314000E-5
1.419683333E+9	1.571976000E-5
1.419686667E+9	1.538443000E-5
1.419690000E+9	1.547238000E-5
1.419693333E+9	1.546093000E-5
1.419696667E+9	1.554019000E-5
1.419700000E+9	1.565056000E-5
1.419703333E+9	1.580211000E-5
1.419706667E+9	1.579447000E-5
1.419710000E+9	1.562248000E-5
1.419713333E+9	1.564897000E-5
1.419716667E+9	1.565928000E-5
1.419720000E+9	1.584156000E-5
1.419723333E+9	1.535001000E-5
1.419726667E+9	1.567325000E-5
1.419730000E+9	1.569387000E-5
1.419733333E+9	1.824263000E-5
1.419736667E+9	1.586062000E-5
1.419740000E+9	1.583397000E-5
1.419743333E+9	1.661477000E-5
1.419746667E+9	1.801741000E-5
1.419750000E+9	1.688803000E-5
1.419753333E+9	1.535058000E-5
1.419756667E+9	1.557644000E-5
1.419760000E+9	1.562212000E-5
1.419763333E+9	1.525657000E-5
1.419766667E+9	1.553604000E-5
1.419770000E+9	1.548087000E-5
1.419773333E+9	1.543413000E-5
1.419776667E+9	1.548706000E-5
1.419780000E+9	1.551092000E-5
1.419783333E+9	1.599932000E-5
1.419786667E+9	1.567958000E-5
1.419790000E+9	1.549514000E-5
1.419793333E+9	1.563633000E-5
1.419796667E+9	1.554681000E-5
1.419800000E+9	1.553261000E-5
1.419803333E+9	1.565598000E-5
1.419806667E+9	1.541366000E-5
1.419810000E+9	1.586243000E-5
1.419813333E+9	1.567421000E-5
1.419816667E+9	1.567263000E-5
1.419820000E+9	1.537725000E-5
1.419823333E+9	1.552615000E-5
1.419826667E+9	1.543847000E-5
1.419830000E+9	1.553021000E-5
1.419833333E+9	1.574476000E-5
1.419836667E+9	1.544158000E-5
1.419840000E+9	1.545357000E-5
1.419843333E+9	1.545401000E-5
1.419846667E+9	1.551954000E-5
1.419850000E+9	1.527200000E-5
1.419853333E+9	1.603532000E-5
1.419856667E+9	1.563059000E-5
1.419860000E+9	1.557664000E-5
1.419863333E+9	1.555931000E-5
1.419866667E+9	1.540434000E-5
1.419870000E+9	1.520902000E-5
1.419873333E+9	1.559588000E-5
1.419876667E+9	1.582145000E-5
1.419880000E+9	1.548246000E-5
1.419883333E+9	1.572240000E-5
1.419886667E+9	1.547972000E-5
1.419890000E+9	1.551978000E-5
1.419893333E+9	1.562865000E-5
1.419896667E+9	1.623447000E-5
1.419900000E+9	1.585791000E-5
1.419903333E+9	1.592603000E-5
1.419906667E+9	1.608773000E-5
1.419910000E+9	1.553575000E-5
1.419913333E+9	1.550796000E-5
1.419916667E+9	1.591681000E-5
1.419920000E+9	1.566294000E-5
1.419923333E+9	1.550055000E-5
1.419926667E+9	1.576776000E-5
1.419930000E+9	1.546367000E-5
1.419933333E+9	1.522628000E-5
1.419936667E+9	1.573789000E-5
1.419940000E+9	1.557563000E-5
1.419943333E+9	1.577157000E-5
1.419946667E+9	1.571419000E-5
1.419950000E+9	1.558243000E-5
1.419953333E+9	1.560115000E-5
1.419956667E+9	1.590542000E-5
1.419960000E+9	1.566112000E-5
1.419963333E+9	1.590598000E-5
1.419966667E+9	1.582632000E-5
1.419970000E+9	1.589017000E-5
1.419973333E+9	1.598543000E-5
1.419976667E+9	1.612315000E-5
1.419980000E+9	1.603016000E-5
1.419983333E+9	1.599721000E-5
1.419986667E+9	1.629049000E-5
1.419990000E+9	1.588124000E-5
1.419993333E+9	1.601967000E-5
1.419996667E+9	1.568049000E-5
1.420000000E+9	1.681864000E-5
1.420003333E+9	1.785142000E-5
1.420006667E+9	1.607705000E-5
1.420010000E+9	1.622595000E-5
1.420013333E+9	1.613365000E-5
1.420016667E+9	1.581298000E-5
1.420020000E+9	1.622601000E-5
1.420023333E+9	1.587965000E-5
1.420026667E+9	1.653751000E-5
1.420030000E+9	1.636359000E-5
1.420033333E+9	1.618839000E-5
1.420036667E+9	1.739787000E-5
1.420040000E+9	1.781750000E-5
1.420043333E+9	1.607526000E-5
1.420046667E+9	1.651468000E-5
1.420050000E+9	1.650625000E-5
1.420053333E+9	1.633804000E-5
1.420056667E+9	1.634526000E-5
1.420060000E+9	1.639420000E-5
1.420063333E+9	1.657852000E-5
1.420066667E+9	1.665983000E-5
1.420070000E+9	1.671315000E-5
1.420073333E+9	1.634721000E-5
1.420076667E+9	1.673911000E-5
1.420080000E+9	1.657606000E-5
1.420083333E+9	1.668801000E-5
1.420086667E+9	1.670304000E-5
1.420090000E+9	1.667198000E-5
1.420093333E+9	1.658897000E-5
1.420096667E+9	1.680675000E-5
1.420100000E+9	1.640951000E-5
1.420103333E+9	1.652968000E-5
1.420106667E+9	1.661121000E-5
1.420110000E+9	1.640237000E-5
1.420113333E+9	1.650451000E-5
1.420116667E+9	1.670256000E-5
1.420120000E+9	1.668095000E-5
1.420123333E+9	1.686228000E-5
1.420126667E+9	1.650902000E-5
1.420130000E+9	1.680406000E-5
1.420133333E+9	1.634099000E-5
1.420136667E+9	1.660701000E-5
1.420140000E+9	1.665477000E-5
1.420143333E+9	1.649078000E-5
1.420146667E+9	1.646215000E-5
1.420150000E+9	1.649089000E-5
1.420153333E+9	1.674757000E-5
1.420156667E+9	1.689276000E-5
1.420160000E+9	1.696050000E-5
1.420163333E+9	1.668247000E-5
1.420166667E+9	1.651996000E-5
1.420170000E+9	1.678024000E-5
1.420173333E+9	1.694226000E-5
1.420176667E+9	1.693531000E-5
1.420180000E+9	1.711974000E-5
1.420183333E+9	1.671208000E-5
1.420186667E+9	1.683697000E-5
1.420190000E+9	1.682333000E-5
1.420193333E+9	1.665142000E-5
1.420196667E+9	1.702674000E-5
1.420200000E+9	1.699682000E-5
1.420203333E+9	1.671232000E-5
1.420206667E+9	1.715298000E-5
1.420210000E+9	1.715462000E-5
1.420213333E+9	1.710033000E-5
1.420216667E+9	1.722584000E-5
1.420220000E+9	1.716167000E-5
1.420223333E+9	1.731912000E-5
1.420226667E+9	1.720429000E-5
1.420230000E+9	1.720087000E-5
1.420233333E+9	1.695561000E-5
1.420236667E+9	1.733967000E-5
1.420240000E+9	1.672319000E-5
1.420243333E+9	1.706417000E-5
1.420246667E+9	1.714240000E-5
1.420250000E+9	1.681663000E-5
1.420253333E+9	1.727544000E-5
1.420256667E+9	1.701626000E-5
1.420260000E+9	1.723427000E-5
1.420263333E+9	1.731089000E-5
1.420266667E+9	1.709862000E-5
1.420270000E+9	1.687495000E-5
1.420273333E+9	1.711790000E-5
1.420276667E+9	1.709112000E-5
1.420280000E+9	1.687248000E-5
1.420283333E+9	1.672027000E-5
1.420286667E+9	1.693092000E-5
1.420290000E+9	1.699342000E-5
1.420293333E+9	1.655746000E-5
1.420296667E+9	1.754545000E-5
1.420300000E+9	1.688268000E-5
1.420303333E+9	1.695775000E-5
1.420306667E+9	1.701011000E-5
1.420310000E+9	1.715460000E-5
1.420313333E+9	1.690843000E-5
1.420316667E+9	1.692800000E-5
1.420320000E+9	1.775653000E-5
1.420323333E+9	1.732224000E-5
1.420326667E+9	1.763777000E-5
1.420330000E+9	1.773950000E-5
1.420333333E+9	1.874960000E-5
1.420336667E+9	1.749098000E-5
1.420340000E+9	1.719250000E-5
1.420343333E+9	1.745723000E-5
1.420346667E+9	1.789347000E-5
1.420350000E+9	1.704058000E-5
1.420353333E+9	1.742800000E-5
1.420356667E+9	1.727478000E-5
1.420360000E+9	1.744175000E-5
1.420363333E+9	1.680906000E-5
1.420366667E+9	1.670951000E-5
1.420370000E+9	1.643973000E-5
1.420373333E+9	1.666228000E-5
1.420376667E+9	1.646225000E-5
1.420380000E+9	1.628941000E-5
1.420383333E+9	1.639202000E-5
1.420386667E+9	1.627488000E-5
1.420390000E+9	1.588066000E-5
1.420393333E+9	1.635799000E-5
1.420396667E+9	1.607754000E-5
1.420400000E+9	1.598768000E-5
1.420403333E+9	1.593944000E-5
1.420406667E+9	1.595252000E-5
1.420410000E+9	1.589472000E-5
1.420413333E+9	1.613431000E-5
1.420416667E+9	1.543595000E-5
1.420420000E+9	1.597803000E-5
1.420423333E+9	1.556620000E-5
1.420426667E+9	1.572496000E-5
1.420430000E+9	1.562725000E-5
1.420433333E+9	1.574661000E-5
1.420436667E+9	1.580159000E-5
1.420440000E+9	1.559237000E-5
1.420443333E+9	1.577554000E-5
1.420446667E+9	1.581201000E-5
1.420450000E+9	1.582503000E-5
1.420453333E+9	1.585662000E-5
1.420456667E+9	1.609282000E-5
1.420460000E+9	1.585235000E-5
1.420463333E+9	1.579310000E-5
1.420466667E+9	1.592337000E-5
1.420470000E+9	1.586984000E-5
1.420473333E+9	1.586393000E-5
1.420476667E+9	1.594615000E-5
1.420480000E+9	1.581562000E-5
1.420483333E+9	1.568638000E-5
1.420486667E+9	1.596135000E-5
1.420490000E+9	1.617597000E-5
1.420493333E+9	1.665431000E-5
1.420496667E+9	1.647285000E-5
1.420500000E+9	1.598940000E-5
1.420503333E+9	1.576333000E-5
1.420506667E+9	1.580959000E-5
1.420510000E+9	1.599470000E-5
1.420513333E+9	1.622360000E-5
1.420516667E+9	1.624219000E-5
1.420520000E+9	1.600122000E-5
1.420523333E+9	1.628231000E-5
1.420526667E+9	1.615421000E-5
1.420530000E+9	1.611763000E-5
1.420533333E+9	1.615742000E-5
1.420536667E+9	1.591065000E-5
1.420540000E+9	1.607994000E-5
1.420543333E+9	1.610830000E-5
1.420546667E+9	1.603231000E-5
1.420550000E+9	1.580057000E-5
1.420553333E+9	1.605033000E-5
1.420556667E+9	1.620080000E-5
1.420560000E+9	1.607940000E-5
1.420563333E+9	1.607839000E-5
1.420566667E+9	1.601827000E-5
1.420570000E+9	1.619283000E-5
1.420573333E+9	1.588120000E-5
1.420576667E+9	1.605140000E-5
1.420580000E+9	1.625202000E-5
1.420583333E+9	1.609116000E-5
1.420586667E+9	1.623540000E-5
1.420590000E+9	1.614490000E-5
1.420593333E+9	1.605473000E-5
1.420596667E+9	1.615027000E-5
1.420600000E+9	1.593572000E-5
1.420603333E+9	1.627549000E-5
1.420606667E+9	1.671474000E-5
1.420610000E+9	1.617414000E-5
1.420613333E+9	1.688004000E-5
1.420616667E+9	1.621217000E-5
1.420620000E+9	1.670491000E-5
1.420623333E+9	1.757942000E-5
1.420626667E+9	1.804741000E-5
1.420630000E+9	1.628247000E-5
1.420633333E+9	1.624679000E-5
1.420636667E+9	1.635220000E-5
1.420640000E+9	1.617372000E-5
1.420643333E+9	1.681458000E-5
1.420646667E+9	1.614644000E-5
1.420650000E+9	1.619780000E-5
1.420653333E+9	1.639940000E-5
1.420656667E+9	1.631762000E-5
1.420660000E+9	1.603711000E-5
1.420663333E+9	1.610273000E-5
1.420666667E+9	1.580548000E-5
1.420670000E+9	1.609202000E-5
1.420673333E+9	1.582010000E-5
1.420676667E+9	1.622220000E-5
1.420680000E+9	1.621961000E-5
1.420683333E+9	1.575345000E-5
1.420686667E+9	1.595154000E-5
1.420690000E+9	1.586675000E-5
1.420693333E+9	1.611734000E-5
1.420696667E+9	1.570177000E-5
1.420700000E+9	1.598566000E-5
1.420703333E+9	1.586468000E-5
1.420706667E+9	1.592583000E-5
1.420710000E+9	1.609646000E-5
1.420713333E+9	1.559011000E-5
1.420716667E+9	1.591037000E-5
1.420720000E+9	1.627300000E-5
1.420723333E+9	1.572786000E-5
1.420726667E+9	1.603914000E-5
1.420730000E+9	1.579271000E-5
1.420733333E+9	1.595776000E-5
1.420736667E+9	1.646285000E-5
1.420740000E+9	1.590287000E-5
1.420743333E+9	1.576844000E-5
1.420746667E+9	1.569987000E-5
1.420750000E+9	1.564072000E-5
1.420753333E+9	1.595781000E-5
1.420756667E+9	1.591652000E-5
1.420760000E+9	1.559961000E-5
1.420763333E+9	1.561197000E-5
1.420766667E+9	1.549191000E-5
1.420770000E+9	1.527650000E-5
1.420773333E+9	1.557461000E-5
1.420776667E+9	1.539379000E-5
1.420780000E+9	1.545703000E-5
1.420783333E+9	1.552124000E-5
1.420786667E+9	1.600413000E-5
1.420790000E+9	1.562397000E-5
1.420793333E+9	1.629705000E-5
1.420796667E+9	1.579899000E-5
1.420800000E+9	1.534163000E-5
1.420803333E+9	1.539979000E-5
1.420806667E+9	1.549460000E-5
1.420810000E+9	1.528779000E-5
1.420813333E+9	1.555207000E-5
1.420816667E+9	1.549500000E-5
1.420820000E+9	1.590591000E-5
1.420823333E+9	1.558203000E-5
1.420826667E+9	1.535075000E-5
1.420830000E+9	1.565013000E-5
1.420833333E+9	1.577788000E-5
1.420836667E+9	1.553621000E-5
1.420840000E+9	1.555311000E-5
1.420843333E+9	1.541625000E-5
1.420846667E+9	1.556126000E-5
1.420850000E+9	1.527898000E-5
1.420853333E+9	1.516620000E-5
1.420856667E+9	1.551908000E-5
1.420860000E+9	1.550947000E-5
1.420863333E+9	1.550251000E-5
1.420866667E+9	1.582792000E-5
1.420870000E+9	1.554884000E-5
1.420873333E+9	1.538281000E-5
1.420876667E+9	1.562303000E-5
1.420880000E+9	1.555057000E-5
1.420883333E+9	1.715969000E-5
1.420886667E+9	1.678230000E-5
1.420890000E+9	1.577720000E-5
1.420893333E+9	1.526408000E-5
1.420896667E+9	1.603254000E-5
1.420900000E+9	1.583282000E-5
1.420903333E+9	1.724319000E-5
1.420906667E+9	1.900480000E-5
1.420910000E+9	1.564544000E-5
1.420913333E+9	1.751734000E-5
1.420916667E+9	1.828552000E-5
1.420920000E+9	1.941988000E-5
1.420923333E+9	1.566456000E-5
1.420926667E+9	1.611021000E-5
1.420930000E+9	1.571743000E-5
1.420933333E+9	1.554217000E-5
1.420936667E+9	1.534202000E-5
1.420940000E+9	1.613576000E-5
1.420943333E+9	1.631019000E-5
1.420946667E+9	1.565400000E-5
1.420950000E+9	1.544502000E-5
1.420953333E+9	1.550122000E-5
1.420956667E+9	1.587177000E-5
1.420960000E+9	1.558354000E-5
1.420963333E+9	1.549218000E-5
1.420966667E+9	1.563152000E-5
1.420970000E+9	1.551436000E-5
1.420973333E+9	1.533730000E-5
1.420976667E+9	1.555881000E-5
1.420980000E+9	1.575750000E-5
1.420983333E+9	1.542773000E-5
1.420986667E+9	1.606253000E-5
1.420990000E+9	1.586907000E-5
1.420993333E+9	1.587139000E-5
1.420996667E+9	1.564477000E-5
1.421000000E+9	1.556732000E-5
1.421003333E+9	1.539849000E-5
1.421006667E+9	1.569468000E-5
1.421010000E+9	1.583845000E-5
1.421013333E+9	1.539987000E-5
1.421016667E+9	1.552752000E-5
1.421020000E+9	1.558963000E-5
1.421023333E+9	1.562138000E-5
1.421026667E+9	1.570899000E-5
1.421030000E+9	1.539362000E-5
1.421033333E+9	1.547102000E-5
1.421036667E+9	1.564173000E-5
1.421040000E+9	1.571470000E-5
1.421043333E+9	1.530956000E-5
1.421046667E+9	1.548038000E-5
1.421050000E+9	1.536814000E-5
1.421053333E+9	1.593699000E-5
1.421056667E+9	1.540877000E-5
1.421060000E+9	1.557741000E-5
1.421063333E+9	1.559007000E-5
1.421066667E+9	1.568478000E-5
1.421070000E+9	1.546190000E-5
1.421073333E+9	1.550006000E-5
1.421076667E+9	1.544078000E-5
1.421080000E+9	1.566552000E-5
1.421083333E+9	1.538780000E-5
1.421086667E+9	1.531428000E-5
1.421090000E+9	1.579913000E-5
1.421093333E+9	1.561066000E-5
1.421096667E+9	1.551301000E-5
1.421100000E+9	1.518323000E-5
1.421103333E+9	1.552031000E-5
1.421106667E+9	1.547912000E-5
1.421110000E+9	1.531123000E-5
1.421113333E+9	1.565508000E-5
1.421116667E+9	1.566568000E-5
1.421120000E+9	1.520982000E-5
1.421123333E+9	1.503789000E-5
1.421126667E+9	1.591945000E-5
1.421130000E+9	1.582806000E-5
1.421133333E+9	1.536505000E-5
1.421136667E+9	1.546192000E-5
1.421140000E+9	1.558882000E-5
1.421143333E+9	1.550176000E-5
1.421146667E+9	1.557415000E-5
1.421150000E+9	1.555830000E-5
1.421153333E+9	1.560088000E-5
1.421156667E+9	1.553980000E-5
1.421160000E+9	1.560963000E-5
1.421163333E+9	1.571144000E-5
1.421166667E+9	1.604990000E-5
1.421170000E+9	1.559148000E-5
1.421173333E+9	1.543247000E-5
1.421176667E+9	1.648494000E-5
1.421180000E+9	1.713589000E-5
1.421183333E+9	1.528683000E-5
1.421186667E+9	1.543783000E-5
1.421190000E+9	1.530087000E-5
1.421193333E+9	1.558381000E-5
1.421196667E+9	1.573560000E-5
1.421200000E+9	1.605741000E-5
1.421203333E+9	1.589025000E-5
1.421206667E+9	1.640515000E-5
1.421210000E+9	1.663011000E-5
1.421213333E+9	1.676904000E-5
1.421216667E+9	1.546591000E-5
1.421220000E+9	1.555741000E-5
1.421223333E+9	1.528663000E-5
1.421226667E+9	1.539069000E-5
1.421230000E+9	1.517348000E-5
1.421233333E+9	1.552244000E-5
1.421236667E+9	1.544698000E-5
1.421240000E+9	1.577464000E-5
1.421243333E+9	1.511896000E-5
1.421246667E+9	1.513624000E-5
1.421250000E+9	1.530554000E-5
1.421253333E+9	1.531203000E-5
1.421256667E+9	1.537519000E-5
1.421260000E+9	1.535997000E-5
1.421263333E+9	1.536832000E-5
1.421266667E+9	1.553043000E-5
1.421270000E+9	1.535960000E-5
1.421273333E+9	1.562165000E-5
1.421276667E+9	1.556905000E-5
1.421280000E+9	1.553094000E-5
1.421283333E+9	1.533202000E-5
1.421286667E+9	1.536565000E-5
1.421290000E+9	1.539450000E-5
1.421293333E+9	1.531045000E-5
1.421296667E+9	1.540415000E-5
1.421300000E+9	1.518793000E-5
1.421303333E+9	1.517043000E-5
1.421306667E+9	1.553161000E-5
1.421310000E+9	1.529489000E-5
1.421313333E+9	1.554893000E-5
1.421316667E+9	1.545058000E-5
1.421320000E+9	1.552499000E-5
1.421323333E+9	1.557616000E-5
1.421326667E+9	1.574444000E-5
1.421330000E+9	1.565579000E-5
1.421333333E+9	1.535461000E-5
1.421336667E+9	1.539470000E-5
1.421340000E+9	1.519709000E-5
1.421343333E+9	1.528845000E-5
1.421346667E+9	1.529028000E-5
1.421350000E+9	1.532594000E-5
1.421353333E+9	1.594532000E-5
1.421356667E+9	1.553804000E-5
1.421360000E+9	1.546254000E-5
1.421363333E+9	1.550660000E-5
1.421366667E+9	1.588227000E-5
1.421370000E+9	1.558254000E-5
1.421373333E+9	1.550602000E-5
1.421376667E+9	1.536350000E-5
1.421380000E+9	1.554036000E-5
1.421383333E+9	1.530205000E-5
1.421386667E+9	1.531768000E-5
1.421390000E+9	1.594228000E-5
1.421393333E+9	1.542233000E-5
1.421396667E+9	1.560648000E-5
1.421400000E+9	1.530037000E-5
