Frequency, Hz	Amplitude, Volts
1.419400000E+9	2.155805000E-5
1.419403333E+9	2.202454000E-5
1.419406667E+9	2.208101000E-5
1.419410000E+9	2.164327000E-5
1.419413333E+9	2.237772000E-5
1.419416667E+9	2.202570000E-5
1.419420000E+9	2.184978000E-5
1.419423333E+9	2.184069000E-5
1.419426667E+9	2.192403000E-5
1.419430000E+9	2.188209000E-5
1.419433333E+9	2.225677000E-5
1.419436667E+9	2.167682000E-5
1.419440000E+9	2.244349000E-5
1.419443333E+9	2.186348000E-5
1.419446667E+9	2.216389000E-5
1.419450000E+9	2.273686000E-5
1.419453333E+9	2.428277000E-5
1.419456667E+9	2.305197000E-5
1.419460000E+9	2.202005000E-5
1.419463333E+9	2.226929000E-5
1.419466667E+9	2.180764000E-5
1.419470000E+9	2.212037000E-5
1.419473333E+9	2.154116000E-5
1.419476667E+9	2.158754000E-5
1.419480000E+9	2.171227000E-5
1.419483333E+9	2.167987000E-5
1.419486667E+9	2.154414000E-5
1.419490000E+9	2.246874000E-5
1.419493333E+9	2.132263000E-5
1.419496667E+9	2.161247000E-5
1.419500000E+9	2.230303000E-5
1.419503333E+9	2.223179000E-5
1.419506667E+9	2.209871000E-5
1.419510000E+9	2.171777000E-5
1.419513333E+9	2.169454000E-5
1.419516667E+9	2.187140000E-5
1.419520000E+9	2.245641000E-5
1.419523333E+9	2.215498000E-5
1.419526667E+9	2.222835000E-5
1.419530000E+9	2.170617000E-5
1.419533333E+9	2.144140000E-5
1.419536667E+9	2.152175000E-5
1.419540000E+9	2.190396000E-5
1.419543333E+9	2.188538000E-5
1.419546667E+9	2.163880000E-5
1.419550000E+9	2.180652000E-5
1.419553333E+9	2.203589000E-5
1.419556667E+9	2.178689000E-5
1.419560000E+9	2.180764000E-5
1.419563333E+9	2.174720000E-5
1.419566667E+9	2.188781000E-5
1.419570000E+9	2.240302000E-5
1.419573333E+9	2.197512000E-5
1.419576667E+9	2.200122000E-5
1.419580000E+9	2.185465000E-5
1.419583333E+9	2.161949000E-5
1.419586667E+9	2.197252000E-5
1.419590000E+9	2.153421000E-5
1.419593333E+9	2.186821000E-5
1.419596667E+9	2.203473000E-5
1.419600000E+9	2.184512000E-5
1.419603333E+9	2.246933000E-5
1.419606667E+9	2.151490000E-5
1.419610000E+9	2.212435000E-5
1.419613333E+9	2.173113000E-5
1.419616667E+9	2.176310000E-5
1.419620000E+9	2.148787000E-5
1.419623333E+9	2.213458000E-5
1.419626667E+9	2.265167000E-5
1.419630000E+9	2.191573000E-5
1.419633333E+9	2.256278000E-5
1.419636667E+9	2.221734000E-5
1.419640000E+9	2.178046000E-5
1.419643333E+9	2.244724000E-5
1.419646667E+9	2.208222000E-5
1.419650000E+9	2.169075000E-5
1.419653333E+9	2.168673000E-5
1.419656667E+9	2.187806000E-5
1.419660000E+9	2.155706000E-5
1.419663333E+9	2.188019000E-5
1.419666667E+9	2.162652000E-5
1.419670000E+9	2.162298000E-5
1.419673333E+9	2.165413000E-5
1.419676667E+9	2.201028000E-5
1.419680000E+9	2.173228000E-5
1.419683333E+9	2.180515000E-5
1.419686667E+9	2.160564000E-5
1.419690000E+9	2.152381000E-5
1.419693333E+9	2.201026000E-5
1.419696667E+9	2.204617000E-5
1.419700000E+9	2.203707000E-5
1.419703333E+9	2.189452000E-5
1.419706667E+9	2.227858000E-5
1.419710000E+9	2.176509000E-5
1.419713333E+9	2.159861000E-5
1.419716667E+9	2.228533000E-5
1.419720000E+9	2.200634000E-5
1.419723333E+9	2.198516000E-5
1.419726667E+9	2.206744000E-5
1.419730000E+9	2.219542000E-5
1.419733333E+9	2.360583000E-5
1.419736667E+9	2.189084000E-5
1.419740000E+9	2.221480000E-5
1.419743333E+9	2.219593000E-5
1.419746667E+9	2.450440000E-5
1.419750000E+9	2.314179000E-5
1.419753333E+9	2.334112000E-5
1.419756667E+9	2.276221000E-5
1.419760000E+9	2.232251000E-5
1.419763333E+9	2.191643000E-5
1.419766667E+9	2.169902000E-5
1.419770000E+9	2.166086000E-5
1.419773333E+9	2.195937000E-5
1.419776667E+9	2.130147000E-5
1.419780000E+9	2.187498000E-5
1.419783333E+9	2.222285000E-5
1.419786667E+9	2.220746000E-5
1.419790000E+9	2.246181000E-5
1.419793333E+9	2.236635000E-5
1.419796667E+9	2.206148000E-5
1.419800000E+9	2.220327000E-5
1.419803333E+9	2.193896000E-5
1.419806667E+9	2.160530000E-5
1.419810000E+9	2.197758000E-5
1.419813333E+9	2.233663000E-5
1.419816667E+9	2.214537000E-5
1.419820000E+9	2.209037000E-5
1.419823333E+9	2.227860000E-5
1.419826667E+9	2.135468000E-5
1.419830000E+9	2.199328000E-5
1.419833333E+9	2.217649000E-5
1.419836667E+9	2.191265000E-5
1.419840000E+9	2.195525000E-5
1.419843333E+9	2.210947000E-5
1.419846667E+9	2.212697000E-5
1.419850000E+9	2.199748000E-5
1.419853333E+9	2.169244000E-5
1.419856667E+9	2.186230000E-5
1.419860000E+9	2.206421000E-5
1.419863333E+9	2.240811000E-5
1.419866667E+9	2.218538000E-5
1.419870000E+9	2.248463000E-5
1.419873333E+9	2.155072000E-5
1.419876667E+9	2.157006000E-5
1.419880000E+9	2.190045000E-5
1.419883333E+9	2.168239000E-5
1.419886667E+9	2.191838000E-5
1.419890000E+9	2.190197000E-5
1.419893333E+9	2.164643000E-5
1.419896667E+9	2.190692000E-5
1.419900000E+9	2.180640000E-5
1.419903333E+9	2.241852000E-5
1.419906667E+9	2.163911000E-5
1.419910000E+9	2.220047000E-5
1.419913333E+9	2.186677000E-5
1.419916667E+9	2.232398000E-5
1.419920000E+9	2.198169000E-5
1.419923333E+9	2.184181000E-5
1.419926667E+9	2.186903000E-5
1.419930000E+9	2.179426000E-5
1.419933333E+9	2.203681000E-5
1.419936667E+9	2.227736000E-5
1.419940000E+9	2.196121000E-5
1.419943333E+9	2.185270000E-5
1.419946667E+9	2.187729000E-5
1.419950000E+9	2.191628000E-5
1.419953333E+9	2.182134000E-5
1.419956667E+9	2.150132000E-5
1.419960000E+9	2.202807000E-5
1.419963333E+9	2.173653000E-5
1.419966667E+9	2.208870000E-5
1.419970000E+9	2.214535000E-5
1.419973333E+9	2.166150000E-5
1.419976667E+9	2.168463000E-5
1.419980000E+9	2.136310000E-5
1.419983333E+9	2.166003000E-5
1.419986667E+9	2.173354000E-5
1.419990000E+9	2.208564000E-5
1.419993333E+9	2.178776000E-5
1.419996667E+9	2.141631000E-5
1.420000000E+9	2.304317000E-5
1.420003333E+9	2.414739000E-5
1.420006667E+9	2.248039000E-5
1.420010000E+9	2.242078000E-5
1.420013333E+9	2.224106000E-5
1.420016667E+9	2.259729000E-5
1.420020000E+9	2.223696000E-5
1.420023333E+9	2.218477000E-5
1.420026667E+9	2.243324000E-5
1.420030000E+9	2.176239000E-5
1.420033333E+9	2.232282000E-5
1.420036667E+9	2.222134000E-5
1.420040000E+9	2.380852000E-5
1.420043333E+9	2.178651000E-5
1.420046667E+9	2.252634000E-5
1.420050000E+9	2.225362000E-5
1.420053333E+9	2.198772000E-5
1.420056667E+9	2.152286000E-5
1.420060000E+9	2.176571000E-5
1.420063333E+9	2.206865000E-5
1.420066667E+9	2.166419000E-5
1.420070000E+9	2.225794000E-5
1.420073333E+9	2.217559000E-5
1.420076667E+9	2.215070000E-5
1.420080000E+9	2.169487000E-5
1.420083333E+9	2.174094000E-5
1.420086667E+9	2.192760000E-5
1.420090000E+9	2.160485000E-5
1.420093333E+9	2.207427000E-5
1.420096667E+9	2.242790000E-5
1.420100000E+9	2.156864000E-5
1.420103333E+9	2.272955000E-5
1.420106667E+9	2.178543000E-5
1.420110000E+9	2.161691000E-5
1.420113333E+9	2.183354000E-5
1.420116667E+9	2.210056000E-5
1.420120000E+9	2.199685000E-5
1.420123333E+9	2.236311000E-5
1.420126667E+9	2.199854000E-5
1.420130000E+9	2.160905000E-5
1.420133333E+9	2.173254000E-5
1.420136667E+9	2.204961000E-5
1.420140000E+9	2.197809000E-5
1.420143333E+9	2.176867000E-5
1.420146667E+9	2.183596000E-5
1.420150000E+9	2.196171000E-5
1.420153333E+9	2.199342000E-5
1.420156667E+9	2.163289000E-5
1.420160000E+9	2.147433000E-5
1.420163333E+9	2.219815000E-5
1.420166667E+9	2.216233000E-5
1.420170000E+9	2.170259000E-5
1.420173333E+9	2.175448000E-5
1.420176667E+9	2.183678000E-5
1.420180000E+9	2.193337000E-5
1.420183333E+9	2.207812000E-5
1.420186667E+9	2.185028000E-5
1.420190000E+9	2.219581000E-5
1.420193333E+9	2.218253000E-5
1.420196667E+9	2.228467000E-5
1.420200000E+9	2.244815000E-5
1.420203333E+9	2.184023000E-5
1.420206667E+9	2.204102000E-5
1.420210000E+9	2.188209000E-5
1.420213333E+9	2.238925000E-5
1.420216667E+9	2.233881000E-5
1.420220000E+9	2.238347000E-5
1.420223333E+9	2.191036000E-5
1.420226667E+9	2.210454000E-5
1.420230000E+9	2.204704000E-5
1.420233333E+9	2.168775000E-5
1.420236667E+9	2.186833000E-5
1.420240000E+9	2.169987000E-5
1.420243333E+9	2.129991000E-5
1.420246667E+9	2.185721000E-5
1.420250000E+9	2.200878000E-5
1.420253333E+9	2.185918000E-5
1.420256667E+9	2.217761000E-5
1.420260000E+9	2.181945000E-5
1.420263333E+9	2.216924000E-5
1.420266667E+9	2.282112000E-5
1.420270000E+9	2.160829000E-5
1.420273333E+9	2.198229000E-5
1.420276667E+9	2.163921000E-5
1.420280000E+9	2.175434000E-5
1.420283333E+9	2.205375000E-5
1.420286667E+9	2.188639000E-5
1.420290000E+9	2.167792000E-5
1.420293333E+9	2.201671000E-5
1.420296667E+9	2.262117000E-5
1.420300000E+9	2.176024000E-5
1.420303333E+9	2.173803000E-5
1.420306667E+9	2.224971000E-5
1.420310000E+9	2.295128000E-5
1.420313333E+9	2.229201000E-5
1.420316667E+9	2.224461000E-5
1.420320000E+9	2.272668000E-5
1.420323333E+9	2.185412000E-5
1.420326667E+9	2.224006000E-5
1.420330000E+9	2.282698000E-5
1.420333333E+9	2.401659000E-5
1.420336667E+9	2.179539000E-5
1.420340000E+9	2.246025000E-5
1.420343333E+9	2.214331000E-5
1.420346667E+9	2.203245000E-5
1.420350000E+9	2.200912000E-5
1.420353333E+9	2.216938000E-5
1.420356667E+9	2.233040000E-5
1.420360000E+9	2.182151000E-5
1.420363333E+9	2.184623000E-5
1.420366667E+9	2.210629000E-5
1.420370000E+9	2.204465000E-5
1.420373333E+9	2.197908000E-5
1.420376667E+9	2.192175000E-5
1.420380000E+9	2.229216000E-5
1.420383333E+9	2.229642000E-5
1.420386667E+9	2.262574000E-5
1.420390000E+9	2.224312000E-5
1.420393333E+9	2.232111000E-5
1.420396667E+9	2.262867000E-5
1.420400000E+9	2.166045000E-5
1.420403333E+9	2.174194000E-5
1.420406667E+9	2.171022000E-5
1.420410000E+9	2.195870000E-5
1.420413333E+9	2.222847000E-5
1.420416667E+9	2.245421000E-5
1.420420000E+9	2.190019000E-5
1.420423333E+9	2.182106000E-5
1.420426667E+9	2.204385000E-5
1.420430000E+9	2.215637000E-5
1.420433333E+9	2.205925000E-5
1.420436667E+9	2.191130000E-5
1.420440000E+9	2.164317000E-5
1.420443333E+9	2.229250000E-5
1.420446667E+9	2.226432000E-5
1.420450000E+9	2.236932000E-5
1.420453333E+9	2.228139000E-5
1.420456667E+9	2.187104000E-5
1.420460000E+9	2.234136000E-5
1.420463333E+9	2.222063000E-5
1.420466667E+9	2.258811000E-5
1.420470000E+9	2.195564000E-5
1.420473333E+9	2.204731000E-5
1.420476667E+9	2.142238000E-5
1.420480000E+9	2.253755000E-5
1.420483333E+9	2.182290000E-5
1.420486667E+9	2.226256000E-5
1.420490000E+9	2.237445000E-5
1.420493333E+9	2.165627000E-5
1.420496667E+9	2.226567000E-5
1.420500000E+9	2.219545000E-5
1.420503333E+9	2.178201000E-5
1.420506667E+9	2.231567000E-5
1.420510000E+9	2.195255000E-5
1.420513333E+9	2.208693000E-5
1.420516667E+9	2.192105000E-5
1.420520000E+9	2.195971000E-5
1.420523333E+9	2.139956000E-5
1.420526667E+9	2.249725000E-5
1.420530000E+9	2.218641000E-5
1.420533333E+9	2.199637000E-5
1.420536667E+9	2.200642000E-5
1.420540000E+9	2.210211000E-5
1.420543333E+9	2.211262000E-5
1.420546667E+9	2.178539000E-5
1.420550000E+9	2.224065000E-5
1.420553333E+9	2.165503000E-5
1.420556667E+9	2.181511000E-5
1.420560000E+9	2.172314000E-5
1.420563333E+9	2.171067000E-5
1.420566667E+9	2.193935000E-5
1.420570000E+9	2.211549000E-5
1.420573333E+9	2.223061000E-5
1.420576667E+9	2.146304000E-5
1.420580000E+9	2.229204000E-5
1.420583333E+9	2.180587000E-5
1.420586667E+9	2.166997000E-5
1.420590000E+9	2.229603000E-5
1.420593333E+9	2.233314000E-5
1.420596667E+9	2.219269000E-5
1.420600000E+9	2.276084000E-5
1.420603333E+9	2.268041000E-5
1.420606667E+9	2.252506000E-5
1.420610000E+9	2.287937000E-5
1.420613333E+9	2.217545000E-5
1.420616667E+9	2.171422000E-5
1.420620000E+9	2.247389000E-5
1.420623333E+9	2.286767000E-5
1.420626667E+9	2.484616000E-5
1.420630000E+9	2.201543000E-5
1.420633333E+9	2.302392000E-5
1.420636667E+9	2.223855000E-5
1.420640000E+9	2.190276000E-5
1.420643333E+9	2.178613000E-5
1.420646667E+9	2.273257000E-5
1.420650000E+9	2.209110000E-5
1.420653333E+9	2.204407000E-5
1.420656667E+9	2.231376000E-5
1.420660000E+9	2.160820000E-5
1.420663333E+9	2.190683000E-5
1.420666667E+9	2.180465000E-5
1.420670000E+9	2.157553000E-5
1.420673333E+9	2.142273000E-5
1.420676667E+9	2.246269000E-5
1.420680000E+9	2.208523000E-5
1.420683333E+9	2.201212000E-5
1.420686667E+9	2.182156000E-5
1.420690000E+9	2.205247000E-5
1.420693333E+9	2.171181000E-5
1.420696667E+9	2.213239000E-5
1.420700000E+9	2.224028000E-5
1.420703333E+9	2.188786000E-5
1.420706667E+9	2.179067000E-5
1.420710000E+9	2.179522000E-5
1.420713333E+9	2.225484000E-5
1.420716667E+9	2.209488000E-5
1.420720000E+9	2.248105000E-5
1.420723333E+9	2.225643000E-5
1.420726667E+9	2.158302000E-5
1.420730000E+9	2.224253000E-5
1.420733333E+9	2.190478000E-5
1.420736667E+9	2.171067000E-5
1.420740000E+9	2.216938000E-5
1.420743333E+9	2.193282000E-5
1.420746667E+9	2.208365000E-5
1.420750000E+9	2.186975000E-5
1.420753333E+9	2.215615000E-5
1.420756667E+9	2.208484000E-5
1.420760000E+9	2.332874000E-5
1.420763333E+9	2.196412000E-5
1.420766667E+9	2.143325000E-5
1.420770000E+9	2.206140000E-5
1.420773333E+9	2.220871000E-5
1.420776667E+9	2.215508000E-5
1.420780000E+9	2.226237000E-5
1.420783333E+9	2.215111000E-5
1.420786667E+9	2.186206000E-5
1.420790000E+9	2.205450000E-5
1.420793333E+9	2.223940000E-5
1.420796667E+9	2.262477000E-5
1.420800000E+9	2.181183000E-5
1.420803333E+9	2.224009000E-5
1.420806667E+9	2.203146000E-5
1.420810000E+9	2.259592000E-5
1.420813333E+9	2.254441000E-5
1.420816667E+9	2.184532000E-5
1.420820000E+9	2.213786000E-5
1.420823333E+9	2.212289000E-5
1.420826667E+9	2.189718000E-5
1.420830000E+9	2.155566000E-5
1.420833333E+9	2.210990000E-5
1.420836667E+9	2.291807000E-5
1.420840000E+9	2.796926000E-5
1.420843333E+9	2.292436000E-5
1.420846667E+9	2.185988000E-5
1.420850000E+9	2.215381000E-5
1.420853333E+9	2.191193000E-5
1.420856667E+9	2.172152000E-5
1.420860000E+9	2.215700000E-5
1.420863333E+9	2.167087000E-5
1.420866667E+9	2.241333000E-5
1.420870000E+9	2.274557000E-5
1.420873333E+9	2.206230000E-5
1.420876667E+9	2.187928000E-5
1.420880000E+9	2.244253000E-5
1.420883333E+9	2.412486000E-5
1.420886667E+9	2.353580000E-5
1.420890000E+9	2.204830000E-5
1.420893333E+9	2.229013000E-5
1.420896667E+9	2.233709000E-5
1.420900000E+9	2.254173000E-5
1.420903333E+9	2.266687000E-5
1.420906667E+9	2.329815000E-5
1.420910000E+9	2.174080000E-5
1.420913333E+9	2.374873000E-5
1.420916667E+9	2.421528000E-5
1.420920000E+9	2.736286000E-5
1.420923333E+9	2.254082000E-5
1.420926667E+9	2.423784000E-5
1.420930000E+9	2.258491000E-5
1.420933333E+9	2.153884000E-5
1.420936667E+9	2.208283000E-5
1.420940000E+9	2.248483000E-5
1.420943333E+9	2.252753000E-5
1.420946667E+9	2.253119000E-5
1.420950000E+9	2.215063000E-5
1.420953333E+9	2.158067000E-5
1.420956667E+9	2.131076000E-5
1.420960000E+9	2.158811000E-5
1.420963333E+9	2.203698000E-5
1.420966667E+9	2.212761000E-5
1.420970000E+9	2.182628000E-5
1.420973333E+9	2.227127000E-5
1.420976667E+9	2.219203000E-5
1.420980000E+9	2.176593000E-5
1.420983333E+9	2.232152000E-5
1.420986667E+9	2.181799000E-5
1.420990000E+9	2.234727000E-5
1.420993333E+9	2.213533000E-5
1.420996667E+9	2.171396000E-5
1.421000000E+9	2.219530000E-5
1.421003333E+9	2.223594000E-5
1.421006667E+9	2.229546000E-5
1.421010000E+9	2.215123000E-5
1.421013333E+9	2.196367000E-5
1.421016667E+9	2.179759000E-5
1.421020000E+9	2.163120000E-5
1.421023333E+9	2.165335000E-5
1.421026667E+9	2.184990000E-5
1.421030000E+9	2.252770000E-5
1.421033333E+9	2.216615000E-5
1.421036667E+9	2.182106000E-5
1.421040000E+9	2.225494000E-5
1.421043333E+9	2.205198000E-5
1.421046667E+9	2.225860000E-5
1.421050000E+9	2.182853000E-5
1.421053333E+9	2.178967000E-5
1.421056667E+9	2.199530000E-5
1.421060000E+9	2.197360000E-5
1.421063333E+9	2.145906000E-5
1.421066667E+9	2.189291000E-5
1.421070000E+9	2.160419000E-5
1.421073333E+9	2.206286000E-5
1.421076667E+9	2.186101000E-5
1.421080000E+9	2.199407000E-5
1.421083333E+9	2.146248000E-5
1.421086667E+9	2.153648000E-5
1.421090000E+9	2.167818000E-5
1.421093333E+9	2.300694000E-5
1.421096667E+9	2.284837000E-5
1.421100000E+9	2.188315000E-5
1.421103333E+9	2.206702000E-5
1.421106667E+9	2.207776000E-5
1.421110000E+9	2.173352000E-5
1.421113333E+9	2.183006000E-5
1.421116667E+9	2.193431000E-5
1.421120000E+9	2.171499000E-5
1.421123333E+9	2.219118000E-5
1.421126667E+9	2.164141000E-5
1.421130000E+9	2.170948000E-5
1.421133333E+9	2.258194000E-5
1.421136667E+9	2.190721000E-5
1.421140000E+9	2.251002000E-5
1.421143333E+9	2.219576000E-5
1.421146667E+9	2.190587000E-5
1.421150000E+9	2.191623000E-5
1.421153333E+9	2.215033000E-5
1.421156667E+9	2.181399000E-5
1.421160000E+9	2.206465000E-5
1.421163333E+9	2.253881000E-5
1.421166667E+9	2.232209000E-5
1.421170000E+9	2.224951000E-5
1.421173333E+9	2.183390000E-5
1.421176667E+9	2.327604000E-5
1.421180000E+9	2.468245000E-5
1.421183333E+9	2.186679000E-5
1.421186667E+9	2.218132000E-5
1.421190000E+9	2.222154000E-5
1.421193333E+9	2.184683000E-5
1.421196667E+9	2.251954000E-5
1.421200000E+9	2.210539000E-5
1.421203333E+9	2.183117000E-5
1.421206667E+9	2.306291000E-5
1.421210000E+9	2.311523000E-5
1.421213333E+9	2.390956000E-5
1.421216667E+9	2.267070000E-5
1.421220000E+9	2.256627000E-5
1.421223333E+9	2.224754000E-5
1.421226667E+9	2.179299000E-5
1.421230000E+9	2.259310000E-5
1.421233333E+9	2.265739000E-5
1.421236667E+9	2.184685000E-5
1.421240000E+9	2.161114000E-5
1.421243333E+9	2.231302000E-5
1.421246667E+9	2.244275000E-5
1.421250000E+9	2.229116000E-5
1.421253333E+9	2.226699000E-5
1.421256667E+9	2.224055000E-5
1.421260000E+9	2.199716000E-5
1.421263333E+9	2.221412000E-5
1.421266667E+9	2.262619000E-5
1.421270000E+9	2.194833000E-5
1.421273333E+9	2.232871000E-5
1.421276667E+9	2.347422000E-5
1.421280000E+9	2.301267000E-5
1.421283333E+9	2.308792000E-5
1.421286667E+9	2.233741000E-5
1.421290000E+9	2.270787000E-5
1.421293333E+9	2.288523000E-5
1.421296667E+9	2.360220000E-5
1.421300000E+9	2.349472000E-5
1.421303333E+9	2.218923000E-5
1.421306667E+9	2.248152000E-5
1.421310000E+9	2.281333000E-5
1.421313333E+9	2.214340000E-5
1.421316667E+9	2.312061000E-5
1.421320000E+9	2.310186000E-5
1.421323333E+9	2.327926000E-5
1.421326667E+9	2.318956000E-5
1.421330000E+9	2.307355000E-5
1.421333333E+9	2.328199000E-5
1.421336667E+9	2.404630000E-5
1.421340000E+9	2.544410000E-5
1.421343333E+9	3.338163000E-5
1.421346667E+9	2.987208000E-5
1.421350000E+9	2.428912000E-5
1.421353333E+9	2.457591000E-5
1.421356667E+9	2.340019000E-5
1.421360000E+9	2.378471000E-5
1.421363333E+9	2.596231000E-5
1.421366667E+9	2.878388000E-5
1.421370000E+9	2.356644000E-5
1.421373333E+9	2.334919000E-5
1.421376667E+9	2.327765000E-5
1.421380000E+9	2.308389000E-5
1.421383333E+9	2.388741000E-5
1.421386667E+9	2.294070000E-5
1.421390000E+9	2.311688000E-5
1.421393333E+9	2.297291000E-5
1.421396667E+9	2.304081000E-5
1.421400000E+9	2.287744000E-5
