Frequency, Hz	Amplitude, Volts
1.419400000E+9	1.508138000E-5
1.419403333E+9	1.513546000E-5
1.419406667E+9	1.541303000E-5
1.419410000E+9	1.512386000E-5
1.419413333E+9	1.714434000E-5
1.419416667E+9	1.578956000E-5
1.419420000E+9	1.498255000E-5
1.419423333E+9	1.505633000E-5
1.419426667E+9	1.520732000E-5
1.419430000E+9	1.506202000E-5
1.419433333E+9	1.526270000E-5
1.419436667E+9	1.519934000E-5
1.419440000E+9	1.528398000E-5
1.419443333E+9	1.516743000E-5
1.419446667E+9	1.585778000E-5
1.419450000E+9	1.866933000E-5
1.419453333E+9	1.571427000E-5
1.419456667E+9	1.518686000E-5
1.419460000E+9	1.520121000E-5
1.419463333E+9	1.514442000E-5
1.419466667E+9	1.507229000E-5
1.419470000E+9	1.485616000E-5
1.419473333E+9	1.507684000E-5
1.419476667E+9	1.517879000E-5
1.419480000E+9	1.468645000E-5
1.419483333E+9	1.500171000E-5
1.419486667E+9	1.479120000E-5
1.419490000E+9	1.506377000E-5
1.419493333E+9	1.498293000E-5
1.419496667E+9	1.532879000E-5
1.419500000E+9	1.519357000E-5
1.419503333E+9	1.523680000E-5
1.419506667E+9	1.542170000E-5
1.419510000E+9	1.499743000E-5
1.419513333E+9	1.484101000E-5
1.419516667E+9	1.499669000E-5
1.419520000E+9	1.511966000E-5
1.419523333E+9	1.531385000E-5
1.419526667E+9	1.483669000E-5
1.419530000E+9	1.499815000E-5
1.419533333E+9	1.504565000E-5
1.419536667E+9	1.494493000E-5
1.419540000E+9	1.492731000E-5
1.419543333E+9	1.513469000E-5
1.419546667E+9	1.487886000E-5
1.419550000E+9	1.506428000E-5
1.419553333E+9	1.498013000E-5
1.419556667E+9	1.500044000E-5
1.419560000E+9	1.506384000E-5
1.419563333E+9	1.500161000E-5
1.419566667E+9	1.504440000E-5
1.419570000E+9	1.502650000E-5
1.419573333E+9	1.489153000E-5
1.419576667E+9	1.491668000E-5
1.419580000E+9	1.507347000E-5
1.419583333E+9	1.475019000E-5
1.419586667E+9	1.498768000E-5
1.419590000E+9	1.489083000E-5
1.419593333E+9	1.496417000E-5
1.419596667E+9	1.480706000E-5
1.419600000E+9	1.508617000E-5
1.419603333E+9	1.483151000E-5
1.419606667E+9	1.476581000E-5
1.419610000E+9	1.503629000E-5
1.419613333E+9	1.514668000E-5
1.419616667E+9	1.518086000E-5
1.419620000E+9	1.511055000E-5
1.419623333E+9	1.515758000E-5
1.419626667E+9	1.509398000E-5
1.419630000E+9	1.497043000E-5
1.419633333E+9	1.518623000E-5
1.419636667E+9	1.495638000E-5
1.419640000E+9	1.505907000E-5
1.419643333E+9	1.478763000E-5
1.419646667E+9	1.485407000E-5
1.419650000E+9	1.477093000E-5
1.419653333E+9	1.486371000E-5
1.419656667E+9	1.498176000E-5
1.419660000E+9	1.471838000E-5
1.419663333E+9	1.498420000E-5
1.419666667E+9	1.523899000E-5
1.419670000E+9	1.501285000E-5
1.419673333E+9	1.492451000E-5
1.419676667E+9	1.494066000E-5
1.419680000E+9	1.444297000E-5
1.419683333E+9	1.496052000E-5
1.419686667E+9	1.525479000E-5
1.419690000E+9	1.516089000E-5
1.419693333E+9	1.508239000E-5
1.419696667E+9	1.478610000E-5
1.419700000E+9	1.522178000E-5
1.419703333E+9	1.470202000E-5
1.419706667E+9	1.560566000E-5
1.419710000E+9	1.551218000E-5
1.419713333E+9	1.507837000E-5
1.419716667E+9	1.510652000E-5
1.419720000E+9	1.516487000E-5
1.419723333E+9	1.501264000E-5
1.419726667E+9	1.498245000E-5
1.419730000E+9	1.490421000E-5
1.419733333E+9	1.603657000E-5
1.419736667E+9	1.505192000E-5
1.419740000E+9	1.577026000E-5
1.419743333E+9	1.826847000E-5
1.419746667E+9	1.552692000E-5
1.419750000E+9	1.555029000E-5
1.419753333E+9	1.530558000E-5
1.419756667E+9	1.502776000E-5
1.419760000E+9	1.511885000E-5
1.419763333E+9	1.479276000E-5
1.419766667E+9	1.498426000E-5
1.419770000E+9	1.510128000E-5
1.419773333E+9	1.491323000E-5
1.419776667E+9	1.481610000E-5
1.419780000E+9	1.529365000E-5
1.419783333E+9	1.487403000E-5
1.419786667E+9	1.502406000E-5
1.419790000E+9	1.482100000E-5
1.419793333E+9	1.466512000E-5
1.419796667E+9	1.488419000E-5
1.419800000E+9	1.486978000E-5
1.419803333E+9	1.484716000E-5
1.419806667E+9	1.461229000E-5
1.419810000E+9	1.479073000E-5
1.419813333E+9	1.533830000E-5
1.419816667E+9	1.477529000E-5
1.419820000E+9	1.504871000E-5
1.419823333E+9	1.525826000E-5
1.419826667E+9	1.485019000E-5
1.419830000E+9	1.505679000E-5
1.419833333E+9	1.531916000E-5
1.419836667E+9	1.471395000E-5
1.419840000E+9	1.476020000E-5
1.419843333E+9	1.511674000E-5
1.419846667E+9	1.522202000E-5
1.419850000E+9	1.471445000E-5
1.419853333E+9	1.508729000E-5
1.419856667E+9	1.505473000E-5
1.419860000E+9	1.498298000E-5
1.419863333E+9	1.499796000E-5
1.419866667E+9	1.525642000E-5
1.419870000E+9	1.491303000E-5
1.419873333E+9	1.487396000E-5
1.419876667E+9	1.501132000E-5
1.419880000E+9	1.495949000E-5
1.419883333E+9	1.485040000E-5
1.419886667E+9	1.472968000E-5
1.419890000E+9	1.483823000E-5
1.419893333E+9	1.508621000E-5
1.419896667E+9	1.498420000E-5
1.419900000E+9	1.514846000E-5
1.419903333E+9	1.476303000E-5
1.419906667E+9	1.476410000E-5
1.419910000E+9	1.464272000E-5
1.419913333E+9	1.487160000E-5
1.419916667E+9	1.482243000E-5
1.419920000E+9	1.509253000E-5
1.419923333E+9	1.498996000E-5
1.419926667E+9	1.490295000E-5
1.419930000E+9	1.485707000E-5
1.419933333E+9	1.482071000E-5
1.419936667E+9	1.481081000E-5
1.419940000E+9	1.484147000E-5
1.419943333E+9	1.508015000E-5
1.419946667E+9	1.499025000E-5
1.419950000E+9	1.482850000E-5
1.419953333E+9	1.479443000E-5
1.419956667E+9	1.495203000E-5
1.419960000E+9	1.496473000E-5
1.419963333E+9	1.496991000E-5
1.419966667E+9	1.466436000E-5
1.419970000E+9	1.469387000E-5
1.419973333E+9	1.487424000E-5
1.419976667E+9	1.487275000E-5
1.419980000E+9	1.600443000E-5
1.419983333E+9	1.513915000E-5
1.419986667E+9	1.484056000E-5
1.419990000E+9	1.519200000E-5
1.419993333E+9	1.488185000E-5
1.419996667E+9	1.495323000E-5
1.420000000E+9	1.614129000E-5
1.420003333E+9	1.730006000E-5
1.420006667E+9	1.516665000E-5
1.420010000E+9	1.501221000E-5
1.420013333E+9	1.499445000E-5
1.420016667E+9	1.488463000E-5
1.420020000E+9	1.514992000E-5
1.420023333E+9	1.488810000E-5
1.420026667E+9	1.513416000E-5
1.420030000E+9	1.497760000E-5
1.420033333E+9	1.604791000E-5
1.420036667E+9	1.669702000E-5
1.420040000E+9	1.517834000E-5
1.420043333E+9	1.509132000E-5
1.420046667E+9	1.516841000E-5
1.420050000E+9	1.526899000E-5
1.420053333E+9	1.514006000E-5
1.420056667E+9	1.500784000E-5
1.420060000E+9	1.485994000E-5
1.420063333E+9	1.487373000E-5
1.420066667E+9	1.494983000E-5
1.420070000E+9	1.477286000E-5
1.420073333E+9	1.499134000E-5
1.420076667E+9	1.494299000E-5
1.420080000E+9	1.500151000E-5
1.420083333E+9	1.480633000E-5
1.420086667E+9	1.496039000E-5
1.420090000E+9	1.515501000E-5
1.420093333E+9	1.475151000E-5
1.420096667E+9	1.498140000E-5
1.420100000E+9	1.504845000E-5
1.420103333E+9	1.468677000E-5
1.420106667E+9	1.490668000E-5
1.420110000E+9	1.516100000E-5
1.420113333E+9	1.492671000E-5
1.420116667E+9	1.497785000E-5
1.420120000E+9	1.459444000E-5
1.420123333E+9	1.478034000E-5
1.420126667E+9	1.486139000E-5
1.420130000E+9	1.448715000E-5
1.420133333E+9	1.491624000E-5
1.420136667E+9	1.456708000E-5
1.420140000E+9	1.476579000E-5
1.420143333E+9	1.450759000E-5
1.420146667E+9	1.483609000E-5
1.420150000E+9	1.479815000E-5
1.420153333E+9	1.488411000E-5
1.420156667E+9	1.504400000E-5
1.420160000E+9	1.505678000E-5
1.420163333E+9	1.516668000E-5
1.420166667E+9	1.481228000E-5
1.420170000E+9	1.481303000E-5
1.420173333E+9	1.502796000E-5
1.420176667E+9	1.460258000E-5
1.420180000E+9	1.473458000E-5
1.420183333E+9	1.522830000E-5
1.420186667E+9	1.467775000E-5
1.420190000E+9	1.478959000E-5
1.420193333E+9	1.486565000E-5
1.420196667E+9	1.500962000E-5
1.420200000E+9	1.519422000E-5
1.420203333E+9	1.497663000E-5
1.420206667E+9	1.468626000E-5
1.420210000E+9	1.479240000E-5
1.420213333E+9	1.521650000E-5
1.420216667E+9	1.483589000E-5
1.420220000E+9	1.454527000E-5
1.420223333E+9	1.499400000E-5
1.420226667E+9	1.484056000E-5
1.420230000E+9	1.488824000E-5
1.420233333E+9	1.502492000E-5
1.420236667E+9	1.500339000E-5
1.420240000E+9	1.483243000E-5
1.420243333E+9	1.498007000E-5
1.420246667E+9	1.489287000E-5
1.420250000E+9	1.448569000E-5
1.420253333E+9	1.513539000E-5
1.420256667E+9	1.503693000E-5
1.420260000E+9	1.530460000E-5
1.420263333E+9	1.514640000E-5
1.420266667E+9	1.486503000E-5
1.420270000E+9	1.492061000E-5
1.420273333E+9	1.501707000E-5
1.420276667E+9	1.506964000E-5
1.420280000E+9	1.477625000E-5
1.420283333E+9	1.476094000E-5
1.420286667E+9	1.508910000E-5
1.420290000E+9	1.482660000E-5
1.420293333E+9	1.528103000E-5
1.420296667E+9	1.778369000E-5
1.420300000E+9	1.541224000E-5
1.420303333E+9	1.493553000E-5
1.420306667E+9	1.490892000E-5
1.420310000E+9	1.520969000E-5
1.420313333E+9	1.509669000E-5
1.420316667E+9	1.508300000E-5
1.420320000E+9	1.527086000E-5
1.420323333E+9	1.509609000E-5
1.420326667E+9	1.623369000E-5
1.420330000E+9	1.693358000E-5
1.420333333E+9	1.537342000E-5
1.420336667E+9	1.521766000E-5
1.420340000E+9	1.530761000E-5
1.420343333E+9	1.515698000E-5
1.420346667E+9	1.560424000E-5
1.420350000E+9	1.575335000E-5
1.420353333E+9	1.562807000E-5
1.420356667E+9	1.531689000E-5
1.420360000E+9	1.570915000E-5
1.420363333E+9	1.584487000E-5
1.420366667E+9	1.576603000E-5
1.420370000E+9	1.602252000E-5
1.420373333E+9	1.636133000E-5
1.420376667E+9	1.613080000E-5
1.420380000E+9	1.639211000E-5
1.420383333E+9	1.659047000E-5
1.420386667E+9	1.669636000E-5
1.420390000E+9	1.639024000E-5
1.420393333E+9	1.722298000E-5
1.420396667E+9	1.705604000E-5
1.420400000E+9	1.703402000E-5
1.420403333E+9	1.727227000E-5
1.420406667E+9	1.725160000E-5
1.420410000E+9	1.713281000E-5
1.420413333E+9	1.747518000E-5
1.420416667E+9	1.721922000E-5
1.420420000E+9	1.714604000E-5
1.420423333E+9	1.728850000E-5
1.420426667E+9	1.723679000E-5
1.420430000E+9	1.708239000E-5
1.420433333E+9	1.702674000E-5
1.420436667E+9	1.719957000E-5
1.420440000E+9	1.717337000E-5
1.420443333E+9	1.732597000E-5
1.420446667E+9	1.718873000E-5
1.420450000E+9	1.719575000E-5
1.420453333E+9	1.738720000E-5
1.420456667E+9	1.707545000E-5
1.420460000E+9	1.713349000E-5
1.420463333E+9	1.743727000E-5
1.420466667E+9	1.702554000E-5
1.420470000E+9	1.668174000E-5
1.420473333E+9	1.697403000E-5
1.420476667E+9	1.686306000E-5
1.420480000E+9	1.671404000E-5
1.420483333E+9	1.651358000E-5
1.420486667E+9	1.720775000E-5
1.420490000E+9	1.662212000E-5
1.420493333E+9	1.679257000E-5
1.420496667E+9	1.674917000E-5
1.420500000E+9	1.674261000E-5
1.420503333E+9	1.665215000E-5
1.420506667E+9	1.635716000E-5
1.420510000E+9	1.639852000E-5
1.420513333E+9	1.610342000E-5
1.420516667E+9	1.580043000E-5
1.420520000E+9	1.624854000E-5
1.420523333E+9	1.616612000E-5
1.420526667E+9	1.626604000E-5
1.420530000E+9	1.594772000E-5
1.420533333E+9	1.580279000E-5
1.420536667E+9	1.594212000E-5
1.420540000E+9	1.611067000E-5
1.420543333E+9	1.623394000E-5
1.420546667E+9	1.597671000E-5
1.420550000E+9	1.581345000E-5
1.420553333E+9	1.542658000E-5
1.420556667E+9	1.556163000E-5
1.420560000E+9	1.575011000E-5
1.420563333E+9	1.561786000E-5
1.420566667E+9	1.564701000E-5
1.420570000E+9	1.556712000E-5
1.420573333E+9	1.537929000E-5
1.420576667E+9	1.528584000E-5
1.420580000E+9	1.560365000E-5
1.420583333E+9	1.552804000E-5
1.420586667E+9	1.543915000E-5
1.420590000E+9	1.546258000E-5
1.420593333E+9	1.543039000E-5
1.420596667E+9	1.565137000E-5
1.420600000E+9	1.591545000E-5
1.420603333E+9	1.590226000E-5
1.420606667E+9	1.579358000E-5
1.420610000E+9	1.593642000E-5
1.420613333E+9	1.639861000E-5
1.420616667E+9	1.631471000E-5
1.420620000E+9	1.777407000E-5
1.420623333E+9	1.746534000E-5
1.420626667E+9	1.636346000E-5
1.420630000E+9	1.587329000E-5
1.420633333E+9	1.593712000E-5
1.420636667E+9	1.639936000E-5
1.420640000E+9	1.599479000E-5
1.420643333E+9	1.596251000E-5
1.420646667E+9	1.630772000E-5
1.420650000E+9	1.590373000E-5
1.420653333E+9	1.579837000E-5
1.420656667E+9	1.592867000E-5
1.420660000E+9	1.591162000E-5
1.420663333E+9	1.587867000E-5
1.420666667E+9	1.540525000E-5
1.420670000E+9	1.577298000E-5
1.420673333E+9	1.555748000E-5
1.420676667E+9	1.605514000E-5
1.420680000E+9	1.549665000E-5
1.420683333E+9	1.578909000E-5
1.420686667E+9	1.585885000E-5
1.420690000E+9	1.577277000E-5
1.420693333E+9	1.519790000E-5
1.420696667E+9	1.567725000E-5
1.420700000E+9	1.521689000E-5
1.420703333E+9	1.541034000E-5
1.420706667E+9	1.539264000E-5
1.420710000E+9	1.547719000E-5
1.420713333E+9	1.539362000E-5
1.420716667E+9	1.546095000E-5
1.420720000E+9	1.556676000E-5
1.420723333E+9	1.557249000E-5
1.420726667E+9	1.578945000E-5
1.420730000E+9	1.557526000E-5
1.420733333E+9	1.551700000E-5
1.420736667E+9	1.555398000E-5
1.420740000E+9	1.550414000E-5
1.420743333E+9	1.538517000E-5
1.420746667E+9	1.560269000E-5
1.420750000E+9	1.554970000E-5
1.420753333E+9	1.534089000E-5
1.420756667E+9	1.559228000E-5
1.420760000E+9	1.597657000E-5
1.420763333E+9	1.546312000E-5
1.420766667E+9	1.576929000E-5
1.420770000E+9	1.560617000E-5
1.420773333E+9	1.591968000E-5
1.420776667E+9	1.580930000E-5
1.420780000E+9	1.577919000E-5
1.420783333E+9	1.595977000E-5
1.420786667E+9	1.584393000E-5
1.420790000E+9	1.615531000E-5
1.420793333E+9	1.661801000E-5
1.420796667E+9	1.627511000E-5
1.420800000E+9	1.598836000E-5
1.420803333E+9	1.625698000E-5
1.420806667E+9	1.575240000E-5
1.420810000E+9	1.584831000E-5
1.420813333E+9	1.623480000E-5
1.420816667E+9	1.572818000E-5
1.420820000E+9	1.589940000E-5
1.420823333E+9	1.590665000E-5
1.420826667E+9	1.548018000E-5
1.420830000E+9	1.563092000E-5
1.420833333E+9	1.563341000E-5
1.420836667E+9	1.539061000E-5
1.420840000E+9	1.577152000E-5
1.420843333E+9	1.536031000E-5
1.420846667E+9	1.568340000E-5
1.420850000E+9	1.540792000E-5
1.420853333E+9	1.512263000E-5
1.420856667E+9	1.528638000E-5
1.420860000E+9	1.561013000E-5
1.420863333E+9	1.536775000E-5
1.420866667E+9	1.541818000E-5
1.420870000E+9	1.540112000E-5
1.420873333E+9	1.543258000E-5
1.420876667E+9	1.547574000E-5
1.420880000E+9	1.499382000E-5
1.420883333E+9	2.003473000E-5
1.420886667E+9	1.862353000E-5
1.420890000E+9	1.545716000E-5
1.420893333E+9	1.549228000E-5
1.420896667E+9	1.554855000E-5
1.420900000E+9	1.599632000E-5
1.420903333E+9	1.555285000E-5
1.420906667E+9	1.635946000E-5
1.420910000E+9	1.535115000E-5
1.420913333E+9	2.107669000E-5
1.420916667E+9	1.904106000E-5
1.420920000E+9	1.654757000E-5
1.420923333E+9	1.504559000E-5
1.420926667E+9	1.520768000E-5
1.420930000E+9	1.580371000E-5
1.420933333E+9	1.529750000E-5
1.420936667E+9	1.517179000E-5
1.420940000E+9	1.518093000E-5
1.420943333E+9	1.582251000E-5
1.420946667E+9	1.517873000E-5
1.420950000E+9	1.501865000E-5
1.420953333E+9	1.514774000E-5
1.420956667E+9	1.507678000E-5
1.420960000E+9	1.480392000E-5
1.420963333E+9	1.498500000E-5
1.420966667E+9	1.517784000E-5
1.420970000E+9	1.501791000E-5
1.420973333E+9	1.479118000E-5
1.420976667E+9	1.488885000E-5
1.420980000E+9	1.497742000E-5
1.420983333E+9	1.520546000E-5
1.420986667E+9	1.517634000E-5
1.420990000E+9	1.522005000E-5
1.420993333E+9	1.502576000E-5
1.420996667E+9	1.510732000E-5
1.421000000E+9	1.486154000E-5
1.421003333E+9	1.488522000E-5
1.421006667E+9	1.497270000E-5
1.421010000E+9	1.505190000E-5
1.421013333E+9	1.497142000E-5
1.421016667E+9	1.500375000E-5
1.421020000E+9	1.518059000E-5
1.421023333E+9	1.511403000E-5
1.421026667E+9	1.472097000E-5
1.421030000E+9	1.461737000E-5
1.421033333E+9	1.488777000E-5
1.421036667E+9	1.490957000E-5
1.421040000E+9	1.482573000E-5
1.421043333E+9	1.487649000E-5
1.421046667E+9	1.468866000E-5
1.421050000E+9	1.463674000E-5
1.421053333E+9	1.499478000E-5
1.421056667E+9	1.542712000E-5
1.421060000E+9	1.490393000E-5
1.421063333E+9	1.514151000E-5
1.421066667E+9	1.490111000E-5
1.421070000E+9	1.457151000E-5
1.421073333E+9	1.472857000E-5
1.421076667E+9	1.468555000E-5
1.421080000E+9	1.512883000E-5
1.421083333E+9	1.486262000E-5
1.421086667E+9	1.468684000E-5
1.421090000E+9	1.498125000E-5
1.421093333E+9	1.540578000E-5
1.421096667E+9	1.525799000E-5
1.421100000E+9	1.506953000E-5
1.421103333E+9	1.506131000E-5
1.421106667E+9	1.467858000E-5
1.421110000E+9	1.489053000E-5
1.421113333E+9	1.503548000E-5
1.421116667E+9	1.493666000E-5
1.421120000E+9	1.471521000E-5
1.421123333E+9	1.500739000E-5
1.421126667E+9	1.494634000E-5
1.421130000E+9	1.512584000E-5
1.421133333E+9	1.513981000E-5
1.421136667E+9	1.482893000E-5
1.421140000E+9	1.491735000E-5
1.421143333E+9	1.478475000E-5
1.421146667E+9	1.471331000E-5
1.421150000E+9	1.488347000E-5
1.421153333E+9	1.511754000E-5
1.421156667E+9	1.505259000E-5
1.421160000E+9	1.461965000E-5
1.421163333E+9	1.457346000E-5
1.421166667E+9	1.494982000E-5
1.421170000E+9	1.482956000E-5
1.421173333E+9	1.459232000E-5
1.421176667E+9	1.786481000E-5
1.421180000E+9	2.143499000E-5
1.421183333E+9	1.525736000E-5
1.421186667E+9	1.468144000E-5
1.421190000E+9	1.511369000E-5
1.421193333E+9	1.490419000E-5
1.421196667E+9	1.515688000E-5
1.421200000E+9	1.494596000E-5
1.421203333E+9	1.507466000E-5
1.421206667E+9	1.755441000E-5
1.421210000E+9	1.638637000E-5
1.421213333E+9	1.523884000E-5
1.421216667E+9	1.490075000E-5
1.421220000E+9	1.537576000E-5
1.421223333E+9	1.478527000E-5
1.421226667E+9	1.507964000E-5
1.421230000E+9	1.501226000E-5
1.421233333E+9	1.484228000E-5
1.421236667E+9	1.462461000E-5
1.421240000E+9	1.508716000E-5
1.421243333E+9	1.486028000E-5
1.421246667E+9	1.501898000E-5
1.421250000E+9	1.473023000E-5
1.421253333E+9	1.453805000E-5
1.421256667E+9	1.467728000E-5
1.421260000E+9	1.495483000E-5
1.421263333E+9	1.506756000E-5
1.421266667E+9	1.485368000E-5
1.421270000E+9	1.461334000E-5
1.421273333E+9	1.478118000E-5
1.421276667E+9	1.515342000E-5
1.421280000E+9	1.488025000E-5
1.421283333E+9	1.513288000E-5
1.421286667E+9	1.537752000E-5
1.421290000E+9	1.523518000E-5
1.421293333E+9	1.479476000E-5
1.421296667E+9	1.499957000E-5
1.421300000E+9	1.494161000E-5
1.421303333E+9	1.482430000E-5
1.421306667E+9	1.481447000E-5
1.421310000E+9	1.460047000E-5
1.421313333E+9	1.472436000E-5
1.421316667E+9	1.476882000E-5
1.421320000E+9	1.501577000E-5
1.421323333E+9	1.499155000E-5
1.421326667E+9	1.489442000E-5
1.421330000E+9	1.511203000E-5
1.421333333E+9	1.476856000E-5
1.421336667E+9	1.505028000E-5
1.421340000E+9	1.502004000E-5
1.421343333E+9	1.501783000E-5
1.421346667E+9	1.505187000E-5
1.421350000E+9	1.492718000E-5
1.421353333E+9	1.651629000E-5
1.421356667E+9	1.759516000E-5
1.421360000E+9	1.576444000E-5
1.421363333E+9	1.523141000E-5
1.421366667E+9	1.541246000E-5
1.421370000E+9	1.480488000E-5
1.421373333E+9	1.488633000E-5
1.421376667E+9	1.504176000E-5
1.421380000E+9	1.478331000E-5
1.421383333E+9	1.475952000E-5
1.421386667E+9	1.480842000E-5
1.421390000E+9	1.521395000E-5
1.421393333E+9	1.496177000E-5
1.421396667E+9	1.455793000E-5
1.421400000E+9	1.508878000E-5
