Frequency, Hz	Amplitude, Volts
1.419400000E+9	1.489202000E-5
1.419403333E+9	1.520134000E-5
1.419406667E+9	1.518991000E-5
1.419410000E+9	1.511030000E-5
1.419413333E+9	1.650469000E-5
1.419416667E+9	1.603095000E-5
1.419420000E+9	1.537171000E-5
1.419423333E+9	1.531943000E-5
1.419426667E+9	1.530726000E-5
1.419430000E+9	1.522143000E-5
1.419433333E+9	1.507876000E-5
1.419436667E+9	1.514753000E-5
1.419440000E+9	1.564003000E-5
1.419443333E+9	1.502095000E-5
1.419446667E+9	1.488110000E-5
1.419450000E+9	1.543058000E-5
1.419453333E+9	1.556013000E-5
1.419456667E+9	1.519455000E-5
1.419460000E+9	1.508169000E-5
1.419463333E+9	1.479750000E-5
1.419466667E+9	1.525767000E-5
1.419470000E+9	1.510922000E-5
1.419473333E+9	1.493809000E-5
1.419476667E+9	1.514324000E-5
1.419480000E+9	1.491439000E-5
1.419483333E+9	1.510549000E-5
1.419486667E+9	1.477010000E-5
1.419490000E+9	1.504772000E-5
1.419493333E+9	1.469955000E-5
1.419496667E+9	1.493548000E-5
1.419500000E+9	1.515277000E-5
1.419503333E+9	1.458028000E-5
1.419506667E+9	1.509466000E-5
1.419510000E+9	1.527278000E-5
1.419513333E+9	1.476654000E-5
1.419516667E+9	1.502584000E-5
1.419520000E+9	1.511639000E-5
1.419523333E+9	1.538738000E-5
1.419526667E+9	1.508231000E-5
1.419530000E+9	1.509289000E-5
1.419533333E+9	1.499888000E-5
1.419536667E+9	1.537889000E-5
1.419540000E+9	1.524602000E-5
1.419543333E+9	1.526724000E-5
1.419546667E+9	1.501677000E-5
1.419550000E+9	1.521291000E-5
1.419553333E+9	1.531022000E-5
1.419556667E+9	1.509079000E-5
1.419560000E+9	1.515618000E-5
1.419563333E+9	1.538243000E-5
1.419566667E+9	1.566397000E-5
1.419570000E+9	1.509296000E-5
1.419573333E+9	1.514377000E-5
1.419576667E+9	1.496215000E-5
1.419580000E+9	1.487098000E-5
1.419583333E+9	1.500647000E-5
1.419586667E+9	1.510697000E-5
1.419590000E+9	1.509622000E-5
1.419593333E+9	1.500886000E-5
1.419596667E+9	1.470326000E-5
1.419600000E+9	1.501318000E-5
1.419603333E+9	1.521391000E-5
1.419606667E+9	1.498737000E-5
1.419610000E+9	1.497466000E-5
1.419613333E+9	1.533946000E-5
1.419616667E+9	1.518039000E-5
1.419620000E+9	1.486613000E-5
1.419623333E+9	1.505866000E-5
1.419626667E+9	1.536464000E-5
1.419630000E+9	1.529234000E-5
1.419633333E+9	1.549033000E-5
1.419636667E+9	1.511372000E-5
1.419640000E+9	1.505507000E-5
1.419643333E+9	1.526560000E-5
1.419646667E+9	1.520802000E-5
1.419650000E+9	1.528193000E-5
1.419653333E+9	1.485314000E-5
1.419656667E+9	1.511387000E-5
1.419660000E+9	1.500178000E-5
1.419663333E+9	1.517026000E-5
1.419666667E+9	1.490545000E-5
1.419670000E+9	1.519725000E-5
1.419673333E+9	1.497163000E-5
1.419676667E+9	1.506496000E-5
1.419680000E+9	1.480881000E-5
1.419683333E+9	1.502507000E-5
1.419686667E+9	1.502692000E-5
1.419690000E+9	1.508216000E-5
1.419693333E+9	1.474489000E-5
1.419696667E+9	1.483713000E-5
1.419700000E+9	1.520576000E-5
1.419703333E+9	1.496304000E-5
1.419706667E+9	1.583428000E-5
1.419710000E+9	1.545072000E-5
1.419713333E+9	1.514330000E-5
1.419716667E+9	1.531010000E-5
1.419720000E+9	1.518546000E-5
1.419723333E+9	1.503944000E-5
1.419726667E+9	1.525662000E-5
1.419730000E+9	1.500988000E-5
1.419733333E+9	1.543412000E-5
1.419736667E+9	1.520847000E-5
1.419740000E+9	1.517499000E-5
1.419743333E+9	1.511687000E-5
1.419746667E+9	1.518259000E-5
1.419750000E+9	1.538931000E-5
1.419753333E+9	1.568764000E-5
1.419756667E+9	1.487099000E-5
1.419760000E+9	1.498145000E-5
1.419763333E+9	1.519890000E-5
1.419766667E+9	1.493984000E-5
1.419770000E+9	1.499997000E-5
1.419773333E+9	1.499748000E-5
1.419776667E+9	1.474596000E-5
1.419780000E+9	1.539964000E-5
1.419783333E+9	1.552118000E-5
1.419786667E+9	1.508308000E-5
1.419790000E+9	1.540476000E-5
1.419793333E+9	1.507112000E-5
1.419796667E+9	1.520373000E-5
1.419800000E+9	1.528229000E-5
1.419803333E+9	1.539544000E-5
1.419806667E+9	1.544373000E-5
1.419810000E+9	1.536419000E-5
1.419813333E+9	1.488404000E-5
1.419816667E+9	1.509725000E-5
1.419820000E+9	1.518559000E-5
1.419823333E+9	1.518634000E-5
1.419826667E+9	1.533697000E-5
1.419830000E+9	1.495304000E-5
1.419833333E+9	1.510072000E-5
1.419836667E+9	1.497821000E-5
1.419840000E+9	1.501976000E-5
1.419843333E+9	1.507798000E-5
1.419846667E+9	1.493636000E-5
1.419850000E+9	1.484828000E-5
1.419853333E+9	1.506284000E-5
1.419856667E+9	1.503682000E-5
1.419860000E+9	1.505137000E-5
1.419863333E+9	1.536456000E-5
1.419866667E+9	1.537082000E-5
1.419870000E+9	1.548926000E-5
1.419873333E+9	1.518231000E-5
1.419876667E+9	1.507012000E-5
1.419880000E+9	1.507065000E-5
1.419883333E+9	1.512808000E-5
1.419886667E+9	1.527932000E-5
1.419890000E+9	1.531143000E-5
1.419893333E+9	1.533944000E-5
1.419896667E+9	1.522493000E-5
1.419900000E+9	1.548346000E-5
1.419903333E+9	1.542892000E-5
1.419906667E+9	1.473562000E-5
1.419910000E+9	1.514280000E-5
1.419913333E+9	1.510796000E-5
1.419916667E+9	1.494668000E-5
1.419920000E+9	1.505089000E-5
1.419923333E+9	1.493271000E-5
1.419926667E+9	1.521336000E-5
1.419930000E+9	1.496834000E-5
1.419933333E+9	1.514169000E-5
1.419936667E+9	1.514961000E-5
1.419940000E+9	1.498564000E-5
1.419943333E+9	1.506916000E-5
1.419946667E+9	1.503616000E-5
1.419950000E+9	1.508131000E-5
1.419953333E+9	1.521283000E-5
1.419956667E+9	1.521847000E-5
1.419960000E+9	1.487192000E-5
1.419963333E+9	1.506361000E-5
1.419966667E+9	1.517234000E-5
1.419970000E+9	1.519764000E-5
1.419973333E+9	1.536142000E-5
1.419976667E+9	1.492994000E-5
1.419980000E+9	1.548324000E-5
1.419983333E+9	1.494056000E-5
1.419986667E+9	1.519380000E-5
1.419990000E+9	1.502306000E-5
1.419993333E+9	1.529375000E-5
1.419996667E+9	1.503522000E-5
1.420000000E+9	1.589805000E-5
1.420003333E+9	1.726010000E-5
1.420006667E+9	1.482676000E-5
1.420010000E+9	1.488360000E-5
1.420013333E+9	1.506134000E-5
1.420016667E+9	1.502928000E-5
1.420020000E+9	1.511551000E-5
1.420023333E+9	1.498275000E-5
1.420026667E+9	1.513120000E-5
1.420030000E+9	1.493653000E-5
1.420033333E+9	1.494066000E-5
1.420036667E+9	1.509218000E-5
1.420040000E+9	1.528576000E-5
1.420043333E+9	1.523605000E-5
1.420046667E+9	1.484302000E-5
1.420050000E+9	1.566509000E-5
1.420053333E+9	1.557582000E-5
1.420056667E+9	1.508509000E-5
1.420060000E+9	1.510816000E-5
1.420063333E+9	1.493948000E-5
1.420066667E+9	1.513685000E-5
1.420070000E+9	1.485754000E-5
1.420073333E+9	1.489562000E-5
1.420076667E+9	1.510315000E-5
1.420080000E+9	1.525057000E-5
1.420083333E+9	1.519749000E-5
1.420086667E+9	1.471240000E-5
1.420090000E+9	1.508300000E-5
1.420093333E+9	1.490530000E-5
1.420096667E+9	1.483542000E-5
1.420100000E+9	1.482673000E-5
1.420103333E+9	1.486396000E-5
1.420106667E+9	1.507261000E-5
1.420110000E+9	1.504367000E-5
1.420113333E+9	1.470052000E-5
1.420116667E+9	1.517501000E-5
1.420120000E+9	1.484108000E-5
1.420123333E+9	1.523941000E-5
1.420126667E+9	1.491883000E-5
1.420130000E+9	1.519021000E-5
1.420133333E+9	1.496366000E-5
1.420136667E+9	1.510498000E-5
1.420140000E+9	1.497165000E-5
1.420143333E+9	1.508608000E-5
1.420146667E+9	1.491960000E-5
1.420150000E+9	1.456889000E-5
1.420153333E+9	1.480519000E-5
1.420156667E+9	1.492958000E-5
1.420160000E+9	1.500512000E-5
1.420163333E+9	1.523432000E-5
1.420166667E+9	1.483660000E-5
1.420170000E+9	1.495072000E-5
1.420173333E+9	1.488417000E-5
1.420176667E+9	1.494383000E-5
1.420180000E+9	1.499089000E-5
1.420183333E+9	1.514081000E-5
1.420186667E+9	1.497064000E-5
1.420190000E+9	1.481841000E-5
1.420193333E+9	1.485190000E-5
1.420196667E+9	1.505507000E-5
1.420200000E+9	1.506943000E-5
1.420203333E+9	1.462509000E-5
1.420206667E+9	1.501128000E-5
1.420210000E+9	1.522172000E-5
1.420213333E+9	1.506941000E-5
1.420216667E+9	1.495721000E-5
1.420220000E+9	1.520122000E-5
1.420223333E+9	1.489213000E-5
1.420226667E+9	1.501897000E-5
1.420230000E+9	1.525222000E-5
1.420233333E+9	1.496302000E-5
1.420236667E+9	1.560497000E-5
1.420240000E+9	1.524497000E-5
1.420243333E+9	1.466898000E-5
1.420246667E+9	1.490134000E-5
1.420250000E+9	1.468389000E-5
1.420253333E+9	1.503000000E-5
1.420256667E+9	1.499687000E-5
1.420260000E+9	1.487672000E-5
1.420263333E+9	1.521485000E-5
1.420266667E+9	1.557560000E-5
1.420270000E+9	1.536432000E-5
1.420273333E+9	1.517528000E-5
1.420276667E+9	1.497892000E-5
1.420280000E+9	1.486608000E-5
1.420283333E+9	1.520989000E-5
1.420286667E+9	1.480176000E-5
1.420290000E+9	1.490242000E-5
1.420293333E+9	1.549543000E-5
1.420296667E+9	1.678639000E-5
1.420300000E+9	1.557418000E-5
1.420303333E+9	1.523436000E-5
1.420306667E+9	1.528744000E-5
1.420310000E+9	1.548597000E-5
1.420313333E+9	1.577982000E-5
1.420316667E+9	1.526785000E-5
1.420320000E+9	1.502118000E-5
1.420323333E+9	1.485761000E-5
1.420326667E+9	1.479369000E-5
1.420330000E+9	1.510010000E-5
1.420333333E+9	1.506430000E-5
1.420336667E+9	1.506228000E-5
1.420340000E+9	1.520601000E-5
1.420343333E+9	1.484722000E-5
1.420346667E+9	1.503297000E-5
1.420350000E+9	1.522010000E-5
1.420353333E+9	1.511729000E-5
1.420356667E+9	1.503650000E-5
1.420360000E+9	1.508699000E-5
1.420363333E+9	1.490317000E-5
1.420366667E+9	1.490694000E-5
1.420370000E+9	1.518124000E-5
1.420373333E+9	1.505081000E-5
1.420376667E+9	1.521752000E-5
1.420380000E+9	1.496545000E-5
1.420383333E+9	1.510264000E-5
1.420386667E+9	1.562100000E-5
1.420390000E+9	1.531662000E-5
1.420393333E+9	1.531672000E-5
1.420396667E+9	1.487215000E-5
1.420400000E+9	1.537757000E-5
1.420403333E+9	1.524466000E-5
1.420406667E+9	1.510292000E-5
1.420410000E+9	1.532118000E-5
1.420413333E+9	1.506650000E-5
1.420416667E+9	1.498951000E-5
1.420420000E+9	1.532042000E-5
1.420423333E+9	1.520221000E-5
1.420426667E+9	1.538421000E-5
1.420430000E+9	1.527475000E-5
1.420433333E+9	1.555455000E-5
1.420436667E+9	1.527771000E-5
1.420440000E+9	1.517179000E-5
1.420443333E+9	1.535992000E-5
1.420446667E+9	1.572116000E-5
1.420450000E+9	1.559610000E-5
1.420453333E+9	1.600208000E-5
1.420456667E+9	1.623490000E-5
1.420460000E+9	1.669085000E-5
1.420463333E+9	1.670012000E-5
1.420466667E+9	1.674816000E-5
1.420470000E+9	1.682816000E-5
1.420473333E+9	1.689905000E-5
1.420476667E+9	1.680845000E-5
1.420480000E+9	1.726613000E-5
1.420483333E+9	1.701246000E-5
1.420486667E+9	1.704962000E-5
1.420490000E+9	1.715018000E-5
1.420493333E+9	1.690883000E-5
1.420496667E+9	1.767722000E-5
1.420500000E+9	1.730870000E-5
1.420503333E+9	1.659650000E-5
1.420506667E+9	1.651031000E-5
1.420510000E+9	1.652986000E-5
1.420513333E+9	1.636672000E-5
1.420516667E+9	1.637132000E-5
1.420520000E+9	1.634632000E-5
1.420523333E+9	1.625577000E-5
1.420526667E+9	1.635057000E-5
1.420530000E+9	1.612499000E-5
1.420533333E+9	1.652141000E-5
1.420536667E+9	1.603372000E-5
1.420540000E+9	1.632115000E-5
1.420543333E+9	1.616930000E-5
1.420546667E+9	1.635384000E-5
1.420550000E+9	1.622654000E-5
1.420553333E+9	1.611692000E-5
1.420556667E+9	1.613076000E-5
1.420560000E+9	1.601357000E-5
1.420563333E+9	1.601785000E-5
1.420566667E+9	1.599802000E-5
1.420570000E+9	1.578793000E-5
1.420573333E+9	1.628788000E-5
1.420576667E+9	1.599151000E-5
1.420580000E+9	1.589907000E-5
1.420583333E+9	1.583367000E-5
1.420586667E+9	1.586794000E-5
1.420590000E+9	1.586761000E-5
1.420593333E+9	1.577188000E-5
1.420596667E+9	1.558102000E-5
1.420600000E+9	1.550598000E-5
1.420603333E+9	1.585157000E-5
1.420606667E+9	1.605919000E-5
1.420610000E+9	1.608508000E-5
1.420613333E+9	1.573380000E-5
1.420616667E+9	1.550535000E-5
1.420620000E+9	1.603268000E-5
1.420623333E+9	1.591704000E-5
1.420626667E+9	1.591367000E-5
1.420630000E+9	1.567517000E-5
1.420633333E+9	1.589795000E-5
1.420636667E+9	1.617430000E-5
1.420640000E+9	1.604555000E-5
1.420643333E+9	1.596182000E-5
1.420646667E+9	1.661936000E-5
1.420650000E+9	1.597510000E-5
1.420653333E+9	1.566731000E-5
1.420656667E+9	1.582694000E-5
1.420660000E+9	1.581124000E-5
1.420663333E+9	1.590120000E-5
1.420666667E+9	1.594419000E-5
1.420670000E+9	1.611936000E-5
1.420673333E+9	1.565902000E-5
1.420676667E+9	1.592604000E-5
1.420680000E+9	1.590988000E-5
1.420683333E+9	1.622836000E-5
1.420686667E+9	1.604409000E-5
1.420690000E+9	1.594051000E-5
1.420693333E+9	1.621262000E-5
1.420696667E+9	1.627792000E-5
1.420700000E+9	1.632533000E-5
1.420703333E+9	1.646023000E-5
1.420706667E+9	1.666429000E-5
1.420710000E+9	1.639436000E-5
1.420713333E+9	1.665405000E-5
1.420716667E+9	1.624847000E-5
1.420720000E+9	1.682647000E-5
1.420723333E+9	1.685991000E-5
1.420726667E+9	1.642310000E-5
1.420730000E+9	1.654470000E-5
1.420733333E+9	1.660120000E-5
1.420736667E+9	1.638315000E-5
1.420740000E+9	1.642688000E-5
1.420743333E+9	1.632784000E-5
1.420746667E+9	1.619522000E-5
1.420750000E+9	1.635982000E-5
1.420753333E+9	1.600101000E-5
1.420756667E+9	1.639918000E-5
1.420760000E+9	1.660082000E-5
1.420763333E+9	1.597997000E-5
1.420766667E+9	1.606452000E-5
1.420770000E+9	1.631232000E-5
1.420773333E+9	1.628376000E-5
1.420776667E+9	1.622469000E-5
1.420780000E+9	1.628054000E-5
1.420783333E+9	1.602108000E-5
1.420786667E+9	1.632739000E-5
1.420790000E+9	1.641469000E-5
1.420793333E+9	1.675984000E-5
1.420796667E+9	1.677114000E-5
1.420800000E+9	1.629598000E-5
1.420803333E+9	1.594989000E-5
1.420806667E+9	1.586501000E-5
1.420810000E+9	1.589088000E-5
1.420813333E+9	1.596950000E-5
1.420816667E+9	1.565467000E-5
1.420820000E+9	1.561066000E-5
1.420823333E+9	1.565067000E-5
1.420826667E+9	1.558176000E-5
1.420830000E+9	1.542809000E-5
1.420833333E+9	1.580708000E-5
1.420836667E+9	1.560293000E-5
1.420840000E+9	1.560187000E-5
1.420843333E+9	1.547151000E-5
1.420846667E+9	1.520830000E-5
1.420850000E+9	1.514585000E-5
1.420853333E+9	1.556281000E-5
1.420856667E+9	1.541991000E-5
1.420860000E+9	1.539372000E-5
1.420863333E+9	1.559369000E-5
1.420866667E+9	1.495369000E-5
1.420870000E+9	1.562215000E-5
1.420873333E+9	1.554094000E-5
1.420876667E+9	1.549414000E-5
1.420880000E+9	1.517206000E-5
1.420883333E+9	1.966951000E-5
1.420886667E+9	1.834889000E-5
1.420890000E+9	1.528722000E-5
1.420893333E+9	1.541706000E-5
1.420896667E+9	1.566500000E-5
1.420900000E+9	1.589912000E-5
1.420903333E+9	1.561335000E-5
1.420906667E+9	1.631205000E-5
1.420910000E+9	1.555161000E-5
1.420913333E+9	1.629804000E-5
1.420916667E+9	1.588596000E-5
1.420920000E+9	1.598010000E-5
1.420923333E+9	1.537225000E-5
1.420926667E+9	1.567667000E-5
1.420930000E+9	1.555127000E-5
1.420933333E+9	1.523695000E-5
1.420936667E+9	1.525129000E-5
1.420940000E+9	1.510212000E-5
1.420943333E+9	1.559879000E-5
1.420946667E+9	1.560293000E-5
1.420950000E+9	1.550980000E-5
1.420953333E+9	1.519447000E-5
1.420956667E+9	1.528287000E-5
1.420960000E+9	1.559473000E-5
1.420963333E+9	1.526570000E-5
1.420966667E+9	1.574299000E-5
1.420970000E+9	1.529830000E-5
1.420973333E+9	1.546280000E-5
1.420976667E+9	1.555408000E-5
1.420980000E+9	1.525853000E-5
1.420983333E+9	1.579873000E-5
1.420986667E+9	1.533171000E-5
1.420990000E+9	1.577216000E-5
1.420993333E+9	1.526748000E-5
1.420996667E+9	1.553043000E-5
1.421000000E+9	1.524918000E-5
1.421003333E+9	1.521976000E-5
1.421006667E+9	1.511775000E-5
1.421010000E+9	1.517666000E-5
1.421013333E+9	1.499669000E-5
1.421016667E+9	1.509465000E-5
1.421020000E+9	1.528069000E-5
1.421023333E+9	1.498551000E-5
1.421026667E+9	1.480392000E-5
1.421030000E+9	1.493436000E-5
1.421033333E+9	1.483555000E-5
1.421036667E+9	1.499030000E-5
1.421040000E+9	1.523513000E-5
1.421043333E+9	1.506043000E-5
1.421046667E+9	1.526763000E-5
1.421050000E+9	1.519442000E-5
1.421053333E+9	1.509297000E-5
1.421056667E+9	1.585714000E-5
1.421060000E+9	1.545010000E-5
1.421063333E+9	1.544249000E-5
1.421066667E+9	1.529509000E-5
1.421070000E+9	1.523126000E-5
1.421073333E+9	1.496744000E-5
1.421076667E+9	1.499817000E-5
1.421080000E+9	1.469781000E-5
1.421083333E+9	1.520889000E-5
1.421086667E+9	1.483425000E-5
1.421090000E+9	1.515837000E-5
1.421093333E+9	1.607375000E-5
1.421096667E+9	1.544242000E-5
1.421100000E+9	1.515992000E-5
1.421103333E+9	1.502494000E-5
1.421106667E+9	1.538213000E-5
1.421110000E+9	1.528762000E-5
1.421113333E+9	1.512184000E-5
1.421116667E+9	1.473018000E-5
1.421120000E+9	1.478510000E-5
1.421123333E+9	1.535506000E-5
1.421126667E+9	1.499888000E-5
1.421130000E+9	1.499402000E-5
1.421133333E+9	1.512874000E-5
1.421136667E+9	1.496177000E-5
1.421140000E+9	1.531129000E-5
1.421143333E+9	1.488131000E-5
1.421146667E+9	1.502568000E-5
1.421150000E+9	1.505731000E-5
1.421153333E+9	1.518628000E-5
1.421156667E+9	1.518051000E-5
1.421160000E+9	1.510970000E-5
1.421163333E+9	1.468966000E-5
1.421166667E+9	1.508713000E-5
1.421170000E+9	1.479988000E-5
1.421173333E+9	1.506814000E-5
1.421176667E+9	1.742529000E-5
1.421180000E+9	2.090784000E-5
1.421183333E+9	1.511068000E-5
1.421186667E+9	1.479495000E-5
1.421190000E+9	1.528140000E-5
1.421193333E+9	1.496698000E-5
1.421196667E+9	1.490800000E-5
1.421200000E+9	1.505802000E-5
1.421203333E+9	1.507476000E-5
1.421206667E+9	1.559035000E-5
1.421210000E+9	1.533976000E-5
1.421213333E+9	1.521772000E-5
1.421216667E+9	1.517529000E-5
1.421220000E+9	1.530902000E-5
1.421223333E+9	1.477307000E-5
1.421226667E+9	1.489557000E-5
1.421230000E+9	1.499646000E-5
1.421233333E+9	1.476890000E-5
1.421236667E+9	1.522026000E-5
1.421240000E+9	1.477644000E-5
1.421243333E+9	1.538487000E-5
1.421246667E+9	1.494419000E-5
1.421250000E+9	1.504499000E-5
1.421253333E+9	1.494882000E-5
1.421256667E+9	1.486942000E-5
1.421260000E+9	1.512223000E-5
1.421263333E+9	1.502692000E-5
1.421266667E+9	1.490172000E-5
1.421270000E+9	1.465845000E-5
1.421273333E+9	1.485245000E-5
1.421276667E+9	1.500202000E-5
1.421280000E+9	1.523108000E-5
1.421283333E+9	1.502744000E-5
1.421286667E+9	1.470362000E-5
1.421290000E+9	1.477070000E-5
1.421293333E+9	1.498531000E-5
1.421296667E+9	1.480538000E-5
1.421300000E+9	1.473140000E-5
1.421303333E+9	1.504683000E-5
1.421306667E+9	1.484422000E-5
1.421310000E+9	1.488416000E-5
1.421313333E+9	1.482652000E-5
1.421316667E+9	1.507858000E-5
1.421320000E+9	1.506271000E-5
1.421323333E+9	1.496034000E-5
1.421326667E+9	1.502987000E-5
1.421330000E+9	1.477005000E-5
1.421333333E+9	1.499447000E-5
1.421336667E+9	1.480864000E-5
1.421340000E+9	1.515049000E-5
1.421343333E+9	1.487878000E-5
1.421346667E+9	1.486001000E-5
1.421350000E+9	1.486635000E-5
1.421353333E+9	1.499063000E-5
1.421356667E+9	1.515115000E-5
1.421360000E+9	1.506496000E-5
1.421363333E+9	1.494174000E-5
1.421366667E+9	1.488759000E-5
1.421370000E+9	1.473327000E-5
1.421373333E+9	1.516352000E-5
1.421376667E+9	1.473015000E-5
1.421380000E+9	1.490874000E-5
1.421383333E+9	1.490205000E-5
1.421386667E+9	1.499665000E-5
1.421390000E+9	1.515390000E-5
1.421393333E+9	1.545238000E-5
1.421396667E+9	1.488354000E-5
1.421400000E+9	1.496631000E-5
