Frequency, Hz	Amplitude, Volts
1.419400000E+9	1.587761000E-5
1.419403333E+9	1.617780000E-5
1.419406667E+9	1.611152000E-5
1.419410000E+9	1.597306000E-5
1.419413333E+9	1.637434000E-5
1.419416667E+9	1.574643000E-5
1.419420000E+9	1.588507000E-5
1.419423333E+9	1.586292000E-5
1.419426667E+9	1.588000000E-5
1.419430000E+9	1.616271000E-5
1.419433333E+9	1.616803000E-5
1.419436667E+9	1.595438000E-5
1.419440000E+9	1.626623000E-5
1.419443333E+9	1.607839000E-5
1.419446667E+9	1.722338000E-5
1.419450000E+9	2.099638000E-5
1.419453333E+9	1.774312000E-5
1.419456667E+9	1.646106000E-5
1.419460000E+9	1.601419000E-5
1.419463333E+9	1.575627000E-5
1.419466667E+9	1.592153000E-5
1.419470000E+9	1.595480000E-5
1.419473333E+9	1.610314000E-5
1.419476667E+9	1.580768000E-5
1.419480000E+9	1.590366000E-5
1.419483333E+9	1.616228000E-5
1.419486667E+9	1.626207000E-5
1.419490000E+9	1.622886000E-5
1.419493333E+9	1.573074000E-5
1.419496667E+9	1.548557000E-5
1.419500000E+9	1.596253000E-5
1.419503333E+9	1.601961000E-5
1.419506667E+9	1.583666000E-5
1.419510000E+9	1.588781000E-5
1.419513333E+9	1.603176000E-5
1.419516667E+9	1.588579000E-5
1.419520000E+9	1.622531000E-5
1.419523333E+9	1.585470000E-5
1.419526667E+9	1.624553000E-5
1.419530000E+9	1.583760000E-5
1.419533333E+9	1.620125000E-5
1.419536667E+9	1.584840000E-5
1.419540000E+9	1.629283000E-5
1.419543333E+9	1.596342000E-5
1.419546667E+9	1.590324000E-5
1.419550000E+9	1.581852000E-5
1.419553333E+9	1.611267000E-5
1.419556667E+9	1.583183000E-5
1.419560000E+9	1.588907000E-5
1.419563333E+9	1.635599000E-5
1.419566667E+9	1.589305000E-5
1.419570000E+9	1.587510000E-5
1.419573333E+9	1.592889000E-5
1.419576667E+9	1.588474000E-5
1.419580000E+9	1.602685000E-5
1.419583333E+9	1.583174000E-5
1.419586667E+9	1.618551000E-5
1.419590000E+9	1.596710000E-5
1.419593333E+9	1.630060000E-5
1.419596667E+9	1.584482000E-5
1.419600000E+9	1.624854000E-5
1.419603333E+9	1.625757000E-5
1.419606667E+9	1.601728000E-5
1.419610000E+9	1.599022000E-5
1.419613333E+9	1.570099000E-5
1.419616667E+9	1.612141000E-5
1.419620000E+9	1.612055000E-5
1.419623333E+9	1.570930000E-5
1.419626667E+9	1.602657000E-5
1.419630000E+9	1.585355000E-5
1.419633333E+9	1.628348000E-5
1.419636667E+9	1.601985000E-5
1.419640000E+9	1.582680000E-5
1.419643333E+9	1.571343000E-5
1.419646667E+9	1.592430000E-5
1.419650000E+9	1.554807000E-5
1.419653333E+9	1.578633000E-5
1.419656667E+9	1.602263000E-5
1.419660000E+9	1.577123000E-5
1.419663333E+9	1.600182000E-5
1.419666667E+9	1.627240000E-5
1.419670000E+9	1.589099000E-5
1.419673333E+9	1.610936000E-5
1.419676667E+9	1.618821000E-5
1.419680000E+9	1.620463000E-5
1.419683333E+9	1.592615000E-5
1.419686667E+9	1.594557000E-5
1.419690000E+9	1.624011000E-5
1.419693333E+9	1.601426000E-5
1.419696667E+9	1.609504000E-5
1.419700000E+9	1.591884000E-5
1.419703333E+9	1.577627000E-5
1.419706667E+9	1.586214000E-5
1.419710000E+9	1.607883000E-5
1.419713333E+9	1.598647000E-5
1.419716667E+9	1.573919000E-5
1.419720000E+9	1.579330000E-5
1.419723333E+9	1.596638000E-5
1.419726667E+9	1.604756000E-5
1.419730000E+9	1.617983000E-5
1.419733333E+9	1.693933000E-5
1.419736667E+9	1.590467000E-5
1.419740000E+9	1.731950000E-5
1.419743333E+9	2.067670000E-5
1.419746667E+9	1.753736000E-5
1.419750000E+9	1.659721000E-5
1.419753333E+9	1.600981000E-5
1.419756667E+9	1.625947000E-5
1.419760000E+9	1.587341000E-5
1.419763333E+9	1.594925000E-5
1.419766667E+9	1.601116000E-5
1.419770000E+9	1.594014000E-5
1.419773333E+9	1.634807000E-5
1.419776667E+9	1.582295000E-5
1.419780000E+9	1.624797000E-5
1.419783333E+9	1.603386000E-5
1.419786667E+9	1.646026000E-5
1.419790000E+9	1.602939000E-5
1.419793333E+9	1.610192000E-5
1.419796667E+9	1.601461000E-5
1.419800000E+9	1.625291000E-5
1.419803333E+9	1.582469000E-5
1.419806667E+9	1.595296000E-5
1.419810000E+9	1.604587000E-5
1.419813333E+9	1.585185000E-5
1.419816667E+9	1.590822000E-5
1.419820000E+9	1.625263000E-5
1.419823333E+9	1.621908000E-5
1.419826667E+9	1.602214000E-5
1.419830000E+9	1.644628000E-5
1.419833333E+9	1.620338000E-5
1.419836667E+9	1.628269000E-5
1.419840000E+9	1.604592000E-5
1.419843333E+9	1.616981000E-5
1.419846667E+9	1.628906000E-5
1.419850000E+9	1.619120000E-5
1.419853333E+9	1.617256000E-5
1.419856667E+9	1.617041000E-5
1.419860000E+9	1.647943000E-5
1.419863333E+9	1.651002000E-5
1.419866667E+9	1.657941000E-5
1.419870000E+9	1.731701000E-5
1.419873333E+9	1.671643000E-5
1.419876667E+9	1.606815000E-5
1.419880000E+9	1.618253000E-5
1.419883333E+9	1.612272000E-5
1.419886667E+9	1.619705000E-5
1.419890000E+9	1.598053000E-5
1.419893333E+9	1.612575000E-5
1.419896667E+9	1.649133000E-5
1.419900000E+9	1.642129000E-5
1.419903333E+9	1.640848000E-5
1.419906667E+9	1.607253000E-5
1.419910000E+9	1.629478000E-5
1.419913333E+9	1.609639000E-5
1.419916667E+9	1.580512000E-5
1.419920000E+9	1.606110000E-5
1.419923333E+9	1.586555000E-5
1.419926667E+9	1.631608000E-5
1.419930000E+9	1.620187000E-5
1.419933333E+9	1.613229000E-5
1.419936667E+9	1.653150000E-5
1.419940000E+9	1.586437000E-5
1.419943333E+9	1.602882000E-5
1.419946667E+9	1.624482000E-5
1.419950000E+9	1.614441000E-5
1.419953333E+9	1.600747000E-5
1.419956667E+9	1.618441000E-5
1.419960000E+9	1.624007000E-5
1.419963333E+9	1.601574000E-5
1.419966667E+9	1.629616000E-5
1.419970000E+9	1.629347000E-5
1.419973333E+9	1.625548000E-5
1.419976667E+9	1.627245000E-5
1.419980000E+9	1.609966000E-5
1.419983333E+9	1.633169000E-5
1.419986667E+9	1.590080000E-5
1.419990000E+9	1.617732000E-5
1.419993333E+9	1.624407000E-5
1.419996667E+9	1.615462000E-5
1.420000000E+9	1.626218000E-5
1.420003333E+9	1.643486000E-5
1.420006667E+9	1.589783000E-5
1.420010000E+9	1.611607000E-5
1.420013333E+9	1.621970000E-5
1.420016667E+9	1.599479000E-5
1.420020000E+9	1.632271000E-5
1.420023333E+9	1.618430000E-5
1.420026667E+9	1.628970000E-5
1.420030000E+9	1.614731000E-5
1.420033333E+9	1.767103000E-5
1.420036667E+9	1.930226000E-5
1.420040000E+9	1.705052000E-5
1.420043333E+9	1.615004000E-5
1.420046667E+9	1.646513000E-5
1.420050000E+9	1.661749000E-5
1.420053333E+9	1.629959000E-5
1.420056667E+9	1.620963000E-5
1.420060000E+9	1.653077000E-5
1.420063333E+9	1.624817000E-5
1.420066667E+9	1.603837000E-5
1.420070000E+9	1.601092000E-5
1.420073333E+9	1.630308000E-5
1.420076667E+9	1.655202000E-5
1.420080000E+9	1.619461000E-5
1.420083333E+9	1.646491000E-5
1.420086667E+9	1.648426000E-5
1.420090000E+9	1.627617000E-5
1.420093333E+9	1.624498000E-5
1.420096667E+9	1.595907000E-5
1.420100000E+9	1.637750000E-5
1.420103333E+9	1.617594000E-5
1.420106667E+9	1.639418000E-5
1.420110000E+9	1.629347000E-5
1.420113333E+9	1.676805000E-5
1.420116667E+9	1.643289000E-5
1.420120000E+9	1.651502000E-5
1.420123333E+9	1.690579000E-5
1.420126667E+9	1.653604000E-5
1.420130000E+9	1.626345000E-5
1.420133333E+9	1.620358000E-5
1.420136667E+9	1.629686000E-5
1.420140000E+9	1.628959000E-5
1.420143333E+9	1.663985000E-5
1.420146667E+9	1.645596000E-5
1.420150000E+9	1.653753000E-5
1.420153333E+9	1.643442000E-5
1.420156667E+9	1.670733000E-5
1.420160000E+9	1.662579000E-5
1.420163333E+9	1.677685000E-5
1.420166667E+9	1.635576000E-5
1.420170000E+9	1.683986000E-5
1.420173333E+9	1.632176000E-5
1.420176667E+9	1.654483000E-5
1.420180000E+9	1.657481000E-5
1.420183333E+9	1.634944000E-5
1.420186667E+9	1.696283000E-5
1.420190000E+9	1.671052000E-5
1.420193333E+9	1.658076000E-5
1.420196667E+9	1.718167000E-5
1.420200000E+9	1.687080000E-5
1.420203333E+9	1.687891000E-5
1.420206667E+9	1.628296000E-5
1.420210000E+9	1.658269000E-5
1.420213333E+9	1.667310000E-5
1.420216667E+9	1.678404000E-5
1.420220000E+9	1.698805000E-5
1.420223333E+9	1.685815000E-5
1.420226667E+9	1.693044000E-5
1.420230000E+9	1.688931000E-5
1.420233333E+9	1.699981000E-5
1.420236667E+9	1.723853000E-5
1.420240000E+9	1.739730000E-5
1.420243333E+9	1.729668000E-5
1.420246667E+9	1.706917000E-5
1.420250000E+9	1.721965000E-5
1.420253333E+9	1.708207000E-5
1.420256667E+9	1.703329000E-5
1.420260000E+9	1.749870000E-5
1.420263333E+9	1.755468000E-5
1.420266667E+9	1.784730000E-5
1.420270000E+9	1.752916000E-5
1.420273333E+9	1.774203000E-5
1.420276667E+9	1.742747000E-5
1.420280000E+9	1.725186000E-5
1.420283333E+9	1.749689000E-5
1.420286667E+9	1.725417000E-5
1.420290000E+9	1.721519000E-5
1.420293333E+9	1.756272000E-5
1.420296667E+9	1.721920000E-5
1.420300000E+9	1.733940000E-5
1.420303333E+9	1.716578000E-5
1.420306667E+9	1.806700000E-5
1.420310000E+9	1.848419000E-5
1.420313333E+9	1.748537000E-5
1.420316667E+9	1.777700000E-5
1.420320000E+9	1.805607000E-5
1.420323333E+9	1.770421000E-5
1.420326667E+9	1.889321000E-5
1.420330000E+9	2.055494000E-5
1.420333333E+9	1.840751000E-5
1.420336667E+9	1.777221000E-5
1.420340000E+9	1.785036000E-5
1.420343333E+9	1.767121000E-5
1.420346667E+9	1.771348000E-5
1.420350000E+9	1.710687000E-5
1.420353333E+9	1.704088000E-5
1.420356667E+9	1.671992000E-5
1.420360000E+9	1.649161000E-5
1.420363333E+9	1.647701000E-5
1.420366667E+9	1.656386000E-5
1.420370000E+9	1.643280000E-5
1.420373333E+9	1.656100000E-5
1.420376667E+9	1.626173000E-5
1.420380000E+9	1.621703000E-5
1.420383333E+9	1.647723000E-5
1.420386667E+9	1.611773000E-5
1.420390000E+9	1.617663000E-5
1.420393333E+9	1.606978000E-5
1.420396667E+9	1.627054000E-5
1.420400000E+9	1.626091000E-5
1.420403333E+9	1.618068000E-5
1.420406667E+9	1.623360000E-5
1.420410000E+9	1.625918000E-5
1.420413333E+9	1.617265000E-5
1.420416667E+9	1.642367000E-5
1.420420000E+9	1.613944000E-5
1.420423333E+9	1.603778000E-5
1.420426667E+9	1.622027000E-5
1.420430000E+9	1.595411000E-5
1.420433333E+9	1.568537000E-5
1.420436667E+9	1.565912000E-5
1.420440000E+9	1.633713000E-5
1.420443333E+9	1.625090000E-5
1.420446667E+9	1.603051000E-5
1.420450000E+9	1.616067000E-5
1.420453333E+9	1.608831000E-5
1.420456667E+9	1.646616000E-5
1.420460000E+9	1.606004000E-5
1.420463333E+9	1.635071000E-5
1.420466667E+9	1.622918000E-5
1.420470000E+9	1.618921000E-5
1.420473333E+9	1.618546000E-5
1.420476667E+9	1.622448000E-5
1.420480000E+9	1.691541000E-5
1.420483333E+9	1.625550000E-5
1.420486667E+9	1.643643000E-5
1.420490000E+9	1.635894000E-5
1.420493333E+9	1.662152000E-5
1.420496667E+9	1.698270000E-5
1.420500000E+9	1.640623000E-5
1.420503333E+9	1.636152000E-5
1.420506667E+9	1.614951000E-5
1.420510000E+9	1.620671000E-5
1.420513333E+9	1.681525000E-5
1.420516667E+9	1.635297000E-5
1.420520000E+9	1.645788000E-5
1.420523333E+9	1.608259000E-5
1.420526667E+9	1.640750000E-5
1.420530000E+9	1.651171000E-5
1.420533333E+9	1.661429000E-5
1.420536667E+9	1.622663000E-5
1.420540000E+9	1.613124000E-5
1.420543333E+9	1.601139000E-5
1.420546667E+9	1.640632000E-5
1.420550000E+9	1.620826000E-5
1.420553333E+9	1.622658000E-5
1.420556667E+9	1.590072000E-5
1.420560000E+9	1.615737000E-5
1.420563333E+9	1.616448000E-5
1.420566667E+9	1.597929000E-5
1.420570000E+9	1.660277000E-5
1.420573333E+9	1.622191000E-5
1.420576667E+9	1.601088000E-5
1.420580000E+9	1.634890000E-5
1.420583333E+9	1.606639000E-5
1.420586667E+9	1.631318000E-5
1.420590000E+9	1.648763000E-5
1.420593333E+9	1.577429000E-5
1.420596667E+9	1.573173000E-5
1.420600000E+9	1.643504000E-5
1.420603333E+9	1.690746000E-5
1.420606667E+9	1.627081000E-5
1.420610000E+9	1.601264000E-5
1.420613333E+9	1.595385000E-5
1.420616667E+9	1.587968000E-5
1.420620000E+9	1.904460000E-5
1.420623333E+9	1.977306000E-5
1.420626667E+9	1.738132000E-5
1.420630000E+9	1.597618000E-5
1.420633333E+9	1.582574000E-5
1.420636667E+9	1.571890000E-5
1.420640000E+9	1.563962000E-5
1.420643333E+9	1.625489000E-5
1.420646667E+9	1.614242000E-5
1.420650000E+9	1.551252000E-5
1.420653333E+9	1.568039000E-5
1.420656667E+9	1.590153000E-5
1.420660000E+9	1.579188000E-5
1.420663333E+9	1.591594000E-5
1.420666667E+9	1.591066000E-5
1.420670000E+9	1.575655000E-5
1.420673333E+9	1.622685000E-5
1.420676667E+9	1.642537000E-5
1.420680000E+9	1.625756000E-5
1.420683333E+9	1.612189000E-5
1.420686667E+9	1.593066000E-5
1.420690000E+9	1.612341000E-5
1.420693333E+9	1.575745000E-5
1.420696667E+9	1.544997000E-5
1.420700000E+9	1.602340000E-5
1.420703333E+9	1.572154000E-5
1.420706667E+9	1.547992000E-5
1.420710000E+9	1.582580000E-5
1.420713333E+9	1.557977000E-5
1.420716667E+9	1.576089000E-5
1.420720000E+9	1.607991000E-5
1.420723333E+9	1.562709000E-5
1.420726667E+9	1.544278000E-5
1.420730000E+9	1.581914000E-5
1.420733333E+9	1.577185000E-5
1.420736667E+9	1.610134000E-5
1.420740000E+9	1.583339000E-5
1.420743333E+9	1.596026000E-5
1.420746667E+9	1.582898000E-5
1.420750000E+9	1.617748000E-5
1.420753333E+9	1.577718000E-5
1.420756667E+9	1.631818000E-5
1.420760000E+9	1.619301000E-5
1.420763333E+9	1.591961000E-5
1.420766667E+9	1.578822000E-5
1.420770000E+9	1.585498000E-5
1.420773333E+9	1.579396000E-5
1.420776667E+9	1.594573000E-5
1.420780000E+9	1.556151000E-5
1.420783333E+9	1.581150000E-5
1.420786667E+9	1.607073000E-5
1.420790000E+9	1.578808000E-5
1.420793333E+9	1.682817000E-5
1.420796667E+9	1.617375000E-5
1.420800000E+9	1.583291000E-5
1.420803333E+9	1.598139000E-5
1.420806667E+9	1.581805000E-5
1.420810000E+9	1.583709000E-5
1.420813333E+9	1.576771000E-5
1.420816667E+9	1.591580000E-5
1.420820000E+9	1.554526000E-5
1.420823333E+9	1.596733000E-5
1.420826667E+9	1.572213000E-5
1.420830000E+9	1.608554000E-5
1.420833333E+9	1.576705000E-5
1.420836667E+9	1.580801000E-5
1.420840000E+9	1.587440000E-5
1.420843333E+9	1.596298000E-5
1.420846667E+9	1.596713000E-5
1.420850000E+9	1.591208000E-5
1.420853333E+9	1.561740000E-5
1.420856667E+9	1.563442000E-5
1.420860000E+9	1.614754000E-5
1.420863333E+9	1.569446000E-5
1.420866667E+9	1.613749000E-5
1.420870000E+9	1.618054000E-5
1.420873333E+9	1.621050000E-5
1.420876667E+9	1.586506000E-5
1.420880000E+9	1.586804000E-5
1.420883333E+9	1.631146000E-5
1.420886667E+9	1.612889000E-5
1.420890000E+9	1.604324000E-5
1.420893333E+9	1.580151000E-5
1.420896667E+9	1.622551000E-5
1.420900000E+9	1.626589000E-5
1.420903333E+9	1.632447000E-5
1.420906667E+9	1.705844000E-5
1.420910000E+9	1.608833000E-5
1.420913333E+9	2.580461000E-5
1.420916667E+9	2.365603000E-5
1.420920000E+9	1.971111000E-5
1.420923333E+9	1.608335000E-5
1.420926667E+9	1.662926000E-5
1.420930000E+9	1.586431000E-5
1.420933333E+9	1.571581000E-5
1.420936667E+9	1.619497000E-5
1.420940000E+9	1.635536000E-5
1.420943333E+9	1.678387000E-5
1.420946667E+9	1.566356000E-5
1.420950000E+9	1.547751000E-5
1.420953333E+9	1.546555000E-5
1.420956667E+9	1.590923000E-5
1.420960000E+9	1.595389000E-5
1.420963333E+9	1.564958000E-5
1.420966667E+9	1.558694000E-5
1.420970000E+9	1.601769000E-5
1.420973333E+9	1.609026000E-5
1.420976667E+9	1.596401000E-5
1.420980000E+9	1.604735000E-5
1.420983333E+9	1.556758000E-5
1.420986667E+9	1.591248000E-5
1.420990000E+9	1.603532000E-5
1.420993333E+9	1.594121000E-5
1.420996667E+9	1.582387000E-5
1.421000000E+9	1.601727000E-5
1.421003333E+9	1.560249000E-5
1.421006667E+9	1.582983000E-5
1.421010000E+9	1.607809000E-5
1.421013333E+9	1.566772000E-5
1.421016667E+9	1.599266000E-5
1.421020000E+9	1.605279000E-5
1.421023333E+9	1.543863000E-5
1.421026667E+9	1.579452000E-5
1.421030000E+9	1.606478000E-5
1.421033333E+9	1.624123000E-5
1.421036667E+9	1.554901000E-5
1.421040000E+9	1.592216000E-5
1.421043333E+9	1.639000000E-5
1.421046667E+9	1.579557000E-5
1.421050000E+9	1.569884000E-5
1.421053333E+9	1.634373000E-5
1.421056667E+9	1.642180000E-5
1.421060000E+9	1.599567000E-5
1.421063333E+9	1.577175000E-5
1.421066667E+9	1.582566000E-5
1.421070000E+9	1.571075000E-5
1.421073333E+9	1.594249000E-5
1.421076667E+9	1.577036000E-5
1.421080000E+9	1.573698000E-5
1.421083333E+9	1.600037000E-5
1.421086667E+9	1.598278000E-5
1.421090000E+9	1.619369000E-5
1.421093333E+9	1.654450000E-5
1.421096667E+9	1.621561000E-5
1.421100000E+9	1.595157000E-5
1.421103333E+9	1.608962000E-5
1.421106667E+9	1.563670000E-5
1.421110000E+9	1.571536000E-5
1.421113333E+9	1.588643000E-5
1.421116667E+9	1.580473000E-5
1.421120000E+9	1.580763000E-5
1.421123333E+9	1.574154000E-5
1.421126667E+9	1.618848000E-5
1.421130000E+9	1.635005000E-5
1.421133333E+9	1.601050000E-5
1.421136667E+9	1.590715000E-5
1.421140000E+9	1.615350000E-5
1.421143333E+9	1.551252000E-5
1.421146667E+9	1.578538000E-5
1.421150000E+9	1.577663000E-5
1.421153333E+9	1.588059000E-5
1.421156667E+9	1.568550000E-5
1.421160000E+9	1.578682000E-5
1.421163333E+9	1.601440000E-5
1.421166667E+9	1.589868000E-5
1.421170000E+9	1.576053000E-5
1.421173333E+9	1.588380000E-5
1.421176667E+9	1.602073000E-5
1.421180000E+9	1.623192000E-5
1.421183333E+9	1.590265000E-5
1.421186667E+9	1.611918000E-5
1.421190000E+9	1.592258000E-5
1.421193333E+9	1.586536000E-5
1.421196667E+9	1.592769000E-5
1.421200000E+9	1.596415000E-5
1.421203333E+9	1.649105000E-5
1.421206667E+9	2.003506000E-5
1.421210000E+9	1.855727000E-5
1.421213333E+9	1.726846000E-5
1.421216667E+9	1.598180000E-5
1.421220000E+9	1.613633000E-5
1.421223333E+9	1.553642000E-5
1.421226667E+9	1.578834000E-5
1.421230000E+9	1.592041000E-5
1.421233333E+9	1.613126000E-5
1.421236667E+9	1.582639000E-5
1.421240000E+9	1.618859000E-5
1.421243333E+9	1.614171000E-5
1.421246667E+9	1.588935000E-5
1.421250000E+9	1.553505000E-5
1.421253333E+9	1.563641000E-5
1.421256667E+9	1.593750000E-5
1.421260000E+9	1.563700000E-5
1.421263333E+9	1.598506000E-5
1.421266667E+9	1.582839000E-5
1.421270000E+9	1.624023000E-5
1.421273333E+9	1.613425000E-5
1.421276667E+9	1.623472000E-5
1.421280000E+9	1.631338000E-5
1.421283333E+9	1.599198000E-5
1.421286667E+9	1.581267000E-5
1.421290000E+9	1.581710000E-5
1.421293333E+9	1.590478000E-5
1.421296667E+9	1.636019000E-5
1.421300000E+9	1.608605000E-5
1.421303333E+9	1.583207000E-5
1.421306667E+9	1.580192000E-5
1.421310000E+9	1.580904000E-5
1.421313333E+9	1.603271000E-5
1.421316667E+9	1.643785000E-5
1.421320000E+9	1.624671000E-5
1.421323333E+9	1.601000000E-5
1.421326667E+9	1.596174000E-5
1.421330000E+9	1.584694000E-5
1.421333333E+9	1.616811000E-5
1.421336667E+9	1.615451000E-5
1.421340000E+9	1.589579000E-5
1.421343333E+9	1.638232000E-5
1.421346667E+9	1.577590000E-5
1.421350000E+9	1.581039000E-5
1.421353333E+9	1.647762000E-5
1.421356667E+9	1.641965000E-5
1.421360000E+9	1.602152000E-5
1.421363333E+9	1.696663000E-5
1.421366667E+9	1.919830000E-5
1.421370000E+9	1.680572000E-5
1.421373333E+9	1.604111000E-5
1.421376667E+9	1.619347000E-5
1.421380000E+9	1.606339000E-5
1.421383333E+9	1.605933000E-5
1.421386667E+9	1.614238000E-5
1.421390000E+9	1.665947000E-5
1.421393333E+9	1.620331000E-5
1.421396667E+9	1.608014000E-5
1.421400000E+9	1.579056000E-5
