Frequency, Hz	Amplitude, Volts
1.419400000E+9	2.235422000E-5
1.419403333E+9	2.319374000E-5
1.419406667E+9	2.306407000E-5
1.419410000E+9	2.302288000E-5
1.419413333E+9	2.265798000E-5
1.419416667E+9	2.234202000E-5
1.419420000E+9	2.270797000E-5
1.419423333E+9	2.293775000E-5
1.419426667E+9	2.281718000E-5
1.419430000E+9	2.293680000E-5
1.419433333E+9	2.302680000E-5
1.419436667E+9	2.356072000E-5
1.419440000E+9	2.321810000E-5
1.419443333E+9	2.281112000E-5
1.419446667E+9	2.318638000E-5
1.419450000E+9	2.421390000E-5
1.419453333E+9	2.629304000E-5
1.419456667E+9	2.443726000E-5
1.419460000E+9	2.326998000E-5
1.419463333E+9	2.335252000E-5
1.419466667E+9	2.303603000E-5
1.419470000E+9	2.299222000E-5
1.419473333E+9	2.260029000E-5
1.419476667E+9	2.280028000E-5
1.419480000E+9	2.311100000E-5
1.419483333E+9	2.284647000E-5
1.419486667E+9	2.278559000E-5
1.419490000E+9	2.288422000E-5
1.419493333E+9	2.254200000E-5
1.419496667E+9	2.248471000E-5
1.419500000E+9	2.294775000E-5
1.419503333E+9	2.277174000E-5
1.419506667E+9	2.258910000E-5
1.419510000E+9	2.288362000E-5
1.419513333E+9	2.264577000E-5
1.419516667E+9	2.280336000E-5
1.419520000E+9	2.362081000E-5
1.419523333E+9	2.277446000E-5
1.419526667E+9	2.290091000E-5
1.419530000E+9	2.252140000E-5
1.419533333E+9	2.273296000E-5
1.419536667E+9	2.279760000E-5
1.419540000E+9	2.255575000E-5
1.419543333E+9	2.280990000E-5
1.419546667E+9	2.270991000E-5
1.419550000E+9	2.321096000E-5
1.419553333E+9	2.255505000E-5
1.419556667E+9	2.263677000E-5
1.419560000E+9	2.293383000E-5
1.419563333E+9	2.287525000E-5
1.419566667E+9	2.279024000E-5
1.419570000E+9	2.279152000E-5
1.419573333E+9	2.296757000E-5
1.419576667E+9	2.320359000E-5
1.419580000E+9	2.235729000E-5
1.419583333E+9	2.270343000E-5
1.419586667E+9	2.304418000E-5
1.419590000E+9	2.242403000E-5
1.419593333E+9	2.313786000E-5
1.419596667E+9	2.251368000E-5
1.419600000E+9	2.297942000E-5
1.419603333E+9	2.336206000E-5
1.419606667E+9	2.310744000E-5
1.419610000E+9	2.275247000E-5
1.419613333E+9	2.329020000E-5
1.419616667E+9	2.307458000E-5
1.419620000E+9	2.274545000E-5
1.419623333E+9	2.292232000E-5
1.419626667E+9	2.271719000E-5
1.419630000E+9	2.310298000E-5
1.419633333E+9	2.308302000E-5
1.419636667E+9	2.259305000E-5
1.419640000E+9	2.326354000E-5
1.419643333E+9	2.338221000E-5
1.419646667E+9	2.307689000E-5
1.419650000E+9	2.320958000E-5
1.419653333E+9	2.292373000E-5
1.419656667E+9	2.266147000E-5
1.419660000E+9	2.280016000E-5
1.419663333E+9	2.319761000E-5
1.419666667E+9	2.258908000E-5
1.419670000E+9	2.299664000E-5
1.419673333E+9	2.228208000E-5
1.419676667E+9	2.258891000E-5
1.419680000E+9	2.260992000E-5
1.419683333E+9	2.315323000E-5
1.419686667E+9	2.268098000E-5
1.419690000E+9	2.238303000E-5
1.419693333E+9	2.278321000E-5
1.419696667E+9	2.283024000E-5
1.419700000E+9	2.308242000E-5
1.419703333E+9	2.243548000E-5
1.419706667E+9	2.325192000E-5
1.419710000E+9	2.263645000E-5
1.419713333E+9	2.256045000E-5
1.419716667E+9	2.293498000E-5
1.419720000E+9	2.224126000E-5
1.419723333E+9	2.285550000E-5
1.419726667E+9	2.303070000E-5
1.419730000E+9	2.302180000E-5
1.419733333E+9	2.435219000E-5
1.419736667E+9	2.317276000E-5
1.419740000E+9	2.239333000E-5
1.419743333E+9	2.297909000E-5
1.419746667E+9	2.516997000E-5
1.419750000E+9	2.411406000E-5
1.419753333E+9	2.376310000E-5
1.419756667E+9	2.296293000E-5
1.419760000E+9	2.251702000E-5
1.419763333E+9	2.271560000E-5
1.419766667E+9	2.270004000E-5
1.419770000E+9	2.320128000E-5
1.419773333E+9	2.253611000E-5
1.419776667E+9	2.244798000E-5
1.419780000E+9	2.273229000E-5
1.419783333E+9	2.313923000E-5
1.419786667E+9	2.299065000E-5
1.419790000E+9	2.406249000E-5
1.419793333E+9	2.337381000E-5
1.419796667E+9	2.274001000E-5
1.419800000E+9	2.271084000E-5
1.419803333E+9	2.282488000E-5
1.419806667E+9	2.257458000E-5
1.419810000E+9	2.280266000E-5
1.419813333E+9	2.284772000E-5
1.419816667E+9	2.297993000E-5
1.419820000E+9	2.260496000E-5
1.419823333E+9	2.306625000E-5
1.419826667E+9	2.253975000E-5
1.419830000E+9	2.223188000E-5
1.419833333E+9	2.296973000E-5
1.419836667E+9	2.278654000E-5
1.419840000E+9	2.300904000E-5
1.419843333E+9	2.293652000E-5
1.419846667E+9	2.293498000E-5
1.419850000E+9	2.276319000E-5
1.419853333E+9	2.307284000E-5
1.419856667E+9	2.317734000E-5
1.419860000E+9	2.300252000E-5
1.419863333E+9	2.302051000E-5
1.419866667E+9	2.316048000E-5
1.419870000E+9	2.284950000E-5
1.419873333E+9	2.256880000E-5
1.419876667E+9	2.246097000E-5
1.419880000E+9	2.271750000E-5
1.419883333E+9	2.279908000E-5
1.419886667E+9	2.271849000E-5
1.419890000E+9	2.307575000E-5
1.419893333E+9	2.268626000E-5
1.419896667E+9	2.308449000E-5
1.419900000E+9	2.323452000E-5
1.419903333E+9	2.297165000E-5
1.419906667E+9	2.286692000E-5
1.419910000E+9	2.256565000E-5
1.419913333E+9	2.276274000E-5
1.419916667E+9	2.299701000E-5
1.419920000E+9	2.294501000E-5
1.419923333E+9	2.249599000E-5
1.419926667E+9	2.247352000E-5
1.419930000E+9	2.295736000E-5
1.419933333E+9	2.283270000E-5
1.419936667E+9	2.302374000E-5
1.419940000E+9	2.289458000E-5
1.419943333E+9	2.249599000E-5
1.419946667E+9	2.309258000E-5
1.419950000E+9	2.285251000E-5
1.419953333E+9	2.285818000E-5
1.419956667E+9	2.248927000E-5
1.419960000E+9	2.347533000E-5
1.419963333E+9	2.302402000E-5
1.419966667E+9	2.268552000E-5
1.419970000E+9	2.348647000E-5
1.419973333E+9	2.298989000E-5
1.419976667E+9	2.266704000E-5
1.419980000E+9	2.337251000E-5
1.419983333E+9	2.248137000E-5
1.419986667E+9	2.240685000E-5
1.419990000E+9	2.290486000E-5
1.419993333E+9	2.295236000E-5
1.419996667E+9	2.276009000E-5
1.420000000E+9	2.315821000E-5
1.420003333E+9	2.323564000E-5
1.420006667E+9	2.294662000E-5
1.420010000E+9	2.295529000E-5
1.420013333E+9	2.269934000E-5
1.420016667E+9	2.261737000E-5
1.420020000E+9	2.299747000E-5
1.420023333E+9	2.352616000E-5
1.420026667E+9	2.342777000E-5
1.420030000E+9	2.275554000E-5
1.420033333E+9	2.339620000E-5
1.420036667E+9	2.287513000E-5
1.420040000E+9	2.557473000E-5
1.420043333E+9	2.358588000E-5
1.420046667E+9	2.355979000E-5
1.420050000E+9	2.333251000E-5
1.420053333E+9	2.263958000E-5
1.420056667E+9	2.250431000E-5
1.420060000E+9	2.283385000E-5
1.420063333E+9	2.309108000E-5
1.420066667E+9	2.273538000E-5
1.420070000E+9	2.228702000E-5
1.420073333E+9	2.294874000E-5
1.420076667E+9	2.284506000E-5
1.420080000E+9	2.267737000E-5
1.420083333E+9	2.281518000E-5
1.420086667E+9	2.286514000E-5
1.420090000E+9	2.288442000E-5
1.420093333E+9	2.271705000E-5
1.420096667E+9	2.247370000E-5
1.420100000E+9	2.256657000E-5
1.420103333E+9	2.232282000E-5
1.420106667E+9	2.308396000E-5
1.420110000E+9	2.252333000E-5
1.420113333E+9	2.310265000E-5
1.420116667E+9	2.269575000E-5
1.420120000E+9	2.248063000E-5
1.420123333E+9	2.268519000E-5
1.420126667E+9	2.296139000E-5
1.420130000E+9	2.272411000E-5
1.420133333E+9	2.287664000E-5
1.420136667E+9	2.254114000E-5
1.420140000E+9	2.294523000E-5
1.420143333E+9	2.248974000E-5
1.420146667E+9	2.273661000E-5
1.420150000E+9	2.305830000E-5
1.420153333E+9	2.269129000E-5
1.420156667E+9	2.258355000E-5
1.420160000E+9	2.263304000E-5
1.420163333E+9	2.259392000E-5
1.420166667E+9	2.273391000E-5
1.420170000E+9	2.255176000E-5
1.420173333E+9	2.201299000E-5
1.420176667E+9	2.249196000E-5
1.420180000E+9	2.230771000E-5
1.420183333E+9	2.212520000E-5
1.420186667E+9	2.256256000E-5
1.420190000E+9	2.267558000E-5
1.420193333E+9	2.231263000E-5
1.420196667E+9	2.318551000E-5
1.420200000E+9	2.300254000E-5
1.420203333E+9	2.280844000E-5
1.420206667E+9	2.279880000E-5
1.420210000E+9	2.283400000E-5
1.420213333E+9	2.267202000E-5
1.420216667E+9	2.304408000E-5
1.420220000E+9	2.213302000E-5
1.420223333E+9	2.274245000E-5
1.420226667E+9	2.306711000E-5
1.420230000E+9	2.329534000E-5
1.420233333E+9	2.220661000E-5
1.420236667E+9	2.239229000E-5
1.420240000E+9	2.257864000E-5
1.420243333E+9	2.234887000E-5
1.420246667E+9	2.300229000E-5
1.420250000E+9	2.275004000E-5
1.420253333E+9	2.238925000E-5
1.420256667E+9	2.303502000E-5
1.420260000E+9	2.263397000E-5
1.420263333E+9	2.283648000E-5
1.420266667E+9	2.364398000E-5
1.420270000E+9	2.282708000E-5
1.420273333E+9	2.245439000E-5
1.420276667E+9	2.278129000E-5
1.420280000E+9	2.306618000E-5
1.420283333E+9	2.279034000E-5
1.420286667E+9	2.261695000E-5
1.420290000E+9	2.287746000E-5
1.420293333E+9	2.294027000E-5
1.420296667E+9	2.327905000E-5
1.420300000E+9	2.295589000E-5
1.420303333E+9	2.274972000E-5
1.420306667E+9	2.275309000E-5
1.420310000E+9	2.332720000E-5
1.420313333E+9	2.280424000E-5
1.420316667E+9	2.328672000E-5
1.420320000E+9	2.307385000E-5
1.420323333E+9	2.293680000E-5
1.420326667E+9	2.244354000E-5
1.420330000E+9	2.329460000E-5
1.420333333E+9	2.527235000E-5
1.420336667E+9	2.294375000E-5
1.420340000E+9	2.324179000E-5
1.420343333E+9	2.284764000E-5
1.420346667E+9	2.327721000E-5
1.420350000E+9	2.302324000E-5
1.420353333E+9	2.316401000E-5
1.420356667E+9	2.300171000E-5
1.420360000E+9	2.276744000E-5
1.420363333E+9	2.291480000E-5
1.420366667E+9	2.303378000E-5
1.420370000E+9	2.261313000E-5
1.420373333E+9	2.302860000E-5
1.420376667E+9	2.225274000E-5
1.420380000E+9	2.283052000E-5
1.420383333E+9	2.253109000E-5
1.420386667E+9	2.272198000E-5
1.420390000E+9	2.286785000E-5
1.420393333E+9	2.294010000E-5
1.420396667E+9	2.310884000E-5
1.420400000E+9	2.315842000E-5
1.420403333E+9	2.267672000E-5
1.420406667E+9	2.296938000E-5
1.420410000E+9	2.310830000E-5
1.420413333E+9	2.319160000E-5
1.420416667E+9	2.241492000E-5
1.420420000E+9	2.270597000E-5
1.420423333E+9	2.262035000E-5
1.420426667E+9	2.268639000E-5
1.420430000E+9	2.287882000E-5
1.420433333E+9	2.309129000E-5
1.420436667E+9	2.271657000E-5
1.420440000E+9	2.270518000E-5
1.420443333E+9	2.260729000E-5
1.420446667E+9	2.254168000E-5
1.420450000E+9	2.309038000E-5
1.420453333E+9	2.285981000E-5
1.420456667E+9	2.291211000E-5
1.420460000E+9	2.292620000E-5
1.420463333E+9	2.286749000E-5
1.420466667E+9	2.261156000E-5
1.420470000E+9	2.295861000E-5
1.420473333E+9	2.308054000E-5
1.420476667E+9	2.263006000E-5
1.420480000E+9	2.292635000E-5
1.420483333E+9	2.285126000E-5
1.420486667E+9	2.302127000E-5
1.420490000E+9	2.301005000E-5
1.420493333E+9	2.265691000E-5
1.420496667E+9	2.352916000E-5
1.420500000E+9	2.294806000E-5
1.420503333E+9	2.286057000E-5
1.420506667E+9	2.298290000E-5
1.420510000E+9	2.250054000E-5
1.420513333E+9	2.248243000E-5
1.420516667E+9	2.288935000E-5
1.420520000E+9	2.278394000E-5
1.420523333E+9	2.261275000E-5
1.420526667E+9	2.243322000E-5
1.420530000E+9	2.242975000E-5
1.420533333E+9	2.243275000E-5
1.420536667E+9	2.280884000E-5
1.420540000E+9	2.305435000E-5
1.420543333E+9	2.257019000E-5
1.420546667E+9	2.242420000E-5
1.420550000E+9	2.247950000E-5
1.420553333E+9	2.277789000E-5
1.420556667E+9	2.290876000E-5
1.420560000E+9	2.276871000E-5
1.420563333E+9	2.329948000E-5
1.420566667E+9	2.279773000E-5
1.420570000E+9	2.311978000E-5
1.420573333E+9	2.296053000E-5
1.420576667E+9	2.265192000E-5
1.420580000E+9	2.230173000E-5
1.420583333E+9	2.268051000E-5
1.420586667E+9	2.224048000E-5
1.420590000E+9	2.255067000E-5
1.420593333E+9	2.257381000E-5
1.420596667E+9	2.259114000E-5
1.420600000E+9	2.312935000E-5
1.420603333E+9	2.278862000E-5
1.420606667E+9	2.323574000E-5
1.420610000E+9	2.313422000E-5
1.420613333E+9	2.277664000E-5
1.420616667E+9	2.273923000E-5
1.420620000E+9	2.352306000E-5
1.420623333E+9	2.396775000E-5
1.420626667E+9	2.761896000E-5
1.420630000E+9	2.323452000E-5
1.420633333E+9	2.361609000E-5
1.420636667E+9	2.314477000E-5
1.420640000E+9	2.290808000E-5
1.420643333E+9	2.296134000E-5
1.420646667E+9	2.292521000E-5
1.420650000E+9	2.305845000E-5
1.420653333E+9	2.298343000E-5
1.420656667E+9	2.252253000E-5
1.420660000E+9	2.291054000E-5
1.420663333E+9	2.290692000E-5
1.420666667E+9	2.285557000E-5
1.420670000E+9	2.266781000E-5
1.420673333E+9	2.269575000E-5
1.420676667E+9	2.312021000E-5
1.420680000E+9	2.252073000E-5
1.420683333E+9	2.321639000E-5
1.420686667E+9	2.279785000E-5
1.420690000E+9	2.296429000E-5
1.420693333E+9	2.227870000E-5
1.420696667E+9	2.261139000E-5
1.420700000E+9	2.271064000E-5
1.420703333E+9	2.252881000E-5
1.420706667E+9	2.264789000E-5
1.420710000E+9	2.295153000E-5
1.420713333E+9	2.291309000E-5
1.420716667E+9	2.311285000E-5
1.420720000E+9	2.315745000E-5
1.420723333E+9	2.295877000E-5
1.420726667E+9	2.323518000E-5
1.420730000E+9	2.256204000E-5
1.420733333E+9	2.268255000E-5
1.420736667E+9	2.305620000E-5
1.420740000E+9	2.275701000E-5
1.420743333E+9	2.311062000E-5
1.420746667E+9	2.254705000E-5
1.420750000E+9	2.213572000E-5
1.420753333E+9	2.285720000E-5
1.420756667E+9	2.271395000E-5
1.420760000E+9	2.358458000E-5
1.420763333E+9	2.235869000E-5
1.420766667E+9	2.294158000E-5
1.420770000E+9	2.262731000E-5
1.420773333E+9	2.261807000E-5
1.420776667E+9	2.292564000E-5
1.420780000E+9	2.282641000E-5
1.420783333E+9	2.258662000E-5
1.420786667E+9	2.237271000E-5
1.420790000E+9	2.342481000E-5
1.420793333E+9	2.339091000E-5
1.420796667E+9	2.341345000E-5
1.420800000E+9	2.298245000E-5
1.420803333E+9	2.283513000E-5
1.420806667E+9	2.344686000E-5
1.420810000E+9	2.304112000E-5
1.420813333E+9	2.305893000E-5
1.420816667E+9	2.321545000E-5
1.420820000E+9	2.224470000E-5
1.420823333E+9	2.254879000E-5
1.420826667E+9	2.277131000E-5
1.420830000E+9	2.240432000E-5
1.420833333E+9	2.318101000E-5
1.420836667E+9	3.062078000E-5
1.420840000E+9	2.713205000E-5
1.420843333E+9	2.304678000E-5
1.420846667E+9	2.269042000E-5
1.420850000E+9	2.254347000E-5
1.420853333E+9	2.288460000E-5
1.420856667E+9	2.262092000E-5
1.420860000E+9	2.263759000E-5
1.420863333E+9	2.288362000E-5
1.420866667E+9	2.399258000E-5
1.420870000E+9	2.313102000E-5
1.420873333E+9	2.316651000E-5
1.420876667E+9	2.288264000E-5
1.420880000E+9	2.271550000E-5
1.420883333E+9	2.337623000E-5
1.420886667E+9	2.294833000E-5
1.420890000E+9	2.286958000E-5
1.420893333E+9	2.288960000E-5
1.420896667E+9	2.343757000E-5
1.420900000E+9	2.276734000E-5
1.420903333E+9	2.299502000E-5
1.420906667E+9	2.454654000E-5
1.420910000E+9	2.309392000E-5
1.420913333E+9	2.640674000E-5
1.420916667E+9	2.742349000E-5
1.420920000E+9	3.393920000E-5
1.420923333E+9	2.332541000E-5
1.420926667E+9	2.495994000E-5
1.420930000E+9	2.262788000E-5
1.420933333E+9	2.292469000E-5
1.420936667E+9	2.315008000E-5
1.420940000E+9	2.337127000E-5
1.420943333E+9	2.341193000E-5
1.420946667E+9	2.310267000E-5
1.420950000E+9	2.263106000E-5
1.420953333E+9	2.281989000E-5
1.420956667E+9	2.310173000E-5
1.420960000E+9	2.305491000E-5
1.420963333E+9	2.271819000E-5
1.420966667E+9	2.268751000E-5
1.420970000E+9	2.313885000E-5
1.420973333E+9	2.298419000E-5
1.420976667E+9	2.252172000E-5
1.420980000E+9	2.309248000E-5
1.420983333E+9	2.319995000E-5
1.420986667E+9	2.340843000E-5
1.420990000E+9	2.317653000E-5
1.420993333E+9	2.334386000E-5
1.420996667E+9	2.248300000E-5
1.421000000E+9	2.301085000E-5
1.421003333E+9	2.321450000E-5
1.421006667E+9	2.405430000E-5
1.421010000E+9	2.323646000E-5
1.421013333E+9	2.253832000E-5
1.421016667E+9	2.254515000E-5
1.421020000E+9	2.279012000E-5
1.421023333E+9	2.280401000E-5
1.421026667E+9	2.290677000E-5
1.421030000E+9	2.275262000E-5
1.421033333E+9	2.281310000E-5
1.421036667E+9	2.309803000E-5
1.421040000E+9	2.291998000E-5
1.421043333E+9	2.261124000E-5
1.421046667E+9	2.323278000E-5
1.421050000E+9	2.277641000E-5
1.421053333E+9	2.285979000E-5
1.421056667E+9	2.316920000E-5
1.421060000E+9	2.298959000E-5
1.421063333E+9	2.268599000E-5
1.421066667E+9	2.255022000E-5
1.421070000E+9	2.349474000E-5
1.421073333E+9	2.405403000E-5
1.421076667E+9	2.356693000E-5
1.421080000E+9	2.277354000E-5
1.421083333E+9	2.249006000E-5
1.421086667E+9	2.289425000E-5
1.421090000E+9	2.261961000E-5
1.421093333E+9	2.353750000E-5
1.421096667E+9	2.323791000E-5
1.421100000E+9	2.296520000E-5
1.421103333E+9	2.364863000E-5
1.421106667E+9	2.339148000E-5
1.421110000E+9	2.335375000E-5
1.421113333E+9	2.294135000E-5
1.421116667E+9	2.274632000E-5
1.421120000E+9	2.302208000E-5
1.421123333E+9	2.296187000E-5
1.421126667E+9	2.299946000E-5
1.421130000E+9	2.319802000E-5
1.421133333E+9	2.335999000E-5
1.421136667E+9	2.283776000E-5
1.421140000E+9	2.385659000E-5
1.421143333E+9	2.465301000E-5
1.421146667E+9	2.308368000E-5
1.421150000E+9	2.279467000E-5
1.421153333E+9	2.310371000E-5
1.421156667E+9	2.293010000E-5
1.421160000E+9	2.339877000E-5
1.421163333E+9	2.376657000E-5
1.421166667E+9	2.318116000E-5
1.421170000E+9	2.300866000E-5
1.421173333E+9	2.275194000E-5
1.421176667E+9	2.357591000E-5
1.421180000E+9	2.398939000E-5
1.421183333E+9	2.253604000E-5
1.421186667E+9	2.284263000E-5
1.421190000E+9	2.304587000E-5
1.421193333E+9	2.301111000E-5
1.421196667E+9	2.350950000E-5
1.421200000E+9	2.339505000E-5
1.421203333E+9	2.372556000E-5
1.421206667E+9	2.554053000E-5
1.421210000E+9	2.680966000E-5
1.421213333E+9	2.683387000E-5
1.421216667E+9	2.317093000E-5
1.421220000E+9	2.321511000E-5
1.421223333E+9	2.308541000E-5
1.421226667E+9	2.272503000E-5
1.421230000E+9	2.295085000E-5
1.421233333E+9	2.360103000E-5
1.421236667E+9	2.350135000E-5
1.421240000E+9	2.300381000E-5
1.421243333E+9	2.342762000E-5
1.421246667E+9	2.333807000E-5
1.421250000E+9	2.316236000E-5
1.421253333E+9	2.310455000E-5
1.421256667E+9	2.296711000E-5
1.421260000E+9	2.343366000E-5
1.421263333E+9	2.338182000E-5
1.421266667E+9	2.380967000E-5
1.421270000E+9	2.371041000E-5
1.421273333E+9	2.451538000E-5
1.421276667E+9	2.729013000E-5
1.421280000E+9	2.504638000E-5
1.421283333E+9	2.436647000E-5
1.421286667E+9	2.426755000E-5
1.421290000E+9	2.440254000E-5
1.421293333E+9	2.444831000E-5
1.421296667E+9	2.434791000E-5
1.421300000E+9	2.525401000E-5
1.421303333E+9	2.447832000E-5
1.421306667E+9	2.462185000E-5
1.421310000E+9	2.490502000E-5
1.421313333E+9	2.552225000E-5
1.421316667E+9	2.545645000E-5
1.421320000E+9	2.628914000E-5
1.421323333E+9	2.599802000E-5
1.421326667E+9	2.631037000E-5
1.421330000E+9	2.622526000E-5
1.421333333E+9	2.712368000E-5
1.421336667E+9	2.878850000E-5
1.421340000E+9	3.290211000E-5
1.421343333E+9	5.063592000E-5
1.421346667E+9	4.596719000E-5
1.421350000E+9	2.978634000E-5
1.421353333E+9	2.909476000E-5
1.421356667E+9	2.777454000E-5
1.421360000E+9	2.695171000E-5
1.421363333E+9	2.742596000E-5
1.421366667E+9	2.860989000E-5
1.421370000E+9	2.642095000E-5
1.421373333E+9	2.592980000E-5
1.421376667E+9	2.560868000E-5
1.421380000E+9	2.565790000E-5
1.421383333E+9	2.658623000E-5
1.421386667E+9	2.602741000E-5
1.421390000E+9	2.569949000E-5
1.421393333E+9	2.630135000E-5
1.421396667E+9	2.539816000E-5
1.421400000E+9	2.561897000E-5
