Frequency, Hz	Amplitude, Volts
1.419400000E+9	2.264227000E-5
1.419403333E+9	2.340250000E-5
1.419406667E+9	2.301227000E-5
1.419410000E+9	2.274979000E-5
1.419413333E+9	2.339389000E-5
1.419416667E+9	2.312572000E-5
1.419420000E+9	2.314962000E-5
1.419423333E+9	2.313555000E-5
1.419426667E+9	2.303358000E-5
1.419430000E+9	2.251465000E-5
1.419433333E+9	2.314830000E-5
1.419436667E+9	2.350992000E-5
1.419440000E+9	2.357772000E-5
1.419443333E+9	2.251158000E-5
1.419446667E+9	2.283964000E-5
1.419450000E+9	2.359652000E-5
1.419453333E+9	2.536040000E-5
1.419456667E+9	2.430376000E-5
1.419460000E+9	2.351983000E-5
1.419463333E+9	2.303603000E-5
1.419466667E+9	2.309562000E-5
1.419470000E+9	2.329347000E-5
1.419473333E+9	2.311625000E-5
1.419476667E+9	2.304866000E-5
1.419480000E+9	2.318080000E-5
1.419483333E+9	2.287842000E-5
1.419486667E+9	2.294924000E-5
1.419490000E+9	2.338603000E-5
1.419493333E+9	2.280223000E-5
1.419496667E+9	2.307367000E-5
1.419500000E+9	2.320882000E-5
1.419503333E+9	2.290911000E-5
1.419506667E+9	2.286328000E-5
1.419510000E+9	2.317093000E-5
1.419513333E+9	2.273386000E-5
1.419516667E+9	2.288249000E-5
1.419520000E+9	2.359432000E-5
1.419523333E+9	2.264968000E-5
1.419526667E+9	2.283493000E-5
1.419530000E+9	2.318060000E-5
1.419533333E+9	2.254406000E-5
1.419536667E+9	2.325751000E-5
1.419540000E+9	2.324541000E-5
1.419543333E+9	2.298840000E-5
1.419546667E+9	2.304711000E-5
1.419550000E+9	2.297395000E-5
1.419553333E+9	2.291897000E-5
1.419556667E+9	2.280659000E-5
1.419560000E+9	2.309707000E-5
1.419563333E+9	2.276549000E-5
1.419566667E+9	2.282738000E-5
1.419570000E+9	2.275067000E-5
1.419573333E+9	2.254703000E-5
1.419576667E+9	2.307152000E-5
1.419580000E+9	2.280384000E-5
1.419583333E+9	2.327882000E-5
1.419586667E+9	2.295310000E-5
1.419590000E+9	2.260535000E-5
1.419593333E+9	2.264540000E-5
1.419596667E+9	2.261576000E-5
1.419600000E+9	2.281423000E-5
1.419603333E+9	2.351622000E-5
1.419606667E+9	2.289279000E-5
1.419610000E+9	2.271318000E-5
1.419613333E+9	2.329603000E-5
1.419616667E+9	2.314845000E-5
1.419620000E+9	2.310721000E-5
1.419623333E+9	2.307912000E-5
1.419626667E+9	2.238418000E-5
1.419630000E+9	2.281192000E-5
1.419633333E+9	2.297708000E-5
1.419636667E+9	2.321494000E-5
1.419640000E+9	2.304878000E-5
1.419643333E+9	2.296810000E-5
1.419646667E+9	2.295484000E-5
1.419650000E+9	2.257277000E-5
1.419653333E+9	2.314627000E-5
1.419656667E+9	2.288211000E-5
1.419660000E+9	2.286996000E-5
1.419663333E+9	2.282976000E-5
1.419666667E+9	2.296194000E-5
1.419670000E+9	2.316086000E-5
1.419673333E+9	2.255815000E-5
1.419676667E+9	2.303072000E-5
1.419680000E+9	2.255168000E-5
1.419683333E+9	2.274415000E-5
1.419686667E+9	2.287407000E-5
1.419690000E+9	2.250988000E-5
1.419693333E+9	2.246916000E-5
1.419696667E+9	2.314469000E-5
1.419700000E+9	2.269242000E-5
1.419703333E+9	2.278954000E-5
1.419706667E+9	2.268611000E-5
1.419710000E+9	2.306800000E-5
1.419713333E+9	2.282187000E-5
1.419716667E+9	2.282686000E-5
1.419720000E+9	2.234818000E-5
1.419723333E+9	2.266211000E-5
1.419726667E+9	2.285193000E-5
1.419730000E+9	2.321320000E-5
1.419733333E+9	2.368145000E-5
1.419736667E+9	2.268639000E-5
1.419740000E+9	2.331978000E-5
1.419743333E+9	2.340846000E-5
1.419746667E+9	2.498565000E-5
1.419750000E+9	2.356501000E-5
1.419753333E+9	2.318203000E-5
1.419756667E+9	2.362987000E-5
1.419760000E+9	2.295425000E-5
1.419763333E+9	2.261963000E-5
1.419766667E+9	2.277544000E-5
1.419770000E+9	2.352407000E-5
1.419773333E+9	2.278111000E-5
1.419776667E+9	2.239706000E-5
1.419780000E+9	2.310275000E-5
1.419783333E+9	2.312427000E-5
1.419786667E+9	2.291324000E-5
1.419790000E+9	2.394202000E-5
1.419793333E+9	2.361003000E-5
1.419796667E+9	2.344099000E-5
1.419800000E+9	2.283154000E-5
1.419803333E+9	2.286830000E-5
1.419806667E+9	2.244951000E-5
1.419810000E+9	2.293466000E-5
1.419813333E+9	2.292240000E-5
1.419816667E+9	2.243410000E-5
1.419820000E+9	2.239082000E-5
1.419823333E+9	2.275824000E-5
1.419826667E+9	2.255404000E-5
1.419830000E+9	2.256766000E-5
1.419833333E+9	2.288186000E-5
1.419836667E+9	2.282112000E-5
1.419840000E+9	2.258236000E-5
1.419843333E+9	2.283535000E-5
1.419846667E+9	2.293994000E-5
1.419850000E+9	2.284737000E-5
1.419853333E+9	2.288751000E-5
1.419856667E+9	2.272316000E-5
1.419860000E+9	2.292086000E-5
1.419863333E+9	2.345281000E-5
1.419866667E+9	2.326426000E-5
1.419870000E+9	2.312097000E-5
1.419873333E+9	2.247668000E-5
1.419876667E+9	2.253663000E-5
1.419880000E+9	2.233714000E-5
1.419883333E+9	2.264826000E-5
1.419886667E+9	2.258390000E-5
1.419890000E+9	2.253347000E-5
1.419893333E+9	2.274415000E-5
1.419896667E+9	2.335014000E-5
1.419900000E+9	2.284077000E-5
1.419903333E+9	2.294302000E-5
1.419906667E+9	2.301303000E-5
1.419910000E+9	2.246834000E-5
1.419913333E+9	2.240749000E-5
1.419916667E+9	2.280717000E-5
1.419920000E+9	2.293987000E-5
1.419923333E+9	2.329424000E-5
1.419926667E+9	2.293614000E-5
1.419930000E+9	2.257381000E-5
1.419933333E+9	2.286596000E-5
1.419936667E+9	2.300320000E-5
1.419940000E+9	2.316735000E-5
1.419943333E+9	2.311962000E-5
1.419946667E+9	2.275024000E-5
1.419950000E+9	2.324577000E-5
1.419953333E+9	2.303927000E-5
1.419956667E+9	2.261273000E-5
1.419960000E+9	2.265187000E-5
1.419963333E+9	2.294672000E-5
1.419966667E+9	2.314248000E-5
1.419970000E+9	2.276104000E-5
1.419973333E+9	2.279350000E-5
1.419976667E+9	2.321233000E-5
1.419980000E+9	2.389176000E-5
1.419983333E+9	2.247543000E-5
1.419986667E+9	2.271715000E-5
1.419990000E+9	2.279828000E-5
1.419993333E+9	2.269914000E-5
1.419996667E+9	2.268128000E-5
1.420000000E+9	2.309271000E-5
1.420003333E+9	2.305301000E-5
1.420006667E+9	2.279668000E-5
1.420010000E+9	2.300497000E-5
1.420013333E+9	2.289739000E-5
1.420016667E+9	2.275766000E-5
1.420020000E+9	2.313136000E-5
1.420023333E+9	2.327542000E-5
1.420026667E+9	2.325974000E-5
1.420030000E+9	2.276691000E-5
1.420033333E+9	2.296509000E-5
1.420036667E+9	2.310113000E-5
1.420040000E+9	2.504971000E-5
1.420043333E+9	2.324513000E-5
1.420046667E+9	2.337466000E-5
1.420050000E+9	2.347267000E-5
1.420053333E+9	2.324016000E-5
1.420056667E+9	2.288938000E-5
1.420060000E+9	2.242386000E-5
1.420063333E+9	2.287327000E-5
1.420066667E+9	2.244615000E-5
1.420070000E+9	2.264199000E-5
1.420073333E+9	2.328672000E-5
1.420076667E+9	2.287814000E-5
1.420080000E+9	2.285590000E-5
1.420083333E+9	2.283676000E-5
1.420086667E+9	2.331230000E-5
1.420090000E+9	2.289025000E-5
1.420093333E+9	2.218480000E-5
1.420096667E+9	2.279838000E-5
1.420100000E+9	2.294944000E-5
1.420103333E+9	2.314520000E-5
1.420106667E+9	2.302706000E-5
1.420110000E+9	2.288081000E-5
1.420113333E+9	2.311300000E-5
1.420116667E+9	2.318414000E-5
1.420120000E+9	2.243699000E-5
1.420123333E+9	2.266386000E-5
1.420126667E+9	2.250978000E-5
1.420130000E+9	2.266309000E-5
1.420133333E+9	2.294619000E-5
1.420136667E+9	2.261598000E-5
1.420140000E+9	2.261536000E-5
1.420143333E+9	2.296179000E-5
1.420146667E+9	2.272752000E-5
1.420150000E+9	2.256972000E-5
1.420153333E+9	2.288676000E-5
1.420156667E+9	2.293498000E-5
1.420160000E+9	2.294937000E-5
1.420163333E+9	2.266398000E-5
1.420166667E+9	2.259617000E-5
1.420170000E+9	2.272313000E-5
1.420173333E+9	2.251499000E-5
1.420176667E+9	2.303790000E-5
1.420180000E+9	2.223999000E-5
1.420183333E+9	2.289375000E-5
1.420186667E+9	2.252832000E-5
1.420190000E+9	2.253874000E-5
1.420193333E+9	2.285118000E-5
1.420196667E+9	2.329010000E-5
1.420200000E+9	2.305501000E-5
1.420203333E+9	2.258372000E-5
1.420206667E+9	2.302420000E-5
1.420210000E+9	2.245000000E-5
1.420213333E+9	2.217036000E-5
1.420216667E+9	2.286340000E-5
1.420220000E+9	2.289025000E-5
1.420223333E+9	2.257581000E-5
1.420226667E+9	2.265276000E-5
1.420230000E+9	2.340139000E-5
1.420233333E+9	2.278934000E-5
1.420236667E+9	2.294334000E-5
1.420240000E+9	2.305190000E-5
1.420243333E+9	2.283418000E-5
1.420246667E+9	2.340792000E-5
1.420250000E+9	2.265602000E-5
1.420253333E+9	2.280822000E-5
1.420256667E+9	2.297894000E-5
1.420260000E+9	2.256853000E-5
1.420263333E+9	2.324618000E-5
1.420266667E+9	2.344414000E-5
1.420270000E+9	2.268088000E-5
1.420273333E+9	2.293483000E-5
1.420276667E+9	2.300846000E-5
1.420280000E+9	2.282242000E-5
1.420283333E+9	2.303646000E-5
1.420286667E+9	2.273891000E-5
1.420290000E+9	2.296588000E-5
1.420293333E+9	2.224890000E-5
1.420296667E+9	2.239849000E-5
1.420300000E+9	2.249066000E-5
1.420303333E+9	2.286795000E-5
1.420306667E+9	2.306813000E-5
1.420310000E+9	2.321695000E-5
1.420313333E+9	2.255909000E-5
1.420316667E+9	2.339800000E-5
1.420320000E+9	2.299393000E-5
1.420323333E+9	2.250560000E-5
1.420326667E+9	2.368561000E-5
1.420330000E+9	2.326083000E-5
1.420333333E+9	2.575927000E-5
1.420336667E+9	2.322268000E-5
1.420340000E+9	2.304347000E-5
1.420343333E+9	2.269690000E-5
1.420346667E+9	2.325006000E-5
1.420350000E+9	2.285055000E-5
1.420353333E+9	2.282723000E-5
1.420356667E+9	2.298818000E-5
1.420360000E+9	2.295196000E-5
1.420363333E+9	2.321422000E-5
1.420366667E+9	2.284423000E-5
1.420370000E+9	2.299555000E-5
1.420373333E+9	2.321562000E-5
1.420376667E+9	2.309225000E-5
1.420380000E+9	2.260632000E-5
1.420383333E+9	2.274984000E-5
1.420386667E+9	2.286825000E-5
1.420390000E+9	2.264960000E-5
1.420393333E+9	2.316839000E-5
1.420396667E+9	2.338352000E-5
1.420400000E+9	2.278827000E-5
1.420403333E+9	2.272226000E-5
1.420406667E+9	2.263536000E-5
1.420410000E+9	2.281055000E-5
1.420413333E+9	2.263421000E-5
1.420416667E+9	2.296774000E-5
1.420420000E+9	2.252520000E-5
1.420423333E+9	2.253228000E-5
1.420426667E+9	2.329002000E-5
1.420430000E+9	2.305653000E-5
1.420433333E+9	2.263680000E-5
1.420436667E+9	2.290818000E-5
1.420440000E+9	2.284034000E-5
1.420443333E+9	2.266498000E-5
1.420446667E+9	2.281728000E-5
1.420450000E+9	2.279903000E-5
1.420453333E+9	2.269306000E-5
1.420456667E+9	2.283891000E-5
1.420460000E+9	2.339086000E-5
1.420463333E+9	2.319919000E-5
1.420466667E+9	2.293393000E-5
1.420470000E+9	2.244122000E-5
1.420473333E+9	2.315618000E-5
1.420476667E+9	2.243502000E-5
1.420480000E+9	2.283132000E-5
1.420483333E+9	2.330962000E-5
1.420486667E+9	2.330959000E-5
1.420490000E+9	2.287146000E-5
1.420493333E+9	2.270258000E-5
1.420496667E+9	2.332134000E-5
1.420500000E+9	2.295279000E-5
1.420503333E+9	2.277501000E-5
1.420506667E+9	2.263660000E-5
1.420510000E+9	2.271178000E-5
1.420513333E+9	2.285954000E-5
1.420516667E+9	2.300638000E-5
1.420520000E+9	2.302432000E-5
1.420523333E+9	2.303993000E-5
1.420526667E+9	2.316839000E-5
1.420530000E+9	2.303623000E-5
1.420533333E+9	2.311942000E-5
1.420536667E+9	2.256664000E-5
1.420540000E+9	2.248048000E-5
1.420543333E+9	2.253379000E-5
1.420546667E+9	2.294853000E-5
1.420550000E+9	2.325034000E-5
1.420553333E+9	2.298369000E-5
1.420556667E+9	2.236301000E-5
1.420560000E+9	2.227980000E-5
1.420563333E+9	2.278964000E-5
1.420566667E+9	2.273426000E-5
1.420570000E+9	2.283578000E-5
1.420573333E+9	2.274947000E-5
1.420576667E+9	2.307692000E-5
1.420580000E+9	2.298316000E-5
1.420583333E+9	2.332610000E-5
1.420586667E+9	2.270712000E-5
1.420590000E+9	2.312277000E-5
1.420593333E+9	2.310092000E-5
1.420596667E+9	2.261213000E-5
1.420600000E+9	2.259992000E-5
1.420603333E+9	2.301058000E-5
1.420606667E+9	2.321601000E-5
1.420610000E+9	2.278141000E-5
1.420613333E+9	2.280566000E-5
1.420616667E+9	2.299482000E-5
1.420620000E+9	2.326865000E-5
1.420623333E+9	2.390286000E-5
1.420626667E+9	2.728000000E-5
1.420630000E+9	2.273658000E-5
1.420633333E+9	2.321603000E-5
1.420636667E+9	2.301156000E-5
1.420640000E+9	2.295972000E-5
1.420643333E+9	2.298124000E-5
1.420646667E+9	2.356696000E-5
1.420650000E+9	2.298144000E-5
1.420653333E+9	2.333696000E-5
1.420656667E+9	2.304683000E-5
1.420660000E+9	2.284300000E-5
1.420663333E+9	2.240798000E-5
1.420666667E+9	2.288563000E-5
1.420670000E+9	2.297650000E-5
1.420673333E+9	2.257571000E-5
1.420676667E+9	2.256565000E-5
1.420680000E+9	2.268923000E-5
1.420683333E+9	2.278909000E-5
1.420686667E+9	2.296421000E-5
1.420690000E+9	2.289862000E-5
1.420693333E+9	2.281851000E-5
1.420696667E+9	2.308497000E-5
1.420700000E+9	2.301257000E-5
1.420703333E+9	2.218387000E-5
1.420706667E+9	2.224023000E-5
1.420710000E+9	2.269924000E-5
1.420713333E+9	2.253079000E-5
1.420716667E+9	2.253426000E-5
1.420720000E+9	2.320367000E-5
1.420723333E+9	2.275531000E-5
1.420726667E+9	2.283535000E-5
1.420730000E+9	2.280647000E-5
1.420733333E+9	2.279828000E-5
1.420736667E+9	2.279898000E-5
1.420740000E+9	2.295584000E-5
1.420743333E+9	2.315534000E-5
1.420746667E+9	2.293068000E-5
1.420750000E+9	2.306445000E-5
1.420753333E+9	2.296265000E-5
1.420756667E+9	2.327156000E-5
1.420760000E+9	2.280306000E-5
1.420763333E+9	2.296515000E-5
1.420766667E+9	2.250135000E-5
1.420770000E+9	2.243984000E-5
1.420773333E+9	2.297569000E-5
1.420776667E+9	2.253869000E-5
1.420780000E+9	2.300825000E-5
1.420783333E+9	2.273446000E-5
1.420786667E+9	2.272994000E-5
1.420790000E+9	2.274265000E-5
1.420793333E+9	2.338403000E-5
1.420796667E+9	2.350370000E-5
1.420800000E+9	2.297796000E-5
1.420803333E+9	2.347239000E-5
1.420806667E+9	2.352291000E-5
1.420810000E+9	2.353319000E-5
1.420813333E+9	2.266279000E-5
1.420816667E+9	2.246324000E-5
1.420820000E+9	2.239918000E-5
1.420823333E+9	2.339525000E-5
1.420826667E+9	2.301565000E-5
1.420830000E+9	2.280489000E-5
1.420833333E+9	2.350202000E-5
1.420836667E+9	3.066701000E-5
1.420840000E+9	2.803663000E-5
1.420843333E+9	2.297672000E-5
1.420846667E+9	2.293370000E-5
1.420850000E+9	2.287023000E-5
1.420853333E+9	2.300707000E-5
1.420856667E+9	2.273277000E-5
1.420860000E+9	2.292245000E-5
1.420863333E+9	2.277674000E-5
1.420866667E+9	2.369284000E-5
1.420870000E+9	2.318528000E-5
1.420873333E+9	2.279079000E-5
1.420876667E+9	2.289780000E-5
1.420880000E+9	2.319608000E-5
1.420883333E+9	2.349247000E-5
1.420886667E+9	2.256506000E-5
1.420890000E+9	2.280236000E-5
1.420893333E+9	2.327936000E-5
1.420896667E+9	2.342327000E-5
1.420900000E+9	2.317790000E-5
1.420903333E+9	2.369214000E-5
1.420906667E+9	2.449743000E-5
1.420910000E+9	2.324638000E-5
1.420913333E+9	2.680666000E-5
1.420916667E+9	2.791171000E-5
1.420920000E+9	3.451499000E-5
1.420923333E+9	2.342260000E-5
1.420926667E+9	2.438539000E-5
1.420930000E+9	2.349683000E-5
1.420933333E+9	2.260225000E-5
1.420936667E+9	2.300100000E-5
1.420940000E+9	2.330862000E-5
1.420943333E+9	2.356294000E-5
1.420946667E+9	2.337587000E-5
1.420950000E+9	2.307884000E-5
1.420953333E+9	2.303396000E-5
1.420956667E+9	2.275252000E-5
1.420960000E+9	2.321259000E-5
1.420963333E+9	2.264386000E-5
1.420966667E+9	2.261824000E-5
1.420970000E+9	2.321651000E-5
1.420973333E+9	2.303634000E-5
1.420976667E+9	2.290411000E-5
1.420980000E+9	2.305812000E-5
1.420983333E+9	2.318478000E-5
1.420986667E+9	2.286732000E-5
1.420990000E+9	2.306306000E-5
1.420993333E+9	2.293969000E-5
1.420996667E+9	2.261437000E-5
1.421000000E+9	2.298697000E-5
1.421003333E+9	2.327302000E-5
1.421006667E+9	2.358673000E-5
1.421010000E+9	2.319995000E-5
1.421013333E+9	2.297808000E-5
1.421016667E+9	2.310869000E-5
1.421020000E+9	2.319445000E-5
1.421023333E+9	2.308472000E-5
1.421026667E+9	2.301626000E-5
1.421030000E+9	2.275679000E-5
1.421033333E+9	2.295882000E-5
1.421036667E+9	2.298245000E-5
1.421040000E+9	2.293869000E-5
1.421043333E+9	2.325859000E-5
1.421046667E+9	2.272188000E-5
1.421050000E+9	2.284401000E-5
1.421053333E+9	2.282861000E-5
1.421056667E+9	2.350775000E-5
1.421060000E+9	2.299840000E-5
1.421063333E+9	2.300166000E-5
1.421066667E+9	2.322628000E-5
1.421070000E+9	2.337027000E-5
1.421073333E+9	2.418363000E-5
1.421076667E+9	2.362128000E-5
1.421080000E+9	2.247219000E-5
1.421083333E+9	2.262813000E-5
1.421086667E+9	2.319005000E-5
1.421090000E+9	2.326814000E-5
1.421093333E+9	2.362213000E-5
1.421096667E+9	2.320637000E-5
1.421100000E+9	2.304600000E-5
1.421103333E+9	2.353107000E-5
1.421106667E+9	2.290431000E-5
1.421110000E+9	2.310833000E-5
1.421113333E+9	2.329531000E-5
1.421116667E+9	2.286122000E-5
1.421120000E+9	2.365970000E-5
1.421123333E+9	2.286669000E-5
1.421126667E+9	2.269979000E-5
1.421130000E+9	2.309676000E-5
1.421133333E+9	2.261546000E-5
1.421136667E+9	2.278284000E-5
1.421140000E+9	2.394250000E-5
1.421143333E+9	2.451554000E-5
1.421146667E+9	2.318544000E-5
1.421150000E+9	2.314789000E-5
1.421153333E+9	2.275729000E-5
1.421156667E+9	2.283042000E-5
1.421160000E+9	2.290149000E-5
1.421163333E+9	2.305192000E-5
1.421166667E+9	2.271612000E-5
1.421170000E+9	2.294269000E-5
1.421173333E+9	2.292071000E-5
1.421176667E+9	2.371189000E-5
1.421180000E+9	2.344182000E-5
1.421183333E+9	2.339322000E-5
1.421186667E+9	2.255951000E-5
1.421190000E+9	2.285291000E-5
1.421193333E+9	2.271832000E-5
1.421196667E+9	2.313110000E-5
1.421200000E+9	2.329951000E-5
1.421203333E+9	2.320013000E-5
1.421206667E+9	2.584962000E-5
1.421210000E+9	2.718716000E-5
1.421213333E+9	2.802521000E-5
1.421216667E+9	2.338806000E-5
1.421220000E+9	2.358060000E-5
1.421223333E+9	2.312518000E-5
1.421226667E+9	2.306564000E-5
1.421230000E+9	2.374026000E-5
1.421233333E+9	2.319165000E-5
1.421236667E+9	2.353244000E-5
1.421240000E+9	2.404023000E-5
1.421243333E+9	2.395028000E-5
1.421246667E+9	2.381471000E-5
1.421250000E+9	2.333904000E-5
1.421253333E+9	2.311988000E-5
1.421256667E+9	2.306033000E-5
1.421260000E+9	2.338072000E-5
1.421263333E+9	2.382468000E-5
1.421266667E+9	2.390622000E-5
1.421270000E+9	2.385769000E-5
1.421273333E+9	2.466105000E-5
1.421276667E+9	2.750376000E-5
1.421280000E+9	2.611139000E-5
1.421283333E+9	2.411668000E-5
1.421286667E+9	2.426809000E-5
1.421290000E+9	2.428890000E-5
1.421293333E+9	2.418371000E-5
1.421296667E+9	2.461896000E-5
1.421300000E+9	2.541122000E-5
1.421303333E+9	2.461066000E-5
1.421306667E+9	2.493350000E-5
1.421310000E+9	2.526707000E-5
1.421313333E+9	2.592115000E-5
1.421316667E+9	2.587622000E-5
1.421320000E+9	2.610348000E-5
1.421323333E+9	2.661129000E-5
1.421326667E+9	2.685807000E-5
1.421330000E+9	2.691557000E-5
1.421333333E+9	2.668936000E-5
1.421336667E+9	2.934049000E-5
1.421340000E+9	3.326356000E-5
1.421343333E+9	5.054277000E-5
1.421346667E+9	4.589931000E-5
1.421350000E+9	3.027046000E-5
1.421353333E+9	2.828584000E-5
1.421356667E+9	2.771088000E-5
1.421360000E+9	2.718584000E-5
1.421363333E+9	2.716922000E-5
1.421366667E+9	2.860383000E-5
1.421370000E+9	2.645814000E-5
1.421373333E+9	2.628323000E-5
1.421376667E+9	2.638350000E-5
1.421380000E+9	2.627128000E-5
1.421383333E+9	2.688279000E-5
1.421386667E+9	2.634199000E-5
1.421390000E+9	2.571078000E-5
1.421393333E+9	2.626038000E-5
1.421396667E+9	2.589052000E-5
1.421400000E+9	2.539493000E-5
