Frequency, Hz	Amplitude, Volts
1.419400000E+9	1.516720000E-5
1.419403333E+9	1.509674000E-5
1.419406667E+9	1.525377000E-5
1.419410000E+9	1.542300000E-5
1.419413333E+9	1.558537000E-5
1.419416667E+9	1.562177000E-5
1.419420000E+9	1.514031000E-5
1.419423333E+9	1.530588000E-5
1.419426667E+9	1.533363000E-5
1.419430000E+9	1.523912000E-5
1.419433333E+9	1.519905000E-5
1.419436667E+9	1.568301000E-5
1.419440000E+9	1.533506000E-5
1.419443333E+9	1.531396000E-5
1.419446667E+9	1.530998000E-5
1.419450000E+9	1.543798000E-5
1.419453333E+9	1.564197000E-5
1.419456667E+9	1.547997000E-5
1.419460000E+9	1.497540000E-5
1.419463333E+9	1.545575000E-5
1.419466667E+9	1.518916000E-5
1.419470000E+9	1.533015000E-5
1.419473333E+9	1.534499000E-5
1.419476667E+9	1.505246000E-5
1.419480000E+9	1.515801000E-5
1.419483333E+9	1.528462000E-5
1.419486667E+9	1.495972000E-5
1.419490000E+9	1.518556000E-5
1.419493333E+9	1.538596000E-5
1.419496667E+9	1.536102000E-5
1.419500000E+9	1.549484000E-5
1.419503333E+9	1.528111000E-5
1.419506667E+9	1.506514000E-5
1.419510000E+9	1.505370000E-5
1.419513333E+9	1.531512000E-5
1.419516667E+9	1.521026000E-5
1.419520000E+9	1.509249000E-5
1.419523333E+9	1.491979000E-5
1.419526667E+9	1.543274000E-5
1.419530000E+9	1.502858000E-5
1.419533333E+9	1.542653000E-5
1.419536667E+9	1.527663000E-5
1.419540000E+9	1.548563000E-5
1.419543333E+9	1.521664000E-5
1.419546667E+9	1.517709000E-5
1.419550000E+9	1.524868000E-5
1.419553333E+9	1.499254000E-5
1.419556667E+9	1.525381000E-5
1.419560000E+9	1.526466000E-5
1.419563333E+9	1.515961000E-5
1.419566667E+9	1.519622000E-5
1.419570000E+9	1.506609000E-5
1.419573333E+9	1.503842000E-5
1.419576667E+9	1.539798000E-5
1.419580000E+9	1.524441000E-5
1.419583333E+9	1.516139000E-5
1.419586667E+9	1.521938000E-5
1.419590000E+9	1.566929000E-5
1.419593333E+9	1.532752000E-5
1.419596667E+9	1.512129000E-5
1.419600000E+9	1.485128000E-5
1.419603333E+9	1.556300000E-5
1.419606667E+9	1.512069000E-5
1.419610000E+9	1.517759000E-5
1.419613333E+9	1.524949000E-5
1.419616667E+9	1.514721000E-5
1.419620000E+9	1.501509000E-5
1.419623333E+9	1.512353000E-5
1.419626667E+9	1.469229000E-5
1.419630000E+9	1.515891000E-5
1.419633333E+9	1.521951000E-5
1.419636667E+9	1.533707000E-5
1.419640000E+9	1.516996000E-5
1.419643333E+9	1.502266000E-5
1.419646667E+9	1.519660000E-5
1.419650000E+9	1.505759000E-5
1.419653333E+9	1.532088000E-5
1.419656667E+9	1.511911000E-5
1.419660000E+9	1.504750000E-5
1.419663333E+9	1.512655000E-5
1.419666667E+9	1.511098000E-5
1.419670000E+9	1.517421000E-5
1.419673333E+9	1.528281000E-5
1.419676667E+9	1.529543000E-5
1.419680000E+9	1.521081000E-5
1.419683333E+9	1.509901000E-5
1.419686667E+9	1.550842000E-5
1.419690000E+9	1.533328000E-5
1.419693333E+9	1.508984000E-5
1.419696667E+9	1.562158000E-5
1.419700000E+9	1.520124000E-5
1.419703333E+9	1.535882000E-5
1.419706667E+9	1.531674000E-5
1.419710000E+9	1.510259000E-5
1.419713333E+9	1.526609000E-5
1.419716667E+9	1.564519000E-5
1.419720000E+9	1.524766000E-5
1.419723333E+9	1.528976000E-5
1.419726667E+9	1.537890000E-5
1.419730000E+9	1.492219000E-5
1.419733333E+9	1.612699000E-5
1.419736667E+9	1.498123000E-5
1.419740000E+9	1.525362000E-5
1.419743333E+9	1.572085000E-5
1.419746667E+9	1.545350000E-5
1.419750000E+9	1.573202000E-5
1.419753333E+9	1.584579000E-5
1.419756667E+9	1.529006000E-5
1.419760000E+9	1.521530000E-5
1.419763333E+9	1.508095000E-5
1.419766667E+9	1.506066000E-5
1.419770000E+9	1.540140000E-5
1.419773333E+9	1.488341000E-5
1.419776667E+9	1.527019000E-5
1.419780000E+9	1.550864000E-5
1.419783333E+9	1.563392000E-5
1.419786667E+9	1.525016000E-5
1.419790000E+9	1.569670000E-5
1.419793333E+9	1.538576000E-5
1.419796667E+9	1.505866000E-5
1.419800000E+9	1.506933000E-5
1.419803333E+9	1.506198000E-5
1.419806667E+9	1.547591000E-5
1.419810000E+9	1.496563000E-5
1.419813333E+9	1.531403000E-5
1.419816667E+9	1.527145000E-5
1.419820000E+9	1.528261000E-5
1.419823333E+9	1.538360000E-5
1.419826667E+9	1.510146000E-5
1.419830000E+9	1.520117000E-5
1.419833333E+9	1.506614000E-5
1.419836667E+9	1.535452000E-5
1.419840000E+9	1.531623000E-5
1.419843333E+9	1.544834000E-5
1.419846667E+9	1.514437000E-5
1.419850000E+9	1.524398000E-5
1.419853333E+9	1.514709000E-5
1.419856667E+9	1.516572000E-5
1.419860000E+9	1.524699000E-5
1.419863333E+9	1.566602000E-5
1.419866667E+9	1.549550000E-5
1.419870000E+9	1.558335000E-5
1.419873333E+9	1.512712000E-5
1.419876667E+9	1.525109000E-5
1.419880000E+9	1.535862000E-5
1.419883333E+9	1.555253000E-5
1.419886667E+9	1.524841000E-5
1.419890000E+9	1.547115000E-5
1.419893333E+9	1.525183000E-5
1.419896667E+9	1.526449000E-5
1.419900000E+9	1.521971000E-5
1.419903333E+9	1.557815000E-5
1.419906667E+9	1.521674000E-5
1.419910000E+9	1.508631000E-5
1.419913333E+9	1.496747000E-5
1.419916667E+9	1.524928000E-5
1.419920000E+9	1.497646000E-5
1.419923333E+9	1.516860000E-5
1.419926667E+9	1.520127000E-5
1.419930000E+9	1.545418000E-5
1.419933333E+9	1.521368000E-5
1.419936667E+9	1.513682000E-5
1.419940000E+9	1.507833000E-5
1.419943333E+9	1.530780000E-5
1.419946667E+9	1.568035000E-5
1.419950000E+9	1.533735000E-5
1.419953333E+9	1.533410000E-5
1.419956667E+9	1.515463000E-5
1.419960000E+9	1.575555000E-5
1.419963333E+9	1.530914000E-5
1.419966667E+9	1.538955000E-5
1.419970000E+9	1.507160000E-5
1.419973333E+9	1.553618000E-5
1.419976667E+9	1.558626000E-5
1.419980000E+9	1.704503000E-5
1.419983333E+9	1.543178000E-5
1.419986667E+9	1.511389000E-5
1.419990000E+9	1.511033000E-5
1.419993333E+9	1.521383000E-5
1.419996667E+9	1.538684000E-5
1.420000000E+9	1.566105000E-5
1.420003333E+9	1.595634000E-5
1.420006667E+9	1.534502000E-5
1.420010000E+9	1.498299000E-5
1.420013333E+9	1.571633000E-5
1.420016667E+9	1.529442000E-5
1.420020000E+9	1.547788000E-5
1.420023333E+9	1.529620000E-5
1.420026667E+9	1.537499000E-5
1.420030000E+9	1.532879000E-5
1.420033333E+9	1.550828000E-5
1.420036667E+9	1.552227000E-5
1.420040000E+9	1.546453000E-5
1.420043333E+9	1.532385000E-5
1.420046667E+9	1.503644000E-5
1.420050000E+9	1.561546000E-5
1.420053333E+9	1.521042000E-5
1.420056667E+9	1.535221000E-5
1.420060000E+9	1.553396000E-5
1.420063333E+9	1.506035000E-5
1.420066667E+9	1.501865000E-5
1.420070000E+9	1.517858000E-5
1.420073333E+9	1.502512000E-5
1.420076667E+9	1.534510000E-5
1.420080000E+9	1.549553000E-5
1.420083333E+9	1.506681000E-5
1.420086667E+9	1.512645000E-5
1.420090000E+9	1.557755000E-5
1.420093333E+9	1.516333000E-5
1.420096667E+9	1.524070000E-5
1.420100000E+9	1.503116000E-5
1.420103333E+9	1.491840000E-5
1.420106667E+9	1.490295000E-5
1.420110000E+9	1.549894000E-5
1.420113333E+9	1.529978000E-5
1.420116667E+9	1.534045000E-5
1.420120000E+9	1.502365000E-5
1.420123333E+9	1.526134000E-5
1.420126667E+9	1.532648000E-5
1.420130000E+9	1.495169000E-5
1.420133333E+9	1.508078000E-5
1.420136667E+9	1.522051000E-5
1.420140000E+9	1.505697000E-5
1.420143333E+9	1.510531000E-5
1.420146667E+9	1.521333000E-5
1.420150000E+9	1.517703000E-5
1.420153333E+9	1.539037000E-5
1.420156667E+9	1.526795000E-5
1.420160000E+9	1.520627000E-5
1.420163333E+9	1.519921000E-5
1.420166667E+9	1.506744000E-5
1.420170000E+9	1.513871000E-5
1.420173333E+9	1.506390000E-5
1.420176667E+9	1.523335000E-5
1.420180000E+9	1.539144000E-5
1.420183333E+9	1.551900000E-5
1.420186667E+9	1.544799000E-5
1.420190000E+9	1.517564000E-5
1.420193333E+9	1.510730000E-5
1.420196667E+9	1.524535000E-5
1.420200000E+9	1.549621000E-5
1.420203333E+9	1.532789000E-5
1.420206667E+9	1.556486000E-5
1.420210000E+9	1.517794000E-5
1.420213333E+9	1.515688000E-5
1.420216667E+9	1.505054000E-5
1.420220000E+9	1.545131000E-5
1.420223333E+9	1.512157000E-5
1.420226667E+9	1.534839000E-5
1.420230000E+9	1.512863000E-5
1.420233333E+9	1.507449000E-5
1.420236667E+9	1.519597000E-5
1.420240000E+9	1.514026000E-5
1.420243333E+9	1.516696000E-5
1.420246667E+9	1.547037000E-5
1.420250000E+9	1.542283000E-5
1.420253333E+9	1.539889000E-5
1.420256667E+9	1.529681000E-5
1.420260000E+9	1.506883000E-5
1.420263333E+9	1.517974000E-5
1.420266667E+9	1.550806000E-5
1.420270000E+9	1.538090000E-5
1.420273333E+9	1.529981000E-5
1.420276667E+9	1.534532000E-5
1.420280000E+9	1.524719000E-5
1.420283333E+9	1.536086000E-5
1.420286667E+9	1.527684000E-5
1.420290000E+9	1.502459000E-5
1.420293333E+9	1.531597000E-5
1.420296667E+9	1.593801000E-5
1.420300000E+9	1.526805000E-5
1.420303333E+9	1.564201000E-5
1.420306667E+9	1.552994000E-5
1.420310000E+9	1.547292000E-5
1.420313333E+9	1.558391000E-5
1.420316667E+9	1.525124000E-5
1.420320000E+9	1.540378000E-5
1.420323333E+9	1.521530000E-5
1.420326667E+9	1.531230000E-5
1.420330000E+9	1.556497000E-5
1.420333333E+9	1.575944000E-5
1.420336667E+9	1.516656000E-5
1.420340000E+9	1.514282000E-5
1.420343333E+9	1.529236000E-5
1.420346667E+9	1.514982000E-5
1.420350000E+9	1.545907000E-5
1.420353333E+9	1.518153000E-5
1.420356667E+9	1.514535000E-5
1.420360000E+9	1.538759000E-5
1.420363333E+9	1.543296000E-5
1.420366667E+9	1.541302000E-5
1.420370000E+9	1.541134000E-5
1.420373333E+9	1.523493000E-5
1.420376667E+9	1.556473000E-5
1.420380000E+9	1.577782000E-5
1.420383333E+9	1.536992000E-5
1.420386667E+9	1.596836000E-5
1.420390000E+9	1.563382000E-5
1.420393333E+9	1.574804000E-5
1.420396667E+9	1.542991000E-5
1.420400000E+9	1.573610000E-5
1.420403333E+9	1.618683000E-5
1.420406667E+9	1.582639000E-5
1.420410000E+9	1.627081000E-5
1.420413333E+9	1.628879000E-5
1.420416667E+9	1.624629000E-5
1.420420000E+9	1.619758000E-5
1.420423333E+9	1.646095000E-5
1.420426667E+9	1.657190000E-5
1.420430000E+9	1.666702000E-5
1.420433333E+9	1.676729000E-5
1.420436667E+9	1.665314000E-5
1.420440000E+9	1.690434000E-5
1.420443333E+9	1.737357000E-5
1.420446667E+9	1.712844000E-5
1.420450000E+9	1.705842000E-5
1.420453333E+9	1.743017000E-5
1.420456667E+9	1.746749000E-5
1.420460000E+9	1.684777000E-5
1.420463333E+9	1.772505000E-5
1.420466667E+9	1.701977000E-5
1.420470000E+9	1.719585000E-5
1.420473333E+9	1.716813000E-5
1.420476667E+9	1.714933000E-5
1.420480000E+9	1.697455000E-5
1.420483333E+9	1.709172000E-5
1.420486667E+9	1.696397000E-5
1.420490000E+9	1.709994000E-5
1.420493333E+9	1.677849000E-5
1.420496667E+9	1.772241000E-5
1.420500000E+9	1.738132000E-5
1.420503333E+9	1.691661000E-5
1.420506667E+9	1.651037000E-5
1.420510000E+9	1.674023000E-5
1.420513333E+9	1.670795000E-5
1.420516667E+9	1.715990000E-5
1.420520000E+9	1.679347000E-5
1.420523333E+9	1.703798000E-5
1.420526667E+9	1.675835000E-5
1.420530000E+9	1.671783000E-5
1.420533333E+9	1.712429000E-5
1.420536667E+9	1.643377000E-5
1.420540000E+9	1.629630000E-5
1.420543333E+9	1.650638000E-5
1.420546667E+9	1.617295000E-5
1.420550000E+9	1.695592000E-5
1.420553333E+9	1.657716000E-5
1.420556667E+9	1.655411000E-5
1.420560000E+9	1.615936000E-5
1.420563333E+9	1.639402000E-5
1.420566667E+9	1.623952000E-5
1.420570000E+9	1.620762000E-5
1.420573333E+9	1.597131000E-5
1.420576667E+9	1.595937000E-5
1.420580000E+9	1.590906000E-5
1.420583333E+9	1.615581000E-5
1.420586667E+9	1.622243000E-5
1.420590000E+9	1.722566000E-5
1.420593333E+9	1.650571000E-5
1.420596667E+9	1.589339000E-5
1.420600000E+9	1.597959000E-5
1.420603333E+9	1.610864000E-5
1.420606667E+9	1.613048000E-5
1.420610000E+9	1.641480000E-5
1.420613333E+9	1.631807000E-5
1.420616667E+9	1.635044000E-5
1.420620000E+9	1.628096000E-5
1.420623333E+9	1.622036000E-5
1.420626667E+9	1.633055000E-5
1.420630000E+9	1.622239000E-5
1.420633333E+9	1.608800000E-5
1.420636667E+9	1.632044000E-5
1.420640000E+9	1.625188000E-5
1.420643333E+9	1.673325000E-5
1.420646667E+9	1.752004000E-5
1.420650000E+9	1.663512000E-5
1.420653333E+9	1.617027000E-5
1.420656667E+9	1.632703000E-5
1.420660000E+9	1.641264000E-5
1.420663333E+9	1.643700000E-5
1.420666667E+9	1.626796000E-5
1.420670000E+9	1.623326000E-5
1.420673333E+9	1.638545000E-5
1.420676667E+9	1.645427000E-5
1.420680000E+9	1.617675000E-5
1.420683333E+9	1.654953000E-5
1.420686667E+9	1.633270000E-5
1.420690000E+9	1.608332000E-5
1.420693333E+9	1.635283000E-5
1.420696667E+9	1.650402000E-5
1.420700000E+9	1.620456000E-5
1.420703333E+9	1.637757000E-5
1.420706667E+9	1.634364000E-5
1.420710000E+9	1.655635000E-5
1.420713333E+9	1.627386000E-5
1.420716667E+9	1.618286000E-5
1.420720000E+9	1.632497000E-5
1.420723333E+9	1.644468000E-5
1.420726667E+9	1.597189000E-5
1.420730000E+9	1.642497000E-5
1.420733333E+9	1.586809000E-5
1.420736667E+9	1.626427000E-5
1.420740000E+9	1.622038000E-5
1.420743333E+9	1.640585000E-5
1.420746667E+9	1.604865000E-5
1.420750000E+9	1.613852000E-5
1.420753333E+9	1.610577000E-5
1.420756667E+9	1.643381000E-5
1.420760000E+9	1.673864000E-5
1.420763333E+9	1.613897000E-5
1.420766667E+9	1.633663000E-5
1.420770000E+9	1.614747000E-5
1.420773333E+9	1.612913000E-5
1.420776667E+9	1.631610000E-5
1.420780000E+9	1.624640000E-5
1.420783333E+9	1.638506000E-5
1.420786667E+9	1.622850000E-5
1.420790000E+9	1.617906000E-5
1.420793333E+9	1.668348000E-5
1.420796667E+9	1.752846000E-5
1.420800000E+9	1.604501000E-5
1.420803333E+9	1.615356000E-5
1.420806667E+9	1.614792000E-5
1.420810000E+9	1.618860000E-5
1.420813333E+9	1.594026000E-5
1.420816667E+9	1.612814000E-5
1.420820000E+9	1.630394000E-5
1.420823333E+9	1.610868000E-5
1.420826667E+9	1.614207000E-5
1.420830000E+9	1.590465000E-5
1.420833333E+9	1.585540000E-5
1.420836667E+9	1.603391000E-5
1.420840000E+9	1.610144000E-5
1.420843333E+9	1.623415000E-5
1.420846667E+9	1.593444000E-5
1.420850000E+9	1.624687000E-5
1.420853333E+9	1.567230000E-5
1.420856667E+9	1.583362000E-5
1.420860000E+9	1.602560000E-5
1.420863333E+9	1.600385000E-5
1.420866667E+9	1.575371000E-5
1.420870000E+9	1.628196000E-5
1.420873333E+9	1.617975000E-5
1.420876667E+9	1.588345000E-5
1.420880000E+9	1.591763000E-5
1.420883333E+9	1.727624000E-5
1.420886667E+9	1.733855000E-5
1.420890000E+9	1.579854000E-5
1.420893333E+9	1.573084000E-5
1.420896667E+9	1.637491000E-5
1.420900000E+9	1.621126000E-5
1.420903333E+9	1.599765000E-5
1.420906667E+9	1.674827000E-5
1.420910000E+9	1.640161000E-5
1.420913333E+9	1.679982000E-5
1.420916667E+9	1.629385000E-5
1.420920000E+9	1.622583000E-5
1.420923333E+9	1.591339000E-5
1.420926667E+9	1.590338000E-5
1.420930000E+9	1.592309000E-5
1.420933333E+9	1.563837000E-5
1.420936667E+9	1.552907000E-5
1.420940000E+9	1.577003000E-5
1.420943333E+9	1.646844000E-5
1.420946667E+9	1.616250000E-5
1.420950000E+9	1.562740000E-5
1.420953333E+9	1.551613000E-5
1.420956667E+9	1.547290000E-5
1.420960000E+9	1.541622000E-5
1.420963333E+9	1.543471000E-5
1.420966667E+9	1.561548000E-5
1.420970000E+9	1.534615000E-5
1.420973333E+9	1.540781000E-5
1.420976667E+9	1.546973000E-5
1.420980000E+9	1.535253000E-5
1.420983333E+9	1.582137000E-5
1.420986667E+9	1.540632000E-5
1.420990000E+9	1.554896000E-5
1.420993333E+9	1.540085000E-5
1.420996667E+9	1.560895000E-5
1.421000000E+9	1.553614000E-5
1.421003333E+9	1.529835000E-5
1.421006667E+9	1.505954000E-5
1.421010000E+9	1.519333000E-5
1.421013333E+9	1.499351000E-5
1.421016667E+9	1.515483000E-5
1.421020000E+9	1.566738000E-5
1.421023333E+9	1.518659000E-5
1.421026667E+9	1.520635000E-5
1.421030000E+9	1.534470000E-5
1.421033333E+9	1.535660000E-5
1.421036667E+9	1.508506000E-5
1.421040000E+9	1.539419000E-5
1.421043333E+9	1.528289000E-5
1.421046667E+9	1.520134000E-5
1.421050000E+9	1.494588000E-5
1.421053333E+9	1.553874000E-5
1.421056667E+9	1.576896000E-5
1.421060000E+9	1.561092000E-5
1.421063333E+9	1.516633000E-5
1.421066667E+9	1.528608000E-5
1.421070000E+9	1.517803000E-5
1.421073333E+9	1.510501000E-5
1.421076667E+9	1.507039000E-5
1.421080000E+9	1.495566000E-5
1.421083333E+9	1.517253000E-5
1.421086667E+9	1.506101000E-5
1.421090000E+9	1.533054000E-5
1.421093333E+9	1.585698000E-5
1.421096667E+9	1.546278000E-5
1.421100000E+9	1.512685000E-5
1.421103333E+9	1.503863000E-5
1.421106667E+9	1.535847000E-5
1.421110000E+9	1.512908000E-5
1.421113333E+9	1.511911000E-5
1.421116667E+9	1.532222000E-5
1.421120000E+9	1.522339000E-5
1.421123333E+9	1.536341000E-5
1.421126667E+9	1.530154000E-5
1.421130000E+9	1.532966000E-5
1.421133333E+9	1.543563000E-5
1.421136667E+9	1.510949000E-5
1.421140000E+9	1.528945000E-5
1.421143333E+9	1.520625000E-5
1.421146667E+9	1.537193000E-5
1.421150000E+9	1.534980000E-5
1.421153333E+9	1.560384000E-5
1.421156667E+9	1.551312000E-5
1.421160000E+9	1.521998000E-5
1.421163333E+9	1.545404000E-5
1.421166667E+9	1.533956000E-5
1.421170000E+9	1.521243000E-5
1.421173333E+9	1.496583000E-5
1.421176667E+9	1.583141000E-5
1.421180000E+9	1.619399000E-5
1.421183333E+9	1.497734000E-5
1.421186667E+9	1.551743000E-5
1.421190000E+9	1.520181000E-5
1.421193333E+9	1.494755000E-5
1.421196667E+9	1.536149000E-5
1.421200000E+9	1.542526000E-5
1.421203333E+9	1.539355000E-5
1.421206667E+9	1.570327000E-5
1.421210000E+9	1.544861000E-5
1.421213333E+9	1.521787000E-5
1.421216667E+9	1.529400000E-5
1.421220000E+9	1.506814000E-5
1.421223333E+9	1.512378000E-5
1.421226667E+9	1.517626000E-5
1.421230000E+9	1.492913000E-5
1.421233333E+9	1.504483000E-5
1.421236667E+9	1.498201000E-5
1.421240000E+9	1.493699000E-5
1.421243333E+9	1.572237000E-5
1.421246667E+9	1.536102000E-5
1.421250000E+9	1.502413000E-5
1.421253333E+9	1.514766000E-5
1.421256667E+9	1.471688000E-5
1.421260000E+9	1.513790000E-5
1.421263333E+9	1.534414000E-5
1.421266667E+9	1.515202000E-5
1.421270000E+9	1.516030000E-5
1.421273333E+9	1.506271000E-5
1.421276667E+9	1.530237000E-5
1.421280000E+9	1.547856000E-5
1.421283333E+9	1.518843000E-5
1.421286667E+9	1.536554000E-5
1.421290000E+9	1.512438000E-5
1.421293333E+9	1.514997000E-5
1.421296667E+9	1.526414000E-5
1.421300000E+9	1.529333000E-5
1.421303333E+9	1.508048000E-5
1.421306667E+9	1.506635000E-5
1.421310000E+9	1.489279000E-5
1.421313333E+9	1.489837000E-5
1.421316667E+9	1.500221000E-5
1.421320000E+9	1.522994000E-5
1.421323333E+9	1.499506000E-5
1.421326667E+9	1.481722000E-5
1.421330000E+9	1.505545000E-5
1.421333333E+9	1.525618000E-5
1.421336667E+9	1.491760000E-5
1.421340000E+9	1.492417000E-5
1.421343333E+9	1.506508000E-5
1.421346667E+9	1.541682000E-5
1.421350000E+9	1.517058000E-5
1.421353333E+9	1.563015000E-5
1.421356667E+9	1.562884000E-5
1.421360000E+9	1.498948000E-5
1.421363333E+9	1.504385000E-5
1.421366667E+9	1.530556000E-5
1.421370000E+9	1.489228000E-5
1.421373333E+9	1.548427000E-5
1.421376667E+9	1.513265000E-5
1.421380000E+9	1.510994000E-5
1.421383333E+9	1.511062000E-5
1.421386667E+9	1.533451000E-5
1.421390000E+9	1.529374000E-5
1.421393333E+9	1.525339000E-5
1.421396667E+9	1.491585000E-5
1.421400000E+9	1.506900000E-5
