Frequency, Hz	Amplitude, Volts
1.419400000E+9	1.487426000E-5
1.419403333E+9	1.507798000E-5
1.419406667E+9	1.502452000E-5
1.419410000E+9	1.491611000E-5
1.419413333E+9	1.529221000E-5
1.419416667E+9	1.535737000E-5
1.419420000E+9	1.500209000E-5
1.419423333E+9	1.489274000E-5
1.419426667E+9	1.492999000E-5
1.419430000E+9	1.527266000E-5
1.419433333E+9	1.511334000E-5
1.419436667E+9	1.470492000E-5
1.419440000E+9	1.475323000E-5
1.419443333E+9	1.502372000E-5
1.419446667E+9	1.506174000E-5
1.419450000E+9	1.614730000E-5
1.419453333E+9	1.576430000E-5
1.419456667E+9	1.506397000E-5
1.419460000E+9	1.483438000E-5
1.419463333E+9	1.510209000E-5
1.419466667E+9	1.482531000E-5
1.419470000E+9	1.480178000E-5
1.419473333E+9	1.492867000E-5
1.419476667E+9	1.504934000E-5
1.419480000E+9	1.534561000E-5
1.419483333E+9	1.520815000E-5
1.419486667E+9	1.501357000E-5
1.419490000E+9	1.516021000E-5
1.419493333E+9	1.507971000E-5
1.419496667E+9	1.488662000E-5
1.419500000E+9	1.529016000E-5
1.419503333E+9	1.520021000E-5
1.419506667E+9	1.485183000E-5
1.419510000E+9	1.494760000E-5
1.419513333E+9	1.467910000E-5
1.419516667E+9	1.518739000E-5
1.419520000E+9	1.481025000E-5
1.419523333E+9	1.519303000E-5
1.419526667E+9	1.480436000E-5
1.419530000E+9	1.475023000E-5
1.419533333E+9	1.468171000E-5
1.419536667E+9	1.511900000E-5
1.419540000E+9	1.504671000E-5
1.419543333E+9	1.471150000E-5
1.419546667E+9	1.497281000E-5
1.419550000E+9	1.495044000E-5
1.419553333E+9	1.505939000E-5
1.419556667E+9	1.497347000E-5
1.419560000E+9	1.478083000E-5
1.419563333E+9	1.498604000E-5
1.419566667E+9	1.514535000E-5
1.419570000E+9	1.514706000E-5
1.419573333E+9	1.526795000E-5
1.419576667E+9	1.482603000E-5
1.419580000E+9	1.503023000E-5
1.419583333E+9	1.494657000E-5
1.419586667E+9	1.501179000E-5
1.419590000E+9	1.516307000E-5
1.419593333E+9	1.507679000E-5
1.419596667E+9	1.496399000E-5
1.419600000E+9	1.500827000E-5
1.419603333E+9	1.510644000E-5
1.419606667E+9	1.485665000E-5
1.419610000E+9	1.487182000E-5
1.419613333E+9	1.474687000E-5
1.419616667E+9	1.487738000E-5
1.419620000E+9	1.475759000E-5
1.419623333E+9	1.490673000E-5
1.419626667E+9	1.498347000E-5
1.419630000E+9	1.504722000E-5
1.419633333E+9	1.458275000E-5
1.419636667E+9	1.483179000E-5
1.419640000E+9	1.504481000E-5
1.419643333E+9	1.514896000E-5
1.419646667E+9	1.496954000E-5
1.419650000E+9	1.504582000E-5
1.419653333E+9	1.480530000E-5
1.419656667E+9	1.471573000E-5
1.419660000E+9	1.473866000E-5
1.419663333E+9	1.457828000E-5
1.419666667E+9	1.511048000E-5
1.419670000E+9	1.506895000E-5
1.419673333E+9	1.474130000E-5
1.419676667E+9	1.482866000E-5
1.419680000E+9	1.504149000E-5
1.419683333E+9	1.481259000E-5
1.419686667E+9	1.517426000E-5
1.419690000E+9	1.463382000E-5
1.419693333E+9	1.494383000E-5
1.419696667E+9	1.461270000E-5
1.419700000E+9	1.483604000E-5
1.419703333E+9	1.484034000E-5
1.419706667E+9	1.538488000E-5
1.419710000E+9	1.535972000E-5
1.419713333E+9	1.535087000E-5
1.419716667E+9	1.544826000E-5
1.419720000E+9	1.509674000E-5
1.419723333E+9	1.481691000E-5
1.419726667E+9	1.501605000E-5
1.419730000E+9	1.504043000E-5
1.419733333E+9	1.611168000E-5
1.419736667E+9	1.495113000E-5
1.419740000E+9	1.540273000E-5
1.419743333E+9	1.598227000E-5
1.419746667E+9	1.517369000E-5
1.419750000E+9	1.555704000E-5
1.419753333E+9	1.540187000E-5
1.419756667E+9	1.456603000E-5
1.419760000E+9	1.475090000E-5
1.419763333E+9	1.488921000E-5
1.419766667E+9	1.496949000E-5
1.419770000E+9	1.527286000E-5
1.419773333E+9	1.503040000E-5
1.419776667E+9	1.479767000E-5
1.419780000E+9	1.509705000E-5
1.419783333E+9	1.516114000E-5
1.419786667E+9	1.484608000E-5
1.419790000E+9	1.523912000E-5
1.419793333E+9	1.469734000E-5
1.419796667E+9	1.477296000E-5
1.419800000E+9	1.479656000E-5
1.419803333E+9	1.500548000E-5
1.419806667E+9	1.474360000E-5
1.419810000E+9	1.467436000E-5
1.419813333E+9	1.491624000E-5
1.419816667E+9	1.507914000E-5
1.419820000E+9	1.508178000E-5
1.419823333E+9	1.522503000E-5
1.419826667E+9	1.492297000E-5
1.419830000E+9	1.485857000E-5
1.419833333E+9	1.464819000E-5
1.419836667E+9	1.470460000E-5
1.419840000E+9	1.480553000E-5
1.419843333E+9	1.454105000E-5
1.419846667E+9	1.467697000E-5
1.419850000E+9	1.459824000E-5
1.419853333E+9	1.468331000E-5
1.419856667E+9	1.500711000E-5
1.419860000E+9	1.481138000E-5
1.419863333E+9	1.497444000E-5
1.419866667E+9	1.490759000E-5
1.419870000E+9	1.507558000E-5
1.419873333E+9	1.485309000E-5
1.419876667E+9	1.474690000E-5
1.419880000E+9	1.476211000E-5
1.419883333E+9	1.498025000E-5
1.419886667E+9	1.511706000E-5
1.419890000E+9	1.516538000E-5
1.419893333E+9	1.481901000E-5
1.419896667E+9	1.465409000E-5
1.419900000E+9	1.504043000E-5
1.419903333E+9	1.498087000E-5
1.419906667E+9	1.483559000E-5
1.419910000E+9	1.494632000E-5
1.419913333E+9	1.490412000E-5
1.419916667E+9	1.465679000E-5
1.419920000E+9	1.490764000E-5
1.419923333E+9	1.505894000E-5
1.419926667E+9	1.475506000E-5
1.419930000E+9	1.474259000E-5
1.419933333E+9	1.472918000E-5
1.419936667E+9	1.486110000E-5
1.419940000E+9	1.474711000E-5
1.419943333E+9	1.500525000E-5
1.419946667E+9	1.469573000E-5
1.419950000E+9	1.492581000E-5
1.419953333E+9	1.493446000E-5
1.419956667E+9	1.482077000E-5
1.419960000E+9	1.506208000E-5
1.419963333E+9	1.476015000E-5
1.419966667E+9	1.533840000E-5
1.419970000E+9	1.512914000E-5
1.419973333E+9	1.483366000E-5
1.419976667E+9	1.489115000E-5
1.419980000E+9	1.497295000E-5
1.419983333E+9	1.527118000E-5
1.419986667E+9	1.483935000E-5
1.419990000E+9	1.476657000E-5
1.419993333E+9	1.486347000E-5
1.419996667E+9	1.487062000E-5
1.420000000E+9	1.555448000E-5
1.420003333E+9	1.656047000E-5
1.420006667E+9	1.490288000E-5
1.420010000E+9	1.497966000E-5
1.420013333E+9	1.482722000E-5
1.420016667E+9	1.489591000E-5
1.420020000E+9	1.470355000E-5
1.420023333E+9	1.507112000E-5
1.420026667E+9	1.485157000E-5
1.420030000E+9	1.485061000E-5
1.420033333E+9	1.518436000E-5
1.420036667E+9	1.522254000E-5
1.420040000E+9	1.520416000E-5
1.420043333E+9	1.476038000E-5
1.420046667E+9	1.507337000E-5
1.420050000E+9	1.543071000E-5
1.420053333E+9	1.501979000E-5
1.420056667E+9	1.516160000E-5
1.420060000E+9	1.475819000E-5
1.420063333E+9	1.482862000E-5
1.420066667E+9	1.478417000E-5
1.420070000E+9	1.511779000E-5
1.420073333E+9	1.484853000E-5
1.420076667E+9	1.479078000E-5
1.420080000E+9	1.494220000E-5
1.420083333E+9	1.500776000E-5
1.420086667E+9	1.521732000E-5
1.420090000E+9	1.487125000E-5
1.420093333E+9	1.443815000E-5
1.420096667E+9	1.497711000E-5
1.420100000E+9	1.490583000E-5
1.420103333E+9	1.476393000E-5
1.420106667E+9	1.492351000E-5
1.420110000E+9	1.473683000E-5
1.420113333E+9	1.495911000E-5
1.420116667E+9	1.487450000E-5
1.420120000E+9	1.475174000E-5
1.420123333E+9	1.505086000E-5
1.420126667E+9	1.498123000E-5
1.420130000E+9	1.512018000E-5
1.420133333E+9	1.494055000E-5
1.420136667E+9	1.485960000E-5
1.420140000E+9	1.488270000E-5
1.420143333E+9	1.469421000E-5
1.420146667E+9	1.489370000E-5
1.420150000E+9	1.487060000E-5
1.420153333E+9	1.485126000E-5
1.420156667E+9	1.486613000E-5
1.420160000E+9	1.496314000E-5
1.420163333E+9	1.505547000E-5
1.420166667E+9	1.505035000E-5
1.420170000E+9	1.495711000E-5
1.420173333E+9	1.478755000E-5
1.420176667E+9	1.484632000E-5
1.420180000E+9	1.492846000E-5
1.420183333E+9	1.502855000E-5
1.420186667E+9	1.471780000E-5
1.420190000E+9	1.494270000E-5
1.420193333E+9	1.467501000E-5
1.420196667E+9	1.485614000E-5
1.420200000E+9	1.482333000E-5
1.420203333E+9	1.468829000E-5
1.420206667E+9	1.477119000E-5
1.420210000E+9	1.478573000E-5
1.420213333E+9	1.497160000E-5
1.420216667E+9	1.469126000E-5
1.420220000E+9	1.488654000E-5
1.420223333E+9	1.447183000E-5
1.420226667E+9	1.488345000E-5
1.420230000E+9	1.508057000E-5
1.420233333E+9	1.474928000E-5
1.420236667E+9	1.493243000E-5
1.420240000E+9	1.488797000E-5
1.420243333E+9	1.490925000E-5
1.420246667E+9	1.472729000E-5
1.420250000E+9	1.460188000E-5
1.420253333E+9	1.476098000E-5
1.420256667E+9	1.504448000E-5
1.420260000E+9	1.488898000E-5
1.420263333E+9	1.511719000E-5
1.420266667E+9	1.502144000E-5
1.420270000E+9	1.489254000E-5
1.420273333E+9	1.527118000E-5
1.420276667E+9	1.492048000E-5
1.420280000E+9	1.492733000E-5
1.420283333E+9	1.506296000E-5
1.420286667E+9	1.500304000E-5
1.420290000E+9	1.489155000E-5
1.420293333E+9	1.507130000E-5
1.420296667E+9	1.661258000E-5
1.420300000E+9	1.549756000E-5
1.420303333E+9	1.521273000E-5
1.420306667E+9	1.489169000E-5
1.420310000E+9	1.514595000E-5
1.420313333E+9	1.533858000E-5
1.420316667E+9	1.509669000E-5
1.420320000E+9	1.510549000E-5
1.420323333E+9	1.487189000E-5
1.420326667E+9	1.534259000E-5
1.420330000E+9	1.521460000E-5
1.420333333E+9	1.505297000E-5
1.420336667E+9	1.482025000E-5
1.420340000E+9	1.499251000E-5
1.420343333E+9	1.503307000E-5
1.420346667E+9	1.539069000E-5
1.420350000E+9	1.488414000E-5
1.420353333E+9	1.483005000E-5
1.420356667E+9	1.513695000E-5
1.420360000E+9	1.514455000E-5
1.420363333E+9	1.533614000E-5
1.420366667E+9	1.522172000E-5
1.420370000E+9	1.528266000E-5
1.420373333E+9	1.539118000E-5
1.420376667E+9	1.524232000E-5
1.420380000E+9	1.517628000E-5
1.420383333E+9	1.519900000E-5
1.420386667E+9	1.562908000E-5
1.420390000E+9	1.548222000E-5
1.420393333E+9	1.541185000E-5
1.420396667E+9	1.560086000E-5
1.420400000E+9	1.564029000E-5
1.420403333E+9	1.615143000E-5
1.420406667E+9	1.625543000E-5
1.420410000E+9	1.601086000E-5
1.420413333E+9	1.623513000E-5
1.420416667E+9	1.631900000E-5
1.420420000E+9	1.639915000E-5
1.420423333E+9	1.677018000E-5
1.420426667E+9	1.677387000E-5
1.420430000E+9	1.685432000E-5
1.420433333E+9	1.701646000E-5
1.420436667E+9	1.691023000E-5
1.420440000E+9	1.696702000E-5
1.420443333E+9	1.657708000E-5
1.420446667E+9	1.682553000E-5
1.420450000E+9	1.679270000E-5
1.420453333E+9	1.709703000E-5
1.420456667E+9	1.703040000E-5
1.420460000E+9	1.708515000E-5
1.420463333E+9	1.705659000E-5
1.420466667E+9	1.714843000E-5
1.420470000E+9	1.685551000E-5
1.420473333E+9	1.676733000E-5
1.420476667E+9	1.678872000E-5
1.420480000E+9	1.683464000E-5
1.420483333E+9	1.698001000E-5
1.420486667E+9	1.680203000E-5
1.420490000E+9	1.660191000E-5
1.420493333E+9	1.671680000E-5
1.420496667E+9	1.673077000E-5
1.420500000E+9	1.623340000E-5
1.420503333E+9	1.634055000E-5
1.420506667E+9	1.632737000E-5
1.420510000E+9	1.638858000E-5
1.420513333E+9	1.637436000E-5
1.420516667E+9	1.649391000E-5
1.420520000E+9	1.665405000E-5
1.420523333E+9	1.637633000E-5
1.420526667E+9	1.619040000E-5
1.420530000E+9	1.614972000E-5
1.420533333E+9	1.620110000E-5
1.420536667E+9	1.606619000E-5
1.420540000E+9	1.604834000E-5
1.420543333E+9	1.639146000E-5
1.420546667E+9	1.597913000E-5
1.420550000E+9	1.618391000E-5
1.420553333E+9	1.614029000E-5
1.420556667E+9	1.592704000E-5
1.420560000E+9	1.579046000E-5
1.420563333E+9	1.625993000E-5
1.420566667E+9	1.581215000E-5
1.420570000E+9	1.568692000E-5
1.420573333E+9	1.607329000E-5
1.420576667E+9	1.575987000E-5
1.420580000E+9	1.560237000E-5
1.420583333E+9	1.567139000E-5
1.420586667E+9	1.557789000E-5
1.420590000E+9	1.760451000E-5
1.420593333E+9	1.620997000E-5
1.420596667E+9	1.562044000E-5
1.420600000E+9	1.550646000E-5
1.420603333E+9	1.564129000E-5
1.420606667E+9	1.564883000E-5
1.420610000E+9	1.623925000E-5
1.420613333E+9	1.594040000E-5
1.420616667E+9	1.554055000E-5
1.420620000E+9	1.622392000E-5
1.420623333E+9	1.642741000E-5
1.420626667E+9	1.614081000E-5
1.420630000E+9	1.603326000E-5
1.420633333E+9	1.587317000E-5
1.420636667E+9	1.606418000E-5
1.420640000E+9	1.619155000E-5
1.420643333E+9	1.587447000E-5
1.420646667E+9	1.662540000E-5
1.420650000E+9	1.579996000E-5
1.420653333E+9	1.631085000E-5
1.420656667E+9	1.610263000E-5
1.420660000E+9	1.586956000E-5
1.420663333E+9	1.582875000E-5
1.420666667E+9	1.573796000E-5
1.420670000E+9	1.594842000E-5
1.420673333E+9	1.571234000E-5
1.420676667E+9	1.595567000E-5
1.420680000E+9	1.576906000E-5
1.420683333E+9	1.600540000E-5
1.420686667E+9	1.568330000E-5
1.420690000E+9	1.606127000E-5
1.420693333E+9	1.555262000E-5
1.420696667E+9	1.582611000E-5
1.420700000E+9	1.588652000E-5
1.420703333E+9	1.570373000E-5
1.420706667E+9	1.588010000E-5
1.420710000E+9	1.572040000E-5
1.420713333E+9	1.588905000E-5
1.420716667E+9	1.572288000E-5
1.420720000E+9	1.581590000E-5
1.420723333E+9	1.605588000E-5
1.420726667E+9	1.566167000E-5
1.420730000E+9	1.553920000E-5
1.420733333E+9	1.567738000E-5
1.420736667E+9	1.571452000E-5
1.420740000E+9	1.569681000E-5
1.420743333E+9	1.583254000E-5
1.420746667E+9	1.552193000E-5
1.420750000E+9	1.539321000E-5
1.420753333E+9	1.565730000E-5
1.420756667E+9	1.599149000E-5
1.420760000E+9	1.632547000E-5
1.420763333E+9	1.571584000E-5
1.420766667E+9	1.576041000E-5
1.420770000E+9	1.572225000E-5
1.420773333E+9	1.573155000E-5
1.420776667E+9	1.593463000E-5
1.420780000E+9	1.617764000E-5
1.420783333E+9	1.572913000E-5
1.420786667E+9	1.580914000E-5
1.420790000E+9	1.598676000E-5
1.420793333E+9	1.593724000E-5
1.420796667E+9	1.665680000E-5
1.420800000E+9	1.637042000E-5
1.420803333E+9	1.621645000E-5
1.420806667E+9	1.598787000E-5
1.420810000E+9	1.598620000E-5
1.420813333E+9	1.600006000E-5
1.420816667E+9	1.577786000E-5
1.420820000E+9	1.602481000E-5
1.420823333E+9	1.627683000E-5
1.420826667E+9	1.564931000E-5
1.420830000E+9	1.590977000E-5
1.420833333E+9	1.607904000E-5
1.420836667E+9	1.592468000E-5
1.420840000E+9	1.588160000E-5
1.420843333E+9	1.554273000E-5
1.420846667E+9	1.576029000E-5
1.420850000E+9	1.542212000E-5
1.420853333E+9	1.565299000E-5
1.420856667E+9	1.577178000E-5
1.420860000E+9	1.523001000E-5
1.420863333E+9	1.544256000E-5
1.420866667E+9	1.553052000E-5
1.420870000E+9	1.569500000E-5
1.420873333E+9	1.538600000E-5
1.420876667E+9	1.537612000E-5
1.420880000E+9	1.540222000E-5
1.420883333E+9	2.033114000E-5
1.420886667E+9	1.926733000E-5
1.420890000E+9	1.539930000E-5
1.420893333E+9	1.500369000E-5
1.420896667E+9	1.564127000E-5
1.420900000E+9	1.570148000E-5
1.420903333E+9	1.597820000E-5
1.420906667E+9	1.654628000E-5
1.420910000E+9	1.585249000E-5
1.420913333E+9	1.680310000E-5
1.420916667E+9	1.642888000E-5
1.420920000E+9	1.538412000E-5
1.420923333E+9	1.546609000E-5
1.420926667E+9	1.553014000E-5
1.420930000E+9	1.522229000E-5
1.420933333E+9	1.532826000E-5
1.420936667E+9	1.551785000E-5
1.420940000E+9	1.524753000E-5
1.420943333E+9	1.575240000E-5
1.420946667E+9	1.548839000E-5
1.420950000E+9	1.537998000E-5
1.420953333E+9	1.486644000E-5
1.420956667E+9	1.523235000E-5
1.420960000E+9	1.508835000E-5
1.420963333E+9	1.518886000E-5
1.420966667E+9	1.551031000E-5
1.420970000E+9	1.526047000E-5
1.420973333E+9	1.520131000E-5
1.420976667E+9	1.511573000E-5
1.420980000E+9	1.534121000E-5
1.420983333E+9	1.517869000E-5
1.420986667E+9	1.507390000E-5
1.420990000E+9	1.547297000E-5
1.420993333E+9	1.526855000E-5
1.420996667E+9	1.484807000E-5
1.421000000E+9	1.492749000E-5
1.421003333E+9	1.509178000E-5
1.421006667E+9	1.493672000E-5
1.421010000E+9	1.510019000E-5
1.421013333E+9	1.492512000E-5
1.421016667E+9	1.515694000E-5
1.421020000E+9	1.547156000E-5
1.421023333E+9	1.476967000E-5
1.421026667E+9	1.469961000E-5
1.421030000E+9	1.468503000E-5
1.421033333E+9	1.479463000E-5
1.421036667E+9	1.496698000E-5
1.421040000E+9	1.487661000E-5
1.421043333E+9	1.477189000E-5
1.421046667E+9	1.501448000E-5
1.421050000E+9	1.547934000E-5
1.421053333E+9	1.521356000E-5
1.421056667E+9	1.539627000E-5
1.421060000E+9	1.471479000E-5
1.421063333E+9	1.488496000E-5
1.421066667E+9	1.476619000E-5
1.421070000E+9	1.493269000E-5
1.421073333E+9	1.449256000E-5
1.421076667E+9	1.502802000E-5
1.421080000E+9	1.472055000E-5
1.421083333E+9	1.497785000E-5
1.421086667E+9	1.476550000E-5
1.421090000E+9	1.499132000E-5
1.421093333E+9	1.591985000E-5
1.421096667E+9	1.535033000E-5
1.421100000E+9	1.478787000E-5
1.421103333E+9	1.507815000E-5
1.421106667E+9	1.500076000E-5
1.421110000E+9	1.485192000E-5
1.421113333E+9	1.497309000E-5
1.421116667E+9	1.462869000E-5
1.421120000E+9	1.494665000E-5
1.421123333E+9	1.510123000E-5
1.421126667E+9	1.503819000E-5
1.421130000E+9	1.490920000E-5
1.421133333E+9	1.525923000E-5
1.421136667E+9	1.480308000E-5
1.421140000E+9	1.484334000E-5
1.421143333E+9	1.478195000E-5
1.421146667E+9	1.453438000E-5
1.421150000E+9	1.472456000E-5
1.421153333E+9	1.481212000E-5
1.421156667E+9	1.483963000E-5
1.421160000E+9	1.482422000E-5
1.421163333E+9	1.480997000E-5
1.421166667E+9	1.501994000E-5
1.421170000E+9	1.499580000E-5
1.421173333E+9	1.488934000E-5
1.421176667E+9	1.670601000E-5
1.421180000E+9	1.921973000E-5
1.421183333E+9	1.477864000E-5
1.421186667E+9	1.477849000E-5
1.421190000E+9	1.494870000E-5
1.421193333E+9	1.472055000E-5
1.421196667E+9	1.492443000E-5
1.421200000E+9	1.524458000E-5
1.421203333E+9	1.514187000E-5
1.421206667E+9	1.535717000E-5
1.421210000E+9	1.507535000E-5
1.421213333E+9	1.473756000E-5
1.421216667E+9	1.504749000E-5
1.421220000E+9	1.524617000E-5
1.421223333E+9	1.491048000E-5
1.421226667E+9	1.500262000E-5
1.421230000E+9	1.485824000E-5
1.421233333E+9	1.476414000E-5
1.421236667E+9	1.489699000E-5
1.421240000E+9	1.496414000E-5
1.421243333E+9	1.577879000E-5
1.421246667E+9	1.485882000E-5
1.421250000E+9	1.504636000E-5
1.421253333E+9	1.486125000E-5
1.421256667E+9	1.470780000E-5
1.421260000E+9	1.482585000E-5
1.421263333E+9	1.499065000E-5
1.421266667E+9	1.487993000E-5
1.421270000E+9	1.502413000E-5
1.421273333E+9	1.496415000E-5
1.421276667E+9	1.478967000E-5
1.421280000E+9	1.506326000E-5
1.421283333E+9	1.498795000E-5
1.421286667E+9	1.478391000E-5
1.421290000E+9	1.464602000E-5
1.421293333E+9	1.498091000E-5
1.421296667E+9	1.498237000E-5
1.421300000E+9	1.486040000E-5
1.421303333E+9	1.487640000E-5
1.421306667E+9	1.482124000E-5
1.421310000E+9	1.508062000E-5
1.421313333E+9	1.503915000E-5
1.421316667E+9	1.522003000E-5
1.421320000E+9	1.522473000E-5
1.421323333E+9	1.491074000E-5
1.421326667E+9	1.476410000E-5
1.421330000E+9	1.463475000E-5
1.421333333E+9	1.522702000E-5
1.421336667E+9	1.491377000E-5
1.421340000E+9	1.461747000E-5
1.421343333E+9	1.495279000E-5
1.421346667E+9	1.487845000E-5
1.421350000E+9	1.469648000E-5
1.421353333E+9	1.504351000E-5
1.421356667E+9	1.505489000E-5
1.421360000E+9	1.521530000E-5
1.421363333E+9	1.473618000E-5
1.421366667E+9	1.506529000E-5
1.421370000E+9	1.467808000E-5
1.421373333E+9	1.484601000E-5
1.421376667E+9	1.495189000E-5
1.421380000E+9	1.522605000E-5
1.421383333E+9	1.498535000E-5
1.421386667E+9	1.514197000E-5
1.421390000E+9	1.542289000E-5
1.421393333E+9	1.480358000E-5
1.421396667E+9	1.505087000E-5
1.421400000E+9	1.506741000E-5
