Frequency, Hz	Amplitude, Volts
1.419400000E+9	2.855883000E-5
1.419403333E+9	2.829885000E-5
1.419406667E+9	2.771173000E-5
1.419410000E+9	2.796607000E-5
1.419413333E+9	3.030624000E-5
1.419416667E+9	2.849484000E-5
1.419420000E+9	2.830529000E-5
1.419423333E+9	2.800798000E-5
1.419426667E+9	2.743249000E-5
1.419430000E+9	3.034657000E-5
1.419433333E+9	2.908594000E-5
1.419436667E+9	2.880102000E-5
1.419440000E+9	3.108828000E-5
1.419443333E+9	2.888446000E-5
1.419446667E+9	3.217590000E-5
1.419450000E+9	4.430701000E-5
1.419453333E+9	2.977823000E-5
1.419456667E+9	2.797261000E-5
1.419460000E+9	2.812836000E-5
1.419463333E+9	2.828277000E-5
1.419466667E+9	2.826703000E-5
1.419470000E+9	2.760717000E-5
1.419473333E+9	2.832733000E-5
1.419476667E+9	2.876287000E-5
1.419480000E+9	2.836901000E-5
1.419483333E+9	2.866133000E-5
1.419486667E+9	2.798825000E-5
1.419490000E+9	2.831210000E-5
1.419493333E+9	2.847323000E-5
1.419496667E+9	2.871936000E-5
1.419500000E+9	2.840816000E-5
1.419503333E+9	2.831576000E-5
1.419506667E+9	2.841324000E-5
1.419510000E+9	2.804959000E-5
1.419513333E+9	2.844973000E-5
1.419516667E+9	2.849096000E-5
1.419520000E+9	2.856501000E-5
1.419523333E+9	2.781586000E-5
1.419526667E+9	2.867927000E-5
1.419530000E+9	2.742765000E-5
1.419533333E+9	2.867537000E-5
1.419536667E+9	2.893293000E-5
1.419540000E+9	2.816049000E-5
1.419543333E+9	2.812030000E-5
1.419546667E+9	2.894977000E-5
1.419550000E+9	2.823018000E-5
1.419553333E+9	2.831014000E-5
1.419556667E+9	2.805384000E-5
1.419560000E+9	2.784767000E-5
1.419563333E+9	2.795379000E-5
1.419566667E+9	2.745166000E-5
1.419570000E+9	2.811601000E-5
1.419573333E+9	2.804596000E-5
1.419576667E+9	2.844830000E-5
1.419580000E+9	2.839864000E-5
1.419583333E+9	2.848768000E-5
1.419586667E+9	2.767691000E-5
1.419590000E+9	2.744759000E-5
1.419593333E+9	2.862570000E-5
1.419596667E+9	2.824689000E-5
1.419600000E+9	2.774482000E-5
1.419603333E+9	2.884310000E-5
1.419606667E+9	2.802863000E-5
1.419610000E+9	2.817528000E-5
1.419613333E+9	2.768679000E-5
1.419616667E+9	2.780185000E-5
1.419620000E+9	2.820363000E-5
1.419623333E+9	2.885872000E-5
1.419626667E+9	2.828245000E-5
1.419630000E+9	2.940754000E-5
1.419633333E+9	2.837795000E-5
1.419636667E+9	2.847345000E-5
1.419640000E+9	2.826606000E-5
1.419643333E+9	2.869065000E-5
1.419646667E+9	2.757878000E-5
1.419650000E+9	2.843999000E-5
1.419653333E+9	2.847183000E-5
1.419656667E+9	2.845308000E-5
1.419660000E+9	2.764111000E-5
1.419663333E+9	2.749567000E-5
1.419666667E+9	2.785171000E-5
1.419670000E+9	2.865658000E-5
1.419673333E+9	2.893878000E-5
1.419676667E+9	2.836433000E-5
1.419680000E+9	2.841689000E-5
1.419683333E+9	2.808534000E-5
1.419686667E+9	2.743120000E-5
1.419690000E+9	2.737214000E-5
1.419693333E+9	2.752883000E-5
1.419696667E+9	2.792593000E-5
1.419700000E+9	2.727898000E-5
1.419703333E+9	2.722728000E-5
1.419706667E+9	3.018957000E-5
1.419710000E+9	2.899434000E-5
1.419713333E+9	2.757100000E-5
1.419716667E+9	2.734315000E-5
1.419720000E+9	2.904589000E-5
1.419723333E+9	3.952031000E-5
1.419726667E+9	3.022961000E-5
1.419730000E+9	3.014708000E-5
1.419733333E+9	4.195674000E-5
1.419736667E+9	2.967848000E-5
1.419740000E+9	3.306446000E-5
1.419743333E+9	4.372601000E-5
1.419746667E+9	2.900172000E-5
1.419750000E+9	2.804590000E-5
1.419753333E+9	2.918472000E-5
1.419756667E+9	2.895470000E-5
1.419760000E+9	2.808670000E-5
1.419763333E+9	2.788880000E-5
1.419766667E+9	2.852042000E-5
1.419770000E+9	2.863614000E-5
1.419773333E+9	2.814056000E-5
1.419776667E+9	2.819843000E-5
1.419780000E+9	2.823799000E-5
1.419783333E+9	2.815988000E-5
1.419786667E+9	2.810607000E-5
1.419790000E+9	2.839833000E-5
1.419793333E+9	2.865425000E-5
1.419796667E+9	2.834656000E-5
1.419800000E+9	2.801623000E-5
1.419803333E+9	2.721786000E-5
1.419806667E+9	2.766488000E-5
1.419810000E+9	2.801087000E-5
1.419813333E+9	2.769828000E-5
1.419816667E+9	2.846557000E-5
1.419820000E+9	2.848289000E-5
1.419823333E+9	2.800641000E-5
1.419826667E+9	2.742515000E-5
1.419830000E+9	2.761705000E-5
1.419833333E+9	2.743761000E-5
1.419836667E+9	2.854808000E-5
1.419840000E+9	2.773307000E-5
1.419843333E+9	2.722321000E-5
1.419846667E+9	2.667272000E-5
1.419850000E+9	2.796217000E-5
1.419853333E+9	2.770272000E-5
1.419856667E+9	2.729720000E-5
1.419860000E+9	2.754314000E-5
1.419863333E+9	2.809400000E-5
1.419866667E+9	3.334841000E-5
1.419870000E+9	5.499238000E-5
1.419873333E+9	3.157937000E-5
1.419876667E+9	2.703745000E-5
1.419880000E+9	2.748082000E-5
1.419883333E+9	2.768114000E-5
1.419886667E+9	2.771718000E-5
1.419890000E+9	2.789860000E-5
1.419893333E+9	2.812317000E-5
1.419896667E+9	2.752681000E-5
1.419900000E+9	2.748682000E-5
1.419903333E+9	2.763559000E-5
1.419906667E+9	2.773709000E-5
1.419910000E+9	2.782335000E-5
1.419913333E+9	2.867515000E-5
1.419916667E+9	2.804485000E-5
1.419920000E+9	2.835306000E-5
1.419923333E+9	2.777119000E-5
1.419926667E+9	2.761053000E-5
1.419930000E+9	2.798708000E-5
1.419933333E+9	2.695266000E-5
1.419936667E+9	2.769850000E-5
1.419940000E+9	2.749005000E-5
1.419943333E+9	2.722686000E-5
1.419946667E+9	2.747744000E-5
1.419950000E+9	2.753576000E-5
1.419953333E+9	2.701544000E-5
1.419956667E+9	2.755974000E-5
1.419960000E+9	2.769853000E-5
1.419963333E+9	2.790301000E-5
1.419966667E+9	2.781406000E-5
1.419970000E+9	2.753794000E-5
1.419973333E+9	2.741548000E-5
1.419976667E+9	2.738044000E-5
1.419980000E+9	2.759202000E-5
1.419983333E+9	2.722196000E-5
1.419986667E+9	2.757364000E-5
1.419990000E+9	2.789468000E-5
1.419993333E+9	2.706695000E-5
1.419996667E+9	2.780469000E-5
1.420000000E+9	3.553219000E-5
1.420003333E+9	4.113451000E-5
1.420006667E+9	2.838957000E-5
1.420010000E+9	2.726916000E-5
1.420013333E+9	2.691436000E-5
1.420016667E+9	2.820174000E-5
1.420020000E+9	2.783841000E-5
1.420023333E+9	2.845864000E-5
1.420026667E+9	3.019885000E-5
1.420030000E+9	2.749857000E-5
1.420033333E+9	3.252644000E-5
1.420036667E+9	3.606061000E-5
1.420040000E+9	2.855510000E-5
1.420043333E+9	2.800700000E-5
1.420046667E+9	2.707090000E-5
1.420050000E+9	2.820917000E-5
1.420053333E+9	2.812181000E-5
1.420056667E+9	2.720140000E-5
1.420060000E+9	2.756731000E-5
1.420063333E+9	2.701858000E-5
1.420066667E+9	2.725815000E-5
1.420070000E+9	2.775744000E-5
1.420073333E+9	2.777915000E-5
1.420076667E+9	2.728737000E-5
1.420080000E+9	2.714328000E-5
1.420083333E+9	2.761778000E-5
1.420086667E+9	2.754365000E-5
1.420090000E+9	2.679456000E-5
1.420093333E+9	2.712377000E-5
1.420096667E+9	2.791327000E-5
1.420100000E+9	2.843403000E-5
1.420103333E+9	2.758187000E-5
1.420106667E+9	2.734439000E-5
1.420110000E+9	2.745087000E-5
1.420113333E+9	2.743903000E-5
1.420116667E+9	2.714299000E-5
1.420120000E+9	2.648043000E-5
1.420123333E+9	2.686948000E-5
1.420126667E+9	2.709900000E-5
1.420130000E+9	2.730907000E-5
1.420133333E+9	2.783765000E-5
1.420136667E+9	2.782041000E-5
1.420140000E+9	2.722420000E-5
1.420143333E+9	2.728896000E-5
1.420146667E+9	2.722635000E-5
1.420150000E+9	2.709264000E-5
1.420153333E+9	2.687349000E-5
1.420156667E+9	2.692178000E-5
1.420160000E+9	2.982820000E-5
1.420163333E+9	3.598013000E-5
1.420166667E+9	2.801247000E-5
1.420170000E+9	2.691294000E-5
1.420173333E+9	2.688211000E-5
1.420176667E+9	2.691998000E-5
1.420180000E+9	2.712892000E-5
1.420183333E+9	2.684055000E-5
1.420186667E+9	2.721688000E-5
1.420190000E+9	2.746016000E-5
1.420193333E+9	2.754807000E-5
1.420196667E+9	2.769537000E-5
1.420200000E+9	2.929915000E-5
1.420203333E+9	2.904426000E-5
1.420206667E+9	2.716910000E-5
1.420210000E+9	2.665709000E-5
1.420213333E+9	2.760802000E-5
1.420216667E+9	2.742509000E-5
1.420220000E+9	2.708071000E-5
1.420223333E+9	2.700242000E-5
1.420226667E+9	2.689439000E-5
1.420230000E+9	2.722513000E-5
1.420233333E+9	2.745350000E-5
1.420236667E+9	2.785315000E-5
1.420240000E+9	2.679536000E-5
1.420243333E+9	2.676419000E-5
1.420246667E+9	2.685936000E-5
1.420250000E+9	2.753077000E-5
1.420253333E+9	2.679859000E-5
1.420256667E+9	2.745726000E-5
1.420260000E+9	2.782212000E-5
1.420263333E+9	2.754652000E-5
1.420266667E+9	2.669842000E-5
1.420270000E+9	2.670583000E-5
1.420273333E+9	2.710058000E-5
1.420276667E+9	2.714185000E-5
1.420280000E+9	2.751566000E-5
1.420283333E+9	2.767813000E-5
1.420286667E+9	2.685237000E-5
1.420290000E+9	2.735348000E-5
1.420293333E+9	2.781528000E-5
1.420296667E+9	3.144623000E-5
1.420300000E+9	2.750914000E-5
1.420303333E+9	2.717131000E-5
1.420306667E+9	3.485112000E-5
1.420310000E+9	4.847941000E-5
1.420313333E+9	2.834559000E-5
1.420316667E+9	2.753189000E-5
1.420320000E+9	2.863004000E-5
1.420323333E+9	2.707269000E-5
1.420326667E+9	3.178652000E-5
1.420330000E+9	3.413124000E-5
1.420333333E+9	2.772984000E-5
1.420336667E+9	2.718984000E-5
1.420340000E+9	2.656257000E-5
1.420343333E+9	2.783985000E-5
1.420346667E+9	2.691767000E-5
1.420350000E+9	2.684471000E-5
1.420353333E+9	2.781159000E-5
1.420356667E+9	2.695177000E-5
1.420360000E+9	2.645259000E-5
1.420363333E+9	2.675855000E-5
1.420366667E+9	2.683086000E-5
1.420370000E+9	2.747943000E-5
1.420373333E+9	2.682762000E-5
1.420376667E+9	2.765431000E-5
1.420380000E+9	2.724701000E-5
1.420383333E+9	2.720155000E-5
1.420386667E+9	2.683245000E-5
1.420390000E+9	2.708606000E-5
1.420393333E+9	2.816928000E-5
1.420396667E+9	2.755563000E-5
1.420400000E+9	2.724905000E-5
1.420403333E+9	2.678418000E-5
1.420406667E+9	2.692151000E-5
1.420410000E+9	2.658285000E-5
1.420413333E+9	2.722261000E-5
1.420416667E+9	2.789321000E-5
1.420420000E+9	2.734204000E-5
1.420423333E+9	2.703647000E-5
1.420426667E+9	2.769153000E-5
1.420430000E+9	2.701093000E-5
1.420433333E+9	2.768506000E-5
1.420436667E+9	2.654587000E-5
1.420440000E+9	2.733139000E-5
1.420443333E+9	2.770765000E-5
1.420446667E+9	2.706264000E-5
1.420450000E+9	2.718916000E-5
1.420453333E+9	2.788999000E-5
1.420456667E+9	3.092965000E-5
1.420460000E+9	2.715264000E-5
1.420463333E+9	2.710927000E-5
1.420466667E+9	2.698908000E-5
1.420470000E+9	2.723036000E-5
1.420473333E+9	2.655170000E-5
1.420476667E+9	2.759226000E-5
1.420480000E+9	2.708535000E-5
1.420483333E+9	2.699779000E-5
1.420486667E+9	2.744485000E-5
1.420490000E+9	2.742605000E-5
1.420493333E+9	2.668371000E-5
1.420496667E+9	2.682073000E-5
1.420500000E+9	2.714418000E-5
1.420503333E+9	2.686550000E-5
1.420506667E+9	2.702119000E-5
1.420510000E+9	2.668371000E-5
1.420513333E+9	2.753543000E-5
1.420516667E+9	2.751980000E-5
1.420520000E+9	2.757291000E-5
1.420523333E+9	2.745084000E-5
1.420526667E+9	2.699501000E-5
1.420530000E+9	2.656771000E-5
1.420533333E+9	2.680383000E-5
1.420536667E+9	2.708678000E-5
1.420540000E+9	2.697320000E-5
1.420543333E+9	2.670648000E-5
1.420546667E+9	2.703069000E-5
1.420550000E+9	2.726069000E-5
1.420553333E+9	2.744726000E-5
1.420556667E+9	2.676099000E-5
1.420560000E+9	2.656234000E-5
1.420563333E+9	2.722157000E-5
1.420566667E+9	2.682091000E-5
1.420570000E+9	2.639184000E-5
1.420573333E+9	2.679812000E-5
1.420576667E+9	2.698487000E-5
1.420580000E+9	2.753896000E-5
1.420583333E+9	2.713863000E-5
1.420586667E+9	2.785807000E-5
1.420590000E+9	3.196459000E-5
1.420593333E+9	2.810264000E-5
1.420596667E+9	2.623888000E-5
1.420600000E+9	3.883876000E-5
1.420603333E+9	5.352910000E-5
1.420606667E+9	2.824153000E-5
1.420610000E+9	2.848070000E-5
1.420613333E+9	2.945210000E-5
1.420616667E+9	2.688503000E-5
1.420620000E+9	3.603476000E-5
1.420623333E+9	3.540932000E-5
1.420626667E+9	2.793489000E-5
1.420630000E+9	2.722115000E-5
1.420633333E+9	2.621259000E-5
1.420636667E+9	2.806635000E-5
1.420640000E+9	2.683345000E-5
1.420643333E+9	2.689705000E-5
1.420646667E+9	2.675902000E-5
1.420650000E+9	2.626410000E-5
1.420653333E+9	2.704862000E-5
1.420656667E+9	2.689097000E-5
1.420660000E+9	2.704327000E-5
1.420663333E+9	2.746055000E-5
1.420666667E+9	2.719525000E-5
1.420670000E+9	2.698982000E-5
1.420673333E+9	2.730265000E-5
1.420676667E+9	2.646409000E-5
1.420680000E+9	2.695209000E-5
1.420683333E+9	2.667840000E-5
1.420686667E+9	2.660925000E-5
1.420690000E+9	2.656756000E-5
1.420693333E+9	2.618920000E-5
1.420696667E+9	2.678777000E-5
1.420700000E+9	2.746797000E-5
1.420703333E+9	2.682768000E-5
1.420706667E+9	2.681702000E-5
1.420710000E+9	2.677930000E-5
1.420713333E+9	2.749989000E-5
1.420716667E+9	2.687432000E-5
1.420720000E+9	2.724034000E-5
1.420723333E+9	2.665510000E-5
1.420726667E+9	2.688925000E-5
1.420730000E+9	2.641996000E-5
1.420733333E+9	2.672824000E-5
1.420736667E+9	2.731255000E-5
1.420740000E+9	2.711805000E-5
1.420743333E+9	2.693056000E-5
1.420746667E+9	2.940883000E-5
1.420750000E+9	3.223916000E-5
1.420753333E+9	2.695269000E-5
1.420756667E+9	2.635478000E-5
1.420760000E+9	2.664924000E-5
1.420763333E+9	2.682244000E-5
1.420766667E+9	2.694635000E-5
1.420770000E+9	2.689271000E-5
1.420773333E+9	2.667477000E-5
1.420776667E+9	2.647380000E-5
1.420780000E+9	2.696713000E-5
1.420783333E+9	2.659905000E-5
1.420786667E+9	2.694292000E-5
1.420790000E+9	2.726332000E-5
1.420793333E+9	2.707789000E-5
1.420796667E+9	2.737476000E-5
1.420800000E+9	2.714907000E-5
1.420803333E+9	2.733307000E-5
1.420806667E+9	2.699397000E-5
1.420810000E+9	2.649357000E-5
1.420813333E+9	2.629266000E-5
1.420816667E+9	2.682388000E-5
1.420820000E+9	2.668883000E-5
1.420823333E+9	2.670188000E-5
1.420826667E+9	2.743508000E-5
1.420830000E+9	2.674407000E-5
1.420833333E+9	2.639972000E-5
1.420836667E+9	2.645163000E-5
1.420840000E+9	2.692825000E-5
1.420843333E+9	2.662403000E-5
1.420846667E+9	2.622687000E-5
1.420850000E+9	2.652332000E-5
1.420853333E+9	2.621489000E-5
1.420856667E+9	2.635978000E-5
1.420860000E+9	2.627595000E-5
1.420863333E+9	2.685061000E-5
1.420866667E+9	2.693281000E-5
1.420870000E+9	2.674624000E-5
1.420873333E+9	2.752146000E-5
1.420876667E+9	2.668573000E-5
1.420880000E+9	2.697539000E-5
1.420883333E+9	4.296773000E-5
1.420886667E+9	3.707664000E-5
1.420890000E+9	2.734925000E-5
1.420893333E+9	2.794866000E-5
1.420896667E+9	2.780002000E-5
1.420900000E+9	2.720690000E-5
1.420903333E+9	3.268683000E-5
1.420906667E+9	3.260199000E-5
1.420910000E+9	2.777375000E-5
1.420913333E+9	4.752314000E-5
1.420916667E+9	4.120937000E-5
1.420920000E+9	2.992562000E-5
1.420923333E+9	2.675564000E-5
1.420926667E+9	2.604125000E-5
1.420930000E+9	2.793507000E-5
1.420933333E+9	2.656132000E-5
1.420936667E+9	2.657932000E-5
1.420940000E+9	2.667539000E-5
1.420943333E+9	2.646429000E-5
1.420946667E+9	2.691853000E-5
1.420950000E+9	2.629119000E-5
1.420953333E+9	2.608222000E-5
1.420956667E+9	2.692364000E-5
1.420960000E+9	2.679247000E-5
1.420963333E+9	2.636670000E-5
1.420966667E+9	2.722157000E-5
1.420970000E+9	2.679500000E-5
1.420973333E+9	2.662152000E-5
1.420976667E+9	2.706442000E-5
1.420980000E+9	2.716914000E-5
1.420983333E+9	3.020008000E-5
1.420986667E+9	2.781266000E-5
1.420990000E+9	2.649811000E-5
1.420993333E+9	2.694765000E-5
1.420996667E+9	2.685526000E-5
1.421000000E+9	2.675364000E-5
1.421003333E+9	2.717740000E-5
1.421006667E+9	2.693003000E-5
1.421010000E+9	2.686765000E-5
1.421013333E+9	2.645268000E-5
1.421016667E+9	2.705126000E-5
1.421020000E+9	2.582363000E-5
1.421023333E+9	2.615687000E-5
1.421026667E+9	2.699024000E-5
1.421030000E+9	2.657013000E-5
1.421033333E+9	2.714775000E-5
1.421036667E+9	2.610202000E-5
1.421040000E+9	3.507662000E-5
1.421043333E+9	3.600079000E-5
1.421046667E+9	2.663207000E-5
1.421050000E+9	2.576088000E-5
1.421053333E+9	2.652148000E-5
1.421056667E+9	2.617592000E-5
1.421060000E+9	2.579269000E-5
1.421063333E+9	2.629832000E-5
1.421066667E+9	2.645160000E-5
1.421070000E+9	2.690759000E-5
1.421073333E+9	2.722656000E-5
1.421076667E+9	2.617716000E-5
1.421080000E+9	2.677571000E-5
1.421083333E+9	2.699154000E-5
1.421086667E+9	2.621207000E-5
1.421090000E+9	2.615644000E-5
1.421093333E+9	2.580801000E-5
1.421096667E+9	2.655272000E-5
1.421100000E+9	2.639616000E-5
1.421103333E+9	2.623908000E-5
1.421106667E+9	2.689743000E-5
1.421110000E+9	2.674615000E-5
1.421113333E+9	2.694168000E-5
1.421116667E+9	2.671100000E-5
1.421120000E+9	2.687393000E-5
1.421123333E+9	2.685435000E-5
1.421126667E+9	2.660966000E-5
1.421130000E+9	2.664377000E-5
1.421133333E+9	2.685146000E-5
1.421136667E+9	2.686054000E-5
1.421140000E+9	2.686514000E-5
1.421143333E+9	2.634670000E-5
1.421146667E+9	2.669598000E-5
1.421150000E+9	2.663865000E-5
1.421153333E+9	2.608681000E-5
1.421156667E+9	2.640343000E-5
1.421160000E+9	2.669080000E-5
1.421163333E+9	2.638144000E-5
1.421166667E+9	2.674407000E-5
1.421170000E+9	2.657593000E-5
1.421173333E+9	2.677339000E-5
1.421176667E+9	3.438827000E-5
1.421180000E+9	3.938961000E-5
1.421183333E+9	2.695192000E-5
1.421186667E+9	2.825641000E-5
1.421190000E+9	2.826665000E-5
1.421193333E+9	2.708467000E-5
1.421196667E+9	2.797823000E-5
1.421200000E+9	2.828044000E-5
1.421203333E+9	2.650486000E-5
1.421206667E+9	3.450874000E-5
1.421210000E+9	3.136045000E-5
1.421213333E+9	2.787961000E-5
1.421216667E+9	2.661369000E-5
1.421220000E+9	2.653328000E-5
1.421223333E+9	2.643334000E-5
1.421226667E+9	2.599246000E-5
1.421230000E+9	2.640590000E-5
1.421233333E+9	2.675458000E-5
1.421236667E+9	2.687037000E-5
1.421240000E+9	2.581436000E-5
1.421243333E+9	2.597662000E-5
1.421246667E+9	2.668555000E-5
1.421250000E+9	2.599260000E-5
1.421253333E+9	2.580317000E-5
1.421256667E+9	2.613554000E-5
1.421260000E+9	2.677871000E-5
1.421263333E+9	2.704553000E-5
1.421266667E+9	2.690928000E-5
1.421270000E+9	2.644190000E-5
1.421273333E+9	2.672132000E-5
1.421276667E+9	2.675106000E-5
1.421280000E+9	2.569119000E-5
1.421283333E+9	2.661699000E-5
1.421286667E+9	2.647990000E-5
1.421290000E+9	2.585055000E-5
1.421293333E+9	2.630159000E-5
1.421296667E+9	2.656456000E-5
1.421300000E+9	2.759287000E-5
1.421303333E+9	2.596810000E-5
1.421306667E+9	2.674101000E-5
1.421310000E+9	2.622601000E-5
1.421313333E+9	2.633910000E-5
1.421316667E+9	2.624470000E-5
1.421320000E+9	2.628799000E-5
1.421323333E+9	2.675699000E-5
1.421326667E+9	2.591623000E-5
1.421330000E+9	2.581581000E-5
1.421333333E+9	3.137891000E-5
1.421336667E+9	3.041304000E-5
1.421340000E+9	2.656167000E-5
1.421343333E+9	2.600128000E-5
1.421346667E+9	2.619294000E-5
1.421350000E+9	2.623479000E-5
1.421353333E+9	2.704408000E-5
1.421356667E+9	2.771496000E-5
1.421360000E+9	2.690813000E-5
1.421363333E+9	2.789186000E-5
1.421366667E+9	2.987097000E-5
1.421370000E+9	2.637272000E-5
1.421373333E+9	2.629997000E-5
1.421376667E+9	2.609176000E-5
1.421380000E+9	2.636577000E-5
1.421383333E+9	2.658075000E-5
1.421386667E+9	2.643790000E-5
1.421390000E+9	2.668719000E-5
1.421393333E+9	2.590616000E-5
1.421396667E+9	2.677921000E-5
1.421400000E+9	2.706300000E-5
