Frequency, Hz	Amplitude, Volts
1.419400000E+9	1.470631000E-5
1.419403333E+9	1.486227000E-5
1.419406667E+9	1.480673000E-5
1.419410000E+9	1.486451000E-5
1.419413333E+9	1.610792000E-5
1.419416667E+9	1.544358000E-5
1.419420000E+9	1.466339000E-5
1.419423333E+9	1.488576000E-5
1.419426667E+9	1.487924000E-5
1.419430000E+9	1.470452000E-5
1.419433333E+9	1.491419000E-5
1.419436667E+9	1.496307000E-5
1.419440000E+9	1.482411000E-5
1.419443333E+9	1.510571000E-5
1.419446667E+9	1.470786000E-5
1.419450000E+9	1.503865000E-5
1.419453333E+9	1.504374000E-5
1.419456667E+9	1.481724000E-5
1.419460000E+9	1.479879000E-5
1.419463333E+9	1.448429000E-5
1.419466667E+9	1.482691000E-5
1.419470000E+9	1.491924000E-5
1.419473333E+9	1.471318000E-5
1.419476667E+9	1.458616000E-5
1.419480000E+9	1.477698000E-5
1.419483333E+9	1.472008000E-5
1.419486667E+9	1.504015000E-5
1.419490000E+9	1.472999000E-5
1.419493333E+9	1.466267000E-5
1.419496667E+9	1.461407000E-5
1.419500000E+9	1.499425000E-5
1.419503333E+9	1.479864000E-5
1.419506667E+9	1.469721000E-5
1.419510000E+9	1.484815000E-5
1.419513333E+9	1.469150000E-5
1.419516667E+9	1.472173000E-5
1.419520000E+9	1.458297000E-5
1.419523333E+9	1.471550000E-5
1.419526667E+9	1.473335000E-5
1.419530000E+9	1.517853000E-5
1.419533333E+9	1.469842000E-5
1.419536667E+9	1.447102000E-5
1.419540000E+9	1.479586000E-5
1.419543333E+9	1.450745000E-5
1.419546667E+9	1.459673000E-5
1.419550000E+9	1.485776000E-5
1.419553333E+9	1.468142000E-5
1.419556667E+9	1.472997000E-5
1.419560000E+9	1.460986000E-5
1.419563333E+9	1.484616000E-5
1.419566667E+9	1.495441000E-5
1.419570000E+9	1.458848000E-5
1.419573333E+9	1.489774000E-5
1.419576667E+9	1.483673000E-5
1.419580000E+9	1.497510000E-5
1.419583333E+9	1.491753000E-5
1.419586667E+9	1.470633000E-5
1.419590000E+9	1.507203000E-5
1.419593333E+9	1.486729000E-5
1.419596667E+9	1.462219000E-5
1.419600000E+9	1.512484000E-5
1.419603333E+9	1.485968000E-5
1.419606667E+9	1.489477000E-5
1.419610000E+9	1.469997000E-5
1.419613333E+9	1.473675000E-5
1.419616667E+9	1.469008000E-5
1.419620000E+9	1.492214000E-5
1.419623333E+9	1.499703000E-5
1.419626667E+9	1.485586000E-5
1.419630000E+9	1.491313000E-5
1.419633333E+9	1.452863000E-5
1.419636667E+9	1.485188000E-5
1.419640000E+9	1.478764000E-5
1.419643333E+9	1.476265000E-5
1.419646667E+9	1.474908000E-5
1.419650000E+9	1.472281000E-5
1.419653333E+9	1.477980000E-5
1.419656667E+9	1.486430000E-5
1.419660000E+9	1.499308000E-5
1.419663333E+9	1.509863000E-5
1.419666667E+9	1.506561000E-5
1.419670000E+9	1.471216000E-5
1.419673333E+9	1.483937000E-5
1.419676667E+9	1.491567000E-5
1.419680000E+9	1.458126000E-5
1.419683333E+9	1.440038000E-5
1.419686667E+9	1.487439000E-5
1.419690000E+9	1.484900000E-5
1.419693333E+9	1.454253000E-5
1.419696667E+9	1.476882000E-5
1.419700000E+9	1.461285000E-5
1.419703333E+9	1.479671000E-5
1.419706667E+9	1.517279000E-5
1.419710000E+9	1.516525000E-5
1.419713333E+9	1.476491000E-5
1.419716667E+9	1.465263000E-5
1.419720000E+9	1.470675000E-5
1.419723333E+9	1.503804000E-5
1.419726667E+9	1.477124000E-5
1.419730000E+9	1.474653000E-5
1.419733333E+9	1.564364000E-5
1.419736667E+9	1.485091000E-5
1.419740000E+9	1.480314000E-5
1.419743333E+9	1.545411000E-5
1.419746667E+9	1.498321000E-5
1.419750000E+9	1.490825000E-5
1.419753333E+9	1.486647000E-5
1.419756667E+9	1.489617000E-5
1.419760000E+9	1.478901000E-5
1.419763333E+9	1.479221000E-5
1.419766667E+9	1.484644000E-5
1.419770000E+9	1.486118000E-5
1.419773333E+9	1.494560000E-5
1.419776667E+9	1.455207000E-5
1.419780000E+9	1.476363000E-5
1.419783333E+9	1.516260000E-5
1.419786667E+9	1.507244000E-5
1.419790000E+9	1.451824000E-5
1.419793333E+9	1.483034000E-5
1.419796667E+9	1.450613000E-5
1.419800000E+9	1.466114000E-5
1.419803333E+9	1.488965000E-5
1.419806667E+9	1.461177000E-5
1.419810000E+9	1.472271000E-5
1.419813333E+9	1.485011000E-5
1.419816667E+9	1.495980000E-5
1.419820000E+9	1.468576000E-5
1.419823333E+9	1.500560000E-5
1.419826667E+9	1.478560000E-5
1.419830000E+9	1.494635000E-5
1.419833333E+9	1.461639000E-5
1.419836667E+9	1.479848000E-5
1.419840000E+9	1.466183000E-5
1.419843333E+9	1.474544000E-5
1.419846667E+9	1.481794000E-5
1.419850000E+9	1.467762000E-5
1.419853333E+9	1.514264000E-5
1.419856667E+9	1.480113000E-5
1.419860000E+9	1.459654000E-5
1.419863333E+9	1.517668000E-5
1.419866667E+9	1.466570000E-5
1.419870000E+9	1.493792000E-5
1.419873333E+9	1.459848000E-5
1.419876667E+9	1.453522000E-5
1.419880000E+9	1.486136000E-5
1.419883333E+9	1.470518000E-5
1.419886667E+9	1.479040000E-5
1.419890000E+9	1.461877000E-5
1.419893333E+9	1.468790000E-5
1.419896667E+9	1.454589000E-5
1.419900000E+9	1.519729000E-5
1.419903333E+9	1.499712000E-5
1.419906667E+9	1.489810000E-5
1.419910000E+9	1.457961000E-5
1.419913333E+9	1.455840000E-5
1.419916667E+9	1.467871000E-5
1.419920000E+9	1.484960000E-5
1.419923333E+9	1.468568000E-5
1.419926667E+9	1.495399000E-5
1.419930000E+9	1.457087000E-5
1.419933333E+9	1.486211000E-5
1.419936667E+9	1.477554000E-5
1.419940000E+9	1.486242000E-5
1.419943333E+9	1.465604000E-5
1.419946667E+9	1.483399000E-5
1.419950000E+9	1.450919000E-5
1.419953333E+9	1.473529000E-5
1.419956667E+9	1.444627000E-5
1.419960000E+9	1.451978000E-5
1.419963333E+9	1.474384000E-5
1.419966667E+9	1.473085000E-5
1.419970000E+9	1.456524000E-5
1.419973333E+9	1.483427000E-5
1.419976667E+9	1.531002000E-5
1.419980000E+9	1.535262000E-5
1.419983333E+9	1.481190000E-5
1.419986667E+9	1.465424000E-5
1.419990000E+9	1.483347000E-5
1.419993333E+9	1.456986000E-5
1.419996667E+9	1.472604000E-5
1.420000000E+9	1.532623000E-5
1.420003333E+9	1.762267000E-5
1.420006667E+9	1.476814000E-5
1.420010000E+9	1.475618000E-5
1.420013333E+9	1.470258000E-5
1.420016667E+9	1.477134000E-5
1.420020000E+9	1.482075000E-5
1.420023333E+9	1.465761000E-5
1.420026667E+9	1.460725000E-5
1.420030000E+9	1.460367000E-5
1.420033333E+9	1.483476000E-5
1.420036667E+9	1.490547000E-5
1.420040000E+9	1.473094000E-5
1.420043333E+9	1.469227000E-5
1.420046667E+9	1.464214000E-5
1.420050000E+9	1.486405000E-5
1.420053333E+9	1.481649000E-5
1.420056667E+9	1.448967000E-5
1.420060000E+9	1.464708000E-5
1.420063333E+9	1.462039000E-5
1.420066667E+9	1.450694000E-5
1.420070000E+9	1.480738000E-5
1.420073333E+9	1.487911000E-5
1.420076667E+9	1.494603000E-5
1.420080000E+9	1.492585000E-5
1.420083333E+9	1.480769000E-5
1.420086667E+9	1.484474000E-5
1.420090000E+9	1.489886000E-5
1.420093333E+9	1.466354000E-5
1.420096667E+9	1.482489000E-5
1.420100000E+9	1.482774000E-5
1.420103333E+9	1.502504000E-5
1.420106667E+9	1.491829000E-5
1.420110000E+9	1.471966000E-5
1.420113333E+9	1.436696000E-5
1.420116667E+9	1.467001000E-5
1.420120000E+9	1.470518000E-5
1.420123333E+9	1.446754000E-5
1.420126667E+9	1.462805000E-5
1.420130000E+9	1.439802000E-5
1.420133333E+9	1.468257000E-5
1.420136667E+9	1.474779000E-5
1.420140000E+9	1.454760000E-5
1.420143333E+9	1.464341000E-5
1.420146667E+9	1.494475000E-5
1.420150000E+9	1.466660000E-5
1.420153333E+9	1.455439000E-5
1.420156667E+9	1.468468000E-5
1.420160000E+9	1.477534000E-5
1.420163333E+9	1.474400000E-5
1.420166667E+9	1.448316000E-5
1.420170000E+9	1.484905000E-5
1.420173333E+9	1.492253000E-5
1.420176667E+9	1.438979000E-5
1.420180000E+9	1.454362000E-5
1.420183333E+9	1.484199000E-5
1.420186667E+9	1.454300000E-5
1.420190000E+9	1.487171000E-5
1.420193333E+9	1.500578000E-5
1.420196667E+9	1.456011000E-5
1.420200000E+9	1.480235000E-5
1.420203333E+9	1.466422000E-5
1.420206667E+9	1.451208000E-5
1.420210000E+9	1.465734000E-5
1.420213333E+9	1.461257000E-5
1.420216667E+9	1.495637000E-5
1.420220000E+9	1.466772000E-5
1.420223333E+9	1.496999000E-5
1.420226667E+9	1.455608000E-5
1.420230000E+9	1.454792000E-5
1.420233333E+9	1.491802000E-5
1.420236667E+9	1.491388000E-5
1.420240000E+9	1.460348000E-5
1.420243333E+9	1.465964000E-5
1.420246667E+9	1.446854000E-5
1.420250000E+9	1.462288000E-5
1.420253333E+9	1.478178000E-5
1.420256667E+9	1.454998000E-5
1.420260000E+9	1.467860000E-5
1.420263333E+9	1.480078000E-5
1.420266667E+9	1.489001000E-5
1.420270000E+9	1.445506000E-5
1.420273333E+9	1.460040000E-5
1.420276667E+9	1.475537000E-5
1.420280000E+9	1.467878000E-5
1.420283333E+9	1.472456000E-5
1.420286667E+9	1.477059000E-5
1.420290000E+9	1.465140000E-5
1.420293333E+9	1.524071000E-5
1.420296667E+9	1.635578000E-5
1.420300000E+9	1.505068000E-5
1.420303333E+9	1.450651000E-5
1.420306667E+9	1.471210000E-5
1.420310000E+9	1.482334000E-5
1.420313333E+9	1.507626000E-5
1.420316667E+9	1.473575000E-5
1.420320000E+9	1.499152000E-5
1.420323333E+9	1.469832000E-5
1.420326667E+9	1.496322000E-5
1.420330000E+9	1.479138000E-5
1.420333333E+9	1.473588000E-5
1.420336667E+9	1.498104000E-5
1.420340000E+9	1.455616000E-5
1.420343333E+9	1.449899000E-5
1.420346667E+9	1.491873000E-5
1.420350000E+9	1.492168000E-5
1.420353333E+9	1.470278000E-5
1.420356667E+9	1.475855000E-5
1.420360000E+9	1.469531000E-5
1.420363333E+9	1.489778000E-5
1.420366667E+9	1.481589000E-5
1.420370000E+9	1.448393000E-5
1.420373333E+9	1.499555000E-5
1.420376667E+9	1.487852000E-5
1.420380000E+9	1.504625000E-5
1.420383333E+9	1.508689000E-5
1.420386667E+9	1.473439000E-5
1.420390000E+9	1.465147000E-5
1.420393333E+9	1.490399000E-5
1.420396667E+9	1.498395000E-5
1.420400000E+9	1.469970000E-5
1.420403333E+9	1.490777000E-5
1.420406667E+9	1.482137000E-5
1.420410000E+9	1.475965000E-5
1.420413333E+9	1.474203000E-5
1.420416667E+9	1.497162000E-5
1.420420000E+9	1.484667000E-5
1.420423333E+9	1.485474000E-5
1.420426667E+9	1.515368000E-5
1.420430000E+9	1.488676000E-5
1.420433333E+9	1.495443000E-5
1.420436667E+9	1.530304000E-5
1.420440000E+9	1.515856000E-5
1.420443333E+9	1.508423000E-5
1.420446667E+9	1.544741000E-5
1.420450000E+9	1.561071000E-5
1.420453333E+9	1.550453000E-5
1.420456667E+9	1.570046000E-5
1.420460000E+9	1.586435000E-5
1.420463333E+9	1.592501000E-5
1.420466667E+9	1.617878000E-5
1.420470000E+9	1.625181000E-5
1.420473333E+9	1.623387000E-5
1.420476667E+9	1.648389000E-5
1.420480000E+9	1.684078000E-5
1.420483333E+9	1.670792000E-5
1.420486667E+9	1.679091000E-5
1.420490000E+9	1.661601000E-5
1.420493333E+9	1.668526000E-5
1.420496667E+9	1.688963000E-5
1.420500000E+9	1.666753000E-5
1.420503333E+9	1.653288000E-5
1.420506667E+9	1.686211000E-5
1.420510000E+9	1.646706000E-5
1.420513333E+9	1.663494000E-5
1.420516667E+9	1.640641000E-5
1.420520000E+9	1.657142000E-5
1.420523333E+9	1.644657000E-5
1.420526667E+9	1.634095000E-5
1.420530000E+9	1.641284000E-5
1.420533333E+9	1.641260000E-5
1.420536667E+9	1.633071000E-5
1.420540000E+9	1.626600000E-5
1.420543333E+9	1.619063000E-5
1.420546667E+9	1.570430000E-5
1.420550000E+9	1.590022000E-5
1.420553333E+9	1.604937000E-5
1.420556667E+9	1.560201000E-5
1.420560000E+9	1.590059000E-5
1.420563333E+9	1.558744000E-5
1.420566667E+9	1.575088000E-5
1.420570000E+9	1.560432000E-5
1.420573333E+9	1.549182000E-5
1.420576667E+9	1.547100000E-5
1.420580000E+9	1.550060000E-5
1.420583333E+9	1.516274000E-5
1.420586667E+9	1.515195000E-5
1.420590000E+9	1.551954000E-5
1.420593333E+9	1.535107000E-5
1.420596667E+9	1.501700000E-5
1.420600000E+9	1.512252000E-5
1.420603333E+9	1.551225000E-5
1.420606667E+9	1.547795000E-5
1.420610000E+9	1.597238000E-5
1.420613333E+9	1.553639000E-5
1.420616667E+9	1.528534000E-5
1.420620000E+9	1.544809000E-5
1.420623333E+9	1.564153000E-5
1.420626667E+9	1.532057000E-5
1.420630000E+9	1.555789000E-5
1.420633333E+9	1.572665000E-5
1.420636667E+9	1.559954000E-5
1.420640000E+9	1.520708000E-5
1.420643333E+9	1.519979000E-5
1.420646667E+9	1.620909000E-5
1.420650000E+9	1.581796000E-5
1.420653333E+9	1.562498000E-5
1.420656667E+9	1.559151000E-5
1.420660000E+9	1.604834000E-5
1.420663333E+9	1.552411000E-5
1.420666667E+9	1.556946000E-5
1.420670000E+9	1.581777000E-5
1.420673333E+9	1.572375000E-5
1.420676667E+9	1.583157000E-5
1.420680000E+9	1.597803000E-5
1.420683333E+9	1.610843000E-5
1.420686667E+9	1.602956000E-5
1.420690000E+9	1.624098000E-5
1.420693333E+9	1.624995000E-5
1.420696667E+9	1.628090000E-5
1.420700000E+9	1.619033000E-5
1.420703333E+9	1.601538000E-5
1.420706667E+9	1.583400000E-5
1.420710000E+9	1.609135000E-5
1.420713333E+9	1.648960000E-5
1.420716667E+9	1.610489000E-5
1.420720000E+9	1.655884000E-5
1.420723333E+9	1.676818000E-5
1.420726667E+9	1.629070000E-5
1.420730000E+9	1.632642000E-5
1.420733333E+9	1.631594000E-5
1.420736667E+9	1.594060000E-5
1.420740000E+9	1.652908000E-5
1.420743333E+9	1.604656000E-5
1.420746667E+9	1.590820000E-5
1.420750000E+9	1.591798000E-5
1.420753333E+9	1.599992000E-5
1.420756667E+9	1.640992000E-5
1.420760000E+9	1.605914000E-5
1.420763333E+9	1.590411000E-5
1.420766667E+9	1.588736000E-5
1.420770000E+9	1.567600000E-5
1.420773333E+9	1.577507000E-5
1.420776667E+9	1.587731000E-5
1.420780000E+9	1.617208000E-5
1.420783333E+9	1.553845000E-5
1.420786667E+9	1.596707000E-5
1.420790000E+9	1.569331000E-5
1.420793333E+9	1.601048000E-5
1.420796667E+9	1.641131000E-5
1.420800000E+9	1.553829000E-5
1.420803333E+9	1.606014000E-5
1.420806667E+9	1.548227000E-5
1.420810000E+9	1.566857000E-5
1.420813333E+9	1.595829000E-5
1.420816667E+9	1.541419000E-5
1.420820000E+9	1.530445000E-5
1.420823333E+9	1.556056000E-5
1.420826667E+9	1.524507000E-5
1.420830000E+9	1.494266000E-5
1.420833333E+9	1.548485000E-5
1.420836667E+9	1.503447000E-5
1.420840000E+9	1.520303000E-5
1.420843333E+9	1.521928000E-5
1.420846667E+9	1.517873000E-5
1.420850000E+9	1.503996000E-5
1.420853333E+9	1.485469000E-5
1.420856667E+9	1.506227000E-5
1.420860000E+9	1.511882000E-5
1.420863333E+9	1.514231000E-5
1.420866667E+9	1.515262000E-5
1.420870000E+9	1.501239000E-5
1.420873333E+9	1.478617000E-5
1.420876667E+9	1.478164000E-5
1.420880000E+9	1.510219000E-5
1.420883333E+9	1.921721000E-5
1.420886667E+9	1.814216000E-5
1.420890000E+9	1.516323000E-5
1.420893333E+9	1.514839000E-5
1.420896667E+9	1.533968000E-5
1.420900000E+9	1.494146000E-5
1.420903333E+9	1.510403000E-5
1.420906667E+9	1.587914000E-5
1.420910000E+9	1.519095000E-5
1.420913333E+9	1.578560000E-5
1.420916667E+9	1.585906000E-5
1.420920000E+9	1.567879000E-5
1.420923333E+9	1.551061000E-5
1.420926667E+9	1.545330000E-5
1.420930000E+9	1.535914000E-5
1.420933333E+9	1.513659000E-5
1.420936667E+9	1.524353000E-5
1.420940000E+9	1.508211000E-5
1.420943333E+9	1.571620000E-5
1.420946667E+9	1.548873000E-5
1.420950000E+9	1.509206000E-5
1.420953333E+9	1.511131000E-5
1.420956667E+9	1.513645000E-5
1.420960000E+9	1.503312000E-5
1.420963333E+9	1.494616000E-5
1.420966667E+9	1.515491000E-5
1.420970000E+9	1.521483000E-5
1.420973333E+9	1.489323000E-5
1.420976667E+9	1.487726000E-5
1.420980000E+9	1.475778000E-5
1.420983333E+9	1.512698000E-5
1.420986667E+9	1.537836000E-5
1.420990000E+9	1.513212000E-5
1.420993333E+9	1.516139000E-5
1.420996667E+9	1.504564000E-5
1.421000000E+9	1.501336000E-5
1.421003333E+9	1.484562000E-5
1.421006667E+9	1.443175000E-5
1.421010000E+9	1.508734000E-5
1.421013333E+9	1.487385000E-5
1.421016667E+9	1.493608000E-5
1.421020000E+9	1.522377000E-5
1.421023333E+9	1.479133000E-5
1.421026667E+9	1.458380000E-5
1.421030000E+9	1.456454000E-5
1.421033333E+9	1.491955000E-5
1.421036667E+9	1.457012000E-5
1.421040000E+9	1.489948000E-5
1.421043333E+9	1.464085000E-5
1.421046667E+9	1.469853000E-5
1.421050000E+9	1.474371000E-5
1.421053333E+9	1.468405000E-5
1.421056667E+9	1.480740000E-5
1.421060000E+9	1.498010000E-5
1.421063333E+9	1.481594000E-5
1.421066667E+9	1.467420000E-5
1.421070000E+9	1.470039000E-5
1.421073333E+9	1.495584000E-5
1.421076667E+9	1.455407000E-5
1.421080000E+9	1.464092000E-5
1.421083333E+9	1.487390000E-5
1.421086667E+9	1.479632000E-5
1.421090000E+9	1.485345000E-5
1.421093333E+9	1.560621000E-5
1.421096667E+9	1.546412000E-5
1.421100000E+9	1.488007000E-5
1.421103333E+9	1.485017000E-5
1.421106667E+9	1.486484000E-5
1.421110000E+9	1.470572000E-5
1.421113333E+9	1.511696000E-5
1.421116667E+9	1.460916000E-5
1.421120000E+9	1.486392000E-5
1.421123333E+9	1.481498000E-5
1.421126667E+9	1.505286000E-5
1.421130000E+9	1.470714000E-5
1.421133333E+9	1.457102000E-5
1.421136667E+9	1.501859000E-5
1.421140000E+9	1.464764000E-5
1.421143333E+9	1.444199000E-5
1.421146667E+9	1.484732000E-5
1.421150000E+9	1.436902000E-5
1.421153333E+9	1.460903000E-5
1.421156667E+9	1.501423000E-5
1.421160000E+9	1.482474000E-5
1.421163333E+9	1.478612000E-5
1.421166667E+9	1.467762000E-5
1.421170000E+9	1.501903000E-5
1.421173333E+9	1.437387000E-5
1.421176667E+9	1.735148000E-5
1.421180000E+9	2.106769000E-5
1.421183333E+9	1.450762000E-5
1.421186667E+9	1.441867000E-5
1.421190000E+9	1.484919000E-5
1.421193333E+9	1.446870000E-5
1.421196667E+9	1.467248000E-5
1.421200000E+9	1.436873000E-5
1.421203333E+9	1.484481000E-5
1.421206667E+9	1.505636000E-5
1.421210000E+9	1.467009000E-5
1.421213333E+9	1.454480000E-5
1.421216667E+9	1.474288000E-5
1.421220000E+9	1.499575000E-5
1.421223333E+9	1.484277000E-5
1.421226667E+9	1.449497000E-5
1.421230000E+9	1.461675000E-5
1.421233333E+9	1.452624000E-5
1.421236667E+9	1.465791000E-5
1.421240000E+9	1.456780000E-5
1.421243333E+9	1.522392000E-5
1.421246667E+9	1.436690000E-5
1.421250000E+9	1.467096000E-5
1.421253333E+9	1.459675000E-5
1.421256667E+9	1.453648000E-5
1.421260000E+9	1.477963000E-5
1.421263333E+9	1.493361000E-5
1.421266667E+9	1.453561000E-5
1.421270000E+9	1.465971000E-5
1.421273333E+9	1.464883000E-5
1.421276667E+9	1.461901000E-5
1.421280000E+9	1.494954000E-5
1.421283333E+9	1.423964000E-5
1.421286667E+9	1.451043000E-5
1.421290000E+9	1.464933000E-5
1.421293333E+9	1.433593000E-5
1.421296667E+9	1.467684000E-5
1.421300000E+9	1.469387000E-5
1.421303333E+9	1.457446000E-5
1.421306667E+9	1.471971000E-5
1.421310000E+9	1.414239000E-5
1.421313333E+9	1.443300000E-5
1.421316667E+9	1.481452000E-5
1.421320000E+9	1.450084000E-5
1.421323333E+9	1.467025000E-5
1.421326667E+9	1.450549000E-5
1.421330000E+9	1.446239000E-5
1.421333333E+9	1.459587000E-5
1.421336667E+9	1.449772000E-5
1.421340000E+9	1.463771000E-5
1.421343333E+9	1.485896000E-5
1.421346667E+9	1.478099000E-5
1.421350000E+9	1.459537000E-5
1.421353333E+9	1.480828000E-5
1.421356667E+9	1.487107000E-5
1.421360000E+9	1.476430000E-5
1.421363333E+9	1.473500000E-5
1.421366667E+9	1.474445000E-5
1.421370000E+9	1.460085000E-5
1.421373333E+9	1.460281000E-5
1.421376667E+9	1.480535000E-5
1.421380000E+9	1.467715000E-5
1.421383333E+9	1.466178000E-5
1.421386667E+9	1.465633000E-5
1.421390000E+9	1.504058000E-5
1.421393333E+9	1.497406000E-5
1.421396667E+9	1.466003000E-5
1.421400000E+9	1.460632000E-5
