Frequency, Hz	Amplitude, Volts
1.419400000E+9	1.493848000E-5
1.419403333E+9	1.476310000E-5
1.419406667E+9	1.490059000E-5
1.419410000E+9	1.494759000E-5
1.419413333E+9	1.653900000E-5
1.419416667E+9	1.547133000E-5
1.419420000E+9	1.480548000E-5
1.419423333E+9	1.480504000E-5
1.419426667E+9	1.514879000E-5
1.419430000E+9	1.492414000E-5
1.419433333E+9	1.531434000E-5
1.419436667E+9	1.485738000E-5
1.419440000E+9	1.513611000E-5
1.419443333E+9	1.499552000E-5
1.419446667E+9	1.535114000E-5
1.419450000E+9	1.651677000E-5
1.419453333E+9	1.600057000E-5
1.419456667E+9	1.573369000E-5
1.419460000E+9	1.504709000E-5
1.419463333E+9	1.482212000E-5
1.419466667E+9	1.500626000E-5
1.419470000E+9	1.485777000E-5
1.419473333E+9	1.472879000E-5
1.419476667E+9	1.493471000E-5
1.419480000E+9	1.513187000E-5
1.419483333E+9	1.511594000E-5
1.419486667E+9	1.498895000E-5
1.419490000E+9	1.480116000E-5
1.419493333E+9	1.481169000E-5
1.419496667E+9	1.502241000E-5
1.419500000E+9	1.498757000E-5
1.419503333E+9	1.465243000E-5
1.419506667E+9	1.463346000E-5
1.419510000E+9	1.494895000E-5
1.419513333E+9	1.485839000E-5
1.419516667E+9	1.488981000E-5
1.419520000E+9	1.529236000E-5
1.419523333E+9	1.482036000E-5
1.419526667E+9	1.481872000E-5
1.419530000E+9	1.496728000E-5
1.419533333E+9	1.473779000E-5
1.419536667E+9	1.487726000E-5
1.419540000E+9	1.482487000E-5
1.419543333E+9	1.482554000E-5
1.419546667E+9	1.481352000E-5
1.419550000E+9	1.501865000E-5
1.419553333E+9	1.459700000E-5
1.419556667E+9	1.448971000E-5
1.419560000E+9	1.481911000E-5
1.419563333E+9	1.462543000E-5
1.419566667E+9	1.488999000E-5
1.419570000E+9	1.485549000E-5
1.419573333E+9	1.472973000E-5
1.419576667E+9	1.468785000E-5
1.419580000E+9	1.517849000E-5
1.419583333E+9	1.478264000E-5
1.419586667E+9	1.510604000E-5
1.419590000E+9	1.508988000E-5
1.419593333E+9	1.484937000E-5
1.419596667E+9	1.490926000E-5
1.419600000E+9	1.488522000E-5
1.419603333E+9	1.534563000E-5
1.419606667E+9	1.513958000E-5
1.419610000E+9	1.479310000E-5
1.419613333E+9	1.509723000E-5
1.419616667E+9	1.495072000E-5
1.419620000E+9	1.461561000E-5
1.419623333E+9	1.478958000E-5
1.419626667E+9	1.484769000E-5
1.419630000E+9	1.467008000E-5
1.419633333E+9	1.512353000E-5
1.419636667E+9	1.493553000E-5
1.419640000E+9	1.503277000E-5
1.419643333E+9	1.498780000E-5
1.419646667E+9	1.491200000E-5
1.419650000E+9	1.476180000E-5
1.419653333E+9	1.477672000E-5
1.419656667E+9	1.481592000E-5
1.419660000E+9	1.486869000E-5
1.419663333E+9	1.475569000E-5
1.419666667E+9	1.539130000E-5
1.419670000E+9	1.506885000E-5
1.419673333E+9	1.496787000E-5
1.419676667E+9	1.503826000E-5
1.419680000E+9	1.480529000E-5
1.419683333E+9	1.492120000E-5
1.419686667E+9	1.474403000E-5
1.419690000E+9	1.492612000E-5
1.419693333E+9	1.513439000E-5
1.419696667E+9	1.474093000E-5
1.419700000E+9	1.477842000E-5
1.419703333E+9	1.462855000E-5
1.419706667E+9	1.558954000E-5
1.419710000E+9	1.506404000E-5
1.419713333E+9	1.507779000E-5
1.419716667E+9	1.481269000E-5
1.419720000E+9	1.473317000E-5
1.419723333E+9	1.462436000E-5
1.419726667E+9	1.509496000E-5
1.419730000E+9	1.477184000E-5
1.419733333E+9	1.543883000E-5
1.419736667E+9	1.495832000E-5
1.419740000E+9	1.554021000E-5
1.419743333E+9	1.653725000E-5
1.419746667E+9	1.562747000E-5
1.419750000E+9	1.551908000E-5
1.419753333E+9	1.518228000E-5
1.419756667E+9	1.506195000E-5
1.419760000E+9	1.500275000E-5
1.419763333E+9	1.500675000E-5
1.419766667E+9	1.499478000E-5
1.419770000E+9	1.505813000E-5
1.419773333E+9	1.473368000E-5
1.419776667E+9	1.484897000E-5
1.419780000E+9	1.485366000E-5
1.419783333E+9	1.499610000E-5
1.419786667E+9	1.466756000E-5
1.419790000E+9	1.495274000E-5
1.419793333E+9	1.492489000E-5
1.419796667E+9	1.474449000E-5
1.419800000E+9	1.495487000E-5
1.419803333E+9	1.475215000E-5
1.419806667E+9	1.451972000E-5
1.419810000E+9	1.465424000E-5
1.419813333E+9	1.474282000E-5
1.419816667E+9	1.464229000E-5
1.419820000E+9	1.508631000E-5
1.419823333E+9	1.495450000E-5
1.419826667E+9	1.503693000E-5
1.419830000E+9	1.503745000E-5
1.419833333E+9	1.513366000E-5
1.419836667E+9	1.498197000E-5
1.419840000E+9	1.475279000E-5
1.419843333E+9	1.471541000E-5
1.419846667E+9	1.471651000E-5
1.419850000E+9	1.483114000E-5
1.419853333E+9	1.478282000E-5
1.419856667E+9	1.488133000E-5
1.419860000E+9	1.492627000E-5
1.419863333E+9	1.500474000E-5
1.419866667E+9	1.502017000E-5
1.419870000E+9	1.483823000E-5
1.419873333E+9	1.469873000E-5
1.419876667E+9	1.479118000E-5
1.419880000E+9	1.483889000E-5
1.419883333E+9	1.480374000E-5
1.419886667E+9	1.483534000E-5
1.419890000E+9	1.479640000E-5
1.419893333E+9	1.502080000E-5
1.419896667E+9	1.478031000E-5
1.419900000E+9	1.505859000E-5
1.419903333E+9	1.506576000E-5
1.419906667E+9	1.470859000E-5
1.419910000E+9	1.455744000E-5
1.419913333E+9	1.473010000E-5
1.419916667E+9	1.480490000E-5
1.419920000E+9	1.520723000E-5
1.419923333E+9	1.490218000E-5
1.419926667E+9	1.490848000E-5
1.419930000E+9	1.499407000E-5
1.419933333E+9	1.486665000E-5
1.419936667E+9	1.481558000E-5
1.419940000E+9	1.493951000E-5
1.419943333E+9	1.456793000E-5
1.419946667E+9	1.485511000E-5
1.419950000E+9	1.464872000E-5
1.419953333E+9	1.458424000E-5
1.419956667E+9	1.455089000E-5
1.419960000E+9	1.448059000E-5
1.419963333E+9	1.497959000E-5
1.419966667E+9	1.473287000E-5
1.419970000E+9	1.487520000E-5
1.419973333E+9	1.484117000E-5
1.419976667E+9	1.527796000E-5
1.419980000E+9	1.551913000E-5
1.419983333E+9	1.454043000E-5
1.419986667E+9	1.485707000E-5
1.419990000E+9	1.491373000E-5
1.419993333E+9	1.484455000E-5
1.419996667E+9	1.491185000E-5
1.420000000E+9	1.581511000E-5
1.420003333E+9	1.661280000E-5
1.420006667E+9	1.469606000E-5
1.420010000E+9	1.467472000E-5
1.420013333E+9	1.481241000E-5
1.420016667E+9	1.494018000E-5
1.420020000E+9	1.481311000E-5
1.420023333E+9	1.490615000E-5
1.420026667E+9	1.490111000E-5
1.420030000E+9	1.468394000E-5
1.420033333E+9	1.550459000E-5
1.420036667E+9	1.594784000E-5
1.420040000E+9	1.545260000E-5
1.420043333E+9	1.485642000E-5
1.420046667E+9	1.512416000E-5
1.420050000E+9	1.520887000E-5
1.420053333E+9	1.466368000E-5
1.420056667E+9	1.490918000E-5
1.420060000E+9	1.477531000E-5
1.420063333E+9	1.486622000E-5
1.420066667E+9	1.496598000E-5
1.420070000E+9	1.461453000E-5
1.420073333E+9	1.476978000E-5
1.420076667E+9	1.474939000E-5
1.420080000E+9	1.481727000E-5
1.420083333E+9	1.494358000E-5
1.420086667E+9	1.486056000E-5
1.420090000E+9	1.486779000E-5
1.420093333E+9	1.480020000E-5
1.420096667E+9	1.484165000E-5
1.420100000E+9	1.480449000E-5
1.420103333E+9	1.491755000E-5
1.420106667E+9	1.478410000E-5
1.420110000E+9	1.472865000E-5
1.420113333E+9	1.502090000E-5
1.420116667E+9	1.518866000E-5
1.420120000E+9	1.488424000E-5
1.420123333E+9	1.479565000E-5
1.420126667E+9	1.493069000E-5
1.420130000E+9	1.479070000E-5
1.420133333E+9	1.487862000E-5
1.420136667E+9	1.491305000E-5
1.420140000E+9	1.466368000E-5
1.420143333E+9	1.466995000E-5
1.420146667E+9	1.483997000E-5
1.420150000E+9	1.480667000E-5
1.420153333E+9	1.468827000E-5
1.420156667E+9	1.480808000E-5
1.420160000E+9	1.486219000E-5
1.420163333E+9	1.497385000E-5
1.420166667E+9	1.490501000E-5
1.420170000E+9	1.480244000E-5
1.420173333E+9	1.489830000E-5
1.420176667E+9	1.465314000E-5
1.420180000E+9	1.471000000E-5
1.420183333E+9	1.515869000E-5
1.420186667E+9	1.508100000E-5
1.420190000E+9	1.469192000E-5
1.420193333E+9	1.475203000E-5
1.420196667E+9	1.479456000E-5
1.420200000E+9	1.518793000E-5
1.420203333E+9	1.476658000E-5
1.420206667E+9	1.496325000E-5
1.420210000E+9	1.488109000E-5
1.420213333E+9	1.479253000E-5
1.420216667E+9	1.464582000E-5
1.420220000E+9	1.479014000E-5
1.420223333E+9	1.468329000E-5
1.420226667E+9	1.453834000E-5
1.420230000E+9	1.502873000E-5
1.420233333E+9	1.449046000E-5
1.420236667E+9	1.500703000E-5
1.420240000E+9	1.477521000E-5
1.420243333E+9	1.455824000E-5
1.420246667E+9	1.504261000E-5
1.420250000E+9	1.497439000E-5
1.420253333E+9	1.472426000E-5
1.420256667E+9	1.511374000E-5
1.420260000E+9	1.494324000E-5
1.420263333E+9	1.457164000E-5
1.420266667E+9	1.497137000E-5
1.420270000E+9	1.496698000E-5
1.420273333E+9	1.518636000E-5
1.420276667E+9	1.489343000E-5
1.420280000E+9	1.463597000E-5
1.420283333E+9	1.444192000E-5
1.420286667E+9	1.470346000E-5
1.420290000E+9	1.475388000E-5
1.420293333E+9	1.529938000E-5
1.420296667E+9	1.641471000E-5
1.420300000E+9	1.493827000E-5
1.420303333E+9	1.484220000E-5
1.420306667E+9	1.476407000E-5
1.420310000E+9	1.463592000E-5
1.420313333E+9	1.483479000E-5
1.420316667E+9	1.475817000E-5
1.420320000E+9	1.491085000E-5
1.420323333E+9	1.470176000E-5
1.420326667E+9	1.559162000E-5
1.420330000E+9	1.571389000E-5
1.420333333E+9	1.573525000E-5
1.420336667E+9	1.486738000E-5
1.420340000E+9	1.474319000E-5
1.420343333E+9	1.478430000E-5
1.420346667E+9	1.468529000E-5
1.420350000E+9	1.539749000E-5
1.420353333E+9	1.481587000E-5
1.420356667E+9	1.482303000E-5
1.420360000E+9	1.489343000E-5
1.420363333E+9	1.489305000E-5
1.420366667E+9	1.469947000E-5
1.420370000E+9	1.451999000E-5
1.420373333E+9	1.467219000E-5
1.420376667E+9	1.472869000E-5
1.420380000E+9	1.487908000E-5
1.420383333E+9	1.485981000E-5
1.420386667E+9	1.495735000E-5
1.420390000E+9	1.507807000E-5
1.420393333E+9	1.479703000E-5
1.420396667E+9	1.480748000E-5
1.420400000E+9	1.477502000E-5
1.420403333E+9	1.482157000E-5
1.420406667E+9	1.483106000E-5
1.420410000E+9	1.491411000E-5
1.420413333E+9	1.513446000E-5
1.420416667E+9	1.485291000E-5
1.420420000E+9	1.488901000E-5
1.420423333E+9	1.487124000E-5
1.420426667E+9	1.529780000E-5
1.420430000E+9	1.480238000E-5
1.420433333E+9	1.494442000E-5
1.420436667E+9	1.488398000E-5
1.420440000E+9	1.494230000E-5
1.420443333E+9	1.466900000E-5
1.420446667E+9	1.520121000E-5
1.420450000E+9	1.504904000E-5
1.420453333E+9	1.493535000E-5
1.420456667E+9	1.488734000E-5
1.420460000E+9	1.500436000E-5
1.420463333E+9	1.519273000E-5
1.420466667E+9	1.520391000E-5
1.420470000E+9	1.541317000E-5
1.420473333E+9	1.549021000E-5
1.420476667E+9	1.553081000E-5
1.420480000E+9	1.562515000E-5
1.420483333E+9	1.598901000E-5
1.420486667E+9	1.596254000E-5
1.420490000E+9	1.632678000E-5
1.420493333E+9	1.642275000E-5
1.420496667E+9	1.612949000E-5
1.420500000E+9	1.676672000E-5
1.420503333E+9	1.643435000E-5
1.420506667E+9	1.646690000E-5
1.420510000E+9	1.661001000E-5
1.420513333E+9	1.653012000E-5
1.420516667E+9	1.638117000E-5
1.420520000E+9	1.656237000E-5
1.420523333E+9	1.662493000E-5
1.420526667E+9	1.662703000E-5
1.420530000E+9	1.679318000E-5
1.420533333E+9	1.660158000E-5
1.420536667E+9	1.643491000E-5
1.420540000E+9	1.648540000E-5
1.420543333E+9	1.610659000E-5
1.420546667E+9	1.622756000E-5
1.420550000E+9	1.661506000E-5
1.420553333E+9	1.641334000E-5
1.420556667E+9	1.628455000E-5
1.420560000E+9	1.604893000E-5
1.420563333E+9	1.597589000E-5
1.420566667E+9	1.612777000E-5
1.420570000E+9	1.631112000E-5
1.420573333E+9	1.619097000E-5
1.420576667E+9	1.596046000E-5
1.420580000E+9	1.581258000E-5
1.420583333E+9	1.603828000E-5
1.420586667E+9	1.599639000E-5
1.420590000E+9	1.596203000E-5
1.420593333E+9	1.584619000E-5
1.420596667E+9	1.578528000E-5
1.420600000E+9	1.569718000E-5
1.420603333E+9	1.595830000E-5
1.420606667E+9	1.581796000E-5
1.420610000E+9	1.593717000E-5
1.420613333E+9	1.607142000E-5
1.420616667E+9	1.568268000E-5
1.420620000E+9	1.724370000E-5
1.420623333E+9	1.639810000E-5
1.420626667E+9	1.637464000E-5
1.420630000E+9	1.557027000E-5
1.420633333E+9	1.574491000E-5
1.420636667E+9	1.562843000E-5
1.420640000E+9	1.557635000E-5
1.420643333E+9	1.556459000E-5
1.420646667E+9	1.610015000E-5
1.420650000E+9	1.602091000E-5
1.420653333E+9	1.560892000E-5
1.420656667E+9	1.604700000E-5
1.420660000E+9	1.606046000E-5
1.420663333E+9	1.602495000E-5
1.420666667E+9	1.650772000E-5
1.420670000E+9	1.603284000E-5
1.420673333E+9	1.645611000E-5
1.420676667E+9	1.639333000E-5
1.420680000E+9	1.630672000E-5
1.420683333E+9	1.620326000E-5
1.420686667E+9	1.656866000E-5
1.420690000E+9	1.648921000E-5
1.420693333E+9	1.643619000E-5
1.420696667E+9	1.662778000E-5
1.420700000E+9	1.646453000E-5
1.420703333E+9	1.662577000E-5
1.420706667E+9	1.657504000E-5
1.420710000E+9	1.621189000E-5
1.420713333E+9	1.647533000E-5
1.420716667E+9	1.649480000E-5
1.420720000E+9	1.656522000E-5
1.420723333E+9	1.639938000E-5
1.420726667E+9	1.607659000E-5
1.420730000E+9	1.640075000E-5
1.420733333E+9	1.610765000E-5
1.420736667E+9	1.643015000E-5
1.420740000E+9	1.646856000E-5
1.420743333E+9	1.675472000E-5
1.420746667E+9	1.601582000E-5
1.420750000E+9	1.621789000E-5
1.420753333E+9	1.626704000E-5
1.420756667E+9	1.630972000E-5
1.420760000E+9	1.657541000E-5
1.420763333E+9	1.604589000E-5
1.420766667E+9	1.613199000E-5
1.420770000E+9	1.595804000E-5
1.420773333E+9	1.569761000E-5
1.420776667E+9	1.596775000E-5
1.420780000E+9	1.560936000E-5
1.420783333E+9	1.568847000E-5
1.420786667E+9	1.574086000E-5
1.420790000E+9	1.600484000E-5
1.420793333E+9	1.588507000E-5
1.420796667E+9	1.620989000E-5
1.420800000E+9	1.588893000E-5
1.420803333E+9	1.546679000E-5
1.420806667E+9	1.550394000E-5
1.420810000E+9	1.527499000E-5
1.420813333E+9	1.542866000E-5
1.420816667E+9	1.528311000E-5
1.420820000E+9	1.527070000E-5
1.420823333E+9	1.529046000E-5
1.420826667E+9	1.541628000E-5
1.420830000E+9	1.487016000E-5
1.420833333E+9	1.530968000E-5
1.420836667E+9	1.532401000E-5
1.420840000E+9	1.521518000E-5
1.420843333E+9	1.538188000E-5
1.420846667E+9	1.537218000E-5
1.420850000E+9	1.519565000E-5
1.420853333E+9	1.493363000E-5
1.420856667E+9	1.516110000E-5
1.420860000E+9	1.522239000E-5
1.420863333E+9	1.559418000E-5
1.420866667E+9	1.532542000E-5
1.420870000E+9	1.545981000E-5
1.420873333E+9	1.551402000E-5
1.420876667E+9	1.524923000E-5
1.420880000E+9	1.513620000E-5
1.420883333E+9	1.784689000E-5
1.420886667E+9	1.692152000E-5
1.420890000E+9	1.489038000E-5
1.420893333E+9	1.505608000E-5
1.420896667E+9	1.530428000E-5
1.420900000E+9	1.510518000E-5
1.420903333E+9	1.510197000E-5
1.420906667E+9	1.543593000E-5
1.420910000E+9	1.603837000E-5
1.420913333E+9	1.939416000E-5
1.420916667E+9	1.742412000E-5
1.420920000E+9	1.801646000E-5
1.420923333E+9	1.529860000E-5
1.420926667E+9	1.541666000E-5
1.420930000E+9	1.582206000E-5
1.420933333E+9	1.518614000E-5
1.420936667E+9	1.527878000E-5
1.420940000E+9	1.512360000E-5
1.420943333E+9	1.530717000E-5
1.420946667E+9	1.559014000E-5
1.420950000E+9	1.479027000E-5
1.420953333E+9	1.521328000E-5
1.420956667E+9	1.483974000E-5
1.420960000E+9	1.491963000E-5
1.420963333E+9	1.489925000E-5
1.420966667E+9	1.497216000E-5
1.420970000E+9	1.507871000E-5
1.420973333E+9	1.499723000E-5
1.420976667E+9	1.496547000E-5
1.420980000E+9	1.492861000E-5
1.420983333E+9	1.483933000E-5
1.420986667E+9	1.481841000E-5
1.420990000E+9	1.534652000E-5
1.420993333E+9	1.521206000E-5
1.420996667E+9	1.486281000E-5
1.421000000E+9	1.474240000E-5
1.421003333E+9	1.474002000E-5
1.421006667E+9	1.476937000E-5
1.421010000E+9	1.490766000E-5
1.421013333E+9	1.505813000E-5
1.421016667E+9	1.485873000E-5
1.421020000E+9	1.481914000E-5
1.421023333E+9	1.476855000E-5
1.421026667E+9	1.467368000E-5
1.421030000E+9	1.485417000E-5
1.421033333E+9	1.473845000E-5
1.421036667E+9	1.467675000E-5
1.421040000E+9	1.456004000E-5
1.421043333E+9	1.479289000E-5
1.421046667E+9	1.464909000E-5
1.421050000E+9	1.451027000E-5
1.421053333E+9	1.467533000E-5
1.421056667E+9	1.496417000E-5
1.421060000E+9	1.483182000E-5
1.421063333E+9	1.472040000E-5
1.421066667E+9	1.462999000E-5
1.421070000E+9	1.461402000E-5
1.421073333E+9	1.475581000E-5
1.421076667E+9	1.451247000E-5
1.421080000E+9	1.471720000E-5
1.421083333E+9	1.483621000E-5
1.421086667E+9	1.469058000E-5
1.421090000E+9	1.507487000E-5
1.421093333E+9	1.503461000E-5
1.421096667E+9	1.527695000E-5
1.421100000E+9	1.469258000E-5
1.421103333E+9	1.505876000E-5
1.421106667E+9	1.489529000E-5
1.421110000E+9	1.488393000E-5
1.421113333E+9	1.476170000E-5
1.421116667E+9	1.427740000E-5
1.421120000E+9	1.486777000E-5
1.421123333E+9	1.468295000E-5
1.421126667E+9	1.452844000E-5
1.421130000E+9	1.486156000E-5
1.421133333E+9	1.476613000E-5
1.421136667E+9	1.487238000E-5
1.421140000E+9	1.460417000E-5
1.421143333E+9	1.443663000E-5
1.421146667E+9	1.476279000E-5
1.421150000E+9	1.457266000E-5
1.421153333E+9	1.428724000E-5
1.421156667E+9	1.498630000E-5
1.421160000E+9	1.490890000E-5
1.421163333E+9	1.465335000E-5
1.421166667E+9	1.446003000E-5
1.421170000E+9	1.478337000E-5
1.421173333E+9	1.466260000E-5
1.421176667E+9	1.647214000E-5
1.421180000E+9	1.828052000E-5
1.421183333E+9	1.460375000E-5
1.421186667E+9	1.482155000E-5
1.421190000E+9	1.480126000E-5
1.421193333E+9	1.490134000E-5
1.421196667E+9	1.473436000E-5
1.421200000E+9	1.472413000E-5
1.421203333E+9	1.479560000E-5
1.421206667E+9	1.644771000E-5
1.421210000E+9	1.573606000E-5
1.421213333E+9	1.578126000E-5
1.421216667E+9	1.499125000E-5
1.421220000E+9	1.491544000E-5
1.421223333E+9	1.474759000E-5
1.421226667E+9	1.464706000E-5
1.421230000E+9	1.433189000E-5
1.421233333E+9	1.471979000E-5
1.421236667E+9	1.472388000E-5
1.421240000E+9	1.458438000E-5
1.421243333E+9	1.489586000E-5
1.421246667E+9	1.497910000E-5
1.421250000E+9	1.484025000E-5
1.421253333E+9	1.446514000E-5
1.421256667E+9	1.468597000E-5
1.421260000E+9	1.466826000E-5
1.421263333E+9	1.483634000E-5
1.421266667E+9	1.499570000E-5
1.421270000E+9	1.486849000E-5
1.421273333E+9	1.463483000E-5
1.421276667E+9	1.477101000E-5
1.421280000E+9	1.469711000E-5
1.421283333E+9	1.475624000E-5
1.421286667E+9	1.434792000E-5
1.421290000E+9	1.463807000E-5
1.421293333E+9	1.457294000E-5
1.421296667E+9	1.457962000E-5
1.421300000E+9	1.444132000E-5
1.421303333E+9	1.451787000E-5
1.421306667E+9	1.485451000E-5
1.421310000E+9	1.454293000E-5
1.421313333E+9	1.465539000E-5
1.421316667E+9	1.469064000E-5
1.421320000E+9	1.485746000E-5
1.421323333E+9	1.441213000E-5
1.421326667E+9	1.456004000E-5
1.421330000E+9	1.456631000E-5
1.421333333E+9	1.460492000E-5
1.421336667E+9	1.461769000E-5
1.421340000E+9	1.478527000E-5
1.421343333E+9	1.480896000E-5
1.421346667E+9	1.455795000E-5
1.421350000E+9	1.460098000E-5
1.421353333E+9	1.461294000E-5
1.421356667E+9	1.479375000E-5
1.421360000E+9	1.424376000E-5
1.421363333E+9	1.447987000E-5
1.421366667E+9	1.486438000E-5
1.421370000E+9	1.474431000E-5
1.421373333E+9	1.458882000E-5
1.421376667E+9	1.461586000E-5
1.421380000E+9	1.454255000E-5
1.421383333E+9	1.480646000E-5
1.421386667E+9	1.479536000E-5
1.421390000E+9	1.462208000E-5
1.421393333E+9	1.493815000E-5
1.421396667E+9	1.489202000E-5
1.421400000E+9	1.474589000E-5
