Frequency, Hz	Amplitude, Volts
1.419400000E+9	1.507282000E-5
1.419403333E+9	1.524056000E-5
1.419406667E+9	1.514939000E-5
1.419410000E+9	1.493164000E-5
1.419413333E+9	1.675908000E-5
1.419416667E+9	1.566879000E-5
1.419420000E+9	1.497258000E-5
1.419423333E+9	1.460284000E-5
1.419426667E+9	1.498854000E-5
1.419430000E+9	1.527217000E-5
1.419433333E+9	1.517439000E-5
1.419436667E+9	1.505352000E-5
1.419440000E+9	1.559016000E-5
1.419443333E+9	1.522986000E-5
1.419446667E+9	1.540608000E-5
1.419450000E+9	1.659469000E-5
1.419453333E+9	1.551559000E-5
1.419456667E+9	1.516353000E-5
1.419460000E+9	1.538260000E-5
1.419463333E+9	1.544802000E-5
1.419466667E+9	1.539473000E-5
1.419470000E+9	1.551804000E-5
1.419473333E+9	1.480760000E-5
1.419476667E+9	1.494993000E-5
1.419480000E+9	1.497781000E-5
1.419483333E+9	1.512394000E-5
1.419486667E+9	1.495248000E-5
1.419490000E+9	1.502408000E-5
1.419493333E+9	1.482336000E-5
1.419496667E+9	1.526597000E-5
1.419500000E+9	1.485668000E-5
1.419503333E+9	1.505777000E-5
1.419506667E+9	1.512639000E-5
1.419510000E+9	1.524349000E-5
1.419513333E+9	1.501237000E-5
1.419516667E+9	1.499853000E-5
1.419520000E+9	1.527737000E-5
1.419523333E+9	1.541615000E-5
1.419526667E+9	1.498693000E-5
1.419530000E+9	1.508900000E-5
1.419533333E+9	1.467891000E-5
1.419536667E+9	1.485550000E-5
1.419540000E+9	1.534061000E-5
1.419543333E+9	1.492863000E-5
1.419546667E+9	1.471946000E-5
1.419550000E+9	1.506784000E-5
1.419553333E+9	1.528241000E-5
1.419556667E+9	1.505169000E-5
1.419560000E+9	1.514362000E-5
1.419563333E+9	1.514503000E-5
1.419566667E+9	1.508178000E-5
1.419570000E+9	1.494818000E-5
1.419573333E+9	1.503936000E-5
1.419576667E+9	1.476808000E-5
1.419580000E+9	1.512461000E-5
1.419583333E+9	1.493971000E-5
1.419586667E+9	1.515534000E-5
1.419590000E+9	1.503401000E-5
1.419593333E+9	1.512778000E-5
1.419596667E+9	1.528041000E-5
1.419600000E+9	1.489282000E-5
1.419603333E+9	1.535940000E-5
1.419606667E+9	1.503360000E-5
1.419610000E+9	1.501346000E-5
1.419613333E+9	1.501595000E-5
1.419616667E+9	1.505025000E-5
1.419620000E+9	1.506245000E-5
1.419623333E+9	1.503164000E-5
1.419626667E+9	1.520571000E-5
1.419630000E+9	1.518253000E-5
1.419633333E+9	1.467733000E-5
1.419636667E+9	1.464401000E-5
1.419640000E+9	1.521592000E-5
1.419643333E+9	1.506298000E-5
1.419646667E+9	1.506179000E-5
1.419650000E+9	1.495161000E-5
1.419653333E+9	1.492713000E-5
1.419656667E+9	1.525813000E-5
1.419660000E+9	1.541872000E-5
1.419663333E+9	1.504993000E-5
1.419666667E+9	1.518513000E-5
1.419670000E+9	1.538693000E-5
1.419673333E+9	1.520071000E-5
1.419676667E+9	1.481444000E-5
1.419680000E+9	1.477708000E-5
1.419683333E+9	1.494130000E-5
1.419686667E+9	1.504463000E-5
1.419690000E+9	1.504645000E-5
1.419693333E+9	1.493131000E-5
1.419696667E+9	1.526905000E-5
1.419700000E+9	1.489545000E-5
1.419703333E+9	1.500067000E-5
1.419706667E+9	1.609301000E-5
1.419710000E+9	1.559179000E-5
1.419713333E+9	1.533961000E-5
1.419716667E+9	1.537808000E-5
1.419720000E+9	1.510775000E-5
1.419723333E+9	1.534741000E-5
1.419726667E+9	1.518059000E-5
1.419730000E+9	1.507621000E-5
1.419733333E+9	1.629678000E-5
1.419736667E+9	1.533690000E-5
1.419740000E+9	1.550195000E-5
1.419743333E+9	1.691654000E-5
1.419746667E+9	1.517359000E-5
1.419750000E+9	1.542773000E-5
1.419753333E+9	1.533754000E-5
1.419756667E+9	1.508908000E-5
1.419760000E+9	1.524324000E-5
1.419763333E+9	1.508184000E-5
1.419766667E+9	1.488613000E-5
1.419770000E+9	1.536447000E-5
1.419773333E+9	1.492636000E-5
1.419776667E+9	1.498619000E-5
1.419780000E+9	1.490699000E-5
1.419783333E+9	1.514001000E-5
1.419786667E+9	1.523220000E-5
1.419790000E+9	1.531854000E-5
1.419793333E+9	1.535055000E-5
1.419796667E+9	1.498750000E-5
1.419800000E+9	1.506979000E-5
1.419803333E+9	1.504967000E-5
1.419806667E+9	1.507956000E-5
1.419810000E+9	1.487904000E-5
1.419813333E+9	1.500216000E-5
1.419816667E+9	1.522103000E-5
1.419820000E+9	1.510677000E-5
1.419823333E+9	1.535378000E-5
1.419826667E+9	1.513509000E-5
1.419830000E+9	1.472863000E-5
1.419833333E+9	1.509447000E-5
1.419836667E+9	1.502502000E-5
1.419840000E+9	1.477690000E-5
1.419843333E+9	1.502711000E-5
1.419846667E+9	1.500105000E-5
1.419850000E+9	1.499290000E-5
1.419853333E+9	1.508308000E-5
1.419856667E+9	1.485133000E-5
1.419860000E+9	1.498549000E-5
1.419863333E+9	1.510382000E-5
1.419866667E+9	1.507024000E-5
1.419870000E+9	1.489675000E-5
1.419873333E+9	1.497157000E-5
1.419876667E+9	1.479534000E-5
1.419880000E+9	1.493367000E-5
1.419883333E+9	1.519507000E-5
1.419886667E+9	1.494750000E-5
1.419890000E+9	1.476030000E-5
1.419893333E+9	1.491522000E-5
1.419896667E+9	1.508635000E-5
1.419900000E+9	1.552129000E-5
1.419903333E+9	1.474632000E-5
1.419906667E+9	1.482495000E-5
1.419910000E+9	1.520977000E-5
1.419913333E+9	1.485413000E-5
1.419916667E+9	1.465179000E-5
1.419920000E+9	1.470711000E-5
1.419923333E+9	1.495336000E-5
1.419926667E+9	1.481674000E-5
1.419930000E+9	1.530600000E-5
1.419933333E+9	1.503363000E-5
1.419936667E+9	1.508393000E-5
1.419940000E+9	1.501448000E-5
1.419943333E+9	1.499786000E-5
1.419946667E+9	1.483966000E-5
1.419950000E+9	1.493063000E-5
1.419953333E+9	1.447100000E-5
1.419956667E+9	1.496286000E-5
1.419960000E+9	1.510904000E-5
1.419963333E+9	1.539796000E-5
1.419966667E+9	1.498612000E-5
1.419970000E+9	1.520067000E-5
1.419973333E+9	1.495863000E-5
1.419976667E+9	1.522013000E-5
1.419980000E+9	1.519652000E-5
1.419983333E+9	1.516320000E-5
1.419986667E+9	1.532406000E-5
1.419990000E+9	1.541730000E-5
1.419993333E+9	1.492307000E-5
1.419996667E+9	1.514836000E-5
1.420000000E+9	1.629621000E-5
1.420003333E+9	1.771183000E-5
1.420006667E+9	1.487798000E-5
1.420010000E+9	1.482020000E-5
1.420013333E+9	1.483125000E-5
1.420016667E+9	1.504347000E-5
1.420020000E+9	1.512423000E-5
1.420023333E+9	1.505015000E-5
1.420026667E+9	1.526057000E-5
1.420030000E+9	1.489948000E-5
1.420033333E+9	1.584539000E-5
1.420036667E+9	1.594758000E-5
1.420040000E+9	1.525706000E-5
1.420043333E+9	1.513358000E-5
1.420046667E+9	1.486384000E-5
1.420050000E+9	1.534997000E-5
1.420053333E+9	1.484562000E-5
1.420056667E+9	1.479125000E-5
1.420060000E+9	1.500087000E-5
1.420063333E+9	1.508809000E-5
1.420066667E+9	1.490272000E-5
1.420070000E+9	1.488715000E-5
1.420073333E+9	1.497808000E-5
1.420076667E+9	1.499071000E-5
1.420080000E+9	1.489598000E-5
1.420083333E+9	1.507529000E-5
1.420086667E+9	1.508930000E-5
1.420090000E+9	1.476611000E-5
1.420093333E+9	1.498602000E-5
1.420096667E+9	1.507653000E-5
1.420100000E+9	1.476088000E-5
1.420103333E+9	1.513388000E-5
1.420106667E+9	1.489706000E-5
1.420110000E+9	1.520702000E-5
1.420113333E+9	1.504295000E-5
1.420116667E+9	1.503442000E-5
1.420120000E+9	1.480945000E-5
1.420123333E+9	1.498714000E-5
1.420126667E+9	1.503183000E-5
1.420130000E+9	1.478066000E-5
1.420133333E+9	1.502363000E-5
1.420136667E+9	1.496328000E-5
1.420140000E+9	1.475594000E-5
1.420143333E+9	1.463526000E-5
1.420146667E+9	1.483989000E-5
1.420150000E+9	1.469994000E-5
1.420153333E+9	1.502768000E-5
1.420156667E+9	1.478609000E-5
1.420160000E+9	1.491319000E-5
1.420163333E+9	1.527333000E-5
1.420166667E+9	1.490936000E-5
1.420170000E+9	1.483764000E-5
1.420173333E+9	1.486484000E-5
1.420176667E+9	1.497025000E-5
1.420180000E+9	1.495973000E-5
1.420183333E+9	1.510163000E-5
1.420186667E+9	1.462437000E-5
1.420190000E+9	1.504893000E-5
1.420193333E+9	1.501089000E-5
1.420196667E+9	1.508164000E-5
1.420200000E+9	1.473813000E-5
1.420203333E+9	1.483515000E-5
1.420206667E+9	1.492130000E-5
1.420210000E+9	1.467526000E-5
1.420213333E+9	1.509200000E-5
1.420216667E+9	1.482971000E-5
1.420220000E+9	1.472810000E-5
1.420223333E+9	1.472436000E-5
1.420226667E+9	1.489743000E-5
1.420230000E+9	1.498326000E-5
1.420233333E+9	1.491422000E-5
1.420236667E+9	1.531935000E-5
1.420240000E+9	1.497586000E-5
1.420243333E+9	1.461389000E-5
1.420246667E+9	1.507484000E-5
1.420250000E+9	1.484150000E-5
1.420253333E+9	1.495589000E-5
1.420256667E+9	1.541016000E-5
1.420260000E+9	1.486975000E-5
1.420263333E+9	1.496994000E-5
1.420266667E+9	1.509669000E-5
1.420270000E+9	1.491249000E-5
1.420273333E+9	1.507004000E-5
1.420276667E+9	1.500810000E-5
1.420280000E+9	1.497494000E-5
1.420283333E+9	1.510722000E-5
1.420286667E+9	1.478651000E-5
1.420290000E+9	1.487393000E-5
1.420293333E+9	1.560895000E-5
1.420296667E+9	1.793917000E-5
1.420300000E+9	1.527100000E-5
1.420303333E+9	1.498155000E-5
1.420306667E+9	1.511028000E-5
1.420310000E+9	1.559264000E-5
1.420313333E+9	1.499883000E-5
1.420316667E+9	1.535992000E-5
1.420320000E+9	1.553587000E-5
1.420323333E+9	1.515886000E-5
1.420326667E+9	1.552264000E-5
1.420330000E+9	1.623841000E-5
1.420333333E+9	1.509516000E-5
1.420336667E+9	1.529410000E-5
1.420340000E+9	1.527642000E-5
1.420343333E+9	1.530094000E-5
1.420346667E+9	1.559155000E-5
1.420350000E+9	1.541600000E-5
1.420353333E+9	1.572858000E-5
1.420356667E+9	1.580367000E-5
1.420360000E+9	1.511365000E-5
1.420363333E+9	1.563171000E-5
1.420366667E+9	1.575383000E-5
1.420370000E+9	1.582048000E-5
1.420373333E+9	1.603537000E-5
1.420376667E+9	1.614217000E-5
1.420380000E+9	1.615913000E-5
1.420383333E+9	1.642656000E-5
1.420386667E+9	1.655540000E-5
1.420390000E+9	1.670417000E-5
1.420393333E+9	1.679823000E-5
1.420396667E+9	1.686017000E-5
1.420400000E+9	1.668768000E-5
1.420403333E+9	1.705114000E-5
1.420406667E+9	1.693910000E-5
1.420410000E+9	1.689178000E-5
1.420413333E+9	1.696697000E-5
1.420416667E+9	1.692540000E-5
1.420420000E+9	1.698839000E-5
1.420423333E+9	1.697325000E-5
1.420426667E+9	1.719388000E-5
1.420430000E+9	1.752217000E-5
1.420433333E+9	1.703856000E-5
1.420436667E+9	1.736949000E-5
1.420440000E+9	1.723287000E-5
1.420443333E+9	1.737836000E-5
1.420446667E+9	1.748122000E-5
1.420450000E+9	1.704852000E-5
1.420453333E+9	1.727405000E-5
1.420456667E+9	1.694816000E-5
1.420460000E+9	1.714862000E-5
1.420463333E+9	1.685082000E-5
1.420466667E+9	1.726234000E-5
1.420470000E+9	1.715020000E-5
1.420473333E+9	1.692263000E-5
1.420476667E+9	1.700658000E-5
1.420480000E+9	1.729421000E-5
1.420483333E+9	1.708648000E-5
1.420486667E+9	1.659158000E-5
1.420490000E+9	1.669222000E-5
1.420493333E+9	1.668641000E-5
1.420496667E+9	1.672741000E-5
1.420500000E+9	1.673243000E-5
1.420503333E+9	1.656268000E-5
1.420506667E+9	1.651316000E-5
1.420510000E+9	1.631474000E-5
1.420513333E+9	1.650968000E-5
1.420516667E+9	1.639665000E-5
1.420520000E+9	1.630341000E-5
1.420523333E+9	1.597729000E-5
1.420526667E+9	1.634581000E-5
1.420530000E+9	1.601122000E-5
1.420533333E+9	1.621235000E-5
1.420536667E+9	1.595045000E-5
1.420540000E+9	1.604687000E-5
1.420543333E+9	1.573026000E-5
1.420546667E+9	1.612935000E-5
1.420550000E+9	1.592903000E-5
1.420553333E+9	1.588411000E-5
1.420556667E+9	1.579344000E-5
1.420560000E+9	1.554831000E-5
1.420563333E+9	1.574386000E-5
1.420566667E+9	1.545021000E-5
1.420570000E+9	1.539168000E-5
1.420573333E+9	1.581529000E-5
1.420576667E+9	1.545628000E-5
1.420580000E+9	1.569562000E-5
1.420583333E+9	1.599231000E-5
1.420586667E+9	1.567598000E-5
1.420590000E+9	1.634294000E-5
1.420593333E+9	1.591839000E-5
1.420596667E+9	1.604261000E-5
1.420600000E+9	1.569756000E-5
1.420603333E+9	1.584430000E-5
1.420606667E+9	1.591342000E-5
1.420610000E+9	1.563691000E-5
1.420613333E+9	1.620838000E-5
1.420616667E+9	1.559319000E-5
1.420620000E+9	1.672120000E-5
1.420623333E+9	1.661272000E-5
1.420626667E+9	1.606448000E-5
1.420630000E+9	1.587277000E-5
1.420633333E+9	1.589898000E-5
1.420636667E+9	1.619618000E-5
1.420640000E+9	1.611607000E-5
1.420643333E+9	1.618174000E-5
1.420646667E+9	1.644366000E-5
1.420650000E+9	1.591400000E-5
1.420653333E+9	1.579698000E-5
1.420656667E+9	1.596572000E-5
1.420660000E+9	1.605838000E-5
1.420663333E+9	1.623970000E-5
1.420666667E+9	1.550663000E-5
1.420670000E+9	1.583965000E-5
1.420673333E+9	1.583367000E-5
1.420676667E+9	1.592965000E-5
1.420680000E+9	1.547691000E-5
1.420683333E+9	1.538679000E-5
1.420686667E+9	1.573283000E-5
1.420690000E+9	1.594855000E-5
1.420693333E+9	1.559799000E-5
1.420696667E+9	1.587625000E-5
1.420700000E+9	1.537943000E-5
1.420703333E+9	1.551862000E-5
1.420706667E+9	1.547353000E-5
1.420710000E+9	1.543922000E-5
1.420713333E+9	1.526832000E-5
1.420716667E+9	1.536942000E-5
1.420720000E+9	1.550052000E-5
1.420723333E+9	1.547749000E-5
1.420726667E+9	1.524843000E-5
1.420730000E+9	1.565765000E-5
1.420733333E+9	1.562996000E-5
1.420736667E+9	1.547272000E-5
1.420740000E+9	1.551150000E-5
1.420743333E+9	1.558338000E-5
1.420746667E+9	1.567142000E-5
1.420750000E+9	1.568332000E-5
1.420753333E+9	1.545803000E-5
1.420756667E+9	1.615840000E-5
1.420760000E+9	1.587601000E-5
1.420763333E+9	1.570375000E-5
1.420766667E+9	1.542197000E-5
1.420770000E+9	1.587296000E-5
1.420773333E+9	1.571275000E-5
1.420776667E+9	1.569522000E-5
1.420780000E+9	1.598369000E-5
1.420783333E+9	1.533512000E-5
1.420786667E+9	1.616258000E-5
1.420790000E+9	1.604481000E-5
1.420793333E+9	1.637660000E-5
1.420796667E+9	1.672354000E-5
1.420800000E+9	1.637498000E-5
1.420803333E+9	1.623451000E-5
1.420806667E+9	1.616147000E-5
1.420810000E+9	1.614816000E-5
1.420813333E+9	1.588565000E-5
1.420816667E+9	1.563954000E-5
1.420820000E+9	1.607331000E-5
1.420823333E+9	1.588139000E-5
1.420826667E+9	1.590197000E-5
1.420830000E+9	1.609943000E-5
1.420833333E+9	1.579235000E-5
1.420836667E+9	1.580196000E-5
1.420840000E+9	1.571992000E-5
1.420843333E+9	1.547613000E-5
1.420846667E+9	1.559449000E-5
1.420850000E+9	1.555936000E-5
1.420853333E+9	1.523158000E-5
1.420856667E+9	1.539482000E-5
1.420860000E+9	1.552903000E-5
1.420863333E+9	1.551828000E-5
1.420866667E+9	1.572288000E-5
1.420870000E+9	1.603800000E-5
1.420873333E+9	1.549786000E-5
1.420876667E+9	1.545377000E-5
1.420880000E+9	1.539166000E-5
1.420883333E+9	2.132612000E-5
1.420886667E+9	1.986018000E-5
1.420890000E+9	1.558020000E-5
1.420893333E+9	1.514874000E-5
1.420896667E+9	1.569322000E-5
1.420900000E+9	1.548387000E-5
1.420903333E+9	1.585528000E-5
1.420906667E+9	1.676216000E-5
1.420910000E+9	1.537387000E-5
1.420913333E+9	1.810705000E-5
1.420916667E+9	1.719394000E-5
1.420920000E+9	1.593515000E-5
1.420923333E+9	1.525049000E-5
1.420926667E+9	1.515729000E-5
1.420930000E+9	1.569177000E-5
1.420933333E+9	1.514425000E-5
1.420936667E+9	1.518631000E-5
1.420940000E+9	1.523613000E-5
1.420943333E+9	1.602096000E-5
1.420946667E+9	1.549868000E-5
1.420950000E+9	1.515074000E-5
1.420953333E+9	1.500461000E-5
1.420956667E+9	1.478269000E-5
1.420960000E+9	1.503594000E-5
1.420963333E+9	1.489439000E-5
1.420966667E+9	1.557119000E-5
1.420970000E+9	1.511716000E-5
1.420973333E+9	1.499494000E-5
1.420976667E+9	1.502787000E-5
1.420980000E+9	1.504032000E-5
1.420983333E+9	1.526456000E-5
1.420986667E+9	1.498099000E-5
1.420990000E+9	1.538681000E-5
1.420993333E+9	1.501720000E-5
1.420996667E+9	1.490218000E-5
1.421000000E+9	1.499361000E-5
1.421003333E+9	1.464230000E-5
1.421006667E+9	1.496087000E-5
1.421010000E+9	1.489029000E-5
1.421013333E+9	1.498413000E-5
1.421016667E+9	1.501846000E-5
1.421020000E+9	1.521099000E-5
1.421023333E+9	1.502644000E-5
1.421026667E+9	1.464684000E-5
1.421030000E+9	1.508300000E-5
1.421033333E+9	1.500402000E-5
1.421036667E+9	1.494009000E-5
1.421040000E+9	1.458861000E-5
1.421043333E+9	1.473238000E-5
1.421046667E+9	1.518111000E-5
1.421050000E+9	1.485518000E-5
1.421053333E+9	1.502377000E-5
1.421056667E+9	1.517518000E-5
1.421060000E+9	1.498787000E-5
1.421063333E+9	1.496476000E-5
1.421066667E+9	1.514099000E-5
1.421070000E+9	1.462596000E-5
1.421073333E+9	1.449425000E-5
1.421076667E+9	1.461856000E-5
1.421080000E+9	1.485684000E-5
1.421083333E+9	1.472069000E-5
1.421086667E+9	1.500290000E-5
1.421090000E+9	1.502129000E-5
1.421093333E+9	1.548773000E-5
1.421096667E+9	1.523056000E-5
1.421100000E+9	1.482630000E-5
1.421103333E+9	1.480035000E-5
1.421106667E+9	1.484359000E-5
1.421110000E+9	1.483469000E-5
1.421113333E+9	1.492004000E-5
1.421116667E+9	1.543183000E-5
1.421120000E+9	1.513787000E-5
1.421123333E+9	1.484936000E-5
1.421126667E+9	1.474785000E-5
1.421130000E+9	1.503211000E-5
1.421133333E+9	1.522573000E-5
1.421136667E+9	1.472029000E-5
1.421140000E+9	1.491370000E-5
1.421143333E+9	1.464094000E-5
1.421146667E+9	1.477774000E-5
1.421150000E+9	1.493886000E-5
1.421153333E+9	1.525706000E-5
1.421156667E+9	1.498503000E-5
1.421160000E+9	1.486704000E-5
1.421163333E+9	1.500945000E-5
1.421166667E+9	1.520208000E-5
1.421170000E+9	1.489943000E-5
1.421173333E+9	1.506083000E-5
1.421176667E+9	1.855236000E-5
1.421180000E+9	2.283114000E-5
1.421183333E+9	1.511407000E-5
1.421186667E+9	1.473685000E-5
1.421190000E+9	1.527435000E-5
1.421193333E+9	1.480119000E-5
1.421196667E+9	1.511632000E-5
1.421200000E+9	1.487761000E-5
1.421203333E+9	1.490867000E-5
1.421206667E+9	1.597555000E-5
1.421210000E+9	1.536485000E-5
1.421213333E+9	1.514962000E-5
1.421216667E+9	1.476827000E-5
1.421220000E+9	1.536640000E-5
1.421223333E+9	1.477150000E-5
1.421226667E+9	1.472155000E-5
1.421230000E+9	1.471602000E-5
1.421233333E+9	1.477877000E-5
1.421236667E+9	1.470381000E-5
1.421240000E+9	1.494084000E-5
1.421243333E+9	1.506172000E-5
1.421246667E+9	1.498097000E-5
1.421250000E+9	1.497984000E-5
1.421253333E+9	1.472714000E-5
1.421256667E+9	1.465897000E-5
1.421260000E+9	1.493066000E-5
1.421263333E+9	1.518238000E-5
1.421266667E+9	1.474625000E-5
1.421270000E+9	1.513140000E-5
1.421273333E+9	1.471806000E-5
1.421276667E+9	1.484119000E-5
1.421280000E+9	1.513519000E-5
1.421283333E+9	1.521906000E-5
1.421286667E+9	1.563545000E-5
1.421290000E+9	1.599753000E-5
1.421293333E+9	1.504883000E-5
1.421296667E+9	1.491450000E-5
1.421300000E+9	1.467778000E-5
1.421303333E+9	1.477664000E-5
1.421306667E+9	1.464696000E-5
1.421310000E+9	1.471447000E-5
1.421313333E+9	1.443799000E-5
1.421316667E+9	1.521764000E-5
1.421320000E+9	1.477383000E-5
1.421323333E+9	1.457881000E-5
1.421326667E+9	1.455432000E-5
1.421330000E+9	1.470383000E-5
1.421333333E+9	1.479819000E-5
1.421336667E+9	1.505316000E-5
1.421340000E+9	1.472999000E-5
1.421343333E+9	1.465395000E-5
1.421346667E+9	1.486072000E-5
1.421350000E+9	1.507438000E-5
1.421353333E+9	1.636566000E-5
1.421356667E+9	1.769550000E-5
1.421360000E+9	1.536139000E-5
1.421363333E+9	1.507371000E-5
1.421366667E+9	1.528563000E-5
1.421370000E+9	1.504063000E-5
1.421373333E+9	1.476459000E-5
1.421376667E+9	1.464335000E-5
1.421380000E+9	1.481908000E-5
1.421383333E+9	1.462948000E-5
1.421386667E+9	1.473816000E-5
1.421390000E+9	1.497170000E-5
1.421393333E+9	1.498081000E-5
1.421396667E+9	1.489953000E-5
1.421400000E+9	1.482598000E-5
