Frequency, Hz	Amplitude, Volts
1.419400000E+9	1.727430000E-5
1.419403333E+9	1.699589000E-5
1.419406667E+9	1.712895000E-5
1.419410000E+9	1.701097000E-5
1.419413333E+9	1.689480000E-5
1.419416667E+9	1.698768000E-5
1.419420000E+9	1.688540000E-5
1.419423333E+9	1.726869000E-5
1.419426667E+9	1.711333000E-5
1.419430000E+9	1.695592000E-5
1.419433333E+9	1.687052000E-5
1.419436667E+9	1.689308000E-5
1.419440000E+9	1.687780000E-5
1.419443333E+9	1.709054000E-5
1.419446667E+9	1.719316000E-5
1.419450000E+9	1.853276000E-5
1.419453333E+9	1.703832000E-5
1.419456667E+9	1.658484000E-5
1.419460000E+9	1.708145000E-5
1.419463333E+9	1.717371000E-5
1.419466667E+9	1.709164000E-5
1.419470000E+9	1.686833000E-5
1.419473333E+9	1.714822000E-5
1.419476667E+9	1.691186000E-5
1.419480000E+9	1.676871000E-5
1.419483333E+9	1.662717000E-5
1.419486667E+9	1.649846000E-5
1.419490000E+9	1.701495000E-5
1.419493333E+9	1.692897000E-5
1.419496667E+9	1.689785000E-5
1.419500000E+9	1.671599000E-5
1.419503333E+9	1.679657000E-5
1.419506667E+9	1.652910000E-5
1.419510000E+9	1.742445000E-5
1.419513333E+9	1.708870000E-5
1.419516667E+9	1.669567000E-5
1.419520000E+9	1.697580000E-5
1.419523333E+9	1.648618000E-5
1.419526667E+9	1.680022000E-5
1.419530000E+9	1.706357000E-5
1.419533333E+9	1.664522000E-5
1.419536667E+9	1.708605000E-5
1.419540000E+9	1.718952000E-5
1.419543333E+9	1.688180000E-5
1.419546667E+9	1.659211000E-5
1.419550000E+9	1.704298000E-5
1.419553333E+9	1.702504000E-5
1.419556667E+9	1.671313000E-5
1.419560000E+9	1.670779000E-5
1.419563333E+9	1.671327000E-5
1.419566667E+9	1.695015000E-5
1.419570000E+9	1.703678000E-5
1.419573333E+9	1.692412000E-5
1.419576667E+9	1.663316000E-5
1.419580000E+9	1.669721000E-5
1.419583333E+9	1.657024000E-5
1.419586667E+9	1.679403000E-5
1.419590000E+9	1.693053000E-5
1.419593333E+9	1.695942000E-5
1.419596667E+9	1.670241000E-5
1.419600000E+9	1.658165000E-5
1.419603333E+9	1.703411000E-5
1.419606667E+9	1.685828000E-5
1.419610000E+9	1.677637000E-5
1.419613333E+9	1.705979000E-5
1.419616667E+9	1.698555000E-5
1.419620000E+9	1.654610000E-5
1.419623333E+9	1.670172000E-5
1.419626667E+9	1.670872000E-5
1.419630000E+9	1.666688000E-5
1.419633333E+9	1.709596000E-5
1.419636667E+9	1.672857000E-5
1.419640000E+9	1.674516000E-5
1.419643333E+9	1.722377000E-5
1.419646667E+9	1.654334000E-5
1.419650000E+9	1.660849000E-5
1.419653333E+9	1.674832000E-5
1.419656667E+9	1.704101000E-5
1.419660000E+9	1.671915000E-5
1.419663333E+9	1.667359000E-5
1.419666667E+9	1.697891000E-5
1.419670000E+9	1.703796000E-5
1.419673333E+9	1.643650000E-5
1.419676667E+9	1.690341000E-5
1.419680000E+9	1.690473000E-5
1.419683333E+9	1.679266000E-5
1.419686667E+9	1.664743000E-5
1.419690000E+9	1.692772000E-5
1.419693333E+9	1.673533000E-5
1.419696667E+9	1.671386000E-5
1.419700000E+9	1.688075000E-5
1.419703333E+9	1.676212000E-5
1.419706667E+9	1.663368000E-5
1.419710000E+9	1.701398000E-5
1.419713333E+9	1.655040000E-5
1.419716667E+9	1.687122000E-5
1.419720000E+9	1.658116000E-5
1.419723333E+9	1.681635000E-5
1.419726667E+9	1.701958000E-5
1.419730000E+9	1.673015000E-5
1.419733333E+9	1.942187000E-5
1.419736667E+9	1.692862000E-5
1.419740000E+9	1.733118000E-5
1.419743333E+9	1.815373000E-5
1.419746667E+9	1.700606000E-5
1.419750000E+9	1.687962000E-5
1.419753333E+9	1.724355000E-5
1.419756667E+9	1.707628000E-5
1.419760000E+9	1.653411000E-5
1.419763333E+9	1.714958000E-5
1.419766667E+9	1.707793000E-5
1.419770000E+9	1.691450000E-5
1.419773333E+9	1.678687000E-5
1.419776667E+9	1.681146000E-5
1.419780000E+9	1.704709000E-5
1.419783333E+9	1.691095000E-5
1.419786667E+9	1.695944000E-5
1.419790000E+9	1.687780000E-5
1.419793333E+9	1.670361000E-5
1.419796667E+9	1.694327000E-5
1.419800000E+9	1.694135000E-5
1.419803333E+9	1.639251000E-5
1.419806667E+9	1.678422000E-5
1.419810000E+9	1.693761000E-5
1.419813333E+9	1.682176000E-5
1.419816667E+9	1.702091000E-5
1.419820000E+9	1.684437000E-5
1.419823333E+9	1.681667000E-5
1.419826667E+9	1.703923000E-5
1.419830000E+9	1.718254000E-5
1.419833333E+9	1.714880000E-5
1.419836667E+9	1.732188000E-5
1.419840000E+9	1.697513000E-5
1.419843333E+9	1.722612000E-5
1.419846667E+9	1.712369000E-5
1.419850000E+9	1.646958000E-5
1.419853333E+9	1.700968000E-5
1.419856667E+9	1.698169000E-5
1.419860000E+9	1.693728000E-5
1.419863333E+9	1.693782000E-5
1.419866667E+9	1.731241000E-5
1.419870000E+9	1.714195000E-5
1.419873333E+9	1.673862000E-5
1.419876667E+9	1.702341000E-5
1.419880000E+9	1.670251000E-5
1.419883333E+9	1.714718000E-5
1.419886667E+9	1.700253000E-5
1.419890000E+9	1.675171000E-5
1.419893333E+9	1.701657000E-5
1.419896667E+9	1.699176000E-5
1.419900000E+9	1.691988000E-5
1.419903333E+9	1.682068000E-5
1.419906667E+9	1.656371000E-5
1.419910000E+9	1.708793000E-5
1.419913333E+9	1.682564000E-5
1.419916667E+9	1.695250000E-5
1.419920000E+9	1.725446000E-5
1.419923333E+9	1.652642000E-5
1.419926667E+9	1.641906000E-5
1.419930000E+9	1.700313000E-5
1.419933333E+9	1.685464000E-5
1.419936667E+9	1.717055000E-5
1.419940000E+9	1.684735000E-5
1.419943333E+9	1.643058000E-5
1.419946667E+9	1.694967000E-5
1.419950000E+9	1.670366000E-5
1.419953333E+9	1.642847000E-5
1.419956667E+9	1.670071000E-5
1.419960000E+9	1.722803000E-5
1.419963333E+9	1.697328000E-5
1.419966667E+9	1.680827000E-5
1.419970000E+9	1.696695000E-5
1.419973333E+9	1.682226000E-5
1.419976667E+9	1.649190000E-5
1.419980000E+9	1.702566000E-5
1.419983333E+9	1.684431000E-5
1.419986667E+9	1.713443000E-5
1.419990000E+9	1.713593000E-5
1.419993333E+9	1.702502000E-5
1.419996667E+9	1.683071000E-5
1.420000000E+9	1.687830000E-5
1.420003333E+9	1.702508000E-5
1.420006667E+9	1.685327000E-5
1.420010000E+9	1.672524000E-5
1.420013333E+9	1.637525000E-5
1.420016667E+9	1.654470000E-5
1.420020000E+9	1.717854000E-5
1.420023333E+9	1.734538000E-5
1.420026667E+9	1.708391000E-5
1.420030000E+9	1.693075000E-5
1.420033333E+9	1.729797000E-5
1.420036667E+9	1.792842000E-5
1.420040000E+9	1.719296000E-5
1.420043333E+9	1.692185000E-5
1.420046667E+9	1.682143000E-5
1.420050000E+9	1.710867000E-5
1.420053333E+9	1.727963000E-5
1.420056667E+9	1.696574000E-5
1.420060000E+9	1.741176000E-5
1.420063333E+9	1.683098000E-5
1.420066667E+9	1.690336000E-5
1.420070000E+9	1.680039000E-5
1.420073333E+9	1.714310000E-5
1.420076667E+9	1.684612000E-5
1.420080000E+9	1.730542000E-5
1.420083333E+9	1.700507000E-5
1.420086667E+9	1.708434000E-5
1.420090000E+9	1.727775000E-5
1.420093333E+9	1.706114000E-5
1.420096667E+9	1.706209000E-5
1.420100000E+9	1.730012000E-5
1.420103333E+9	1.699251000E-5
1.420106667E+9	1.664937000E-5
1.420110000E+9	1.661726000E-5
1.420113333E+9	1.718237000E-5
1.420116667E+9	1.726463000E-5
1.420120000E+9	1.660920000E-5
1.420123333E+9	1.714009000E-5
1.420126667E+9	1.714566000E-5
1.420130000E+9	1.708134000E-5
1.420133333E+9	1.706790000E-5
1.420136667E+9	1.700210000E-5
1.420140000E+9	1.699238000E-5
1.420143333E+9	1.708091000E-5
1.420146667E+9	1.736623000E-5
1.420150000E+9	1.725052000E-5
1.420153333E+9	1.726850000E-5
1.420156667E+9	1.724752000E-5
1.420160000E+9	1.722341000E-5
1.420163333E+9	1.760088000E-5
1.420166667E+9	1.741437000E-5
1.420170000E+9	1.748671000E-5
1.420173333E+9	1.730141000E-5
1.420176667E+9	1.756497000E-5
1.420180000E+9	1.729704000E-5
1.420183333E+9	1.763162000E-5
1.420186667E+9	1.785969000E-5
1.420190000E+9	1.775146000E-5
1.420193333E+9	1.765238000E-5
1.420196667E+9	1.731298000E-5
1.420200000E+9	1.791338000E-5
1.420203333E+9	1.758386000E-5
1.420206667E+9	1.780518000E-5
1.420210000E+9	1.810423000E-5
1.420213333E+9	1.783359000E-5
1.420216667E+9	1.812945000E-5
1.420220000E+9	1.829653000E-5
1.420223333E+9	1.808631000E-5
1.420226667E+9	1.825439000E-5
1.420230000E+9	1.848208000E-5
1.420233333E+9	1.785957000E-5
1.420236667E+9	1.815975000E-5
1.420240000E+9	1.823868000E-5
1.420243333E+9	1.811891000E-5
1.420246667E+9	1.829594000E-5
1.420250000E+9	1.794267000E-5
1.420253333E+9	1.830919000E-5
1.420256667E+9	1.806745000E-5
1.420260000E+9	1.842891000E-5
1.420263333E+9	1.822703000E-5
1.420266667E+9	1.940709000E-5
1.420270000E+9	1.878472000E-5
1.420273333E+9	1.844680000E-5
1.420276667E+9	1.807668000E-5
1.420280000E+9	1.801417000E-5
1.420283333E+9	1.820191000E-5
1.420286667E+9	1.859958000E-5
1.420290000E+9	1.805452000E-5
1.420293333E+9	1.816879000E-5
1.420296667E+9	1.784007000E-5
1.420300000E+9	1.811895000E-5
1.420303333E+9	1.865210000E-5
1.420306667E+9	1.818475000E-5
1.420310000E+9	1.767234000E-5
1.420313333E+9	1.855839000E-5
1.420316667E+9	1.877985000E-5
1.420320000E+9	1.847755000E-5
1.420323333E+9	1.829635000E-5
1.420326667E+9	1.862527000E-5
1.420330000E+9	1.938993000E-5
1.420333333E+9	1.835685000E-5
1.420336667E+9	1.862901000E-5
1.420340000E+9	1.860832000E-5
1.420343333E+9	1.794051000E-5
1.420346667E+9	1.808043000E-5
1.420350000E+9	1.789164000E-5
1.420353333E+9	1.761383000E-5
1.420356667E+9	1.714208000E-5
1.420360000E+9	1.741695000E-5
1.420363333E+9	1.742291000E-5
1.420366667E+9	1.755784000E-5
1.420370000E+9	1.721795000E-5
1.420373333E+9	1.706177000E-5
1.420376667E+9	1.716436000E-5
1.420380000E+9	1.681659000E-5
1.420383333E+9	1.699779000E-5
1.420386667E+9	1.734803000E-5
1.420390000E+9	1.714976000E-5
1.420393333E+9	1.701508000E-5
1.420396667E+9	1.699059000E-5
1.420400000E+9	1.707112000E-5
1.420403333E+9	1.704167000E-5
1.420406667E+9	1.715359000E-5
1.420410000E+9	1.643572000E-5
1.420413333E+9	1.707137000E-5
1.420416667E+9	1.690983000E-5
1.420420000E+9	1.709027000E-5
1.420423333E+9	1.755088000E-5
1.420426667E+9	1.679561000E-5
1.420430000E+9	1.688496000E-5
1.420433333E+9	1.712419000E-5
1.420436667E+9	1.717085000E-5
1.420440000E+9	1.705645000E-5
1.420443333E+9	1.713008000E-5
1.420446667E+9	1.702076000E-5
1.420450000E+9	1.717285000E-5
1.420453333E+9	1.683999000E-5
1.420456667E+9	1.706700000E-5
1.420460000E+9	1.704790000E-5
1.420463333E+9	1.686447000E-5
1.420466667E+9	1.721615000E-5
1.420470000E+9	1.711136000E-5
1.420473333E+9	1.709472000E-5
1.420476667E+9	1.697237000E-5
1.420480000E+9	1.703746000E-5
1.420483333E+9	1.692780000E-5
1.420486667E+9	1.732507000E-5
1.420490000E+9	1.705308000E-5
1.420493333E+9	1.694057000E-5
1.420496667E+9	1.680417000E-5
1.420500000E+9	1.692893000E-5
1.420503333E+9	1.700735000E-5
1.420506667E+9	1.673685000E-5
1.420510000E+9	1.689174000E-5
1.420513333E+9	1.731463000E-5
1.420516667E+9	1.714794000E-5
1.420520000E+9	1.706340000E-5
1.420523333E+9	1.695203000E-5
1.420526667E+9	1.661332000E-5
1.420530000E+9	1.704442000E-5
1.420533333E+9	1.663384000E-5
1.420536667E+9	1.672164000E-5
1.420540000E+9	1.685284000E-5
1.420543333E+9	1.683276000E-5
1.420546667E+9	1.708903000E-5
1.420550000E+9	1.711062000E-5
1.420553333E+9	1.686885000E-5
1.420556667E+9	1.687067000E-5
1.420560000E+9	1.639409000E-5
1.420563333E+9	1.638236000E-5
1.420566667E+9	1.678404000E-5
1.420570000E+9	1.690163000E-5
1.420573333E+9	1.676915000E-5
1.420576667E+9	1.664361000E-5
1.420580000E+9	1.639546000E-5
1.420583333E+9	1.655146000E-5
1.420586667E+9	1.643406000E-5
1.420590000E+9	1.690354000E-5
1.420593333E+9	1.661787000E-5
1.420596667E+9	1.650899000E-5
1.420600000E+9	1.683313000E-5
1.420603333E+9	1.674246000E-5
1.420606667E+9	1.667024000E-5
1.420610000E+9	1.682093000E-5
1.420613333E+9	1.711521000E-5
1.420616667E+9	1.664361000E-5
1.420620000E+9	1.744855000E-5
1.420623333E+9	1.797213000E-5
1.420626667E+9	1.682285000E-5
1.420630000E+9	1.678512000E-5
1.420633333E+9	1.691751000E-5
1.420636667E+9	1.654346000E-5
1.420640000E+9	1.656157000E-5
1.420643333E+9	1.663886000E-5
1.420646667E+9	1.684988000E-5
1.420650000E+9	1.655373000E-5
1.420653333E+9	1.670093000E-5
1.420656667E+9	1.664235000E-5
1.420660000E+9	1.705713000E-5
1.420663333E+9	1.652870000E-5
1.420666667E+9	1.645524000E-5
1.420670000E+9	1.658682000E-5
1.420673333E+9	1.657337000E-5
1.420676667E+9	1.670904000E-5
1.420680000E+9	1.669578000E-5
1.420683333E+9	1.640727000E-5
1.420686667E+9	1.673843000E-5
1.420690000E+9	1.667991000E-5
1.420693333E+9	1.665987000E-5
1.420696667E+9	1.656249000E-5
1.420700000E+9	1.652250000E-5
1.420703333E+9	1.658331000E-5
1.420706667E+9	1.676479000E-5
1.420710000E+9	1.665486000E-5
1.420713333E+9	1.663963000E-5
1.420716667E+9	1.680478000E-5
1.420720000E+9	1.662526000E-5
1.420723333E+9	1.644245000E-5
1.420726667E+9	1.662338000E-5
1.420730000E+9	1.677158000E-5
1.420733333E+9	1.652319000E-5
1.420736667E+9	1.653812000E-5
1.420740000E+9	1.664897000E-5
1.420743333E+9	1.707744000E-5
1.420746667E+9	1.637750000E-5
1.420750000E+9	1.664559000E-5
1.420753333E+9	1.644173000E-5
1.420756667E+9	1.678894000E-5
1.420760000E+9	1.636368000E-5
1.420763333E+9	1.679556000E-5
1.420766667E+9	1.627513000E-5
1.420770000E+9	1.652243000E-5
1.420773333E+9	1.712397000E-5
1.420776667E+9	1.691175000E-5
1.420780000E+9	1.647106000E-5
1.420783333E+9	1.668418000E-5
1.420786667E+9	1.642259000E-5
1.420790000E+9	1.640016000E-5
1.420793333E+9	1.687174000E-5
1.420796667E+9	1.662020000E-5
1.420800000E+9	1.696615000E-5
1.420803333E+9	1.677190000E-5
1.420806667E+9	1.661360000E-5
1.420810000E+9	1.637315000E-5
1.420813333E+9	1.684298000E-5
1.420816667E+9	1.667131000E-5
1.420820000E+9	1.669209000E-5
1.420823333E+9	1.696617000E-5
1.420826667E+9	1.686646000E-5
1.420830000E+9	1.650625000E-5
1.420833333E+9	1.661276000E-5
1.420836667E+9	1.662409000E-5
1.420840000E+9	1.624758000E-5
1.420843333E+9	1.697969000E-5
1.420846667E+9	1.667960000E-5
1.420850000E+9	1.681286000E-5
1.420853333E+9	1.659717000E-5
1.420856667E+9	1.642874000E-5
1.420860000E+9	1.683760000E-5
1.420863333E+9	1.677853000E-5
1.420866667E+9	1.664528000E-5
1.420870000E+9	1.683412000E-5
1.420873333E+9	1.663974000E-5
1.420876667E+9	1.646697000E-5
1.420880000E+9	1.641958000E-5
1.420883333E+9	1.725267000E-5
1.420886667E+9	1.680312000E-5
1.420890000E+9	1.653934000E-5
1.420893333E+9	1.672524000E-5
1.420896667E+9	1.693776000E-5
1.420900000E+9	1.710959000E-5
1.420903333E+9	1.687743000E-5
1.420906667E+9	1.681488000E-5
1.420910000E+9	1.691440000E-5
1.420913333E+9	2.015830000E-5
1.420916667E+9	1.908420000E-5
1.420920000E+9	1.712792000E-5
1.420923333E+9	1.641453000E-5
1.420926667E+9	1.763361000E-5
1.420930000E+9	1.697539000E-5
1.420933333E+9	1.686391000E-5
1.420936667E+9	1.698764000E-5
1.420940000E+9	1.709177000E-5
1.420943333E+9	1.641641000E-5
1.420946667E+9	1.703250000E-5
1.420950000E+9	1.639699000E-5
1.420953333E+9	1.690336000E-5
1.420956667E+9	1.662557000E-5
1.420960000E+9	1.674450000E-5
1.420963333E+9	1.676878000E-5
1.420966667E+9	1.705645000E-5
1.420970000E+9	1.646236000E-5
1.420973333E+9	1.673411000E-5
1.420976667E+9	1.627533000E-5
1.420980000E+9	1.657923000E-5
1.420983333E+9	1.662710000E-5
1.420986667E+9	1.697528000E-5
1.420990000E+9	1.667299000E-5
1.420993333E+9	1.654644000E-5
1.420996667E+9	1.670212000E-5
1.421000000E+9	1.716457000E-5
1.421003333E+9	1.670395000E-5
1.421006667E+9	1.648879000E-5
1.421010000E+9	1.652856000E-5
1.421013333E+9	1.650118000E-5
1.421016667E+9	1.674318000E-5
1.421020000E+9	1.670505000E-5
1.421023333E+9	1.694223000E-5
1.421026667E+9	1.665954000E-5
1.421030000E+9	1.667004000E-5
1.421033333E+9	1.668577000E-5
1.421036667E+9	1.671129000E-5
1.421040000E+9	1.678234000E-5
1.421043333E+9	1.652087000E-5
1.421046667E+9	1.658535000E-5
1.421050000E+9	1.646092000E-5
1.421053333E+9	1.692594000E-5
1.421056667E+9	1.654637000E-5
1.421060000E+9	1.669224000E-5
1.421063333E+9	1.664076000E-5
1.421066667E+9	1.705926000E-5
1.421070000E+9	1.682551000E-5
1.421073333E+9	1.656129000E-5
1.421076667E+9	1.678302000E-5
1.421080000E+9	1.664807000E-5
1.421083333E+9	1.693267000E-5
1.421086667E+9	1.677048000E-5
1.421090000E+9	1.688082000E-5
1.421093333E+9	1.681333000E-5
1.421096667E+9	1.719653000E-5
1.421100000E+9	1.751058000E-5
1.421103333E+9	1.703714000E-5
1.421106667E+9	1.666812000E-5
1.421110000E+9	1.661358000E-5
1.421113333E+9	1.682544000E-5
1.421116667E+9	1.668823000E-5
1.421120000E+9	1.692012000E-5
1.421123333E+9	1.686113000E-5
1.421126667E+9	1.695980000E-5
1.421130000E+9	1.692198000E-5
1.421133333E+9	1.724347000E-5
1.421136667E+9	1.691121000E-5
1.421140000E+9	1.716779000E-5
1.421143333E+9	1.688462000E-5
1.421146667E+9	1.711525000E-5
1.421150000E+9	1.669772000E-5
1.421153333E+9	1.683594000E-5
1.421156667E+9	1.680986000E-5
1.421160000E+9	1.673516000E-5
1.421163333E+9	1.727616000E-5
1.421166667E+9	1.707613000E-5
1.421170000E+9	1.675999000E-5
1.421173333E+9	1.671283000E-5
1.421176667E+9	1.680410000E-5
1.421180000E+9	1.685443000E-5
1.421183333E+9	1.664994000E-5
1.421186667E+9	1.674886000E-5
1.421190000E+9	1.684400000E-5
1.421193333E+9	1.712950000E-5
1.421196667E+9	1.671865000E-5
1.421200000E+9	1.693036000E-5
1.421203333E+9	1.697097000E-5
1.421206667E+9	1.811248000E-5
1.421210000E+9	1.759462000E-5
1.421213333E+9	1.733017000E-5
1.421216667E+9	1.684095000E-5
1.421220000E+9	1.721428000E-5
1.421223333E+9	1.654341000E-5
1.421226667E+9	1.701340000E-5
1.421230000E+9	1.686091000E-5
1.421233333E+9	1.714830000E-5
1.421236667E+9	1.655008000E-5
1.421240000E+9	1.689903000E-5
1.421243333E+9	1.699408000E-5
1.421246667E+9	1.675704000E-5
1.421250000E+9	1.674489000E-5
1.421253333E+9	1.646590000E-5
1.421256667E+9	1.704432000E-5
1.421260000E+9	1.695188000E-5
1.421263333E+9	1.727301000E-5
1.421266667E+9	1.701209000E-5
1.421270000E+9	1.685458000E-5
1.421273333E+9	1.736491000E-5
1.421276667E+9	1.670307000E-5
1.421280000E+9	1.684082000E-5
1.421283333E+9	1.674582000E-5
1.421286667E+9	1.683523000E-5
1.421290000E+9	1.679812000E-5
1.421293333E+9	1.706162000E-5
1.421296667E+9	1.745207000E-5
1.421300000E+9	1.733689000E-5
1.421303333E+9	1.684747000E-5
1.421306667E+9	1.706625000E-5
1.421310000E+9	1.677442000E-5
1.421313333E+9	1.678140000E-5
1.421316667E+9	1.722727000E-5
1.421320000E+9	1.682437000E-5
1.421323333E+9	1.678101000E-5
1.421326667E+9	1.724694000E-5
1.421330000E+9	1.690655000E-5
1.421333333E+9	1.700636000E-5
1.421336667E+9	1.689946000E-5
1.421340000E+9	1.688989000E-5
1.421343333E+9	1.733010000E-5
1.421346667E+9	1.714673000E-5
1.421350000E+9	1.732129000E-5
1.421353333E+9	1.748721000E-5
1.421356667E+9	1.703570000E-5
1.421360000E+9	1.718133000E-5
1.421363333E+9	1.803986000E-5
1.421366667E+9	1.978605000E-5
1.421370000E+9	1.787743000E-5
1.421373333E+9	1.742098000E-5
1.421376667E+9	1.682433000E-5
1.421380000E+9	1.681582000E-5
1.421383333E+9	1.755909000E-5
1.421386667E+9	1.709570000E-5
1.421390000E+9	1.721563000E-5
1.421393333E+9	1.702237000E-5
1.421396667E+9	1.673384000E-5
1.421400000E+9	1.714592000E-5
