Frequency, Hz	Amplitude, Volts
1.419400000E+9	1.477057000E-5
1.419403333E+9	1.463708000E-5
1.419406667E+9	1.456086000E-5
1.419410000E+9	1.464690000E-5
1.419413333E+9	1.493700000E-5
1.419416667E+9	1.484789000E-5
1.419420000E+9	1.437183000E-5
1.419423333E+9	1.466541000E-5
1.419426667E+9	1.463063000E-5
1.419430000E+9	1.476684000E-5
1.419433333E+9	1.484557000E-5
1.419436667E+9	1.486849000E-5
1.419440000E+9	1.481766000E-5
1.419443333E+9	1.491868000E-5
1.419446667E+9	1.511946000E-5
1.419450000E+9	1.500290000E-5
1.419453333E+9	1.616724000E-5
1.419456667E+9	1.589116000E-5
1.419460000E+9	1.486738000E-5
1.419463333E+9	1.491437000E-5
1.419466667E+9	1.466151000E-5
1.419470000E+9	1.474533000E-5
1.419473333E+9	1.486242000E-5
1.419476667E+9	1.477158000E-5
1.419480000E+9	1.474463000E-5
1.419483333E+9	1.480158000E-5
1.419486667E+9	1.472633000E-5
1.419490000E+9	1.506182000E-5
1.419493333E+9	1.470914000E-5
1.419496667E+9	1.494186000E-5
1.419500000E+9	1.454320000E-5
1.419503333E+9	1.452953000E-5
1.419506667E+9	1.462036000E-5
1.419510000E+9	1.466436000E-5
1.419513333E+9	1.486334000E-5
1.419516667E+9	1.454927000E-5
1.419520000E+9	1.476190000E-5
1.419523333E+9	1.441477000E-5
1.419526667E+9	1.474099000E-5
1.419530000E+9	1.494153000E-5
1.419533333E+9	1.450138000E-5
1.419536667E+9	1.496317000E-5
1.419540000E+9	1.476263000E-5
1.419543333E+9	1.454083000E-5
1.419546667E+9	1.454161000E-5
1.419550000E+9	1.474677000E-5
1.419553333E+9	1.502212000E-5
1.419556667E+9	1.463300000E-5
1.419560000E+9	1.463263000E-5
1.419563333E+9	1.484665000E-5
1.419566667E+9	1.467770000E-5
1.419570000E+9	1.482805000E-5
1.419573333E+9	1.471000000E-5
1.419576667E+9	1.481550000E-5
1.419580000E+9	1.466998000E-5
1.419583333E+9	1.490951000E-5
1.419586667E+9	1.476070000E-5
1.419590000E+9	1.504638000E-5
1.419593333E+9	1.476261000E-5
1.419596667E+9	1.446554000E-5
1.419600000E+9	1.472258000E-5
1.419603333E+9	1.500449000E-5
1.419606667E+9	1.478443000E-5
1.419610000E+9	1.464084000E-5
1.419613333E+9	1.475203000E-5
1.419616667E+9	1.494378000E-5
1.419620000E+9	1.473290000E-5
1.419623333E+9	1.453261000E-5
1.419626667E+9	1.442167000E-5
1.419630000E+9	1.438516000E-5
1.419633333E+9	1.485335000E-5
1.419636667E+9	1.456562000E-5
1.419640000E+9	1.484212000E-5
1.419643333E+9	1.464201000E-5
1.419646667E+9	1.464446000E-5
1.419650000E+9	1.467810000E-5
1.419653333E+9	1.504060000E-5
1.419656667E+9	1.481350000E-5
1.419660000E+9	1.442456000E-5
1.419663333E+9	1.457439000E-5
1.419666667E+9	1.474816000E-5
1.419670000E+9	1.474326000E-5
1.419673333E+9	1.472905000E-5
1.419676667E+9	1.461118000E-5
1.419680000E+9	1.460630000E-5
1.419683333E+9	1.489578000E-5
1.419686667E+9	1.473546000E-5
1.419690000E+9	1.471625000E-5
1.419693333E+9	1.457055000E-5
1.419696667E+9	1.480306000E-5
1.419700000E+9	1.477231000E-5
1.419703333E+9	1.458983000E-5
1.419706667E+9	1.485957000E-5
1.419710000E+9	1.475783000E-5
1.419713333E+9	1.476821000E-5
1.419716667E+9	1.461139000E-5
1.419720000E+9	1.471290000E-5
1.419723333E+9	1.471660000E-5
1.419726667E+9	1.462402000E-5
1.419730000E+9	1.453813000E-5
1.419733333E+9	1.535213000E-5
1.419736667E+9	1.478592000E-5
1.419740000E+9	1.461566000E-5
1.419743333E+9	1.503916000E-5
1.419746667E+9	1.628940000E-5
1.419750000E+9	1.509246000E-5
1.419753333E+9	1.512471000E-5
1.419756667E+9	1.462903000E-5
1.419760000E+9	1.464339000E-5
1.419763333E+9	1.472192000E-5
1.419766667E+9	1.460802000E-5
1.419770000E+9	1.487437000E-5
1.419773333E+9	1.473961000E-5
1.419776667E+9	1.506301000E-5
1.419780000E+9	1.493144000E-5
1.419783333E+9	1.495422000E-5
1.419786667E+9	1.498077000E-5
1.419790000E+9	1.487891000E-5
1.419793333E+9	1.490882000E-5
1.419796667E+9	1.479066000E-5
1.419800000E+9	1.454108000E-5
1.419803333E+9	1.470020000E-5
1.419806667E+9	1.496737000E-5
1.419810000E+9	1.464544000E-5
1.419813333E+9	1.450546000E-5
1.419816667E+9	1.500598000E-5
1.419820000E+9	1.459676000E-5
1.419823333E+9	1.475769000E-5
1.419826667E+9	1.491490000E-5
1.419830000E+9	1.448894000E-5
1.419833333E+9	1.477041000E-5
1.419836667E+9	1.467066000E-5
1.419840000E+9	1.483485000E-5
1.419843333E+9	1.442858000E-5
1.419846667E+9	1.487166000E-5
1.419850000E+9	1.476017000E-5
1.419853333E+9	1.473188000E-5
1.419856667E+9	1.448404000E-5
1.419860000E+9	1.459420000E-5
1.419863333E+9	1.480247000E-5
1.419866667E+9	1.481225000E-5
1.419870000E+9	1.480139000E-5
1.419873333E+9	1.473381000E-5
1.419876667E+9	1.462111000E-5
1.419880000E+9	1.495781000E-5
1.419883333E+9	1.471866000E-5
1.419886667E+9	1.459513000E-5
1.419890000E+9	1.475728000E-5
1.419893333E+9	1.479336000E-5
1.419896667E+9	1.493430000E-5
1.419900000E+9	1.510854000E-5
1.419903333E+9	1.510654000E-5
1.419906667E+9	1.486151000E-5
1.419910000E+9	1.468590000E-5
1.419913333E+9	1.469327000E-5
1.419916667E+9	1.473157000E-5
1.419920000E+9	1.472404000E-5
1.419923333E+9	1.459431000E-5
1.419926667E+9	1.499287000E-5
1.419930000E+9	1.457866000E-5
1.419933333E+9	1.470704000E-5
1.419936667E+9	1.446630000E-5
1.419940000E+9	1.443920000E-5
1.419943333E+9	1.464227000E-5
1.419946667E+9	1.449977000E-5
1.419950000E+9	1.487586000E-5
1.419953333E+9	1.447857000E-5
1.419956667E+9	1.467989000E-5
1.419960000E+9	1.459910000E-5
1.419963333E+9	1.473377000E-5
1.419966667E+9	1.467356000E-5
1.419970000E+9	1.461376000E-5
1.419973333E+9	1.492063000E-5
1.419976667E+9	1.519138000E-5
1.419980000E+9	1.665157000E-5
1.419983333E+9	1.479913000E-5
1.419986667E+9	1.443844000E-5
1.419990000E+9	1.470162000E-5
1.419993333E+9	1.480607000E-5
1.419996667E+9	1.470943000E-5
1.420000000E+9	1.450382000E-5
1.420003333E+9	1.469401000E-5
1.420006667E+9	1.458489000E-5
1.420010000E+9	1.478438000E-5
1.420013333E+9	1.478391000E-5
1.420016667E+9	1.455073000E-5
1.420020000E+9	1.456283000E-5
1.420023333E+9	1.459676000E-5
1.420026667E+9	1.482445000E-5
1.420030000E+9	1.476161000E-5
1.420033333E+9	1.497298000E-5
1.420036667E+9	1.502660000E-5
1.420040000E+9	1.554601000E-5
1.420043333E+9	1.478787000E-5
1.420046667E+9	1.459982000E-5
1.420050000E+9	1.509034000E-5
1.420053333E+9	1.472734000E-5
1.420056667E+9	1.491968000E-5
1.420060000E+9	1.458380000E-5
1.420063333E+9	1.469235000E-5
1.420066667E+9	1.440387000E-5
1.420070000E+9	1.431984000E-5
1.420073333E+9	1.452702000E-5
1.420076667E+9	1.477716000E-5
1.420080000E+9	1.454193000E-5
1.420083333E+9	1.456748000E-5
1.420086667E+9	1.462190000E-5
1.420090000E+9	1.464156000E-5
1.420093333E+9	1.466222000E-5
1.420096667E+9	1.441014000E-5
1.420100000E+9	1.435952000E-5
1.420103333E+9	1.459744000E-5
1.420106667E+9	1.454309000E-5
1.420110000E+9	1.448607000E-5
1.420113333E+9	1.472599000E-5
1.420116667E+9	1.459226000E-5
1.420120000E+9	1.446071000E-5
1.420123333E+9	1.464336000E-5
1.420126667E+9	1.503276000E-5
1.420130000E+9	1.462574000E-5
1.420133333E+9	1.470355000E-5
1.420136667E+9	1.414740000E-5
1.420140000E+9	1.437190000E-5
1.420143333E+9	1.461789000E-5
1.420146667E+9	1.460983000E-5
1.420150000E+9	1.471638000E-5
1.420153333E+9	1.462052000E-5
1.420156667E+9	1.484057000E-5
1.420160000E+9	1.472675000E-5
1.420163333E+9	1.464249000E-5
1.420166667E+9	1.447526000E-5
1.420170000E+9	1.457281000E-5
1.420173333E+9	1.469794000E-5
1.420176667E+9	1.451178000E-5
1.420180000E+9	1.488679000E-5
1.420183333E+9	1.447647000E-5
1.420186667E+9	1.460329000E-5
1.420190000E+9	1.487202000E-5
1.420193333E+9	1.445587000E-5
1.420196667E+9	1.461298000E-5
1.420200000E+9	1.475726000E-5
1.420203333E+9	1.483173000E-5
1.420206667E+9	1.458826000E-5
1.420210000E+9	1.496166000E-5
1.420213333E+9	1.447308000E-5
1.420216667E+9	1.458896000E-5
1.420220000E+9	1.438220000E-5
1.420223333E+9	1.467839000E-5
1.420226667E+9	1.447118000E-5
1.420230000E+9	1.488053000E-5
1.420233333E+9	1.465642000E-5
1.420236667E+9	1.487292000E-5
1.420240000E+9	1.454033000E-5
1.420243333E+9	1.463578000E-5
1.420246667E+9	1.454816000E-5
1.420250000E+9	1.456697000E-5
1.420253333E+9	1.470796000E-5
1.420256667E+9	1.479360000E-5
1.420260000E+9	1.477353000E-5
1.420263333E+9	1.485316000E-5
1.420266667E+9	1.485523000E-5
1.420270000E+9	1.458593000E-5
1.420273333E+9	1.495369000E-5
1.420276667E+9	1.467779000E-5
1.420280000E+9	1.471557000E-5
1.420283333E+9	1.453527000E-5
1.420286667E+9	1.458986000E-5
1.420290000E+9	1.434729000E-5
1.420293333E+9	1.466201000E-5
1.420296667E+9	1.563288000E-5
1.420300000E+9	1.458033000E-5
1.420303333E+9	1.481848000E-5
1.420306667E+9	1.497196000E-5
1.420310000E+9	1.513305000E-5
1.420313333E+9	1.508448000E-5
1.420316667E+9	1.448668000E-5
1.420320000E+9	1.469513000E-5
1.420323333E+9	1.455026000E-5
1.420326667E+9	1.490722000E-5
1.420330000E+9	1.491517000E-5
1.420333333E+9	1.595341000E-5
1.420336667E+9	1.485563000E-5
1.420340000E+9	1.480799000E-5
1.420343333E+9	1.484839000E-5
1.420346667E+9	1.460704000E-5
1.420350000E+9	1.472076000E-5
1.420353333E+9	1.445306000E-5
1.420356667E+9	1.449352000E-5
1.420360000E+9	1.458244000E-5
1.420363333E+9	1.446992000E-5
1.420366667E+9	1.471563000E-5
1.420370000E+9	1.474646000E-5
1.420373333E+9	1.483863000E-5
1.420376667E+9	1.470525000E-5
1.420380000E+9	1.469613000E-5
1.420383333E+9	1.480522000E-5
1.420386667E+9	1.469340000E-5
1.420390000E+9	1.471426000E-5
1.420393333E+9	1.481402000E-5
1.420396667E+9	1.486112000E-5
1.420400000E+9	1.485020000E-5
1.420403333E+9	1.475522000E-5
1.420406667E+9	1.478333000E-5
1.420410000E+9	1.477064000E-5
1.420413333E+9	1.519987000E-5
1.420416667E+9	1.485466000E-5
1.420420000E+9	1.419223000E-5
1.420423333E+9	1.472819000E-5
1.420426667E+9	1.488443000E-5
1.420430000E+9	1.478831000E-5
1.420433333E+9	1.491590000E-5
1.420436667E+9	1.469445000E-5
1.420440000E+9	1.481269000E-5
1.420443333E+9	1.469707000E-5
1.420446667E+9	1.468095000E-5
1.420450000E+9	1.457239000E-5
1.420453333E+9	1.511941000E-5
1.420456667E+9	1.497081000E-5
1.420460000E+9	1.569862000E-5
1.420463333E+9	1.532964000E-5
1.420466667E+9	1.498005000E-5
1.420470000E+9	1.520116000E-5
1.420473333E+9	1.551164000E-5
1.420476667E+9	1.546266000E-5
1.420480000E+9	1.554471000E-5
1.420483333E+9	1.586128000E-5
1.420486667E+9	1.587765000E-5
1.420490000E+9	1.622141000E-5
1.420493333E+9	1.614240000E-5
1.420496667E+9	1.668260000E-5
1.420500000E+9	1.645049000E-5
1.420503333E+9	1.629782000E-5
1.420506667E+9	1.602911000E-5
1.420510000E+9	1.616337000E-5
1.420513333E+9	1.622585000E-5
1.420516667E+9	1.600507000E-5
1.420520000E+9	1.620363000E-5
1.420523333E+9	1.618859000E-5
1.420526667E+9	1.622387000E-5
1.420530000E+9	1.631315000E-5
1.420533333E+9	1.621212000E-5
1.420536667E+9	1.654196000E-5
1.420540000E+9	1.608492000E-5
1.420543333E+9	1.653762000E-5
1.420546667E+9	1.608706000E-5
1.420550000E+9	1.634014000E-5
1.420553333E+9	1.623745000E-5
1.420556667E+9	1.607140000E-5
1.420560000E+9	1.600455000E-5
1.420563333E+9	1.613858000E-5
1.420566667E+9	1.577840000E-5
1.420570000E+9	1.598801000E-5
1.420573333E+9	1.616596000E-5
1.420576667E+9	1.579408000E-5
1.420580000E+9	1.544721000E-5
1.420583333E+9	1.589163000E-5
1.420586667E+9	1.576693000E-5
1.420590000E+9	1.608199000E-5
1.420593333E+9	1.563324000E-5
1.420596667E+9	1.548732000E-5
1.420600000E+9	1.562702000E-5
1.420603333E+9	1.547584000E-5
1.420606667E+9	1.560066000E-5
1.420610000E+9	1.592235000E-5
1.420613333E+9	1.554109000E-5
1.420616667E+9	1.525776000E-5
1.420620000E+9	1.552847000E-5
1.420623333E+9	1.585477000E-5
1.420626667E+9	1.718065000E-5
1.420630000E+9	1.552324000E-5
1.420633333E+9	1.506245000E-5
1.420636667E+9	1.501270000E-5
1.420640000E+9	1.533288000E-5
1.420643333E+9	1.523831000E-5
1.420646667E+9	1.606332000E-5
1.420650000E+9	1.574177000E-5
1.420653333E+9	1.532305000E-5
1.420656667E+9	1.522300000E-5
1.420660000E+9	1.544897000E-5
1.420663333E+9	1.558307000E-5
1.420666667E+9	1.571106000E-5
1.420670000E+9	1.559396000E-5
1.420673333E+9	1.562236000E-5
1.420676667E+9	1.594352000E-5
1.420680000E+9	1.550692000E-5
1.420683333E+9	1.598082000E-5
1.420686667E+9	1.600575000E-5
1.420690000E+9	1.559033000E-5
1.420693333E+9	1.572207000E-5
1.420696667E+9	1.610793000E-5
1.420700000E+9	1.604543000E-5
1.420703333E+9	1.603130000E-5
1.420706667E+9	1.606341000E-5
1.420710000E+9	1.609985000E-5
1.420713333E+9	1.607565000E-5
1.420716667E+9	1.572651000E-5
1.420720000E+9	1.640898000E-5
1.420723333E+9	1.620429000E-5
1.420726667E+9	1.602911000E-5
1.420730000E+9	1.622378000E-5
1.420733333E+9	1.599495000E-5
1.420736667E+9	1.620931000E-5
1.420740000E+9	1.601181000E-5
1.420743333E+9	1.616974000E-5
1.420746667E+9	1.620890000E-5
1.420750000E+9	1.634206000E-5
1.420753333E+9	1.609181000E-5
1.420756667E+9	1.604812000E-5
1.420760000E+9	1.697537000E-5
1.420763333E+9	1.610295000E-5
1.420766667E+9	1.630210000E-5
1.420770000E+9	1.617681000E-5
1.420773333E+9	1.619490000E-5
1.420776667E+9	1.625750000E-5
1.420780000E+9	1.616248000E-5
1.420783333E+9	1.571291000E-5
1.420786667E+9	1.616363000E-5
1.420790000E+9	1.594285000E-5
1.420793333E+9	1.624048000E-5
1.420796667E+9	1.679154000E-5
1.420800000E+9	1.571310000E-5
1.420803333E+9	1.559696000E-5
1.420806667E+9	1.597966000E-5
1.420810000E+9	1.551789000E-5
1.420813333E+9	1.566382000E-5
1.420816667E+9	1.533271000E-5
1.420820000E+9	1.524461000E-5
1.420823333E+9	1.535444000E-5
1.420826667E+9	1.510383000E-5
1.420830000E+9	1.545581000E-5
1.420833333E+9	1.547997000E-5
1.420836667E+9	1.548478000E-5
1.420840000E+9	1.514738000E-5
1.420843333E+9	1.527422000E-5
1.420846667E+9	1.519060000E-5
1.420850000E+9	1.540417000E-5
1.420853333E+9	1.509689000E-5
1.420856667E+9	1.510128000E-5
1.420860000E+9	1.529983000E-5
1.420863333E+9	1.530690000E-5
1.420866667E+9	1.537691000E-5
1.420870000E+9	1.522621000E-5
1.420873333E+9	1.538696000E-5
1.420876667E+9	1.504922000E-5
1.420880000E+9	1.525679000E-5
1.420883333E+9	1.609891000E-5
1.420886667E+9	1.574773000E-5
1.420890000E+9	1.526173000E-5
1.420893333E+9	1.530998000E-5
1.420896667E+9	1.559023000E-5
1.420900000E+9	1.521595000E-5
1.420903333E+9	1.575634000E-5
1.420906667E+9	1.595690000E-5
1.420910000E+9	1.564289000E-5
1.420913333E+9	1.604471000E-5
1.420916667E+9	1.662455000E-5
1.420920000E+9	2.007600000E-5
1.420923333E+9	1.508222000E-5
1.420926667E+9	1.489627000E-5
1.420930000E+9	1.508045000E-5
1.420933333E+9	1.498663000E-5
1.420936667E+9	1.504261000E-5
1.420940000E+9	1.507745000E-5
1.420943333E+9	1.540985000E-5
1.420946667E+9	1.533638000E-5
1.420950000E+9	1.480768000E-5
1.420953333E+9	1.528719000E-5
1.420956667E+9	1.502284000E-5
1.420960000E+9	1.528078000E-5
1.420963333E+9	1.490974000E-5
1.420966667E+9	1.471672000E-5
1.420970000E+9	1.511472000E-5
1.420973333E+9	1.501944000E-5
1.420976667E+9	1.475965000E-5
1.420980000E+9	1.504476000E-5
1.420983333E+9	1.507117000E-5
1.420986667E+9	1.497934000E-5
1.420990000E+9	1.518219000E-5
1.420993333E+9	1.495947000E-5
1.420996667E+9	1.477849000E-5
1.421000000E+9	1.494900000E-5
1.421003333E+9	1.464431000E-5
1.421006667E+9	1.506840000E-5
1.421010000E+9	1.491123000E-5
1.421013333E+9	1.471045000E-5
1.421016667E+9	1.465321000E-5
1.421020000E+9	1.481186000E-5
1.421023333E+9	1.502103000E-5
1.421026667E+9	1.486903000E-5
1.421030000E+9	1.485921000E-5
1.421033333E+9	1.476274000E-5
1.421036667E+9	1.478911000E-5
1.421040000E+9	1.512969000E-5
1.421043333E+9	1.481316000E-5
1.421046667E+9	1.481641000E-5
1.421050000E+9	1.455432000E-5
1.421053333E+9	1.488313000E-5
1.421056667E+9	1.535358000E-5
1.421060000E+9	1.486294000E-5
1.421063333E+9	1.467212000E-5
1.421066667E+9	1.504899000E-5
1.421070000E+9	1.476761000E-5
1.421073333E+9	1.457791000E-5
1.421076667E+9	1.485648000E-5
1.421080000E+9	1.460860000E-5
1.421083333E+9	1.470990000E-5
1.421086667E+9	1.484251000E-5
1.421090000E+9	1.479731000E-5
1.421093333E+9	1.542930000E-5
1.421096667E+9	1.506900000E-5
1.421100000E+9	1.456497000E-5
1.421103333E+9	1.447952000E-5
1.421106667E+9	1.443717000E-5
1.421110000E+9	1.485521000E-5
1.421113333E+9	1.477203000E-5
1.421116667E+9	1.459821000E-5
1.421120000E+9	1.472397000E-5
1.421123333E+9	1.473258000E-5
1.421126667E+9	1.489269000E-5
1.421130000E+9	1.478576000E-5
1.421133333E+9	1.515330000E-5
1.421136667E+9	1.475425000E-5
1.421140000E+9	1.494875000E-5
1.421143333E+9	1.471111000E-5
1.421146667E+9	1.469594000E-5
1.421150000E+9	1.463346000E-5
1.421153333E+9	1.477684000E-5
1.421156667E+9	1.441895000E-5
1.421160000E+9	1.486149000E-5
1.421163333E+9	1.474688000E-5
1.421166667E+9	1.462686000E-5
1.421170000E+9	1.516245000E-5
1.421173333E+9	1.457950000E-5
1.421176667E+9	1.488715000E-5
1.421180000E+9	1.533722000E-5
1.421183333E+9	1.452835000E-5
1.421186667E+9	1.460617000E-5
1.421190000E+9	1.468789000E-5
1.421193333E+9	1.469744000E-5
1.421196667E+9	1.457254000E-5
1.421200000E+9	1.471959000E-5
1.421203333E+9	1.485877000E-5
1.421206667E+9	1.529924000E-5
1.421210000E+9	1.548670000E-5
1.421213333E+9	1.641866000E-5
1.421216667E+9	1.500929000E-5
1.421220000E+9	1.434829000E-5
1.421223333E+9	1.455937000E-5
1.421226667E+9	1.480597000E-5
1.421230000E+9	1.487984000E-5
1.421233333E+9	1.481726000E-5
1.421236667E+9	1.452656000E-5
1.421240000E+9	1.456534000E-5
1.421243333E+9	1.505083000E-5
1.421246667E+9	1.486348000E-5
1.421250000E+9	1.449653000E-5
1.421253333E+9	1.463285000E-5
1.421256667E+9	1.476409000E-5
1.421260000E+9	1.460824000E-5
1.421263333E+9	1.494383000E-5
1.421266667E+9	1.494319000E-5
1.421270000E+9	1.455809000E-5
1.421273333E+9	1.496780000E-5
1.421276667E+9	1.481107000E-5
1.421280000E+9	1.472760000E-5
1.421283333E+9	1.473766000E-5
1.421286667E+9	1.452618000E-5
1.421290000E+9	1.477636000E-5
1.421293333E+9	1.453170000E-5
1.421296667E+9	1.457537000E-5
1.421300000E+9	1.437319000E-5
1.421303333E+9	1.462208000E-5
1.421306667E+9	1.456833000E-5
1.421310000E+9	1.450051000E-5
1.421313333E+9	1.466946000E-5
1.421316667E+9	1.454352000E-5
1.421320000E+9	1.480065000E-5
1.421323333E+9	1.479646000E-5
1.421326667E+9	1.474831000E-5
1.421330000E+9	1.467033000E-5
1.421333333E+9	1.486156000E-5
1.421336667E+9	1.430720000E-5
1.421340000E+9	1.493607000E-5
1.421343333E+9	1.481257000E-5
1.421346667E+9	1.438058000E-5
1.421350000E+9	1.471531000E-5
1.421353333E+9	1.485169000E-5
1.421356667E+9	1.499835000E-5
1.421360000E+9	1.434209000E-5
1.421363333E+9	1.450598000E-5
1.421366667E+9	1.489388000E-5
1.421370000E+9	1.453869000E-5
1.421373333E+9	1.478086000E-5
1.421376667E+9	1.477792000E-5
1.421380000E+9	1.468287000E-5
1.421383333E+9	1.471397000E-5
1.421386667E+9	1.480087000E-5
1.421390000E+9	1.468948000E-5
1.421393333E+9	1.490200000E-5
1.421396667E+9	1.477425000E-5
1.421400000E+9	1.445806000E-5
