Frequency, Hz	Amplitude, Volts
1.419400000E+9	1.539600000E-5
1.419403333E+9	1.493341000E-5
1.419406667E+9	1.515571000E-5
1.419410000E+9	1.527695000E-5
1.419413333E+9	1.531264000E-5
1.419416667E+9	1.518148000E-5
1.419420000E+9	1.558514000E-5
1.419423333E+9	1.490813000E-5
1.419426667E+9	1.511603000E-5
1.419430000E+9	1.479633000E-5
1.419433333E+9	1.511428000E-5
1.419436667E+9	1.515806000E-5
1.419440000E+9	1.522867000E-5
1.419443333E+9	1.495425000E-5
1.419446667E+9	1.567223000E-5
1.419450000E+9	1.842160000E-5
1.419453333E+9	1.741326000E-5
1.419456667E+9	1.639186000E-5
1.419460000E+9	1.503414000E-5
1.419463333E+9	1.490471000E-5
1.419466667E+9	1.481992000E-5
1.419470000E+9	1.481831000E-5
1.419473333E+9	1.538017000E-5
1.419476667E+9	1.489601000E-5
1.419480000E+9	1.486688000E-5
1.419483333E+9	1.509667000E-5
1.419486667E+9	1.508704000E-5
1.419490000E+9	1.481812000E-5
1.419493333E+9	1.528217000E-5
1.419496667E+9	1.513522000E-5
1.419500000E+9	1.520622000E-5
1.419503333E+9	1.511261000E-5
1.419506667E+9	1.502650000E-5
1.419510000E+9	1.511818000E-5
1.419513333E+9	1.501194000E-5
1.419516667E+9	1.503489000E-5
1.419520000E+9	1.527722000E-5
1.419523333E+9	1.522394000E-5
1.419526667E+9	1.497831000E-5
1.419530000E+9	1.490347000E-5
1.419533333E+9	1.477554000E-5
1.419536667E+9	1.490913000E-5
1.419540000E+9	1.525664000E-5
1.419543333E+9	1.509473000E-5
1.419546667E+9	1.484390000E-5
1.419550000E+9	1.501100000E-5
1.419553333E+9	1.496746000E-5
1.419556667E+9	1.484303000E-5
1.419560000E+9	1.496912000E-5
1.419563333E+9	1.471051000E-5
1.419566667E+9	1.497742000E-5
1.419570000E+9	1.512353000E-5
1.419573333E+9	1.488115000E-5
1.419576667E+9	1.505497000E-5
1.419580000E+9	1.521450000E-5
1.419583333E+9	1.528727000E-5
1.419586667E+9	1.498604000E-5
1.419590000E+9	1.508714000E-5
1.419593333E+9	1.494629000E-5
1.419596667E+9	1.501872000E-5
1.419600000E+9	1.519407000E-5
1.419603333E+9	1.524768000E-5
1.419606667E+9	1.525838000E-5
1.419610000E+9	1.517726000E-5
1.419613333E+9	1.488553000E-5
1.419616667E+9	1.468529000E-5
1.419620000E+9	1.483425000E-5
1.419623333E+9	1.500217000E-5
1.419626667E+9	1.474542000E-5
1.419630000E+9	1.517169000E-5
1.419633333E+9	1.513532000E-5
1.419636667E+9	1.499051000E-5
1.419640000E+9	1.482787000E-5
1.419643333E+9	1.518901000E-5
1.419646667E+9	1.489529000E-5
1.419650000E+9	1.486216000E-5
1.419653333E+9	1.500563000E-5
1.419656667E+9	1.508814000E-5
1.419660000E+9	1.475859000E-5
1.419663333E+9	1.488440000E-5
1.419666667E+9	1.485166000E-5
1.419670000E+9	1.500479000E-5
1.419673333E+9	1.500136000E-5
1.419676667E+9	1.490447000E-5
1.419680000E+9	1.485024000E-5
1.419683333E+9	1.532232000E-5
1.419686667E+9	1.509786000E-5
1.419690000E+9	1.488627000E-5
1.419693333E+9	1.475383000E-5
1.419696667E+9	1.503126000E-5
1.419700000E+9	1.495571000E-5
1.419703333E+9	1.512366000E-5
1.419706667E+9	1.541207000E-5
1.419710000E+9	1.533060000E-5
1.419713333E+9	1.502014000E-5
1.419716667E+9	1.504703000E-5
1.419720000E+9	1.503269000E-5
1.419723333E+9	1.522342000E-5
1.419726667E+9	1.503060000E-5
1.419730000E+9	1.512994000E-5
1.419733333E+9	1.624214000E-5
1.419736667E+9	1.540290000E-5
1.419740000E+9	1.615301000E-5
1.419743333E+9	1.832087000E-5
1.419746667E+9	1.718131000E-5
1.419750000E+9	1.588310000E-5
1.419753333E+9	1.538797000E-5
1.419756667E+9	1.513404000E-5
1.419760000E+9	1.502386000E-5
1.419763333E+9	1.495885000E-5
1.419766667E+9	1.541703000E-5
1.419770000E+9	1.495875000E-5
1.419773333E+9	1.489526000E-5
1.419776667E+9	1.537679000E-5
1.419780000E+9	1.549562000E-5
1.419783333E+9	1.488931000E-5
1.419786667E+9	1.514628000E-5
1.419790000E+9	1.493079000E-5
1.419793333E+9	1.500451000E-5
1.419796667E+9	1.494460000E-5
1.419800000E+9	1.510153000E-5
1.419803333E+9	1.486949000E-5
1.419806667E+9	1.510718000E-5
1.419810000E+9	1.489503000E-5
1.419813333E+9	1.485303000E-5
1.419816667E+9	1.476757000E-5
1.419820000E+9	1.490327000E-5
1.419823333E+9	1.504352000E-5
1.419826667E+9	1.496167000E-5
1.419830000E+9	1.511908000E-5
1.419833333E+9	1.511988000E-5
1.419836667E+9	1.487916000E-5
1.419840000E+9	1.529253000E-5
1.419843333E+9	1.522880000E-5
1.419846667E+9	1.511131000E-5
1.419850000E+9	1.492525000E-5
1.419853333E+9	1.524450000E-5
1.419856667E+9	1.506559000E-5
1.419860000E+9	1.516603000E-5
1.419863333E+9	1.514176000E-5
1.419866667E+9	1.521276000E-5
1.419870000E+9	1.495862000E-5
1.419873333E+9	1.511483000E-5
1.419876667E+9	1.487045000E-5
1.419880000E+9	1.456772000E-5
1.419883333E+9	1.512346000E-5
1.419886667E+9	1.514859000E-5
1.419890000E+9	1.504293000E-5
1.419893333E+9	1.502494000E-5
1.419896667E+9	1.484318000E-5
1.419900000E+9	1.502055000E-5
1.419903333E+9	1.509221000E-5
1.419906667E+9	1.516993000E-5
1.419910000E+9	1.483290000E-5
1.419913333E+9	1.500392000E-5
1.419916667E+9	1.503867000E-5
1.419920000E+9	1.517026000E-5
1.419923333E+9	1.509761000E-5
1.419926667E+9	1.481473000E-5
1.419930000E+9	1.508249000E-5
1.419933333E+9	1.483687000E-5
1.419936667E+9	1.507832000E-5
1.419940000E+9	1.491922000E-5
1.419943333E+9	1.511554000E-5
1.419946667E+9	1.470249000E-5
1.419950000E+9	1.492856000E-5
1.419953333E+9	1.513695000E-5
1.419956667E+9	1.474989000E-5
1.419960000E+9	1.492361000E-5
1.419963333E+9	1.482263000E-5
1.419966667E+9	1.516517000E-5
1.419970000E+9	1.492502000E-5
1.419973333E+9	1.528274000E-5
1.419976667E+9	1.510027000E-5
1.419980000E+9	1.544934000E-5
1.419983333E+9	1.515594000E-5
1.419986667E+9	1.525113000E-5
1.419990000E+9	1.513167000E-5
1.419993333E+9	1.524349000E-5
1.419996667E+9	1.524025000E-5
1.420000000E+9	1.618043000E-5
1.420003333E+9	1.781342000E-5
1.420006667E+9	1.522449000E-5
1.420010000E+9	1.529577000E-5
1.420013333E+9	1.494005000E-5
1.420016667E+9	1.489838000E-5
1.420020000E+9	1.482793000E-5
1.420023333E+9	1.527036000E-5
1.420026667E+9	1.546492000E-5
1.420030000E+9	1.531326000E-5
1.420033333E+9	1.601862000E-5
1.420036667E+9	1.716876000E-5
1.420040000E+9	1.671685000E-5
1.420043333E+9	1.545238000E-5
1.420046667E+9	1.489451000E-5
1.420050000E+9	1.537220000E-5
1.420053333E+9	1.497237000E-5
1.420056667E+9	1.499056000E-5
1.420060000E+9	1.505813000E-5
1.420063333E+9	1.477560000E-5
1.420066667E+9	1.472800000E-5
1.420070000E+9	1.487930000E-5
1.420073333E+9	1.501146000E-5
1.420076667E+9	1.509657000E-5
1.420080000E+9	1.513080000E-5
1.420083333E+9	1.520934000E-5
1.420086667E+9	1.529872000E-5
1.420090000E+9	1.495611000E-5
1.420093333E+9	1.519657000E-5
1.420096667E+9	1.515646000E-5
1.420100000E+9	1.528005000E-5
1.420103333E+9	1.533832000E-5
1.420106667E+9	1.496187000E-5
1.420110000E+9	1.503317000E-5
1.420113333E+9	1.501245000E-5
1.420116667E+9	1.476791000E-5
1.420120000E+9	1.480823000E-5
1.420123333E+9	1.519433000E-5
1.420126667E+9	1.483513000E-5
1.420130000E+9	1.493413000E-5
1.420133333E+9	1.469055000E-5
1.420136667E+9	1.488149000E-5
1.420140000E+9	1.479437000E-5
1.420143333E+9	1.515069000E-5
1.420146667E+9	1.486405000E-5
1.420150000E+9	1.495624000E-5
1.420153333E+9	1.520971000E-5
1.420156667E+9	1.519323000E-5
1.420160000E+9	1.531950000E-5
1.420163333E+9	1.509919000E-5
1.420166667E+9	1.484021000E-5
1.420170000E+9	1.504123000E-5
1.420173333E+9	1.526771000E-5
1.420176667E+9	1.511981000E-5
1.420180000E+9	1.510143000E-5
1.420183333E+9	1.519352000E-5
1.420186667E+9	1.528125000E-5
1.420190000E+9	1.536351000E-5
1.420193333E+9	1.517233000E-5
1.420196667E+9	1.532840000E-5
1.420200000E+9	1.541168000E-5
1.420203333E+9	1.504759000E-5
1.420206667E+9	1.541180000E-5
1.420210000E+9	1.549826000E-5
1.420213333E+9	1.526034000E-5
1.420216667E+9	1.534517000E-5
1.420220000E+9	1.550071000E-5
1.420223333E+9	1.514974000E-5
1.420226667E+9	1.571985000E-5
1.420230000E+9	1.548113000E-5
1.420233333E+9	1.540194000E-5
1.420236667E+9	1.555207000E-5
1.420240000E+9	1.556572000E-5
1.420243333E+9	1.588734000E-5
1.420246667E+9	1.598541000E-5
1.420250000E+9	1.593563000E-5
1.420253333E+9	1.597359000E-5
1.420256667E+9	1.598715000E-5
1.420260000E+9	1.616056000E-5
1.420263333E+9	1.621559000E-5
1.420266667E+9	1.615077000E-5
1.420270000E+9	1.612637000E-5
1.420273333E+9	1.606052000E-5
1.420276667E+9	1.600336000E-5
1.420280000E+9	1.656086000E-5
1.420283333E+9	1.632236000E-5
1.420286667E+9	1.646882000E-5
1.420290000E+9	1.628298000E-5
1.420293333E+9	1.646404000E-5
1.420296667E+9	1.706250000E-5
1.420300000E+9	1.624034000E-5
1.420303333E+9	1.658336000E-5
1.420306667E+9	1.673935000E-5
1.420310000E+9	1.730878000E-5
1.420313333E+9	1.662730000E-5
1.420316667E+9	1.687545000E-5
1.420320000E+9	1.710360000E-5
1.420323333E+9	1.701941000E-5
1.420326667E+9	1.734470000E-5
1.420330000E+9	1.824477000E-5
1.420333333E+9	1.855905000E-5
1.420336667E+9	1.757093000E-5
1.420340000E+9	1.692800000E-5
1.420343333E+9	1.745211000E-5
1.420346667E+9	1.785626000E-5
1.420350000E+9	1.754104000E-5
1.420353333E+9	1.713403000E-5
1.420356667E+9	1.743958000E-5
1.420360000E+9	1.772291000E-5
1.420363333E+9	1.769874000E-5
1.420366667E+9	1.762538000E-5
1.420370000E+9	1.731922000E-5
1.420373333E+9	1.712604000E-5
1.420376667E+9	1.764742000E-5
1.420380000E+9	1.772280000E-5
1.420383333E+9	1.767014000E-5
1.420386667E+9	1.704672000E-5
1.420390000E+9	1.712406000E-5
1.420393333E+9	1.706747000E-5
1.420396667E+9	1.699240000E-5
1.420400000E+9	1.712352000E-5
1.420403333E+9	1.671597000E-5
1.420406667E+9	1.677186000E-5
1.420410000E+9	1.695341000E-5
1.420413333E+9	1.662128000E-5
1.420416667E+9	1.674512000E-5
1.420420000E+9	1.667973000E-5
1.420423333E+9	1.666810000E-5
1.420426667E+9	1.658976000E-5
1.420430000E+9	1.627374000E-5
1.420433333E+9	1.618869000E-5
1.420436667E+9	1.640079000E-5
1.420440000E+9	1.585460000E-5
1.420443333E+9	1.641704000E-5
1.420446667E+9	1.623233000E-5
1.420450000E+9	1.612379000E-5
1.420453333E+9	1.574820000E-5
1.420456667E+9	1.618629000E-5
1.420460000E+9	1.613418000E-5
1.420463333E+9	1.602972000E-5
1.420466667E+9	1.606575000E-5
1.420470000E+9	1.574030000E-5
1.420473333E+9	1.620174000E-5
1.420476667E+9	1.598075000E-5
1.420480000E+9	1.611013000E-5
1.420483333E+9	1.580631000E-5
1.420486667E+9	1.574348000E-5
1.420490000E+9	1.600343000E-5
1.420493333E+9	1.590932000E-5
1.420496667E+9	1.636011000E-5
1.420500000E+9	1.604710000E-5
1.420503333E+9	1.580427000E-5
1.420506667E+9	1.553538000E-5
1.420510000E+9	1.577039000E-5
1.420513333E+9	1.578581000E-5
1.420516667E+9	1.579122000E-5
1.420520000E+9	1.585110000E-5
1.420523333E+9	1.560489000E-5
1.420526667E+9	1.548262000E-5
1.420530000E+9	1.568220000E-5
1.420533333E+9	1.583727000E-5
1.420536667E+9	1.540979000E-5
1.420540000E+9	1.540989000E-5
1.420543333E+9	1.538145000E-5
1.420546667E+9	1.595634000E-5
1.420550000E+9	1.529939000E-5
1.420553333E+9	1.535243000E-5
1.420556667E+9	1.535742000E-5
1.420560000E+9	1.542763000E-5
1.420563333E+9	1.523436000E-5
1.420566667E+9	1.533202000E-5
1.420570000E+9	1.591526000E-5
1.420573333E+9	1.549783000E-5
1.420576667E+9	1.521204000E-5
1.420580000E+9	1.526743000E-5
1.420583333E+9	1.551634000E-5
1.420586667E+9	1.531857000E-5
1.420590000E+9	1.647151000E-5
1.420593333E+9	1.562793000E-5
1.420596667E+9	1.537067000E-5
1.420600000E+9	1.524192000E-5
1.420603333E+9	1.555767000E-5
1.420606667E+9	1.575316000E-5
1.420610000E+9	1.555359000E-5
1.420613333E+9	1.598059000E-5
1.420616667E+9	1.548626000E-5
1.420620000E+9	1.668138000E-5
1.420623333E+9	1.750542000E-5
1.420626667E+9	1.785746000E-5
1.420630000E+9	1.564280000E-5
1.420633333E+9	1.530655000E-5
1.420636667E+9	1.550821000E-5
1.420640000E+9	1.538661000E-5
1.420643333E+9	1.597660000E-5
1.420646667E+9	1.578963000E-5
1.420650000E+9	1.543815000E-5
1.420653333E+9	1.563857000E-5
1.420656667E+9	1.558585000E-5
1.420660000E+9	1.539516000E-5
1.420663333E+9	1.536151000E-5
1.420666667E+9	1.564130000E-5
1.420670000E+9	1.582945000E-5
1.420673333E+9	1.599511000E-5
1.420676667E+9	1.592195000E-5
1.420680000E+9	1.595031000E-5
1.420683333E+9	1.561185000E-5
1.420686667E+9	1.569508000E-5
1.420690000E+9	1.550113000E-5
1.420693333E+9	1.579689000E-5
1.420696667E+9	1.586740000E-5
1.420700000E+9	1.627059000E-5
1.420703333E+9	1.605851000E-5
1.420706667E+9	1.601930000E-5
1.420710000E+9	1.638310000E-5
1.420713333E+9	1.629369000E-5
1.420716667E+9	1.568165000E-5
1.420720000E+9	1.631148000E-5
1.420723333E+9	1.592412000E-5
1.420726667E+9	1.598215000E-5
1.420730000E+9	1.599916000E-5
1.420733333E+9	1.583525000E-5
1.420736667E+9	1.595764000E-5
1.420740000E+9	1.618294000E-5
1.420743333E+9	1.598290000E-5
1.420746667E+9	1.629748000E-5
1.420750000E+9	1.643834000E-5
1.420753333E+9	1.617464000E-5
1.420756667E+9	1.587686000E-5
1.420760000E+9	1.635594000E-5
1.420763333E+9	1.614887000E-5
1.420766667E+9	1.605486000E-5
1.420770000E+9	1.564316000E-5
1.420773333E+9	1.591966000E-5
1.420776667E+9	1.584202000E-5
1.420780000E+9	1.571188000E-5
1.420783333E+9	1.590118000E-5
1.420786667E+9	1.576638000E-5
1.420790000E+9	1.598764000E-5
1.420793333E+9	1.614707000E-5
1.420796667E+9	1.562568000E-5
1.420800000E+9	1.523662000E-5
1.420803333E+9	1.550026000E-5
1.420806667E+9	1.529377000E-5
1.420810000E+9	1.545523000E-5
1.420813333E+9	1.534286000E-5
1.420816667E+9	1.564359000E-5
1.420820000E+9	1.591968000E-5
1.420823333E+9	1.552268000E-5
1.420826667E+9	1.522665000E-5
1.420830000E+9	1.585140000E-5
1.420833333E+9	1.530726000E-5
1.420836667E+9	1.552179000E-5
1.420840000E+9	1.512323000E-5
1.420843333E+9	1.531294000E-5
1.420846667E+9	1.511155000E-5
1.420850000E+9	1.536152000E-5
1.420853333E+9	1.523118000E-5
1.420856667E+9	1.543214000E-5
1.420860000E+9	1.569253000E-5
1.420863333E+9	1.530632000E-5
1.420866667E+9	1.547945000E-5
1.420870000E+9	1.579701000E-5
1.420873333E+9	1.532044000E-5
1.420876667E+9	1.500043000E-5
1.420880000E+9	1.518384000E-5
1.420883333E+9	1.815900000E-5
1.420886667E+9	1.709093000E-5
1.420890000E+9	1.503218000E-5
1.420893333E+9	1.531250000E-5
1.420896667E+9	1.533983000E-5
1.420900000E+9	1.580489000E-5
1.420903333E+9	1.594895000E-5
1.420906667E+9	1.682947000E-5
1.420910000E+9	1.513938000E-5
1.420913333E+9	1.903578000E-5
1.420916667E+9	1.958495000E-5
1.420920000E+9	2.134446000E-5
1.420923333E+9	1.554478000E-5
1.420926667E+9	1.520815000E-5
1.420930000E+9	1.565020000E-5
1.420933333E+9	1.535459000E-5
1.420936667E+9	1.505144000E-5
1.420940000E+9	1.527132000E-5
1.420943333E+9	1.549960000E-5
1.420946667E+9	1.544873000E-5
1.420950000E+9	1.600737000E-5
1.420953333E+9	1.536581000E-5
1.420956667E+9	1.508916000E-5
1.420960000E+9	1.497961000E-5
1.420963333E+9	1.499517000E-5
1.420966667E+9	1.545111000E-5
1.420970000E+9	1.505967000E-5
1.420973333E+9	1.489722000E-5
1.420976667E+9	1.505441000E-5
1.420980000E+9	1.515090000E-5
1.420983333E+9	1.507009000E-5
1.420986667E+9	1.511797000E-5
1.420990000E+9	1.552181000E-5
1.420993333E+9	1.503512000E-5
1.420996667E+9	1.495873000E-5
1.421000000E+9	1.473702000E-5
1.421003333E+9	1.512336000E-5
1.421006667E+9	1.526195000E-5
1.421010000E+9	1.535854000E-5
1.421013333E+9	1.496586000E-5
1.421016667E+9	1.587259000E-5
1.421020000E+9	1.530222000E-5
1.421023333E+9	1.530296000E-5
1.421026667E+9	1.508742000E-5
1.421030000E+9	1.536294000E-5
1.421033333E+9	1.528771000E-5
1.421036667E+9	1.519739000E-5
1.421040000E+9	1.518734000E-5
1.421043333E+9	1.480334000E-5
1.421046667E+9	1.491314000E-5
1.421050000E+9	1.515731000E-5
1.421053333E+9	1.539656000E-5
1.421056667E+9	1.531768000E-5
1.421060000E+9	1.506877000E-5
1.421063333E+9	1.502200000E-5
1.421066667E+9	1.502837000E-5
1.421070000E+9	1.524569000E-5
1.421073333E+9	1.521231000E-5
1.421076667E+9	1.506304000E-5
1.421080000E+9	1.519603000E-5
1.421083333E+9	1.531664000E-5
1.421086667E+9	1.663607000E-5
1.421090000E+9	1.535695000E-5
1.421093333E+9	1.576409000E-5
1.421096667E+9	1.531815000E-5
1.421100000E+9	1.521842000E-5
1.421103333E+9	1.517553000E-5
1.421106667E+9	1.496966000E-5
1.421110000E+9	1.490188000E-5
1.421113333E+9	1.499802000E-5
1.421116667E+9	1.504636000E-5
1.421120000E+9	1.526029000E-5
1.421123333E+9	1.538461000E-5
1.421126667E+9	1.520241000E-5
1.421130000E+9	1.520184000E-5
1.421133333E+9	1.495928000E-5
1.421136667E+9	1.494558000E-5
1.421140000E+9	1.524373000E-5
1.421143333E+9	1.526257000E-5
1.421146667E+9	1.493236000E-5
1.421150000E+9	1.526121000E-5
1.421153333E+9	1.634260000E-5
1.421156667E+9	1.540018000E-5
1.421160000E+9	1.530795000E-5
1.421163333E+9	1.493446000E-5
1.421166667E+9	1.514571000E-5
1.421170000E+9	1.508711000E-5
1.421173333E+9	1.542243000E-5
1.421176667E+9	1.584565000E-5
1.421180000E+9	1.703824000E-5
1.421183333E+9	1.540545000E-5
1.421186667E+9	1.514440000E-5
1.421190000E+9	1.527722000E-5
1.421193333E+9	1.510005000E-5
1.421196667E+9	1.566678000E-5
1.421200000E+9	1.533949000E-5
1.421203333E+9	1.534194000E-5
1.421206667E+9	1.644553000E-5
1.421210000E+9	1.645725000E-5
1.421213333E+9	1.701915000E-5
1.421216667E+9	1.527982000E-5
1.421220000E+9	1.650933000E-5
1.421223333E+9	1.585625000E-5
1.421226667E+9	1.518870000E-5
1.421230000E+9	1.547014000E-5
1.421233333E+9	1.525665000E-5
1.421236667E+9	1.542722000E-5
1.421240000E+9	1.502147000E-5
1.421243333E+9	1.542903000E-5
1.421246667E+9	1.541317000E-5
1.421250000E+9	1.521002000E-5
1.421253333E+9	1.520248000E-5
1.421256667E+9	1.509258000E-5
1.421260000E+9	1.522265000E-5
1.421263333E+9	1.528781000E-5
1.421266667E+9	1.516723000E-5
1.421270000E+9	1.523220000E-5
1.421273333E+9	1.536942000E-5
1.421276667E+9	1.542272000E-5
1.421280000E+9	1.530895000E-5
1.421283333E+9	1.572268000E-5
1.421286667E+9	1.896201000E-5
1.421290000E+9	1.963749000E-5
1.421293333E+9	1.568332000E-5
1.421296667E+9	1.540965000E-5
1.421300000E+9	1.554797000E-5
1.421303333E+9	1.533963000E-5
1.421306667E+9	1.542814000E-5
1.421310000E+9	1.540725000E-5
1.421313333E+9	1.537328000E-5
1.421316667E+9	1.537993000E-5
1.421320000E+9	1.555894000E-5
1.421323333E+9	1.552731000E-5
1.421326667E+9	1.567683000E-5
1.421330000E+9	1.549625000E-5
1.421333333E+9	1.518268000E-5
1.421336667E+9	1.550101000E-5
1.421340000E+9	1.569908000E-5
1.421343333E+9	1.552487000E-5
1.421346667E+9	1.579431000E-5
1.421350000E+9	1.645490000E-5
1.421353333E+9	2.200439000E-5
1.421356667E+9	3.028445000E-5
1.421360000E+9	1.888209000E-5
1.421363333E+9	1.646925000E-5
1.421366667E+9	1.679259000E-5
1.421370000E+9	1.559521000E-5
1.421373333E+9	1.518918000E-5
1.421376667E+9	1.546490000E-5
1.421380000E+9	1.560979000E-5
1.421383333E+9	1.517668000E-5
1.421386667E+9	1.521527000E-5
1.421390000E+9	1.542406000E-5
1.421393333E+9	1.530260000E-5
1.421396667E+9	1.576982000E-5
1.421400000E+9	1.553737000E-5
