Frequency, Hz	Amplitude, Volts
1.419400000E+9	1.504311000E-5
1.419403333E+9	1.482972000E-5
1.419406667E+9	1.493567000E-5
1.419410000E+9	1.492007000E-5
1.419413333E+9	1.651918000E-5
1.419416667E+9	1.563442000E-5
1.419420000E+9	1.526570000E-5
1.419423333E+9	1.506060000E-5
1.419426667E+9	1.495198000E-5
1.419430000E+9	1.468358000E-5
1.419433333E+9	1.534057000E-5
1.419436667E+9	1.498599000E-5
1.419440000E+9	1.509148000E-5
1.419443333E+9	1.488414000E-5
1.419446667E+9	1.528732000E-5
1.419450000E+9	1.651247000E-5
1.419453333E+9	1.631384000E-5
1.419456667E+9	1.558177000E-5
1.419460000E+9	1.490956000E-5
1.419463333E+9	1.466808000E-5
1.419466667E+9	1.505445000E-5
1.419470000E+9	1.476730000E-5
1.419473333E+9	1.485741000E-5
1.419476667E+9	1.485162000E-5
1.419480000E+9	1.503591000E-5
1.419483333E+9	1.486920000E-5
1.419486667E+9	1.481296000E-5
1.419490000E+9	1.503543000E-5
1.419493333E+9	1.500397000E-5
1.419496667E+9	1.479615000E-5
1.419500000E+9	1.500830000E-5
1.419503333E+9	1.477443000E-5
1.419506667E+9	1.496432000E-5
1.419510000E+9	1.526649000E-5
1.419513333E+9	1.473025000E-5
1.419516667E+9	1.509556000E-5
1.419520000E+9	1.489267000E-5
1.419523333E+9	1.510869000E-5
1.419526667E+9	1.478010000E-5
1.419530000E+9	1.483067000E-5
1.419533333E+9	1.471022000E-5
1.419536667E+9	1.501874000E-5
1.419540000E+9	1.488942000E-5
1.419543333E+9	1.487107000E-5
1.419546667E+9	1.473643000E-5
1.419550000E+9	1.487070000E-5
1.419553333E+9	1.476921000E-5
1.419556667E+9	1.490948000E-5
1.419560000E+9	1.460111000E-5
1.419563333E+9	1.456910000E-5
1.419566667E+9	1.500955000E-5
1.419570000E+9	1.494603000E-5
1.419573333E+9	1.518249000E-5
1.419576667E+9	1.502380000E-5
1.419580000E+9	1.491449000E-5
1.419583333E+9	1.521547000E-5
1.419586667E+9	1.480868000E-5
1.419590000E+9	1.462700000E-5
1.419593333E+9	1.484823000E-5
1.419596667E+9	1.487272000E-5
1.419600000E+9	1.467770000E-5
1.419603333E+9	1.511097000E-5
1.419606667E+9	1.473447000E-5
1.419610000E+9	1.464486000E-5
1.419613333E+9	1.515867000E-5
1.419616667E+9	1.493584000E-5
1.419620000E+9	1.485405000E-5
1.419623333E+9	1.484616000E-5
1.419626667E+9	1.456190000E-5
1.419630000E+9	1.483937000E-5
1.419633333E+9	1.504329000E-5
1.419636667E+9	1.480634000E-5
1.419640000E+9	1.490972000E-5
1.419643333E+9	1.473987000E-5
1.419646667E+9	1.483355000E-5
1.419650000E+9	1.482114000E-5
1.419653333E+9	1.485303000E-5
1.419656667E+9	1.516638000E-5
1.419660000E+9	1.480589000E-5
1.419663333E+9	1.487963000E-5
1.419666667E+9	1.498650000E-5
1.419670000E+9	1.471379000E-5
1.419673333E+9	1.477022000E-5
1.419676667E+9	1.532253000E-5
1.419680000E+9	1.494384000E-5
1.419683333E+9	1.484440000E-5
1.419686667E+9	1.489235000E-5
1.419690000E+9	1.509768000E-5
1.419693333E+9	1.499606000E-5
1.419696667E+9	1.503588000E-5
1.419700000E+9	1.500573000E-5
1.419703333E+9	1.491395000E-5
1.419706667E+9	1.523260000E-5
1.419710000E+9	1.542544000E-5
1.419713333E+9	1.482883000E-5
1.419716667E+9	1.480412000E-5
1.419720000E+9	1.475087000E-5
1.419723333E+9	1.492351000E-5
1.419726667E+9	1.515448000E-5
1.419730000E+9	1.492259000E-5
1.419733333E+9	1.537186000E-5
1.419736667E+9	1.497576000E-5
1.419740000E+9	1.537457000E-5
1.419743333E+9	1.623941000E-5
1.419746667E+9	1.583807000E-5
1.419750000E+9	1.511641000E-5
1.419753333E+9	1.537825000E-5
1.419756667E+9	1.505119000E-5
1.419760000E+9	1.501592000E-5
1.419763333E+9	1.496442000E-5
1.419766667E+9	1.495858000E-5
1.419770000E+9	1.478446000E-5
1.419773333E+9	1.494032000E-5
1.419776667E+9	1.477033000E-5
1.419780000E+9	1.510242000E-5
1.419783333E+9	1.495277000E-5
1.419786667E+9	1.489115000E-5
1.419790000E+9	1.521881000E-5
1.419793333E+9	1.498500000E-5
1.419796667E+9	1.492625000E-5
1.419800000E+9	1.493946000E-5
1.419803333E+9	1.489053000E-5
1.419806667E+9	1.484872000E-5
1.419810000E+9	1.460274000E-5
1.419813333E+9	1.506317000E-5
1.419816667E+9	1.507873000E-5
1.419820000E+9	1.500726000E-5
1.419823333E+9	1.492812000E-5
1.419826667E+9	1.475569000E-5
1.419830000E+9	1.480655000E-5
1.419833333E+9	1.480101000E-5
1.419836667E+9	1.470441000E-5
1.419840000E+9	1.482246000E-5
1.419843333E+9	1.488774000E-5
1.419846667E+9	1.471462000E-5
1.419850000E+9	1.490736000E-5
1.419853333E+9	1.505367000E-5
1.419856667E+9	1.488913000E-5
1.419860000E+9	1.464294000E-5
1.419863333E+9	1.501811000E-5
1.419866667E+9	1.500438000E-5
1.419870000E+9	1.479854000E-5
1.419873333E+9	1.487292000E-5
1.419876667E+9	1.475712000E-5
1.419880000E+9	1.479963000E-5
1.419883333E+9	1.474107000E-5
1.419886667E+9	1.466735000E-5
1.419890000E+9	1.482103000E-5
1.419893333E+9	1.487731000E-5
1.419896667E+9	1.499173000E-5
1.419900000E+9	1.479672000E-5
1.419903333E+9	1.536916000E-5
1.419906667E+9	1.497341000E-5
1.419910000E+9	1.499667000E-5
1.419913333E+9	1.503953000E-5
1.419916667E+9	1.466713000E-5
1.419920000E+9	1.494514000E-5
1.419923333E+9	1.498452000E-5
1.419926667E+9	1.475072000E-5
1.419930000E+9	1.481195000E-5
1.419933333E+9	1.475147000E-5
1.419936667E+9	1.474151000E-5
1.419940000E+9	1.450162000E-5
1.419943333E+9	1.502591000E-5
1.419946667E+9	1.497390000E-5
1.419950000E+9	1.499328000E-5
1.419953333E+9	1.472564000E-5
1.419956667E+9	1.468813000E-5
1.419960000E+9	1.484678000E-5
1.419963333E+9	1.452538000E-5
1.419966667E+9	1.501918000E-5
1.419970000E+9	1.494471000E-5
1.419973333E+9	1.502525000E-5
1.419976667E+9	1.512928000E-5
1.419980000E+9	1.557362000E-5
1.419983333E+9	1.481251000E-5
1.419986667E+9	1.477641000E-5
1.419990000E+9	1.506137000E-5
1.419993333E+9	1.496575000E-5
1.419996667E+9	1.453119000E-5
1.420000000E+9	1.555909000E-5
1.420003333E+9	1.620005000E-5
1.420006667E+9	1.509753000E-5
1.420010000E+9	1.498643000E-5
1.420013333E+9	1.507969000E-5
1.420016667E+9	1.457686000E-5
1.420020000E+9	1.501077000E-5
1.420023333E+9	1.493112000E-5
1.420026667E+9	1.482969000E-5
1.420030000E+9	1.456495000E-5
1.420033333E+9	1.542173000E-5
1.420036667E+9	1.583918000E-5
1.420040000E+9	1.577111000E-5
1.420043333E+9	1.499516000E-5
1.420046667E+9	1.481960000E-5
1.420050000E+9	1.490794000E-5
1.420053333E+9	1.505155000E-5
1.420056667E+9	1.495978000E-5
1.420060000E+9	1.450293000E-5
1.420063333E+9	1.480631000E-5
1.420066667E+9	1.473070000E-5
1.420070000E+9	1.487031000E-5
1.420073333E+9	1.472546000E-5
1.420076667E+9	1.455009000E-5
1.420080000E+9	1.513210000E-5
1.420083333E+9	1.503477000E-5
1.420086667E+9	1.458648000E-5
1.420090000E+9	1.488269000E-5
1.420093333E+9	1.477291000E-5
1.420096667E+9	1.497260000E-5
1.420100000E+9	1.474167000E-5
1.420103333E+9	1.495484000E-5
1.420106667E+9	1.485515000E-5
1.420110000E+9	1.470577000E-5
1.420113333E+9	1.455885000E-5
1.420116667E+9	1.494248000E-5
1.420120000E+9	1.468822000E-5
1.420123333E+9	1.495599000E-5
1.420126667E+9	1.489918000E-5
1.420130000E+9	1.478365000E-5
1.420133333E+9	1.511420000E-5
1.420136667E+9	1.490537000E-5
1.420140000E+9	1.498721000E-5
1.420143333E+9	1.470665000E-5
1.420146667E+9	1.454472000E-5
1.420150000E+9	1.472229000E-5
1.420153333E+9	1.482730000E-5
1.420156667E+9	1.485394000E-5
1.420160000E+9	1.481771000E-5
1.420163333E+9	1.480470000E-5
1.420166667E+9	1.510892000E-5
1.420170000E+9	1.477351000E-5
1.420173333E+9	1.478170000E-5
1.420176667E+9	1.480392000E-5
1.420180000E+9	1.525947000E-5
1.420183333E+9	1.485262000E-5
1.420186667E+9	1.509553000E-5
1.420190000E+9	1.472884000E-5
1.420193333E+9	1.499891000E-5
1.420196667E+9	1.491604000E-5
1.420200000E+9	1.498703000E-5
1.420203333E+9	1.475487000E-5
1.420206667E+9	1.444397000E-5
1.420210000E+9	1.465168000E-5
1.420213333E+9	1.419088000E-5
1.420216667E+9	1.484724000E-5
1.420220000E+9	1.479235000E-5
1.420223333E+9	1.496775000E-5
1.420226667E+9	1.466750000E-5
1.420230000E+9	1.501232000E-5
1.420233333E+9	1.465948000E-5
1.420236667E+9	1.499157000E-5
1.420240000E+9	1.510307000E-5
1.420243333E+9	1.455328000E-5
1.420246667E+9	1.488713000E-5
1.420250000E+9	1.483506000E-5
1.420253333E+9	1.471202000E-5
1.420256667E+9	1.498515000E-5
1.420260000E+9	1.487274000E-5
1.420263333E+9	1.450078000E-5
1.420266667E+9	1.524761000E-5
1.420270000E+9	1.493040000E-5
1.420273333E+9	1.508320000E-5
1.420276667E+9	1.484254000E-5
1.420280000E+9	1.461551000E-5
1.420283333E+9	1.487062000E-5
1.420286667E+9	1.468244000E-5
1.420290000E+9	1.466608000E-5
1.420293333E+9	1.539113000E-5
1.420296667E+9	1.649531000E-5
1.420300000E+9	1.504040000E-5
1.420303333E+9	1.495111000E-5
1.420306667E+9	1.471874000E-5
1.420310000E+9	1.494366000E-5
1.420313333E+9	1.516826000E-5
1.420316667E+9	1.483909000E-5
1.420320000E+9	1.528556000E-5
1.420323333E+9	1.500522000E-5
1.420326667E+9	1.564938000E-5
1.420330000E+9	1.530571000E-5
1.420333333E+9	1.565244000E-5
1.420336667E+9	1.465115000E-5
1.420340000E+9	1.494414000E-5
1.420343333E+9	1.482458000E-5
1.420346667E+9	1.508017000E-5
1.420350000E+9	1.515500000E-5
1.420353333E+9	1.475262000E-5
1.420356667E+9	1.464323000E-5
1.420360000E+9	1.487953000E-5
1.420363333E+9	1.484117000E-5
1.420366667E+9	1.491755000E-5
1.420370000E+9	1.486720000E-5
1.420373333E+9	1.466885000E-5
1.420376667E+9	1.472747000E-5
1.420380000E+9	1.511518000E-5
1.420383333E+9	1.495487000E-5
1.420386667E+9	1.483695000E-5
1.420390000E+9	1.474541000E-5
1.420393333E+9	1.475675000E-5
1.420396667E+9	1.498061000E-5
1.420400000E+9	1.474164000E-5
1.420403333E+9	1.477602000E-5
1.420406667E+9	1.463508000E-5
1.420410000E+9	1.490520000E-5
1.420413333E+9	1.506953000E-5
1.420416667E+9	1.479563000E-5
1.420420000E+9	1.498171000E-5
1.420423333E+9	1.491344000E-5
1.420426667E+9	1.504468000E-5
1.420430000E+9	1.515362000E-5
1.420433333E+9	1.478208000E-5
1.420436667E+9	1.494379000E-5
1.420440000E+9	1.481205000E-5
1.420443333E+9	1.464026000E-5
1.420446667E+9	1.517263000E-5
1.420450000E+9	1.483200000E-5
1.420453333E+9	1.490974000E-5
1.420456667E+9	1.517919000E-5
1.420460000E+9	1.526381000E-5
1.420463333E+9	1.524279000E-5
1.420466667E+9	1.493597000E-5
1.420470000E+9	1.484108000E-5
1.420473333E+9	1.528769000E-5
1.420476667E+9	1.554266000E-5
1.420480000E+9	1.594608000E-5
1.420483333E+9	1.574871000E-5
1.420486667E+9	1.594128000E-5
1.420490000E+9	1.609702000E-5
1.420493333E+9	1.609531000E-5
1.420496667E+9	1.667147000E-5
1.420500000E+9	1.678286000E-5
1.420503333E+9	1.647636000E-5
1.420506667E+9	1.624555000E-5
1.420510000E+9	1.681809000E-5
1.420513333E+9	1.658114000E-5
1.420516667E+9	1.672251000E-5
1.420520000E+9	1.640974000E-5
1.420523333E+9	1.626009000E-5
1.420526667E+9	1.642712000E-5
1.420530000E+9	1.651758000E-5
1.420533333E+9	1.654913000E-5
1.420536667E+9	1.667548000E-5
1.420540000E+9	1.668815000E-5
1.420543333E+9	1.651252000E-5
1.420546667E+9	1.644442000E-5
1.420550000E+9	1.619719000E-5
1.420553333E+9	1.652175000E-5
1.420556667E+9	1.619836000E-5
1.420560000E+9	1.629288000E-5
1.420563333E+9	1.612352000E-5
1.420566667E+9	1.638290000E-5
1.420570000E+9	1.596261000E-5
1.420573333E+9	1.635091000E-5
1.420576667E+9	1.608489000E-5
1.420580000E+9	1.603840000E-5
1.420583333E+9	1.605031000E-5
1.420586667E+9	1.600083000E-5
1.420590000E+9	1.564539000E-5
1.420593333E+9	1.586397000E-5
1.420596667E+9	1.586149000E-5
1.420600000E+9	1.601276000E-5
1.420603333E+9	1.577658000E-5
1.420606667E+9	1.592335000E-5
1.420610000E+9	1.623362000E-5
1.420613333E+9	1.608868000E-5
1.420616667E+9	1.548752000E-5
1.420620000E+9	1.653408000E-5
1.420623333E+9	1.626775000E-5
1.420626667E+9	1.675931000E-5
1.420630000E+9	1.564560000E-5
1.420633333E+9	1.561529000E-5
1.420636667E+9	1.541261000E-5
1.420640000E+9	1.576770000E-5
1.420643333E+9	1.595657000E-5
1.420646667E+9	1.668632000E-5
1.420650000E+9	1.622551000E-5
1.420653333E+9	1.564512000E-5
1.420656667E+9	1.591933000E-5
1.420660000E+9	1.622622000E-5
1.420663333E+9	1.614902000E-5
1.420666667E+9	1.621436000E-5
1.420670000E+9	1.606376000E-5
1.420673333E+9	1.610818000E-5
1.420676667E+9	1.623078000E-5
1.420680000E+9	1.644906000E-5
1.420683333E+9	1.600345000E-5
1.420686667E+9	1.648434000E-5
1.420690000E+9	1.607874000E-5
1.420693333E+9	1.626266000E-5
1.420696667E+9	1.634023000E-5
1.420700000E+9	1.615432000E-5
1.420703333E+9	1.652664000E-5
1.420706667E+9	1.662621000E-5
1.420710000E+9	1.692653000E-5
1.420713333E+9	1.631547000E-5
1.420716667E+9	1.677584000E-5
1.420720000E+9	1.652458000E-5
1.420723333E+9	1.668489000E-5
1.420726667E+9	1.617400000E-5
1.420730000E+9	1.630844000E-5
1.420733333E+9	1.649935000E-5
1.420736667E+9	1.640497000E-5
1.420740000E+9	1.648180000E-5
1.420743333E+9	1.646784000E-5
1.420746667E+9	1.598320000E-5
1.420750000E+9	1.594870000E-5
1.420753333E+9	1.598011000E-5
1.420756667E+9	1.629414000E-5
1.420760000E+9	1.650429000E-5
1.420763333E+9	1.643496000E-5
1.420766667E+9	1.608971000E-5
1.420770000E+9	1.613796000E-5
1.420773333E+9	1.604453000E-5
1.420776667E+9	1.622772000E-5
1.420780000E+9	1.601827000E-5
1.420783333E+9	1.595264000E-5
1.420786667E+9	1.585004000E-5
1.420790000E+9	1.569817000E-5
1.420793333E+9	1.592328000E-5
1.420796667E+9	1.666499000E-5
1.420800000E+9	1.580326000E-5
1.420803333E+9	1.563315000E-5
1.420806667E+9	1.534054000E-5
1.420810000E+9	1.525143000E-5
1.420813333E+9	1.537389000E-5
1.420816667E+9	1.507477000E-5
1.420820000E+9	1.530610000E-5
1.420823333E+9	1.521766000E-5
1.420826667E+9	1.549592000E-5
1.420830000E+9	1.534180000E-5
1.420833333E+9	1.555706000E-5
1.420836667E+9	1.518758000E-5
1.420840000E+9	1.519200000E-5
1.420843333E+9	1.536498000E-5
1.420846667E+9	1.533414000E-5
1.420850000E+9	1.518973000E-5
1.420853333E+9	1.537794000E-5
1.420856667E+9	1.539595000E-5
1.420860000E+9	1.556538000E-5
1.420863333E+9	1.543220000E-5
1.420866667E+9	1.532320000E-5
1.420870000E+9	1.541473000E-5
1.420873333E+9	1.520615000E-5
1.420876667E+9	1.529402000E-5
1.420880000E+9	1.517393000E-5
1.420883333E+9	1.751192000E-5
1.420886667E+9	1.656446000E-5
1.420890000E+9	1.541100000E-5
1.420893333E+9	1.517329000E-5
1.420896667E+9	1.549455000E-5
1.420900000E+9	1.564452000E-5
1.420903333E+9	1.531373000E-5
1.420906667E+9	1.596054000E-5
1.420910000E+9	1.577424000E-5
1.420913333E+9	1.838842000E-5
1.420916667E+9	1.720112000E-5
1.420920000E+9	1.819506000E-5
1.420923333E+9	1.523730000E-5
1.420926667E+9	1.554265000E-5
1.420930000E+9	1.517693000E-5
1.420933333E+9	1.497674000E-5
1.420936667E+9	1.519060000E-5
1.420940000E+9	1.528694000E-5
1.420943333E+9	1.524398000E-5
1.420946667E+9	1.580768000E-5
1.420950000E+9	1.486281000E-5
1.420953333E+9	1.504451000E-5
1.420956667E+9	1.503494000E-5
1.420960000E+9	1.487916000E-5
1.420963333E+9	1.531975000E-5
1.420966667E+9	1.486420000E-5
1.420970000E+9	1.510921000E-5
1.420973333E+9	1.500987000E-5
1.420976667E+9	1.522389000E-5
1.420980000E+9	1.474235000E-5
1.420983333E+9	1.506106000E-5
1.420986667E+9	1.511133000E-5
1.420990000E+9	1.511102000E-5
1.420993333E+9	1.526222000E-5
1.420996667E+9	1.513813000E-5
1.421000000E+9	1.485448000E-5
1.421003333E+9	1.465092000E-5
1.421006667E+9	1.485027000E-5
1.421010000E+9	1.509876000E-5
1.421013333E+9	1.511696000E-5
1.421016667E+9	1.495937000E-5
1.421020000E+9	1.488345000E-5
1.421023333E+9	1.485446000E-5
1.421026667E+9	1.462627000E-5
1.421030000E+9	1.505261000E-5
1.421033333E+9	1.497150000E-5
1.421036667E+9	1.447205000E-5
1.421040000E+9	1.488921000E-5
1.421043333E+9	1.495566000E-5
1.421046667E+9	1.475219000E-5
1.421050000E+9	1.474798000E-5
1.421053333E+9	1.504133000E-5
1.421056667E+9	1.472638000E-5
1.421060000E+9	1.506405000E-5
1.421063333E+9	1.459841000E-5
1.421066667E+9	1.478302000E-5
1.421070000E+9	1.448089000E-5
1.421073333E+9	1.482012000E-5
1.421076667E+9	1.494562000E-5
1.421080000E+9	1.483339000E-5
1.421083333E+9	1.485407000E-5
1.421086667E+9	1.461020000E-5
1.421090000E+9	1.501567000E-5
1.421093333E+9	1.483490000E-5
1.421096667E+9	1.557206000E-5
1.421100000E+9	1.459232000E-5
1.421103333E+9	1.475835000E-5
1.421106667E+9	1.492122000E-5
1.421110000E+9	1.480984000E-5
1.421113333E+9	1.470094000E-5
1.421116667E+9	1.492799000E-5
1.421120000E+9	1.491198000E-5
1.421123333E+9	1.466349000E-5
1.421126667E+9	1.512748000E-5
1.421130000E+9	1.471969000E-5
1.421133333E+9	1.487821000E-5
1.421136667E+9	1.467491000E-5
1.421140000E+9	1.475427000E-5
1.421143333E+9	1.501422000E-5
1.421146667E+9	1.474989000E-5
1.421150000E+9	1.464446000E-5
1.421153333E+9	1.466576000E-5
1.421156667E+9	1.482175000E-5
1.421160000E+9	1.462749000E-5
1.421163333E+9	1.500160000E-5
1.421166667E+9	1.495422000E-5
1.421170000E+9	1.499504000E-5
1.421173333E+9	1.467439000E-5
1.421176667E+9	1.634651000E-5
1.421180000E+9	1.809282000E-5
1.421183333E+9	1.465232000E-5
1.421186667E+9	1.466223000E-5
1.421190000E+9	1.519739000E-5
1.421193333E+9	1.462888000E-5
1.421196667E+9	1.497972000E-5
1.421200000E+9	1.461886000E-5
1.421203333E+9	1.484057000E-5
1.421206667E+9	1.647142000E-5
1.421210000E+9	1.527984000E-5
1.421213333E+9	1.581935000E-5
1.421216667E+9	1.476718000E-5
1.421220000E+9	1.473801000E-5
1.421223333E+9	1.452808000E-5
1.421226667E+9	1.499139000E-5
1.421230000E+9	1.478823000E-5
1.421233333E+9	1.466167000E-5
1.421236667E+9	1.494621000E-5
1.421240000E+9	1.506976000E-5
1.421243333E+9	1.485188000E-5
1.421246667E+9	1.512077000E-5
1.421250000E+9	1.491434000E-5
1.421253333E+9	1.499354000E-5
1.421256667E+9	1.462516000E-5
1.421260000E+9	1.486915000E-5
1.421263333E+9	1.474881000E-5
1.421266667E+9	1.473004000E-5
1.421270000E+9	1.453045000E-5
1.421273333E+9	1.469387000E-5
1.421276667E+9	1.464606000E-5
1.421280000E+9	1.479978000E-5
1.421283333E+9	1.457367000E-5
1.421286667E+9	1.447641000E-5
1.421290000E+9	1.435920000E-5
1.421293333E+9	1.484971000E-5
1.421296667E+9	1.473576000E-5
1.421300000E+9	1.464015000E-5
1.421303333E+9	1.442834000E-5
1.421306667E+9	1.443165000E-5
1.421310000E+9	1.464774000E-5
1.421313333E+9	1.457919000E-5
1.421316667E+9	1.458499000E-5
1.421320000E+9	1.474385000E-5
1.421323333E+9	1.472428000E-5
1.421326667E+9	1.478276000E-5
1.421330000E+9	1.468037000E-5
1.421333333E+9	1.474947000E-5
1.421336667E+9	1.479503000E-5
1.421340000E+9	1.482912000E-5
1.421343333E+9	1.461009000E-5
1.421346667E+9	1.462119000E-5
1.421350000E+9	1.469776000E-5
1.421353333E+9	1.481023000E-5
1.421356667E+9	1.473031000E-5
1.421360000E+9	1.453921000E-5
1.421363333E+9	1.451071000E-5
1.421366667E+9	1.455827000E-5
1.421370000E+9	1.472499000E-5
1.421373333E+9	1.443793000E-5
1.421376667E+9	1.483787000E-5
1.421380000E+9	1.458065000E-5
1.421383333E+9	1.487702000E-5
1.421386667E+9	1.482224000E-5
1.421390000E+9	1.454292000E-5
1.421393333E+9	1.480454000E-5
1.421396667E+9	1.471641000E-5
1.421400000E+9	1.463719000E-5
