Frequency, Hz	Amplitude, Volts
1.419400000E+9	1.497931000E-5
1.419403333E+9	1.496128000E-5
1.419406667E+9	1.498768000E-5
1.419410000E+9	1.491943000E-5
1.419413333E+9	1.611005000E-5
1.419416667E+9	1.543844000E-5
1.419420000E+9	1.485139000E-5
1.419423333E+9	1.483555000E-5
1.419426667E+9	1.450716000E-5
1.419430000E+9	1.519270000E-5
1.419433333E+9	1.486369000E-5
1.419436667E+9	1.519490000E-5
1.419440000E+9	1.517603000E-5
1.419443333E+9	1.495726000E-5
1.419446667E+9	1.480821000E-5
1.419450000E+9	1.506018000E-5
1.419453333E+9	1.489606000E-5
1.419456667E+9	1.491827000E-5
1.419460000E+9	1.492764000E-5
1.419463333E+9	1.480478000E-5
1.419466667E+9	1.487517000E-5
1.419470000E+9	1.467770000E-5
1.419473333E+9	1.464812000E-5
1.419476667E+9	1.492363000E-5
1.419480000E+9	1.494404000E-5
1.419483333E+9	1.474894000E-5
1.419486667E+9	1.486877000E-5
1.419490000E+9	1.491282000E-5
1.419493333E+9	1.495854000E-5
1.419496667E+9	1.494389000E-5
1.419500000E+9	1.485276000E-5
1.419503333E+9	1.486877000E-5
1.419506667E+9	1.496499000E-5
1.419510000E+9	1.484644000E-5
1.419513333E+9	1.512708000E-5
1.419516667E+9	1.479065000E-5
1.419520000E+9	1.468068000E-5
1.419523333E+9	1.511345000E-5
1.419526667E+9	1.496346000E-5
1.419530000E+9	1.475796000E-5
1.419533333E+9	1.502583000E-5
1.419536667E+9	1.504944000E-5
1.419540000E+9	1.490874000E-5
1.419543333E+9	1.510242000E-5
1.419546667E+9	1.506888000E-5
1.419550000E+9	1.504174000E-5
1.419553333E+9	1.481342000E-5
1.419556667E+9	1.479778000E-5
1.419560000E+9	1.488530000E-5
1.419563333E+9	1.498498000E-5
1.419566667E+9	1.470602000E-5
1.419570000E+9	1.499320000E-5
1.419573333E+9	1.451366000E-5
1.419576667E+9	1.489789000E-5
1.419580000E+9	1.482720000E-5
1.419583333E+9	1.520819000E-5
1.419586667E+9	1.485989000E-5
1.419590000E+9	1.487716000E-5
1.419593333E+9	1.511798000E-5
1.419596667E+9	1.480335000E-5
1.419600000E+9	1.487478000E-5
1.419603333E+9	1.528650000E-5
1.419606667E+9	1.490558000E-5
1.419610000E+9	1.483594000E-5
1.419613333E+9	1.485728000E-5
1.419616667E+9	1.471919000E-5
1.419620000E+9	1.494391000E-5
1.419623333E+9	1.489202000E-5
1.419626667E+9	1.508501000E-5
1.419630000E+9	1.489804000E-5
1.419633333E+9	1.496683000E-5
1.419636667E+9	1.460117000E-5
1.419640000E+9	1.504975000E-5
1.419643333E+9	1.494027000E-5
1.419646667E+9	1.510902000E-5
1.419650000E+9	1.485024000E-5
1.419653333E+9	1.483718000E-5
1.419656667E+9	1.506705000E-5
1.419660000E+9	1.489635000E-5
1.419663333E+9	1.494882000E-5
1.419666667E+9	1.497308000E-5
1.419670000E+9	1.507244000E-5
1.419673333E+9	1.493466000E-5
1.419676667E+9	1.516274000E-5
1.419680000E+9	1.488213000E-5
1.419683333E+9	1.506832000E-5
1.419686667E+9	1.483702000E-5
1.419690000E+9	1.516888000E-5
1.419693333E+9	1.502075000E-5
1.419696667E+9	1.495928000E-5
1.419700000E+9	1.477327000E-5
1.419703333E+9	1.453508000E-5
1.419706667E+9	1.510803000E-5
1.419710000E+9	1.509427000E-5
1.419713333E+9	1.502669000E-5
1.419716667E+9	1.505092000E-5
1.419720000E+9	1.506544000E-5
1.419723333E+9	1.480774000E-5
1.419726667E+9	1.500150000E-5
1.419730000E+9	1.492181000E-5
1.419733333E+9	1.565575000E-5
1.419736667E+9	1.483601000E-5
1.419740000E+9	1.470504000E-5
1.419743333E+9	1.498699000E-5
1.419746667E+9	1.495299000E-5
1.419750000E+9	1.520825000E-5
1.419753333E+9	1.532769000E-5
1.419756667E+9	1.505458000E-5
1.419760000E+9	1.470028000E-5
1.419763333E+9	1.493126000E-5
1.419766667E+9	1.492363000E-5
1.419770000E+9	1.484828000E-5
1.419773333E+9	1.475532000E-5
1.419776667E+9	1.473110000E-5
1.419780000E+9	1.536515000E-5
1.419783333E+9	1.488064000E-5
1.419786667E+9	1.498281000E-5
1.419790000E+9	1.521303000E-5
1.419793333E+9	1.493420000E-5
1.419796667E+9	1.482144000E-5
1.419800000E+9	1.494749000E-5
1.419803333E+9	1.498559000E-5
1.419806667E+9	1.472531000E-5
1.419810000E+9	1.475879000E-5
1.419813333E+9	1.483037000E-5
1.419816667E+9	1.485200000E-5
1.419820000E+9	1.499111000E-5
1.419823333E+9	1.475529000E-5
1.419826667E+9	1.480594000E-5
1.419830000E+9	1.478235000E-5
1.419833333E+9	1.492358000E-5
1.419836667E+9	1.471655000E-5
1.419840000E+9	1.510886000E-5
1.419843333E+9	1.504250000E-5
1.419846667E+9	1.494383000E-5
1.419850000E+9	1.495115000E-5
1.419853333E+9	1.500156000E-5
1.419856667E+9	1.510164000E-5
1.419860000E+9	1.500637000E-5
1.419863333E+9	1.503566000E-5
1.419866667E+9	1.479482000E-5
1.419870000E+9	1.498518000E-5
1.419873333E+9	1.496419000E-5
1.419876667E+9	1.497415000E-5
1.419880000E+9	1.490655000E-5
1.419883333E+9	1.477271000E-5
1.419886667E+9	1.490923000E-5
1.419890000E+9	1.495993000E-5
1.419893333E+9	1.495077000E-5
1.419896667E+9	1.510853000E-5
1.419900000E+9	1.503101000E-5
1.419903333E+9	1.523544000E-5
1.419906667E+9	1.505478000E-5
1.419910000E+9	1.509163000E-5
1.419913333E+9	1.493927000E-5
1.419916667E+9	1.485373000E-5
1.419920000E+9	1.482250000E-5
1.419923333E+9	1.514699000E-5
1.419926667E+9	1.511734000E-5
1.419930000E+9	1.479682000E-5
1.419933333E+9	1.480399000E-5
1.419936667E+9	1.473942000E-5
1.419940000E+9	1.483057000E-5
1.419943333E+9	1.508959000E-5
1.419946667E+9	1.534044000E-5
1.419950000E+9	1.478995000E-5
1.419953333E+9	1.453018000E-5
1.419956667E+9	1.459207000E-5
1.419960000E+9	1.502119000E-5
1.419963333E+9	1.498492000E-5
1.419966667E+9	1.495647000E-5
1.419970000E+9	1.493223000E-5
1.419973333E+9	1.501410000E-5
1.419976667E+9	1.496245000E-5
1.419980000E+9	1.598313000E-5
1.419983333E+9	1.496854000E-5
1.419986667E+9	1.474475000E-5
1.419990000E+9	1.492092000E-5
1.419993333E+9	1.473730000E-5
1.419996667E+9	1.473342000E-5
1.420000000E+9	1.550702000E-5
1.420003333E+9	1.624628000E-5
1.420006667E+9	1.491061000E-5
1.420010000E+9	1.495602000E-5
1.420013333E+9	1.501333000E-5
1.420016667E+9	1.485459000E-5
1.420020000E+9	1.472753000E-5
1.420023333E+9	1.485259000E-5
1.420026667E+9	1.466766000E-5
1.420030000E+9	1.475239000E-5
1.420033333E+9	1.483353000E-5
1.420036667E+9	1.478527000E-5
1.420040000E+9	1.509244000E-5
1.420043333E+9	1.471673000E-5
1.420046667E+9	1.469723000E-5
1.420050000E+9	1.504427000E-5
1.420053333E+9	1.472561000E-5
1.420056667E+9	1.465893000E-5
1.420060000E+9	1.440642000E-5
1.420063333E+9	1.456479000E-5
1.420066667E+9	1.484835000E-5
1.420070000E+9	1.473764000E-5
1.420073333E+9	1.491635000E-5
1.420076667E+9	1.499149000E-5
1.420080000E+9	1.511088000E-5
1.420083333E+9	1.492109000E-5
1.420086667E+9	1.480525000E-5
1.420090000E+9	1.464729000E-5
1.420093333E+9	1.480997000E-5
1.420096667E+9	1.464304000E-5
1.420100000E+9	1.476282000E-5
1.420103333E+9	1.481691000E-5
1.420106667E+9	1.509813000E-5
1.420110000E+9	1.479008000E-5
1.420113333E+9	1.481109000E-5
1.420116667E+9	1.460824000E-5
1.420120000E+9	1.462077000E-5
1.420123333E+9	1.494695000E-5
1.420126667E+9	1.517289000E-5
1.420130000E+9	1.499852000E-5
1.420133333E+9	1.473000000E-5
1.420136667E+9	1.439070000E-5
1.420140000E+9	1.471163000E-5
1.420143333E+9	1.461057000E-5
1.420146667E+9	1.475232000E-5
1.420150000E+9	1.458131000E-5
1.420153333E+9	1.489441000E-5
1.420156667E+9	1.505425000E-5
1.420160000E+9	1.492174000E-5
1.420163333E+9	1.509268000E-5
1.420166667E+9	1.508204000E-5
1.420170000E+9	1.474818000E-5
1.420173333E+9	1.491701000E-5
1.420176667E+9	1.490699000E-5
1.420180000E+9	1.515004000E-5
1.420183333E+9	1.491350000E-5
1.420186667E+9	1.488502000E-5
1.420190000E+9	1.473458000E-5
1.420193333E+9	1.505602000E-5
1.420196667E+9	1.463451000E-5
1.420200000E+9	1.501793000E-5
1.420203333E+9	1.464645000E-5
1.420206667E+9	1.465893000E-5
1.420210000E+9	1.482630000E-5
1.420213333E+9	1.502428000E-5
1.420216667E+9	1.444767000E-5
1.420220000E+9	1.480327000E-5
1.420223333E+9	1.473618000E-5
1.420226667E+9	1.495816000E-5
1.420230000E+9	1.483622000E-5
1.420233333E+9	1.504684000E-5
1.420236667E+9	1.489819000E-5
1.420240000E+9	1.501583000E-5
1.420243333E+9	1.468519000E-5
1.420246667E+9	1.528839000E-5
1.420250000E+9	1.478070000E-5
1.420253333E+9	1.501173000E-5
1.420256667E+9	1.479169000E-5
1.420260000E+9	1.502042000E-5
1.420263333E+9	1.517194000E-5
1.420266667E+9	1.505165000E-5
1.420270000E+9	1.487537000E-5
1.420273333E+9	1.526128000E-5
1.420276667E+9	1.485453000E-5
1.420280000E+9	1.461490000E-5
1.420283333E+9	1.511923000E-5
1.420286667E+9	1.470887000E-5
1.420290000E+9	1.495737000E-5
1.420293333E+9	1.475446000E-5
1.420296667E+9	1.612837000E-5
1.420300000E+9	1.478329000E-5
1.420303333E+9	1.481288000E-5
1.420306667E+9	1.478279000E-5
1.420310000E+9	1.515292000E-5
1.420313333E+9	1.510498000E-5
1.420316667E+9	1.490066000E-5
1.420320000E+9	1.482064000E-5
1.420323333E+9	1.493118000E-5
1.420326667E+9	1.515981000E-5
1.420330000E+9	1.490707000E-5
1.420333333E+9	1.496880000E-5
1.420336667E+9	1.506590000E-5
1.420340000E+9	1.489931000E-5
1.420343333E+9	1.519884000E-5
1.420346667E+9	1.535806000E-5
1.420350000E+9	1.504851000E-5
1.420353333E+9	1.467380000E-5
1.420356667E+9	1.475349000E-5
1.420360000E+9	1.479726000E-5
1.420363333E+9	1.488019000E-5
1.420366667E+9	1.507681000E-5
1.420370000E+9	1.500619000E-5
1.420373333E+9	1.477705000E-5
1.420376667E+9	1.533168000E-5
1.420380000E+9	1.502083000E-5
1.420383333E+9	1.505891000E-5
1.420386667E+9	1.500758000E-5
1.420390000E+9	1.502139000E-5
1.420393333E+9	1.484815000E-5
1.420396667E+9	1.459593000E-5
1.420400000E+9	1.515619000E-5
1.420403333E+9	1.494430000E-5
1.420406667E+9	1.524311000E-5
1.420410000E+9	1.502464000E-5
1.420413333E+9	1.538267000E-5
1.420416667E+9	1.538711000E-5
1.420420000E+9	1.503804000E-5
1.420423333E+9	1.530108000E-5
1.420426667E+9	1.533008000E-5
1.420430000E+9	1.571617000E-5
1.420433333E+9	1.536166000E-5
1.420436667E+9	1.564218000E-5
1.420440000E+9	1.597724000E-5
1.420443333E+9	1.610015000E-5
1.420446667E+9	1.614412000E-5
1.420450000E+9	1.606829000E-5
1.420453333E+9	1.621014000E-5
1.420456667E+9	1.632766000E-5
1.420460000E+9	1.668973000E-5
1.420463333E+9	1.646773000E-5
1.420466667E+9	1.652411000E-5
1.420470000E+9	1.655658000E-5
1.420473333E+9	1.705331000E-5
1.420476667E+9	1.669990000E-5
1.420480000E+9	1.673950000E-5
1.420483333E+9	1.639546000E-5
1.420486667E+9	1.661995000E-5
1.420490000E+9	1.679547000E-5
1.420493333E+9	1.631771000E-5
1.420496667E+9	1.685380000E-5
1.420500000E+9	1.668760000E-5
1.420503333E+9	1.647695000E-5
1.420506667E+9	1.651397000E-5
1.420510000E+9	1.617173000E-5
1.420513333E+9	1.640540000E-5
1.420516667E+9	1.641206000E-5
1.420520000E+9	1.643572000E-5
1.420523333E+9	1.595045000E-5
1.420526667E+9	1.635157000E-5
1.420530000E+9	1.612200000E-5
1.420533333E+9	1.605764000E-5
1.420536667E+9	1.586449000E-5
1.420540000E+9	1.581701000E-5
1.420543333E+9	1.584363000E-5
1.420546667E+9	1.596868000E-5
1.420550000E+9	1.594767000E-5
1.420553333E+9	1.605768000E-5
1.420556667E+9	1.553741000E-5
1.420560000E+9	1.590422000E-5
1.420563333E+9	1.570920000E-5
1.420566667E+9	1.594011000E-5
1.420570000E+9	1.609966000E-5
1.420573333E+9	1.600661000E-5
1.420576667E+9	1.584029000E-5
1.420580000E+9	1.605086000E-5
1.420583333E+9	1.571301000E-5
1.420586667E+9	1.594646000E-5
1.420590000E+9	1.585481000E-5
1.420593333E+9	1.622282000E-5
1.420596667E+9	1.583958000E-5
1.420600000E+9	1.609686000E-5
1.420603333E+9	1.597313000E-5
1.420606667E+9	1.609427000E-5
1.420610000E+9	1.636192000E-5
1.420613333E+9	1.583804000E-5
1.420616667E+9	1.566698000E-5
1.420620000E+9	1.558477000E-5
1.420623333E+9	1.576683000E-5
1.420626667E+9	1.570487000E-5
1.420630000E+9	1.564091000E-5
1.420633333E+9	1.569117000E-5
1.420636667E+9	1.585006000E-5
1.420640000E+9	1.575233000E-5
1.420643333E+9	1.587833000E-5
1.420646667E+9	1.661342000E-5
1.420650000E+9	1.616070000E-5
1.420653333E+9	1.611138000E-5
1.420656667E+9	1.593279000E-5
1.420660000E+9	1.594737000E-5
1.420663333E+9	1.571888000E-5
1.420666667E+9	1.550084000E-5
1.420670000E+9	1.559675000E-5
1.420673333E+9	1.570384000E-5
1.420676667E+9	1.568578000E-5
1.420680000E+9	1.593374000E-5
1.420683333E+9	1.613264000E-5
1.420686667E+9	1.588084000E-5
1.420690000E+9	1.607140000E-5
1.420693333E+9	1.579528000E-5
1.420696667E+9	1.602854000E-5
1.420700000E+9	1.625818000E-5
1.420703333E+9	1.604460000E-5
1.420706667E+9	1.596592000E-5
1.420710000E+9	1.557348000E-5
1.420713333E+9	1.612428000E-5
1.420716667E+9	1.586778000E-5
1.420720000E+9	1.594538000E-5
1.420723333E+9	1.591861000E-5
1.420726667E+9	1.629521000E-5
1.420730000E+9	1.640432000E-5
1.420733333E+9	1.590137000E-5
1.420736667E+9	1.611411000E-5
1.420740000E+9	1.618949000E-5
1.420743333E+9	1.608234000E-5
1.420746667E+9	1.574102000E-5
1.420750000E+9	1.601785000E-5
1.420753333E+9	1.603504000E-5
1.420756667E+9	1.623752000E-5
1.420760000E+9	1.666521000E-5
1.420763333E+9	1.599981000E-5
1.420766667E+9	1.625996000E-5
1.420770000E+9	1.648079000E-5
1.420773333E+9	1.631515000E-5
1.420776667E+9	1.596882000E-5
1.420780000E+9	1.624669000E-5
1.420783333E+9	1.610889000E-5
1.420786667E+9	1.594578000E-5
1.420790000E+9	1.633602000E-5
1.420793333E+9	1.627077000E-5
1.420796667E+9	1.715451000E-5
1.420800000E+9	1.593265000E-5
1.420803333E+9	1.611833000E-5
1.420806667E+9	1.588903000E-5
1.420810000E+9	1.577005000E-5
1.420813333E+9	1.593775000E-5
1.420816667E+9	1.554954000E-5
1.420820000E+9	1.570289000E-5
1.420823333E+9	1.559579000E-5
1.420826667E+9	1.567431000E-5
1.420830000E+9	1.540725000E-5
1.420833333E+9	1.551946000E-5
1.420836667E+9	1.539925000E-5
1.420840000E+9	1.523871000E-5
1.420843333E+9	1.511697000E-5
1.420846667E+9	1.559394000E-5
1.420850000E+9	1.522356000E-5
1.420853333E+9	1.532239000E-5
1.420856667E+9	1.521620000E-5
1.420860000E+9	1.539274000E-5
1.420863333E+9	1.537784000E-5
1.420866667E+9	1.520839000E-5
1.420870000E+9	1.568736000E-5
1.420873333E+9	1.556488000E-5
1.420876667E+9	1.526701000E-5
1.420880000E+9	1.513782000E-5
1.420883333E+9	1.704142000E-5
1.420886667E+9	1.647258000E-5
1.420890000E+9	1.553707000E-5
1.420893333E+9	1.512064000E-5
1.420896667E+9	1.558047000E-5
1.420900000E+9	1.532739000E-5
1.420903333E+9	1.517694000E-5
1.420906667E+9	1.596784000E-5
1.420910000E+9	1.595031000E-5
1.420913333E+9	1.569674000E-5
1.420916667E+9	1.569114000E-5
1.420920000E+9	1.544217000E-5
1.420923333E+9	1.532238000E-5
1.420926667E+9	1.558778000E-5
1.420930000E+9	1.571093000E-5
1.420933333E+9	1.510425000E-5
1.420936667E+9	1.549291000E-5
1.420940000E+9	1.524542000E-5
1.420943333E+9	1.578103000E-5
1.420946667E+9	1.572730000E-5
1.420950000E+9	1.536778000E-5
1.420953333E+9	1.501949000E-5
1.420956667E+9	1.507921000E-5
1.420960000E+9	1.507131000E-5
1.420963333E+9	1.481900000E-5
1.420966667E+9	1.507620000E-5
1.420970000E+9	1.527376000E-5
1.420973333E+9	1.512019000E-5
1.420976667E+9	1.533970000E-5
1.420980000E+9	1.524341000E-5
1.420983333E+9	1.542990000E-5
1.420986667E+9	1.532295000E-5
1.420990000E+9	1.542465000E-5
1.420993333E+9	1.526411000E-5
1.420996667E+9	1.491427000E-5
1.421000000E+9	1.530706000E-5
1.421003333E+9	1.503621000E-5
1.421006667E+9	1.511496000E-5
1.421010000E+9	1.495287000E-5
1.421013333E+9	1.505312000E-5
1.421016667E+9	1.477870000E-5
1.421020000E+9	1.514162000E-5
1.421023333E+9	1.471132000E-5
1.421026667E+9	1.488283000E-5
1.421030000E+9	1.493597000E-5
1.421033333E+9	1.474135000E-5
1.421036667E+9	1.472706000E-5
1.421040000E+9	1.500255000E-5
1.421043333E+9	1.485996000E-5
1.421046667E+9	1.493322000E-5
1.421050000E+9	1.481267000E-5
1.421053333E+9	1.497826000E-5
1.421056667E+9	1.517506000E-5
1.421060000E+9	1.506220000E-5
1.421063333E+9	1.494987000E-5
1.421066667E+9	1.498066000E-5
1.421070000E+9	1.491142000E-5
1.421073333E+9	1.452414000E-5
1.421076667E+9	1.490195000E-5
1.421080000E+9	1.472960000E-5
1.421083333E+9	1.470405000E-5
1.421086667E+9	1.511410000E-5
1.421090000E+9	1.475726000E-5
1.421093333E+9	1.549584000E-5
1.421096667E+9	1.563985000E-5
1.421100000E+9	1.485117000E-5
1.421103333E+9	1.477797000E-5
1.421106667E+9	1.474714000E-5
1.421110000E+9	1.501615000E-5
1.421113333E+9	1.474928000E-5
1.421116667E+9	1.507635000E-5
1.421120000E+9	1.470452000E-5
1.421123333E+9	1.508083000E-5
1.421126667E+9	1.517489000E-5
1.421130000E+9	1.494593000E-5
1.421133333E+9	1.517424000E-5
1.421136667E+9	1.509017000E-5
1.421140000E+9	1.463224000E-5
1.421143333E+9	1.498033000E-5
1.421146667E+9	1.457873000E-5
1.421150000E+9	1.467651000E-5
1.421153333E+9	1.505861000E-5
1.421156667E+9	1.491745000E-5
1.421160000E+9	1.503096000E-5
1.421163333E+9	1.496171000E-5
1.421166667E+9	1.500044000E-5
1.421170000E+9	1.496925000E-5
1.421173333E+9	1.448245000E-5
1.421176667E+9	1.635080000E-5
1.421180000E+9	1.791948000E-5
1.421183333E+9	1.466161000E-5
1.421186667E+9	1.494573000E-5
1.421190000E+9	1.509883000E-5
1.421193333E+9	1.496019000E-5
1.421196667E+9	1.491906000E-5
1.421200000E+9	1.483392000E-5
1.421203333E+9	1.477930000E-5
1.421206667E+9	1.536447000E-5
1.421210000E+9	1.512107000E-5
1.421213333E+9	1.496200000E-5
1.421216667E+9	1.508449000E-5
1.421220000E+9	1.480252000E-5
1.421223333E+9	1.494023000E-5
1.421226667E+9	1.485586000E-5
1.421230000E+9	1.487715000E-5
1.421233333E+9	1.487806000E-5
1.421236667E+9	1.497344000E-5
1.421240000E+9	1.473914000E-5
1.421243333E+9	1.530726000E-5
1.421246667E+9	1.489555000E-5
1.421250000E+9	1.483862000E-5
1.421253333E+9	1.476851000E-5
1.421256667E+9	1.441403000E-5
1.421260000E+9	1.509185000E-5
1.421263333E+9	1.482380000E-5
1.421266667E+9	1.496361000E-5
1.421270000E+9	1.506245000E-5
1.421273333E+9	1.509473000E-5
1.421276667E+9	1.458629000E-5
1.421280000E+9	1.501536000E-5
1.421283333E+9	1.490556000E-5
1.421286667E+9	1.490566000E-5
1.421290000E+9	1.491404000E-5
1.421293333E+9	1.464883000E-5
1.421296667E+9	1.470058000E-5
1.421300000E+9	1.465572000E-5
1.421303333E+9	1.469787000E-5
1.421306667E+9	1.456409000E-5
1.421310000E+9	1.486053000E-5
1.421313333E+9	1.479749000E-5
1.421316667E+9	1.511143000E-5
1.421320000E+9	1.491621000E-5
1.421323333E+9	1.470938000E-5
1.421326667E+9	1.497992000E-5
1.421330000E+9	1.483744000E-5
1.421333333E+9	1.499616000E-5
1.421336667E+9	1.516029000E-5
1.421340000E+9	1.516235000E-5
1.421343333E+9	1.476594000E-5
1.421346667E+9	1.488584000E-5
1.421350000E+9	1.477374000E-5
1.421353333E+9	1.493177000E-5
1.421356667E+9	1.523717000E-5
1.421360000E+9	1.490805000E-5
1.421363333E+9	1.501090000E-5
1.421366667E+9	1.527823000E-5
1.421370000E+9	1.463404000E-5
1.421373333E+9	1.464619000E-5
1.421376667E+9	1.506966000E-5
1.421380000E+9	1.475140000E-5
1.421383333E+9	1.507583000E-5
1.421386667E+9	1.497351000E-5
1.421390000E+9	1.496328000E-5
1.421393333E+9	1.514347000E-5
1.421396667E+9	1.490651000E-5
1.421400000E+9	1.492948000E-5
