Frequency, Hz	Amplitude, Volts
1.419400000E+9	1.516462000E-5
1.419403333E+9	1.481752000E-5
1.419406667E+9	1.474096000E-5
1.419410000E+9	1.506671000E-5
1.419413333E+9	1.569307000E-5
1.419416667E+9	1.534893000E-5
1.419420000E+9	1.486810000E-5
1.419423333E+9	1.515431000E-5
1.419426667E+9	1.500313000E-5
1.419430000E+9	1.469253000E-5
1.419433333E+9	1.499374000E-5
1.419436667E+9	1.464542000E-5
1.419440000E+9	1.480288000E-5
1.419443333E+9	1.479885000E-5
1.419446667E+9	1.490591000E-5
1.419450000E+9	1.538390000E-5
1.419453333E+9	1.601894000E-5
1.419456667E+9	1.564512000E-5
1.419460000E+9	1.519412000E-5
1.419463333E+9	1.533788000E-5
1.419466667E+9	1.464105000E-5
1.419470000E+9	1.489838000E-5
1.419473333E+9	1.464922000E-5
1.419476667E+9	1.503183000E-5
1.419480000E+9	1.495822000E-5
1.419483333E+9	1.485733000E-5
1.419486667E+9	1.462848000E-5
1.419490000E+9	1.505854000E-5
1.419493333E+9	1.519647000E-5
1.419496667E+9	1.497989000E-5
1.419500000E+9	1.520399000E-5
1.419503333E+9	1.475420000E-5
1.419506667E+9	1.479875000E-5
1.419510000E+9	1.504645000E-5
1.419513333E+9	1.471622000E-5
1.419516667E+9	1.502746000E-5
1.419520000E+9	1.504630000E-5
1.419523333E+9	1.477914000E-5
1.419526667E+9	1.482202000E-5
1.419530000E+9	1.493745000E-5
1.419533333E+9	1.480878000E-5
1.419536667E+9	1.450078000E-5
1.419540000E+9	1.477049000E-5
1.419543333E+9	1.501176000E-5
1.419546667E+9	1.510785000E-5
1.419550000E+9	1.475198000E-5
1.419553333E+9	1.453980000E-5
1.419556667E+9	1.438394000E-5
1.419560000E+9	1.460589000E-5
1.419563333E+9	1.486001000E-5
1.419566667E+9	1.507413000E-5
1.419570000E+9	1.525399000E-5
1.419573333E+9	1.481254000E-5
1.419576667E+9	1.485118000E-5
1.419580000E+9	1.496941000E-5
1.419583333E+9	1.503528000E-5
1.419586667E+9	1.483894000E-5
1.419590000E+9	1.465984000E-5
1.419593333E+9	1.476436000E-5
1.419596667E+9	1.481831000E-5
1.419600000E+9	1.459343000E-5
1.419603333E+9	1.514310000E-5
1.419606667E+9	1.482243000E-5
1.419610000E+9	1.498318000E-5
1.419613333E+9	1.515516000E-5
1.419616667E+9	1.471395000E-5
1.419620000E+9	1.479021000E-5
1.419623333E+9	1.492517000E-5
1.419626667E+9	1.493218000E-5
1.419630000E+9	1.504450000E-5
1.419633333E+9	1.481538000E-5
1.419636667E+9	1.462768000E-5
1.419640000E+9	1.484921000E-5
1.419643333E+9	1.512386000E-5
1.419646667E+9	1.489985000E-5
1.419650000E+9	1.482827000E-5
1.419653333E+9	1.494173000E-5
1.419656667E+9	1.494476000E-5
1.419660000E+9	1.465050000E-5
1.419663333E+9	1.483801000E-5
1.419666667E+9	1.534320000E-5
1.419670000E+9	1.487723000E-5
1.419673333E+9	1.484914000E-5
1.419676667E+9	1.436322000E-5
1.419680000E+9	1.497658000E-5
1.419683333E+9	1.468506000E-5
1.419686667E+9	1.472190000E-5
1.419690000E+9	1.441669000E-5
1.419693333E+9	1.479068000E-5
1.419696667E+9	1.479359000E-5
1.419700000E+9	1.462770000E-5
1.419703333E+9	1.470950000E-5
1.419706667E+9	1.487111000E-5
1.419710000E+9	1.526426000E-5
1.419713333E+9	1.482191000E-5
1.419716667E+9	1.500576000E-5
1.419720000E+9	1.465483000E-5
1.419723333E+9	1.463968000E-5
1.419726667E+9	1.463994000E-5
1.419730000E+9	1.463780000E-5
1.419733333E+9	1.524666000E-5
1.419736667E+9	1.503710000E-5
1.419740000E+9	1.513346000E-5
1.419743333E+9	1.557230000E-5
1.419746667E+9	1.599184000E-5
1.419750000E+9	1.551693000E-5
1.419753333E+9	1.538253000E-5
1.419756667E+9	1.478807000E-5
1.419760000E+9	1.482617000E-5
1.419763333E+9	1.469087000E-5
1.419766667E+9	1.491160000E-5
1.419770000E+9	1.500263000E-5
1.419773333E+9	1.455886000E-5
1.419776667E+9	1.475355000E-5
1.419780000E+9	1.483671000E-5
1.419783333E+9	1.505292000E-5
1.419786667E+9	1.461253000E-5
1.419790000E+9	1.497341000E-5
1.419793333E+9	1.483906000E-5
1.419796667E+9	1.464914000E-5
1.419800000E+9	1.491460000E-5
1.419803333E+9	1.506509000E-5
1.419806667E+9	1.498467000E-5
1.419810000E+9	1.501456000E-5
1.419813333E+9	1.481077000E-5
1.419816667E+9	1.486164000E-5
1.419820000E+9	1.479269000E-5
1.419823333E+9	1.497304000E-5
1.419826667E+9	1.466942000E-5
1.419830000E+9	1.482985000E-5
1.419833333E+9	1.478615000E-5
1.419836667E+9	1.475939000E-5
1.419840000E+9	1.461808000E-5
1.419843333E+9	1.506748000E-5
1.419846667E+9	1.491594000E-5
1.419850000E+9	1.468776000E-5
1.419853333E+9	1.480361000E-5
1.419856667E+9	1.487757000E-5
1.419860000E+9	1.500097000E-5
1.419863333E+9	1.511256000E-5
1.419866667E+9	1.483642000E-5
1.419870000E+9	1.486343000E-5
1.419873333E+9	1.467053000E-5
1.419876667E+9	1.491169000E-5
1.419880000E+9	1.472934000E-5
1.419883333E+9	1.477289000E-5
1.419886667E+9	1.486688000E-5
1.419890000E+9	1.498571000E-5
1.419893333E+9	1.475641000E-5
1.419896667E+9	1.459877000E-5
1.419900000E+9	1.514626000E-5
1.419903333E+9	1.497604000E-5
1.419906667E+9	1.452549000E-5
1.419910000E+9	1.478704000E-5
1.419913333E+9	1.435170000E-5
1.419916667E+9	1.435592000E-5
1.419920000E+9	1.462975000E-5
1.419923333E+9	1.495351000E-5
1.419926667E+9	1.484579000E-5
1.419930000E+9	1.453553000E-5
1.419933333E+9	1.471022000E-5
1.419936667E+9	1.470723000E-5
1.419940000E+9	1.497362000E-5
1.419943333E+9	1.467080000E-5
1.419946667E+9	1.495558000E-5
1.419950000E+9	1.465111000E-5
1.419953333E+9	1.480158000E-5
1.419956667E+9	1.485774000E-5
1.419960000E+9	1.468394000E-5
1.419963333E+9	1.503116000E-5
1.419966667E+9	1.483358000E-5
1.419970000E+9	1.478034000E-5
1.419973333E+9	1.508872000E-5
1.419976667E+9	1.519513000E-5
1.419980000E+9	1.548830000E-5
1.419983333E+9	1.476717000E-5
1.419986667E+9	1.465549000E-5
1.419990000E+9	1.505492000E-5
1.419993333E+9	1.492705000E-5
1.419996667E+9	1.478008000E-5
1.420000000E+9	1.492050000E-5
1.420003333E+9	1.562073000E-5
1.420006667E+9	1.480260000E-5
1.420010000E+9	1.492877000E-5
1.420013333E+9	1.483555000E-5
1.420016667E+9	1.459771000E-5
1.420020000E+9	1.441783000E-5
1.420023333E+9	1.463012000E-5
1.420026667E+9	1.473660000E-5
1.420030000E+9	1.448986000E-5
1.420033333E+9	1.488635000E-5
1.420036667E+9	1.506227000E-5
1.420040000E+9	1.585035000E-5
1.420043333E+9	1.523894000E-5
1.420046667E+9	1.495609000E-5
1.420050000E+9	1.531679000E-5
1.420053333E+9	1.526017000E-5
1.420056667E+9	1.486879000E-5
1.420060000E+9	1.481335000E-5
1.420063333E+9	1.506526000E-5
1.420066667E+9	1.476949000E-5
1.420070000E+9	1.482158000E-5
1.420073333E+9	1.471045000E-5
1.420076667E+9	1.475945000E-5
1.420080000E+9	1.477177000E-5
1.420083333E+9	1.476560000E-5
1.420086667E+9	1.470577000E-5
1.420090000E+9	1.472666000E-5
1.420093333E+9	1.458449000E-5
1.420096667E+9	1.445652000E-5
1.420100000E+9	1.457966000E-5
1.420103333E+9	1.488911000E-5
1.420106667E+9	1.470514000E-5
1.420110000E+9	1.463295000E-5
1.420113333E+9	1.461262000E-5
1.420116667E+9	1.486134000E-5
1.420120000E+9	1.466286000E-5
1.420123333E+9	1.474135000E-5
1.420126667E+9	1.495601000E-5
1.420130000E+9	1.485746000E-5
1.420133333E+9	1.501786000E-5
1.420136667E+9	1.478813000E-5
1.420140000E+9	1.465285000E-5
1.420143333E+9	1.464452000E-5
1.420146667E+9	1.475634000E-5
1.420150000E+9	1.452697000E-5
1.420153333E+9	1.478125000E-5
1.420156667E+9	1.495737000E-5
1.420160000E+9	1.469523000E-5
1.420163333E+9	1.476652000E-5
1.420166667E+9	1.460031000E-5
1.420170000E+9	1.453286000E-5
1.420173333E+9	1.487800000E-5
1.420176667E+9	1.497347000E-5
1.420180000E+9	1.468163000E-5
1.420183333E+9	1.477403000E-5
1.420186667E+9	1.481306000E-5
1.420190000E+9	1.465922000E-5
1.420193333E+9	1.489908000E-5
1.420196667E+9	1.474164000E-5
1.420200000E+9	1.500553000E-5
1.420203333E+9	1.485934000E-5
1.420206667E+9	1.506316000E-5
1.420210000E+9	1.452902000E-5
1.420213333E+9	1.507297000E-5
1.420216667E+9	1.477197000E-5
1.420220000E+9	1.477216000E-5
1.420223333E+9	1.462416000E-5
1.420226667E+9	1.486347000E-5
1.420230000E+9	1.504496000E-5
1.420233333E+9	1.479762000E-5
1.420236667E+9	1.502627000E-5
1.420240000E+9	1.474513000E-5
1.420243333E+9	1.473283000E-5
1.420246667E+9	1.487452000E-5
1.420250000E+9	1.477972000E-5
1.420253333E+9	1.465465000E-5
1.420256667E+9	1.478214000E-5
1.420260000E+9	1.488512000E-5
1.420263333E+9	1.471004000E-5
1.420266667E+9	1.510838000E-5
1.420270000E+9	1.499572000E-5
1.420273333E+9	1.495788000E-5
1.420276667E+9	1.490167000E-5
1.420280000E+9	1.486183000E-5
1.420283333E+9	1.486213000E-5
1.420286667E+9	1.476435000E-5
1.420290000E+9	1.450617000E-5
1.420293333E+9	1.488324000E-5
1.420296667E+9	1.581506000E-5
1.420300000E+9	1.473761000E-5
1.420303333E+9	1.518905000E-5
1.420306667E+9	1.478870000E-5
1.420310000E+9	1.494063000E-5
1.420313333E+9	1.516803000E-5
1.420316667E+9	1.476582000E-5
1.420320000E+9	1.496706000E-5
1.420323333E+9	1.484931000E-5
1.420326667E+9	1.532801000E-5
1.420330000E+9	1.511179000E-5
1.420333333E+9	1.595009000E-5
1.420336667E+9	1.518408000E-5
1.420340000E+9	1.469786000E-5
1.420343333E+9	1.482746000E-5
1.420346667E+9	1.496811000E-5
1.420350000E+9	1.516721000E-5
1.420353333E+9	1.494905000E-5
1.420356667E+9	1.467609000E-5
1.420360000E+9	1.470317000E-5
1.420363333E+9	1.484233000E-5
1.420366667E+9	1.479567000E-5
1.420370000E+9	1.487032000E-5
1.420373333E+9	1.433275000E-5
1.420376667E+9	1.470149000E-5
1.420380000E+9	1.485146000E-5
1.420383333E+9	1.487084000E-5
1.420386667E+9	1.521931000E-5
1.420390000E+9	1.481594000E-5
1.420393333E+9	1.489959000E-5
1.420396667E+9	1.495865000E-5
1.420400000E+9	1.515253000E-5
1.420403333E+9	1.515981000E-5
1.420406667E+9	1.479206000E-5
1.420410000E+9	1.452927000E-5
1.420413333E+9	1.488672000E-5
1.420416667E+9	1.491133000E-5
1.420420000E+9	1.472013000E-5
1.420423333E+9	1.509284000E-5
1.420426667E+9	1.487398000E-5
1.420430000E+9	1.512647000E-5
1.420433333E+9	1.461246000E-5
1.420436667E+9	1.473881000E-5
1.420440000E+9	1.496222000E-5
1.420443333E+9	1.486023000E-5
1.420446667E+9	1.487098000E-5
1.420450000E+9	1.495592000E-5
1.420453333E+9	1.494173000E-5
1.420456667E+9	1.518721000E-5
1.420460000E+9	1.539174000E-5
1.420463333E+9	1.533155000E-5
1.420466667E+9	1.521276000E-5
1.420470000E+9	1.543086000E-5
1.420473333E+9	1.540962000E-5
1.420476667E+9	1.560268000E-5
1.420480000E+9	1.562196000E-5
1.420483333E+9	1.622485000E-5
1.420486667E+9	1.607611000E-5
1.420490000E+9	1.616164000E-5
1.420493333E+9	1.658808000E-5
1.420496667E+9	1.630174000E-5
1.420500000E+9	1.662860000E-5
1.420503333E+9	1.653694000E-5
1.420506667E+9	1.618253000E-5
1.420510000E+9	1.634021000E-5
1.420513333E+9	1.626547000E-5
1.420516667E+9	1.634890000E-5
1.420520000E+9	1.637955000E-5
1.420523333E+9	1.620148000E-5
1.420526667E+9	1.624931000E-5
1.420530000E+9	1.640724000E-5
1.420533333E+9	1.629063000E-5
1.420536667E+9	1.603291000E-5
1.420540000E+9	1.584630000E-5
1.420543333E+9	1.632551000E-5
1.420546667E+9	1.618645000E-5
1.420550000E+9	1.642750000E-5
1.420553333E+9	1.592342000E-5
1.420556667E+9	1.625354000E-5
1.420560000E+9	1.610974000E-5
1.420563333E+9	1.633376000E-5
1.420566667E+9	1.608800000E-5
1.420570000E+9	1.592933000E-5
1.420573333E+9	1.620916000E-5
1.420576667E+9	1.566057000E-5
1.420580000E+9	1.577611000E-5
1.420583333E+9	1.594806000E-5
1.420586667E+9	1.568240000E-5
1.420590000E+9	1.613252000E-5
1.420593333E+9	1.571935000E-5
1.420596667E+9	1.530459000E-5
1.420600000E+9	1.524490000E-5
1.420603333E+9	1.570137000E-5
1.420606667E+9	1.547346000E-5
1.420610000E+9	1.567419000E-5
1.420613333E+9	1.579020000E-5
1.420616667E+9	1.585395000E-5
1.420620000E+9	1.583861000E-5
1.420623333E+9	1.589734000E-5
1.420626667E+9	1.686606000E-5
1.420630000E+9	1.568614000E-5
1.420633333E+9	1.573180000E-5
1.420636667E+9	1.563502000E-5
1.420640000E+9	1.540167000E-5
1.420643333E+9	1.563018000E-5
1.420646667E+9	1.659803000E-5
1.420650000E+9	1.602157000E-5
1.420653333E+9	1.551545000E-5
1.420656667E+9	1.579453000E-5
1.420660000E+9	1.578003000E-5
1.420663333E+9	1.578065000E-5
1.420666667E+9	1.577663000E-5
1.420670000E+9	1.596998000E-5
1.420673333E+9	1.575674000E-5
1.420676667E+9	1.601261000E-5
1.420680000E+9	1.583372000E-5
1.420683333E+9	1.605729000E-5
1.420686667E+9	1.599059000E-5
1.420690000E+9	1.606927000E-5
1.420693333E+9	1.600652000E-5
1.420696667E+9	1.604136000E-5
1.420700000E+9	1.632300000E-5
1.420703333E+9	1.606842000E-5
1.420706667E+9	1.617940000E-5
1.420710000E+9	1.609791000E-5
1.420713333E+9	1.649111000E-5
1.420716667E+9	1.623955000E-5
1.420720000E+9	1.692601000E-5
1.420723333E+9	1.633096000E-5
1.420726667E+9	1.602381000E-5
1.420730000E+9	1.588216000E-5
1.420733333E+9	1.620614000E-5
1.420736667E+9	1.650319000E-5
1.420740000E+9	1.603833000E-5
1.420743333E+9	1.642641000E-5
1.420746667E+9	1.596068000E-5
1.420750000E+9	1.626041000E-5
1.420753333E+9	1.607879000E-5
1.420756667E+9	1.627232000E-5
1.420760000E+9	1.690648000E-5
1.420763333E+9	1.594098000E-5
1.420766667E+9	1.601799000E-5
1.420770000E+9	1.583532000E-5
1.420773333E+9	1.618299000E-5
1.420776667E+9	1.611271000E-5
1.420780000E+9	1.609686000E-5
1.420783333E+9	1.584266000E-5
1.420786667E+9	1.602488000E-5
1.420790000E+9	1.623346000E-5
1.420793333E+9	1.597997000E-5
1.420796667E+9	1.675217000E-5
1.420800000E+9	1.630326000E-5
1.420803333E+9	1.571108000E-5
1.420806667E+9	1.538826000E-5
1.420810000E+9	1.556204000E-5
1.420813333E+9	1.541989000E-5
1.420816667E+9	1.536599000E-5
1.420820000E+9	1.545119000E-5
1.420823333E+9	1.573107000E-5
1.420826667E+9	1.524935000E-5
1.420830000E+9	1.520951000E-5
1.420833333E+9	1.568035000E-5
1.420836667E+9	1.555603000E-5
1.420840000E+9	1.533392000E-5
1.420843333E+9	1.529825000E-5
1.420846667E+9	1.523183000E-5
1.420850000E+9	1.533545000E-5
1.420853333E+9	1.522153000E-5
1.420856667E+9	1.513385000E-5
1.420860000E+9	1.505861000E-5
1.420863333E+9	1.498803000E-5
1.420866667E+9	1.499297000E-5
1.420870000E+9	1.531205000E-5
1.420873333E+9	1.556739000E-5
1.420876667E+9	1.535350000E-5
1.420880000E+9	1.548820000E-5
1.420883333E+9	1.651961000E-5
1.420886667E+9	1.627331000E-5
1.420890000E+9	1.524070000E-5
1.420893333E+9	1.501875000E-5
1.420896667E+9	1.563523000E-5
1.420900000E+9	1.556505000E-5
1.420903333E+9	1.525878000E-5
1.420906667E+9	1.596244000E-5
1.420910000E+9	1.585261000E-5
1.420913333E+9	1.659633000E-5
1.420916667E+9	1.674481000E-5
1.420920000E+9	1.981174000E-5
1.420923333E+9	1.531035000E-5
1.420926667E+9	1.510594000E-5
1.420930000E+9	1.534960000E-5
1.420933333E+9	1.507855000E-5
1.420936667E+9	1.504295000E-5
1.420940000E+9	1.530008000E-5
1.420943333E+9	1.559030000E-5
1.420946667E+9	1.636456000E-5
1.420950000E+9	1.536503000E-5
1.420953333E+9	1.504838000E-5
1.420956667E+9	1.513295000E-5
1.420960000E+9	1.534478000E-5
1.420963333E+9	1.508370000E-5
1.420966667E+9	1.510645000E-5
1.420970000E+9	1.524371000E-5
1.420973333E+9	1.520171000E-5
1.420976667E+9	1.537151000E-5
1.420980000E+9	1.471505000E-5
1.420983333E+9	1.537489000E-5
1.420986667E+9	1.541730000E-5
1.420990000E+9	1.525793000E-5
1.420993333E+9	1.527791000E-5
1.420996667E+9	1.488981000E-5
1.421000000E+9	1.510995000E-5
1.421003333E+9	1.509670000E-5
1.421006667E+9	1.499684000E-5
1.421010000E+9	1.506405000E-5
1.421013333E+9	1.486015000E-5
1.421016667E+9	1.501371000E-5
1.421020000E+9	1.524865000E-5
1.421023333E+9	1.482293000E-5
1.421026667E+9	1.476080000E-5
1.421030000E+9	1.476613000E-5
1.421033333E+9	1.483487000E-5
1.421036667E+9	1.465807000E-5
1.421040000E+9	1.485671000E-5
1.421043333E+9	1.477581000E-5
1.421046667E+9	1.496821000E-5
1.421050000E+9	1.475833000E-5
1.421053333E+9	1.444583000E-5
1.421056667E+9	1.533865000E-5
1.421060000E+9	1.499448000E-5
1.421063333E+9	1.501832000E-5
1.421066667E+9	1.489639000E-5
1.421070000E+9	1.493563000E-5
1.421073333E+9	1.485997000E-5
1.421076667E+9	1.506890000E-5
1.421080000E+9	1.482276000E-5
1.421083333E+9	1.480828000E-5
1.421086667E+9	1.526919000E-5
1.421090000E+9	1.467787000E-5
1.421093333E+9	1.508593000E-5
1.421096667E+9	1.503624000E-5
1.421100000E+9	1.469158000E-5
1.421103333E+9	1.478393000E-5
1.421106667E+9	1.459587000E-5
1.421110000E+9	1.471963000E-5
1.421113333E+9	1.462094000E-5
1.421116667E+9	1.440539000E-5
1.421120000E+9	1.472035000E-5
1.421123333E+9	1.511634000E-5
1.421126667E+9	1.466640000E-5
1.421130000E+9	1.461548000E-5
1.421133333E+9	1.533343000E-5
1.421136667E+9	1.481628000E-5
1.421140000E+9	1.511964000E-5
1.421143333E+9	1.517464000E-5
1.421146667E+9	1.513419000E-5
1.421150000E+9	1.477610000E-5
1.421153333E+9	1.483002000E-5
1.421156667E+9	1.480062000E-5
1.421160000E+9	1.502423000E-5
1.421163333E+9	1.479349000E-5
1.421166667E+9	1.493112000E-5
1.421170000E+9	1.505443000E-5
1.421173333E+9	1.465951000E-5
1.421176667E+9	1.546025000E-5
1.421180000E+9	1.696514000E-5
1.421183333E+9	1.496162000E-5
1.421186667E+9	1.484585000E-5
1.421190000E+9	1.473717000E-5
1.421193333E+9	1.479830000E-5
1.421196667E+9	1.472337000E-5
1.421200000E+9	1.494975000E-5
1.421203333E+9	1.480512000E-5
1.421206667E+9	1.533082000E-5
1.421210000E+9	1.521091000E-5
1.421213333E+9	1.651426000E-5
1.421216667E+9	1.481012000E-5
1.421220000E+9	1.440824000E-5
1.421223333E+9	1.452823000E-5
1.421226667E+9	1.460776000E-5
1.421230000E+9	1.459476000E-5
1.421233333E+9	1.472772000E-5
1.421236667E+9	1.459410000E-5
1.421240000E+9	1.480153000E-5
1.421243333E+9	1.525762000E-5
1.421246667E+9	1.476921000E-5
1.421250000E+9	1.472831000E-5
1.421253333E+9	1.515694000E-5
1.421256667E+9	1.471531000E-5
1.421260000E+9	1.467228000E-5
1.421263333E+9	1.452340000E-5
1.421266667E+9	1.478264000E-5
1.421270000E+9	1.462087000E-5
1.421273333E+9	1.469234000E-5
1.421276667E+9	1.464851000E-5
1.421280000E+9	1.480561000E-5
1.421283333E+9	1.498280000E-5
1.421286667E+9	1.476795000E-5
1.421290000E+9	1.461803000E-5
1.421293333E+9	1.469768000E-5
1.421296667E+9	1.461676000E-5
1.421300000E+9	1.469442000E-5
1.421303333E+9	1.467739000E-5
1.421306667E+9	1.474195000E-5
1.421310000E+9	1.492417000E-5
1.421313333E+9	1.476560000E-5
1.421316667E+9	1.483503000E-5
1.421320000E+9	1.483647000E-5
1.421323333E+9	1.462119000E-5
1.421326667E+9	1.484993000E-5
1.421330000E+9	1.467823000E-5
1.421333333E+9	1.463772000E-5
1.421336667E+9	1.477735000E-5
1.421340000E+9	1.475237000E-5
1.421343333E+9	1.479960000E-5
1.421346667E+9	1.456190000E-5
1.421350000E+9	1.463706000E-5
1.421353333E+9	1.468347000E-5
1.421356667E+9	1.485975000E-5
1.421360000E+9	1.453521000E-5
1.421363333E+9	1.499325000E-5
1.421366667E+9	1.525953000E-5
1.421370000E+9	1.462974000E-5
1.421373333E+9	1.471773000E-5
1.421376667E+9	1.454977000E-5
1.421380000E+9	1.461444000E-5
1.421383333E+9	1.443557000E-5
1.421386667E+9	1.463687000E-5
1.421390000E+9	1.454349000E-5
1.421393333E+9	1.524510000E-5
1.421396667E+9	1.476102000E-5
1.421400000E+9	1.476431000E-5
