Frequency, Hz	Amplitude, Volts
1.419400000E+9	2.263991000E-5
1.419403333E+9	2.270872000E-5
1.419406667E+9	2.250664000E-5
1.419410000E+9	2.245392000E-5
1.419413333E+9	2.312775000E-5
1.419416667E+9	2.287176000E-5
1.419420000E+9	2.233638000E-5
1.419423333E+9	2.281668000E-5
1.419426667E+9	2.284012000E-5
1.419430000E+9	2.265930000E-5
1.419433333E+9	2.305995000E-5
1.419436667E+9	2.264349000E-5
1.419440000E+9	2.228068000E-5
1.419443333E+9	2.258335000E-5
1.419446667E+9	2.479120000E-5
1.419450000E+9	2.805085000E-5
1.419453333E+9	3.344161000E-5
1.419456667E+9	2.816566000E-5
1.419460000E+9	2.421517000E-5
1.419463333E+9	2.371488000E-5
1.419466667E+9	2.237784000E-5
1.419470000E+9	2.260285000E-5
1.419473333E+9	2.217698000E-5
1.419476667E+9	2.281703000E-5
1.419480000E+9	2.247565000E-5
1.419483333E+9	2.245017000E-5
1.419486667E+9	2.263772000E-5
1.419490000E+9	2.297095000E-5
1.419493333E+9	2.224221000E-5
1.419496667E+9	2.254347000E-5
1.419500000E+9	2.234166000E-5
1.419503333E+9	2.240378000E-5
1.419506667E+9	2.271577000E-5
1.419510000E+9	2.277101000E-5
1.419513333E+9	2.222027000E-5
1.419516667E+9	2.215951000E-5
1.419520000E+9	2.288960000E-5
1.419523333E+9	2.268659000E-5
1.419526667E+9	2.271004000E-5
1.419530000E+9	2.253344000E-5
1.419533333E+9	2.240806000E-5
1.419536667E+9	2.221885000E-5
1.419540000E+9	2.237389000E-5
1.419543333E+9	2.256992000E-5
1.419546667E+9	2.193879000E-5
1.419550000E+9	2.242177000E-5
1.419553333E+9	2.231805000E-5
1.419556667E+9	2.223386000E-5
1.419560000E+9	2.253661000E-5
1.419563333E+9	2.236519000E-5
1.419566667E+9	2.237922000E-5
1.419570000E+9	2.236468000E-5
1.419573333E+9	2.260421000E-5
1.419576667E+9	2.266873000E-5
1.419580000E+9	2.242470000E-5
1.419583333E+9	2.263407000E-5
1.419586667E+9	2.217364000E-5
1.419590000E+9	2.235154000E-5
1.419593333E+9	2.242253000E-5
1.419596667E+9	2.283796000E-5
1.419600000E+9	2.214545000E-5
1.419603333E+9	2.243551000E-5
1.419606667E+9	2.220712000E-5
1.419610000E+9	2.203156000E-5
1.419613333E+9	2.264861000E-5
1.419616667E+9	2.265627000E-5
1.419620000E+9	2.193205000E-5
1.419623333E+9	2.237372000E-5
1.419626667E+9	2.254025000E-5
1.419630000E+9	2.258509000E-5
1.419633333E+9	2.246309000E-5
1.419636667E+9	2.266493000E-5
1.419640000E+9	2.288344000E-5
1.419643333E+9	2.241596000E-5
1.419646667E+9	2.212472000E-5
1.419650000E+9	2.194706000E-5
1.419653333E+9	2.321310000E-5
1.419656667E+9	2.230937000E-5
1.419660000E+9	2.235171000E-5
1.419663333E+9	2.230663000E-5
1.419666667E+9	2.224964000E-5
1.419670000E+9	2.251428000E-5
1.419673333E+9	2.252041000E-5
1.419676667E+9	2.253104000E-5
1.419680000E+9	2.230293000E-5
1.419683333E+9	2.184966000E-5
1.419686667E+9	2.223264000E-5
1.419690000E+9	2.279993000E-5
1.419693333E+9	2.254079000E-5
1.419696667E+9	2.264234000E-5
1.419700000E+9	2.221502000E-5
1.419703333E+9	2.219101000E-5
1.419706667E+9	2.241748000E-5
1.419710000E+9	2.248624000E-5
1.419713333E+9	2.220605000E-5
1.419716667E+9	2.242098000E-5
1.419720000E+9	2.229013000E-5
1.419723333E+9	2.235493000E-5
1.419726667E+9	2.336673000E-5
1.419730000E+9	2.323819000E-5
1.419733333E+9	2.352947000E-5
1.419736667E+9	2.267767000E-5
1.419740000E+9	2.536684000E-5
1.419743333E+9	2.760329000E-5
1.419746667E+9	3.591153000E-5
1.419750000E+9	2.685072000E-5
1.419753333E+9	2.438100000E-5
1.419756667E+9	2.375760000E-5
1.419760000E+9	2.220849000E-5
1.419763333E+9	2.246603000E-5
1.419766667E+9	2.218353000E-5
1.419770000E+9	2.244551000E-5
1.419773333E+9	2.271640000E-5
1.419776667E+9	2.184570000E-5
1.419780000E+9	2.234936000E-5
1.419783333E+9	2.281748000E-5
1.419786667E+9	2.248340000E-5
1.419790000E+9	2.440114000E-5
1.419793333E+9	2.449090000E-5
1.419796667E+9	2.205443000E-5
1.419800000E+9	2.219523000E-5
1.419803333E+9	2.234462000E-5
1.419806667E+9	2.238959000E-5
1.419810000E+9	2.194156000E-5
1.419813333E+9	2.211454000E-5
1.419816667E+9	2.198519000E-5
1.419820000E+9	2.276084000E-5
1.419823333E+9	2.207039000E-5
1.419826667E+9	2.212595000E-5
1.419830000E+9	2.230259000E-5
1.419833333E+9	2.225882000E-5
1.419836667E+9	2.224495000E-5
1.419840000E+9	2.271413000E-5
1.419843333E+9	2.221971000E-5
1.419846667E+9	2.196446000E-5
1.419850000E+9	2.230009000E-5
1.419853333E+9	2.209932000E-5
1.419856667E+9	2.233778000E-5
1.419860000E+9	2.229373000E-5
1.419863333E+9	2.240144000E-5
1.419866667E+9	2.243258000E-5
1.419870000E+9	2.235468000E-5
1.419873333E+9	2.182266000E-5
1.419876667E+9	2.222522000E-5
1.419880000E+9	2.259392000E-5
1.419883333E+9	2.254007000E-5
1.419886667E+9	2.216342000E-5
1.419890000E+9	2.211243000E-5
1.419893333E+9	2.249532000E-5
1.419896667E+9	2.257378000E-5
1.419900000E+9	2.194525000E-5
1.419903333E+9	2.213380000E-5
1.419906667E+9	2.224607000E-5
1.419910000E+9	2.214370000E-5
1.419913333E+9	2.184203000E-5
1.419916667E+9	2.200709000E-5
1.419920000E+9	2.213327000E-5
1.419923333E+9	2.246050000E-5
1.419926667E+9	2.226841000E-5
1.419930000E+9	2.218212000E-5
1.419933333E+9	2.213281000E-5
1.419936667E+9	2.246136000E-5
1.419940000E+9	2.249024000E-5
1.419943333E+9	2.254837000E-5
1.419946667E+9	2.218331000E-5
1.419950000E+9	2.199704000E-5
1.419953333E+9	2.238487000E-5
1.419956667E+9	2.193089000E-5
1.419960000E+9	2.259441000E-5
1.419963333E+9	2.198835000E-5
1.419966667E+9	2.214749000E-5
1.419970000E+9	2.225052000E-5
1.419973333E+9	2.216284000E-5
1.419976667E+9	2.316567000E-5
1.419980000E+9	2.396906000E-5
1.419983333E+9	2.189442000E-5
1.419986667E+9	2.205884000E-5
1.419990000E+9	2.228360000E-5
1.419993333E+9	2.245537000E-5
1.419996667E+9	2.281811000E-5
1.420000000E+9	2.306628000E-5
1.420003333E+9	2.261236000E-5
1.420006667E+9	2.214778000E-5
1.420010000E+9	2.219121000E-5
1.420013333E+9	2.210891000E-5
1.420016667E+9	2.246050000E-5
1.420020000E+9	2.322200000E-5
1.420023333E+9	2.271201000E-5
1.420026667E+9	2.231060000E-5
1.420030000E+9	2.227858000E-5
1.420033333E+9	2.579640000E-5
1.420036667E+9	2.638952000E-5
1.420040000E+9	3.676737000E-5
1.420043333E+9	2.534318000E-5
1.420046667E+9	2.364385000E-5
1.420050000E+9	2.273169000E-5
1.420053333E+9	2.234646000E-5
1.420056667E+9	2.210539000E-5
1.420060000E+9	2.233189000E-5
1.420063333E+9	2.191017000E-5
1.420066667E+9	2.225162000E-5
1.420070000E+9	2.177678000E-5
1.420073333E+9	2.164087000E-5
1.420076667E+9	2.214914000E-5
1.420080000E+9	2.226589000E-5
1.420083333E+9	2.230856000E-5
1.420086667E+9	2.213954000E-5
1.420090000E+9	2.237372000E-5
1.420093333E+9	2.204605000E-5
1.420096667E+9	2.240385000E-5
1.420100000E+9	2.218239000E-5
1.420103333E+9	2.253178000E-5
1.420106667E+9	2.218823000E-5
1.420110000E+9	2.180819000E-5
1.420113333E+9	2.224365000E-5
1.420116667E+9	2.232631000E-5
1.420120000E+9	2.215527000E-5
1.420123333E+9	2.215965000E-5
1.420126667E+9	2.200806000E-5
1.420130000E+9	2.211495000E-5
1.420133333E+9	2.199583000E-5
1.420136667E+9	2.210036000E-5
1.420140000E+9	2.203078000E-5
1.420143333E+9	2.198106000E-5
1.420146667E+9	2.200748000E-5
1.420150000E+9	2.242081000E-5
1.420153333E+9	2.246459000E-5
1.420156667E+9	2.237484000E-5
1.420160000E+9	2.207776000E-5
1.420163333E+9	2.242782000E-5
1.420166667E+9	2.213009000E-5
1.420170000E+9	2.219060000E-5
1.420173333E+9	2.207335000E-5
1.420176667E+9	2.231356000E-5
1.420180000E+9	2.185724000E-5
1.420183333E+9	2.237841000E-5
1.420186667E+9	2.217888000E-5
1.420190000E+9	2.195882000E-5
1.420193333E+9	2.211376000E-5
1.420196667E+9	2.253146000E-5
1.420200000E+9	2.202268000E-5
1.420203333E+9	2.200632000E-5
1.420206667E+9	2.234693000E-5
1.420210000E+9	2.238195000E-5
1.420213333E+9	2.190808000E-5
1.420216667E+9	2.247135000E-5
1.420220000E+9	2.205993000E-5
1.420223333E+9	2.194431000E-5
1.420226667E+9	2.173600000E-5
1.420230000E+9	2.307689000E-5
1.420233333E+9	2.279325000E-5
1.420236667E+9	2.200361000E-5
1.420240000E+9	2.235770000E-5
1.420243333E+9	2.246440000E-5
1.420246667E+9	2.253782000E-5
1.420250000E+9	2.175854000E-5
1.420253333E+9	2.187681000E-5
1.420256667E+9	2.222544000E-5
1.420260000E+9	2.200815000E-5
1.420263333E+9	2.229201000E-5
1.420266667E+9	2.241291000E-5
1.420270000E+9	2.245345000E-5
1.420273333E+9	2.267812000E-5
1.420276667E+9	2.165608000E-5
1.420280000E+9	2.197862000E-5
1.420283333E+9	2.208115000E-5
1.420286667E+9	2.219257000E-5
1.420290000E+9	2.212459000E-5
1.420293333E+9	2.240759000E-5
1.420296667E+9	2.248127000E-5
1.420300000E+9	2.223948000E-5
1.420303333E+9	2.210922000E-5
1.420306667E+9	2.234919000E-5
1.420310000E+9	2.280456000E-5
1.420313333E+9	2.309588000E-5
1.420316667E+9	2.217747000E-5
1.420320000E+9	2.258092000E-5
1.420323333E+9	2.214253000E-5
1.420326667E+9	2.583458000E-5
1.420330000E+9	2.598470000E-5
1.420333333E+9	3.663331000E-5
1.420336667E+9	2.460282000E-5
1.420340000E+9	2.323623000E-5
1.420343333E+9	2.290682000E-5
1.420346667E+9	2.304835000E-5
1.420350000E+9	2.233089000E-5
1.420353333E+9	2.256545000E-5
1.420356667E+9	2.188471000E-5
1.420360000E+9	2.224392000E-5
1.420363333E+9	2.258298000E-5
1.420366667E+9	2.222788000E-5
1.420370000E+9	2.186077000E-5
1.420373333E+9	2.195188000E-5
1.420376667E+9	2.228589000E-5
1.420380000E+9	2.184627000E-5
1.420383333E+9	2.182451000E-5
1.420386667E+9	2.199830000E-5
1.420390000E+9	2.275074000E-5
1.420393333E+9	2.200390000E-5
1.420396667E+9	2.229013000E-5
1.420400000E+9	2.199656000E-5
1.420403333E+9	2.194922000E-5
1.420406667E+9	2.256261000E-5
1.420410000E+9	2.167925000E-5
1.420413333E+9	2.233415000E-5
1.420416667E+9	2.192025000E-5
1.420420000E+9	2.248604000E-5
1.420423333E+9	2.232964000E-5
1.420426667E+9	2.215989000E-5
1.420430000E+9	2.221344000E-5
1.420433333E+9	2.236934000E-5
1.420436667E+9	2.195872000E-5
1.420440000E+9	2.197245000E-5
1.420443333E+9	2.194041000E-5
1.420446667E+9	2.215938000E-5
1.420450000E+9	2.227222000E-5
1.420453333E+9	2.215425000E-5
1.420456667E+9	2.175410000E-5
1.420460000E+9	2.208688000E-5
1.420463333E+9	2.247829000E-5
1.420466667E+9	2.202459000E-5
1.420470000E+9	2.203599000E-5
1.420473333E+9	2.234026000E-5
1.420476667E+9	2.183227000E-5
1.420480000E+9	2.210362000E-5
1.420483333E+9	2.217530000E-5
1.420486667E+9	2.176521000E-5
1.420490000E+9	2.245621000E-5
1.420493333E+9	2.219374000E-5
1.420496667E+9	2.197018000E-5
1.420500000E+9	2.250657000E-5
1.420503333E+9	2.208928000E-5
1.420506667E+9	2.211116000E-5
1.420510000E+9	2.234573000E-5
1.420513333E+9	2.229906000E-5
1.420516667E+9	2.186173000E-5
1.420520000E+9	2.221371000E-5
1.420523333E+9	2.184321000E-5
1.420526667E+9	2.235093000E-5
1.420530000E+9	2.215216000E-5
1.420533333E+9	2.207473000E-5
1.420536667E+9	2.188762000E-5
1.420540000E+9	2.184764000E-5
1.420543333E+9	2.211260000E-5
1.420546667E+9	2.199460000E-5
1.420550000E+9	2.188718000E-5
1.420553333E+9	2.210536000E-5
1.420556667E+9	2.230817000E-5
1.420560000E+9	2.212559000E-5
1.420563333E+9	2.189231000E-5
1.420566667E+9	2.187176000E-5
1.420570000E+9	2.218857000E-5
1.420573333E+9	2.176647000E-5
1.420576667E+9	2.165615000E-5
1.420580000E+9	2.193364000E-5
1.420583333E+9	2.159112000E-5
1.420586667E+9	2.196984000E-5
1.420590000E+9	2.213951000E-5
1.420593333E+9	2.172004000E-5
1.420596667E+9	2.191190000E-5
1.420600000E+9	2.209864000E-5
1.420603333E+9	2.235967000E-5
1.420606667E+9	2.299939000E-5
1.420610000E+9	2.184910000E-5
1.420613333E+9	2.187714000E-5
1.420616667E+9	2.198883000E-5
1.420620000E+9	2.863783000E-5
1.420623333E+9	2.991534000E-5
1.420626667E+9	4.453536000E-5
1.420630000E+9	2.451904000E-5
1.420633333E+9	2.443200000E-5
1.420636667E+9	2.235036000E-5
1.420640000E+9	2.186667000E-5
1.420643333E+9	2.190291000E-5
1.420646667E+9	2.196451000E-5
1.420650000E+9	2.211522000E-5
1.420653333E+9	2.201715000E-5
1.420656667E+9	2.184692000E-5
1.420660000E+9	2.193046000E-5
1.420663333E+9	2.210905000E-5
1.420666667E+9	2.169459000E-5
1.420670000E+9	2.219143000E-5
1.420673333E+9	2.177776000E-5
1.420676667E+9	2.200985000E-5
1.420680000E+9	2.182954000E-5
1.420683333E+9	2.167828000E-5
1.420686667E+9	2.199115000E-5
1.420690000E+9	2.212183000E-5
1.420693333E+9	2.189084000E-5
1.420696667E+9	2.175871000E-5
1.420700000E+9	2.187068000E-5
1.420703333E+9	2.189593000E-5
1.420706667E+9	2.200615000E-5
1.420710000E+9	2.177958000E-5
1.420713333E+9	2.165335000E-5
1.420716667E+9	2.178233000E-5
1.420720000E+9	2.183400000E-5
1.420723333E+9	2.215620000E-5
1.420726667E+9	2.186934000E-5
1.420730000E+9	2.157437000E-5
1.420733333E+9	2.175642000E-5
1.420736667E+9	2.189507000E-5
1.420740000E+9	2.195089000E-5
1.420743333E+9	2.176279000E-5
1.420746667E+9	2.205361000E-5
1.420750000E+9	2.185647000E-5
1.420753333E+9	2.182455000E-5
1.420756667E+9	2.145519000E-5
1.420760000E+9	2.188296000E-5
1.420763333E+9	2.178479000E-5
1.420766667E+9	2.190310000E-5
1.420770000E+9	2.171930000E-5
1.420773333E+9	2.172200000E-5
1.420776667E+9	2.208358000E-5
1.420780000E+9	2.171513000E-5
1.420783333E+9	2.207551000E-5
1.420786667E+9	2.186605000E-5
1.420790000E+9	2.171987000E-5
1.420793333E+9	2.183347000E-5
1.420796667E+9	2.248878000E-5
1.420800000E+9	2.201809000E-5
1.420803333E+9	2.215642000E-5
1.420806667E+9	2.197047000E-5
1.420810000E+9	2.269356000E-5
1.420813333E+9	2.203175000E-5
1.420816667E+9	2.169349000E-5
1.420820000E+9	2.169818000E-5
1.420823333E+9	2.218090000E-5
1.420826667E+9	2.197387000E-5
1.420830000E+9	2.184407000E-5
1.420833333E+9	2.219335000E-5
1.420836667E+9	2.849334000E-5
1.420840000E+9	3.280040000E-5
1.420843333E+9	2.202503000E-5
1.420846667E+9	2.176095000E-5
1.420850000E+9	2.200557000E-5
1.420853333E+9	2.190733000E-5
1.420856667E+9	2.189413000E-5
1.420860000E+9	2.202795000E-5
1.420863333E+9	2.187978000E-5
1.420866667E+9	2.349781000E-5
1.420870000E+9	2.288789000E-5
1.420873333E+9	2.183493000E-5
1.420876667E+9	2.173653000E-5
1.420880000E+9	2.217335000E-5
1.420883333E+9	2.352466000E-5
1.420886667E+9	2.292657000E-5
1.420890000E+9	2.195226000E-5
1.420893333E+9	2.191939000E-5
1.420896667E+9	2.352006000E-5
1.420900000E+9	2.389205000E-5
1.420903333E+9	2.197795000E-5
1.420906667E+9	2.209707000E-5
1.420910000E+9	2.283385000E-5
1.420913333E+9	3.885906000E-5
1.420916667E+9	4.600546000E-5
1.420920000E+9	6.983104000E-5
1.420923333E+9	2.591623000E-5
1.420926667E+9	2.859221000E-5
1.420930000E+9	2.279475000E-5
1.420933333E+9	2.199443000E-5
1.420936667E+9	2.192300000E-5
1.420940000E+9	2.209250000E-5
1.420943333E+9	2.202890000E-5
1.420946667E+9	2.220729000E-5
1.420950000E+9	2.217245000E-5
1.420953333E+9	2.173555000E-5
1.420956667E+9	2.210905000E-5
1.420960000E+9	2.176678000E-5
1.420963333E+9	2.170926000E-5
1.420966667E+9	2.218821000E-5
1.420970000E+9	2.197264000E-5
1.420973333E+9	2.180127000E-5
1.420976667E+9	2.176502000E-5
1.420980000E+9	2.188269000E-5
1.420983333E+9	2.242009000E-5
1.420986667E+9	2.226696000E-5
1.420990000E+9	2.224399000E-5
1.420993333E+9	2.197438000E-5
1.420996667E+9	2.198680000E-5
1.421000000E+9	2.169049000E-5
1.421003333E+9	2.197838000E-5
1.421006667E+9	2.160775000E-5
1.421010000E+9	2.228474000E-5
1.421013333E+9	2.151230000E-5
1.421016667E+9	2.185738000E-5
1.421020000E+9	2.169292000E-5
1.421023333E+9	2.154107000E-5
1.421026667E+9	2.153163000E-5
1.421030000E+9	2.194679000E-5
1.421033333E+9	2.220883000E-5
1.421036667E+9	2.163590000E-5
1.421040000E+9	2.162901000E-5
1.421043333E+9	2.153315000E-5
1.421046667E+9	2.150819000E-5
1.421050000E+9	2.172247000E-5
1.421053333E+9	2.191980000E-5
1.421056667E+9	2.191602000E-5
1.421060000E+9	2.133466000E-5
1.421063333E+9	2.149396000E-5
1.421066667E+9	2.146512000E-5
1.421070000E+9	2.166345000E-5
1.421073333E+9	2.232998000E-5
1.421076667E+9	2.157499000E-5
1.421080000E+9	2.200062000E-5
1.421083333E+9	2.202099000E-5
1.421086667E+9	2.165044000E-5
1.421090000E+9	2.159269000E-5
1.421093333E+9	2.217881000E-5
1.421096667E+9	2.216542000E-5
1.421100000E+9	2.119912000E-5
1.421103333E+9	2.197483000E-5
1.421106667E+9	2.217211000E-5
1.421110000E+9	2.191431000E-5
1.421113333E+9	2.157316000E-5
1.421116667E+9	2.192533000E-5
1.421120000E+9	2.189206000E-5
1.421123333E+9	2.172333000E-5
1.421126667E+9	2.199559000E-5
1.421130000E+9	2.203269000E-5
1.421133333E+9	2.190919000E-5
1.421136667E+9	2.180508000E-5
1.421140000E+9	2.213159000E-5
1.421143333E+9	2.198816000E-5
1.421146667E+9	2.192078000E-5
1.421150000E+9	2.184695000E-5
1.421153333E+9	2.193944000E-5
1.421156667E+9	2.191546000E-5
1.421160000E+9	2.192302000E-5
1.421163333E+9	2.199714000E-5
1.421166667E+9	2.176131000E-5
1.421170000E+9	2.143407000E-5
1.421173333E+9	2.169861000E-5
1.421176667E+9	2.280759000E-5
1.421180000E+9	2.294833000E-5
1.421183333E+9	2.154055000E-5
1.421186667E+9	2.232317000E-5
1.421190000E+9	2.154168000E-5
1.421193333E+9	2.220671000E-5
1.421196667E+9	2.174748000E-5
1.421200000E+9	2.156504000E-5
1.421203333E+9	2.237285000E-5
1.421206667E+9	2.904194000E-5
1.421210000E+9	3.253587000E-5
1.421213333E+9	4.360812000E-5
1.421216667E+9	2.326497000E-5
1.421220000E+9	2.400778000E-5
1.421223333E+9	2.165827000E-5
1.421226667E+9	2.177195000E-5
1.421230000E+9	2.235461000E-5
1.421233333E+9	2.212843000E-5
1.421236667E+9	2.165822000E-5
1.421240000E+9	2.172309000E-5
1.421243333E+9	2.166084000E-5
1.421246667E+9	2.190332000E-5
1.421250000E+9	2.189865000E-5
1.421253333E+9	2.181406000E-5
1.421256667E+9	2.203785000E-5
1.421260000E+9	2.258062000E-5
1.421263333E+9	2.194368000E-5
1.421266667E+9	2.238858000E-5
1.421270000E+9	2.165589000E-5
1.421273333E+9	2.220322000E-5
1.421276667E+9	2.199436000E-5
1.421280000E+9	2.180190000E-5
1.421283333E+9	2.188204000E-5
1.421286667E+9	2.170476000E-5
1.421290000E+9	2.233547000E-5
1.421293333E+9	2.200320000E-5
1.421296667E+9	2.206404000E-5
1.421300000E+9	2.275404000E-5
1.421303333E+9	2.214844000E-5
1.421306667E+9	2.188959000E-5
1.421310000E+9	2.223994000E-5
1.421313333E+9	2.227176000E-5
1.421316667E+9	2.215260000E-5
1.421320000E+9	2.201538000E-5
1.421323333E+9	2.256337000E-5
1.421326667E+9	2.211357000E-5
1.421330000E+9	2.245177000E-5
1.421333333E+9	2.174139000E-5
1.421336667E+9	2.271488000E-5
1.421340000E+9	2.338480000E-5
1.421343333E+9	2.613379000E-5
1.421346667E+9	2.476862000E-5
1.421350000E+9	2.306739000E-5
1.421353333E+9	2.269067000E-5
1.421356667E+9	2.249819000E-5
1.421360000E+9	2.238947000E-5
1.421363333E+9	2.381176000E-5
1.421366667E+9	2.686485000E-5
1.421370000E+9	2.289659000E-5
1.421373333E+9	2.234936000E-5
1.421376667E+9	2.228303000E-5
1.421380000E+9	2.220736000E-5
1.421383333E+9	2.304048000E-5
1.421386667E+9	2.217766000E-5
1.421390000E+9	2.212435000E-5
1.421393333E+9	2.273606000E-5
1.421396667E+9	2.228039000E-5
1.421400000E+9	2.240216000E-5
