Frequency, Hz	Amplitude, Volts
1.419400000E+9	1.477985000E-5
1.419403333E+9	1.475488000E-5
1.419406667E+9	1.501870000E-5
1.419410000E+9	1.485761000E-5
1.419413333E+9	1.624059000E-5
1.419416667E+9	1.531551000E-5
1.419420000E+9	1.481955000E-5
1.419423333E+9	1.471166000E-5
1.419426667E+9	1.495075000E-5
1.419430000E+9	1.484187000E-5
1.419433333E+9	1.486477000E-5
1.419436667E+9	1.449312000E-5
1.419440000E+9	1.506810000E-5
1.419443333E+9	1.468345000E-5
1.419446667E+9	1.521508000E-5
1.419450000E+9	1.656742000E-5
1.419453333E+9	1.553939000E-5
1.419456667E+9	1.529832000E-5
1.419460000E+9	1.471704000E-5
1.419463333E+9	1.492259000E-5
1.419466667E+9	1.483471000E-5
1.419470000E+9	1.452232000E-5
1.419473333E+9	1.484341000E-5
1.419476667E+9	1.491930000E-5
1.419480000E+9	1.478453000E-5
1.419483333E+9	1.470559000E-5
1.419486667E+9	1.447666000E-5
1.419490000E+9	1.472601000E-5
1.419493333E+9	1.497946000E-5
1.419496667E+9	1.505354000E-5
1.419500000E+9	1.459452000E-5
1.419503333E+9	1.471814000E-5
1.419506667E+9	1.469545000E-5
1.419510000E+9	1.498533000E-5
1.419513333E+9	1.487378000E-5
1.419516667E+9	1.494128000E-5
1.419520000E+9	1.467127000E-5
1.419523333E+9	1.484077000E-5
1.419526667E+9	1.489137000E-5
1.419530000E+9	1.484781000E-5
1.419533333E+9	1.507951000E-5
1.419536667E+9	1.474649000E-5
1.419540000E+9	1.500621000E-5
1.419543333E+9	1.476965000E-5
1.419546667E+9	1.488079000E-5
1.419550000E+9	1.490236000E-5
1.419553333E+9	1.465222000E-5
1.419556667E+9	1.468476000E-5
1.419560000E+9	1.468208000E-5
1.419563333E+9	1.469970000E-5
1.419566667E+9	1.482958000E-5
1.419570000E+9	1.469677000E-5
1.419573333E+9	1.468534000E-5
1.419576667E+9	1.457668000E-5
1.419580000E+9	1.431314000E-5
1.419583333E+9	1.449958000E-5
1.419586667E+9	1.461984000E-5
1.419590000E+9	1.464870000E-5
1.419593333E+9	1.486650000E-5
1.419596667E+9	1.470317000E-5
1.419600000E+9	1.458035000E-5
1.419603333E+9	1.486417000E-5
1.419606667E+9	1.476902000E-5
1.419610000E+9	1.506761000E-5
1.419613333E+9	1.480389000E-5
1.419616667E+9	1.460018000E-5
1.419620000E+9	1.482985000E-5
1.419623333E+9	1.506609000E-5
1.419626667E+9	1.510878000E-5
1.419630000E+9	1.471087000E-5
1.419633333E+9	1.488787000E-5
1.419636667E+9	1.483406000E-5
1.419640000E+9	1.496591000E-5
1.419643333E+9	1.473395000E-5
1.419646667E+9	1.470604000E-5
1.419650000E+9	1.472944000E-5
1.419653333E+9	1.476988000E-5
1.419656667E+9	1.464497000E-5
1.419660000E+9	1.465979000E-5
1.419663333E+9	1.458446000E-5
1.419666667E+9	1.490935000E-5
1.419670000E+9	1.473141000E-5
1.419673333E+9	1.438468000E-5
1.419676667E+9	1.461214000E-5
1.419680000E+9	1.497709000E-5
1.419683333E+9	1.495620000E-5
1.419686667E+9	1.480904000E-5
1.419690000E+9	1.477995000E-5
1.419693333E+9	1.458880000E-5
1.419696667E+9	1.488963000E-5
1.419700000E+9	1.485420000E-5
1.419703333E+9	1.468424000E-5
1.419706667E+9	1.577074000E-5
1.419710000E+9	1.507694000E-5
1.419713333E+9	1.478906000E-5
1.419716667E+9	1.496387000E-5
1.419720000E+9	1.466874000E-5
1.419723333E+9	1.479193000E-5
1.419726667E+9	1.496424000E-5
1.419730000E+9	1.466383000E-5
1.419733333E+9	1.527611000E-5
1.419736667E+9	1.493490000E-5
1.419740000E+9	1.545085000E-5
1.419743333E+9	1.648280000E-5
1.419746667E+9	1.528116000E-5
1.419750000E+9	1.492797000E-5
1.419753333E+9	1.505359000E-5
1.419756667E+9	1.523598000E-5
1.419760000E+9	1.480799000E-5
1.419763333E+9	1.481538000E-5
1.419766667E+9	1.467327000E-5
1.419770000E+9	1.481394000E-5
1.419773333E+9	1.444232000E-5
1.419776667E+9	1.459019000E-5
1.419780000E+9	1.480807000E-5
1.419783333E+9	1.511486000E-5
1.419786667E+9	1.470418000E-5
1.419790000E+9	1.499853000E-5
1.419793333E+9	1.511598000E-5
1.419796667E+9	1.488561000E-5
1.419800000E+9	1.490517000E-5
1.419803333E+9	1.443007000E-5
1.419806667E+9	1.454643000E-5
1.419810000E+9	1.453409000E-5
1.419813333E+9	1.463613000E-5
1.419816667E+9	1.476466000E-5
1.419820000E+9	1.464999000E-5
1.419823333E+9	1.463211000E-5
1.419826667E+9	1.472572000E-5
1.419830000E+9	1.494320000E-5
1.419833333E+9	1.500313000E-5
1.419836667E+9	1.474330000E-5
1.419840000E+9	1.436910000E-5
1.419843333E+9	1.509622000E-5
1.419846667E+9	1.494685000E-5
1.419850000E+9	1.488048000E-5
1.419853333E+9	1.471505000E-5
1.419856667E+9	1.461992000E-5
1.419860000E+9	1.498581000E-5
1.419863333E+9	1.515924000E-5
1.419866667E+9	1.503390000E-5
1.419870000E+9	1.442994000E-5
1.419873333E+9	1.448628000E-5
1.419876667E+9	1.488669000E-5
1.419880000E+9	1.469224000E-5
1.419883333E+9	1.489534000E-5
1.419886667E+9	1.493497000E-5
1.419890000E+9	1.485479000E-5
1.419893333E+9	1.455472000E-5
1.419896667E+9	1.461752000E-5
1.419900000E+9	1.491329000E-5
1.419903333E+9	1.491309000E-5
1.419906667E+9	1.486851000E-5
1.419910000E+9	1.459476000E-5
1.419913333E+9	1.477387000E-5
1.419916667E+9	1.482510000E-5
1.419920000E+9	1.468013000E-5
1.419923333E+9	1.481322000E-5
1.419926667E+9	1.483821000E-5
1.419930000E+9	1.457620000E-5
1.419933333E+9	1.471993000E-5
1.419936667E+9	1.490476000E-5
1.419940000E+9	1.487829000E-5
1.419943333E+9	1.478294000E-5
1.419946667E+9	1.478393000E-5
1.419950000E+9	1.480685000E-5
1.419953333E+9	1.445944000E-5
1.419956667E+9	1.475072000E-5
1.419960000E+9	1.487156000E-5
1.419963333E+9	1.461891000E-5
1.419966667E+9	1.509665000E-5
1.419970000E+9	1.465021000E-5
1.419973333E+9	1.487705000E-5
1.419976667E+9	1.505580000E-5
1.419980000E+9	1.572729000E-5
1.419983333E+9	1.474834000E-5
1.419986667E+9	1.476469000E-5
1.419990000E+9	1.486459000E-5
1.419993333E+9	1.473950000E-5
1.419996667E+9	1.422224000E-5
1.420000000E+9	1.574987000E-5
1.420003333E+9	1.713164000E-5
1.420006667E+9	1.477893000E-5
1.420010000E+9	1.485042000E-5
1.420013333E+9	1.478975000E-5
1.420016667E+9	1.476881000E-5
1.420020000E+9	1.452501000E-5
1.420023333E+9	1.486647000E-5
1.420026667E+9	1.489007000E-5
1.420030000E+9	1.475072000E-5
1.420033333E+9	1.545506000E-5
1.420036667E+9	1.574546000E-5
1.420040000E+9	1.506729000E-5
1.420043333E+9	1.484230000E-5
1.420046667E+9	1.461798000E-5
1.420050000E+9	1.484559000E-5
1.420053333E+9	1.507582000E-5
1.420056667E+9	1.489434000E-5
1.420060000E+9	1.500662000E-5
1.420063333E+9	1.474942000E-5
1.420066667E+9	1.494007000E-5
1.420070000E+9	1.435412000E-5
1.420073333E+9	1.466586000E-5
1.420076667E+9	1.458020000E-5
1.420080000E+9	1.474792000E-5
1.420083333E+9	1.444592000E-5
1.420086667E+9	1.479255000E-5
1.420090000E+9	1.464320000E-5
1.420093333E+9	1.493299000E-5
1.420096667E+9	1.471487000E-5
1.420100000E+9	1.456844000E-5
1.420103333E+9	1.484101000E-5
1.420106667E+9	1.457030000E-5
1.420110000E+9	1.492767000E-5
1.420113333E+9	1.483230000E-5
1.420116667E+9	1.481672000E-5
1.420120000E+9	1.453241000E-5
1.420123333E+9	1.477760000E-5
1.420126667E+9	1.486598000E-5
1.420130000E+9	1.478846000E-5
1.420133333E+9	1.478508000E-5
1.420136667E+9	1.464881000E-5
1.420140000E+9	1.493035000E-5
1.420143333E+9	1.469926000E-5
1.420146667E+9	1.447752000E-5
1.420150000E+9	1.441271000E-5
1.420153333E+9	1.468755000E-5
1.420156667E+9	1.442905000E-5
1.420160000E+9	1.468548000E-5
1.420163333E+9	1.460893000E-5
1.420166667E+9	1.465768000E-5
1.420170000E+9	1.462593000E-5
1.420173333E+9	1.485433000E-5
1.420176667E+9	1.460007000E-5
1.420180000E+9	1.490663000E-5
1.420183333E+9	1.492181000E-5
1.420186667E+9	1.475239000E-5
1.420190000E+9	1.465124000E-5
1.420193333E+9	1.488105000E-5
1.420196667E+9	1.477521000E-5
1.420200000E+9	1.481055000E-5
1.420203333E+9	1.469858000E-5
1.420206667E+9	1.471462000E-5
1.420210000E+9	1.460752000E-5
1.420213333E+9	1.464639000E-5
1.420216667E+9	1.472037000E-5
1.420220000E+9	1.474921000E-5
1.420223333E+9	1.445116000E-5
1.420226667E+9	1.465984000E-5
1.420230000E+9	1.484207000E-5
1.420233333E+9	1.460278000E-5
1.420236667E+9	1.468587000E-5
1.420240000E+9	1.475731000E-5
1.420243333E+9	1.474455000E-5
1.420246667E+9	1.466644000E-5
1.420250000E+9	1.460393000E-5
1.420253333E+9	1.478151000E-5
1.420256667E+9	1.478266000E-5
1.420260000E+9	1.465383000E-5
1.420263333E+9	1.456131000E-5
1.420266667E+9	1.485648000E-5
1.420270000E+9	1.458861000E-5
1.420273333E+9	1.476931000E-5
1.420276667E+9	1.482886000E-5
1.420280000E+9	1.450481000E-5
1.420283333E+9	1.458521000E-5
1.420286667E+9	1.438135000E-5
1.420290000E+9	1.457426000E-5
1.420293333E+9	1.507572000E-5
1.420296667E+9	1.636956000E-5
1.420300000E+9	1.515792000E-5
1.420303333E+9	1.460977000E-5
1.420306667E+9	1.474398000E-5
1.420310000E+9	1.479754000E-5
1.420313333E+9	1.460294000E-5
1.420316667E+9	1.482601000E-5
1.420320000E+9	1.501987000E-5
1.420323333E+9	1.481051000E-5
1.420326667E+9	1.541738000E-5
1.420330000E+9	1.583864000E-5
1.420333333E+9	1.545418000E-5
1.420336667E+9	1.487137000E-5
1.420340000E+9	1.482363000E-5
1.420343333E+9	1.501081000E-5
1.420346667E+9	1.473963000E-5
1.420350000E+9	1.506839000E-5
1.420353333E+9	1.475391000E-5
1.420356667E+9	1.453462000E-5
1.420360000E+9	1.478385000E-5
1.420363333E+9	1.472464000E-5
1.420366667E+9	1.460611000E-5
1.420370000E+9	1.487418000E-5
1.420373333E+9	1.451408000E-5
1.420376667E+9	1.470349000E-5
1.420380000E+9	1.475453000E-5
1.420383333E+9	1.468885000E-5
1.420386667E+9	1.465604000E-5
1.420390000E+9	1.505092000E-5
1.420393333E+9	1.473911000E-5
1.420396667E+9	1.485668000E-5
1.420400000E+9	1.482004000E-5
1.420403333E+9	1.509163000E-5
1.420406667E+9	1.473539000E-5
1.420410000E+9	1.474557000E-5
1.420413333E+9	1.477155000E-5
1.420416667E+9	1.477164000E-5
1.420420000E+9	1.462158000E-5
1.420423333E+9	1.467427000E-5
1.420426667E+9	1.487071000E-5
1.420430000E+9	1.474381000E-5
1.420433333E+9	1.456479000E-5
1.420436667E+9	1.501132000E-5
1.420440000E+9	1.495911000E-5
1.420443333E+9	1.496039000E-5
1.420446667E+9	1.484129000E-5
1.420450000E+9	1.498420000E-5
1.420453333E+9	1.507489000E-5
1.420456667E+9	1.489874000E-5
1.420460000E+9	1.520002000E-5
1.420463333E+9	1.525739000E-5
1.420466667E+9	1.531149000E-5
1.420470000E+9	1.546647000E-5
1.420473333E+9	1.522872000E-5
1.420476667E+9	1.567497000E-5
1.420480000E+9	1.564289000E-5
1.420483333E+9	1.577774000E-5
1.420486667E+9	1.607984000E-5
1.420490000E+9	1.616333000E-5
1.420493333E+9	1.606163000E-5
1.420496667E+9	1.672098000E-5
1.420500000E+9	1.670300000E-5
1.420503333E+9	1.657577000E-5
1.420506667E+9	1.670148000E-5
1.420510000E+9	1.656808000E-5
1.420513333E+9	1.631227000E-5
1.420516667E+9	1.638218000E-5
1.420520000E+9	1.643634000E-5
1.420523333E+9	1.652665000E-5
1.420526667E+9	1.645055000E-5
1.420530000E+9	1.651055000E-5
1.420533333E+9	1.632637000E-5
1.420536667E+9	1.645656000E-5
1.420540000E+9	1.661747000E-5
1.420543333E+9	1.615989000E-5
1.420546667E+9	1.619269000E-5
1.420550000E+9	1.632680000E-5
1.420553333E+9	1.645103000E-5
1.420556667E+9	1.636722000E-5
1.420560000E+9	1.624355000E-5
1.420563333E+9	1.625574000E-5
1.420566667E+9	1.616250000E-5
1.420570000E+9	1.636424000E-5
1.420573333E+9	1.659639000E-5
1.420576667E+9	1.623292000E-5
1.420580000E+9	1.560717000E-5
1.420583333E+9	1.622797000E-5
1.420586667E+9	1.583807000E-5
1.420590000E+9	1.582759000E-5
1.420593333E+9	1.557050000E-5
1.420596667E+9	1.575933000E-5
1.420600000E+9	1.568549000E-5
1.420603333E+9	1.582022000E-5
1.420606667E+9	1.590221000E-5
1.420610000E+9	1.582574000E-5
1.420613333E+9	1.567552000E-5
1.420616667E+9	1.571853000E-5
1.420620000E+9	1.699075000E-5
1.420623333E+9	1.694969000E-5
1.420626667E+9	1.658396000E-5
1.420630000E+9	1.595678000E-5
1.420633333E+9	1.579772000E-5
1.420636667E+9	1.564766000E-5
1.420640000E+9	1.585867000E-5
1.420643333E+9	1.590034000E-5
1.420646667E+9	1.630623000E-5
1.420650000E+9	1.642418000E-5
1.420653333E+9	1.600464000E-5
1.420656667E+9	1.620625000E-5
1.420660000E+9	1.602835000E-5
1.420663333E+9	1.622651000E-5
1.420666667E+9	1.620158000E-5
1.420670000E+9	1.615010000E-5
1.420673333E+9	1.614021000E-5
1.420676667E+9	1.640644000E-5
1.420680000E+9	1.653005000E-5
1.420683333E+9	1.662004000E-5
1.420686667E+9	1.663945000E-5
1.420690000E+9	1.659355000E-5
1.420693333E+9	1.652785000E-5
1.420696667E+9	1.658701000E-5
1.420700000E+9	1.647053000E-5
1.420703333E+9	1.642306000E-5
1.420706667E+9	1.630179000E-5
1.420710000E+9	1.644063000E-5
1.420713333E+9	1.607465000E-5
1.420716667E+9	1.616701000E-5
1.420720000E+9	1.639009000E-5
1.420723333E+9	1.643592000E-5
1.420726667E+9	1.633896000E-5
1.420730000E+9	1.649185000E-5
1.420733333E+9	1.625452000E-5
1.420736667E+9	1.619988000E-5
1.420740000E+9	1.633681000E-5
1.420743333E+9	1.601342000E-5
1.420746667E+9	1.608639000E-5
1.420750000E+9	1.588699000E-5
1.420753333E+9	1.599737000E-5
1.420756667E+9	1.625732000E-5
1.420760000E+9	1.664756000E-5
1.420763333E+9	1.583000000E-5
1.420766667E+9	1.590156000E-5
1.420770000E+9	1.562960000E-5
1.420773333E+9	1.549645000E-5
1.420776667E+9	1.553862000E-5
1.420780000E+9	1.577050000E-5
1.420783333E+9	1.571241000E-5
1.420786667E+9	1.556574000E-5
1.420790000E+9	1.525674000E-5
1.420793333E+9	1.554480000E-5
1.420796667E+9	1.591805000E-5
1.420800000E+9	1.548897000E-5
1.420803333E+9	1.573743000E-5
1.420806667E+9	1.531361000E-5
1.420810000E+9	1.513614000E-5
1.420813333E+9	1.543573000E-5
1.420816667E+9	1.484892000E-5
1.420820000E+9	1.523550000E-5
1.420823333E+9	1.534094000E-5
1.420826667E+9	1.543666000E-5
1.420830000E+9	1.518309000E-5
1.420833333E+9	1.510458000E-5
1.420836667E+9	1.517554000E-5
1.420840000E+9	1.511025000E-5
1.420843333E+9	1.522320000E-5
1.420846667E+9	1.556941000E-5
1.420850000E+9	1.512622000E-5
1.420853333E+9	1.490517000E-5
1.420856667E+9	1.502221000E-5
1.420860000E+9	1.533806000E-5
1.420863333E+9	1.543808000E-5
1.420866667E+9	1.523983000E-5
1.420870000E+9	1.532722000E-5
1.420873333E+9	1.553461000E-5
1.420876667E+9	1.532547000E-5
1.420880000E+9	1.526121000E-5
1.420883333E+9	1.744334000E-5
1.420886667E+9	1.674139000E-5
1.420890000E+9	1.516720000E-5
1.420893333E+9	1.502604000E-5
1.420896667E+9	1.524629000E-5
1.420900000E+9	1.524935000E-5
1.420903333E+9	1.531097000E-5
1.420906667E+9	1.552162000E-5
1.420910000E+9	1.571172000E-5
1.420913333E+9	2.001222000E-5
1.420916667E+9	1.791159000E-5
1.420920000E+9	1.673039000E-5
1.420923333E+9	1.510594000E-5
1.420926667E+9	1.514482000E-5
1.420930000E+9	1.508890000E-5
1.420933333E+9	1.502962000E-5
1.420936667E+9	1.486059000E-5
1.420940000E+9	1.512747000E-5
1.420943333E+9	1.502220000E-5
1.420946667E+9	1.538400000E-5
1.420950000E+9	1.492985000E-5
1.420953333E+9	1.497716000E-5
1.420956667E+9	1.496139000E-5
1.420960000E+9	1.469603000E-5
1.420963333E+9	1.498749000E-5
1.420966667E+9	1.508535000E-5
1.420970000E+9	1.493781000E-5
1.420973333E+9	1.468850000E-5
1.420976667E+9	1.475187000E-5
1.420980000E+9	1.494142000E-5
1.420983333E+9	1.497998000E-5
1.420986667E+9	1.492649000E-5
1.420990000E+9	1.477932000E-5
1.420993333E+9	1.477690000E-5
1.420996667E+9	1.447359000E-5
1.421000000E+9	1.473301000E-5
1.421003333E+9	1.461519000E-5
1.421006667E+9	1.463820000E-5
1.421010000E+9	1.480907000E-5
1.421013333E+9	1.458723000E-5
1.421016667E+9	1.467456000E-5
1.421020000E+9	1.466574000E-5
1.421023333E+9	1.514116000E-5
1.421026667E+9	1.458067000E-5
1.421030000E+9	1.512388000E-5
1.421033333E+9	1.463711000E-5
1.421036667E+9	1.470007000E-5
1.421040000E+9	1.475381000E-5
1.421043333E+9	1.464163000E-5
1.421046667E+9	1.459010000E-5
1.421050000E+9	1.466565000E-5
1.421053333E+9	1.493938000E-5
1.421056667E+9	1.480634000E-5
1.421060000E+9	1.468814000E-5
1.421063333E+9	1.461015000E-5
1.421066667E+9	1.479841000E-5
1.421070000E+9	1.475890000E-5
1.421073333E+9	1.470029000E-5
1.421076667E+9	1.470580000E-5
1.421080000E+9	1.476714000E-5
1.421083333E+9	1.457734000E-5
1.421086667E+9	1.472716000E-5
1.421090000E+9	1.467215000E-5
1.421093333E+9	1.486177000E-5
1.421096667E+9	1.525178000E-5
1.421100000E+9	1.475939000E-5
1.421103333E+9	1.493023000E-5
1.421106667E+9	1.493751000E-5
1.421110000E+9	1.460031000E-5
1.421113333E+9	1.483370000E-5
1.421116667E+9	1.444058000E-5
1.421120000E+9	1.469227000E-5
1.421123333E+9	1.477662000E-5
1.421126667E+9	1.490010000E-5
1.421130000E+9	1.504523000E-5
1.421133333E+9	1.515588000E-5
1.421136667E+9	1.469098000E-5
1.421140000E+9	1.442693000E-5
1.421143333E+9	1.448655000E-5
1.421146667E+9	1.469611000E-5
1.421150000E+9	1.477878000E-5
1.421153333E+9	1.412608000E-5
1.421156667E+9	1.472035000E-5
1.421160000E+9	1.450216000E-5
1.421163333E+9	1.462200000E-5
1.421166667E+9	1.450259000E-5
1.421170000E+9	1.475807000E-5
1.421173333E+9	1.464029000E-5
1.421176667E+9	1.657444000E-5
1.421180000E+9	1.824906000E-5
1.421183333E+9	1.492722000E-5
1.421186667E+9	1.464459000E-5
1.421190000E+9	1.476660000E-5
1.421193333E+9	1.484502000E-5
1.421196667E+9	1.477138000E-5
1.421200000E+9	1.473296000E-5
1.421203333E+9	1.459885000E-5
1.421206667E+9	1.681717000E-5
1.421210000E+9	1.557596000E-5
1.421213333E+9	1.513506000E-5
1.421216667E+9	1.469474000E-5
1.421220000E+9	1.495615000E-5
1.421223333E+9	1.463425000E-5
1.421226667E+9	1.449910000E-5
1.421230000E+9	1.483324000E-5
1.421233333E+9	1.476749000E-5
1.421236667E+9	1.449688000E-5
1.421240000E+9	1.482184000E-5
1.421243333E+9	1.484927000E-5
1.421246667E+9	1.479380000E-5
1.421250000E+9	1.476230000E-5
1.421253333E+9	1.434773000E-5
1.421256667E+9	1.437799000E-5
1.421260000E+9	1.444353000E-5
1.421263333E+9	1.456951000E-5
1.421266667E+9	1.454670000E-5
1.421270000E+9	1.472496000E-5
1.421273333E+9	1.453829000E-5
1.421276667E+9	1.480506000E-5
1.421280000E+9	1.448213000E-5
1.421283333E+9	1.468771000E-5
1.421286667E+9	1.476094000E-5
1.421290000E+9	1.487148000E-5
1.421293333E+9	1.493059000E-5
1.421296667E+9	1.472559000E-5
1.421300000E+9	1.488537000E-5
1.421303333E+9	1.458363000E-5
1.421306667E+9	1.462336000E-5
1.421310000E+9	1.441570000E-5
1.421313333E+9	1.462183000E-5
1.421316667E+9	1.472945000E-5
1.421320000E+9	1.488718000E-5
1.421323333E+9	1.461057000E-5
1.421326667E+9	1.465568000E-5
1.421330000E+9	1.476055000E-5
1.421333333E+9	1.446169000E-5
1.421336667E+9	1.443531000E-5
1.421340000E+9	1.461493000E-5
1.421343333E+9	1.470496000E-5
1.421346667E+9	1.447545000E-5
1.421350000E+9	1.435105000E-5
1.421353333E+9	1.466793000E-5
1.421356667E+9	1.488862000E-5
1.421360000E+9	1.468834000E-5
1.421363333E+9	1.479936000E-5
1.421366667E+9	1.458340000E-5
1.421370000E+9	1.454961000E-5
1.421373333E+9	1.460930000E-5
1.421376667E+9	1.480615000E-5
1.421380000E+9	1.474567000E-5
1.421383333E+9	1.466375000E-5
1.421386667E+9	1.438094000E-5
1.421390000E+9	1.471925000E-5
1.421393333E+9	1.467478000E-5
1.421396667E+9	1.458083000E-5
1.421400000E+9	1.466442000E-5
