Frequency, Hz	Amplitude, Volts
1.419400000E+9	1.540879000E-5
1.419403333E+9	1.486159000E-5
1.419406667E+9	1.489123000E-5
1.419410000E+9	1.479362000E-5
1.419413333E+9	1.531223000E-5
1.419416667E+9	1.562253000E-5
1.419420000E+9	1.535115000E-5
1.419423333E+9	1.505891000E-5
1.419426667E+9	1.490669000E-5
1.419430000E+9	1.528967000E-5
1.419433333E+9	1.506584000E-5
1.419436667E+9	1.529590000E-5
1.419440000E+9	1.523516000E-5
1.419443333E+9	1.500871000E-5
1.419446667E+9	1.568190000E-5
1.419450000E+9	1.672399000E-5
1.419453333E+9	1.597457000E-5
1.419456667E+9	1.578165000E-5
1.419460000E+9	1.486294000E-5
1.419463333E+9	1.508443000E-5
1.419466667E+9	1.522474000E-5
1.419470000E+9	1.494781000E-5
1.419473333E+9	1.476052000E-5
1.419476667E+9	1.515322000E-5
1.419480000E+9	1.513732000E-5
1.419483333E+9	1.507866000E-5
1.419486667E+9	1.507317000E-5
1.419490000E+9	1.508807000E-5
1.419493333E+9	1.501201000E-5
1.419496667E+9	1.499045000E-5
1.419500000E+9	1.496157000E-5
1.419503333E+9	1.481571000E-5
1.419506667E+9	1.495783000E-5
1.419510000E+9	1.465993000E-5
1.419513333E+9	1.491270000E-5
1.419516667E+9	1.515728000E-5
1.419520000E+9	1.511267000E-5
1.419523333E+9	1.527046000E-5
1.419526667E+9	1.517879000E-5
1.419530000E+9	1.505921000E-5
1.419533333E+9	1.534094000E-5
1.419536667E+9	1.479859000E-5
1.419540000E+9	1.521851000E-5
1.419543333E+9	1.504830000E-5
1.419546667E+9	1.506728000E-5
1.419550000E+9	1.509031000E-5
1.419553333E+9	1.482940000E-5
1.419556667E+9	1.486871000E-5
1.419560000E+9	1.497740000E-5
1.419563333E+9	1.505451000E-5
1.419566667E+9	1.519166000E-5
1.419570000E+9	1.494824000E-5
1.419573333E+9	1.491221000E-5
1.419576667E+9	1.489627000E-5
1.419580000E+9	1.489428000E-5
1.419583333E+9	1.489086000E-5
1.419586667E+9	1.507976000E-5
1.419590000E+9	1.485456000E-5
1.419593333E+9	1.527019000E-5
1.419596667E+9	1.494212000E-5
1.419600000E+9	1.516920000E-5
1.419603333E+9	1.527750000E-5
1.419606667E+9	1.511626000E-5
1.419610000E+9	1.493354000E-5
1.419613333E+9	1.519251000E-5
1.419616667E+9	1.487814000E-5
1.419620000E+9	1.504138000E-5
1.419623333E+9	1.532182000E-5
1.419626667E+9	1.517321000E-5
1.419630000E+9	1.528422000E-5
1.419633333E+9	1.512715000E-5
1.419636667E+9	1.503347000E-5
1.419640000E+9	1.526597000E-5
1.419643333E+9	1.487089000E-5
1.419646667E+9	1.517311000E-5
1.419650000E+9	1.492664000E-5
1.419653333E+9	1.498327000E-5
1.419656667E+9	1.515543000E-5
1.419660000E+9	1.511287000E-5
1.419663333E+9	1.493495000E-5
1.419666667E+9	1.482949000E-5
1.419670000E+9	1.489238000E-5
1.419673333E+9	1.497439000E-5
1.419676667E+9	1.504189000E-5
1.419680000E+9	1.491272000E-5
1.419683333E+9	1.492895000E-5
1.419686667E+9	1.485916000E-5
1.419690000E+9	1.500520000E-5
1.419693333E+9	1.500319000E-5
1.419696667E+9	1.505274000E-5
1.419700000E+9	1.490553000E-5
1.419703333E+9	1.505147000E-5
1.419706667E+9	1.531422000E-5
1.419710000E+9	1.536054000E-5
1.419713333E+9	1.532027000E-5
1.419716667E+9	1.532295000E-5
1.419720000E+9	1.496228000E-5
1.419723333E+9	1.497944000E-5
1.419726667E+9	1.524205000E-5
1.419730000E+9	1.504361000E-5
1.419733333E+9	1.512584000E-5
1.419736667E+9	1.504354000E-5
1.419740000E+9	1.591037000E-5
1.419743333E+9	1.672612000E-5
1.419746667E+9	1.571294000E-5
1.419750000E+9	1.542057000E-5
1.419753333E+9	1.556763000E-5
1.419756667E+9	1.484346000E-5
1.419760000E+9	1.517659000E-5
1.419763333E+9	1.483226000E-5
1.419766667E+9	1.502812000E-5
1.419770000E+9	1.502515000E-5
1.419773333E+9	1.512308000E-5
1.419776667E+9	1.521356000E-5
1.419780000E+9	1.519457000E-5
1.419783333E+9	1.536353000E-5
1.419786667E+9	1.503411000E-5
1.419790000E+9	1.547095000E-5
1.419793333E+9	1.495750000E-5
1.419796667E+9	1.472551000E-5
1.419800000E+9	1.521396000E-5
1.419803333E+9	1.500517000E-5
1.419806667E+9	1.518436000E-5
1.419810000E+9	1.496277000E-5
1.419813333E+9	1.490295000E-5
1.419816667E+9	1.472014000E-5
1.419820000E+9	1.512233000E-5
1.419823333E+9	1.518183000E-5
1.419826667E+9	1.513281000E-5
1.419830000E+9	1.507635000E-5
1.419833333E+9	1.496361000E-5
1.419836667E+9	1.499379000E-5
1.419840000E+9	1.523392000E-5
1.419843333E+9	1.513479000E-5
1.419846667E+9	1.494683000E-5
1.419850000E+9	1.513105000E-5
1.419853333E+9	1.488986000E-5
1.419856667E+9	1.505947000E-5
1.419860000E+9	1.508979000E-5
1.419863333E+9	1.538877000E-5
1.419866667E+9	1.506278000E-5
1.419870000E+9	1.547365000E-5
1.419873333E+9	1.520291000E-5
1.419876667E+9	1.503358000E-5
1.419880000E+9	1.459223000E-5
1.419883333E+9	1.504210000E-5
1.419886667E+9	1.523094000E-5
1.419890000E+9	1.553365000E-5
1.419893333E+9	1.522911000E-5
1.419896667E+9	1.473178000E-5
1.419900000E+9	1.489702000E-5
1.419903333E+9	1.556466000E-5
1.419906667E+9	1.514503000E-5
1.419910000E+9	1.488390000E-5
1.419913333E+9	1.505314000E-5
1.419916667E+9	1.520924000E-5
1.419920000E+9	1.475466000E-5
1.419923333E+9	1.467377000E-5
1.419926667E+9	1.482780000E-5
1.419930000E+9	1.501015000E-5
1.419933333E+9	1.522906000E-5
1.419936667E+9	1.485929000E-5
1.419940000E+9	1.525890000E-5
1.419943333E+9	1.495146000E-5
1.419946667E+9	1.517883000E-5
1.419950000E+9	1.510551000E-5
1.419953333E+9	1.448027000E-5
1.419956667E+9	1.516572000E-5
1.419960000E+9	1.494268000E-5
1.419963333E+9	1.481407000E-5
1.419966667E+9	1.514029000E-5
1.419970000E+9	1.494616000E-5
1.419973333E+9	1.527361000E-5
1.419976667E+9	1.540238000E-5
1.419980000E+9	1.647250000E-5
1.419983333E+9	1.507679000E-5
1.419986667E+9	1.470622000E-5
1.419990000E+9	1.495113000E-5
1.419993333E+9	1.491264000E-5
1.419996667E+9	1.511631000E-5
1.420000000E+9	1.565464000E-5
1.420003333E+9	1.630058000E-5
1.420006667E+9	1.493977000E-5
1.420010000E+9	1.496254000E-5
1.420013333E+9	1.513893000E-5
1.420016667E+9	1.509892000E-5
1.420020000E+9	1.504354000E-5
1.420023333E+9	1.519040000E-5
1.420026667E+9	1.529305000E-5
1.420030000E+9	1.513689000E-5
1.420033333E+9	1.616204000E-5
1.420036667E+9	1.639677000E-5
1.420040000E+9	1.590783000E-5
1.420043333E+9	1.527858000E-5
1.420046667E+9	1.515257000E-5
1.420050000E+9	1.564728000E-5
1.420053333E+9	1.527959000E-5
1.420056667E+9	1.476406000E-5
1.420060000E+9	1.488743000E-5
1.420063333E+9	1.501872000E-5
1.420066667E+9	1.492876000E-5
1.420070000E+9	1.498142000E-5
1.420073333E+9	1.488510000E-5
1.420076667E+9	1.488507000E-5
1.420080000E+9	1.502416000E-5
1.420083333E+9	1.491906000E-5
1.420086667E+9	1.490912000E-5
1.420090000E+9	1.514530000E-5
1.420093333E+9	1.508144000E-5
1.420096667E+9	1.498900000E-5
1.420100000E+9	1.496762000E-5
1.420103333E+9	1.489333000E-5
1.420106667E+9	1.491406000E-5
1.420110000E+9	1.498931000E-5
1.420113333E+9	1.476185000E-5
1.420116667E+9	1.522218000E-5
1.420120000E+9	1.496593000E-5
1.420123333E+9	1.549157000E-5
1.420126667E+9	1.520398000E-5
1.420130000E+9	1.513875000E-5
1.420133333E+9	1.495799000E-5
1.420136667E+9	1.486526000E-5
1.420140000E+9	1.475466000E-5
1.420143333E+9	1.471775000E-5
1.420146667E+9	1.475970000E-5
1.420150000E+9	1.510169000E-5
1.420153333E+9	1.500412000E-5
1.420156667E+9	1.507055000E-5
1.420160000E+9	1.533983000E-5
1.420163333E+9	1.486859000E-5
1.420166667E+9	1.510962000E-5
1.420170000E+9	1.474521000E-5
1.420173333E+9	1.499127000E-5
1.420176667E+9	1.517259000E-5
1.420180000E+9	1.522687000E-5
1.420183333E+9	1.508782000E-5
1.420186667E+9	1.515792000E-5
1.420190000E+9	1.497643000E-5
1.420193333E+9	1.513160000E-5
1.420196667E+9	1.494660000E-5
1.420200000E+9	1.523636000E-5
1.420203333E+9	1.505292000E-5
1.420206667E+9	1.506445000E-5
1.420210000E+9	1.510395000E-5
1.420213333E+9	1.498531000E-5
1.420216667E+9	1.514570000E-5
1.420220000E+9	1.471914000E-5
1.420223333E+9	1.505097000E-5
1.420226667E+9	1.506954000E-5
1.420230000E+9	1.528835000E-5
1.420233333E+9	1.499259000E-5
1.420236667E+9	1.511126000E-5
1.420240000E+9	1.492758000E-5
1.420243333E+9	1.476068000E-5
1.420246667E+9	1.498808000E-5
1.420250000E+9	1.455849000E-5
1.420253333E+9	1.481062000E-5
1.420256667E+9	1.506261000E-5
1.420260000E+9	1.487653000E-5
1.420263333E+9	1.495269000E-5
1.420266667E+9	1.505542000E-5
1.420270000E+9	1.508617000E-5
1.420273333E+9	1.486443000E-5
1.420276667E+9	1.515331000E-5
1.420280000E+9	1.483731000E-5
1.420283333E+9	1.505843000E-5
1.420286667E+9	1.482131000E-5
1.420290000E+9	1.491208000E-5
1.420293333E+9	1.490362000E-5
1.420296667E+9	1.522753000E-5
1.420300000E+9	1.503048000E-5
1.420303333E+9	1.504774000E-5
1.420306667E+9	1.500456000E-5
1.420310000E+9	1.529896000E-5
1.420313333E+9	1.540211000E-5
1.420316667E+9	1.493274000E-5
1.420320000E+9	1.512117000E-5
1.420323333E+9	1.511772000E-5
1.420326667E+9	1.573566000E-5
1.420330000E+9	1.604966000E-5
1.420333333E+9	1.575351000E-5
1.420336667E+9	1.506377000E-5
1.420340000E+9	1.490845000E-5
1.420343333E+9	1.486823000E-5
1.420346667E+9	1.507482000E-5
1.420350000E+9	1.506351000E-5
1.420353333E+9	1.486649000E-5
1.420356667E+9	1.510388000E-5
1.420360000E+9	1.511102000E-5
1.420363333E+9	1.495310000E-5
1.420366667E+9	1.502550000E-5
1.420370000E+9	1.495193000E-5
1.420373333E+9	1.562253000E-5
1.420376667E+9	1.545424000E-5
1.420380000E+9	1.505365000E-5
1.420383333E+9	1.534670000E-5
1.420386667E+9	1.519497000E-5
1.420390000E+9	1.492607000E-5
1.420393333E+9	1.496039000E-5
1.420396667E+9	1.512708000E-5
1.420400000E+9	1.483425000E-5
1.420403333E+9	1.514976000E-5
1.420406667E+9	1.509889000E-5
1.420410000E+9	1.479429000E-5
1.420413333E+9	1.516833000E-5
1.420416667E+9	1.514136000E-5
1.420420000E+9	1.515252000E-5
1.420423333E+9	1.526356000E-5
1.420426667E+9	1.524778000E-5
1.420430000E+9	1.519211000E-5
1.420433333E+9	1.501165000E-5
1.420436667E+9	1.564793000E-5
1.420440000E+9	1.521345000E-5
1.420443333E+9	1.509258000E-5
1.420446667E+9	1.529053000E-5
1.420450000E+9	1.541667000E-5
1.420453333E+9	1.560480000E-5
1.420456667E+9	1.536758000E-5
1.420460000E+9	1.605038000E-5
1.420463333E+9	1.583598000E-5
1.420466667E+9	1.569711000E-5
1.420470000E+9	1.572396000E-5
1.420473333E+9	1.631710000E-5
1.420476667E+9	1.631187000E-5
1.420480000E+9	1.642037000E-5
1.420483333E+9	1.619956000E-5
1.420486667E+9	1.657829000E-5
1.420490000E+9	1.649632000E-5
1.420493333E+9	1.654504000E-5
1.420496667E+9	1.707515000E-5
1.420500000E+9	1.661697000E-5
1.420503333E+9	1.668103000E-5
1.420506667E+9	1.643580000E-5
1.420510000E+9	1.632479000E-5
1.420513333E+9	1.642061000E-5
1.420516667E+9	1.634755000E-5
1.420520000E+9	1.669627000E-5
1.420523333E+9	1.687643000E-5
1.420526667E+9	1.673981000E-5
1.420530000E+9	1.679248000E-5
1.420533333E+9	1.675463000E-5
1.420536667E+9	1.700869000E-5
1.420540000E+9	1.649998000E-5
1.420543333E+9	1.653455000E-5
1.420546667E+9	1.642118000E-5
1.420550000E+9	1.658298000E-5
1.420553333E+9	1.602214000E-5
1.420556667E+9	1.603791000E-5
1.420560000E+9	1.652177000E-5
1.420563333E+9	1.615705000E-5
1.420566667E+9	1.621999000E-5
1.420570000E+9	1.594695000E-5
1.420573333E+9	1.609768000E-5
1.420576667E+9	1.571974000E-5
1.420580000E+9	1.598671000E-5
1.420583333E+9	1.589256000E-5
1.420586667E+9	1.580118000E-5
1.420590000E+9	1.617792000E-5
1.420593333E+9	1.567411000E-5
1.420596667E+9	1.557495000E-5
1.420600000E+9	1.563887000E-5
1.420603333E+9	1.538064000E-5
1.420606667E+9	1.600053000E-5
1.420610000E+9	1.594982000E-5
1.420613333E+9	1.598798000E-5
1.420616667E+9	1.565575000E-5
1.420620000E+9	1.799677000E-5
1.420623333E+9	1.713725000E-5
1.420626667E+9	1.684385000E-5
1.420630000E+9	1.589676000E-5
1.420633333E+9	1.577495000E-5
1.420636667E+9	1.600730000E-5
1.420640000E+9	1.607770000E-5
1.420643333E+9	1.587315000E-5
1.420646667E+9	1.713501000E-5
1.420650000E+9	1.579896000E-5
1.420653333E+9	1.566566000E-5
1.420656667E+9	1.579838000E-5
1.420660000E+9	1.612836000E-5
1.420663333E+9	1.592798000E-5
1.420666667E+9	1.579948000E-5
1.420670000E+9	1.601007000E-5
1.420673333E+9	1.612244000E-5
1.420676667E+9	1.639009000E-5
1.420680000E+9	1.595233000E-5
1.420683333E+9	1.628154000E-5
1.420686667E+9	1.618356000E-5
1.420690000E+9	1.622408000E-5
1.420693333E+9	1.618381000E-5
1.420696667E+9	1.632838000E-5
1.420700000E+9	1.640615000E-5
1.420703333E+9	1.601538000E-5
1.420706667E+9	1.606404000E-5
1.420710000E+9	1.633498000E-5
1.420713333E+9	1.640145000E-5
1.420716667E+9	1.644924000E-5
1.420720000E+9	1.617182000E-5
1.420723333E+9	1.637644000E-5
1.420726667E+9	1.632951000E-5
1.420730000E+9	1.669229000E-5
1.420733333E+9	1.647685000E-5
1.420736667E+9	1.644334000E-5
1.420740000E+9	1.618457000E-5
1.420743333E+9	1.633978000E-5
1.420746667E+9	1.661256000E-5
1.420750000E+9	1.601187000E-5
1.420753333E+9	1.650908000E-5
1.420756667E+9	1.645246000E-5
1.420760000E+9	1.720338000E-5
1.420763333E+9	1.626248000E-5
1.420766667E+9	1.618692000E-5
1.420770000E+9	1.591236000E-5
1.420773333E+9	1.601799000E-5
1.420776667E+9	1.659950000E-5
1.420780000E+9	1.635167000E-5
1.420783333E+9	1.638705000E-5
1.420786667E+9	1.603028000E-5
1.420790000E+9	1.622136000E-5
1.420793333E+9	1.663748000E-5
1.420796667E+9	1.744602000E-5
1.420800000E+9	1.614276000E-5
1.420803333E+9	1.605186000E-5
1.420806667E+9	1.606782000E-5
1.420810000E+9	1.592536000E-5
1.420813333E+9	1.596931000E-5
1.420816667E+9	1.572482000E-5
1.420820000E+9	1.551441000E-5
1.420823333E+9	1.627953000E-5
1.420826667E+9	1.573385000E-5
1.420830000E+9	1.560035000E-5
1.420833333E+9	1.551995000E-5
1.420836667E+9	1.560542000E-5
1.420840000E+9	1.573674000E-5
1.420843333E+9	1.522959000E-5
1.420846667E+9	1.564940000E-5
1.420850000E+9	1.551964000E-5
1.420853333E+9	1.538946000E-5
1.420856667E+9	1.501191000E-5
1.420860000E+9	1.551824000E-5
1.420863333E+9	1.563394000E-5
1.420866667E+9	1.530719000E-5
1.420870000E+9	1.561231000E-5
1.420873333E+9	1.537992000E-5
1.420876667E+9	1.505418000E-5
1.420880000E+9	1.535734000E-5
1.420883333E+9	1.554710000E-5
1.420886667E+9	1.565345000E-5
1.420890000E+9	1.551528000E-5
1.420893333E+9	1.542070000E-5
1.420896667E+9	1.557738000E-5
1.420900000E+9	1.555058000E-5
1.420903333E+9	1.545367000E-5
1.420906667E+9	1.626604000E-5
1.420910000E+9	1.609511000E-5
1.420913333E+9	2.195270000E-5
1.420916667E+9	1.857813000E-5
1.420920000E+9	1.870190000E-5
1.420923333E+9	1.553495000E-5
1.420926667E+9	1.550013000E-5
1.420930000E+9	1.580361000E-5
1.420933333E+9	1.544380000E-5
1.420936667E+9	1.560847000E-5
1.420940000E+9	1.539575000E-5
1.420943333E+9	1.571835000E-5
1.420946667E+9	1.607627000E-5
1.420950000E+9	1.515110000E-5
1.420953333E+9	1.515794000E-5
1.420956667E+9	1.507976000E-5
1.420960000E+9	1.531713000E-5
1.420963333E+9	1.526557000E-5
1.420966667E+9	1.555536000E-5
1.420970000E+9	1.576420000E-5
1.420973333E+9	1.563361000E-5
1.420976667E+9	1.554814000E-5
1.420980000E+9	1.501750000E-5
1.420983333E+9	1.511950000E-5
1.420986667E+9	1.548169000E-5
1.420990000E+9	1.551664000E-5
1.420993333E+9	1.533128000E-5
1.420996667E+9	1.518259000E-5
1.421000000E+9	1.515388000E-5
1.421003333E+9	1.538814000E-5
1.421006667E+9	1.512909000E-5
1.421010000E+9	1.522566000E-5
1.421013333E+9	1.517199000E-5
1.421016667E+9	1.541977000E-5
1.421020000E+9	1.535653000E-5
1.421023333E+9	1.534654000E-5
1.421026667E+9	1.523489000E-5
1.421030000E+9	1.527970000E-5
1.421033333E+9	1.498808000E-5
1.421036667E+9	1.532059000E-5
1.421040000E+9	1.533741000E-5
1.421043333E+9	1.512644000E-5
1.421046667E+9	1.507707000E-5
1.421050000E+9	1.495666000E-5
1.421053333E+9	1.514054000E-5
1.421056667E+9	1.576338000E-5
1.421060000E+9	1.554591000E-5
1.421063333E+9	1.515144000E-5
1.421066667E+9	1.505484000E-5
1.421070000E+9	1.480748000E-5
1.421073333E+9	1.459893000E-5
1.421076667E+9	1.507421000E-5
1.421080000E+9	1.474385000E-5
1.421083333E+9	1.477245000E-5
1.421086667E+9	1.500430000E-5
1.421090000E+9	1.506127000E-5
1.421093333E+9	1.523115000E-5
1.421096667E+9	1.544193000E-5
1.421100000E+9	1.511287000E-5
1.421103333E+9	1.520249000E-5
1.421106667E+9	1.522075000E-5
1.421110000E+9	1.482460000E-5
1.421113333E+9	1.515739000E-5
1.421116667E+9	1.550062000E-5
1.421120000E+9	1.517759000E-5
1.421123333E+9	1.499341000E-5
1.421126667E+9	1.504392000E-5
1.421130000E+9	1.545234000E-5
1.421133333E+9	1.518214000E-5
1.421136667E+9	1.492204000E-5
1.421140000E+9	1.515331000E-5
1.421143333E+9	1.499440000E-5
1.421146667E+9	1.506906000E-5
1.421150000E+9	1.505945000E-5
1.421153333E+9	1.488313000E-5
1.421156667E+9	1.499265000E-5
1.421160000E+9	1.530753000E-5
1.421163333E+9	1.497788000E-5
1.421166667E+9	1.494604000E-5
1.421170000E+9	1.510421000E-5
1.421173333E+9	1.479490000E-5
1.421176667E+9	1.536625000E-5
1.421180000E+9	1.565417000E-5
1.421183333E+9	1.492895000E-5
1.421186667E+9	1.516488000E-5
1.421190000E+9	1.521594000E-5
1.421193333E+9	1.526594000E-5
1.421196667E+9	1.540907000E-5
1.421200000E+9	1.513350000E-5
1.421203333E+9	1.528252000E-5
1.421206667E+9	1.821281000E-5
1.421210000E+9	1.616637000E-5
1.421213333E+9	1.636018000E-5
1.421216667E+9	1.509602000E-5
1.421220000E+9	1.487695000E-5
1.421223333E+9	1.487364000E-5
1.421226667E+9	1.489107000E-5
1.421230000E+9	1.472916000E-5
1.421233333E+9	1.499506000E-5
1.421236667E+9	1.477924000E-5
1.421240000E+9	1.478230000E-5
1.421243333E+9	1.535318000E-5
1.421246667E+9	1.503509000E-5
1.421250000E+9	1.478368000E-5
1.421253333E+9	1.508193000E-5
1.421256667E+9	1.501127000E-5
1.421260000E+9	1.486629000E-5
1.421263333E+9	1.484220000E-5
1.421266667E+9	1.486258000E-5
1.421270000E+9	1.506466000E-5
1.421273333E+9	1.502261000E-5
1.421276667E+9	1.506829000E-5
1.421280000E+9	1.542769000E-5
1.421283333E+9	1.520777000E-5
1.421286667E+9	1.488514000E-5
1.421290000E+9	1.491666000E-5
1.421293333E+9	1.466610000E-5
1.421296667E+9	1.542392000E-5
1.421300000E+9	1.497527000E-5
1.421303333E+9	1.490648000E-5
1.421306667E+9	1.505707000E-5
1.421310000E+9	1.487582000E-5
1.421313333E+9	1.509234000E-5
1.421316667E+9	1.514094000E-5
1.421320000E+9	1.464733000E-5
1.421323333E+9	1.471617000E-5
1.421326667E+9	1.488568000E-5
1.421330000E+9	1.476678000E-5
1.421333333E+9	1.498104000E-5
1.421336667E+9	1.479112000E-5
1.421340000E+9	1.490262000E-5
1.421343333E+9	1.486006000E-5
1.421346667E+9	1.483686000E-5
1.421350000E+9	1.484416000E-5
1.421353333E+9	1.504085000E-5
1.421356667E+9	1.536100000E-5
1.421360000E+9	1.476430000E-5
1.421363333E+9	1.493390000E-5
1.421366667E+9	1.573497000E-5
1.421370000E+9	1.500178000E-5
1.421373333E+9	1.528882000E-5
1.421376667E+9	1.510246000E-5
1.421380000E+9	1.499209000E-5
1.421383333E+9	1.476368000E-5
1.421386667E+9	1.512921000E-5
1.421390000E+9	1.519537000E-5
1.421393333E+9	1.530899000E-5
1.421396667E+9	1.470577000E-5
1.421400000E+9	1.484373000E-5
