Frequency, Hz	Amplitude, Volts
1.419400000E+9	2.294342000E-5
1.419403333E+9	2.313544000E-5
1.419406667E+9	2.270737000E-5
1.419410000E+9	2.259982000E-5
1.419413333E+9	2.274235000E-5
1.419416667E+9	2.307889000E-5
1.419420000E+9	2.271061000E-5
1.419423333E+9	2.283087000E-5
1.419426667E+9	2.271847000E-5
1.419430000E+9	2.240230000E-5
1.419433333E+9	2.259077000E-5
1.419436667E+9	2.250634000E-5
1.419440000E+9	2.290939000E-5
1.419443333E+9	2.293481000E-5
1.419446667E+9	2.385722000E-5
1.419450000E+9	2.426963000E-5
1.419453333E+9	2.620583000E-5
1.419456667E+9	2.460896000E-5
1.419460000E+9	2.292506000E-5
1.419463333E+9	2.275924000E-5
1.419466667E+9	2.242275000E-5
1.419470000E+9	2.260573000E-5
1.419473333E+9	2.264692000E-5
1.419476667E+9	2.287144000E-5
1.419480000E+9	2.262547000E-5
1.419483333E+9	2.207505000E-5
1.419486667E+9	2.247898000E-5
1.419490000E+9	2.224419000E-5
1.419493333E+9	2.276694000E-5
1.419496667E+9	2.283197000E-5
1.419500000E+9	2.256702000E-5
1.419503333E+9	2.219567000E-5
1.419506667E+9	2.286915000E-5
1.419510000E+9	2.263474000E-5
1.419513333E+9	2.211214000E-5
1.419516667E+9	2.219442000E-5
1.419520000E+9	2.256793000E-5
1.419523333E+9	2.267483000E-5
1.419526667E+9	2.234771000E-5
1.419530000E+9	2.251554000E-5
1.419533333E+9	2.243837000E-5
1.419536667E+9	2.216719000E-5
1.419540000E+9	2.232118000E-5
1.419543333E+9	2.225631000E-5
1.419546667E+9	2.274545000E-5
1.419550000E+9	2.294135000E-5
1.419553333E+9	2.240924000E-5
1.419556667E+9	2.197725000E-5
1.419560000E+9	2.234956000E-5
1.419563333E+9	2.297127000E-5
1.419566667E+9	2.237924000E-5
1.419570000E+9	2.222124000E-5
1.419573333E+9	2.224695000E-5
1.419576667E+9	2.207793000E-5
1.419580000E+9	2.286915000E-5
1.419583333E+9	2.202147000E-5
1.419586667E+9	2.262360000E-5
1.419590000E+9	2.237784000E-5
1.419593333E+9	2.206921000E-5
1.419596667E+9	2.209403000E-5
1.419600000E+9	2.216766000E-5
1.419603333E+9	2.297728000E-5
1.419606667E+9	2.252177000E-5
1.419610000E+9	2.293337000E-5
1.419613333E+9	2.239613000E-5
1.419616667E+9	2.237067000E-5
1.419620000E+9	2.220768000E-5
1.419623333E+9	2.214285000E-5
1.419626667E+9	2.234703000E-5
1.419630000E+9	2.224802000E-5
1.419633333E+9	2.259905000E-5
1.419636667E+9	2.203894000E-5
1.419640000E+9	2.306980000E-5
1.419643333E+9	2.185069000E-5
1.419646667E+9	2.249369000E-5
1.419650000E+9	2.186624000E-5
1.419653333E+9	2.213922000E-5
1.419656667E+9	2.230158000E-5
1.419660000E+9	2.254871000E-5
1.419663333E+9	2.213239000E-5
1.419666667E+9	2.271455000E-5
1.419670000E+9	2.295524000E-5
1.419673333E+9	2.245665000E-5
1.419676667E+9	2.268905000E-5
1.419680000E+9	2.259965000E-5
1.419683333E+9	2.220610000E-5
1.419686667E+9	2.220149000E-5
1.419690000E+9	2.235113000E-5
1.419693333E+9	2.212340000E-5
1.419696667E+9	2.247296000E-5
1.419700000E+9	2.222268000E-5
1.419703333E+9	2.221539000E-5
1.419706667E+9	2.237996000E-5
1.419710000E+9	2.272096000E-5
1.419713333E+9	2.236347000E-5
1.419716667E+9	2.251801000E-5
1.419720000E+9	2.245658000E-5
1.419723333E+9	2.261248000E-5
1.419726667E+9	2.217883000E-5
1.419730000E+9	2.290977000E-5
1.419733333E+9	2.648022000E-5
1.419736667E+9	2.210667000E-5
1.419740000E+9	2.329777000E-5
1.419743333E+9	2.334540000E-5
1.419746667E+9	2.601433000E-5
1.419750000E+9	2.349596000E-5
1.419753333E+9	2.301020000E-5
1.419756667E+9	2.281706000E-5
1.419760000E+9	2.234330000E-5
1.419763333E+9	2.231895000E-5
1.419766667E+9	2.242253000E-5
1.419770000E+9	2.220598000E-5
1.419773333E+9	2.248014000E-5
1.419776667E+9	2.236220000E-5
1.419780000E+9	2.236291000E-5
1.419783333E+9	2.265308000E-5
1.419786667E+9	2.198869000E-5
1.419790000E+9	2.680198000E-5
1.419793333E+9	3.080257000E-5
1.419796667E+9	2.253723000E-5
1.419800000E+9	2.245690000E-5
1.419803333E+9	2.219430000E-5
1.419806667E+9	2.243837000E-5
1.419810000E+9	2.195433000E-5
1.419813333E+9	2.180573000E-5
1.419816667E+9	2.224136000E-5
1.419820000E+9	2.245870000E-5
1.419823333E+9	2.230036000E-5
1.419826667E+9	2.215673000E-5
1.419830000E+9	2.219859000E-5
1.419833333E+9	2.247185000E-5
1.419836667E+9	2.182290000E-5
1.419840000E+9	2.216990000E-5
1.419843333E+9	2.257681000E-5
1.419846667E+9	2.243728000E-5
1.419850000E+9	2.229128000E-5
1.419853333E+9	2.258886000E-5
1.419856667E+9	2.202009000E-5
1.419860000E+9	2.212523000E-5
1.419863333E+9	2.252083000E-5
1.419866667E+9	2.249725000E-5
1.419870000E+9	2.229566000E-5
1.419873333E+9	2.198036000E-5
1.419876667E+9	2.222107000E-5
1.419880000E+9	2.227119000E-5
1.419883333E+9	2.214623000E-5
1.419886667E+9	2.242992000E-5
1.419890000E+9	2.249312000E-5
1.419893333E+9	2.212554000E-5
1.419896667E+9	2.234278000E-5
1.419900000E+9	2.225836000E-5
1.419903333E+9	2.281811000E-5
1.419906667E+9	2.203804000E-5
1.419910000E+9	2.241714000E-5
1.419913333E+9	2.255768000E-5
1.419916667E+9	2.255079000E-5
1.419920000E+9	2.206080000E-5
1.419923333E+9	2.202527000E-5
1.419926667E+9	2.239515000E-5
1.419930000E+9	2.177070000E-5
1.419933333E+9	2.175735000E-5
1.419936667E+9	2.225873000E-5
1.419940000E+9	2.202749000E-5
1.419943333E+9	2.197018000E-5
1.419946667E+9	2.216948000E-5
1.419950000E+9	2.231618000E-5
1.419953333E+9	2.194436000E-5
1.419956667E+9	2.248819000E-5
1.419960000E+9	2.226887000E-5
1.419963333E+9	2.233879000E-5
1.419966667E+9	2.230775000E-5
1.419970000E+9	2.239527000E-5
1.419973333E+9	2.245752000E-5
1.419976667E+9	2.286807000E-5
1.419980000E+9	2.357262000E-5
1.419983333E+9	2.229923000E-5
1.419986667E+9	2.202965000E-5
1.419990000E+9	2.237959000E-5
1.419993333E+9	2.205695000E-5
1.419996667E+9	2.258052000E-5
1.420000000E+9	2.265734000E-5
1.420003333E+9	2.284238000E-5
1.420006667E+9	2.223630000E-5
1.420010000E+9	2.229118000E-5
1.420013333E+9	2.247170000E-5
1.420016667E+9	2.238470000E-5
1.420020000E+9	2.233140000E-5
1.420023333E+9	2.228790000E-5
1.420026667E+9	2.254158000E-5
1.420030000E+9	2.199530000E-5
1.420033333E+9	2.326301000E-5
1.420036667E+9	2.310602000E-5
1.420040000E+9	2.594971000E-5
1.420043333E+9	2.259228000E-5
1.420046667E+9	2.262291000E-5
1.420050000E+9	2.264955000E-5
1.420053333E+9	2.267224000E-5
1.420056667E+9	2.252963000E-5
1.420060000E+9	2.231927000E-5
1.420063333E+9	2.214511000E-5
1.420066667E+9	2.225787000E-5
1.420070000E+9	2.229510000E-5
1.420073333E+9	2.229985000E-5
1.420076667E+9	2.240147000E-5
1.420080000E+9	2.209813000E-5
1.420083333E+9	2.202628000E-5
1.420086667E+9	2.221402000E-5
1.420090000E+9	2.230036000E-5
1.420093333E+9	2.229774000E-5
1.420096667E+9	2.264040000E-5
1.420100000E+9	2.243558000E-5
1.420103333E+9	2.232790000E-5
1.420106667E+9	2.203448000E-5
1.420110000E+9	2.218341000E-5
1.420113333E+9	2.229426000E-5
1.420116667E+9	2.236409000E-5
1.420120000E+9	2.204155000E-5
1.420123333E+9	2.225704000E-5
1.420126667E+9	2.269072000E-5
1.420130000E+9	2.192596000E-5
1.420133333E+9	2.221002000E-5
1.420136667E+9	2.199528000E-5
1.420140000E+9	2.215722000E-5
1.420143333E+9	2.171923000E-5
1.420146667E+9	2.215167000E-5
1.420150000E+9	2.215143000E-5
1.420153333E+9	2.247024000E-5
1.420156667E+9	2.234602000E-5
1.420160000E+9	2.199629000E-5
1.420163333E+9	2.244517000E-5
1.420166667E+9	2.199888000E-5
1.420170000E+9	2.212770000E-5
1.420173333E+9	2.240946000E-5
1.420176667E+9	2.191883000E-5
1.420180000E+9	2.210316000E-5
1.420183333E+9	2.172550000E-5
1.420186667E+9	2.244665000E-5
1.420190000E+9	2.224673000E-5
1.420193333E+9	2.258442000E-5
1.420196667E+9	2.265383000E-5
1.420200000E+9	2.256645000E-5
1.420203333E+9	2.241177000E-5
1.420206667E+9	2.208043000E-5
1.420210000E+9	2.214919000E-5
1.420213333E+9	2.181760000E-5
1.420216667E+9	2.205150000E-5
1.420220000E+9	2.226740000E-5
1.420223333E+9	2.212928000E-5
1.420226667E+9	2.230141000E-5
1.420230000E+9	2.225780000E-5
1.420233333E+9	2.204424000E-5
1.420236667E+9	2.229444000E-5
1.420240000E+9	2.198077000E-5
1.420243333E+9	2.204816000E-5
1.420246667E+9	2.209098000E-5
1.420250000E+9	2.228127000E-5
1.420253333E+9	2.225034000E-5
1.420256667E+9	2.217248000E-5
1.420260000E+9	2.206785000E-5
1.420263333E+9	2.252958000E-5
1.420266667E+9	2.221827000E-5
1.420270000E+9	2.246886000E-5
1.420273333E+9	2.224707000E-5
1.420276667E+9	2.241854000E-5
1.420280000E+9	2.191825000E-5
1.420283333E+9	2.158131000E-5
1.420286667E+9	2.252221000E-5
1.420290000E+9	2.166233000E-5
1.420293333E+9	2.211969000E-5
1.420296667E+9	2.241347000E-5
1.420300000E+9	2.216968000E-5
1.420303333E+9	2.298959000E-5
1.420306667E+9	2.223242000E-5
1.420310000E+9	2.221861000E-5
1.420313333E+9	2.264838000E-5
1.420316667E+9	2.225369000E-5
1.420320000E+9	2.179905000E-5
1.420323333E+9	2.181150000E-5
1.420326667E+9	2.287031000E-5
1.420330000E+9	2.267010000E-5
1.420333333E+9	2.617500000E-5
1.420336667E+9	2.266418000E-5
1.420340000E+9	2.250422000E-5
1.420343333E+9	2.228790000E-5
1.420346667E+9	2.207575000E-5
1.420350000E+9	2.230871000E-5
1.420353333E+9	2.184529000E-5
1.420356667E+9	2.198181000E-5
1.420360000E+9	2.211614000E-5
1.420363333E+9	2.193178000E-5
1.420366667E+9	2.176784000E-5
1.420370000E+9	2.193518000E-5
1.420373333E+9	2.260315000E-5
1.420376667E+9	2.262470000E-5
1.420380000E+9	2.181820000E-5
1.420383333E+9	2.222315000E-5
1.420386667E+9	2.198140000E-5
1.420390000E+9	2.228805000E-5
1.420393333E+9	2.239239000E-5
1.420396667E+9	2.249952000E-5
1.420400000E+9	2.227244000E-5
1.420403333E+9	2.220481000E-5
1.420406667E+9	2.176289000E-5
1.420410000E+9	2.223003000E-5
1.420413333E+9	2.266000000E-5
1.420416667E+9	2.228024000E-5
1.420420000E+9	2.211537000E-5
1.420423333E+9	2.272406000E-5
1.420426667E+9	2.229605000E-5
1.420430000E+9	2.276593000E-5
1.420433333E+9	2.221917000E-5
1.420436667E+9	2.249644000E-5
1.420440000E+9	2.187143000E-5
1.420443333E+9	2.204937000E-5
1.420446667E+9	2.198536000E-5
1.420450000E+9	2.218736000E-5
1.420453333E+9	2.246356000E-5
1.420456667E+9	2.264925000E-5
1.420460000E+9	2.232143000E-5
1.420463333E+9	2.303838000E-5
1.420466667E+9	2.252031000E-5
1.420470000E+9	2.275349000E-5
1.420473333E+9	2.257034000E-5
1.420476667E+9	2.220427000E-5
1.420480000E+9	2.241128000E-5
1.420483333E+9	2.238367000E-5
1.420486667E+9	2.247032000E-5
1.420490000E+9	2.261126000E-5
1.420493333E+9	2.203342000E-5
1.420496667E+9	2.251615000E-5
1.420500000E+9	2.322095000E-5
1.420503333E+9	2.211279000E-5
1.420506667E+9	2.219871000E-5
1.420510000E+9	2.227048000E-5
1.420513333E+9	2.243117000E-5
1.420516667E+9	2.232768000E-5
1.420520000E+9	2.186470000E-5
1.420523333E+9	2.230332000E-5
1.420526667E+9	2.217065000E-5
1.420530000E+9	2.242758000E-5
1.420533333E+9	2.218930000E-5
1.420536667E+9	2.210228000E-5
1.420540000E+9	2.212647000E-5
1.420543333E+9	2.230318000E-5
1.420546667E+9	2.215870000E-5
1.420550000E+9	2.213857000E-5
1.420553333E+9	2.221344000E-5
1.420556667E+9	2.239168000E-5
1.420560000E+9	2.167959000E-5
1.420563333E+9	2.221961000E-5
1.420566667E+9	2.256523000E-5
1.420570000E+9	2.246393000E-5
1.420573333E+9	2.219179000E-5
1.420576667E+9	2.196313000E-5
1.420580000E+9	2.210677000E-5
1.420583333E+9	2.178742000E-5
1.420586667E+9	2.245056000E-5
1.420590000E+9	2.224028000E-5
1.420593333E+9	2.211857000E-5
1.420596667E+9	2.226533000E-5
1.420600000E+9	2.250234000E-5
1.420603333E+9	2.251185000E-5
1.420606667E+9	2.255129000E-5
1.420610000E+9	2.247387000E-5
1.420613333E+9	2.188449000E-5
1.420616667E+9	2.220222000E-5
1.420620000E+9	2.380423000E-5
1.420623333E+9	2.431182000E-5
1.420626667E+9	2.935044000E-5
1.420630000E+9	2.294675000E-5
1.420633333E+9	2.298868000E-5
1.420636667E+9	2.199501000E-5
1.420640000E+9	2.258950000E-5
1.420643333E+9	2.195152000E-5
1.420646667E+9	2.249108000E-5
1.420650000E+9	2.218531000E-5
1.420653333E+9	2.202510000E-5
1.420656667E+9	2.179615000E-5
1.420660000E+9	2.182292000E-5
1.420663333E+9	2.244024000E-5
1.420666667E+9	2.242859000E-5
1.420670000E+9	2.221761000E-5
1.420673333E+9	2.181133000E-5
1.420676667E+9	2.240742000E-5
1.420680000E+9	2.196702000E-5
1.420683333E+9	2.225611000E-5
1.420686667E+9	2.220832000E-5
1.420690000E+9	2.232150000E-5
1.420693333E+9	2.230999000E-5
1.420696667E+9	2.209978000E-5
1.420700000E+9	2.212642000E-5
1.420703333E+9	2.209396000E-5
1.420706667E+9	2.229395000E-5
1.420710000E+9	2.241291000E-5
1.420713333E+9	2.202653000E-5
1.420716667E+9	2.227244000E-5
1.420720000E+9	2.194983000E-5
1.420723333E+9	2.213101000E-5
1.420726667E+9	2.198005000E-5
1.420730000E+9	2.214160000E-5
1.420733333E+9	2.208111000E-5
1.420736667E+9	2.182702000E-5
1.420740000E+9	2.158043000E-5
1.420743333E+9	2.230401000E-5
1.420746667E+9	2.221468000E-5
1.420750000E+9	2.185002000E-5
1.420753333E+9	2.175450000E-5
1.420756667E+9	2.192333000E-5
1.420760000E+9	2.273576000E-5
1.420763333E+9	2.229510000E-5
1.420766667E+9	2.181677000E-5
1.420770000E+9	2.153227000E-5
1.420773333E+9	2.192018000E-5
1.420776667E+9	2.229103000E-5
1.420780000E+9	2.169766000E-5
1.420783333E+9	2.167654000E-5
1.420786667E+9	2.216977000E-5
1.420790000E+9	2.234882000E-5
1.420793333E+9	2.217613000E-5
1.420796667E+9	2.290549000E-5
1.420800000E+9	2.160760000E-5
1.420803333E+9	2.225948000E-5
1.420806667E+9	2.215792000E-5
1.420810000E+9	2.183177000E-5
1.420813333E+9	2.193183000E-5
1.420816667E+9	2.192290000E-5
1.420820000E+9	2.191219000E-5
1.420823333E+9	2.220008000E-5
1.420826667E+9	2.171844000E-5
1.420830000E+9	2.203107000E-5
1.420833333E+9	2.282671000E-5
1.420836667E+9	2.822370000E-5
1.420840000E+9	2.585245000E-5
1.420843333E+9	2.239394000E-5
1.420846667E+9	2.187524000E-5
1.420850000E+9	2.176836000E-5
1.420853333E+9	2.202377000E-5
1.420856667E+9	2.168368000E-5
1.420860000E+9	2.204913000E-5
1.420863333E+9	2.181332000E-5
1.420866667E+9	2.282380000E-5
1.420870000E+9	2.255644000E-5
1.420873333E+9	2.167104000E-5
1.420876667E+9	2.163336000E-5
1.420880000E+9	2.199284000E-5
1.420883333E+9	2.300848000E-5
1.420886667E+9	2.274048000E-5
1.420890000E+9	2.185729000E-5
1.420893333E+9	2.249095000E-5
1.420896667E+9	2.226623000E-5
1.420900000E+9	2.249303000E-5
1.420903333E+9	2.187188000E-5
1.420906667E+9	2.207715000E-5
1.420910000E+9	2.317152000E-5
1.420913333E+9	2.663032000E-5
1.420916667E+9	2.906235000E-5
1.420920000E+9	3.822830000E-5
1.420923333E+9	2.282463000E-5
1.420926667E+9	2.460555000E-5
1.420930000E+9	2.246099000E-5
1.420933333E+9	2.158610000E-5
1.420936667E+9	2.196846000E-5
1.420940000E+9	2.179022000E-5
1.420943333E+9	2.251094000E-5
1.420946667E+9	2.292977000E-5
1.420950000E+9	2.191277000E-5
1.420953333E+9	2.202503000E-5
1.420956667E+9	2.217898000E-5
1.420960000E+9	2.189353000E-5
1.420963333E+9	2.227276000E-5
1.420966667E+9	2.204124000E-5
1.420970000E+9	2.163935000E-5
1.420973333E+9	2.166474000E-5
1.420976667E+9	2.234899000E-5
1.420980000E+9	2.183237000E-5
1.420983333E+9	2.204925000E-5
1.420986667E+9	2.181176000E-5
1.420990000E+9	2.205196000E-5
1.420993333E+9	2.219671000E-5
1.420996667E+9	2.228763000E-5
1.421000000E+9	2.212700000E-5
1.421003333E+9	2.219179000E-5
1.421006667E+9	2.210119000E-5
1.421010000E+9	2.216963000E-5
1.421013333E+9	2.167540000E-5
1.421016667E+9	2.162849000E-5
1.421020000E+9	2.168061000E-5
1.421023333E+9	2.189961000E-5
1.421026667E+9	2.184767000E-5
1.421030000E+9	2.235081000E-5
1.421033333E+9	2.176354000E-5
1.421036667E+9	2.180838000E-5
1.421040000E+9	2.180525000E-5
1.421043333E+9	2.229201000E-5
1.421046667E+9	2.176227000E-5
1.421050000E+9	2.197628000E-5
1.421053333E+9	2.189687000E-5
1.421056667E+9	2.248779000E-5
1.421060000E+9	2.153515000E-5
1.421063333E+9	2.186977000E-5
1.421066667E+9	2.175854000E-5
1.421070000E+9	2.170850000E-5
1.421073333E+9	2.214705000E-5
1.421076667E+9	2.182793000E-5
1.421080000E+9	2.184589000E-5
1.421083333E+9	2.137060000E-5
1.421086667E+9	2.205908000E-5
1.421090000E+9	2.201062000E-5
1.421093333E+9	2.267254000E-5
1.421096667E+9	2.219930000E-5
1.421100000E+9	2.186394000E-5
1.421103333E+9	2.206809000E-5
1.421106667E+9	2.201855000E-5
1.421110000E+9	2.226247000E-5
1.421113333E+9	2.192341000E-5
1.421116667E+9	2.171379000E-5
1.421120000E+9	2.169685000E-5
1.421123333E+9	2.203891000E-5
1.421126667E+9	2.187126000E-5
1.421130000E+9	2.233783000E-5
1.421133333E+9	2.198622000E-5
1.421136667E+9	2.181744000E-5
1.421140000E+9	2.174949000E-5
1.421143333E+9	2.172169000E-5
1.421146667E+9	2.203882000E-5
1.421150000E+9	2.177161000E-5
1.421153333E+9	2.188855000E-5
1.421156667E+9	2.227489000E-5
1.421160000E+9	2.166676000E-5
1.421163333E+9	2.209199000E-5
1.421166667E+9	2.238971000E-5
1.421170000E+9	2.179527000E-5
1.421173333E+9	2.173364000E-5
1.421176667E+9	2.268532000E-5
1.421180000E+9	2.256833000E-5
1.421183333E+9	2.191222000E-5
1.421186667E+9	2.163006000E-5
1.421190000E+9	2.161817000E-5
1.421193333E+9	2.163305000E-5
1.421196667E+9	2.131263000E-5
1.421200000E+9	2.159788000E-5
1.421203333E+9	2.201615000E-5
1.421206667E+9	2.383760000E-5
1.421210000E+9	2.497655000E-5
1.421213333E+9	2.814167000E-5
1.421216667E+9	2.237971000E-5
1.421220000E+9	2.248473000E-5
1.421223333E+9	2.159985000E-5
1.421226667E+9	2.155552000E-5
1.421230000E+9	2.199219000E-5
1.421233333E+9	2.192492000E-5
1.421236667E+9	2.184340000E-5
1.421240000E+9	2.198753000E-5
1.421243333E+9	2.198362000E-5
1.421246667E+9	2.201449000E-5
1.421250000E+9	2.193371000E-5
1.421253333E+9	2.214160000E-5
1.421256667E+9	2.143495000E-5
1.421260000E+9	2.199997000E-5
1.421263333E+9	2.176937000E-5
1.421266667E+9	2.190911000E-5
1.421270000E+9	2.175331000E-5
1.421273333E+9	2.204845000E-5
1.421276667E+9	2.168711000E-5
1.421280000E+9	2.214212000E-5
1.421283333E+9	2.195675000E-5
1.421286667E+9	2.201533000E-5
1.421290000E+9	2.177439000E-5
1.421293333E+9	2.208639000E-5
1.421296667E+9	2.172941000E-5
1.421300000E+9	2.212046000E-5
1.421303333E+9	2.169206000E-5
1.421306667E+9	2.157254000E-5
1.421310000E+9	2.169880000E-5
1.421313333E+9	2.179185000E-5
1.421316667E+9	2.183843000E-5
1.421320000E+9	2.234975000E-5
1.421323333E+9	2.212688000E-5
1.421326667E+9	2.180247000E-5
1.421330000E+9	2.178228000E-5
1.421333333E+9	2.145666000E-5
1.421336667E+9	2.163949000E-5
1.421340000E+9	2.203550000E-5
1.421343333E+9	2.299212000E-5
1.421346667E+9	2.326403000E-5
1.421350000E+9	2.241630000E-5
1.421353333E+9	2.237082000E-5
1.421356667E+9	2.209192000E-5
1.421360000E+9	2.172476000E-5
1.421363333E+9	2.233013000E-5
1.421366667E+9	2.321820000E-5
1.421370000E+9	2.245877000E-5
1.421373333E+9	2.235255000E-5
1.421376667E+9	2.221295000E-5
1.421380000E+9	2.218882000E-5
1.421383333E+9	2.201925000E-5
1.421386667E+9	2.214029000E-5
1.421390000E+9	2.227745000E-5
1.421393333E+9	2.162412000E-5
1.421396667E+9	2.174128000E-5
1.421400000E+9	2.204513000E-5
