Frequency, Hz	Amplitude, Volts
1.419400000E+9	1.720327000E-5
1.419403333E+9	1.698641000E-5
1.419406667E+9	1.702145000E-5
1.419410000E+9	1.726046000E-5
1.419413333E+9	1.706147000E-5
1.419416667E+9	1.715769000E-5
1.419420000E+9	1.685575000E-5
1.419423333E+9	1.702121000E-5
1.419426667E+9	1.680471000E-5
1.419430000E+9	1.707422000E-5
1.419433333E+9	1.737125000E-5
1.419436667E+9	1.722497000E-5
1.419440000E+9	1.709374000E-5
1.419443333E+9	1.706297000E-5
1.419446667E+9	1.735685000E-5
1.419450000E+9	1.859797000E-5
1.419453333E+9	1.760496000E-5
1.419456667E+9	1.717907000E-5
1.419460000E+9	1.745679000E-5
1.419463333E+9	1.690816000E-5
1.419466667E+9	1.686400000E-5
1.419470000E+9	1.708509000E-5
1.419473333E+9	1.714404000E-5
1.419476667E+9	1.718222000E-5
1.419480000E+9	1.734243000E-5
1.419483333E+9	1.710429000E-5
1.419486667E+9	1.709372000E-5
1.419490000E+9	1.687313000E-5
1.419493333E+9	1.726296000E-5
1.419496667E+9	1.704462000E-5
1.419500000E+9	1.731547000E-5
1.419503333E+9	1.739384000E-5
1.419506667E+9	1.711506000E-5
1.419510000E+9	1.697727000E-5
1.419513333E+9	1.671781000E-5
1.419516667E+9	1.692644000E-5
1.419520000E+9	1.708052000E-5
1.419523333E+9	1.731207000E-5
1.419526667E+9	1.731720000E-5
1.419530000E+9	1.716798000E-5
1.419533333E+9	1.710349000E-5
1.419536667E+9	1.722856000E-5
1.419540000E+9	1.741811000E-5
1.419543333E+9	1.724275000E-5
1.419546667E+9	1.697381000E-5
1.419550000E+9	1.699204000E-5
1.419553333E+9	1.699182000E-5
1.419556667E+9	1.698814000E-5
1.419560000E+9	1.725000000E-5
1.419563333E+9	1.684722000E-5
1.419566667E+9	1.688184000E-5
1.419570000E+9	1.732110000E-5
1.419573333E+9	1.731378000E-5
1.419576667E+9	1.696434000E-5
1.419580000E+9	1.709447000E-5
1.419583333E+9	1.685984000E-5
1.419586667E+9	1.668944000E-5
1.419590000E+9	1.743757000E-5
1.419593333E+9	1.676056000E-5
1.419596667E+9	1.697574000E-5
1.419600000E+9	1.736964000E-5
1.419603333E+9	1.690508000E-5
1.419606667E+9	1.680026000E-5
1.419610000E+9	1.679016000E-5
1.419613333E+9	1.695274000E-5
1.419616667E+9	1.738779000E-5
1.419620000E+9	1.717814000E-5
1.419623333E+9	1.659251000E-5
1.419626667E+9	1.681994000E-5
1.419630000E+9	1.672993000E-5
1.419633333E+9	1.675382000E-5
1.419636667E+9	1.727100000E-5
1.419640000E+9	1.714301000E-5
1.419643333E+9	1.681676000E-5
1.419646667E+9	1.708324000E-5
1.419650000E+9	1.707274000E-5
1.419653333E+9	1.726823000E-5
1.419656667E+9	1.678522000E-5
1.419660000E+9	1.712982000E-5
1.419663333E+9	1.702310000E-5
1.419666667E+9	1.695890000E-5
1.419670000E+9	1.679045000E-5
1.419673333E+9	1.659713000E-5
1.419676667E+9	1.704526000E-5
1.419680000E+9	1.678735000E-5
1.419683333E+9	1.682252000E-5
1.419686667E+9	1.686624000E-5
1.419690000E+9	1.645884000E-5
1.419693333E+9	1.665857000E-5
1.419696667E+9	1.697860000E-5
1.419700000E+9	1.740485000E-5
1.419703333E+9	1.699465000E-5
1.419706667E+9	1.639134000E-5
1.419710000E+9	1.714306000E-5
1.419713333E+9	1.737853000E-5
1.419716667E+9	1.664970000E-5
1.419720000E+9	1.687954000E-5
1.419723333E+9	1.715206000E-5
1.419726667E+9	1.744395000E-5
1.419730000E+9	1.724953000E-5
1.419733333E+9	1.731047000E-5
1.419736667E+9	1.690779000E-5
1.419740000E+9	1.734990000E-5
1.419743333E+9	1.856357000E-5
1.419746667E+9	1.756256000E-5
1.419750000E+9	1.724839000E-5
1.419753333E+9	1.660784000E-5
1.419756667E+9	1.682230000E-5
1.419760000E+9	1.721079000E-5
1.419763333E+9	1.684720000E-5
1.419766667E+9	1.753672000E-5
1.419770000E+9	1.714634000E-5
1.419773333E+9	1.691004000E-5
1.419776667E+9	1.688160000E-5
1.419780000E+9	1.718643000E-5
1.419783333E+9	1.720614000E-5
1.419786667E+9	1.704754000E-5
1.419790000E+9	1.693165000E-5
1.419793333E+9	1.710910000E-5
1.419796667E+9	1.734083000E-5
1.419800000E+9	1.717485000E-5
1.419803333E+9	1.698557000E-5
1.419806667E+9	1.700023000E-5
1.419810000E+9	1.707099000E-5
1.419813333E+9	1.731410000E-5
1.419816667E+9	1.708470000E-5
1.419820000E+9	1.729685000E-5
1.419823333E+9	1.704966000E-5
1.419826667E+9	1.703871000E-5
1.419830000E+9	1.723528000E-5
1.419833333E+9	1.732331000E-5
1.419836667E+9	1.682352000E-5
1.419840000E+9	1.694664000E-5
1.419843333E+9	1.734176000E-5
1.419846667E+9	1.713183000E-5
1.419850000E+9	1.700914000E-5
1.419853333E+9	1.711002000E-5
1.419856667E+9	1.727538000E-5
1.419860000E+9	1.735950000E-5
1.419863333E+9	1.733350000E-5
1.419866667E+9	1.687004000E-5
1.419870000E+9	1.781338000E-5
1.419873333E+9	1.707279000E-5
1.419876667E+9	1.710538000E-5
1.419880000E+9	1.714899000E-5
1.419883333E+9	1.714822000E-5
1.419886667E+9	1.710306000E-5
1.419890000E+9	1.705851000E-5
1.419893333E+9	1.701366000E-5
1.419896667E+9	1.676770000E-5
1.419900000E+9	1.732720000E-5
1.419903333E+9	1.679886000E-5
1.419906667E+9	1.705496000E-5
1.419910000E+9	1.689645000E-5
1.419913333E+9	1.741940000E-5
1.419916667E+9	1.687317000E-5
1.419920000E+9	1.709476000E-5
1.419923333E+9	1.728140000E-5
1.419926667E+9	1.711908000E-5
1.419930000E+9	1.678542000E-5
1.419933333E+9	1.688321000E-5
1.419936667E+9	1.712419000E-5
1.419940000E+9	1.682875000E-5
1.419943333E+9	1.697833000E-5
1.419946667E+9	1.706698000E-5
1.419950000E+9	1.712818000E-5
1.419953333E+9	1.681262000E-5
1.419956667E+9	1.710236000E-5
1.419960000E+9	1.703667000E-5
1.419963333E+9	1.697895000E-5
1.419966667E+9	1.672434000E-5
1.419970000E+9	1.694948000E-5
1.419973333E+9	1.698454000E-5
1.419976667E+9	1.694215000E-5
1.419980000E+9	1.716977000E-5
1.419983333E+9	1.709568000E-5
1.419986667E+9	1.708352000E-5
1.419990000E+9	1.686880000E-5
1.419993333E+9	1.728779000E-5
1.419996667E+9	1.707232000E-5
1.420000000E+9	1.746881000E-5
1.420003333E+9	1.757169000E-5
1.420006667E+9	1.709601000E-5
1.420010000E+9	1.688588000E-5
1.420013333E+9	1.707206000E-5
1.420016667E+9	1.683845000E-5
1.420020000E+9	1.702059000E-5
1.420023333E+9	1.699185000E-5
1.420026667E+9	1.706194000E-5
1.420030000E+9	1.721273000E-5
1.420033333E+9	1.732367000E-5
1.420036667E+9	1.790383000E-5
1.420040000E+9	1.741326000E-5
1.420043333E+9	1.689397000E-5
1.420046667E+9	1.702551000E-5
1.420050000E+9	1.737355000E-5
1.420053333E+9	1.708236000E-5
1.420056667E+9	1.708712000E-5
1.420060000E+9	1.708740000E-5
1.420063333E+9	1.676208000E-5
1.420066667E+9	1.707519000E-5
1.420070000E+9	1.714538000E-5
1.420073333E+9	1.726046000E-5
1.420076667E+9	1.689221000E-5
1.420080000E+9	1.697133000E-5
1.420083333E+9	1.718373000E-5
1.420086667E+9	1.733181000E-5
1.420090000E+9	1.744441000E-5
1.420093333E+9	1.737086000E-5
1.420096667E+9	1.690178000E-5
1.420100000E+9	1.708194000E-5
1.420103333E+9	1.703484000E-5
1.420106667E+9	1.714359000E-5
1.420110000E+9	1.697401000E-5
1.420113333E+9	1.691838000E-5
1.420116667E+9	1.719500000E-5
1.420120000E+9	1.722158000E-5
1.420123333E+9	1.764564000E-5
1.420126667E+9	1.742395000E-5
1.420130000E+9	1.697789000E-5
1.420133333E+9	1.701450000E-5
1.420136667E+9	1.699656000E-5
1.420140000E+9	1.702917000E-5
1.420143333E+9	1.685586000E-5
1.420146667E+9	1.724983000E-5
1.420150000E+9	1.722039000E-5
1.420153333E+9	1.707937000E-5
1.420156667E+9	1.731367000E-5
1.420160000E+9	1.736798000E-5
1.420163333E+9	1.765641000E-5
1.420166667E+9	1.750967000E-5
1.420170000E+9	1.758402000E-5
1.420173333E+9	1.718513000E-5
1.420176667E+9	1.727673000E-5
1.420180000E+9	1.755772000E-5
1.420183333E+9	1.731214000E-5
1.420186667E+9	1.768647000E-5
1.420190000E+9	1.743307000E-5
1.420193333E+9	1.726287000E-5
1.420196667E+9	1.751754000E-5
1.420200000E+9	1.725811000E-5
1.420203333E+9	1.746653000E-5
1.420206667E+9	1.718243000E-5
1.420210000E+9	1.766079000E-5
1.420213333E+9	1.736215000E-5
1.420216667E+9	1.729267000E-5
1.420220000E+9	1.768423000E-5
1.420223333E+9	1.764971000E-5
1.420226667E+9	1.750179000E-5
1.420230000E+9	1.747547000E-5
1.420233333E+9	1.767255000E-5
1.420236667E+9	1.812336000E-5
1.420240000E+9	1.769923000E-5
1.420243333E+9	1.792893000E-5
1.420246667E+9	1.842561000E-5
1.420250000E+9	1.770819000E-5
1.420253333E+9	1.802818000E-5
1.420256667E+9	1.802466000E-5
1.420260000E+9	1.749294000E-5
1.420263333E+9	1.817982000E-5
1.420266667E+9	1.857492000E-5
1.420270000E+9	1.798004000E-5
1.420273333E+9	1.777079000E-5
1.420276667E+9	1.796266000E-5
1.420280000E+9	1.805379000E-5
1.420283333E+9	1.804194000E-5
1.420286667E+9	1.794094000E-5
1.420290000E+9	1.779549000E-5
1.420293333E+9	1.827338000E-5
1.420296667E+9	1.796323000E-5
1.420300000E+9	1.776929000E-5
1.420303333E+9	1.824075000E-5
1.420306667E+9	1.804917000E-5
1.420310000E+9	1.858743000E-5
1.420313333E+9	1.852934000E-5
1.420316667E+9	1.844382000E-5
1.420320000E+9	1.852796000E-5
1.420323333E+9	1.826375000E-5
1.420326667E+9	1.895094000E-5
1.420330000E+9	1.974783000E-5
1.420333333E+9	1.867802000E-5
1.420336667E+9	1.831146000E-5
1.420340000E+9	1.833439000E-5
1.420343333E+9	1.840929000E-5
1.420346667E+9	1.803038000E-5
1.420350000E+9	1.758207000E-5
1.420353333E+9	1.751581000E-5
1.420356667E+9	1.779223000E-5
1.420360000E+9	1.747424000E-5
1.420363333E+9	1.730625000E-5
1.420366667E+9	1.708721000E-5
1.420370000E+9	1.703474000E-5
1.420373333E+9	1.658276000E-5
1.420376667E+9	1.690930000E-5
1.420380000E+9	1.723783000E-5
1.420383333E+9	1.678997000E-5
1.420386667E+9	1.668868000E-5
1.420390000E+9	1.677753000E-5
1.420393333E+9	1.701123000E-5
1.420396667E+9	1.673318000E-5
1.420400000E+9	1.688772000E-5
1.420403333E+9	1.693920000E-5
1.420406667E+9	1.679838000E-5
1.420410000E+9	1.684738000E-5
1.420413333E+9	1.668229000E-5
1.420416667E+9	1.702153000E-5
1.420420000E+9	1.665930000E-5
1.420423333E+9	1.681392000E-5
1.420426667E+9	1.661046000E-5
1.420430000E+9	1.693085000E-5
1.420433333E+9	1.686567000E-5
1.420436667E+9	1.701755000E-5
1.420440000E+9	1.696794000E-5
1.420443333E+9	1.681658000E-5
1.420446667E+9	1.688791000E-5
1.420450000E+9	1.703136000E-5
1.420453333E+9	1.697235000E-5
1.420456667E+9	1.684636000E-5
1.420460000E+9	1.679967000E-5
1.420463333E+9	1.675816000E-5
1.420466667E+9	1.698266000E-5
1.420470000E+9	1.684566000E-5
1.420473333E+9	1.669338000E-5
1.420476667E+9	1.673795000E-5
1.420480000E+9	1.733716000E-5
1.420483333E+9	1.721721000E-5
1.420486667E+9	1.669184000E-5
1.420490000E+9	1.724662000E-5
1.420493333E+9	1.686865000E-5
1.420496667E+9	1.726926000E-5
1.420500000E+9	1.697910000E-5
1.420503333E+9	1.724372000E-5
1.420506667E+9	1.697951000E-5
1.420510000E+9	1.683987000E-5
1.420513333E+9	1.695952000E-5
1.420516667E+9	1.698645000E-5
1.420520000E+9	1.705904000E-5
1.420523333E+9	1.696270000E-5
1.420526667E+9	1.684335000E-5
1.420530000E+9	1.713070000E-5
1.420533333E+9	1.683960000E-5
1.420536667E+9	1.678835000E-5
1.420540000E+9	1.696538000E-5
1.420543333E+9	1.684540000E-5
1.420546667E+9	1.695717000E-5
1.420550000E+9	1.695762000E-5
1.420553333E+9	1.688755000E-5
1.420556667E+9	1.683139000E-5
1.420560000E+9	1.670091000E-5
1.420563333E+9	1.663318000E-5
1.420566667E+9	1.666863000E-5
1.420570000E+9	1.646688000E-5
1.420573333E+9	1.659005000E-5
1.420576667E+9	1.658903000E-5
1.420580000E+9	1.666047000E-5
1.420583333E+9	1.665431000E-5
1.420586667E+9	1.662800000E-5
1.420590000E+9	1.696971000E-5
1.420593333E+9	1.674387000E-5
1.420596667E+9	1.615923000E-5
1.420600000E+9	1.725264000E-5
1.420603333E+9	1.763766000E-5
1.420606667E+9	1.692899000E-5
1.420610000E+9	1.668892000E-5
1.420613333E+9	1.666356000E-5
1.420616667E+9	1.665455000E-5
1.420620000E+9	1.758093000E-5
1.420623333E+9	1.785814000E-5
1.420626667E+9	1.708168000E-5
1.420630000E+9	1.649540000E-5
1.420633333E+9	1.643989000E-5
1.420636667E+9	1.680008000E-5
1.420640000E+9	1.667608000E-5
1.420643333E+9	1.666104000E-5
1.420646667E+9	1.667032000E-5
1.420650000E+9	1.680781000E-5
1.420653333E+9	1.655828000E-5
1.420656667E+9	1.658291000E-5
1.420660000E+9	1.647462000E-5
1.420663333E+9	1.631155000E-5
1.420666667E+9	1.654695000E-5
1.420670000E+9	1.636779000E-5
1.420673333E+9	1.613411000E-5
1.420676667E+9	1.635536000E-5
1.420680000E+9	1.625561000E-5
1.420683333E+9	1.619412000E-5
1.420686667E+9	1.602636000E-5
1.420690000E+9	1.636945000E-5
1.420693333E+9	1.656517000E-5
1.420696667E+9	1.621086000E-5
1.420700000E+9	1.662895000E-5
1.420703333E+9	1.668988000E-5
1.420706667E+9	1.649585000E-5
1.420710000E+9	1.643071000E-5
1.420713333E+9	1.612297000E-5
1.420716667E+9	1.605323000E-5
1.420720000E+9	1.642611000E-5
1.420723333E+9	1.624861000E-5
1.420726667E+9	1.643246000E-5
1.420730000E+9	1.643053000E-5
1.420733333E+9	1.653980000E-5
1.420736667E+9	1.657945000E-5
1.420740000E+9	1.628140000E-5
1.420743333E+9	1.658222000E-5
1.420746667E+9	1.631560000E-5
1.420750000E+9	1.647857000E-5
1.420753333E+9	1.612140000E-5
1.420756667E+9	1.648759000E-5
1.420760000E+9	1.621013000E-5
1.420763333E+9	1.637946000E-5
1.420766667E+9	1.646303000E-5
1.420770000E+9	1.638119000E-5
1.420773333E+9	1.627288000E-5
1.420776667E+9	1.630935000E-5
1.420780000E+9	1.645981000E-5
1.420783333E+9	1.649524000E-5
1.420786667E+9	1.623668000E-5
1.420790000E+9	1.646383000E-5
1.420793333E+9	1.663216000E-5
1.420796667E+9	1.621506000E-5
1.420800000E+9	1.622259000E-5
1.420803333E+9	1.618610000E-5
1.420806667E+9	1.650071000E-5
1.420810000E+9	1.645445000E-5
1.420813333E+9	1.638462000E-5
1.420816667E+9	1.660020000E-5
1.420820000E+9	1.614377000E-5
1.420823333E+9	1.633388000E-5
1.420826667E+9	1.659617000E-5
1.420830000E+9	1.630113000E-5
1.420833333E+9	1.642477000E-5
1.420836667E+9	1.660029000E-5
1.420840000E+9	1.640037000E-5
1.420843333E+9	1.635324000E-5
1.420846667E+9	1.657343000E-5
1.420850000E+9	1.598956000E-5
1.420853333E+9	1.610531000E-5
1.420856667E+9	1.654986000E-5
1.420860000E+9	1.647791000E-5
1.420863333E+9	1.608602000E-5
1.420866667E+9	1.625227000E-5
1.420870000E+9	1.629993000E-5
1.420873333E+9	1.625550000E-5
1.420876667E+9	1.649795000E-5
1.420880000E+9	1.591449000E-5
1.420883333E+9	1.685654000E-5
1.420886667E+9	1.615742000E-5
1.420890000E+9	1.644016000E-5
1.420893333E+9	1.602170000E-5
1.420896667E+9	1.600322000E-5
1.420900000E+9	1.651323000E-5
1.420903333E+9	1.646307000E-5
1.420906667E+9	1.640086000E-5
1.420910000E+9	1.664245000E-5
1.420913333E+9	2.005183000E-5
1.420916667E+9	1.961258000E-5
1.420920000E+9	1.862024000E-5
1.420923333E+9	1.645985000E-5
1.420926667E+9	1.664705000E-5
1.420930000E+9	1.633785000E-5
1.420933333E+9	1.616439000E-5
1.420936667E+9	1.649315000E-5
1.420940000E+9	1.630072000E-5
1.420943333E+9	1.628505000E-5
1.420946667E+9	1.627734000E-5
1.420950000E+9	1.606238000E-5
1.420953333E+9	1.649607000E-5
1.420956667E+9	1.629437000E-5
1.420960000E+9	1.657874000E-5
1.420963333E+9	1.635267000E-5
1.420966667E+9	1.642906000E-5
1.420970000E+9	1.658012000E-5
1.420973333E+9	1.643015000E-5
1.420976667E+9	1.618811000E-5
1.420980000E+9	1.666241000E-5
1.420983333E+9	1.656288000E-5
1.420986667E+9	1.631309000E-5
1.420990000E+9	1.660736000E-5
1.420993333E+9	1.671377000E-5
1.420996667E+9	1.648235000E-5
1.421000000E+9	1.615432000E-5
1.421003333E+9	1.641906000E-5
1.421006667E+9	1.642167000E-5
1.421010000E+9	1.633363000E-5
1.421013333E+9	1.615843000E-5
1.421016667E+9	1.637738000E-5
1.421020000E+9	1.631877000E-5
1.421023333E+9	1.630167000E-5
1.421026667E+9	1.653651000E-5
1.421030000E+9	1.652707000E-5
1.421033333E+9	1.618830000E-5
1.421036667E+9	1.628312000E-5
1.421040000E+9	1.655871000E-5
1.421043333E+9	1.662491000E-5
1.421046667E+9	1.623658000E-5
1.421050000E+9	1.629795000E-5
1.421053333E+9	1.653128000E-5
1.421056667E+9	1.612522000E-5
1.421060000E+9	1.611646000E-5
1.421063333E+9	1.649399000E-5
1.421066667E+9	1.666441000E-5
1.421070000E+9	1.656751000E-5
1.421073333E+9	1.644150000E-5
1.421076667E+9	1.642346000E-5
1.421080000E+9	1.623141000E-5
1.421083333E+9	1.621709000E-5
1.421086667E+9	1.609492000E-5
1.421090000E+9	1.614031000E-5
1.421093333E+9	1.618693000E-5
1.421096667E+9	1.635701000E-5
1.421100000E+9	1.677746000E-5
1.421103333E+9	1.614903000E-5
1.421106667E+9	1.658795000E-5
1.421110000E+9	1.658096000E-5
1.421113333E+9	1.629320000E-5
1.421116667E+9	1.631969000E-5
1.421120000E+9	1.631105000E-5
1.421123333E+9	1.629635000E-5
1.421126667E+9	1.649310000E-5
1.421130000E+9	1.650455000E-5
1.421133333E+9	1.648294000E-5
1.421136667E+9	1.631904000E-5
1.421140000E+9	1.655722000E-5
1.421143333E+9	1.664396000E-5
1.421146667E+9	1.628677000E-5
1.421150000E+9	1.602520000E-5
1.421153333E+9	1.623346000E-5
1.421156667E+9	1.623624000E-5
1.421160000E+9	1.632743000E-5
1.421163333E+9	1.675725000E-5
1.421166667E+9	1.685306000E-5
1.421170000E+9	1.624815000E-5
1.421173333E+9	1.653760000E-5
1.421176667E+9	1.660215000E-5
1.421180000E+9	1.675982000E-5
1.421183333E+9	1.642475000E-5
1.421186667E+9	1.633614000E-5
1.421190000E+9	1.667445000E-5
1.421193333E+9	1.664983000E-5
1.421196667E+9	1.650910000E-5
1.421200000E+9	1.642916000E-5
1.421203333E+9	1.654619000E-5
1.421206667E+9	1.773674000E-5
1.421210000E+9	1.753156000E-5
1.421213333E+9	1.735960000E-5
1.421216667E+9	1.665826000E-5
1.421220000E+9	1.654922000E-5
1.421223333E+9	1.666680000E-5
1.421226667E+9	1.621077000E-5
1.421230000E+9	1.707238000E-5
1.421233333E+9	1.684833000E-5
1.421236667E+9	1.618125000E-5
1.421240000E+9	1.653669000E-5
1.421243333E+9	1.625461000E-5
1.421246667E+9	1.637743000E-5
1.421250000E+9	1.627005000E-5
1.421253333E+9	1.629111000E-5
1.421256667E+9	1.639888000E-5
1.421260000E+9	1.619833000E-5
1.421263333E+9	1.617380000E-5
1.421266667E+9	1.628450000E-5
1.421270000E+9	1.614334000E-5
1.421273333E+9	1.670388000E-5
1.421276667E+9	1.614352000E-5
1.421280000E+9	1.635854000E-5
1.421283333E+9	1.656226000E-5
1.421286667E+9	1.655506000E-5
1.421290000E+9	1.702315000E-5
1.421293333E+9	1.652068000E-5
1.421296667E+9	1.688332000E-5
1.421300000E+9	1.696805000E-5
1.421303333E+9	1.630704000E-5
1.421306667E+9	1.627824000E-5
1.421310000E+9	1.650734000E-5
1.421313333E+9	1.685504000E-5
1.421316667E+9	1.642331000E-5
1.421320000E+9	1.620916000E-5
1.421323333E+9	1.685304000E-5
1.421326667E+9	1.643067000E-5
1.421330000E+9	1.653756000E-5
1.421333333E+9	1.668079000E-5
1.421336667E+9	1.669466000E-5
1.421340000E+9	1.669378000E-5
1.421343333E+9	1.673766000E-5
1.421346667E+9	1.665824000E-5
1.421350000E+9	1.661964000E-5
1.421353333E+9	1.649185000E-5
1.421356667E+9	1.645761000E-5
1.421360000E+9	1.689827000E-5
1.421363333E+9	1.743824000E-5
1.421366667E+9	1.932950000E-5
1.421370000E+9	1.728286000E-5
1.421373333E+9	1.661447000E-5
1.421376667E+9	1.657530000E-5
1.421380000E+9	1.645970000E-5
1.421383333E+9	1.630528000E-5
1.421386667E+9	1.664087000E-5
1.421390000E+9	1.663676000E-5
1.421393333E+9	1.636055000E-5
1.421396667E+9	1.641450000E-5
1.421400000E+9	1.657512000E-5
