Frequency, Hz	Amplitude, Volts
1.419400000E+9	1.586388000E-5
1.419403333E+9	1.617775000E-5
1.419406667E+9	1.592603000E-5
1.419410000E+9	1.564086000E-5
1.419413333E+9	1.682293000E-5
1.419416667E+9	1.609768000E-5
1.419420000E+9	1.582006000E-5
1.419423333E+9	1.585413000E-5
1.419426667E+9	1.569605000E-5
1.419430000E+9	1.604478000E-5
1.419433333E+9	1.615542000E-5
1.419436667E+9	1.596298000E-5
1.419440000E+9	1.702631000E-5
1.419443333E+9	1.623574000E-5
1.419446667E+9	1.628133000E-5
1.419450000E+9	1.741628000E-5
1.419453333E+9	1.752019000E-5
1.419456667E+9	1.659165000E-5
1.419460000E+9	1.594832000E-5
1.419463333E+9	1.594079000E-5
1.419466667E+9	1.570267000E-5
1.419470000E+9	1.564070000E-5
1.419473333E+9	1.573675000E-5
1.419476667E+9	1.557909000E-5
1.419480000E+9	1.582430000E-5
1.419483333E+9	1.564550000E-5
1.419486667E+9	1.597992000E-5
1.419490000E+9	1.583828000E-5
1.419493333E+9	1.560977000E-5
1.419496667E+9	1.619888000E-5
1.419500000E+9	1.594249000E-5
1.419503333E+9	1.596491000E-5
1.419506667E+9	1.588746000E-5
1.419510000E+9	1.585261000E-5
1.419513333E+9	1.549199000E-5
1.419516667E+9	1.581720000E-5
1.419520000E+9	1.559221000E-5
1.419523333E+9	1.585260000E-5
1.419526667E+9	1.564120000E-5
1.419530000E+9	1.572895000E-5
1.419533333E+9	1.585582000E-5
1.419536667E+9	1.591652000E-5
1.419540000E+9	1.607676000E-5
1.419543333E+9	1.605121000E-5
1.419546667E+9	1.584268000E-5
1.419550000E+9	1.602634000E-5
1.419553333E+9	1.578841000E-5
1.419556667E+9	1.575930000E-5
1.419560000E+9	1.571453000E-5
1.419563333E+9	1.598434000E-5
1.419566667E+9	1.591351000E-5
1.419570000E+9	1.580775000E-5
1.419573333E+9	1.594219000E-5
1.419576667E+9	1.596905000E-5
1.419580000E+9	1.580159000E-5
1.419583333E+9	1.591611000E-5
1.419586667E+9	1.568766000E-5
1.419590000E+9	1.603373000E-5
1.419593333E+9	1.600870000E-5
1.419596667E+9	1.561209000E-5
1.419600000E+9	1.607687000E-5
1.419603333E+9	1.622204000E-5
1.419606667E+9	1.618528000E-5
1.419610000E+9	1.569631000E-5
1.419613333E+9	1.577587000E-5
1.419616667E+9	1.593022000E-5
1.419620000E+9	1.588481000E-5
1.419623333E+9	1.598473000E-5
1.419626667E+9	1.590380000E-5
1.419630000E+9	1.593717000E-5
1.419633333E+9	1.586846000E-5
1.419636667E+9	1.559745000E-5
1.419640000E+9	1.608429000E-5
1.419643333E+9	1.560463000E-5
1.419646667E+9	1.592764000E-5
1.419650000E+9	1.586562000E-5
1.419653333E+9	1.581463000E-5
1.419656667E+9	1.586390000E-5
1.419660000E+9	1.570722000E-5
1.419663333E+9	1.608789000E-5
1.419666667E+9	1.576172000E-5
1.419670000E+9	1.615105000E-5
1.419673333E+9	1.593251000E-5
1.419676667E+9	1.581513000E-5
1.419680000E+9	1.581621000E-5
1.419683333E+9	1.598527000E-5
1.419686667E+9	1.564812000E-5
1.419690000E+9	1.588244000E-5
1.419693333E+9	1.593250000E-5
1.419696667E+9	1.587017000E-5
1.419700000E+9	1.584578000E-5
1.419703333E+9	1.598278000E-5
1.419706667E+9	1.641095000E-5
1.419710000E+9	1.649429000E-5
1.419713333E+9	1.631152000E-5
1.419716667E+9	1.592641000E-5
1.419720000E+9	1.588928000E-5
1.419723333E+9	1.578973000E-5
1.419726667E+9	1.596843000E-5
1.419730000E+9	1.594277000E-5
1.419733333E+9	1.847585000E-5
1.419736667E+9	1.674713000E-5
1.419740000E+9	1.609497000E-5
1.419743333E+9	1.680164000E-5
1.419746667E+9	1.751531000E-5
1.419750000E+9	1.705451000E-5
1.419753333E+9	1.596757000E-5
1.419756667E+9	1.580650000E-5
1.419760000E+9	1.598078000E-5
1.419763333E+9	1.584938000E-5
1.419766667E+9	1.588089000E-5
1.419770000E+9	1.581871000E-5
1.419773333E+9	1.598954000E-5
1.419776667E+9	1.619724000E-5
1.419780000E+9	1.593246000E-5
1.419783333E+9	1.584863000E-5
1.419786667E+9	1.605411000E-5
1.419790000E+9	1.595235000E-5
1.419793333E+9	1.598952000E-5
1.419796667E+9	1.586823000E-5
1.419800000E+9	1.549033000E-5
1.419803333E+9	1.553795000E-5
1.419806667E+9	1.592687000E-5
1.419810000E+9	1.605450000E-5
1.419813333E+9	1.582632000E-5
1.419816667E+9	1.601957000E-5
1.419820000E+9	1.588272000E-5
1.419823333E+9	1.620016000E-5
1.419826667E+9	1.554130000E-5
1.419830000E+9	1.586015000E-5
1.419833333E+9	1.608780000E-5
1.419836667E+9	1.588378000E-5
1.419840000E+9	1.571122000E-5
1.419843333E+9	1.568860000E-5
1.419846667E+9	1.552675000E-5
1.419850000E+9	1.578231000E-5
1.419853333E+9	1.605836000E-5
1.419856667E+9	1.583772000E-5
1.419860000E+9	1.630273000E-5
1.419863333E+9	1.595298000E-5
1.419866667E+9	1.590975000E-5
1.419870000E+9	1.568564000E-5
1.419873333E+9	1.598764000E-5
1.419876667E+9	1.589083000E-5
1.419880000E+9	1.596859000E-5
1.419883333E+9	1.583536000E-5
1.419886667E+9	1.592440000E-5
1.419890000E+9	1.552213000E-5
1.419893333E+9	1.574023000E-5
1.419896667E+9	1.625986000E-5
1.419900000E+9	1.642097000E-5
1.419903333E+9	1.565880000E-5
1.419906667E+9	1.561011000E-5
1.419910000E+9	1.560461000E-5
1.419913333E+9	1.620128000E-5
1.419916667E+9	1.569839000E-5
1.419920000E+9	1.604770000E-5
1.419923333E+9	1.588366000E-5
1.419926667E+9	1.576318000E-5
1.419930000E+9	1.610505000E-5
1.419933333E+9	1.607691000E-5
1.419936667E+9	1.609759000E-5
1.419940000E+9	1.607149000E-5
1.419943333E+9	1.567924000E-5
1.419946667E+9	1.597411000E-5
1.419950000E+9	1.588258000E-5
1.419953333E+9	1.608388000E-5
1.419956667E+9	1.616523000E-5
1.419960000E+9	1.551811000E-5
1.419963333E+9	1.609888000E-5
1.419966667E+9	1.589080000E-5
1.419970000E+9	1.610779000E-5
1.419973333E+9	1.638788000E-5
1.419976667E+9	1.610128000E-5
1.419980000E+9	1.578789000E-5
1.419983333E+9	1.625968000E-5
1.419986667E+9	1.656147000E-5
1.419990000E+9	1.643258000E-5
1.419993333E+9	1.608467000E-5
1.419996667E+9	1.604580000E-5
1.420000000E+9	1.735220000E-5
1.420003333E+9	1.887094000E-5
1.420006667E+9	1.595757000E-5
1.420010000E+9	1.632730000E-5
1.420013333E+9	1.618899000E-5
1.420016667E+9	1.639283000E-5
1.420020000E+9	1.654902000E-5
1.420023333E+9	1.631325000E-5
1.420026667E+9	1.718979000E-5
1.420030000E+9	1.683823000E-5
1.420033333E+9	1.660025000E-5
1.420036667E+9	1.706968000E-5
1.420040000E+9	1.774069000E-5
1.420043333E+9	1.667654000E-5
1.420046667E+9	1.684207000E-5
1.420050000E+9	1.676820000E-5
1.420053333E+9	1.662955000E-5
1.420056667E+9	1.634086000E-5
1.420060000E+9	1.678361000E-5
1.420063333E+9	1.686921000E-5
1.420066667E+9	1.658568000E-5
1.420070000E+9	1.660876000E-5
1.420073333E+9	1.690132000E-5
1.420076667E+9	1.705730000E-5
1.420080000E+9	1.667156000E-5
1.420083333E+9	1.682101000E-5
1.420086667E+9	1.698745000E-5
1.420090000E+9	1.652250000E-5
1.420093333E+9	1.674825000E-5
1.420096667E+9	1.711859000E-5
1.420100000E+9	1.733805000E-5
1.420103333E+9	1.695079000E-5
1.420106667E+9	1.646976000E-5
1.420110000E+9	1.642923000E-5
1.420113333E+9	1.693650000E-5
1.420116667E+9	1.678957000E-5
1.420120000E+9	1.695674000E-5
1.420123333E+9	1.699103000E-5
1.420126667E+9	1.684128000E-5
1.420130000E+9	1.716904000E-5
1.420133333E+9	1.713239000E-5
1.420136667E+9	1.649544000E-5
1.420140000E+9	1.669187000E-5
1.420143333E+9	1.678706000E-5
1.420146667E+9	1.681935000E-5
1.420150000E+9	1.685208000E-5
1.420153333E+9	1.717030000E-5
1.420156667E+9	1.714809000E-5
1.420160000E+9	1.719116000E-5
1.420163333E+9	1.680164000E-5
1.420166667E+9	1.710044000E-5
1.420170000E+9	1.699161000E-5
1.420173333E+9	1.696382000E-5
1.420176667E+9	1.705458000E-5
1.420180000E+9	1.675162000E-5
1.420183333E+9	1.699491000E-5
1.420186667E+9	1.685328000E-5
1.420190000E+9	1.730855000E-5
1.420193333E+9	1.751154000E-5
1.420196667E+9	1.748130000E-5
1.420200000E+9	1.715206000E-5
1.420203333E+9	1.702631000E-5
1.420206667E+9	1.729976000E-5
1.420210000E+9	1.714387000E-5
1.420213333E+9	1.734373000E-5
1.420216667E+9	1.737903000E-5
1.420220000E+9	1.754934000E-5
1.420223333E+9	1.732239000E-5
1.420226667E+9	1.737588000E-5
1.420230000E+9	1.739403000E-5
1.420233333E+9	1.734110000E-5
1.420236667E+9	1.760595000E-5
1.420240000E+9	1.744311000E-5
1.420243333E+9	1.731572000E-5
1.420246667E+9	1.747155000E-5
1.420250000E+9	1.724875000E-5
1.420253333E+9	1.718250000E-5
1.420256667E+9	1.721077000E-5
1.420260000E+9	1.745819000E-5
1.420263333E+9	1.728310000E-5
1.420266667E+9	1.720315000E-5
1.420270000E+9	1.737569000E-5
1.420273333E+9	1.721149000E-5
1.420276667E+9	1.727129000E-5
1.420280000E+9	1.744713000E-5
1.420283333E+9	1.704180000E-5
1.420286667E+9	1.695216000E-5
1.420290000E+9	1.741027000E-5
1.420293333E+9	1.746902000E-5
1.420296667E+9	1.776521000E-5
1.420300000E+9	1.739499000E-5
1.420303333E+9	1.706389000E-5
1.420306667E+9	1.777524000E-5
1.420310000E+9	1.763560000E-5
1.420313333E+9	1.729142000E-5
1.420316667E+9	1.718465000E-5
1.420320000E+9	1.822285000E-5
1.420323333E+9	1.733771000E-5
1.420326667E+9	1.777739000E-5
1.420330000E+9	1.829779000E-5
1.420333333E+9	1.869453000E-5
1.420336667E+9	1.792086000E-5
1.420340000E+9	1.747610000E-5
1.420343333E+9	1.776371000E-5
1.420346667E+9	1.786503000E-5
1.420350000E+9	1.756841000E-5
1.420353333E+9	1.764562000E-5
1.420356667E+9	1.751784000E-5
1.420360000E+9	1.720941000E-5
1.420363333E+9	1.768981000E-5
1.420366667E+9	1.730817000E-5
1.420370000E+9	1.716915000E-5
1.420373333E+9	1.687159000E-5
1.420376667E+9	1.681632000E-5
1.420380000E+9	1.669768000E-5
1.420383333E+9	1.698857000E-5
1.420386667E+9	1.635414000E-5
1.420390000E+9	1.678160000E-5
1.420393333E+9	1.619774000E-5
1.420396667E+9	1.620237000E-5
1.420400000E+9	1.603470000E-5
1.420403333E+9	1.606556000E-5
1.420406667E+9	1.606334000E-5
1.420410000E+9	1.602507000E-5
1.420413333E+9	1.625254000E-5
1.420416667E+9	1.623376000E-5
1.420420000E+9	1.625738000E-5
1.420423333E+9	1.599168000E-5
1.420426667E+9	1.637991000E-5
1.420430000E+9	1.627979000E-5
1.420433333E+9	1.587059000E-5
1.420436667E+9	1.604981000E-5
1.420440000E+9	1.619006000E-5
1.420443333E+9	1.647742000E-5
1.420446667E+9	1.619340000E-5
1.420450000E+9	1.603071000E-5
1.420453333E+9	1.623241000E-5
1.420456667E+9	1.644507000E-5
1.420460000E+9	1.613314000E-5
1.420463333E+9	1.610995000E-5
1.420466667E+9	1.594296000E-5
1.420470000E+9	1.617528000E-5
1.420473333E+9	1.636016000E-5
1.420476667E+9	1.633530000E-5
1.420480000E+9	1.638657000E-5
1.420483333E+9	1.635235000E-5
1.420486667E+9	1.586343000E-5
1.420490000E+9	1.580656000E-5
1.420493333E+9	1.657386000E-5
1.420496667E+9	1.621134000E-5
1.420500000E+9	1.639632000E-5
1.420503333E+9	1.622752000E-5
1.420506667E+9	1.653553000E-5
1.420510000E+9	1.625640000E-5
1.420513333E+9	1.627475000E-5
1.420516667E+9	1.631203000E-5
1.420520000E+9	1.641129000E-5
1.420523333E+9	1.626830000E-5
1.420526667E+9	1.640505000E-5
1.420530000E+9	1.655177000E-5
1.420533333E+9	1.679775000E-5
1.420536667E+9	1.639251000E-5
1.420540000E+9	1.618596000E-5
1.420543333E+9	1.616241000E-5
1.420546667E+9	1.650359000E-5
1.420550000E+9	1.657672000E-5
1.420553333E+9	1.651011000E-5
1.420556667E+9	1.658504000E-5
1.420560000E+9	1.621221000E-5
1.420563333E+9	1.609199000E-5
1.420566667E+9	1.644619000E-5
1.420570000E+9	1.669622000E-5
1.420573333E+9	1.631542000E-5
1.420576667E+9	1.633410000E-5
1.420580000E+9	1.639591000E-5
1.420583333E+9	1.653925000E-5
1.420586667E+9	1.617803000E-5
1.420590000E+9	1.685451000E-5
1.420593333E+9	1.664230000E-5
1.420596667E+9	1.669501000E-5
1.420600000E+9	1.645110000E-5
1.420603333E+9	1.662035000E-5
1.420606667E+9	1.704344000E-5
1.420610000E+9	1.678557000E-5
1.420613333E+9	1.797365000E-5
1.420616667E+9	1.668090000E-5
1.420620000E+9	1.662530000E-5
1.420623333E+9	1.716631000E-5
1.420626667E+9	1.784717000E-5
1.420630000E+9	1.669325000E-5
1.420633333E+9	1.658063000E-5
1.420636667E+9	1.648300000E-5
1.420640000E+9	1.637281000E-5
1.420643333E+9	1.714749000E-5
1.420646667E+9	1.668094000E-5
1.420650000E+9	1.624189000E-5
1.420653333E+9	1.626964000E-5
1.420656667E+9	1.645204000E-5
1.420660000E+9	1.621807000E-5
1.420663333E+9	1.639574000E-5
1.420666667E+9	1.607172000E-5
1.420670000E+9	1.616992000E-5
1.420673333E+9	1.674395000E-5
1.420676667E+9	1.604079000E-5
1.420680000E+9	1.650808000E-5
1.420683333E+9	1.601371000E-5
1.420686667E+9	1.633060000E-5
1.420690000E+9	1.623496000E-5
1.420693333E+9	1.648285000E-5
1.420696667E+9	1.606745000E-5
1.420700000E+9	1.634330000E-5
1.420703333E+9	1.579577000E-5
1.420706667E+9	1.591812000E-5
1.420710000E+9	1.618894000E-5
1.420713333E+9	1.609119000E-5
1.420716667E+9	1.590855000E-5
1.420720000E+9	1.629206000E-5
1.420723333E+9	1.563866000E-5
1.420726667E+9	1.596643000E-5
1.420730000E+9	1.601004000E-5
1.420733333E+9	1.578044000E-5
1.420736667E+9	1.638335000E-5
1.420740000E+9	1.604827000E-5
1.420743333E+9	1.592627000E-5
1.420746667E+9	1.582477000E-5
1.420750000E+9	1.601396000E-5
1.420753333E+9	1.617881000E-5
1.420756667E+9	1.668999000E-5
1.420760000E+9	1.592844000E-5
1.420763333E+9	1.581131000E-5
1.420766667E+9	1.604777000E-5
1.420770000E+9	1.620772000E-5
1.420773333E+9	1.607772000E-5
1.420776667E+9	1.621906000E-5
1.420780000E+9	1.588274000E-5
1.420783333E+9	1.583536000E-5
1.420786667E+9	1.575563000E-5
1.420790000E+9	1.663563000E-5
1.420793333E+9	1.711224000E-5
1.420796667E+9	1.624872000E-5
1.420800000E+9	1.583303000E-5
1.420803333E+9	1.599345000E-5
1.420806667E+9	1.583969000E-5
1.420810000E+9	1.604645000E-5
1.420813333E+9	1.589709000E-5
1.420816667E+9	1.560059000E-5
1.420820000E+9	1.579337000E-5
1.420823333E+9	1.597082000E-5
1.420826667E+9	1.569508000E-5
1.420830000E+9	1.586209000E-5
1.420833333E+9	1.567567000E-5
1.420836667E+9	1.576396000E-5
1.420840000E+9	1.587249000E-5
1.420843333E+9	1.590773000E-5
1.420846667E+9	1.597764000E-5
1.420850000E+9	1.564084000E-5
1.420853333E+9	1.575918000E-5
1.420856667E+9	1.587323000E-5
1.420860000E+9	1.591508000E-5
1.420863333E+9	1.567378000E-5
1.420866667E+9	1.598817000E-5
1.420870000E+9	1.580222000E-5
1.420873333E+9	1.567299000E-5
1.420876667E+9	1.583063000E-5
1.420880000E+9	1.606244000E-5
1.420883333E+9	1.781207000E-5
1.420886667E+9	1.712611000E-5
1.420890000E+9	1.572164000E-5
1.420893333E+9	1.581845000E-5
1.420896667E+9	1.590768000E-5
1.420900000E+9	1.590320000E-5
1.420903333E+9	1.804317000E-5
1.420906667E+9	1.998719000E-5
1.420910000E+9	1.602779000E-5
1.420913333E+9	1.766436000E-5
1.420916667E+9	1.753734000E-5
1.420920000E+9	1.834873000E-5
1.420923333E+9	1.632728000E-5
1.420926667E+9	1.646455000E-5
1.420930000E+9	1.589088000E-5
1.420933333E+9	1.597643000E-5
1.420936667E+9	1.597145000E-5
1.420940000E+9	1.680336000E-5
1.420943333E+9	1.697634000E-5
1.420946667E+9	1.573642000E-5
1.420950000E+9	1.575160000E-5
1.420953333E+9	1.560365000E-5
1.420956667E+9	1.569360000E-5
1.420960000E+9	1.601500000E-5
1.420963333E+9	1.562985000E-5
1.420966667E+9	1.591070000E-5
1.420970000E+9	1.609838000E-5
1.420973333E+9	1.611166000E-5
1.420976667E+9	1.592204000E-5
1.420980000E+9	1.604819000E-5
1.420983333E+9	1.543085000E-5
1.420986667E+9	1.623932000E-5
1.420990000E+9	1.588439000E-5
1.420993333E+9	1.579382000E-5
1.420996667E+9	1.558436000E-5
1.421000000E+9	1.570477000E-5
1.421003333E+9	1.581451000E-5
1.421006667E+9	1.593232000E-5
1.421010000E+9	1.606565000E-5
1.421013333E+9	1.579542000E-5
1.421016667E+9	1.617869000E-5
1.421020000E+9	1.577019000E-5
1.421023333E+9	1.603696000E-5
1.421026667E+9	1.559204000E-5
1.421030000E+9	1.558554000E-5
1.421033333E+9	1.586083000E-5
1.421036667E+9	1.581571000E-5
1.421040000E+9	1.584839000E-5
1.421043333E+9	1.568221000E-5
1.421046667E+9	1.575733000E-5
1.421050000E+9	1.591832000E-5
1.421053333E+9	1.653246000E-5
1.421056667E+9	1.638018000E-5
1.421060000E+9	1.559877000E-5
1.421063333E+9	1.568347000E-5
1.421066667E+9	1.582486000E-5
1.421070000E+9	1.563732000E-5
1.421073333E+9	1.611607000E-5
1.421076667E+9	1.576776000E-5
1.421080000E+9	1.564771000E-5
1.421083333E+9	1.590878000E-5
1.421086667E+9	1.574935000E-5
1.421090000E+9	1.657752000E-5
1.421093333E+9	1.654815000E-5
1.421096667E+9	1.589165000E-5
1.421100000E+9	1.607248000E-5
1.421103333E+9	1.586355000E-5
1.421106667E+9	1.592124000E-5
1.421110000E+9	1.597978000E-5
1.421113333E+9	1.578854000E-5
1.421116667E+9	1.581734000E-5
1.421120000E+9	1.607899000E-5
1.421123333E+9	1.595666000E-5
1.421126667E+9	1.625365000E-5
1.421130000E+9	1.619845000E-5
1.421133333E+9	1.578460000E-5
1.421136667E+9	1.565302000E-5
1.421140000E+9	1.557887000E-5
1.421143333E+9	1.560114000E-5
1.421146667E+9	1.573252000E-5
1.421150000E+9	1.592277000E-5
1.421153333E+9	1.586412000E-5
1.421156667E+9	1.618914000E-5
1.421160000E+9	1.572597000E-5
1.421163333E+9	1.587852000E-5
1.421166667E+9	1.622886000E-5
1.421170000E+9	1.579845000E-5
1.421173333E+9	1.585733000E-5
1.421176667E+9	1.700059000E-5
1.421180000E+9	1.792537000E-5
1.421183333E+9	1.593543000E-5
1.421186667E+9	1.565998000E-5
1.421190000E+9	1.567946000E-5
1.421193333E+9	1.573663000E-5
1.421196667E+9	1.625279000E-5
1.421200000E+9	1.681259000E-5
1.421203333E+9	1.654704000E-5
1.421206667E+9	1.635608000E-5
1.421210000E+9	1.640794000E-5
1.421213333E+9	1.635163000E-5
1.421216667E+9	1.566602000E-5
1.421220000E+9	1.579875000E-5
1.421223333E+9	1.541017000E-5
1.421226667E+9	1.568394000E-5
1.421230000E+9	1.600125000E-5
1.421233333E+9	1.590645000E-5
1.421236667E+9	1.566819000E-5
1.421240000E+9	1.636848000E-5
1.421243333E+9	1.549883000E-5
1.421246667E+9	1.571017000E-5
1.421250000E+9	1.570618000E-5
1.421253333E+9	1.590352000E-5
1.421256667E+9	1.562838000E-5
1.421260000E+9	1.574095000E-5
1.421263333E+9	1.571788000E-5
1.421266667E+9	1.586311000E-5
1.421270000E+9	1.589956000E-5
1.421273333E+9	1.562706000E-5
1.421276667E+9	1.583883000E-5
1.421280000E+9	1.579951000E-5
1.421283333E+9	1.567202000E-5
1.421286667E+9	1.601294000E-5
1.421290000E+9	1.593082000E-5
1.421293333E+9	1.590928000E-5
1.421296667E+9	1.588488000E-5
1.421300000E+9	1.563940000E-5
1.421303333E+9	1.559762000E-5
1.421306667E+9	1.568323000E-5
1.421310000E+9	1.585805000E-5
1.421313333E+9	1.574036000E-5
1.421316667E+9	1.539580000E-5
1.421320000E+9	1.578625000E-5
1.421323333E+9	1.588455000E-5
1.421326667E+9	1.578285000E-5
1.421330000E+9	1.590048000E-5
1.421333333E+9	1.566566000E-5
1.421336667E+9	1.571017000E-5
1.421340000E+9	1.582448000E-5
1.421343333E+9	1.574821000E-5
1.421346667E+9	1.555178000E-5
1.421350000E+9	1.591253000E-5
1.421353333E+9	1.607281000E-5
1.421356667E+9	1.562716000E-5
1.421360000E+9	1.554391000E-5
1.421363333E+9	1.566224000E-5
1.421366667E+9	1.598410000E-5
1.421370000E+9	1.582276000E-5
1.421373333E+9	1.585556000E-5
1.421376667E+9	1.565110000E-5
1.421380000E+9	1.567189000E-5
1.421383333E+9	1.606484000E-5
1.421386667E+9	1.589256000E-5
1.421390000E+9	1.606505000E-5
1.421393333E+9	1.545390000E-5
1.421396667E+9	1.568867000E-5
1.421400000E+9	1.579074000E-5
