Frequency, Hz	Amplitude, Volts
1.419400000E+9	1.854872000E-5
1.419403333E+9	1.810652000E-5
1.419406667E+9	1.804426000E-5
1.419410000E+9	1.792017000E-5
1.419413333E+9	1.815886000E-5
1.419416667E+9	1.796029000E-5
1.419420000E+9	1.823986000E-5
1.419423333E+9	1.814813000E-5
1.419426667E+9	1.812947000E-5
1.419430000E+9	1.835544000E-5
1.419433333E+9	1.825307000E-5
1.419436667E+9	1.807085000E-5
1.419440000E+9	1.833906000E-5
1.419443333E+9	1.946131000E-5
1.419446667E+9	1.847619000E-5
1.419450000E+9	1.914300000E-5
1.419453333E+9	1.793962000E-5
1.419456667E+9	1.813116000E-5
1.419460000E+9	1.900810000E-5
1.419463333E+9	1.813953000E-5
1.419466667E+9	1.813413000E-5
1.419470000E+9	1.802915000E-5
1.419473333E+9	1.799438000E-5
1.419476667E+9	1.802691000E-5
1.419480000E+9	1.789899000E-5
1.419483333E+9	1.745322000E-5
1.419486667E+9	1.831685000E-5
1.419490000E+9	1.917630000E-5
1.419493333E+9	1.794405000E-5
1.419496667E+9	1.771482000E-5
1.419500000E+9	1.785742000E-5
1.419503333E+9	1.789606000E-5
1.419506667E+9	1.800855000E-5
1.419510000E+9	1.821625000E-5
1.419513333E+9	1.836701000E-5
1.419516667E+9	1.836964000E-5
1.419520000E+9	1.821167000E-5
1.419523333E+9	1.804684000E-5
1.419526667E+9	1.814656000E-5
1.419530000E+9	1.808800000E-5
1.419533333E+9	1.847887000E-5
1.419536667E+9	1.910345000E-5
1.419540000E+9	1.836897000E-5
1.419543333E+9	1.803141000E-5
1.419546667E+9	1.799213000E-5
1.419550000E+9	1.815339000E-5
1.419553333E+9	1.806622000E-5
1.419556667E+9	1.775014000E-5
1.419560000E+9	1.828444000E-5
1.419563333E+9	1.804394000E-5
1.419566667E+9	1.785020000E-5
1.419570000E+9	1.778814000E-5
1.419573333E+9	1.815196000E-5
1.419576667E+9	1.832077000E-5
1.419580000E+9	1.842306000E-5
1.419583333E+9	1.904861000E-5
1.419586667E+9	1.801953000E-5
1.419590000E+9	1.805554000E-5
1.419593333E+9	1.812816000E-5
1.419596667E+9	1.794094000E-5
1.419600000E+9	1.781144000E-5
1.419603333E+9	1.821225000E-5
1.419606667E+9	1.793690000E-5
1.419610000E+9	1.769051000E-5
1.419613333E+9	1.770053000E-5
1.419616667E+9	1.810276000E-5
1.419620000E+9	1.828187000E-5
1.419623333E+9	1.748253000E-5
1.419626667E+9	1.818927000E-5
1.419630000E+9	1.875002000E-5
1.419633333E+9	1.829616000E-5
1.419636667E+9	1.819884000E-5
1.419640000E+9	1.797158000E-5
1.419643333E+9	1.815910000E-5
1.419646667E+9	1.756800000E-5
1.419650000E+9	1.773097000E-5
1.419653333E+9	1.810083000E-5
1.419656667E+9	1.784701000E-5
1.419660000E+9	1.801267000E-5
1.419663333E+9	1.829635000E-5
1.419666667E+9	1.820369000E-5
1.419670000E+9	1.797331000E-5
1.419673333E+9	1.775632000E-5
1.419676667E+9	1.884106000E-5
1.419680000E+9	1.829550000E-5
1.419683333E+9	1.775838000E-5
1.419686667E+9	1.793493000E-5
1.419690000E+9	1.821767000E-5
1.419693333E+9	1.811389000E-5
1.419696667E+9	1.790363000E-5
1.419700000E+9	1.792527000E-5
1.419703333E+9	1.811129000E-5
1.419706667E+9	1.784548000E-5
1.419710000E+9	1.786742000E-5
1.419713333E+9	1.767983000E-5
1.419716667E+9	1.766275000E-5
1.419720000E+9	1.805835000E-5
1.419723333E+9	1.875125000E-5
1.419726667E+9	1.857272000E-5
1.419730000E+9	1.816103000E-5
1.419733333E+9	2.012338000E-5
1.419736667E+9	1.831277000E-5
1.419740000E+9	1.776457000E-5
1.419743333E+9	1.847147000E-5
1.419746667E+9	1.830593000E-5
1.419750000E+9	1.802929000E-5
1.419753333E+9	1.846206000E-5
1.419756667E+9	1.833770000E-5
1.419760000E+9	1.790548000E-5
1.419763333E+9	1.771766000E-5
1.419766667E+9	1.844624000E-5
1.419770000E+9	1.909455000E-5
1.419773333E+9	1.805591000E-5
1.419776667E+9	1.787953000E-5
1.419780000E+9	1.769488000E-5
1.419783333E+9	1.802412000E-5
1.419786667E+9	1.785026000E-5
1.419790000E+9	1.783545000E-5
1.419793333E+9	1.803867000E-5
1.419796667E+9	1.800772000E-5
1.419800000E+9	1.776751000E-5
1.419803333E+9	1.786958000E-5
1.419806667E+9	1.810988000E-5
1.419810000E+9	1.760266000E-5
1.419813333E+9	1.838566000E-5
1.419816667E+9	1.862523000E-5
1.419820000E+9	1.796856000E-5
1.419823333E+9	1.794591000E-5
1.419826667E+9	1.770409000E-5
1.419830000E+9	1.832083000E-5
1.419833333E+9	1.820619000E-5
1.419836667E+9	1.780421000E-5
1.419840000E+9	1.783637000E-5
1.419843333E+9	1.811588000E-5
1.419846667E+9	1.762082000E-5
1.419850000E+9	1.771371000E-5
1.419853333E+9	1.804355000E-5
1.419856667E+9	1.793084000E-5
1.419860000E+9	1.819226000E-5
1.419863333E+9	1.884818000E-5
1.419866667E+9	1.827828000E-5
1.419870000E+9	1.799831000E-5
1.419873333E+9	1.767266000E-5
1.419876667E+9	1.798348000E-5
1.419880000E+9	1.790943000E-5
1.419883333E+9	1.786958000E-5
1.419886667E+9	1.832242000E-5
1.419890000E+9	1.781973000E-5
1.419893333E+9	1.768920000E-5
1.419896667E+9	1.749359000E-5
1.419900000E+9	1.802929000E-5
1.419903333E+9	1.790168000E-5
1.419906667E+9	1.839852000E-5
1.419910000E+9	1.878635000E-5
1.419913333E+9	1.783982000E-5
1.419916667E+9	1.761171000E-5
1.419920000E+9	1.746097000E-5
1.419923333E+9	1.773790000E-5
1.419926667E+9	1.756357000E-5
1.419930000E+9	1.756891000E-5
1.419933333E+9	1.806146000E-5
1.419936667E+9	1.779893000E-5
1.419940000E+9	1.769221000E-5
1.419943333E+9	1.759901000E-5
1.419946667E+9	1.768144000E-5
1.419950000E+9	1.797379000E-5
1.419953333E+9	1.826281000E-5
1.419956667E+9	1.868007000E-5
1.419960000E+9	1.811556000E-5
1.419963333E+9	1.758068000E-5
1.419966667E+9	1.771470000E-5
1.419970000E+9	1.751408000E-5
1.419973333E+9	1.775109000E-5
1.419976667E+9	1.770893000E-5
1.419980000E+9	1.788666000E-5
1.419983333E+9	1.825587000E-5
1.419986667E+9	1.786228000E-5
1.419990000E+9	1.780411000E-5
1.419993333E+9	1.761834000E-5
1.419996667E+9	1.746168000E-5
1.420000000E+9	1.848287000E-5
1.420003333E+9	1.879239000E-5
1.420006667E+9	1.791171000E-5
1.420010000E+9	1.760966000E-5
1.420013333E+9	1.767482000E-5
1.420016667E+9	1.762980000E-5
1.420020000E+9	1.791950000E-5
1.420023333E+9	1.766648000E-5
1.420026667E+9	1.808264000E-5
1.420030000E+9	1.771148000E-5
1.420033333E+9	1.811857000E-5
1.420036667E+9	1.803281000E-5
1.420040000E+9	1.810618000E-5
1.420043333E+9	1.763340000E-5
1.420046667E+9	1.882396000E-5
1.420050000E+9	1.848727000E-5
1.420053333E+9	1.764777000E-5
1.420056667E+9	1.752922000E-5
1.420060000E+9	1.782081000E-5
1.420063333E+9	1.811578000E-5
1.420066667E+9	1.787486000E-5
1.420070000E+9	1.754344000E-5
1.420073333E+9	1.789143000E-5
1.420076667E+9	1.749190000E-5
1.420080000E+9	1.766665000E-5
1.420083333E+9	1.766683000E-5
1.420086667E+9	1.770592000E-5
1.420090000E+9	1.769680000E-5
1.420093333E+9	1.812416000E-5
1.420096667E+9	1.840846000E-5
1.420100000E+9	1.777645000E-5
1.420103333E+9	1.763857000E-5
1.420106667E+9	1.740234000E-5
1.420110000E+9	1.778656000E-5
1.420113333E+9	1.780683000E-5
1.420116667E+9	1.762606000E-5
1.420120000E+9	1.822417000E-5
1.420123333E+9	1.800158000E-5
1.420126667E+9	1.782701000E-5
1.420130000E+9	1.809847000E-5
1.420133333E+9	1.813554000E-5
1.420136667E+9	1.749958000E-5
1.420140000E+9	1.796915000E-5
1.420143333E+9	1.864376000E-5
1.420146667E+9	1.810427000E-5
1.420150000E+9	1.801370000E-5
1.420153333E+9	1.776168000E-5
1.420156667E+9	1.783745000E-5
1.420160000E+9	1.772794000E-5
1.420163333E+9	1.810151000E-5
1.420166667E+9	1.814176000E-5
1.420170000E+9	1.741331000E-5
1.420173333E+9	1.785418000E-5
1.420176667E+9	1.813075000E-5
1.420180000E+9	1.766017000E-5
1.420183333E+9	1.791000000E-5
1.420186667E+9	1.844970000E-5
1.420190000E+9	1.906456000E-5
1.420193333E+9	1.832292000E-5
1.420196667E+9	1.786858000E-5
1.420200000E+9	1.792253000E-5
1.420203333E+9	1.802335000E-5
1.420206667E+9	1.795361000E-5
1.420210000E+9	1.844233000E-5
1.420213333E+9	1.848137000E-5
1.420216667E+9	1.812082000E-5
1.420220000E+9	1.793162000E-5
1.420223333E+9	1.797663000E-5
1.420226667E+9	1.818286000E-5
1.420230000E+9	1.823079000E-5
1.420233333E+9	1.838572000E-5
1.420236667E+9	1.908242000E-5
1.420240000E+9	1.851683000E-5
1.420243333E+9	1.872627000E-5
1.420246667E+9	1.869612000E-5
1.420250000E+9	1.886232000E-5
1.420253333E+9	1.865887000E-5
1.420256667E+9	1.922498000E-5
1.420260000E+9	1.909141000E-5
1.420263333E+9	1.926011000E-5
1.420266667E+9	1.940032000E-5
1.420270000E+9	1.956460000E-5
1.420273333E+9	1.933321000E-5
1.420276667E+9	1.962180000E-5
1.420280000E+9	1.974466000E-5
1.420283333E+9	1.986223000E-5
1.420286667E+9	1.952286000E-5
1.420290000E+9	1.934916000E-5
1.420293333E+9	1.947040000E-5
1.420296667E+9	1.919528000E-5
1.420300000E+9	1.926435000E-5
1.420303333E+9	1.955889000E-5
1.420306667E+9	1.957334000E-5
1.420310000E+9	1.990642000E-5
1.420313333E+9	1.965294000E-5
1.420316667E+9	1.944226000E-5
1.420320000E+9	1.969041000E-5
1.420323333E+9	1.982926000E-5
1.420326667E+9	1.983551000E-5
1.420330000E+9	2.009801000E-5
1.420333333E+9	1.930998000E-5
1.420336667E+9	1.928292000E-5
1.420340000E+9	1.925906000E-5
1.420343333E+9	1.907105000E-5
1.420346667E+9	1.877432000E-5
1.420350000E+9	1.851029000E-5
1.420353333E+9	1.875667000E-5
1.420356667E+9	1.819256000E-5
1.420360000E+9	1.823998000E-5
1.420363333E+9	1.793615000E-5
1.420366667E+9	1.826281000E-5
1.420370000E+9	1.847648000E-5
1.420373333E+9	1.836772000E-5
1.420376667E+9	1.889171000E-5
1.420380000E+9	1.851980000E-5
1.420383333E+9	1.835059000E-5
1.420386667E+9	1.814935000E-5
1.420390000E+9	1.809133000E-5
1.420393333E+9	1.847317000E-5
1.420396667E+9	1.823698000E-5
1.420400000E+9	1.794011000E-5
1.420403333E+9	1.810463000E-5
1.420406667E+9	1.830270000E-5
1.420410000E+9	1.808289000E-5
1.420413333E+9	1.799027000E-5
1.420416667E+9	1.812621000E-5
1.420420000E+9	1.823786000E-5
1.420423333E+9	1.873514000E-5
1.420426667E+9	1.836316000E-5
1.420430000E+9	1.768687000E-5
1.420433333E+9	1.785501000E-5
1.420436667E+9	1.784197000E-5
1.420440000E+9	1.789958000E-5
1.420443333E+9	1.827105000E-5
1.420446667E+9	1.761811000E-5
1.420450000E+9	1.796440000E-5
1.420453333E+9	1.742335000E-5
1.420456667E+9	1.789288000E-5
1.420460000E+9	1.776108000E-5
1.420463333E+9	1.750170000E-5
1.420466667E+9	1.806321000E-5
1.420470000E+9	1.873487000E-5
1.420473333E+9	1.766787000E-5
1.420476667E+9	1.748395000E-5
1.420480000E+9	1.804466000E-5
1.420483333E+9	1.754745000E-5
1.420486667E+9	1.778447000E-5
1.420490000E+9	1.807021000E-5
1.420493333E+9	1.761173000E-5
1.420496667E+9	1.726569000E-5
1.420500000E+9	1.772194000E-5
1.420503333E+9	1.774400000E-5
1.420506667E+9	1.765065000E-5
1.420510000E+9	1.777862000E-5
1.420513333E+9	1.829144000E-5
1.420516667E+9	1.783917000E-5
1.420520000E+9	1.774638000E-5
1.420523333E+9	1.764699000E-5
1.420526667E+9	1.786075000E-5
1.420530000E+9	1.760954000E-5
1.420533333E+9	1.758008000E-5
1.420536667E+9	1.768078000E-5
1.420540000E+9	1.781330000E-5
1.420543333E+9	1.772838000E-5
1.420546667E+9	1.774655000E-5
1.420550000E+9	1.753006000E-5
1.420553333E+9	1.786169000E-5
1.420556667E+9	1.760538000E-5
1.420560000E+9	1.780002000E-5
1.420563333E+9	1.794330000E-5
1.420566667E+9	1.774948000E-5
1.420570000E+9	1.769326000E-5
1.420573333E+9	1.771805000E-5
1.420576667E+9	1.764593000E-5
1.420580000E+9	1.750896000E-5
1.420583333E+9	1.710861000E-5
1.420586667E+9	1.773401000E-5
1.420590000E+9	1.744137000E-5
1.420593333E+9	1.788447000E-5
1.420596667E+9	1.757937000E-5
1.420600000E+9	1.778256000E-5
1.420603333E+9	1.766731000E-5
1.420606667E+9	1.812470000E-5
1.420610000E+9	1.817829000E-5
1.420613333E+9	1.726402000E-5
1.420616667E+9	1.801803000E-5
1.420620000E+9	1.818160000E-5
1.420623333E+9	1.797280000E-5
1.420626667E+9	1.803517000E-5
1.420630000E+9	1.791474000E-5
1.420633333E+9	1.839058000E-5
1.420636667E+9	1.789870000E-5
1.420640000E+9	1.740783000E-5
1.420643333E+9	1.768367000E-5
1.420646667E+9	1.708031000E-5
1.420650000E+9	1.751888000E-5
1.420653333E+9	1.776515000E-5
1.420656667E+9	1.816105000E-5
1.420660000E+9	1.779645000E-5
1.420663333E+9	1.747923000E-5
1.420666667E+9	1.758927000E-5
1.420670000E+9	1.764207000E-5
1.420673333E+9	1.747007000E-5
1.420676667E+9	1.769962000E-5
1.420680000E+9	1.780733000E-5
1.420683333E+9	1.737819000E-5
1.420686667E+9	1.753645000E-5
1.420690000E+9	1.737827000E-5
1.420693333E+9	1.739514000E-5
1.420696667E+9	1.763841000E-5
1.420700000E+9	1.771511000E-5
1.420703333E+9	1.802622000E-5
1.420706667E+9	1.768858000E-5
1.420710000E+9	1.756328000E-5
1.420713333E+9	1.724177000E-5
1.420716667E+9	1.759783000E-5
1.420720000E+9	1.735127000E-5
1.420723333E+9	1.789227000E-5
1.420726667E+9	1.778303000E-5
1.420730000E+9	1.749653000E-5
1.420733333E+9	1.725144000E-5
1.420736667E+9	1.765441000E-5
1.420740000E+9	1.736507000E-5
1.420743333E+9	1.780241000E-5
1.420746667E+9	1.767507000E-5
1.420750000E+9	1.777542000E-5
1.420753333E+9	1.761998000E-5
1.420756667E+9	1.753886000E-5
1.420760000E+9	1.740282000E-5
1.420763333E+9	1.754944000E-5
1.420766667E+9	1.748525000E-5
1.420770000E+9	1.745512000E-5
1.420773333E+9	1.760651000E-5
1.420776667E+9	1.734510000E-5
1.420780000E+9	1.762043000E-5
1.420783333E+9	1.742659000E-5
1.420786667E+9	1.744244000E-5
1.420790000E+9	1.756534000E-5
1.420793333E+9	1.773502000E-5
1.420796667E+9	1.809284000E-5
1.420800000E+9	1.749211000E-5
1.420803333E+9	1.753894000E-5
1.420806667E+9	1.734536000E-5
1.420810000E+9	1.743315000E-5
1.420813333E+9	1.703278000E-5
1.420816667E+9	1.752496000E-5
1.420820000E+9	1.770535000E-5
1.420823333E+9	1.747696000E-5
1.420826667E+9	1.694878000E-5
1.420830000E+9	1.713830000E-5
1.420833333E+9	1.714235000E-5
1.420836667E+9	1.790953000E-5
1.420840000E+9	1.787592000E-5
1.420843333E+9	1.828536000E-5
1.420846667E+9	1.726647000E-5
1.420850000E+9	1.747729000E-5
1.420853333E+9	1.770137000E-5
1.420856667E+9	1.745725000E-5
1.420860000E+9	1.776065000E-5
1.420863333E+9	1.749972000E-5
1.420866667E+9	1.795738000E-5
1.420870000E+9	1.767352000E-5
1.420873333E+9	1.766335000E-5
1.420876667E+9	1.752489000E-5
1.420880000E+9	1.753228000E-5
1.420883333E+9	1.770531000E-5
1.420886667E+9	1.788008000E-5
1.420890000E+9	1.755772000E-5
1.420893333E+9	1.730697000E-5
1.420896667E+9	1.756193000E-5
1.420900000E+9	1.747021000E-5
1.420903333E+9	1.769223000E-5
1.420906667E+9	1.783153000E-5
1.420910000E+9	1.787225000E-5
1.420913333E+9	1.943417000E-5
1.420916667E+9	1.937786000E-5
1.420920000E+9	1.968840000E-5
1.420923333E+9	1.798767000E-5
1.420926667E+9	1.934931000E-5
1.420930000E+9	1.765659000E-5
1.420933333E+9	1.774162000E-5
1.420936667E+9	1.766607000E-5
1.420940000E+9	1.770976000E-5
1.420943333E+9	1.751011000E-5
1.420946667E+9	1.714319000E-5
1.420950000E+9	1.737092000E-5
1.420953333E+9	1.764163000E-5
1.420956667E+9	1.720535000E-5
1.420960000E+9	1.735363000E-5
1.420963333E+9	1.719668000E-5
1.420966667E+9	1.746626000E-5
1.420970000E+9	1.736373000E-5
1.420973333E+9	1.723594000E-5
1.420976667E+9	1.753746000E-5
1.420980000E+9	1.755786000E-5
1.420983333E+9	1.790251000E-5
1.420986667E+9	1.815579000E-5
1.420990000E+9	1.749695000E-5
1.420993333E+9	1.746357000E-5
1.420996667E+9	1.775795000E-5
1.421000000E+9	1.777575000E-5
1.421003333E+9	1.757836000E-5
1.421006667E+9	1.773611000E-5
1.421010000E+9	1.743880000E-5
1.421013333E+9	1.731465000E-5
1.421016667E+9	1.736795000E-5
1.421020000E+9	1.764715000E-5
1.421023333E+9	1.711168000E-5
1.421026667E+9	1.764846000E-5
1.421030000E+9	1.814024000E-5
1.421033333E+9	1.770920000E-5
1.421036667E+9	1.762649000E-5
1.421040000E+9	1.769830000E-5
1.421043333E+9	1.734342000E-5
1.421046667E+9	1.755005000E-5
1.421050000E+9	1.747439000E-5
1.421053333E+9	1.742339000E-5
1.421056667E+9	1.769128000E-5
1.421060000E+9	1.762287000E-5
1.421063333E+9	1.771509000E-5
1.421066667E+9	1.760409000E-5
1.421070000E+9	1.757641000E-5
1.421073333E+9	1.784532000E-5
1.421076667E+9	1.783484000E-5
1.421080000E+9	1.745027000E-5
1.421083333E+9	1.763936000E-5
1.421086667E+9	1.775811000E-5
1.421090000E+9	1.751936000E-5
1.421093333E+9	1.757086000E-5
1.421096667E+9	1.796947000E-5
1.421100000E+9	1.786636000E-5
1.421103333E+9	1.768311000E-5
1.421106667E+9	1.740920000E-5
1.421110000E+9	1.754969000E-5
1.421113333E+9	1.771185000E-5
1.421116667E+9	1.746304000E-5
1.421120000E+9	1.755111000E-5
1.421123333E+9	1.781011000E-5
1.421126667E+9	1.799711000E-5
1.421130000E+9	1.811934000E-5
1.421133333E+9	1.767596000E-5
1.421136667E+9	1.745564000E-5
1.421140000E+9	1.771682000E-5
1.421143333E+9	1.770638000E-5
1.421146667E+9	1.787794000E-5
1.421150000E+9	1.743265000E-5
1.421153333E+9	1.754362000E-5
1.421156667E+9	1.738216000E-5
1.421160000E+9	1.739386000E-5
1.421163333E+9	1.758552000E-5
1.421166667E+9	1.764465000E-5
1.421170000E+9	1.768705000E-5
1.421173333E+9	1.764331000E-5
1.421176667E+9	1.784979000E-5
1.421180000E+9	1.803665000E-5
1.421183333E+9	1.774677000E-5
1.421186667E+9	1.731294000E-5
1.421190000E+9	1.793806000E-5
1.421193333E+9	1.825810000E-5
1.421196667E+9	1.796838000E-5
1.421200000E+9	1.785687000E-5
1.421203333E+9	1.791285000E-5
1.421206667E+9	1.815407000E-5
1.421210000E+9	1.821831000E-5
1.421213333E+9	1.910070000E-5
1.421216667E+9	1.789911000E-5
1.421220000E+9	1.812599000E-5
1.421223333E+9	1.752052000E-5
1.421226667E+9	1.765110000E-5
1.421230000E+9	1.770071000E-5
1.421233333E+9	1.771684000E-5
1.421236667E+9	1.761391000E-5
1.421240000E+9	1.755695000E-5
1.421243333E+9	1.753424000E-5
1.421246667E+9	1.768967000E-5
1.421250000E+9	1.773582000E-5
1.421253333E+9	1.774009000E-5
1.421256667E+9	1.767647000E-5
1.421260000E+9	1.829032000E-5
1.421263333E+9	2.079189000E-5
1.421266667E+9	1.941391000E-5
1.421270000E+9	1.776285000E-5
1.421273333E+9	1.796329000E-5
1.421276667E+9	1.760061000E-5
1.421280000E+9	1.778129000E-5
1.421283333E+9	1.775086000E-5
1.421286667E+9	1.760225000E-5
1.421290000E+9	1.782670000E-5
1.421293333E+9	1.759194000E-5
1.421296667E+9	1.753460000E-5
1.421300000E+9	1.777333000E-5
1.421303333E+9	1.776279000E-5
1.421306667E+9	1.812294000E-5
1.421310000E+9	1.825860000E-5
1.421313333E+9	1.789614000E-5
1.421316667E+9	1.768641000E-5
1.421320000E+9	1.773395000E-5
1.421323333E+9	1.825469000E-5
1.421326667E+9	1.847502000E-5
1.421330000E+9	2.380423000E-5
1.421333333E+9	2.495046000E-5
1.421336667E+9	1.838047000E-5
1.421340000E+9	1.788147000E-5
1.421343333E+9	1.805887000E-5
1.421346667E+9	1.780618000E-5
1.421350000E+9	1.785289000E-5
1.421353333E+9	1.738231000E-5
1.421356667E+9	1.778601000E-5
1.421360000E+9	1.763607000E-5
1.421363333E+9	1.778830000E-5
1.421366667E+9	1.817651000E-5
1.421370000E+9	1.781371000E-5
1.421373333E+9	1.746051000E-5
1.421376667E+9	1.820229000E-5
1.421380000E+9	1.778900000E-5
1.421383333E+9	1.770751000E-5
1.421386667E+9	1.753919000E-5
1.421390000E+9	1.763260000E-5
1.421393333E+9	1.774250000E-5
1.421396667E+9	1.858584000E-5
1.421400000E+9	2.134915000E-5
