Frequency, Hz	Amplitude, Volts
1.419400000E+9	2.118979000E-5
1.419403333E+9	2.097166000E-5
1.419406667E+9	2.198987000E-5
1.419410000E+9	2.163419000E-5
1.419413333E+9	2.134936000E-5
1.419416667E+9	2.134401000E-5
1.419420000E+9	2.145666000E-5
1.419423333E+9	2.106971000E-5
1.419426667E+9	2.146031000E-5
1.419430000E+9	2.180017000E-5
1.419433333E+9	2.303085000E-5
1.419436667E+9	2.186125000E-5
1.419440000E+9	2.103718000E-5
1.419443333E+9	2.130232000E-5
1.419446667E+9	2.298767000E-5
1.419450000E+9	2.719767000E-5
1.419453333E+9	2.187080000E-5
1.419456667E+9	2.133499000E-5
1.419460000E+9	2.154916000E-5
1.419463333E+9	2.203836000E-5
1.419466667E+9	2.126124000E-5
1.419470000E+9	2.134533000E-5
1.419473333E+9	2.147622000E-5
1.419476667E+9	2.216975000E-5
1.419480000E+9	2.149991000E-5
1.419483333E+9	2.109482000E-5
1.419486667E+9	2.069409000E-5
1.419490000E+9	2.123434000E-5
1.419493333E+9	2.113395000E-5
1.419496667E+9	2.119260000E-5
1.419500000E+9	2.145456000E-5
1.419503333E+9	2.140108000E-5
1.419506667E+9	2.146519000E-5
1.419510000E+9	2.145793000E-5
1.419513333E+9	2.123087000E-5
1.419516667E+9	2.137779000E-5
1.419520000E+9	2.126126000E-5
1.419523333E+9	2.132113000E-5
1.419526667E+9	2.124243000E-5
1.419530000E+9	2.110358000E-5
1.419533333E+9	2.105086000E-5
1.419536667E+9	2.139840000E-5
1.419540000E+9	2.177759000E-5
1.419543333E+9	2.228335000E-5
1.419546667E+9	2.170216000E-5
1.419550000E+9	2.141577000E-5
1.419553333E+9	2.124866000E-5
1.419556667E+9	2.131912000E-5
1.419560000E+9	2.062523000E-5
1.419563333E+9	2.125573000E-5
1.419566667E+9	2.149462000E-5
1.419570000E+9	2.138398000E-5
1.419573333E+9	2.130622000E-5
1.419576667E+9	2.107648000E-5
1.419580000E+9	2.131862000E-5
1.419583333E+9	2.113451000E-5
1.419586667E+9	2.157558000E-5
1.419590000E+9	2.143250000E-5
1.419593333E+9	2.135686000E-5
1.419596667E+9	2.159814000E-5
1.419600000E+9	2.130557000E-5
1.419603333E+9	2.115782000E-5
1.419606667E+9	2.123749000E-5
1.419610000E+9	2.219062000E-5
1.419613333E+9	2.160905000E-5
1.419616667E+9	2.132026000E-5
1.419620000E+9	2.130805000E-5
1.419623333E+9	2.130260000E-5
1.419626667E+9	2.121903000E-5
1.419630000E+9	2.120834000E-5
1.419633333E+9	2.115680000E-5
1.419636667E+9	2.135393000E-5
1.419640000E+9	2.169713000E-5
1.419643333E+9	2.174930000E-5
1.419646667E+9	2.166635000E-5
1.419650000E+9	2.164702000E-5
1.419653333E+9	2.128691000E-5
1.419656667E+9	2.153993000E-5
1.419660000E+9	2.173476000E-5
1.419663333E+9	2.130461000E-5
1.419666667E+9	2.123975000E-5
1.419670000E+9	2.153326000E-5
1.419673333E+9	2.131518000E-5
1.419676667E+9	2.169659000E-5
1.419680000E+9	2.166876000E-5
1.419683333E+9	2.114054000E-5
1.419686667E+9	2.104541000E-5
1.419690000E+9	2.140945000E-5
1.419693333E+9	2.161907000E-5
1.419696667E+9	2.155207000E-5
1.419700000E+9	2.101548000E-5
1.419703333E+9	2.143113000E-5
1.419706667E+9	2.169037000E-5
1.419710000E+9	2.123513000E-5
1.419713333E+9	2.100736000E-5
1.419716667E+9	2.127784000E-5
1.419720000E+9	2.169692000E-5
1.419723333E+9	2.207044000E-5
1.419726667E+9	2.233018000E-5
1.419730000E+9	2.153629000E-5
1.419733333E+9	2.158932000E-5
1.419736667E+9	2.149245000E-5
1.419740000E+9	2.393330000E-5
1.419743333E+9	2.620911000E-5
1.419746667E+9	2.230075000E-5
1.419750000E+9	2.194551000E-5
1.419753333E+9	2.167682000E-5
1.419756667E+9	2.146045000E-5
1.419760000E+9	2.115680000E-5
1.419763333E+9	2.110536000E-5
1.419766667E+9	2.165085000E-5
1.419770000E+9	2.098567000E-5
1.419773333E+9	2.118199000E-5
1.419776667E+9	2.095748000E-5
1.419780000E+9	2.107755000E-5
1.419783333E+9	2.142925000E-5
1.419786667E+9	2.168804000E-5
1.419790000E+9	2.226589000E-5
1.419793333E+9	2.125097000E-5
1.419796667E+9	2.137851000E-5
1.419800000E+9	2.096112000E-5
1.419803333E+9	2.146684000E-5
1.419806667E+9	2.175321000E-5
1.419810000E+9	2.132523000E-5
1.419813333E+9	2.219345000E-5
1.419816667E+9	2.127600000E-5
1.419820000E+9	2.150907000E-5
1.419823333E+9	2.111734000E-5
1.419826667E+9	2.132729000E-5
1.419830000E+9	2.158385000E-5
1.419833333E+9	2.134108000E-5
1.419836667E+9	2.133417000E-5
1.419840000E+9	2.114978000E-5
1.419843333E+9	2.080436000E-5
1.419846667E+9	2.116867000E-5
1.419850000E+9	2.130936000E-5
1.419853333E+9	2.132490000E-5
1.419856667E+9	2.126717000E-5
1.419860000E+9	2.116962000E-5
1.419863333E+9	2.146229000E-5
1.419866667E+9	2.184222000E-5
1.419870000E+9	2.164892000E-5
1.419873333E+9	2.139939000E-5
1.419876667E+9	2.143160000E-5
1.419880000E+9	2.170457000E-5
1.419883333E+9	2.156324000E-5
1.419886667E+9	2.172937000E-5
1.419890000E+9	2.094536000E-5
1.419893333E+9	2.124161000E-5
1.419896667E+9	2.119337000E-5
1.419900000E+9	2.150283000E-5
1.419903333E+9	2.105669000E-5
1.419906667E+9	2.126072000E-5
1.419910000E+9	2.113052000E-5
1.419913333E+9	2.107975000E-5
1.419916667E+9	2.131324000E-5
1.419920000E+9	2.119828000E-5
1.419923333E+9	2.093152000E-5
1.419926667E+9	2.115306000E-5
1.419930000E+9	2.138314000E-5
1.419933333E+9	2.120082000E-5
1.419936667E+9	2.148855000E-5
1.419940000E+9	2.099959000E-5
1.419943333E+9	2.119719000E-5
1.419946667E+9	2.244876000E-5
1.419950000E+9	2.172235000E-5
1.419953333E+9	2.146634000E-5
1.419956667E+9	2.125918000E-5
1.419960000E+9	2.105893000E-5
1.419963333E+9	2.191845000E-5
1.419966667E+9	2.140947000E-5
1.419970000E+9	2.125263000E-5
1.419973333E+9	2.128709000E-5
1.419976667E+9	2.145392000E-5
1.419980000E+9	2.164728000E-5
1.419983333E+9	2.129416000E-5
1.419986667E+9	2.119000000E-5
1.419990000E+9	2.141408000E-5
1.419993333E+9	2.133537000E-5
1.419996667E+9	2.160215000E-5
1.420000000E+9	2.201270000E-5
1.420003333E+9	2.294725000E-5
1.420006667E+9	2.127952000E-5
1.420010000E+9	2.115427000E-5
1.420013333E+9	2.208026000E-5
1.420016667E+9	2.198210000E-5
1.420020000E+9	2.237833000E-5
1.420023333E+9	2.137100000E-5
1.420026667E+9	2.135041000E-5
1.420030000E+9	2.128691000E-5
1.420033333E+9	2.329483000E-5
1.420036667E+9	2.395486000E-5
1.420040000E+9	2.219861000E-5
1.420043333E+9	2.162785000E-5
1.420046667E+9	2.172276000E-5
1.420050000E+9	2.140921000E-5
1.420053333E+9	2.124703000E-5
1.420056667E+9	2.164412000E-5
1.420060000E+9	2.138065000E-5
1.420063333E+9	2.120955000E-5
1.420066667E+9	2.120950000E-5
1.420070000E+9	2.117711000E-5
1.420073333E+9	2.136767000E-5
1.420076667E+9	2.112767000E-5
1.420080000E+9	2.148103000E-5
1.420083333E+9	2.201637000E-5
1.420086667E+9	2.160428000E-5
1.420090000E+9	2.147886000E-5
1.420093333E+9	2.128188000E-5
1.420096667E+9	2.165758000E-5
1.420100000E+9	2.145030000E-5
1.420103333E+9	2.125578000E-5
1.420106667E+9	2.192935000E-5
1.420110000E+9	2.093152000E-5
1.420113333E+9	2.106519000E-5
1.420116667E+9	2.130545000E-5
1.420120000E+9	2.133858000E-5
1.420123333E+9	2.135695000E-5
1.420126667E+9	2.108259000E-5
1.420130000E+9	2.132176000E-5
1.420133333E+9	2.146596000E-5
1.420136667E+9	2.124460000E-5
1.420140000E+9	2.149972000E-5
1.420143333E+9	2.112488000E-5
1.420146667E+9	2.099210000E-5
1.420150000E+9	2.166685000E-5
1.420153333E+9	2.160794000E-5
1.420156667E+9	2.142328000E-5
1.420160000E+9	2.155789000E-5
1.420163333E+9	2.164831000E-5
1.420166667E+9	2.125811000E-5
1.420170000E+9	2.147612000E-5
1.420173333E+9	2.139638000E-5
1.420176667E+9	2.088639000E-5
1.420180000E+9	2.109880000E-5
1.420183333E+9	2.114535000E-5
1.420186667E+9	2.143655000E-5
1.420190000E+9	2.116051000E-5
1.420193333E+9	2.110413000E-5
1.420196667E+9	2.118476000E-5
1.420200000E+9	2.153343000E-5
1.420203333E+9	2.154360000E-5
1.420206667E+9	2.103263000E-5
1.420210000E+9	2.159219000E-5
1.420213333E+9	2.141707000E-5
1.420216667E+9	2.208780000E-5
1.420220000E+9	2.261546000E-5
1.420223333E+9	2.178850000E-5
1.420226667E+9	2.159131000E-5
1.420230000E+9	2.189526000E-5
1.420233333E+9	2.161959000E-5
1.420236667E+9	2.112115000E-5
1.420240000E+9	2.154611000E-5
1.420243333E+9	2.155079000E-5
1.420246667E+9	2.130524000E-5
1.420250000E+9	2.155228000E-5
1.420253333E+9	2.183222000E-5
1.420256667E+9	2.156812000E-5
1.420260000E+9	2.135766000E-5
1.420263333E+9	2.134286000E-5
1.420266667E+9	2.167832000E-5
1.420270000E+9	2.113743000E-5
1.420273333E+9	2.135871000E-5
1.420276667E+9	2.150238000E-5
1.420280000E+9	2.112099000E-5
1.420283333E+9	2.182336000E-5
1.420286667E+9	2.270610000E-5
1.420290000E+9	2.139105000E-5
1.420293333E+9	2.200410000E-5
1.420296667E+9	2.216576000E-5
1.420300000E+9	2.145934000E-5
1.420303333E+9	2.181013000E-5
1.420306667E+9	2.207720000E-5
1.420310000E+9	2.179098000E-5
1.420313333E+9	2.186521000E-5
1.420316667E+9	2.137194000E-5
1.420320000E+9	2.154258000E-5
1.420323333E+9	2.168261000E-5
1.420326667E+9	2.357896000E-5
1.420330000E+9	2.361604000E-5
1.420333333E+9	2.134769000E-5
1.420336667E+9	2.133987000E-5
1.420340000E+9	2.156475000E-5
1.420343333E+9	2.096874000E-5
1.420346667E+9	2.136272000E-5
1.420350000E+9	2.151351000E-5
1.420353333E+9	2.304688000E-5
1.420356667E+9	2.149858000E-5
1.420360000E+9	2.176499000E-5
1.420363333E+9	2.130828000E-5
1.420366667E+9	2.198060000E-5
1.420370000E+9	2.169528000E-5
1.420373333E+9	2.198285000E-5
1.420376667E+9	2.167107000E-5
1.420380000E+9	2.148676000E-5
1.420383333E+9	2.201860000E-5
1.420386667E+9	2.188209000E-5
1.420390000E+9	2.200960000E-5
1.420393333E+9	2.163232000E-5
1.420396667E+9	2.161560000E-5
1.420400000E+9	2.141709000E-5
1.420403333E+9	2.134083000E-5
1.420406667E+9	2.146342000E-5
1.420410000E+9	2.127924000E-5
1.420413333E+9	2.176277000E-5
1.420416667E+9	2.185268000E-5
1.420420000E+9	2.263372000E-5
1.420423333E+9	2.250681000E-5
1.420426667E+9	2.171820000E-5
1.420430000E+9	2.144653000E-5
1.420433333E+9	2.123173000E-5
1.420436667E+9	2.156985000E-5
1.420440000E+9	2.110008000E-5
1.420443333E+9	2.118772000E-5
1.420446667E+9	2.137631000E-5
1.420450000E+9	2.147966000E-5
1.420453333E+9	2.148287000E-5
1.420456667E+9	2.230041000E-5
1.420460000E+9	2.195766000E-5
1.420463333E+9	2.158091000E-5
1.420466667E+9	2.189593000E-5
1.420470000E+9	2.152627000E-5
1.420473333E+9	2.206056000E-5
1.420476667E+9	2.148112000E-5
1.420480000E+9	2.157816000E-5
1.420483333E+9	2.158465000E-5
1.420486667E+9	2.244132000E-5
1.420490000E+9	2.205373000E-5
1.420493333E+9	2.143384000E-5
1.420496667E+9	2.158859000E-5
1.420500000E+9	2.158304000E-5
1.420503333E+9	2.149089000E-5
1.420506667E+9	2.169787000E-5
1.420510000E+9	2.147047000E-5
1.420513333E+9	2.190959000E-5
1.420516667E+9	2.195241000E-5
1.420520000E+9	2.113637000E-5
1.420523333E+9	2.159134000E-5
1.420526667E+9	2.186360000E-5
1.420530000E+9	2.230229000E-5
1.420533333E+9	2.145812000E-5
1.420536667E+9	2.159484000E-5
1.420540000E+9	2.153582000E-5
1.420543333E+9	2.135489000E-5
1.420546667E+9	2.136397000E-5
1.420550000E+9	2.173116000E-5
1.420553333E+9	2.153497000E-5
1.420556667E+9	2.310536000E-5
1.420560000E+9	2.107634000E-5
1.420563333E+9	2.093113000E-5
1.420566667E+9	2.126446000E-5
1.420570000E+9	2.140559000E-5
1.420573333E+9	2.157181000E-5
1.420576667E+9	2.183141000E-5
1.420580000E+9	2.159807000E-5
1.420583333E+9	2.160820000E-5
1.420586667E+9	2.184630000E-5
1.420590000E+9	2.158079000E-5
1.420593333E+9	2.176198000E-5
1.420596667E+9	2.175751000E-5
1.420600000E+9	2.192184000E-5
1.420603333E+9	2.208094000E-5
1.420606667E+9	2.277126000E-5
1.420610000E+9	2.169621000E-5
1.420613333E+9	2.110311000E-5
1.420616667E+9	2.126780000E-5
1.420620000E+9	2.525897000E-5
1.420623333E+9	2.591637000E-5
1.420626667E+9	2.179113000E-5
1.420630000E+9	2.149877000E-5
1.420633333E+9	2.148565000E-5
1.420636667E+9	2.167711000E-5
1.420640000E+9	2.166146000E-5
1.420643333E+9	2.157461000E-5
1.420646667E+9	2.220983000E-5
1.420650000E+9	2.159845000E-5
1.420653333E+9	2.137779000E-5
1.420656667E+9	2.127780000E-5
1.420660000E+9	2.195966000E-5
1.420663333E+9	2.167511000E-5
1.420666667E+9	2.192410000E-5
1.420670000E+9	2.214939000E-5
1.420673333E+9	2.147296000E-5
1.420676667E+9	2.141345000E-5
1.420680000E+9	2.141566000E-5
1.420683333E+9	2.174362000E-5
1.420686667E+9	2.133659000E-5
1.420690000E+9	2.342458000E-5
1.420693333E+9	2.196268000E-5
1.420696667E+9	2.153525000E-5
1.420700000E+9	2.135219000E-5
1.420703333E+9	2.117367000E-5
1.420706667E+9	2.168185000E-5
1.420710000E+9	2.173204000E-5
1.420713333E+9	2.166426000E-5
1.420716667E+9	2.166010000E-5
1.420720000E+9	2.203088000E-5
1.420723333E+9	2.151691000E-5
1.420726667E+9	2.141749000E-5
1.420730000E+9	2.187808000E-5
1.420733333E+9	2.147827000E-5
1.420736667E+9	2.164503000E-5
1.420740000E+9	2.168951000E-5
1.420743333E+9	2.158342000E-5
1.420746667E+9	2.142154000E-5
1.420750000E+9	2.175618000E-5
1.420753333E+9	2.150057000E-5
1.420756667E+9	2.312557000E-5
1.420760000E+9	2.334550000E-5
1.420763333E+9	2.185203000E-5
1.420766667E+9	2.128326000E-5
1.420770000E+9	2.130578000E-5
1.420773333E+9	2.141001000E-5
1.420776667E+9	2.156904000E-5
1.420780000E+9	2.177080000E-5
1.420783333E+9	2.143024000E-5
1.420786667E+9	2.189901000E-5
1.420790000E+9	2.161876000E-5
1.420793333E+9	2.186374000E-5
1.420796667E+9	2.264537000E-5
1.420800000E+9	2.152560000E-5
1.420803333E+9	2.170900000E-5
1.420806667E+9	2.128805000E-5
1.420810000E+9	2.181176000E-5
1.420813333E+9	2.116442000E-5
1.420816667E+9	2.197240000E-5
1.420820000E+9	2.184882000E-5
1.420823333E+9	2.253743000E-5
1.420826667E+9	2.352810000E-5
1.420830000E+9	2.115266000E-5
1.420833333E+9	2.171928000E-5
1.420836667E+9	2.082593000E-5
1.420840000E+9	2.158103000E-5
1.420843333E+9	2.242477000E-5
1.420846667E+9	2.467795000E-5
1.420850000E+9	2.181090000E-5
1.420853333E+9	2.199373000E-5
1.420856667E+9	2.159117000E-5
1.420860000E+9	2.166483000E-5
1.420863333E+9	2.146976000E-5
1.420866667E+9	2.156835000E-5
1.420870000E+9	2.175321000E-5
1.420873333E+9	2.148235000E-5
1.420876667E+9	2.210692000E-5
1.420880000E+9	2.149042000E-5
1.420883333E+9	2.400322000E-5
1.420886667E+9	2.387545000E-5
1.420890000E+9	2.182587000E-5
1.420893333E+9	2.400783000E-5
1.420896667E+9	2.352970000E-5
1.420900000E+9	2.492154000E-5
1.420903333E+9	2.157567000E-5
1.420906667E+9	2.160367000E-5
1.420910000E+9	2.205450000E-5
1.420913333E+9	3.219572000E-5
1.420916667E+9	2.599660000E-5
1.420920000E+9	2.172629000E-5
1.420923333E+9	2.166826000E-5
1.420926667E+9	2.227445000E-5
1.420930000E+9	2.192557000E-5
1.420933333E+9	2.159380000E-5
1.420936667E+9	2.172495000E-5
1.420940000E+9	2.143361000E-5
1.420943333E+9	2.201446000E-5
1.420946667E+9	2.212554000E-5
1.420950000E+9	2.180601000E-5
1.420953333E+9	2.180027000E-5
1.420956667E+9	2.181425000E-5
1.420960000E+9	2.424656000E-5
1.420963333E+9	2.319924000E-5
1.420966667E+9	2.146375000E-5
1.420970000E+9	2.190952000E-5
1.420973333E+9	2.162802000E-5
1.420976667E+9	2.157837000E-5
1.420980000E+9	2.180568000E-5
1.420983333E+9	2.167647000E-5
1.420986667E+9	2.155715000E-5
1.420990000E+9	2.204579000E-5
1.420993333E+9	2.172698000E-5
1.420996667E+9	2.179725000E-5
1.421000000E+9	2.197500000E-5
1.421003333E+9	2.208002000E-5
1.421006667E+9	2.171418000E-5
1.421010000E+9	2.190661000E-5
1.421013333E+9	2.224194000E-5
1.421016667E+9	2.138910000E-5
1.421020000E+9	2.177250000E-5
1.421023333E+9	2.180331000E-5
1.421026667E+9	2.512858000E-5
1.421030000E+9	2.557204000E-5
1.421033333E+9	2.172021000E-5
1.421036667E+9	2.198886000E-5
1.421040000E+9	2.237315000E-5
1.421043333E+9	2.204293000E-5
1.421046667E+9	2.172288000E-5
1.421050000E+9	2.202198000E-5
1.421053333E+9	2.149679000E-5
1.421056667E+9	2.228604000E-5
1.421060000E+9	2.191383000E-5
1.421063333E+9	2.133396000E-5
1.421066667E+9	2.219691000E-5
1.421070000E+9	2.198383000E-5
1.421073333E+9	2.133823000E-5
1.421076667E+9	2.171923000E-5
1.421080000E+9	2.192295000E-5
1.421083333E+9	2.187671000E-5
1.421086667E+9	2.167280000E-5
1.421090000E+9	2.202220000E-5
1.421093333E+9	2.407319000E-5
1.421096667E+9	2.786407000E-5
1.421100000E+9	2.272885000E-5
1.421103333E+9	2.282152000E-5
1.421106667E+9	2.255201000E-5
1.421110000E+9	2.234276000E-5
1.421113333E+9	2.234175000E-5
1.421116667E+9	2.168616000E-5
1.421120000E+9	2.207776000E-5
1.421123333E+9	2.203628000E-5
1.421126667E+9	2.226877000E-5
1.421130000E+9	2.178725000E-5
1.421133333E+9	2.239446000E-5
1.421136667E+9	2.214109000E-5
1.421140000E+9	2.191164000E-5
1.421143333E+9	2.238954000E-5
1.421146667E+9	2.184661000E-5
1.421150000E+9	2.190115000E-5
1.421153333E+9	2.218363000E-5
1.421156667E+9	2.221675000E-5
1.421160000E+9	2.363435000E-5
1.421163333E+9	2.860754000E-5
1.421166667E+9	2.380123000E-5
1.421170000E+9	2.262120000E-5
1.421173333E+9	2.280471000E-5
1.421176667E+9	2.320013000E-5
1.421180000E+9	2.544737000E-5
1.421183333E+9	2.200651000E-5
1.421186667E+9	2.200388000E-5
1.421190000E+9	2.291077000E-5
1.421193333E+9	2.273556000E-5
1.421196667E+9	2.290843000E-5
1.421200000E+9	2.250948000E-5
1.421203333E+9	2.236330000E-5
1.421206667E+9	2.640030000E-5
1.421210000E+9	2.427019000E-5
1.421213333E+9	2.246440000E-5
1.421216667E+9	2.253119000E-5
1.421220000E+9	2.296615000E-5
1.421223333E+9	2.305258000E-5
1.421226667E+9	2.402793000E-5
1.421230000E+9	2.921630000E-5
1.421233333E+9	2.688934000E-5
1.421236667E+9	2.329150000E-5
1.421240000E+9	2.308335000E-5
1.421243333E+9	2.329306000E-5
1.421246667E+9	2.285670000E-5
1.421250000E+9	2.301932000E-5
1.421253333E+9	2.358003000E-5
1.421256667E+9	2.372554000E-5
1.421260000E+9	2.429659000E-5
1.421263333E+9	2.408448000E-5
1.421266667E+9	2.404952000E-5
1.421270000E+9	2.338031000E-5
1.421273333E+9	2.425937000E-5
1.421276667E+9	2.460890000E-5
1.421280000E+9	2.487228000E-5
1.421283333E+9	2.442551000E-5
1.421286667E+9	2.429696000E-5
1.421290000E+9	2.454509000E-5
1.421293333E+9	2.614590000E-5
1.421296667E+9	3.336840000E-5
1.421300000E+9	3.404490000E-5
1.421303333E+9	2.585038000E-5
1.421306667E+9	2.505502000E-5
1.421310000E+9	2.536923000E-5
1.421313333E+9	2.584164000E-5
1.421316667E+9	2.533564000E-5
1.421320000E+9	2.495476000E-5
1.421323333E+9	2.603896000E-5
1.421326667E+9	2.601453000E-5
1.421330000E+9	2.654432000E-5
1.421333333E+9	2.603816000E-5
1.421336667E+9	2.640732000E-5
1.421340000E+9	2.703662000E-5
1.421343333E+9	2.985615000E-5
1.421346667E+9	2.930739000E-5
1.421350000E+9	2.763167000E-5
1.421353333E+9	2.713932000E-5
1.421356667E+9	2.748003000E-5
1.421360000E+9	2.862359000E-5
1.421363333E+9	4.107538000E-5
1.421366667E+9	5.376843000E-5
1.421370000E+9	3.386063000E-5
1.421373333E+9	2.841449000E-5
1.421376667E+9	2.717486000E-5
1.421380000E+9	2.698748000E-5
1.421383333E+9	2.678583000E-5
1.421386667E+9	2.618118000E-5
1.421390000E+9	2.694982000E-5
1.421393333E+9	2.677950000E-5
1.421396667E+9	2.695212000E-5
1.421400000E+9	2.705156000E-5
