Frequency, Hz	Amplitude, Volts
1.419400000E+9	1.763119000E-5
1.419403333E+9	1.769278000E-5
1.419406667E+9	1.746499000E-5
1.419410000E+9	1.744518000E-5
1.419413333E+9	1.761478000E-5
1.419416667E+9	1.765333000E-5
1.419420000E+9	1.718329000E-5
1.419423333E+9	1.769414000E-5
1.419426667E+9	1.708449000E-5
1.419430000E+9	1.731674000E-5
1.419433333E+9	1.748103000E-5
1.419436667E+9	1.709887000E-5
1.419440000E+9	1.706857000E-5
1.419443333E+9	1.747946000E-5
1.419446667E+9	1.772541000E-5
1.419450000E+9	1.813087000E-5
1.419453333E+9	1.742248000E-5
1.419456667E+9	1.752069000E-5
1.419460000E+9	1.748877000E-5
1.419463333E+9	1.718469000E-5
1.419466667E+9	1.734108000E-5
1.419470000E+9	1.738386000E-5
1.419473333E+9	1.734376000E-5
1.419476667E+9	1.751171000E-5
1.419480000E+9	1.737384000E-5
1.419483333E+9	1.722646000E-5
1.419486667E+9	1.758195000E-5
1.419490000E+9	1.714118000E-5
1.419493333E+9	1.755107000E-5
1.419496667E+9	1.738094000E-5
1.419500000E+9	1.731182000E-5
1.419503333E+9	1.734013000E-5
1.419506667E+9	1.743244000E-5
1.419510000E+9	1.721740000E-5
1.419513333E+9	1.730705000E-5
1.419516667E+9	1.741242000E-5
1.419520000E+9	1.728176000E-5
1.419523333E+9	1.748393000E-5
1.419526667E+9	1.737899000E-5
1.419530000E+9	1.716231000E-5
1.419533333E+9	1.756330000E-5
1.419536667E+9	1.719188000E-5
1.419540000E+9	1.743514000E-5
1.419543333E+9	1.723041000E-5
1.419546667E+9	1.749053000E-5
1.419550000E+9	1.747533000E-5
1.419553333E+9	1.745027000E-5
1.419556667E+9	1.714532000E-5
1.419560000E+9	1.705260000E-5
1.419563333E+9	1.730834000E-5
1.419566667E+9	1.722251000E-5
1.419570000E+9	1.762324000E-5
1.419573333E+9	1.747034000E-5
1.419576667E+9	1.703112000E-5
1.419580000E+9	1.735954000E-5
1.419583333E+9	1.722345000E-5
1.419586667E+9	1.716497000E-5
1.419590000E+9	1.720644000E-5
1.419593333E+9	1.724249000E-5
1.419596667E+9	1.709600000E-5
1.419600000E+9	1.736873000E-5
1.419603333E+9	1.724190000E-5
1.419606667E+9	1.749040000E-5
1.419610000E+9	1.735950000E-5
1.419613333E+9	1.697244000E-5
1.419616667E+9	1.727669000E-5
1.419620000E+9	1.698926000E-5
1.419623333E+9	1.722933000E-5
1.419626667E+9	1.709630000E-5
1.419630000E+9	1.693267000E-5
1.419633333E+9	1.719396000E-5
1.419636667E+9	1.745016000E-5
1.419640000E+9	1.714135000E-5
1.419643333E+9	1.699161000E-5
1.419646667E+9	1.726077000E-5
1.419650000E+9	1.734156000E-5
1.419653333E+9	1.699758000E-5
1.419656667E+9	1.717537000E-5
1.419660000E+9	1.718145000E-5
1.419663333E+9	1.746689000E-5
1.419666667E+9	1.724546000E-5
1.419670000E+9	1.736503000E-5
1.419673333E+9	1.723637000E-5
1.419676667E+9	1.752088000E-5
1.419680000E+9	1.707894000E-5
1.419683333E+9	1.741836000E-5
1.419686667E+9	1.713732000E-5
1.419690000E+9	1.711882000E-5
1.419693333E+9	1.690224000E-5
1.419696667E+9	1.739684000E-5
1.419700000E+9	1.718828000E-5
1.419703333E+9	1.749345000E-5
1.419706667E+9	1.696130000E-5
1.419710000E+9	1.692167000E-5
1.419713333E+9	1.733050000E-5
1.419716667E+9	1.690969000E-5
1.419720000E+9	1.736501000E-5
1.419723333E+9	1.731722000E-5
1.419726667E+9	1.775950000E-5
1.419730000E+9	1.763934000E-5
1.419733333E+9	1.752198000E-5
1.419736667E+9	1.707439000E-5
1.419740000E+9	1.747401000E-5
1.419743333E+9	1.795215000E-5
1.419746667E+9	1.739980000E-5
1.419750000E+9	1.737865000E-5
1.419753333E+9	1.717166000E-5
1.419756667E+9	1.759677000E-5
1.419760000E+9	1.713834000E-5
1.419763333E+9	1.734700000E-5
1.419766667E+9	1.732852000E-5
1.419770000E+9	1.728792000E-5
1.419773333E+9	1.695254000E-5
1.419776667E+9	1.711527000E-5
1.419780000E+9	1.726048000E-5
1.419783333E+9	1.739782000E-5
1.419786667E+9	1.759686000E-5
1.419790000E+9	1.729273000E-5
1.419793333E+9	1.768449000E-5
1.419796667E+9	1.710364000E-5
1.419800000E+9	1.750796000E-5
1.419803333E+9	1.717483000E-5
1.419806667E+9	1.699366000E-5
1.419810000E+9	1.720440000E-5
1.419813333E+9	1.709110000E-5
1.419816667E+9	1.728297000E-5
1.419820000E+9	1.767596000E-5
1.419823333E+9	1.735253000E-5
1.419826667E+9	1.708033000E-5
1.419830000E+9	1.738808000E-5
1.419833333E+9	1.752954000E-5
1.419836667E+9	1.756142000E-5
1.419840000E+9	1.727777000E-5
1.419843333E+9	1.735378000E-5
1.419846667E+9	1.745297000E-5
1.419850000E+9	1.754566000E-5
1.419853333E+9	1.737868000E-5
1.419856667E+9	1.724370000E-5
1.419860000E+9	1.722761000E-5
1.419863333E+9	1.779289000E-5
1.419866667E+9	1.746917000E-5
1.419870000E+9	1.797932000E-5
1.419873333E+9	1.732682000E-5
1.419876667E+9	1.744956000E-5
1.419880000E+9	1.709480000E-5
1.419883333E+9	1.733815000E-5
1.419886667E+9	1.731840000E-5
1.419890000E+9	1.756033000E-5
1.419893333E+9	1.741907000E-5
1.419896667E+9	1.726846000E-5
1.419900000E+9	1.751211000E-5
1.419903333E+9	1.710724000E-5
1.419906667E+9	1.733124000E-5
1.419910000E+9	1.745401000E-5
1.419913333E+9	1.728878000E-5
1.419916667E+9	1.723940000E-5
1.419920000E+9	1.730217000E-5
1.419923333E+9	1.720253000E-5
1.419926667E+9	1.714973000E-5
1.419930000E+9	1.716295000E-5
1.419933333E+9	1.712703000E-5
1.419936667E+9	1.730279000E-5
1.419940000E+9	1.740431000E-5
1.419943333E+9	1.723719000E-5
1.419946667E+9	1.731961000E-5
1.419950000E+9	1.729806000E-5
1.419953333E+9	1.728984000E-5
1.419956667E+9	1.745867000E-5
1.419960000E+9	1.736621000E-5
1.419963333E+9	1.761101000E-5
1.419966667E+9	1.743271000E-5
1.419970000E+9	1.683956000E-5
1.419973333E+9	1.721220000E-5
1.419976667E+9	1.745522000E-5
1.419980000E+9	1.761832000E-5
1.419983333E+9	1.725196000E-5
1.419986667E+9	1.733386000E-5
1.419990000E+9	1.742385000E-5
1.419993333E+9	1.707274000E-5
1.419996667E+9	1.730279000E-5
1.420000000E+9	1.766211000E-5
1.420003333E+9	1.765250000E-5
1.420006667E+9	1.722052000E-5
1.420010000E+9	1.698490000E-5
1.420013333E+9	1.717513000E-5
1.420016667E+9	1.716165000E-5
1.420020000E+9	1.761888000E-5
1.420023333E+9	1.732924000E-5
1.420026667E+9	1.745686000E-5
1.420030000E+9	1.707553000E-5
1.420033333E+9	1.750496000E-5
1.420036667E+9	1.800322000E-5
1.420040000E+9	1.728758000E-5
1.420043333E+9	1.696889000E-5
1.420046667E+9	1.701560000E-5
1.420050000E+9	1.705717000E-5
1.420053333E+9	1.736398000E-5
1.420056667E+9	1.724239000E-5
1.420060000E+9	1.762883000E-5
1.420063333E+9	1.733733000E-5
1.420066667E+9	1.729174000E-5
1.420070000E+9	1.714259000E-5
1.420073333E+9	1.707677000E-5
1.420076667E+9	1.735390000E-5
1.420080000E+9	1.725074000E-5
1.420083333E+9	1.721496000E-5
1.420086667E+9	1.731469000E-5
1.420090000E+9	1.741874000E-5
1.420093333E+9	1.691763000E-5
1.420096667E+9	1.754094000E-5
1.420100000E+9	1.736592000E-5
1.420103333E+9	1.732648000E-5
1.420106667E+9	1.743147000E-5
1.420110000E+9	1.728404000E-5
1.420113333E+9	1.719532000E-5
1.420116667E+9	1.710578000E-5
1.420120000E+9	1.718231000E-5
1.420123333E+9	1.733093000E-5
1.420126667E+9	1.734363000E-5
1.420130000E+9	1.736621000E-5
1.420133333E+9	1.719704000E-5
1.420136667E+9	1.732393000E-5
1.420140000E+9	1.693328000E-5
1.420143333E+9	1.731806000E-5
1.420146667E+9	1.725916000E-5
1.420150000E+9	1.715472000E-5
1.420153333E+9	1.728252000E-5
1.420156667E+9	1.749136000E-5
1.420160000E+9	1.713591000E-5
1.420163333E+9	1.752046000E-5
1.420166667E+9	1.743851000E-5
1.420170000E+9	1.726177000E-5
1.420173333E+9	1.746398000E-5
1.420176667E+9	1.754955000E-5
1.420180000E+9	1.781672000E-5
1.420183333E+9	1.747464000E-5
1.420186667E+9	1.757622000E-5
1.420190000E+9	1.742320000E-5
1.420193333E+9	1.749618000E-5
1.420196667E+9	1.774233000E-5
1.420200000E+9	1.792422000E-5
1.420203333E+9	1.808873000E-5
1.420206667E+9	1.763576000E-5
1.420210000E+9	1.758496000E-5
1.420213333E+9	1.745911000E-5
1.420216667E+9	1.782232000E-5
1.420220000E+9	1.770685000E-5
1.420223333E+9	1.788530000E-5
1.420226667E+9	1.753172000E-5
1.420230000E+9	1.793832000E-5
1.420233333E+9	1.795745000E-5
1.420236667E+9	1.778408000E-5
1.420240000E+9	1.793972000E-5
1.420243333E+9	1.827195000E-5
1.420246667E+9	1.830529000E-5
1.420250000E+9	1.841693000E-5
1.420253333E+9	1.856406000E-5
1.420256667E+9	1.802759000E-5
1.420260000E+9	1.804682000E-5
1.420263333E+9	1.823330000E-5
1.420266667E+9	1.841701000E-5
1.420270000E+9	1.824349000E-5
1.420273333E+9	1.821607000E-5
1.420276667E+9	1.832952000E-5
1.420280000E+9	1.815913000E-5
1.420283333E+9	1.832097000E-5
1.420286667E+9	1.852379000E-5
1.420290000E+9	1.808686000E-5
1.420293333E+9	1.801166000E-5
1.420296667E+9	1.831811000E-5
1.420300000E+9	1.775170000E-5
1.420303333E+9	1.811001000E-5
1.420306667E+9	1.796799000E-5
1.420310000E+9	1.853715000E-5
1.420313333E+9	1.819402000E-5
1.420316667E+9	1.857366000E-5
1.420320000E+9	1.886831000E-5
1.420323333E+9	1.873181000E-5
1.420326667E+9	1.893114000E-5
1.420330000E+9	1.914256000E-5
1.420333333E+9	1.925474000E-5
1.420336667E+9	1.859774000E-5
1.420340000E+9	1.843277000E-5
1.420343333E+9	1.849079000E-5
1.420346667E+9	1.833310000E-5
1.420350000E+9	1.778615000E-5
1.420353333E+9	1.779283000E-5
1.420356667E+9	1.776461000E-5
1.420360000E+9	1.738325000E-5
1.420363333E+9	1.722593000E-5
1.420366667E+9	1.729854000E-5
1.420370000E+9	1.731275000E-5
1.420373333E+9	1.703211000E-5
1.420376667E+9	1.682271000E-5
1.420380000E+9	1.713975000E-5
1.420383333E+9	1.727859000E-5
1.420386667E+9	1.716384000E-5
1.420390000E+9	1.653785000E-5
1.420393333E+9	1.684755000E-5
1.420396667E+9	1.726012000E-5
1.420400000E+9	1.717126000E-5
1.420403333E+9	1.701342000E-5
1.420406667E+9	1.671770000E-5
1.420410000E+9	1.715696000E-5
1.420413333E+9	1.705717000E-5
1.420416667E+9	1.703134000E-5
1.420420000E+9	1.703422000E-5
1.420423333E+9	1.685366000E-5
1.420426667E+9	1.706434000E-5
1.420430000E+9	1.684431000E-5
1.420433333E+9	1.693107000E-5
1.420436667E+9	1.687228000E-5
1.420440000E+9	1.685347000E-5
1.420443333E+9	1.679163000E-5
1.420446667E+9	1.686548000E-5
1.420450000E+9	1.705537000E-5
1.420453333E+9	1.715067000E-5
1.420456667E+9	1.699074000E-5
1.420460000E+9	1.725603000E-5
1.420463333E+9	1.695146000E-5
1.420466667E+9	1.726186000E-5
1.420470000E+9	1.683732000E-5
1.420473333E+9	1.702816000E-5
1.420476667E+9	1.736493000E-5
1.420480000E+9	1.757082000E-5
1.420483333E+9	1.748660000E-5
1.420486667E+9	1.716564000E-5
1.420490000E+9	1.729520000E-5
1.420493333E+9	1.722722000E-5
1.420496667E+9	1.732365000E-5
1.420500000E+9	1.719024000E-5
1.420503333E+9	1.724783000E-5
1.420506667E+9	1.769482000E-5
1.420510000E+9	1.708192000E-5
1.420513333E+9	1.733862000E-5
1.420516667E+9	1.744328000E-5
1.420520000E+9	1.735786000E-5
1.420523333E+9	1.711596000E-5
1.420526667E+9	1.715894000E-5
1.420530000E+9	1.717156000E-5
1.420533333E+9	1.728493000E-5
1.420536667E+9	1.709106000E-5
1.420540000E+9	1.664277000E-5
1.420543333E+9	1.701542000E-5
1.420546667E+9	1.742948000E-5
1.420550000E+9	1.703931000E-5
1.420553333E+9	1.718390000E-5
1.420556667E+9	1.727847000E-5
1.420560000E+9	1.661670000E-5
1.420563333E+9	1.673814000E-5
1.420566667E+9	1.643865000E-5
1.420570000E+9	1.712658000E-5
1.420573333E+9	1.663477000E-5
1.420576667E+9	1.698162000E-5
1.420580000E+9	1.690885000E-5
1.420583333E+9	1.691136000E-5
1.420586667E+9	1.652366000E-5
1.420590000E+9	1.693782000E-5
1.420593333E+9	1.685125000E-5
1.420596667E+9	1.681174000E-5
1.420600000E+9	1.685628000E-5
1.420603333E+9	1.785853000E-5
1.420606667E+9	1.679078000E-5
1.420610000E+9	1.688332000E-5
1.420613333E+9	1.665506000E-5
1.420616667E+9	1.692815000E-5
1.420620000E+9	1.753543000E-5
1.420623333E+9	1.759060000E-5
1.420626667E+9	1.702725000E-5
1.420630000E+9	1.663097000E-5
1.420633333E+9	1.669480000E-5
1.420636667E+9	1.690260000E-5
1.420640000E+9	1.700216000E-5
1.420643333E+9	1.673959000E-5
1.420646667E+9	1.690421000E-5
1.420650000E+9	1.703362000E-5
1.420653333E+9	1.691489000E-5
1.420656667E+9	1.677066000E-5
1.420660000E+9	1.689432000E-5
1.420663333E+9	1.661431000E-5
1.420666667E+9	1.654655000E-5
1.420670000E+9	1.669904000E-5
1.420673333E+9	1.658353000E-5
1.420676667E+9	1.657470000E-5
1.420680000E+9	1.656826000E-5
1.420683333E+9	1.636598000E-5
1.420686667E+9	1.637308000E-5
1.420690000E+9	1.681128000E-5
1.420693333E+9	1.660133000E-5
1.420696667E+9	1.721685000E-5
1.420700000E+9	1.667639000E-5
1.420703333E+9	1.654564000E-5
1.420706667E+9	1.645741000E-5
1.420710000E+9	1.676724000E-5
1.420713333E+9	1.658233000E-5
1.420716667E+9	1.658318000E-5
1.420720000E+9	1.684614000E-5
1.420723333E+9	1.669239000E-5
1.420726667E+9	1.667932000E-5
1.420730000E+9	1.673230000E-5
1.420733333E+9	1.707830000E-5
1.420736667E+9	1.631515000E-5
1.420740000E+9	1.670562000E-5
1.420743333E+9	1.658373000E-5
1.420746667E+9	1.627668000E-5
1.420750000E+9	1.687741000E-5
1.420753333E+9	1.641579000E-5
1.420756667E+9	1.643552000E-5
1.420760000E+9	1.630487000E-5
1.420763333E+9	1.699895000E-5
1.420766667E+9	1.648045000E-5
1.420770000E+9	1.656602000E-5
1.420773333E+9	1.695075000E-5
1.420776667E+9	1.681322000E-5
1.420780000E+9	1.663388000E-5
1.420783333E+9	1.639225000E-5
1.420786667E+9	1.641448000E-5
1.420790000E+9	1.651517000E-5
1.420793333E+9	1.630656000E-5
1.420796667E+9	1.639699000E-5
1.420800000E+9	1.633767000E-5
1.420803333E+9	1.646907000E-5
1.420806667E+9	1.668632000E-5
1.420810000E+9	1.656435000E-5
1.420813333E+9	1.663214000E-5
1.420816667E+9	1.652277000E-5
1.420820000E+9	1.658874000E-5
1.420823333E+9	1.670727000E-5
1.420826667E+9	1.664749000E-5
1.420830000E+9	1.653876000E-5
1.420833333E+9	1.657739000E-5
1.420836667E+9	1.642742000E-5
1.420840000E+9	1.636523000E-5
1.420843333E+9	1.677387000E-5
1.420846667E+9	1.654886000E-5
1.420850000E+9	1.653845000E-5
1.420853333E+9	1.611580000E-5
1.420856667E+9	1.665378000E-5
1.420860000E+9	1.634490000E-5
1.420863333E+9	1.651307000E-5
1.420866667E+9	1.664255000E-5
1.420870000E+9	1.662079000E-5
1.420873333E+9	1.661681000E-5
1.420876667E+9	1.630520000E-5
1.420880000E+9	1.654708000E-5
1.420883333E+9	1.696846000E-5
1.420886667E+9	1.682581000E-5
1.420890000E+9	1.685552000E-5
1.420893333E+9	1.666634000E-5
1.420896667E+9	1.656075000E-5
1.420900000E+9	1.703033000E-5
1.420903333E+9	1.691045000E-5
1.420906667E+9	1.654225000E-5
1.420910000E+9	1.681894000E-5
1.420913333E+9	1.909141000E-5
1.420916667E+9	1.837595000E-5
1.420920000E+9	1.788347000E-5
1.420923333E+9	1.658768000E-5
1.420926667E+9	1.688842000E-5
1.420930000E+9	1.678400000E-5
1.420933333E+9	1.645392000E-5
1.420936667E+9	1.650951000E-5
1.420940000E+9	1.649400000E-5
1.420943333E+9	1.623517000E-5
1.420946667E+9	1.654457000E-5
1.420950000E+9	1.659147000E-5
1.420953333E+9	1.651343000E-5
1.420956667E+9	1.650846000E-5
1.420960000E+9	1.662126000E-5
1.420963333E+9	1.651138000E-5
1.420966667E+9	1.636528000E-5
1.420970000E+9	1.670284000E-5
1.420973333E+9	1.666978000E-5
1.420976667E+9	1.645804000E-5
1.420980000E+9	1.674584000E-5
1.420983333E+9	1.656613000E-5
1.420986667E+9	1.666828000E-5
1.420990000E+9	1.672590000E-5
1.420993333E+9	1.666097000E-5
1.420996667E+9	1.629555000E-5
1.421000000E+9	1.659340000E-5
1.421003333E+9	1.678440000E-5
1.421006667E+9	1.677446000E-5
1.421010000E+9	1.652380000E-5
1.421013333E+9	1.637628000E-5
1.421016667E+9	1.671674000E-5
1.421020000E+9	1.648508000E-5
1.421023333E+9	1.678514000E-5
1.421026667E+9	1.661114000E-5
1.421030000E+9	1.632407000E-5
1.421033333E+9	1.664155000E-5
1.421036667E+9	1.657483000E-5
1.421040000E+9	1.646240000E-5
1.421043333E+9	1.669950000E-5
1.421046667E+9	1.684359000E-5
1.421050000E+9	1.631585000E-5
1.421053333E+9	1.629371000E-5
1.421056667E+9	1.664206000E-5
1.421060000E+9	1.639906000E-5
1.421063333E+9	1.634201000E-5
1.421066667E+9	1.686411000E-5
1.421070000E+9	1.690213000E-5
1.421073333E+9	1.682503000E-5
1.421076667E+9	1.643807000E-5
1.421080000E+9	1.685138000E-5
1.421083333E+9	1.662170000E-5
1.421086667E+9	1.676854000E-5
1.421090000E+9	1.667771000E-5
1.421093333E+9	1.665444000E-5
1.421096667E+9	1.690811000E-5
1.421100000E+9	1.700742000E-5
1.421103333E+9	1.672987000E-5
1.421106667E+9	1.652092000E-5
1.421110000E+9	1.653738000E-5
1.421113333E+9	1.677180000E-5
1.421116667E+9	1.677831000E-5
1.421120000E+9	1.689998000E-5
1.421123333E+9	1.645300000E-5
1.421126667E+9	1.683601000E-5
1.421130000E+9	1.670951000E-5
1.421133333E+9	1.690679000E-5
1.421136667E+9	1.682141000E-5
1.421140000E+9	1.668678000E-5
1.421143333E+9	1.681414000E-5
1.421146667E+9	1.661688000E-5
1.421150000E+9	1.629253000E-5
1.421153333E+9	1.664674000E-5
1.421156667E+9	1.658058000E-5
1.421160000E+9	1.665638000E-5
1.421163333E+9	1.702730000E-5
1.421166667E+9	1.677085000E-5
1.421170000E+9	1.673208000E-5
1.421173333E+9	1.658879000E-5
1.421176667E+9	1.678470000E-5
1.421180000E+9	1.711134000E-5
1.421183333E+9	1.668258000E-5
1.421186667E+9	1.682808000E-5
1.421190000E+9	1.690857000E-5
1.421193333E+9	1.680491000E-5
1.421196667E+9	1.699137000E-5
1.421200000E+9	1.679890000E-5
1.421203333E+9	1.662228000E-5
1.421206667E+9	1.723711000E-5
1.421210000E+9	1.749282000E-5
1.421213333E+9	1.724739000E-5
1.421216667E+9	1.680048000E-5
1.421220000E+9	1.658071000E-5
1.421223333E+9	1.668544000E-5
1.421226667E+9	1.647426000E-5
1.421230000E+9	1.691128000E-5
1.421233333E+9	1.659555000E-5
1.421236667E+9	1.667606000E-5
1.421240000E+9	1.668700000E-5
1.421243333E+9	1.651394000E-5
1.421246667E+9	1.657024000E-5
1.421250000E+9	1.650843000E-5
1.421253333E+9	1.638705000E-5
1.421256667E+9	1.665027000E-5
1.421260000E+9	1.642295000E-5
1.421263333E+9	1.680675000E-5
1.421266667E+9	1.678168000E-5
1.421270000E+9	1.628530000E-5
1.421273333E+9	1.629217000E-5
1.421276667E+9	1.700656000E-5
1.421280000E+9	1.642268000E-5
1.421283333E+9	1.654748000E-5
1.421286667E+9	1.664990000E-5
1.421290000E+9	1.645933000E-5
1.421293333E+9	1.664736000E-5
1.421296667E+9	1.686880000E-5
1.421300000E+9	1.703256000E-5
1.421303333E+9	1.666634000E-5
1.421306667E+9	1.683941000E-5
1.421310000E+9	1.652732000E-5
1.421313333E+9	1.659156000E-5
1.421316667E+9	1.672466000E-5
1.421320000E+9	1.704867000E-5
1.421323333E+9	1.662093000E-5
1.421326667E+9	1.639892000E-5
1.421330000E+9	1.645040000E-5
1.421333333E+9	1.659735000E-5
1.421336667E+9	1.667627000E-5
1.421340000E+9	1.651171000E-5
1.421343333E+9	1.702427000E-5
1.421346667E+9	1.696227000E-5
1.421350000E+9	1.666283000E-5
1.421353333E+9	1.666966000E-5
1.421356667E+9	1.682332000E-5
1.421360000E+9	1.704919000E-5
1.421363333E+9	1.672181000E-5
1.421366667E+9	1.908307000E-5
1.421370000E+9	1.708123000E-5
1.421373333E+9	1.665539000E-5
1.421376667E+9	1.663530000E-5
1.421380000E+9	1.658954000E-5
1.421383333E+9	1.654581000E-5
1.421386667E+9	1.660357000E-5
1.421390000E+9	1.661728000E-5
1.421393333E+9	1.663344000E-5
1.421396667E+9	1.643536000E-5
1.421400000E+9	1.647612000E-5
