Frequency, Hz	Amplitude, Volts
1.419400000E+9	1.525277000E-5
1.419403333E+9	1.560050000E-5
1.419406667E+9	1.552073000E-5
1.419410000E+9	1.531114000E-5
1.419413333E+9	1.614391000E-5
1.419416667E+9	1.559312000E-5
1.419420000E+9	1.530553000E-5
1.419423333E+9	1.555916000E-5
1.419426667E+9	1.523631000E-5
1.419430000E+9	1.519400000E-5
1.419433333E+9	1.530780000E-5
1.419436667E+9	1.550013000E-5
1.419440000E+9	1.550721000E-5
1.419443333E+9	1.536896000E-5
1.419446667E+9	1.602893000E-5
1.419450000E+9	1.898372000E-5
1.419453333E+9	1.612108000E-5
1.419456667E+9	1.557175000E-5
1.419460000E+9	1.528519000E-5
1.419463333E+9	1.508462000E-5
1.419466667E+9	1.570592000E-5
1.419470000E+9	1.559725000E-5
1.419473333E+9	1.496550000E-5
1.419476667E+9	1.554352000E-5
1.419480000E+9	1.522314000E-5
1.419483333E+9	1.531642000E-5
1.419486667E+9	1.512700000E-5
1.419490000E+9	1.518529000E-5
1.419493333E+9	1.540160000E-5
1.419496667E+9	1.568612000E-5
1.419500000E+9	1.514211000E-5
1.419503333E+9	1.541561000E-5
1.419506667E+9	1.547219000E-5
1.419510000E+9	1.557409000E-5
1.419513333E+9	1.517478000E-5
1.419516667E+9	1.564072000E-5
1.419520000E+9	1.562476000E-5
1.419523333E+9	1.539521000E-5
1.419526667E+9	1.566937000E-5
1.419530000E+9	1.557948000E-5
1.419533333E+9	1.531923000E-5
1.419536667E+9	1.545519000E-5
1.419540000E+9	1.557565000E-5
1.419543333E+9	1.530843000E-5
1.419546667E+9	1.511779000E-5
1.419550000E+9	1.524271000E-5
1.419553333E+9	1.529983000E-5
1.419556667E+9	1.544417000E-5
1.419560000E+9	1.517939000E-5
1.419563333E+9	1.561142000E-5
1.419566667E+9	1.554294000E-5
1.419570000E+9	1.568101000E-5
1.419573333E+9	1.534359000E-5
1.419576667E+9	1.537868000E-5
1.419580000E+9	1.532046000E-5
1.419583333E+9	1.536404000E-5
1.419586667E+9	1.504458000E-5
1.419590000E+9	1.552881000E-5
1.419593333E+9	1.550517000E-5
1.419596667E+9	1.540654000E-5
1.419600000E+9	1.541371000E-5
1.419603333E+9	1.581154000E-5
1.419606667E+9	1.532751000E-5
1.419610000E+9	1.517015000E-5
1.419613333E+9	1.528039000E-5
1.419616667E+9	1.547702000E-5
1.419620000E+9	1.532206000E-5
1.419623333E+9	1.527730000E-5
1.419626667E+9	1.539869000E-5
1.419630000E+9	1.547807000E-5
1.419633333E+9	1.570515000E-5
1.419636667E+9	1.555835000E-5
1.419640000E+9	1.528078000E-5
1.419643333E+9	1.532145000E-5
1.419646667E+9	1.526798000E-5
1.419650000E+9	1.542451000E-5
1.419653333E+9	1.584306000E-5
1.419656667E+9	1.542715000E-5
1.419660000E+9	1.504298000E-5
1.419663333E+9	1.527430000E-5
1.419666667E+9	1.520231000E-5
1.419670000E+9	1.530790000E-5
1.419673333E+9	1.540121000E-5
1.419676667E+9	1.541110000E-5
1.419680000E+9	1.515671000E-5
1.419683333E+9	1.522474000E-5
1.419686667E+9	1.551854000E-5
1.419690000E+9	1.550285000E-5
1.419693333E+9	1.553852000E-5
1.419696667E+9	1.555933000E-5
1.419700000E+9	1.535065000E-5
1.419703333E+9	1.491642000E-5
1.419706667E+9	1.585080000E-5
1.419710000E+9	1.592165000E-5
1.419713333E+9	1.546270000E-5
1.419716667E+9	1.523367000E-5
1.419720000E+9	1.528059000E-5
1.419723333E+9	1.556396000E-5
1.419726667E+9	1.554089000E-5
1.419730000E+9	1.555396000E-5
1.419733333E+9	1.691665000E-5
1.419736667E+9	1.539146000E-5
1.419740000E+9	1.650618000E-5
1.419743333E+9	1.974382000E-5
1.419746667E+9	1.567762000E-5
1.419750000E+9	1.590785000E-5
1.419753333E+9	1.531329000E-5
1.419756667E+9	1.525995000E-5
1.419760000E+9	1.543442000E-5
1.419763333E+9	1.531018000E-5
1.419766667E+9	1.538780000E-5
1.419770000E+9	1.531607000E-5
1.419773333E+9	1.540199000E-5
1.419776667E+9	1.557027000E-5
1.419780000E+9	1.570625000E-5
1.419783333E+9	1.555760000E-5
1.419786667E+9	1.533293000E-5
1.419790000E+9	1.547951000E-5
1.419793333E+9	1.542637000E-5
1.419796667E+9	1.547054000E-5
1.419800000E+9	1.532589000E-5
1.419803333E+9	1.551032000E-5
1.419806667E+9	1.529825000E-5
1.419810000E+9	1.545465000E-5
1.419813333E+9	1.514525000E-5
1.419816667E+9	1.549124000E-5
1.419820000E+9	1.534377000E-5
1.419823333E+9	1.550028000E-5
1.419826667E+9	1.541506000E-5
1.419830000E+9	1.496440000E-5
1.419833333E+9	1.566433000E-5
1.419836667E+9	1.553639000E-5
1.419840000E+9	1.533739000E-5
1.419843333E+9	1.544943000E-5
1.419846667E+9	1.500726000E-5
1.419850000E+9	1.513512000E-5
1.419853333E+9	1.557818000E-5
1.419856667E+9	1.494365000E-5
1.419860000E+9	1.530213000E-5
1.419863333E+9	1.571935000E-5
1.419866667E+9	1.518363000E-5
1.419870000E+9	1.557895000E-5
1.419873333E+9	1.516597000E-5
1.419876667E+9	1.532012000E-5
1.419880000E+9	1.523762000E-5
1.419883333E+9	1.557938000E-5
1.419886667E+9	1.540383000E-5
1.419890000E+9	1.528663000E-5
1.419893333E+9	1.530272000E-5
1.419896667E+9	1.552811000E-5
1.419900000E+9	1.575221000E-5
1.419903333E+9	1.548201000E-5
1.419906667E+9	1.524138000E-5
1.419910000E+9	1.496915000E-5
1.419913333E+9	1.556724000E-5
1.419916667E+9	1.521644000E-5
1.419920000E+9	1.531371000E-5
1.419923333E+9	1.518494000E-5
1.419926667E+9	1.546158000E-5
1.419930000E+9	1.514014000E-5
1.419933333E+9	1.537563000E-5
1.419936667E+9	1.549137000E-5
1.419940000E+9	1.529266000E-5
1.419943333E+9	1.565082000E-5
1.419946667E+9	1.570751000E-5
1.419950000E+9	1.526196000E-5
1.419953333E+9	1.523648000E-5
1.419956667E+9	1.509934000E-5
1.419960000E+9	1.503464000E-5
1.419963333E+9	1.522173000E-5
1.419966667E+9	1.529201000E-5
1.419970000E+9	1.562030000E-5
1.419973333E+9	1.545849000E-5
1.419976667E+9	1.556139000E-5
1.419980000E+9	1.532515000E-5
1.419983333E+9	1.544688000E-5
1.419986667E+9	1.523769000E-5
1.419990000E+9	1.542182000E-5
1.419993333E+9	1.529968000E-5
1.419996667E+9	1.539889000E-5
1.420000000E+9	1.665078000E-5
1.420003333E+9	1.903134000E-5
1.420006667E+9	1.539331000E-5
1.420010000E+9	1.559576000E-5
1.420013333E+9	1.532315000E-5
1.420016667E+9	1.524818000E-5
1.420020000E+9	1.558752000E-5
1.420023333E+9	1.537136000E-5
1.420026667E+9	1.561359000E-5
1.420030000E+9	1.542250000E-5
1.420033333E+9	1.617851000E-5
1.420036667E+9	1.808849000E-5
1.420040000E+9	1.561570000E-5
1.420043333E+9	1.554131000E-5
1.420046667E+9	1.543947000E-5
1.420050000E+9	1.544943000E-5
1.420053333E+9	1.524718000E-5
1.420056667E+9	1.534199000E-5
1.420060000E+9	1.505828000E-5
1.420063333E+9	1.520199000E-5
1.420066667E+9	1.514696000E-5
1.420070000E+9	1.517693000E-5
1.420073333E+9	1.522670000E-5
1.420076667E+9	1.532757000E-5
1.420080000E+9	1.543995000E-5
1.420083333E+9	1.547214000E-5
1.420086667E+9	1.543879000E-5
1.420090000E+9	1.509820000E-5
1.420093333E+9	1.544563000E-5
1.420096667E+9	1.541073000E-5
1.420100000E+9	1.527928000E-5
1.420103333E+9	1.552089000E-5
1.420106667E+9	1.498589000E-5
1.420110000E+9	1.520787000E-5
1.420113333E+9	1.525513000E-5
1.420116667E+9	1.540300000E-5
1.420120000E+9	1.522279000E-5
1.420123333E+9	1.548722000E-5
1.420126667E+9	1.524825000E-5
1.420130000E+9	1.525406000E-5
1.420133333E+9	1.555946000E-5
1.420136667E+9	1.528435000E-5
1.420140000E+9	1.539656000E-5
1.420143333E+9	1.522611000E-5
1.420146667E+9	1.534044000E-5
1.420150000E+9	1.511093000E-5
1.420153333E+9	1.554555000E-5
1.420156667E+9	1.549963000E-5
1.420160000E+9	1.550489000E-5
1.420163333E+9	1.558691000E-5
1.420166667E+9	1.507522000E-5
1.420170000E+9	1.535650000E-5
1.420173333E+9	1.499590000E-5
1.420176667E+9	1.484170000E-5
1.420180000E+9	1.524848000E-5
1.420183333E+9	1.533360000E-5
1.420186667E+9	1.516232000E-5
1.420190000E+9	1.535102000E-5
1.420193333E+9	1.528036000E-5
1.420196667E+9	1.531013000E-5
1.420200000E+9	1.542119000E-5
1.420203333E+9	1.509894000E-5
1.420206667E+9	1.536633000E-5
1.420210000E+9	1.543878000E-5
1.420213333E+9	1.546173000E-5
1.420216667E+9	1.571954000E-5
1.420220000E+9	1.556382000E-5
1.420223333E+9	1.542827000E-5
1.420226667E+9	1.566554000E-5
1.420230000E+9	1.543885000E-5
1.420233333E+9	1.563876000E-5
1.420236667E+9	1.540096000E-5
1.420240000E+9	1.567696000E-5
1.420243333E+9	1.570956000E-5
1.420246667E+9	1.546925000E-5
1.420250000E+9	1.547041000E-5
1.420253333E+9	1.579714000E-5
1.420256667E+9	1.538164000E-5
1.420260000E+9	1.586027000E-5
1.420263333E+9	1.567915000E-5
1.420266667E+9	1.588418000E-5
1.420270000E+9	1.581939000E-5
1.420273333E+9	1.575944000E-5
1.420276667E+9	1.550506000E-5
1.420280000E+9	1.614921000E-5
1.420283333E+9	1.608376000E-5
1.420286667E+9	1.578852000E-5
1.420290000E+9	1.598615000E-5
1.420293333E+9	1.632938000E-5
1.420296667E+9	1.663684000E-5
1.420300000E+9	1.626861000E-5
1.420303333E+9	1.621668000E-5
1.420306667E+9	1.631870000E-5
1.420310000E+9	1.673935000E-5
1.420313333E+9	1.687008000E-5
1.420316667E+9	1.651981000E-5
1.420320000E+9	1.692403000E-5
1.420323333E+9	1.651468000E-5
1.420326667E+9	1.801207000E-5
1.420330000E+9	1.937954000E-5
1.420333333E+9	1.739787000E-5
1.420336667E+9	1.736507000E-5
1.420340000E+9	1.737636000E-5
1.420343333E+9	1.723584000E-5
1.420346667E+9	1.739854000E-5
1.420350000E+9	1.747698000E-5
1.420353333E+9	1.761892000E-5
1.420356667E+9	1.733727000E-5
1.420360000E+9	1.740380000E-5
1.420363333E+9	1.781517000E-5
1.420366667E+9	1.759719000E-5
1.420370000E+9	1.735199000E-5
1.420373333E+9	1.786261000E-5
1.420376667E+9	1.806432000E-5
1.420380000E+9	1.818755000E-5
1.420383333E+9	1.799063000E-5
1.420386667E+9	1.777584000E-5
1.420390000E+9	1.807424000E-5
1.420393333E+9	1.773841000E-5
1.420396667E+9	1.800039000E-5
1.420400000E+9	1.770636000E-5
1.420403333E+9	1.788440000E-5
1.420406667E+9	1.756033000E-5
1.420410000E+9	1.752131000E-5
1.420413333E+9	1.767007000E-5
1.420416667E+9	1.746864000E-5
1.420420000E+9	1.733794000E-5
1.420423333E+9	1.732896000E-5
1.420426667E+9	1.687139000E-5
1.420430000E+9	1.696993000E-5
1.420433333E+9	1.676118000E-5
1.420436667E+9	1.680751000E-5
1.420440000E+9	1.671034000E-5
1.420443333E+9	1.662942000E-5
1.420446667E+9	1.679193000E-5
1.420450000E+9	1.667237000E-5
1.420453333E+9	1.685445000E-5
1.420456667E+9	1.648484000E-5
1.420460000E+9	1.637160000E-5
1.420463333E+9	1.635917000E-5
1.420466667E+9	1.643672000E-5
1.420470000E+9	1.635960000E-5
1.420473333E+9	1.625129000E-5
1.420476667E+9	1.618780000E-5
1.420480000E+9	1.639789000E-5
1.420483333E+9	1.620507000E-5
1.420486667E+9	1.601501000E-5
1.420490000E+9	1.622809000E-5
1.420493333E+9	1.659307000E-5
1.420496667E+9	1.620904000E-5
1.420500000E+9	1.614348000E-5
1.420503333E+9	1.626518000E-5
1.420506667E+9	1.636693000E-5
1.420510000E+9	1.618452000E-5
1.420513333E+9	1.618436000E-5
1.420516667E+9	1.567209000E-5
1.420520000E+9	1.595813000E-5
1.420523333E+9	1.593864000E-5
1.420526667E+9	1.600997000E-5
1.420530000E+9	1.583520000E-5
1.420533333E+9	1.579311000E-5
1.420536667E+9	1.563581000E-5
1.420540000E+9	1.550803000E-5
1.420543333E+9	1.593554000E-5
1.420546667E+9	1.585542000E-5
1.420550000E+9	1.574356000E-5
1.420553333E+9	1.587280000E-5
1.420556667E+9	1.571595000E-5
1.420560000E+9	1.569946000E-5
1.420563333E+9	1.547844000E-5
1.420566667E+9	1.574406000E-5
1.420570000E+9	1.573879000E-5
1.420573333E+9	1.558162000E-5
1.420576667E+9	1.550670000E-5
1.420580000E+9	1.534655000E-5
1.420583333E+9	1.576295000E-5
1.420586667E+9	1.539605000E-5
1.420590000E+9	1.642778000E-5
1.420593333E+9	1.601310000E-5
1.420596667E+9	1.580406000E-5
1.420600000E+9	1.549371000E-5
1.420603333E+9	1.578625000E-5
1.420606667E+9	1.587735000E-5
1.420610000E+9	1.577119000E-5
1.420613333E+9	1.589092000E-5
1.420616667E+9	1.541837000E-5
1.420620000E+9	1.828181000E-5
1.420623333E+9	1.914536000E-5
1.420626667E+9	1.603405000E-5
1.420630000E+9	1.518935000E-5
1.420633333E+9	1.558730000E-5
1.420636667E+9	1.602587000E-5
1.420640000E+9	1.543405000E-5
1.420643333E+9	1.585402000E-5
1.420646667E+9	1.609126000E-5
1.420650000E+9	1.583958000E-5
1.420653333E+9	1.572554000E-5
1.420656667E+9	1.554292000E-5
1.420660000E+9	1.600420000E-5
1.420663333E+9	1.572264000E-5
1.420666667E+9	1.579398000E-5
1.420670000E+9	1.580208000E-5
1.420673333E+9	1.628657000E-5
1.420676667E+9	1.606328000E-5
1.420680000E+9	1.576160000E-5
1.420683333E+9	1.609254000E-5
1.420686667E+9	1.608284000E-5
1.420690000E+9	1.601101000E-5
1.420693333E+9	1.613264000E-5
1.420696667E+9	1.602121000E-5
1.420700000E+9	1.615726000E-5
1.420703333E+9	1.587735000E-5
1.420706667E+9	1.589360000E-5
1.420710000E+9	1.628494000E-5
1.420713333E+9	1.579665000E-5
1.420716667E+9	1.627819000E-5
1.420720000E+9	1.639643000E-5
1.420723333E+9	1.654499000E-5
1.420726667E+9	1.631137000E-5
1.420730000E+9	1.609706000E-5
1.420733333E+9	1.620731000E-5
1.420736667E+9	1.617277000E-5
1.420740000E+9	1.643724000E-5
1.420743333E+9	1.640153000E-5
1.420746667E+9	1.677411000E-5
1.420750000E+9	1.605759000E-5
1.420753333E+9	1.655733000E-5
1.420756667E+9	1.713162000E-5
1.420760000E+9	1.624210000E-5
1.420763333E+9	1.607180000E-5
1.420766667E+9	1.610386000E-5
1.420770000E+9	1.602031000E-5
1.420773333E+9	1.626323000E-5
1.420776667E+9	1.588265000E-5
1.420780000E+9	1.623303000E-5
1.420783333E+9	1.572689000E-5
1.420786667E+9	1.580524000E-5
1.420790000E+9	1.600997000E-5
1.420793333E+9	1.678787000E-5
1.420796667E+9	1.644590000E-5
1.420800000E+9	1.579974000E-5
1.420803333E+9	1.609133000E-5
1.420806667E+9	1.561785000E-5
1.420810000E+9	1.548346000E-5
1.420813333E+9	1.601252000E-5
1.420816667E+9	1.606290000E-5
1.420820000E+9	1.562315000E-5
1.420823333E+9	1.607279000E-5
1.420826667E+9	1.581819000E-5
1.420830000E+9	1.549615000E-5
1.420833333E+9	1.564754000E-5
1.420836667E+9	1.556712000E-5
1.420840000E+9	1.553335000E-5
1.420843333E+9	1.534660000E-5
1.420846667E+9	1.543541000E-5
1.420850000E+9	1.561510000E-5
1.420853333E+9	1.528591000E-5
1.420856667E+9	1.522743000E-5
1.420860000E+9	1.586648000E-5
1.420863333E+9	1.545907000E-5
1.420866667E+9	1.538113000E-5
1.420870000E+9	1.588493000E-5
1.420873333E+9	1.571931000E-5
1.420876667E+9	1.568805000E-5
1.420880000E+9	1.552343000E-5
1.420883333E+9	1.949129000E-5
1.420886667E+9	1.791854000E-5
1.420890000E+9	1.538252000E-5
1.420893333E+9	1.546991000E-5
1.420896667E+9	1.557521000E-5
1.420900000E+9	1.591204000E-5
1.420903333E+9	1.569803000E-5
1.420906667E+9	1.625404000E-5
1.420910000E+9	1.554656000E-5
1.420913333E+9	2.357257000E-5
1.420916667E+9	2.265512000E-5
1.420920000E+9	1.638536000E-5
1.420923333E+9	1.571329000E-5
1.420926667E+9	1.506860000E-5
1.420930000E+9	1.510632000E-5
1.420933333E+9	1.549140000E-5
1.420936667E+9	1.532650000E-5
1.420940000E+9	1.513549000E-5
1.420943333E+9	1.610770000E-5
1.420946667E+9	1.534670000E-5
1.420950000E+9	1.557921000E-5
1.420953333E+9	1.519567000E-5
1.420956667E+9	1.515470000E-5
1.420960000E+9	1.547170000E-5
1.420963333E+9	1.534854000E-5
1.420966667E+9	1.541044000E-5
1.420970000E+9	1.531654000E-5
1.420973333E+9	1.558176000E-5
1.420976667E+9	1.532276000E-5
1.420980000E+9	1.549870000E-5
1.420983333E+9	1.526651000E-5
1.420986667E+9	1.536511000E-5
1.420990000E+9	1.568650000E-5
1.420993333E+9	1.516790000E-5
1.420996667E+9	1.527886000E-5
1.421000000E+9	1.542494000E-5
1.421003333E+9	1.527234000E-5
1.421006667E+9	1.510252000E-5
1.421010000E+9	1.542426000E-5
1.421013333E+9	1.527787000E-5
1.421016667E+9	1.593470000E-5
1.421020000E+9	1.558431000E-5
1.421023333E+9	1.517626000E-5
1.421026667E+9	1.555079000E-5
1.421030000E+9	1.541209000E-5
1.421033333E+9	1.518536000E-5
1.421036667E+9	1.531445000E-5
1.421040000E+9	1.543608000E-5
1.421043333E+9	1.515631000E-5
1.421046667E+9	1.521348000E-5
1.421050000E+9	1.528784000E-5
1.421053333E+9	1.541889000E-5
1.421056667E+9	1.534438000E-5
1.421060000E+9	1.536444000E-5
1.421063333E+9	1.536031000E-5
1.421066667E+9	1.521928000E-5
1.421070000E+9	1.507754000E-5
1.421073333E+9	1.522090000E-5
1.421076667E+9	1.531506000E-5
1.421080000E+9	1.533963000E-5
1.421083333E+9	1.538956000E-5
1.421086667E+9	1.584304000E-5
1.421090000E+9	1.552602000E-5
1.421093333E+9	1.598826000E-5
1.421096667E+9	1.565763000E-5
1.421100000E+9	1.521520000E-5
1.421103333E+9	1.521629000E-5
1.421106667E+9	1.515954000E-5
1.421110000E+9	1.554089000E-5
1.421113333E+9	1.530580000E-5
1.421116667E+9	1.519000000E-5
1.421120000E+9	1.543185000E-5
1.421123333E+9	1.548597000E-5
1.421126667E+9	1.532399000E-5
1.421130000E+9	1.577552000E-5
1.421133333E+9	1.559456000E-5
1.421136667E+9	1.539861000E-5
1.421140000E+9	1.530304000E-5
1.421143333E+9	1.538036000E-5
1.421146667E+9	1.487836000E-5
1.421150000E+9	1.530410000E-5
1.421153333E+9	1.651620000E-5
1.421156667E+9	1.544737000E-5
1.421160000E+9	1.531889000E-5
1.421163333E+9	1.523550000E-5
1.421166667E+9	1.550646000E-5
1.421170000E+9	1.540310000E-5
1.421173333E+9	1.517839000E-5
1.421176667E+9	1.646036000E-5
1.421180000E+9	1.852116000E-5
1.421183333E+9	1.503409000E-5
1.421186667E+9	1.508815000E-5
1.421190000E+9	1.546042000E-5
1.421193333E+9	1.522972000E-5
1.421196667E+9	1.535014000E-5
1.421200000E+9	1.511365000E-5
1.421203333E+9	1.546660000E-5
1.421206667E+9	1.907913000E-5
1.421210000E+9	1.776051000E-5
1.421213333E+9	1.549000000E-5
1.421216667E+9	1.545392000E-5
1.421220000E+9	1.681811000E-5
1.421223333E+9	1.612315000E-5
1.421226667E+9	1.542820000E-5
1.421230000E+9	1.558443000E-5
1.421233333E+9	1.537429000E-5
1.421236667E+9	1.544258000E-5
1.421240000E+9	1.546477000E-5
1.421243333E+9	1.535871000E-5
1.421246667E+9	1.539637000E-5
1.421250000E+9	1.556432000E-5
1.421253333E+9	1.509473000E-5
1.421256667E+9	1.517084000E-5
1.421260000E+9	1.555154000E-5
1.421263333E+9	1.530067000E-5
1.421266667E+9	1.571405000E-5
1.421270000E+9	1.547170000E-5
1.421273333E+9	1.549308000E-5
1.421276667E+9	1.544880000E-5
1.421280000E+9	1.568774000E-5
1.421283333E+9	1.603923000E-5
1.421286667E+9	1.922072000E-5
1.421290000E+9	2.052840000E-5
1.421293333E+9	1.620715000E-5
1.421296667E+9	1.567218000E-5
1.421300000E+9	1.592197000E-5
1.421303333E+9	1.555542000E-5
1.421306667E+9	1.548400000E-5
1.421310000E+9	1.538819000E-5
1.421313333E+9	1.559908000E-5
1.421316667E+9	1.557781000E-5
1.421320000E+9	1.586564000E-5
1.421323333E+9	1.568435000E-5
1.421326667E+9	1.574719000E-5
1.421330000E+9	1.563818000E-5
1.421333333E+9	1.552276000E-5
1.421336667E+9	1.575496000E-5
1.421340000E+9	1.578155000E-5
1.421343333E+9	1.570908000E-5
1.421346667E+9	1.594902000E-5
1.421350000E+9	1.647285000E-5
1.421353333E+9	2.177039000E-5
1.421356667E+9	2.964865000E-5
1.421360000E+9	1.896101000E-5
1.421363333E+9	1.644733000E-5
1.421366667E+9	1.646164000E-5
1.421370000E+9	1.575733000E-5
1.421373333E+9	1.565173000E-5
1.421376667E+9	1.567522000E-5
1.421380000E+9	1.613363000E-5
1.421383333E+9	1.599087000E-5
1.421386667E+9	1.542295000E-5
1.421390000E+9	1.562966000E-5
1.421393333E+9	1.579070000E-5
1.421396667E+9	1.555957000E-5
1.421400000E+9	1.557345000E-5
