Frequency, Hz	Amplitude, Volts
1.419400000E+9	1.775567000E-5
1.419403333E+9	1.670535000E-5
1.419406667E+9	1.701301000E-5
1.419410000E+9	1.649732000E-5
1.419413333E+9	1.738949000E-5
1.419416667E+9	1.713416000E-5
1.419420000E+9	1.708581000E-5
1.419423333E+9	1.647847000E-5
1.419426667E+9	1.633505000E-5
1.419430000E+9	1.672864000E-5
1.419433333E+9	1.636709000E-5
1.419436667E+9	1.632519000E-5
1.419440000E+9	1.691457000E-5
1.419443333E+9	1.753557000E-5
1.419446667E+9	1.730023000E-5
1.419450000E+9	1.832898000E-5
1.419453333E+9	1.735723000E-5
1.419456667E+9	1.734696000E-5
1.419460000E+9	1.654308000E-5
1.419463333E+9	1.679141000E-5
1.419466667E+9	1.769173000E-5
1.419470000E+9	1.662920000E-5
1.419473333E+9	1.649937000E-5
1.419476667E+9	1.673994000E-5
1.419480000E+9	1.673897000E-5
1.419483333E+9	1.688077000E-5
1.419486667E+9	1.660968000E-5
1.419490000E+9	1.793582000E-5
1.419493333E+9	1.697028000E-5
1.419496667E+9	1.663322000E-5
1.419500000E+9	1.654005000E-5
1.419503333E+9	1.654475000E-5
1.419506667E+9	1.662603000E-5
1.419510000E+9	1.650843000E-5
1.419513333E+9	1.697710000E-5
1.419516667E+9	1.653925000E-5
1.419520000E+9	1.668749000E-5
1.419523333E+9	1.686878000E-5
1.419526667E+9	1.698730000E-5
1.419530000E+9	1.657199000E-5
1.419533333E+9	1.679735000E-5
1.419536667E+9	1.776187000E-5
1.419540000E+9	1.717092000E-5
1.419543333E+9	1.681909000E-5
1.419546667E+9	1.640019000E-5
1.419550000E+9	1.649694000E-5
1.419553333E+9	1.636984000E-5
1.419556667E+9	1.670713000E-5
1.419560000E+9	1.682237000E-5
1.419563333E+9	1.655055000E-5
1.419566667E+9	1.651008000E-5
1.419570000E+9	1.665895000E-5
1.419573333E+9	1.651263000E-5
1.419576667E+9	1.647442000E-5
1.419580000E+9	1.717070000E-5
1.419583333E+9	1.792507000E-5
1.419586667E+9	1.704971000E-5
1.419590000E+9	1.650926000E-5
1.419593333E+9	1.637883000E-5
1.419596667E+9	1.648347000E-5
1.419600000E+9	1.680345000E-5
1.419603333E+9	1.702341000E-5
1.419606667E+9	1.697649000E-5
1.419610000E+9	1.643764000E-5
1.419613333E+9	1.638261000E-5
1.419616667E+9	1.646298000E-5
1.419620000E+9	1.656602000E-5
1.419623333E+9	1.642645000E-5
1.419626667E+9	1.688297000E-5
1.419630000E+9	1.807948000E-5
1.419633333E+9	1.702306000E-5
1.419636667E+9	1.660616000E-5
1.419640000E+9	1.667958000E-5
1.419643333E+9	1.634953000E-5
1.419646667E+9	1.647808000E-5
1.419650000E+9	1.648597000E-5
1.419653333E+9	1.681946000E-5
1.419656667E+9	1.646556000E-5
1.419660000E+9	1.628453000E-5
1.419663333E+9	1.663419000E-5
1.419666667E+9	1.638765000E-5
1.419670000E+9	1.633471000E-5
1.419673333E+9	1.672150000E-5
1.419676667E+9	1.799549000E-5
1.419680000E+9	1.750295000E-5
1.419683333E+9	1.607112000E-5
1.419686667E+9	1.622929000E-5
1.419690000E+9	1.691821000E-5
1.419693333E+9	1.663169000E-5
1.419696667E+9	1.657144000E-5
1.419700000E+9	1.688681000E-5
1.419703333E+9	1.635463000E-5
1.419706667E+9	1.697116000E-5
1.419710000E+9	1.659395000E-5
1.419713333E+9	1.618770000E-5
1.419716667E+9	1.616551000E-5
1.419720000E+9	1.668616000E-5
1.419723333E+9	1.755801000E-5
1.419726667E+9	1.725769000E-5
1.419730000E+9	1.659573000E-5
1.419733333E+9	1.955318000E-5
1.419736667E+9	1.709579000E-5
1.419740000E+9	1.702981000E-5
1.419743333E+9	1.804127000E-5
1.419746667E+9	1.756817000E-5
1.419750000E+9	1.669858000E-5
1.419753333E+9	1.688418000E-5
1.419756667E+9	1.657061000E-5
1.419760000E+9	1.675818000E-5
1.419763333E+9	1.635860000E-5
1.419766667E+9	1.659540000E-5
1.419770000E+9	1.748289000E-5
1.419773333E+9	1.706811000E-5
1.419776667E+9	1.637642000E-5
1.419780000E+9	1.649017000E-5
1.419783333E+9	1.644933000E-5
1.419786667E+9	1.633128000E-5
1.419790000E+9	1.631325000E-5
1.419793333E+9	1.675579000E-5
1.419796667E+9	1.635926000E-5
1.419800000E+9	1.636161000E-5
1.419803333E+9	1.637721000E-5
1.419806667E+9	1.645699000E-5
1.419810000E+9	1.637297000E-5
1.419813333E+9	1.676433000E-5
1.419816667E+9	1.712402000E-5
1.419820000E+9	1.657952000E-5
1.419823333E+9	1.657064000E-5
1.419826667E+9	1.637419000E-5
1.419830000E+9	1.644561000E-5
1.419833333E+9	1.614278000E-5
1.419836667E+9	1.629968000E-5
1.419840000E+9	1.703456000E-5
1.419843333E+9	1.642585000E-5
1.419846667E+9	1.664332000E-5
1.419850000E+9	1.646361000E-5
1.419853333E+9	1.641077000E-5
1.419856667E+9	1.634079000E-5
1.419860000E+9	1.658052000E-5
1.419863333E+9	1.748996000E-5
1.419866667E+9	1.700352000E-5
1.419870000E+9	1.723558000E-5
1.419873333E+9	1.654000000E-5
1.419876667E+9	1.631811000E-5
1.419880000E+9	1.630783000E-5
1.419883333E+9	1.649589000E-5
1.419886667E+9	1.699596000E-5
1.419890000E+9	1.672853000E-5
1.419893333E+9	1.605424000E-5
1.419896667E+9	1.608893000E-5
1.419900000E+9	1.652596000E-5
1.419903333E+9	1.701052000E-5
1.419906667E+9	1.683202000E-5
1.419910000E+9	1.737813000E-5
1.419913333E+9	1.656857000E-5
1.419916667E+9	1.631856000E-5
1.419920000E+9	1.660853000E-5
1.419923333E+9	1.660069000E-5
1.419926667E+9	1.631734000E-5
1.419930000E+9	1.614288000E-5
1.419933333E+9	1.668716000E-5
1.419936667E+9	1.660639000E-5
1.419940000E+9	1.673854000E-5
1.419943333E+9	1.622872000E-5
1.419946667E+9	1.627070000E-5
1.419950000E+9	1.651771000E-5
1.419953333E+9	1.671937000E-5
1.419956667E+9	1.716480000E-5
1.419960000E+9	1.648356000E-5
1.419963333E+9	1.615945000E-5
1.419966667E+9	1.637322000E-5
1.419970000E+9	1.626920000E-5
1.419973333E+9	1.633266000E-5
1.419976667E+9	1.611483000E-5
1.419980000E+9	1.722769000E-5
1.419983333E+9	1.657754000E-5
1.419986667E+9	1.645083000E-5
1.419990000E+9	1.646932000E-5
1.419993333E+9	1.630276000E-5
1.419996667E+9	1.634642000E-5
1.420000000E+9	1.762422000E-5
1.420003333E+9	1.979356000E-5
1.420006667E+9	1.676107000E-5
1.420010000E+9	1.612145000E-5
1.420013333E+9	1.605094000E-5
1.420016667E+9	1.638135000E-5
1.420020000E+9	1.624041000E-5
1.420023333E+9	1.627086000E-5
1.420026667E+9	1.654301000E-5
1.420030000E+9	1.648555000E-5
1.420033333E+9	1.623670000E-5
1.420036667E+9	1.729505000E-5
1.420040000E+9	1.728679000E-5
1.420043333E+9	1.640599000E-5
1.420046667E+9	1.661103000E-5
1.420050000E+9	1.719468000E-5
1.420053333E+9	1.675781000E-5
1.420056667E+9	1.648170000E-5
1.420060000E+9	1.638741000E-5
1.420063333E+9	1.608860000E-5
1.420066667E+9	1.625349000E-5
1.420070000E+9	1.635563000E-5
1.420073333E+9	1.702069000E-5
1.420076667E+9	1.640702000E-5
1.420080000E+9	1.612387000E-5
1.420083333E+9	1.641760000E-5
1.420086667E+9	1.648602000E-5
1.420090000E+9	1.655631000E-5
1.420093333E+9	1.667760000E-5
1.420096667E+9	1.674343000E-5
1.420100000E+9	1.635714000E-5
1.420103333E+9	1.616092000E-5
1.420106667E+9	1.665937000E-5
1.420110000E+9	1.597889000E-5
1.420113333E+9	1.620822000E-5
1.420116667E+9	1.614150000E-5
1.420120000E+9	1.636082000E-5
1.420123333E+9	1.633693000E-5
1.420126667E+9	1.605135000E-5
1.420130000E+9	1.638973000E-5
1.420133333E+9	1.604557000E-5
1.420136667E+9	1.621103000E-5
1.420140000E+9	1.691420000E-5
1.420143333E+9	1.711645000E-5
1.420146667E+9	1.635359000E-5
1.420150000E+9	1.632443000E-5
1.420153333E+9	1.623720000E-5
1.420156667E+9	1.600468000E-5
1.420160000E+9	1.631657000E-5
1.420163333E+9	1.629977000E-5
1.420166667E+9	1.656260000E-5
1.420170000E+9	1.665400000E-5
1.420173333E+9	1.665191000E-5
1.420176667E+9	1.643738000E-5
1.420180000E+9	1.630242000E-5
1.420183333E+9	1.638637000E-5
1.420186667E+9	1.651914000E-5
1.420190000E+9	1.721345000E-5
1.420193333E+9	1.639773000E-5
1.420196667E+9	1.668365000E-5
1.420200000E+9	1.643018000E-5
1.420203333E+9	1.641965000E-5
1.420206667E+9	1.657650000E-5
1.420210000E+9	1.628494000E-5
1.420213333E+9	1.662121000E-5
1.420216667E+9	1.620267000E-5
1.420220000E+9	1.648423000E-5
1.420223333E+9	1.677753000E-5
1.420226667E+9	1.630385000E-5
1.420230000E+9	1.662358000E-5
1.420233333E+9	1.672311000E-5
1.420236667E+9	1.709054000E-5
1.420240000E+9	1.691309000E-5
1.420243333E+9	1.667205000E-5
1.420246667E+9	1.656260000E-5
1.420250000E+9	1.663916000E-5
1.420253333E+9	1.722547000E-5
1.420256667E+9	1.711869000E-5
1.420260000E+9	1.701439000E-5
1.420263333E+9	1.706337000E-5
1.420266667E+9	1.705336000E-5
1.420270000E+9	1.701699000E-5
1.420273333E+9	1.708674000E-5
1.420276667E+9	1.726492000E-5
1.420280000E+9	1.730705000E-5
1.420283333E+9	1.760776000E-5
1.420286667E+9	1.696088000E-5
1.420290000E+9	1.720202000E-5
1.420293333E+9	1.715982000E-5
1.420296667E+9	1.754369000E-5
1.420300000E+9	1.720636000E-5
1.420303333E+9	1.732287000E-5
1.420306667E+9	1.775388000E-5
1.420310000E+9	1.827304000E-5
1.420313333E+9	1.780331000E-5
1.420316667E+9	1.760848000E-5
1.420320000E+9	1.752460000E-5
1.420323333E+9	1.779213000E-5
1.420326667E+9	1.850460000E-5
1.420330000E+9	1.889119000E-5
1.420333333E+9	1.823778000E-5
1.420336667E+9	1.776767000E-5
1.420340000E+9	1.773156000E-5
1.420343333E+9	1.793105000E-5
1.420346667E+9	1.789642000E-5
1.420350000E+9	1.834543000E-5
1.420353333E+9	1.863942000E-5
1.420356667E+9	1.795811000E-5
1.420360000E+9	1.779860000E-5
1.420363333E+9	1.787963000E-5
1.420366667E+9	1.797231000E-5
1.420370000E+9	1.781995000E-5
1.420373333E+9	1.819057000E-5
1.420376667E+9	1.812844000E-5
1.420380000E+9	1.786973000E-5
1.420383333E+9	1.789693000E-5
1.420386667E+9	1.780800000E-5
1.420390000E+9	1.803366000E-5
1.420393333E+9	1.797647000E-5
1.420396667E+9	1.773886000E-5
1.420400000E+9	1.759632000E-5
1.420403333E+9	1.768078000E-5
1.420406667E+9	1.780333000E-5
1.420410000E+9	1.786299000E-5
1.420413333E+9	1.785781000E-5
1.420416667E+9	1.776437000E-5
1.420420000E+9	1.812742000E-5
1.420423333E+9	1.835222000E-5
1.420426667E+9	1.835687000E-5
1.420430000E+9	1.804616000E-5
1.420433333E+9	1.770883000E-5
1.420436667E+9	1.749366000E-5
1.420440000E+9	1.768004000E-5
1.420443333E+9	1.785263000E-5
1.420446667E+9	1.772887000E-5
1.420450000E+9	1.773109000E-5
1.420453333E+9	1.724610000E-5
1.420456667E+9	1.749687000E-5
1.420460000E+9	1.732896000E-5
1.420463333E+9	1.709254000E-5
1.420466667E+9	1.768181000E-5
1.420470000E+9	1.734169000E-5
1.420473333E+9	1.681440000E-5
1.420476667E+9	1.746171000E-5
1.420480000E+9	1.681737000E-5
1.420483333E+9	1.694973000E-5
1.420486667E+9	1.682457000E-5
1.420490000E+9	1.659418000E-5
1.420493333E+9	1.700858000E-5
1.420496667E+9	1.667418000E-5
1.420500000E+9	1.647290000E-5
1.420503333E+9	1.639168000E-5
1.420506667E+9	1.670839000E-5
1.420510000E+9	1.704125000E-5
1.420513333E+9	1.689004000E-5
1.420516667E+9	1.703532000E-5
1.420520000E+9	1.656624000E-5
1.420523333E+9	1.631732000E-5
1.420526667E+9	1.666561000E-5
1.420530000E+9	1.636273000E-5
1.420533333E+9	1.640023000E-5
1.420536667E+9	1.650843000E-5
1.420540000E+9	1.669904000E-5
1.420543333E+9	1.672203000E-5
1.420546667E+9	1.676378000E-5
1.420550000E+9	1.631891000E-5
1.420553333E+9	1.640536000E-5
1.420556667E+9	1.638617000E-5
1.420560000E+9	1.708346000E-5
1.420563333E+9	1.721863000E-5
1.420566667E+9	1.666924000E-5
1.420570000E+9	1.617544000E-5
1.420573333E+9	1.618942000E-5
1.420576667E+9	1.658182000E-5
1.420580000E+9	1.626422000E-5
1.420583333E+9	1.641219000E-5
1.420586667E+9	1.611982000E-5
1.420590000E+9	1.790532000E-5
1.420593333E+9	1.661108000E-5
1.420596667E+9	1.605875000E-5
1.420600000E+9	1.659571000E-5
1.420603333E+9	1.673524000E-5
1.420606667E+9	1.654279000E-5
1.420610000E+9	1.678721000E-5
1.420613333E+9	1.639841000E-5
1.420616667E+9	1.620982000E-5
1.420620000E+9	1.708633000E-5
1.420623333E+9	1.741188000E-5
1.420626667E+9	1.726154000E-5
1.420630000E+9	1.660439000E-5
1.420633333E+9	1.686398000E-5
1.420636667E+9	1.678800000E-5
1.420640000E+9	1.606237000E-5
1.420643333E+9	1.632565000E-5
1.420646667E+9	1.667757000E-5
1.420650000E+9	1.589608000E-5
1.420653333E+9	1.622697000E-5
1.420656667E+9	1.710071000E-5
1.420660000E+9	1.653627000E-5
1.420663333E+9	1.629857000E-5
1.420666667E+9	1.633327000E-5
1.420670000E+9	1.620301000E-5
1.420673333E+9	1.640821000E-5
1.420676667E+9	1.621305000E-5
1.420680000E+9	1.648875000E-5
1.420683333E+9	1.598777000E-5
1.420686667E+9	1.646556000E-5
1.420690000E+9	1.591672000E-5
1.420693333E+9	1.616207000E-5
1.420696667E+9	1.603530000E-5
1.420700000E+9	1.668608000E-5
1.420703333E+9	1.659005000E-5
1.420706667E+9	1.664559000E-5
1.420710000E+9	1.605620000E-5
1.420713333E+9	1.609239000E-5
1.420716667E+9	1.636851000E-5
1.420720000E+9	1.632988000E-5
1.420723333E+9	1.636724000E-5
1.420726667E+9	1.631913000E-5
1.420730000E+9	1.643276000E-5
1.420733333E+9	1.592111000E-5
1.420736667E+9	1.620893000E-5
1.420740000E+9	1.648915000E-5
1.420743333E+9	1.621760000E-5
1.420746667E+9	1.721109000E-5
1.420750000E+9	1.691227000E-5
1.420753333E+9	1.637968000E-5
1.420756667E+9	1.613780000E-5
1.420760000E+9	1.626141000E-5
1.420763333E+9	1.669295000E-5
1.420766667E+9	1.628675000E-5
1.420770000E+9	1.627663000E-5
1.420773333E+9	1.637961000E-5
1.420776667E+9	1.612726000E-5
1.420780000E+9	1.614224000E-5
1.420783333E+9	1.616722000E-5
1.420786667E+9	1.597383000E-5
1.420790000E+9	1.623629000E-5
1.420793333E+9	1.667475000E-5
1.420796667E+9	1.671104000E-5
1.420800000E+9	1.638720000E-5
1.420803333E+9	1.617432000E-5
1.420806667E+9	1.603162000E-5
1.420810000E+9	1.592910000E-5
1.420813333E+9	1.647281000E-5
1.420816667E+9	1.655506000E-5
1.420820000E+9	1.610390000E-5
1.420823333E+9	1.616963000E-5
1.420826667E+9	1.607504000E-5
1.420830000E+9	1.629310000E-5
1.420833333E+9	1.639355000E-5
1.420836667E+9	1.604474000E-5
1.420840000E+9	1.644720000E-5
1.420843333E+9	1.640664000E-5
1.420846667E+9	1.644778000E-5
1.420850000E+9	1.632357000E-5
1.420853333E+9	1.608888000E-5
1.420856667E+9	1.603889000E-5
1.420860000E+9	1.597752000E-5
1.420863333E+9	1.622508000E-5
1.420866667E+9	1.648037000E-5
1.420870000E+9	1.621321000E-5
1.420873333E+9	1.615554000E-5
1.420876667E+9	1.622018000E-5
1.420880000E+9	1.597759000E-5
1.420883333E+9	1.776591000E-5
1.420886667E+9	1.765393000E-5
1.420890000E+9	1.643182000E-5
1.420893333E+9	1.633105000E-5
1.420896667E+9	1.671195000E-5
1.420900000E+9	1.664310000E-5
1.420903333E+9	1.634027000E-5
1.420906667E+9	1.635141000E-5
1.420910000E+9	1.637369000E-5
1.420913333E+9	1.953549000E-5
1.420916667E+9	1.923245000E-5
1.420920000E+9	1.918614000E-5
1.420923333E+9	1.661464000E-5
1.420926667E+9	1.762248000E-5
1.420930000E+9	1.676221000E-5
1.420933333E+9	1.727690000E-5
1.420936667E+9	1.661015000E-5
1.420940000E+9	1.626200000E-5
1.420943333E+9	1.616777000E-5
1.420946667E+9	1.628265000E-5
1.420950000E+9	1.660550000E-5
1.420953333E+9	1.620813000E-5
1.420956667E+9	1.615590000E-5
1.420960000E+9	1.615070000E-5
1.420963333E+9	1.619767000E-5
1.420966667E+9	1.673088000E-5
1.420970000E+9	1.621817000E-5
1.420973333E+9	1.644079000E-5
1.420976667E+9	1.629535000E-5
1.420980000E+9	1.635470000E-5
1.420983333E+9	1.675053000E-5
1.420986667E+9	1.632386000E-5
1.420990000E+9	1.629957000E-5
1.420993333E+9	1.635312000E-5
1.420996667E+9	1.671201000E-5
1.421000000E+9	1.630072000E-5
1.421003333E+9	1.614350000E-5
1.421006667E+9	1.642335000E-5
1.421010000E+9	1.629009000E-5
1.421013333E+9	1.620358000E-5
1.421016667E+9	1.691593000E-5
1.421020000E+9	1.625889000E-5
1.421023333E+9	1.612166000E-5
1.421026667E+9	1.640061000E-5
1.421030000E+9	1.672069000E-5
1.421033333E+9	1.608683000E-5
1.421036667E+9	1.645105000E-5
1.421040000E+9	1.623116000E-5
1.421043333E+9	1.616333000E-5
1.421046667E+9	1.598201000E-5
1.421050000E+9	1.623643000E-5
1.421053333E+9	1.616115000E-5
1.421056667E+9	1.597082000E-5
1.421060000E+9	1.627368000E-5
1.421063333E+9	1.631433000E-5
1.421066667E+9	1.621912000E-5
1.421070000E+9	1.634307000E-5
1.421073333E+9	1.646361000E-5
1.421076667E+9	1.619662000E-5
1.421080000E+9	1.598096000E-5
1.421083333E+9	1.611267000E-5
1.421086667E+9	1.616457000E-5
1.421090000E+9	1.622230000E-5
1.421093333E+9	1.641911000E-5
1.421096667E+9	1.645027000E-5
1.421100000E+9	1.635522000E-5
1.421103333E+9	1.617771000E-5
1.421106667E+9	1.598952000E-5
1.421110000E+9	1.605792000E-5
1.421113333E+9	1.612757000E-5
1.421116667E+9	1.627383000E-5
1.421120000E+9	1.640657000E-5
1.421123333E+9	1.655097000E-5
1.421126667E+9	1.643007000E-5
1.421130000E+9	1.742217000E-5
1.421133333E+9	1.695419000E-5
1.421136667E+9	1.670269000E-5
1.421140000E+9	1.660165000E-5
1.421143333E+9	1.636413000E-5
1.421146667E+9	1.625097000E-5
1.421150000E+9	1.623315000E-5
1.421153333E+9	1.674711000E-5
1.421156667E+9	1.627082000E-5
1.421160000E+9	1.612134000E-5
1.421163333E+9	1.608663000E-5
1.421166667E+9	1.701058000E-5
1.421170000E+9	1.668511000E-5
1.421173333E+9	1.662951000E-5
1.421176667E+9	1.696775000E-5
1.421180000E+9	1.744665000E-5
1.421183333E+9	1.625798000E-5
1.421186667E+9	1.625152000E-5
1.421190000E+9	1.640615000E-5
1.421193333E+9	1.641974000E-5
1.421196667E+9	1.676621000E-5
1.421200000E+9	1.635863000E-5
1.421203333E+9	1.625422000E-5
1.421206667E+9	1.753045000E-5
1.421210000E+9	1.713488000E-5
1.421213333E+9	1.747936000E-5
1.421216667E+9	1.673775000E-5
1.421220000E+9	1.684514000E-5
1.421223333E+9	1.658326000E-5
1.421226667E+9	1.645730000E-5
1.421230000E+9	1.625272000E-5
1.421233333E+9	1.610295000E-5
1.421236667E+9	1.645320000E-5
1.421240000E+9	1.638736000E-5
1.421243333E+9	1.640471000E-5
1.421246667E+9	1.663294000E-5
1.421250000E+9	1.650120000E-5
1.421253333E+9	1.672873000E-5
1.421256667E+9	1.642746000E-5
1.421260000E+9	1.657719000E-5
1.421263333E+9	1.811129000E-5
1.421266667E+9	1.906045000E-5
1.421270000E+9	1.613962000E-5
1.421273333E+9	1.659710000E-5
1.421276667E+9	1.627663000E-5
1.421280000E+9	1.624084000E-5
1.421283333E+9	1.631931000E-5
1.421286667E+9	1.699999000E-5
1.421290000E+9	1.685206000E-5
1.421293333E+9	1.650136000E-5
1.421296667E+9	1.646643000E-5
1.421300000E+9	1.626473000E-5
1.421303333E+9	1.651834000E-5
1.421306667E+9	1.655015000E-5
1.421310000E+9	1.658835000E-5
1.421313333E+9	1.643792000E-5
1.421316667E+9	1.648564000E-5
1.421320000E+9	1.652591000E-5
1.421323333E+9	1.657084000E-5
1.421326667E+9	1.670198000E-5
1.421330000E+9	1.891199000E-5
1.421333333E+9	2.413700000E-5
1.421336667E+9	1.784693000E-5
1.421340000E+9	1.639760000E-5
1.421343333E+9	1.685297000E-5
1.421346667E+9	1.681312000E-5
1.421350000E+9	1.664329000E-5
1.421353333E+9	1.762352000E-5
1.421356667E+9	1.781488000E-5
1.421360000E+9	1.690083000E-5
1.421363333E+9	1.675329000E-5
1.421366667E+9	1.689629000E-5
1.421370000E+9	1.643903000E-5
1.421373333E+9	1.674882000E-5
1.421376667E+9	1.691375000E-5
1.421380000E+9	1.670583000E-5
1.421383333E+9	1.643626000E-5
1.421386667E+9	1.652250000E-5
1.421390000E+9	1.658393000E-5
1.421393333E+9	1.630344000E-5
1.421396667E+9	1.689466000E-5
1.421400000E+9	2.231258000E-5
