Frequency, Hz	Amplitude, Volts
1.419400000E+9	1.463515000E-5
1.419403333E+9	1.497577000E-5
1.419406667E+9	1.510363000E-5
1.419410000E+9	1.498428000E-5
1.419413333E+9	1.595129000E-5
1.419416667E+9	1.549387000E-5
1.419420000E+9	1.475474000E-5
1.419423333E+9	1.499233000E-5
1.419426667E+9	1.477792000E-5
1.419430000E+9	1.464611000E-5
1.419433333E+9	1.503723000E-5
1.419436667E+9	1.501786000E-5
1.419440000E+9	1.533067000E-5
1.419443333E+9	1.485762000E-5
1.419446667E+9	1.522331000E-5
1.419450000E+9	1.576825000E-5
1.419453333E+9	1.620365000E-5
1.419456667E+9	1.580650000E-5
1.419460000E+9	1.481961000E-5
1.419463333E+9	1.515188000E-5
1.419466667E+9	1.469655000E-5
1.419470000E+9	1.507198000E-5
1.419473333E+9	1.450359000E-5
1.419476667E+9	1.486856000E-5
1.419480000E+9	1.495060000E-5
1.419483333E+9	1.485710000E-5
1.419486667E+9	1.498044000E-5
1.419490000E+9	1.491840000E-5
1.419493333E+9	1.473733000E-5
1.419496667E+9	1.514942000E-5
1.419500000E+9	1.447871000E-5
1.419503333E+9	1.496506000E-5
1.419506667E+9	1.483389000E-5
1.419510000E+9	1.475286000E-5
1.419513333E+9	1.505939000E-5
1.419516667E+9	1.504536000E-5
1.419520000E+9	1.502769000E-5
1.419523333E+9	1.468460000E-5
1.419526667E+9	1.480356000E-5
1.419530000E+9	1.508439000E-5
1.419533333E+9	1.492738000E-5
1.419536667E+9	1.492671000E-5
1.419540000E+9	1.509478000E-5
1.419543333E+9	1.515428000E-5
1.419546667E+9	1.481678000E-5
1.419550000E+9	1.500094000E-5
1.419553333E+9	1.504438000E-5
1.419556667E+9	1.485505000E-5
1.419560000E+9	1.479859000E-5
1.419563333E+9	1.479011000E-5
1.419566667E+9	1.500285000E-5
1.419570000E+9	1.488671000E-5
1.419573333E+9	1.483992000E-5
1.419576667E+9	1.487244000E-5
1.419580000E+9	1.466457000E-5
1.419583333E+9	1.490674000E-5
1.419586667E+9	1.471654000E-5
1.419590000E+9	1.457926000E-5
1.419593333E+9	1.474241000E-5
1.419596667E+9	1.471350000E-5
1.419600000E+9	1.453913000E-5
1.419603333E+9	1.533936000E-5
1.419606667E+9	1.509649000E-5
1.419610000E+9	1.463570000E-5
1.419613333E+9	1.449358000E-5
1.419616667E+9	1.486609000E-5
1.419620000E+9	1.472887000E-5
1.419623333E+9	1.485800000E-5
1.419626667E+9	1.482549000E-5
1.419630000E+9	1.495560000E-5
1.419633333E+9	1.490637000E-5
1.419636667E+9	1.489153000E-5
1.419640000E+9	1.510493000E-5
1.419643333E+9	1.502444000E-5
1.419646667E+9	1.478399000E-5
1.419650000E+9	1.527241000E-5
1.419653333E+9	1.497005000E-5
1.419656667E+9	1.472228000E-5
1.419660000E+9	1.468702000E-5
1.419663333E+9	1.477630000E-5
1.419666667E+9	1.489732000E-5
1.419670000E+9	1.484336000E-5
1.419673333E+9	1.448687000E-5
1.419676667E+9	1.514881000E-5
1.419680000E+9	1.487457000E-5
1.419683333E+9	1.482380000E-5
1.419686667E+9	1.490152000E-5
1.419690000E+9	1.488097000E-5
1.419693333E+9	1.492019000E-5
1.419696667E+9	1.484311000E-5
1.419700000E+9	1.476898000E-5
1.419703333E+9	1.479633000E-5
1.419706667E+9	1.508587000E-5
1.419710000E+9	1.555413000E-5
1.419713333E+9	1.506847000E-5
1.419716667E+9	1.511540000E-5
1.419720000E+9	1.490105000E-5
1.419723333E+9	1.510972000E-5
1.419726667E+9	1.499035000E-5
1.419730000E+9	1.503446000E-5
1.419733333E+9	1.521879000E-5
1.419736667E+9	1.491467000E-5
1.419740000E+9	1.512472000E-5
1.419743333E+9	1.540207000E-5
1.419746667E+9	1.598524000E-5
1.419750000E+9	1.530635000E-5
1.419753333E+9	1.579842000E-5
1.419756667E+9	1.489594000E-5
1.419760000E+9	1.466394000E-5
1.419763333E+9	1.485590000E-5
1.419766667E+9	1.475620000E-5
1.419770000E+9	1.487215000E-5
1.419773333E+9	1.474499000E-5
1.419776667E+9	1.485606000E-5
1.419780000E+9	1.481465000E-5
1.419783333E+9	1.477255000E-5
1.419786667E+9	1.465155000E-5
1.419790000E+9	1.521216000E-5
1.419793333E+9	1.483829000E-5
1.419796667E+9	1.495619000E-5
1.419800000E+9	1.507583000E-5
1.419803333E+9	1.501878000E-5
1.419806667E+9	1.482333000E-5
1.419810000E+9	1.520707000E-5
1.419813333E+9	1.474729000E-5
1.419816667E+9	1.512363000E-5
1.419820000E+9	1.473575000E-5
1.419823333E+9	1.499381000E-5
1.419826667E+9	1.478984000E-5
1.419830000E+9	1.477510000E-5
1.419833333E+9	1.497822000E-5
1.419836667E+9	1.474938000E-5
1.419840000E+9	1.466405000E-5
1.419843333E+9	1.473390000E-5
1.419846667E+9	1.506443000E-5
1.419850000E+9	1.459042000E-5
1.419853333E+9	1.491729000E-5
1.419856667E+9	1.453910000E-5
1.419860000E+9	1.498788000E-5
1.419863333E+9	1.479788000E-5
1.419866667E+9	1.479596000E-5
1.419870000E+9	1.460205000E-5
1.419873333E+9	1.476023000E-5
1.419876667E+9	1.486226000E-5
1.419880000E+9	1.484223000E-5
1.419883333E+9	1.494411000E-5
1.419886667E+9	1.490260000E-5
1.419890000E+9	1.467037000E-5
1.419893333E+9	1.482186000E-5
1.419896667E+9	1.488662000E-5
1.419900000E+9	1.515694000E-5
1.419903333E+9	1.509021000E-5
1.419906667E+9	1.473285000E-5
1.419910000E+9	1.470213000E-5
1.419913333E+9	1.492187000E-5
1.419916667E+9	1.477638000E-5
1.419920000E+9	1.473503000E-5
1.419923333E+9	1.443698000E-5
1.419926667E+9	1.467923000E-5
1.419930000E+9	1.463650000E-5
1.419933333E+9	1.483640000E-5
1.419936667E+9	1.466621000E-5
1.419940000E+9	1.499912000E-5
1.419943333E+9	1.498762000E-5
1.419946667E+9	1.478592000E-5
1.419950000E+9	1.505345000E-5
1.419953333E+9	1.446384000E-5
1.419956667E+9	1.484714000E-5
1.419960000E+9	1.492414000E-5
1.419963333E+9	1.470433000E-5
1.419966667E+9	1.481501000E-5
1.419970000E+9	1.496762000E-5
1.419973333E+9	1.507292000E-5
1.419976667E+9	1.568027000E-5
1.419980000E+9	1.598778000E-5
1.419983333E+9	1.509336000E-5
1.419986667E+9	1.494695000E-5
1.419990000E+9	1.461516000E-5
1.419993333E+9	1.489516000E-5
1.419996667E+9	1.473798000E-5
1.420000000E+9	1.504361000E-5
1.420003333E+9	1.562800000E-5
1.420006667E+9	1.466990000E-5
1.420010000E+9	1.457076000E-5
1.420013333E+9	1.501348000E-5
1.420016667E+9	1.515934000E-5
1.420020000E+9	1.487403000E-5
1.420023333E+9	1.467278000E-5
1.420026667E+9	1.518248000E-5
1.420030000E+9	1.451095000E-5
1.420033333E+9	1.507901000E-5
1.420036667E+9	1.517366000E-5
1.420040000E+9	1.607082000E-5
1.420043333E+9	1.484735000E-5
1.420046667E+9	1.501404000E-5
1.420050000E+9	1.504276000E-5
1.420053333E+9	1.510765000E-5
1.420056667E+9	1.484859000E-5
1.420060000E+9	1.489366000E-5
1.420063333E+9	1.456508000E-5
1.420066667E+9	1.463280000E-5
1.420070000E+9	1.468566000E-5
1.420073333E+9	1.485668000E-5
1.420076667E+9	1.506473000E-5
1.420080000E+9	1.501684000E-5
1.420083333E+9	1.467554000E-5
1.420086667E+9	1.476114000E-5
1.420090000E+9	1.499305000E-5
1.420093333E+9	1.468521000E-5
1.420096667E+9	1.484023000E-5
1.420100000E+9	1.497347000E-5
1.420103333E+9	1.455699000E-5
1.420106667E+9	1.482621000E-5
1.420110000E+9	1.464735000E-5
1.420113333E+9	1.470541000E-5
1.420116667E+9	1.483098000E-5
1.420120000E+9	1.478279000E-5
1.420123333E+9	1.506076000E-5
1.420126667E+9	1.476483000E-5
1.420130000E+9	1.472441000E-5
1.420133333E+9	1.468294000E-5
1.420136667E+9	1.498630000E-5
1.420140000E+9	1.468974000E-5
1.420143333E+9	1.483650000E-5
1.420146667E+9	1.491542000E-5
1.420150000E+9	1.476025000E-5
1.420153333E+9	1.479859000E-5
1.420156667E+9	1.479542000E-5
1.420160000E+9	1.466860000E-5
1.420163333E+9	1.483028000E-5
1.420166667E+9	1.471465000E-5
1.420170000E+9	1.452594000E-5
1.420173333E+9	1.501356000E-5
1.420176667E+9	1.474042000E-5
1.420180000E+9	1.492384000E-5
1.420183333E+9	1.484657000E-5
1.420186667E+9	1.496989000E-5
1.420190000E+9	1.492646000E-5
1.420193333E+9	1.502320000E-5
1.420196667E+9	1.474041000E-5
1.420200000E+9	1.497617000E-5
1.420203333E+9	1.493295000E-5
1.420206667E+9	1.503583000E-5
1.420210000E+9	1.482910000E-5
1.420213333E+9	1.487491000E-5
1.420216667E+9	1.483669000E-5
1.420220000E+9	1.484528000E-5
1.420223333E+9	1.460439000E-5
1.420226667E+9	1.500448000E-5
1.420230000E+9	1.538563000E-5
1.420233333E+9	1.497594000E-5
1.420236667E+9	1.497550000E-5
1.420240000E+9	1.462519000E-5
1.420243333E+9	1.481394000E-5
1.420246667E+9	1.477804000E-5
1.420250000E+9	1.490877000E-5
1.420253333E+9	1.487555000E-5
1.420256667E+9	1.481342000E-5
1.420260000E+9	1.469523000E-5
1.420263333E+9	1.460905000E-5
1.420266667E+9	1.514443000E-5
1.420270000E+9	1.463052000E-5
1.420273333E+9	1.476691000E-5
1.420276667E+9	1.496305000E-5
1.420280000E+9	1.454198000E-5
1.420283333E+9	1.496217000E-5
1.420286667E+9	1.470383000E-5
1.420290000E+9	1.514375000E-5
1.420293333E+9	1.496948000E-5
1.420296667E+9	1.549671000E-5
1.420300000E+9	1.493290000E-5
1.420303333E+9	1.492744000E-5
1.420306667E+9	1.487133000E-5
1.420310000E+9	1.503713000E-5
1.420313333E+9	1.494309000E-5
1.420316667E+9	1.464523000E-5
1.420320000E+9	1.493886000E-5
1.420323333E+9	1.464574000E-5
1.420326667E+9	1.525679000E-5
1.420330000E+9	1.536957000E-5
1.420333333E+9	1.623160000E-5
1.420336667E+9	1.496514000E-5
1.420340000E+9	1.489758000E-5
1.420343333E+9	1.481817000E-5
1.420346667E+9	1.500267000E-5
1.420350000E+9	1.506349000E-5
1.420353333E+9	1.482567000E-5
1.420356667E+9	1.475720000E-5
1.420360000E+9	1.453599000E-5
1.420363333E+9	1.492314000E-5
1.420366667E+9	1.501257000E-5
1.420370000E+9	1.505706000E-5
1.420373333E+9	1.489259000E-5
1.420376667E+9	1.486340000E-5
1.420380000E+9	1.505970000E-5
1.420383333E+9	1.473410000E-5
1.420386667E+9	1.461822000E-5
1.420390000E+9	1.480355000E-5
1.420393333E+9	1.472899000E-5
1.420396667E+9	1.468200000E-5
1.420400000E+9	1.462837000E-5
1.420403333E+9	1.463539000E-5
1.420406667E+9	1.470935000E-5
1.420410000E+9	1.504329000E-5
1.420413333E+9	1.484978000E-5
1.420416667E+9	1.499960000E-5
1.420420000E+9	1.501827000E-5
1.420423333E+9	1.501323000E-5
1.420426667E+9	1.481207000E-5
1.420430000E+9	1.463298000E-5
1.420433333E+9	1.482500000E-5
1.420436667E+9	1.496054000E-5
1.420440000E+9	1.491660000E-5
1.420443333E+9	1.474737000E-5
1.420446667E+9	1.487302000E-5
1.420450000E+9	1.486528000E-5
1.420453333E+9	1.510340000E-5
1.420456667E+9	1.507481000E-5
1.420460000E+9	1.514417000E-5
1.420463333E+9	1.556218000E-5
1.420466667E+9	1.541259000E-5
1.420470000E+9	1.528704000E-5
1.420473333E+9	1.543539000E-5
1.420476667E+9	1.573345000E-5
1.420480000E+9	1.581581000E-5
1.420483333E+9	1.605040000E-5
1.420486667E+9	1.583139000E-5
1.420490000E+9	1.632348000E-5
1.420493333E+9	1.618079000E-5
1.420496667E+9	1.657767000E-5
1.420500000E+9	1.680465000E-5
1.420503333E+9	1.612145000E-5
1.420506667E+9	1.626104000E-5
1.420510000E+9	1.633003000E-5
1.420513333E+9	1.637854000E-5
1.420516667E+9	1.626857000E-5
1.420520000E+9	1.650002000E-5
1.420523333E+9	1.621059000E-5
1.420526667E+9	1.643294000E-5
1.420530000E+9	1.642122000E-5
1.420533333E+9	1.638227000E-5
1.420536667E+9	1.643058000E-5
1.420540000E+9	1.628328000E-5
1.420543333E+9	1.638419000E-5
1.420546667E+9	1.630727000E-5
1.420550000E+9	1.628854000E-5
1.420553333E+9	1.645071000E-5
1.420556667E+9	1.617276000E-5
1.420560000E+9	1.607281000E-5
1.420563333E+9	1.582389000E-5
1.420566667E+9	1.628707000E-5
1.420570000E+9	1.603947000E-5
1.420573333E+9	1.616088000E-5
1.420576667E+9	1.579375000E-5
1.420580000E+9	1.553246000E-5
1.420583333E+9	1.565446000E-5
1.420586667E+9	1.535012000E-5
1.420590000E+9	1.599879000E-5
1.420593333E+9	1.568356000E-5
1.420596667E+9	1.545092000E-5
1.420600000E+9	1.539159000E-5
1.420603333E+9	1.591124000E-5
1.420606667E+9	1.589306000E-5
1.420610000E+9	1.613902000E-5
1.420613333E+9	1.556179000E-5
1.420616667E+9	1.557625000E-5
1.420620000E+9	1.570327000E-5
1.420623333E+9	1.571603000E-5
1.420626667E+9	1.683886000E-5
1.420630000E+9	1.539636000E-5
1.420633333E+9	1.554703000E-5
1.420636667E+9	1.542373000E-5
1.420640000E+9	1.597561000E-5
1.420643333E+9	1.576212000E-5
1.420646667E+9	1.668553000E-5
1.420650000E+9	1.611205000E-5
1.420653333E+9	1.570727000E-5
1.420656667E+9	1.560989000E-5
1.420660000E+9	1.580106000E-5
1.420663333E+9	1.576475000E-5
1.420666667E+9	1.590017000E-5
1.420670000E+9	1.582291000E-5
1.420673333E+9	1.619605000E-5
1.420676667E+9	1.623389000E-5
1.420680000E+9	1.608035000E-5
1.420683333E+9	1.635768000E-5
1.420686667E+9	1.623367000E-5
1.420690000E+9	1.603483000E-5
1.420693333E+9	1.631059000E-5
1.420696667E+9	1.625468000E-5
1.420700000E+9	1.612945000E-5
1.420703333E+9	1.603211000E-5
1.420706667E+9	1.639625000E-5
1.420710000E+9	1.610040000E-5
1.420713333E+9	1.711002000E-5
1.420716667E+9	1.616122000E-5
1.420720000E+9	1.666066000E-5
1.420723333E+9	1.661668000E-5
1.420726667E+9	1.628990000E-5
1.420730000E+9	1.627263000E-5
1.420733333E+9	1.663457000E-5
1.420736667E+9	1.641531000E-5
1.420740000E+9	1.637123000E-5
1.420743333E+9	1.608713000E-5
1.420746667E+9	1.606060000E-5
1.420750000E+9	1.646469000E-5
1.420753333E+9	1.627174000E-5
1.420756667E+9	1.605542000E-5
1.420760000E+9	1.680550000E-5
1.420763333E+9	1.620432000E-5
1.420766667E+9	1.615340000E-5
1.420770000E+9	1.607082000E-5
1.420773333E+9	1.600166000E-5
1.420776667E+9	1.625855000E-5
1.420780000E+9	1.592910000E-5
1.420783333E+9	1.622188000E-5
1.420786667E+9	1.593951000E-5
1.420790000E+9	1.565866000E-5
1.420793333E+9	1.628745000E-5
1.420796667E+9	1.685173000E-5
1.420800000E+9	1.617226000E-5
1.420803333E+9	1.555468000E-5
1.420806667E+9	1.575247000E-5
1.420810000E+9	1.553543000E-5
1.420813333E+9	1.536640000E-5
1.420816667E+9	1.567793000E-5
1.420820000E+9	1.537914000E-5
1.420823333E+9	1.556004000E-5
1.420826667E+9	1.543066000E-5
1.420830000E+9	1.534901000E-5
1.420833333E+9	1.511135000E-5
1.420836667E+9	1.522865000E-5
1.420840000E+9	1.533943000E-5
1.420843333E+9	1.513147000E-5
1.420846667E+9	1.529615000E-5
1.420850000E+9	1.525635000E-5
1.420853333E+9	1.529751000E-5
1.420856667E+9	1.531035000E-5
1.420860000E+9	1.500512000E-5
1.420863333E+9	1.524051000E-5
1.420866667E+9	1.526833000E-5
1.420870000E+9	1.546658000E-5
1.420873333E+9	1.564835000E-5
1.420876667E+9	1.508724000E-5
1.420880000E+9	1.566394000E-5
1.420883333E+9	1.703886000E-5
1.420886667E+9	1.659096000E-5
1.420890000E+9	1.506655000E-5
1.420893333E+9	1.536213000E-5
1.420896667E+9	1.550237000E-5
1.420900000E+9	1.536424000E-5
1.420903333E+9	1.534136000E-5
1.420906667E+9	1.586207000E-5
1.420910000E+9	1.575863000E-5
1.420913333E+9	1.710844000E-5
1.420916667E+9	1.702644000E-5
1.420920000E+9	1.960414000E-5
1.420923333E+9	1.518099000E-5
1.420926667E+9	1.511161000E-5
1.420930000E+9	1.513333000E-5
1.420933333E+9	1.492376000E-5
1.420936667E+9	1.509029000E-5
1.420940000E+9	1.508792000E-5
1.420943333E+9	1.583450000E-5
1.420946667E+9	1.672361000E-5
1.420950000E+9	1.532663000E-5
1.420953333E+9	1.534590000E-5
1.420956667E+9	1.538137000E-5
1.420960000E+9	1.508128000E-5
1.420963333E+9	1.519170000E-5
1.420966667E+9	1.520528000E-5
1.420970000E+9	1.520101000E-5
1.420973333E+9	1.530060000E-5
1.420976667E+9	1.524433000E-5
1.420980000E+9	1.501532000E-5
1.420983333E+9	1.533872000E-5
1.420986667E+9	1.525856000E-5
1.420990000E+9	1.535068000E-5
1.420993333E+9	1.538314000E-5
1.420996667E+9	1.489549000E-5
1.421000000E+9	1.490668000E-5
1.421003333E+9	1.477812000E-5
1.421006667E+9	1.481675000E-5
1.421010000E+9	1.477578000E-5
1.421013333E+9	1.459764000E-5
1.421016667E+9	1.496151000E-5
1.421020000E+9	1.505859000E-5
1.421023333E+9	1.496125000E-5
1.421026667E+9	1.462744000E-5
1.421030000E+9	1.490933000E-5
1.421033333E+9	1.479908000E-5
1.421036667E+9	1.472656000E-5
1.421040000E+9	1.479781000E-5
1.421043333E+9	1.483875000E-5
1.421046667E+9	1.483288000E-5
1.421050000E+9	1.492718000E-5
1.421053333E+9	1.478324000E-5
1.421056667E+9	1.508935000E-5
1.421060000E+9	1.512786000E-5
1.421063333E+9	1.497433000E-5
1.421066667E+9	1.494695000E-5
1.421070000E+9	1.477359000E-5
1.421073333E+9	1.478120000E-5
1.421076667E+9	1.475987000E-5
1.421080000E+9	1.478256000E-5
1.421083333E+9	1.487836000E-5
1.421086667E+9	1.466067000E-5
1.421090000E+9	1.494489000E-5
1.421093333E+9	1.527460000E-5
1.421096667E+9	1.536412000E-5
1.421100000E+9	1.464639000E-5
1.421103333E+9	1.495074000E-5
1.421106667E+9	1.456014000E-5
1.421110000E+9	1.485699000E-5
1.421113333E+9	1.476555000E-5
1.421116667E+9	1.482954000E-5
1.421120000E+9	1.460662000E-5
1.421123333E+9	1.476545000E-5
1.421126667E+9	1.475168000E-5
1.421130000E+9	1.461644000E-5
1.421133333E+9	1.514533000E-5
1.421136667E+9	1.496079000E-5
1.421140000E+9	1.488726000E-5
1.421143333E+9	1.478998000E-5
1.421146667E+9	1.473474000E-5
1.421150000E+9	1.477703000E-5
1.421153333E+9	1.490836000E-5
1.421156667E+9	1.469374000E-5
1.421160000E+9	1.475025000E-5
1.421163333E+9	1.507259000E-5
1.421166667E+9	1.487222000E-5
1.421170000E+9	1.495123000E-5
1.421173333E+9	1.511254000E-5
1.421176667E+9	1.571622000E-5
1.421180000E+9	1.690362000E-5
1.421183333E+9	1.499163000E-5
1.421186667E+9	1.481057000E-5
1.421190000E+9	1.487917000E-5
1.421193333E+9	1.458361000E-5
1.421196667E+9	1.500382000E-5
1.421200000E+9	1.478510000E-5
1.421203333E+9	1.496598000E-5
1.421206667E+9	1.581894000E-5
1.421210000E+9	1.529414000E-5
1.421213333E+9	1.612782000E-5
1.421216667E+9	1.475087000E-5
1.421220000E+9	1.473068000E-5
1.421223333E+9	1.457746000E-5
1.421226667E+9	1.473122000E-5
1.421230000E+9	1.494596000E-5
1.421233333E+9	1.477969000E-5
1.421236667E+9	1.467517000E-5
1.421240000E+9	1.471211000E-5
1.421243333E+9	1.526659000E-5
1.421246667E+9	1.507414000E-5
1.421250000E+9	1.487207000E-5
1.421253333E+9	1.445089000E-5
1.421256667E+9	1.476371000E-5
1.421260000E+9	1.480129000E-5
1.421263333E+9	1.493874000E-5
1.421266667E+9	1.479014000E-5
1.421270000E+9	1.428881000E-5
1.421273333E+9	1.490457000E-5
1.421276667E+9	1.489061000E-5
1.421280000E+9	1.493551000E-5
1.421283333E+9	1.464550000E-5
1.421286667E+9	1.480709000E-5
1.421290000E+9	1.483594000E-5
1.421293333E+9	1.461195000E-5
1.421296667E+9	1.470530000E-5
1.421300000E+9	1.494091000E-5
1.421303333E+9	1.469903000E-5
1.421306667E+9	1.486188000E-5
1.421310000E+9	1.497546000E-5
1.421313333E+9	1.456339000E-5
1.421316667E+9	1.486451000E-5
1.421320000E+9	1.481101000E-5
1.421323333E+9	1.440716000E-5
1.421326667E+9	1.495435000E-5
1.421330000E+9	1.451373000E-5
1.421333333E+9	1.485216000E-5
1.421336667E+9	1.477015000E-5
1.421340000E+9	1.466407000E-5
1.421343333E+9	1.466093000E-5
1.421346667E+9	1.439731000E-5
1.421350000E+9	1.453634000E-5
1.421353333E+9	1.469284000E-5
1.421356667E+9	1.509380000E-5
1.421360000E+9	1.453344000E-5
1.421363333E+9	1.486706000E-5
1.421366667E+9	1.541747000E-5
1.421370000E+9	1.460638000E-5
1.421373333E+9	1.488757000E-5
1.421376667E+9	1.476229000E-5
1.421380000E+9	1.447153000E-5
1.421383333E+9	1.447745000E-5
1.421386667E+9	1.482681000E-5
1.421390000E+9	1.492505000E-5
1.421393333E+9	1.530465000E-5
1.421396667E+9	1.471827000E-5
1.421400000E+9	1.466586000E-5
