Frequency, Hz	Amplitude, Volts
1.419400000E+9	2.087971000E-5
1.419403333E+9	2.042643000E-5
1.419406667E+9	2.039033000E-5
1.419410000E+9	2.057599000E-5
1.419413333E+9	2.134261000E-5
1.419416667E+9	2.077133000E-5
1.419420000E+9	2.073802000E-5
1.419423333E+9	2.060762000E-5
1.419426667E+9	2.058035000E-5
1.419430000E+9	2.046179000E-5
1.419433333E+9	2.057605000E-5
1.419436667E+9	2.065569000E-5
1.419440000E+9	2.355834000E-5
1.419443333E+9	2.152241000E-5
1.419446667E+9	2.052342000E-5
1.419450000E+9	2.115350000E-5
1.419453333E+9	2.461869000E-5
1.419456667E+9	2.248357000E-5
1.419460000E+9	2.110508000E-5
1.419463333E+9	2.092837000E-5
1.419466667E+9	2.055966000E-5
1.419470000E+9	2.080964000E-5
1.419473333E+9	2.052344000E-5
1.419476667E+9	2.065793000E-5
1.419480000E+9	2.035444000E-5
1.419483333E+9	2.018286000E-5
1.419486667E+9	2.027045000E-5
1.419490000E+9	2.154521000E-5
1.419493333E+9	2.108637000E-5
1.419496667E+9	2.071255000E-5
1.419500000E+9	2.051684000E-5
1.419503333E+9	2.002598000E-5
1.419506667E+9	2.011013000E-5
1.419510000E+9	2.042231000E-5
1.419513333E+9	2.021894000E-5
1.419516667E+9	2.067543000E-5
1.419520000E+9	2.049025000E-5
1.419523333E+9	2.030047000E-5
1.419526667E+9	2.051161000E-5
1.419530000E+9	2.066712000E-5
1.419533333E+9	2.056530000E-5
1.419536667E+9	2.087488000E-5
1.419540000E+9	2.081866000E-5
1.419543333E+9	2.062197000E-5
1.419546667E+9	2.030499000E-5
1.419550000E+9	2.069989000E-5
1.419553333E+9	1.997069000E-5
1.419556667E+9	2.084279000E-5
1.419560000E+9	2.069412000E-5
1.419563333E+9	2.003984000E-5
1.419566667E+9	2.029068000E-5
1.419570000E+9	2.050006000E-5
1.419573333E+9	2.051693000E-5
1.419576667E+9	2.021481000E-5
1.419580000E+9	2.052238000E-5
1.419583333E+9	2.090933000E-5
1.419586667E+9	2.039643000E-5
1.419590000E+9	2.082010000E-5
1.419593333E+9	2.042332000E-5
1.419596667E+9	2.049007000E-5
1.419600000E+9	2.060363000E-5
1.419603333E+9	2.058118000E-5
1.419606667E+9	2.040057000E-5
1.419610000E+9	2.087829000E-5
1.419613333E+9	2.049563000E-5
1.419616667E+9	2.036487000E-5
1.419620000E+9	2.056038000E-5
1.419623333E+9	2.040234000E-5
1.419626667E+9	2.024856000E-5
1.419630000E+9	2.085886000E-5
1.419633333E+9	2.120999000E-5
1.419636667E+9	2.067524000E-5
1.419640000E+9	2.006842000E-5
1.419643333E+9	2.041632000E-5
1.419646667E+9	2.060415000E-5
1.419650000E+9	2.058966000E-5
1.419653333E+9	2.081389000E-5
1.419656667E+9	2.032960000E-5
1.419660000E+9	2.048458000E-5
1.419663333E+9	2.021763000E-5
1.419666667E+9	2.030319000E-5
1.419670000E+9	2.066737000E-5
1.419673333E+9	2.035884000E-5
1.419676667E+9	2.093184000E-5
1.419680000E+9	2.072982000E-5
1.419683333E+9	2.029184000E-5
1.419686667E+9	2.047442000E-5
1.419690000E+9	2.003812000E-5
1.419693333E+9	2.055027000E-5
1.419696667E+9	2.070266000E-5
1.419700000E+9	2.045734000E-5
1.419703333E+9	2.037239000E-5
1.419706667E+9	2.030981000E-5
1.419710000E+9	2.026998000E-5
1.419713333E+9	2.044010000E-5
1.419716667E+9	2.072486000E-5
1.419720000E+9	2.057014000E-5
1.419723333E+9	2.120675000E-5
1.419726667E+9	2.105736000E-5
1.419730000E+9	2.137201000E-5
1.419733333E+9	2.527337000E-5
1.419736667E+9	2.118078000E-5
1.419740000E+9	2.058292000E-5
1.419743333E+9	2.167689000E-5
1.419746667E+9	2.507426000E-5
1.419750000E+9	2.228506000E-5
1.419753333E+9	2.103487000E-5
1.419756667E+9	2.079038000E-5
1.419760000E+9	2.034581000E-5
1.419763333E+9	2.083936000E-5
1.419766667E+9	2.085126000E-5
1.419770000E+9	2.086322000E-5
1.419773333E+9	2.084030000E-5
1.419776667E+9	2.106852000E-5
1.419780000E+9	2.045384000E-5
1.419783333E+9	2.038577000E-5
1.419786667E+9	2.034382000E-5
1.419790000E+9	2.055524000E-5
1.419793333E+9	2.109992000E-5
1.419796667E+9	2.079831000E-5
1.419800000E+9	2.051127000E-5
1.419803333E+9	2.041724000E-5
1.419806667E+9	2.033158000E-5
1.419810000E+9	2.055043000E-5
1.419813333E+9	2.074225000E-5
1.419816667E+9	2.074524000E-5
1.419820000E+9	2.061228000E-5
1.419823333E+9	2.050789000E-5
1.419826667E+9	2.055420000E-5
1.419830000E+9	2.049383000E-5
1.419833333E+9	2.047343000E-5
1.419836667E+9	2.071587000E-5
1.419840000E+9	2.058466000E-5
1.419843333E+9	2.073592000E-5
1.419846667E+9	2.020589000E-5
1.419850000E+9	2.027036000E-5
1.419853333E+9	2.007417000E-5
1.419856667E+9	2.046770000E-5
1.419860000E+9	2.051485000E-5
1.419863333E+9	2.114180000E-5
1.419866667E+9	2.062477000E-5
1.419870000E+9	2.118092000E-5
1.419873333E+9	2.060169000E-5
1.419876667E+9	2.043754000E-5
1.419880000E+9	2.040628000E-5
1.419883333E+9	2.079255000E-5
1.419886667E+9	2.050684000E-5
1.419890000E+9	2.005974000E-5
1.419893333E+9	2.061352000E-5
1.419896667E+9	2.037906000E-5
1.419900000E+9	2.018620000E-5
1.419903333E+9	2.050272000E-5
1.419906667E+9	2.045006000E-5
1.419910000E+9	2.070837000E-5
1.419913333E+9	2.064945000E-5
1.419916667E+9	2.032339000E-5
1.419920000E+9	2.035964000E-5
1.419923333E+9	2.033976000E-5
1.419926667E+9	2.011002000E-5
1.419930000E+9	2.031329000E-5
1.419933333E+9	2.056749000E-5
1.419936667E+9	2.049540000E-5
1.419940000E+9	2.068408000E-5
1.419943333E+9	2.028471000E-5
1.419946667E+9	2.069644000E-5
1.419950000E+9	2.033748000E-5
1.419953333E+9	2.045896000E-5
1.419956667E+9	2.043173000E-5
1.419960000E+9	2.056797000E-5
1.419963333E+9	2.047743000E-5
1.419966667E+9	2.035841000E-5
1.419970000E+9	2.027881000E-5
1.419973333E+9	2.045065000E-5
1.419976667E+9	2.068730000E-5
1.419980000E+9	2.188461000E-5
1.419983333E+9	2.048676000E-5
1.419986667E+9	2.045260000E-5
1.419990000E+9	2.004468000E-5
1.419993333E+9	2.051004000E-5
1.419996667E+9	2.047511000E-5
1.420000000E+9	2.071658000E-5
1.420003333E+9	2.150253000E-5
1.420006667E+9	2.044914000E-5
1.420010000E+9	2.034708000E-5
1.420013333E+9	2.036993000E-5
1.420016667E+9	2.068519000E-5
1.420020000E+9	2.061158000E-5
1.420023333E+9	2.092977000E-5
1.420026667E+9	2.264896000E-5
1.420030000E+9	2.074690000E-5
1.420033333E+9	2.023360000E-5
1.420036667E+9	2.090924000E-5
1.420040000E+9	2.437022000E-5
1.420043333E+9	2.118888000E-5
1.420046667E+9	2.032911000E-5
1.420050000E+9	2.066934000E-5
1.420053333E+9	2.073030000E-5
1.420056667E+9	2.030330000E-5
1.420060000E+9	2.037172000E-5
1.420063333E+9	2.053112000E-5
1.420066667E+9	1.997076000E-5
1.420070000E+9	2.020838000E-5
1.420073333E+9	2.054050000E-5
1.420076667E+9	1.995491000E-5
1.420080000E+9	2.067472000E-5
1.420083333E+9	2.038452000E-5
1.420086667E+9	1.987708000E-5
1.420090000E+9	2.035843000E-5
1.420093333E+9	2.023758000E-5
1.420096667E+9	2.069916000E-5
1.420100000E+9	2.069251000E-5
1.420103333E+9	2.034840000E-5
1.420106667E+9	2.037610000E-5
1.420110000E+9	2.024996000E-5
1.420113333E+9	2.037337000E-5
1.420116667E+9	2.001373000E-5
1.420120000E+9	2.009801000E-5
1.420123333E+9	2.036429000E-5
1.420126667E+9	1.990528000E-5
1.420130000E+9	2.010339000E-5
1.420133333E+9	2.020093000E-5
1.420136667E+9	2.057163000E-5
1.420140000E+9	2.015491000E-5
1.420143333E+9	2.033835000E-5
1.420146667E+9	2.014113000E-5
1.420150000E+9	2.001785000E-5
1.420153333E+9	2.039777000E-5
1.420156667E+9	2.071537000E-5
1.420160000E+9	2.020234000E-5
1.420163333E+9	2.027378000E-5
1.420166667E+9	2.033058000E-5
1.420170000E+9	2.045509000E-5
1.420173333E+9	2.022671000E-5
1.420176667E+9	2.044699000E-5
1.420180000E+9	2.019276000E-5
1.420183333E+9	2.023624000E-5
1.420186667E+9	2.094975000E-5
1.420190000E+9	2.046145000E-5
1.420193333E+9	2.124497000E-5
1.420196667E+9	2.104014000E-5
1.420200000E+9	2.046084000E-5
1.420203333E+9	2.079659000E-5
1.420206667E+9	2.034713000E-5
1.420210000E+9	2.036523000E-5
1.420213333E+9	2.091172000E-5
1.420216667E+9	2.062328000E-5
1.420220000E+9	2.044342000E-5
1.420223333E+9	2.062858000E-5
1.420226667E+9	2.069891000E-5
1.420230000E+9	2.075688000E-5
1.420233333E+9	2.040996000E-5
1.420236667E+9	2.064596000E-5
1.420240000E+9	2.095327000E-5
1.420243333E+9	2.053917000E-5
1.420246667E+9	2.105509000E-5
1.420250000E+9	2.058572000E-5
1.420253333E+9	2.082957000E-5
1.420256667E+9	2.075198000E-5
1.420260000E+9	2.093952000E-5
1.420263333E+9	2.075116000E-5
1.420266667E+9	2.087868000E-5
1.420270000E+9	2.057018000E-5
1.420273333E+9	2.068251000E-5
1.420276667E+9	2.057542000E-5
1.420280000E+9	2.068764000E-5
1.420283333E+9	2.116897000E-5
1.420286667E+9	2.102021000E-5
1.420290000E+9	2.031748000E-5
1.420293333E+9	2.066381000E-5
1.420296667E+9	2.131039000E-5
1.420300000E+9	2.105971000E-5
1.420303333E+9	2.040075000E-5
1.420306667E+9	2.079057000E-5
1.420310000E+9	2.138077000E-5
1.420313333E+9	2.051452000E-5
1.420316667E+9	2.123422000E-5
1.420320000E+9	2.250904000E-5
1.420323333E+9	2.054206000E-5
1.420326667E+9	2.081329000E-5
1.420330000E+9	2.165140000E-5
1.420333333E+9	2.420260000E-5
1.420336667E+9	2.113377000E-5
1.420340000E+9	2.120105000E-5
1.420343333E+9	2.074214000E-5
1.420346667E+9	2.068260000E-5
1.420350000E+9	2.063732000E-5
1.420353333E+9	2.111512000E-5
1.420356667E+9	2.102665000E-5
1.420360000E+9	2.075214000E-5
1.420363333E+9	2.062899000E-5
1.420366667E+9	2.055485000E-5
1.420370000E+9	2.085769000E-5
1.420373333E+9	2.096763000E-5
1.420376667E+9	2.118788000E-5
1.420380000E+9	2.136819000E-5
1.420383333E+9	2.097256000E-5
1.420386667E+9	2.104092000E-5
1.420390000E+9	2.081112000E-5
1.420393333E+9	2.080518000E-5
1.420396667E+9	2.075442000E-5
1.420400000E+9	2.105100000E-5
1.420403333E+9	2.076848000E-5
1.420406667E+9	2.100572000E-5
1.420410000E+9	2.099532000E-5
1.420413333E+9	2.046399000E-5
1.420416667E+9	2.096020000E-5
1.420420000E+9	2.069953000E-5
1.420423333E+9	2.120361000E-5
1.420426667E+9	2.086273000E-5
1.420430000E+9	2.099528000E-5
1.420433333E+9	2.074296000E-5
1.420436667E+9	2.060830000E-5
1.420440000E+9	2.050434000E-5
1.420443333E+9	2.063882000E-5
1.420446667E+9	2.067379000E-5
1.420450000E+9	2.044524000E-5
1.420453333E+9	2.054332000E-5
1.420456667E+9	2.028766000E-5
1.420460000E+9	2.077215000E-5
1.420463333E+9	2.055512000E-5
1.420466667E+9	2.100238000E-5
1.420470000E+9	2.134443000E-5
1.420473333E+9	2.113525000E-5
1.420476667E+9	2.070212000E-5
1.420480000E+9	2.043799000E-5
1.420483333E+9	2.063780000E-5
1.420486667E+9	2.028933000E-5
1.420490000E+9	2.052860000E-5
1.420493333E+9	1.981398000E-5
1.420496667E+9	2.059509000E-5
1.420500000E+9	2.054547000E-5
1.420503333E+9	2.039204000E-5
1.420506667E+9	2.074934000E-5
1.420510000E+9	2.032219000E-5
1.420513333E+9	2.062885000E-5
1.420516667E+9	2.029048000E-5
1.420520000E+9	2.097185000E-5
1.420523333E+9	2.039029000E-5
1.420526667E+9	2.013100000E-5
1.420530000E+9	2.013502000E-5
1.420533333E+9	2.042937000E-5
1.420536667E+9	2.033355000E-5
1.420540000E+9	2.041686000E-5
1.420543333E+9	2.056381000E-5
1.420546667E+9	2.014498000E-5
1.420550000E+9	2.036628000E-5
1.420553333E+9	2.031489000E-5
1.420556667E+9	2.016080000E-5
1.420560000E+9	2.012006000E-5
1.420563333E+9	2.047644000E-5
1.420566667E+9	2.047691000E-5
1.420570000E+9	2.037796000E-5
1.420573333E+9	2.072873000E-5
1.420576667E+9	2.033239000E-5
1.420580000E+9	2.031396000E-5
1.420583333E+9	1.976008000E-5
1.420586667E+9	2.025038000E-5
1.420590000E+9	2.139375000E-5
1.420593333E+9	2.053248000E-5
1.420596667E+9	1.999983000E-5
1.420600000E+9	2.020891000E-5
1.420603333E+9	2.081882000E-5
1.420606667E+9	2.045146000E-5
1.420610000E+9	2.178981000E-5
1.420613333E+9	2.298404000E-5
1.420616667E+9	2.083488000E-5
1.420620000E+9	2.071344000E-5
1.420623333E+9	2.186612000E-5
1.420626667E+9	2.639992000E-5
1.420630000E+9	2.101366000E-5
1.420633333E+9	2.113096000E-5
1.420636667E+9	2.060221000E-5
1.420640000E+9	2.023687000E-5
1.420643333E+9	2.019188000E-5
1.420646667E+9	2.020186000E-5
1.420650000E+9	1.967392000E-5
1.420653333E+9	2.000835000E-5
1.420656667E+9	2.053935000E-5
1.420660000E+9	2.046902000E-5
1.420663333E+9	2.044510000E-5
1.420666667E+9	1.994656000E-5
1.420670000E+9	2.023578000E-5
1.420673333E+9	2.035113000E-5
1.420676667E+9	2.076832000E-5
1.420680000E+9	2.082483000E-5
1.420683333E+9	2.023464000E-5
1.420686667E+9	2.013193000E-5
1.420690000E+9	2.031588000E-5
1.420693333E+9	2.002042000E-5
1.420696667E+9	2.019917000E-5
1.420700000E+9	2.065326000E-5
1.420703333E+9	1.995278000E-5
1.420706667E+9	2.017342000E-5
1.420710000E+9	2.018246000E-5
1.420713333E+9	2.007644000E-5
1.420716667E+9	2.007644000E-5
1.420720000E+9	2.033011000E-5
1.420723333E+9	2.062004000E-5
1.420726667E+9	2.049124000E-5
1.420730000E+9	2.019582000E-5
1.420733333E+9	2.005373000E-5
1.420736667E+9	2.032824000E-5
1.420740000E+9	2.016972000E-5
1.420743333E+9	2.037136000E-5
1.420746667E+9	1.981812000E-5
1.420750000E+9	2.024309000E-5
1.420753333E+9	2.046302000E-5
1.420756667E+9	2.063565000E-5
1.420760000E+9	2.032902000E-5
1.420763333E+9	2.045590000E-5
1.420766667E+9	2.005493000E-5
1.420770000E+9	2.039098000E-5
1.420773333E+9	2.001749000E-5
1.420776667E+9	2.044322000E-5
1.420780000E+9	2.001261000E-5
1.420783333E+9	1.985566000E-5
1.420786667E+9	2.050098000E-5
1.420790000E+9	2.042917000E-5
1.420793333E+9	2.041287000E-5
1.420796667E+9	2.035499000E-5
1.420800000E+9	2.038185000E-5
1.420803333E+9	2.014776000E-5
1.420806667E+9	2.042798000E-5
1.420810000E+9	2.016755000E-5
1.420813333E+9	2.063608000E-5
1.420816667E+9	2.033489000E-5
1.420820000E+9	2.013182000E-5
1.420823333E+9	1.999987000E-5
1.420826667E+9	2.042596000E-5
1.420830000E+9	1.993115000E-5
1.420833333E+9	2.025271000E-5
1.420836667E+9	1.998771000E-5
1.420840000E+9	2.020323000E-5
1.420843333E+9	2.022989000E-5
1.420846667E+9	2.014546000E-5
1.420850000E+9	2.010684000E-5
1.420853333E+9	2.016934000E-5
1.420856667E+9	1.995969000E-5
1.420860000E+9	2.021484000E-5
1.420863333E+9	2.051789000E-5
1.420866667E+9	2.021930000E-5
1.420870000E+9	2.009203000E-5
1.420873333E+9	1.986231000E-5
1.420876667E+9	1.983677000E-5
1.420880000E+9	2.024553000E-5
1.420883333E+9	2.050038000E-5
1.420886667E+9	2.078833000E-5
1.420890000E+9	2.012428000E-5
1.420893333E+9	2.015732000E-5
1.420896667E+9	2.009750000E-5
1.420900000E+9	2.020361000E-5
1.420903333E+9	2.309697000E-5
1.420906667E+9	2.701013000E-5
1.420910000E+9	2.020927000E-5
1.420913333E+9	2.208377000E-5
1.420916667E+9	2.645994000E-5
1.420920000E+9	3.462909000E-5
1.420923333E+9	2.148914000E-5
1.420926667E+9	2.246627000E-5
1.420930000E+9	2.059079000E-5
1.420933333E+9	2.002426000E-5
1.420936667E+9	2.024242000E-5
1.420940000E+9	2.034932000E-5
1.420943333E+9	2.047568000E-5
1.420946667E+9	2.058912000E-5
1.420950000E+9	1.985349000E-5
1.420953333E+9	1.962911000E-5
1.420956667E+9	1.982434000E-5
1.420960000E+9	2.003843000E-5
1.420963333E+9	2.013697000E-5
1.420966667E+9	2.021615000E-5
1.420970000E+9	2.045013000E-5
1.420973333E+9	2.064834000E-5
1.420976667E+9	2.011856000E-5
1.420980000E+9	2.046972000E-5
1.420983333E+9	2.202539000E-5
1.420986667E+9	2.150415000E-5
1.420990000E+9	2.059056000E-5
1.420993333E+9	2.087442000E-5
1.420996667E+9	2.158257000E-5
1.421000000E+9	2.020363000E-5
1.421003333E+9	2.077245000E-5
1.421006667E+9	2.075353000E-5
1.421010000E+9	2.033435000E-5
1.421013333E+9	1.997054000E-5
1.421016667E+9	2.024487000E-5
1.421020000E+9	2.033810000E-5
1.421023333E+9	2.001490000E-5
1.421026667E+9	2.058089000E-5
1.421030000E+9	2.021939000E-5
1.421033333E+9	2.053629000E-5
1.421036667E+9	1.996063000E-5
1.421040000E+9	2.020798000E-5
1.421043333E+9	2.073656000E-5
1.421046667E+9	2.045723000E-5
1.421050000E+9	2.018580000E-5
1.421053333E+9	2.003013000E-5
1.421056667E+9	2.024953000E-5
1.421060000E+9	2.008023000E-5
1.421063333E+9	2.026281000E-5
1.421066667E+9	2.015688000E-5
1.421070000E+9	1.999709000E-5
1.421073333E+9	2.036975000E-5
1.421076667E+9	2.017012000E-5
1.421080000E+9	2.011593000E-5
1.421083333E+9	2.060556000E-5
1.421086667E+9	1.968918000E-5
1.421090000E+9	2.003473000E-5
1.421093333E+9	2.024338000E-5
1.421096667E+9	2.045370000E-5
1.421100000E+9	2.032964000E-5
1.421103333E+9	2.035964000E-5
1.421106667E+9	2.045033000E-5
1.421110000E+9	2.041419000E-5
1.421113333E+9	2.025752000E-5
1.421116667E+9	2.014137000E-5
1.421120000E+9	2.093092000E-5
1.421123333E+9	2.043076000E-5
1.421126667E+9	2.066403000E-5
1.421130000E+9	2.051267000E-5
1.421133333E+9	2.031788000E-5
1.421136667E+9	2.042208000E-5
1.421140000E+9	2.022041000E-5
1.421143333E+9	2.049191000E-5
1.421146667E+9	2.019968000E-5
1.421150000E+9	2.000014000E-5
1.421153333E+9	2.005436000E-5
1.421156667E+9	2.023867000E-5
1.421160000E+9	2.033239000E-5
1.421163333E+9	2.002365000E-5
1.421166667E+9	2.039289000E-5
1.421170000E+9	2.081251000E-5
1.421173333E+9	2.049241000E-5
1.421176667E+9	2.114793000E-5
1.421180000E+9	2.154256000E-5
1.421183333E+9	1.999687000E-5
1.421186667E+9	2.014195000E-5
1.421190000E+9	2.037565000E-5
1.421193333E+9	2.049421000E-5
1.421196667E+9	2.155540000E-5
1.421200000E+9	2.208782000E-5
1.421203333E+9	2.017284000E-5
1.421206667E+9	2.094331000E-5
1.421210000E+9	2.214217000E-5
1.421213333E+9	2.500635000E-5
1.421216667E+9	2.079321000E-5
1.421220000E+9	2.149858000E-5
1.421223333E+9	2.039703000E-5
1.421226667E+9	2.048159000E-5
1.421230000E+9	2.034985000E-5
1.421233333E+9	2.008239000E-5
1.421236667E+9	2.017092000E-5
1.421240000E+9	1.972081000E-5
1.421243333E+9	1.984699000E-5
1.421246667E+9	2.038984000E-5
1.421250000E+9	2.004727000E-5
1.421253333E+9	2.018261000E-5
1.421256667E+9	2.014803000E-5
1.421260000E+9	2.078281000E-5
1.421263333E+9	2.055887000E-5
1.421266667E+9	2.038763000E-5
1.421270000E+9	2.042495000E-5
1.421273333E+9	2.029345000E-5
1.421276667E+9	2.032565000E-5
1.421280000E+9	2.045476000E-5
1.421283333E+9	1.968371000E-5
1.421286667E+9	2.015157000E-5
1.421290000E+9	2.020272000E-5
1.421293333E+9	2.055612000E-5
1.421296667E+9	1.997929000E-5
1.421300000E+9	2.042601000E-5
1.421303333E+9	1.990716000E-5
1.421306667E+9	2.018168000E-5
1.421310000E+9	2.025378000E-5
1.421313333E+9	2.016786000E-5
1.421316667E+9	2.027563000E-5
1.421320000E+9	1.988986000E-5
1.421323333E+9	2.031739000E-5
1.421326667E+9	2.019126000E-5
1.421330000E+9	1.974117000E-5
1.421333333E+9	2.017663000E-5
1.421336667E+9	2.011814000E-5
1.421340000E+9	2.017891000E-5
1.421343333E+9	2.058941000E-5
1.421346667E+9	1.983068000E-5
1.421350000E+9	2.035356000E-5
1.421353333E+9	2.023264000E-5
1.421356667E+9	2.058394000E-5
1.421360000E+9	2.038863000E-5
1.421363333E+9	2.034758000E-5
1.421366667E+9	2.112273000E-5
1.421370000E+9	1.990685000E-5
1.421373333E+9	1.999028000E-5
1.421376667E+9	2.011320000E-5
1.421380000E+9	2.001037000E-5
1.421383333E+9	2.023109000E-5
1.421386667E+9	2.002163000E-5
1.421390000E+9	2.037187000E-5
1.421393333E+9	2.013237000E-5
1.421396667E+9	2.000528000E-5
1.421400000E+9	2.054885000E-5
