Frequency, Hz	Amplitude, Volts
1.419400000E+9	1.809394000E-5
1.419403333E+9	1.967608000E-5
1.419406667E+9	1.862214000E-5
1.419410000E+9	1.806349000E-5
1.419413333E+9	1.853268000E-5
1.419416667E+9	1.840707000E-5
1.419420000E+9	1.814566000E-5
1.419423333E+9	1.825792000E-5
1.419426667E+9	1.864630000E-5
1.419430000E+9	1.827812000E-5
1.419433333E+9	1.843046000E-5
1.419436667E+9	1.817427000E-5
1.419440000E+9	1.843063000E-5
1.419443333E+9	1.790257000E-5
1.419446667E+9	1.822105000E-5
1.419450000E+9	1.937597000E-5
1.419453333E+9	1.826463000E-5
1.419456667E+9	1.810059000E-5
1.419460000E+9	1.808899000E-5
1.419463333E+9	1.776098000E-5
1.419466667E+9	1.771142000E-5
1.419470000E+9	1.790416000E-5
1.419473333E+9	1.855367000E-5
1.419476667E+9	1.828275000E-5
1.419480000E+9	1.818883000E-5
1.419483333E+9	1.791732000E-5
1.419486667E+9	1.813807000E-5
1.419490000E+9	1.832250000E-5
1.419493333E+9	1.832989000E-5
1.419496667E+9	1.913510000E-5
1.419500000E+9	1.863554000E-5
1.419503333E+9	1.828466000E-5
1.419506667E+9	1.815656000E-5
1.419510000E+9	1.803065000E-5
1.419513333E+9	1.844326000E-5
1.419516667E+9	1.807368000E-5
1.419520000E+9	1.869250000E-5
1.419523333E+9	1.801407000E-5
1.419526667E+9	1.810071000E-5
1.419530000E+9	1.796400000E-5
1.419533333E+9	1.760770000E-5
1.419536667E+9	1.806083000E-5
1.419540000E+9	1.831763000E-5
1.419543333E+9	1.956312000E-5
1.419546667E+9	1.891554000E-5
1.419550000E+9	1.805008000E-5
1.419553333E+9	1.788589000E-5
1.419556667E+9	1.796974000E-5
1.419560000E+9	1.797416000E-5
1.419563333E+9	1.826149000E-5
1.419566667E+9	1.829817000E-5
1.419570000E+9	1.794374000E-5
1.419573333E+9	1.810151000E-5
1.419576667E+9	1.810841000E-5
1.419580000E+9	1.812257000E-5
1.419583333E+9	1.801053000E-5
1.419586667E+9	1.809362000E-5
1.419590000E+9	1.886160000E-5
1.419593333E+9	1.804164000E-5
1.419596667E+9	1.782234000E-5
1.419600000E+9	1.773438000E-5
1.419603333E+9	1.803790000E-5
1.419606667E+9	1.801126000E-5
1.419610000E+9	1.805655000E-5
1.419613333E+9	1.828835000E-5
1.419616667E+9	1.799201000E-5
1.419620000E+9	1.771327000E-5
1.419623333E+9	1.767193000E-5
1.419626667E+9	1.794520000E-5
1.419630000E+9	1.787539000E-5
1.419633333E+9	1.818432000E-5
1.419636667E+9	1.924418000E-5
1.419640000E+9	1.855686000E-5
1.419643333E+9	1.793542000E-5
1.419646667E+9	1.809004000E-5
1.419650000E+9	1.795113000E-5
1.419653333E+9	1.815070000E-5
1.419656667E+9	1.791399000E-5
1.419660000E+9	1.812507000E-5
1.419663333E+9	1.807452000E-5
1.419666667E+9	1.785295000E-5
1.419670000E+9	1.793909000E-5
1.419673333E+9	1.799531000E-5
1.419676667E+9	1.775090000E-5
1.419680000E+9	1.765172000E-5
1.419683333E+9	1.921603000E-5
1.419686667E+9	1.834728000E-5
1.419690000E+9	1.770699000E-5
1.419693333E+9	1.757485000E-5
1.419696667E+9	1.782249000E-5
1.419700000E+9	1.815714000E-5
1.419703333E+9	1.819746000E-5
1.419706667E+9	1.844650000E-5
1.419710000E+9	1.783994000E-5
1.419713333E+9	1.794478000E-5
1.419716667E+9	1.774223000E-5
1.419720000E+9	1.745750000E-5
1.419723333E+9	1.778119000E-5
1.419726667E+9	1.792389000E-5
1.419730000E+9	1.917104000E-5
1.419733333E+9	1.929112000E-5
1.419736667E+9	1.812020000E-5
1.419740000E+9	1.774301000E-5
1.419743333E+9	1.789045000E-5
1.419746667E+9	1.785216000E-5
1.419750000E+9	1.782733000E-5
1.419753333E+9	1.843059000E-5
1.419756667E+9	1.820021000E-5
1.419760000E+9	1.785924000E-5
1.419763333E+9	1.784644000E-5
1.419766667E+9	1.809521000E-5
1.419770000E+9	1.802167000E-5
1.419773333E+9	1.782116000E-5
1.419776667E+9	1.886530000E-5
1.419780000E+9	1.807148000E-5
1.419783333E+9	1.793592000E-5
1.419786667E+9	1.799861000E-5
1.419790000E+9	1.810029000E-5
1.419793333E+9	1.786063000E-5
1.419796667E+9	1.770498000E-5
1.419800000E+9	1.812410000E-5
1.419803333E+9	1.784213000E-5
1.419806667E+9	1.756322000E-5
1.419810000E+9	1.813590000E-5
1.419813333E+9	1.790383000E-5
1.419816667E+9	1.799742000E-5
1.419820000E+9	1.783506000E-5
1.419823333E+9	1.885394000E-5
1.419826667E+9	1.792176000E-5
1.419830000E+9	1.822489000E-5
1.419833333E+9	1.793964000E-5
1.419836667E+9	1.810294000E-5
1.419840000E+9	1.753312000E-5
1.419843333E+9	1.738718000E-5
1.419846667E+9	1.808224000E-5
1.419850000E+9	1.800660000E-5
1.419853333E+9	1.758187000E-5
1.419856667E+9	1.738575000E-5
1.419860000E+9	1.735679000E-5
1.419863333E+9	1.788184000E-5
1.419866667E+9	1.770411000E-5
1.419870000E+9	1.877867000E-5
1.419873333E+9	1.813371000E-5
1.419876667E+9	1.791521000E-5
1.419880000E+9	1.741226000E-5
1.419883333E+9	1.756837000E-5
1.419886667E+9	1.767169000E-5
1.419890000E+9	1.808953000E-5
1.419893333E+9	1.817190000E-5
1.419896667E+9	1.756590000E-5
1.419900000E+9	1.780747000E-5
1.419903333E+9	1.796655000E-5
1.419906667E+9	1.759493000E-5
1.419910000E+9	1.759702000E-5
1.419913333E+9	1.786581000E-5
1.419916667E+9	1.858135000E-5
1.419920000E+9	1.769633000E-5
1.419923333E+9	1.800759000E-5
1.419926667E+9	1.766979000E-5
1.419930000E+9	1.767009000E-5
1.419933333E+9	1.756461000E-5
1.419936667E+9	1.759269000E-5
1.419940000E+9	1.788536000E-5
1.419943333E+9	1.779854000E-5
1.419946667E+9	1.789347000E-5
1.419950000E+9	1.797308000E-5
1.419953333E+9	1.739730000E-5
1.419956667E+9	1.772570000E-5
1.419960000E+9	1.777743000E-5
1.419963333E+9	1.866014000E-5
1.419966667E+9	1.824585000E-5
1.419970000E+9	1.736175000E-5
1.419973333E+9	1.781987000E-5
1.419976667E+9	1.785581000E-5
1.419980000E+9	1.946091000E-5
1.419983333E+9	1.836268000E-5
1.419986667E+9	1.809783000E-5
1.419990000E+9	1.766846000E-5
1.419993333E+9	1.728331000E-5
1.419996667E+9	1.773288000E-5
1.420000000E+9	1.806154000E-5
1.420003333E+9	1.874413000E-5
1.420006667E+9	1.742940000E-5
1.420010000E+9	1.848957000E-5
1.420013333E+9	1.753048000E-5
1.420016667E+9	1.764157000E-5
1.420020000E+9	1.738569000E-5
1.420023333E+9	1.767519000E-5
1.420026667E+9	1.769635000E-5
1.420030000E+9	1.813126000E-5
1.420033333E+9	1.772447000E-5
1.420036667E+9	1.791539000E-5
1.420040000E+9	1.755109000E-5
1.420043333E+9	1.758425000E-5
1.420046667E+9	1.743348000E-5
1.420050000E+9	1.759599000E-5
1.420053333E+9	1.748145000E-5
1.420056667E+9	1.804406000E-5
1.420060000E+9	1.731963000E-5
1.420063333E+9	1.717647000E-5
1.420066667E+9	1.724540000E-5
1.420070000E+9	1.719052000E-5
1.420073333E+9	1.742205000E-5
1.420076667E+9	1.747562000E-5
1.420080000E+9	1.763138000E-5
1.420083333E+9	1.759499000E-5
1.420086667E+9	1.742119000E-5
1.420090000E+9	1.754337000E-5
1.420093333E+9	1.722228000E-5
1.420096667E+9	1.721598000E-5
1.420100000E+9	1.721288000E-5
1.420103333E+9	1.800662000E-5
1.420106667E+9	1.760001000E-5
1.420110000E+9	1.720746000E-5
1.420113333E+9	1.768171000E-5
1.420116667E+9	1.732118000E-5
1.420120000E+9	1.692334000E-5
1.420123333E+9	1.742006000E-5
1.420126667E+9	1.796550000E-5
1.420130000E+9	1.748481000E-5
1.420133333E+9	1.719624000E-5
1.420136667E+9	1.716076000E-5
1.420140000E+9	1.717754000E-5
1.420143333E+9	1.707257000E-5
1.420146667E+9	1.735575000E-5
1.420150000E+9	1.808194000E-5
1.420153333E+9	1.725059000E-5
1.420156667E+9	1.733558000E-5
1.420160000E+9	1.747295000E-5
1.420163333E+9	1.711818000E-5
1.420166667E+9	1.749668000E-5
1.420170000E+9	1.702510000E-5
1.420173333E+9	1.766157000E-5
1.420176667E+9	1.706730000E-5
1.420180000E+9	1.706535000E-5
1.420183333E+9	1.712568000E-5
1.420186667E+9	1.728901000E-5
1.420190000E+9	1.706357000E-5
1.420193333E+9	1.745646000E-5
1.420196667E+9	1.844079000E-5
1.420200000E+9	1.754730000E-5
1.420203333E+9	1.724624000E-5
1.420206667E+9	1.705383000E-5
1.420210000E+9	1.704634000E-5
1.420213333E+9	1.712698000E-5
1.420216667E+9	1.728136000E-5
1.420220000E+9	1.783136000E-5
1.420223333E+9	1.710538000E-5
1.420226667E+9	1.740276000E-5
1.420230000E+9	1.722192000E-5
1.420233333E+9	1.691151000E-5
1.420236667E+9	1.729229000E-5
1.420240000E+9	1.729451000E-5
1.420243333E+9	1.808311000E-5
1.420246667E+9	1.746309000E-5
1.420250000E+9	1.742642000E-5
1.420253333E+9	1.725836000E-5
1.420256667E+9	1.708074000E-5
1.420260000E+9	1.716581000E-5
1.420263333E+9	1.689593000E-5
1.420266667E+9	1.782147000E-5
1.420270000E+9	1.750145000E-5
1.420273333E+9	1.746296000E-5
1.420276667E+9	1.719165000E-5
1.420280000E+9	1.705584000E-5
1.420283333E+9	1.715261000E-5
1.420286667E+9	1.784350000E-5
1.420290000E+9	1.806238000E-5
1.420293333E+9	1.747309000E-5
1.420296667E+9	1.741746000E-5
1.420300000E+9	1.765112000E-5
1.420303333E+9	1.754435000E-5
1.420306667E+9	1.715187000E-5
1.420310000E+9	1.720523000E-5
1.420313333E+9	1.785702000E-5
1.420316667E+9	1.703250000E-5
1.420320000E+9	1.724059000E-5
1.420323333E+9	1.740918000E-5
1.420326667E+9	1.741572000E-5
1.420330000E+9	1.755581000E-5
1.420333333E+9	1.738531000E-5
1.420336667E+9	1.830901000E-5
1.420340000E+9	1.747272000E-5
1.420343333E+9	1.672602000E-5
1.420346667E+9	1.709939000E-5
1.420350000E+9	1.705973000E-5
1.420353333E+9	1.729261000E-5
1.420356667E+9	1.712822000E-5
1.420360000E+9	1.753551000E-5
1.420363333E+9	1.739575000E-5
1.420366667E+9	1.720704000E-5
1.420370000E+9	1.737827000E-5
1.420373333E+9	1.717183000E-5
1.420376667E+9	1.716687000E-5
1.420380000E+9	1.711671000E-5
1.420383333E+9	1.826439000E-5
1.420386667E+9	1.737359000E-5
1.420390000E+9	1.762068000E-5
1.420393333E+9	1.773728000E-5
1.420396667E+9	1.696978000E-5
1.420400000E+9	1.713924000E-5
1.420403333E+9	1.717337000E-5
1.420406667E+9	1.745857000E-5
1.420410000E+9	1.746687000E-5
1.420413333E+9	1.756613000E-5
1.420416667E+9	1.728901000E-5
1.420420000E+9	1.747079000E-5
1.420423333E+9	1.751502000E-5
1.420426667E+9	1.746802000E-5
1.420430000E+9	1.821345000E-5
1.420433333E+9	1.750354000E-5
1.420436667E+9	1.739799000E-5
1.420440000E+9	1.746476000E-5
1.420443333E+9	1.754728000E-5
1.420446667E+9	1.769869000E-5
1.420450000E+9	1.791484000E-5
1.420453333E+9	1.743956000E-5
1.420456667E+9	1.765261000E-5
1.420460000E+9	1.796173000E-5
1.420463333E+9	1.844216000E-5
1.420466667E+9	1.827940000E-5
1.420470000E+9	1.797176000E-5
1.420473333E+9	1.868830000E-5
1.420476667E+9	1.918820000E-5
1.420480000E+9	1.873816000E-5
1.420483333E+9	1.828620000E-5
1.420486667E+9	1.878422000E-5
1.420490000E+9	1.888937000E-5
1.420493333E+9	1.852590000E-5
1.420496667E+9	1.893815000E-5
1.420500000E+9	1.903619000E-5
1.420503333E+9	1.899371000E-5
1.420506667E+9	1.873812000E-5
1.420510000E+9	1.867449000E-5
1.420513333E+9	1.881471000E-5
1.420516667E+9	1.919079000E-5
1.420520000E+9	1.925870000E-5
1.420523333E+9	1.964025000E-5
1.420526667E+9	1.929330000E-5
1.420530000E+9	1.915976000E-5
1.420533333E+9	1.937507000E-5
1.420536667E+9	1.894811000E-5
1.420540000E+9	1.896002000E-5
1.420543333E+9	1.931541000E-5
1.420546667E+9	1.932725000E-5
1.420550000E+9	1.965831000E-5
1.420553333E+9	1.896626000E-5
1.420556667E+9	1.921390000E-5
1.420560000E+9	1.895602000E-5
1.420563333E+9	1.914595000E-5
1.420566667E+9	1.921274000E-5
1.420570000E+9	1.985460000E-5
1.420573333E+9	1.909493000E-5
1.420576667E+9	1.906397000E-5
1.420580000E+9	1.882667000E-5
1.420583333E+9	1.915110000E-5
1.420586667E+9	1.886226000E-5
1.420590000E+9	2.073226000E-5
1.420593333E+9	1.947427000E-5
1.420596667E+9	1.898201000E-5
1.420600000E+9	1.879128000E-5
1.420603333E+9	1.862764000E-5
1.420606667E+9	1.906799000E-5
1.420610000E+9	1.856410000E-5
1.420613333E+9	1.875558000E-5
1.420616667E+9	1.939642000E-5
1.420620000E+9	1.928663000E-5
1.420623333E+9	1.915873000E-5
1.420626667E+9	1.813276000E-5
1.420630000E+9	1.832691000E-5
1.420633333E+9	1.843597000E-5
1.420636667E+9	1.841835000E-5
1.420640000E+9	1.852574000E-5
1.420643333E+9	1.806533000E-5
1.420646667E+9	1.826511000E-5
1.420650000E+9	1.772093000E-5
1.420653333E+9	1.751244000E-5
1.420656667E+9	1.788473000E-5
1.420660000E+9	1.773808000E-5
1.420663333E+9	1.844739000E-5
1.420666667E+9	1.806140000E-5
1.420670000E+9	1.788010000E-5
1.420673333E+9	1.780634000E-5
1.420676667E+9	1.748213000E-5
1.420680000E+9	1.773169000E-5
1.420683333E+9	1.761043000E-5
1.420686667E+9	1.758216000E-5
1.420690000E+9	1.721784000E-5
1.420693333E+9	1.725880000E-5
1.420696667E+9	1.755963000E-5
1.420700000E+9	1.726818000E-5
1.420703333E+9	1.734721000E-5
1.420706667E+9	1.787087000E-5
1.420710000E+9	1.787452000E-5
1.420713333E+9	1.729355000E-5
1.420716667E+9	1.694027000E-5
1.420720000E+9	1.712854000E-5
1.420723333E+9	1.717997000E-5
1.420726667E+9	1.725232000E-5
1.420730000E+9	1.741668000E-5
1.420733333E+9	1.766485000E-5
1.420736667E+9	1.735197000E-5
1.420740000E+9	1.727129000E-5
1.420743333E+9	1.706724000E-5
1.420746667E+9	1.715622000E-5
1.420750000E+9	1.691312000E-5
1.420753333E+9	1.712999000E-5
1.420756667E+9	1.786610000E-5
1.420760000E+9	1.786597000E-5
1.420763333E+9	1.724665000E-5
1.420766667E+9	1.749224000E-5
1.420770000E+9	1.745506000E-5
1.420773333E+9	1.704165000E-5
1.420776667E+9	1.704728000E-5
1.420780000E+9	1.699441000E-5
1.420783333E+9	1.699990000E-5
1.420786667E+9	1.690020000E-5
1.420790000E+9	1.701532000E-5
1.420793333E+9	1.737958000E-5
1.420796667E+9	1.717796000E-5
1.420800000E+9	1.708845000E-5
1.420803333E+9	1.759756000E-5
1.420806667E+9	1.705556000E-5
1.420810000E+9	1.730122000E-5
1.420813333E+9	1.733586000E-5
1.420816667E+9	1.705172000E-5
1.420820000E+9	1.719281000E-5
1.420823333E+9	1.743359000E-5
1.420826667E+9	1.741364000E-5
1.420830000E+9	1.740691000E-5
1.420833333E+9	1.702502000E-5
1.420836667E+9	1.693693000E-5
1.420840000E+9	1.734418000E-5
1.420843333E+9	1.683276000E-5
1.420846667E+9	1.728641000E-5
1.420850000E+9	1.730133000E-5
1.420853333E+9	1.665453000E-5
1.420856667E+9	1.683826000E-5
1.420860000E+9	1.701654000E-5
1.420863333E+9	1.686969000E-5
1.420866667E+9	1.706709000E-5
1.420870000E+9	1.726044000E-5
1.420873333E+9	1.727102000E-5
1.420876667E+9	1.710972000E-5
1.420880000E+9	1.743976000E-5
1.420883333E+9	1.726213000E-5
1.420886667E+9	1.725942000E-5
1.420890000E+9	1.713687000E-5
1.420893333E+9	1.720723000E-5
1.420896667E+9	1.758093000E-5
1.420900000E+9	1.710816000E-5
1.420903333E+9	1.744410000E-5
1.420906667E+9	1.750427000E-5
1.420910000E+9	1.714560000E-5
1.420913333E+9	1.866103000E-5
1.420916667E+9	1.815166000E-5
1.420920000E+9	1.720030000E-5
1.420923333E+9	1.687169000E-5
1.420926667E+9	1.711521000E-5
1.420930000E+9	1.694260000E-5
1.420933333E+9	1.700791000E-5
1.420936667E+9	1.693256000E-5
1.420940000E+9	1.715125000E-5
1.420943333E+9	1.764930000E-5
1.420946667E+9	1.684625000E-5
1.420950000E+9	1.708472000E-5
1.420953333E+9	1.722203000E-5
1.420956667E+9	1.691689000E-5
1.420960000E+9	1.730410000E-5
1.420963333E+9	1.696114000E-5
1.420966667E+9	1.721400000E-5
1.420970000E+9	1.693784000E-5
1.420973333E+9	1.723492000E-5
1.420976667E+9	1.685271000E-5
1.420980000E+9	1.699443000E-5
1.420983333E+9	1.649058000E-5
1.420986667E+9	1.745347000E-5
1.420990000E+9	1.772410000E-5
1.420993333E+9	1.747623000E-5
1.420996667E+9	1.730553000E-5
1.421000000E+9	1.687615000E-5
1.421003333E+9	1.708260000E-5
1.421006667E+9	1.712594000E-5
1.421010000E+9	1.678299000E-5
1.421013333E+9	1.717879000E-5
1.421016667E+9	1.720217000E-5
1.421020000E+9	1.681739000E-5
1.421023333E+9	1.688824000E-5
1.421026667E+9	1.724446000E-5
1.421030000E+9	1.728958000E-5
1.421033333E+9	1.745713000E-5
1.421036667E+9	1.742213000E-5
1.421040000E+9	1.696516000E-5
1.421043333E+9	1.677576000E-5
1.421046667E+9	1.691461000E-5
1.421050000E+9	1.726710000E-5
1.421053333E+9	1.676422000E-5
1.421056667E+9	1.686248000E-5
1.421060000E+9	1.729884000E-5
1.421063333E+9	1.697386000E-5
1.421066667E+9	1.709040000E-5
1.421070000E+9	1.706814000E-5
1.421073333E+9	1.705878000E-5
1.421076667E+9	1.715653000E-5
1.421080000E+9	1.728548000E-5
1.421083333E+9	1.736465000E-5
1.421086667E+9	1.706471000E-5
1.421090000E+9	1.726044000E-5
1.421093333E+9	1.709423000E-5
1.421096667E+9	1.664771000E-5
1.421100000E+9	1.687436000E-5
1.421103333E+9	1.715767000E-5
1.421106667E+9	1.710033000E-5
1.421110000E+9	1.695942000E-5
1.421113333E+9	1.694273000E-5
1.421116667E+9	1.709175000E-5
1.421120000E+9	1.702530000E-5
1.421123333E+9	1.745043000E-5
1.421126667E+9	1.732393000E-5
1.421130000E+9	1.741515000E-5
1.421133333E+9	1.719762000E-5
1.421136667E+9	1.706659000E-5
1.421140000E+9	1.715020000E-5
1.421143333E+9	1.731667000E-5
1.421146667E+9	1.726249000E-5
1.421150000E+9	1.662601000E-5
1.421153333E+9	1.717896000E-5
1.421156667E+9	1.719169000E-5
1.421160000E+9	1.709596000E-5
1.421163333E+9	1.685506000E-5
1.421166667E+9	1.713582000E-5
1.421170000E+9	1.696540000E-5
1.421173333E+9	1.723108000E-5
1.421176667E+9	1.730044000E-5
1.421180000E+9	1.704773000E-5
1.421183333E+9	1.677889000E-5
1.421186667E+9	1.699869000E-5
1.421190000E+9	1.763398000E-5
1.421193333E+9	1.683939000E-5
1.421196667E+9	1.671419000E-5
1.421200000E+9	1.733455000E-5
1.421203333E+9	1.725266000E-5
1.421206667E+9	1.763328000E-5
1.421210000E+9	1.714786000E-5
1.421213333E+9	1.725961000E-5
1.421216667E+9	1.710848000E-5
1.421220000E+9	1.733447000E-5
1.421223333E+9	1.720272000E-5
1.421226667E+9	1.686252000E-5
1.421230000E+9	1.725258000E-5
1.421233333E+9	1.717999000E-5
1.421236667E+9	1.699641000E-5
1.421240000E+9	1.661221000E-5
1.421243333E+9	1.709755000E-5
1.421246667E+9	1.709342000E-5
1.421250000E+9	1.708566000E-5
1.421253333E+9	1.716276000E-5
1.421256667E+9	1.693583000E-5
1.421260000E+9	1.681706000E-5
1.421263333E+9	1.704949000E-5
1.421266667E+9	1.714560000E-5
1.421270000E+9	1.740301000E-5
1.421273333E+9	1.707377000E-5
1.421276667E+9	1.708320000E-5
1.421280000E+9	1.711100000E-5
1.421283333E+9	1.706374000E-5
1.421286667E+9	1.706951000E-5
1.421290000E+9	1.704161000E-5
1.421293333E+9	1.727443000E-5
1.421296667E+9	1.674935000E-5
1.421300000E+9	1.685806000E-5
1.421303333E+9	1.658575000E-5
1.421306667E+9	1.698999000E-5
1.421310000E+9	1.659415000E-5
1.421313333E+9	1.643460000E-5
1.421316667E+9	1.752731000E-5
1.421320000E+9	1.705977000E-5
1.421323333E+9	1.672403000E-5
1.421326667E+9	1.688029000E-5
1.421330000E+9	1.722682000E-5
1.421333333E+9	1.674167000E-5
1.421336667E+9	1.677794000E-5
1.421340000E+9	1.683185000E-5
1.421343333E+9	1.706226000E-5
1.421346667E+9	1.660288000E-5
1.421350000E+9	1.704844000E-5
1.421353333E+9	1.710364000E-5
1.421356667E+9	1.676006000E-5
1.421360000E+9	1.725218000E-5
1.421363333E+9	1.699275000E-5
1.421366667E+9	1.727667000E-5
1.421370000E+9	1.664531000E-5
1.421373333E+9	1.673913000E-5
1.421376667E+9	1.664243000E-5
1.421380000E+9	1.696170000E-5
1.421383333E+9	1.698633000E-5
1.421386667E+9	1.680648000E-5
1.421390000E+9	1.691934000E-5
1.421393333E+9	1.696965000E-5
1.421396667E+9	1.680327000E-5
1.421400000E+9	1.729672000E-5
