Frequency, Hz	Amplitude, Volts
1.419400000E+9	1.864446000E-5
1.419403333E+9	1.786879000E-5
1.419406667E+9	1.800707000E-5
1.419410000E+9	1.778736000E-5
1.419413333E+9	1.827950000E-5
1.419416667E+9	1.824892000E-5
1.419420000E+9	1.855308000E-5
1.419423333E+9	1.794510000E-5
1.419426667E+9	1.777674000E-5
1.419430000E+9	1.786915000E-5
1.419433333E+9	1.796177000E-5
1.419436667E+9	1.777594000E-5
1.419440000E+9	1.826183000E-5
1.419443333E+9	1.890904000E-5
1.419446667E+9	1.855642000E-5
1.419450000E+9	1.891996000E-5
1.419453333E+9	1.818523000E-5
1.419456667E+9	1.811602000E-5
1.419460000E+9	1.801021000E-5
1.419463333E+9	1.838616000E-5
1.419466667E+9	1.854348000E-5
1.419470000E+9	1.780112000E-5
1.419473333E+9	1.814072000E-5
1.419476667E+9	1.768482000E-5
1.419480000E+9	1.817228000E-5
1.419483333E+9	1.783308000E-5
1.419486667E+9	1.786911000E-5
1.419490000E+9	1.930758000E-5
1.419493333E+9	1.866912000E-5
1.419496667E+9	1.807868000E-5
1.419500000E+9	1.766454000E-5
1.419503333E+9	1.769392000E-5
1.419506667E+9	1.782498000E-5
1.419510000E+9	1.815964000E-5
1.419513333E+9	1.832447000E-5
1.419516667E+9	1.791877000E-5
1.419520000E+9	1.785946000E-5
1.419523333E+9	1.768089000E-5
1.419526667E+9	1.771391000E-5
1.419530000E+9	1.734750000E-5
1.419533333E+9	1.824002000E-5
1.419536667E+9	1.959861000E-5
1.419540000E+9	1.897991000E-5
1.419543333E+9	1.789974000E-5
1.419546667E+9	1.835077000E-5
1.419550000E+9	1.799717000E-5
1.419553333E+9	1.792615000E-5
1.419556667E+9	1.772474000E-5
1.419560000E+9	1.808575000E-5
1.419563333E+9	1.805334000E-5
1.419566667E+9	1.803382000E-5
1.419570000E+9	1.773860000E-5
1.419573333E+9	1.781795000E-5
1.419576667E+9	1.770351000E-5
1.419580000E+9	1.799045000E-5
1.419583333E+9	1.982562000E-5
1.419586667E+9	1.888779000E-5
1.419590000E+9	1.787132000E-5
1.419593333E+9	1.770599000E-5
1.419596667E+9	1.763684000E-5
1.419600000E+9	1.795745000E-5
1.419603333E+9	1.785765000E-5
1.419606667E+9	1.830286000E-5
1.419610000E+9	1.800636000E-5
1.419613333E+9	1.797418000E-5
1.419616667E+9	1.747892000E-5
1.419620000E+9	1.779029000E-5
1.419623333E+9	1.769414000E-5
1.419626667E+9	1.806035000E-5
1.419630000E+9	1.899604000E-5
1.419633333E+9	1.851136000E-5
1.419636667E+9	1.767887000E-5
1.419640000E+9	1.798147000E-5
1.419643333E+9	1.809698000E-5
1.419646667E+9	1.780624000E-5
1.419650000E+9	1.786118000E-5
1.419653333E+9	1.756397000E-5
1.419656667E+9	1.795580000E-5
1.419660000E+9	1.761449000E-5
1.419663333E+9	1.761254000E-5
1.419666667E+9	1.768268000E-5
1.419670000E+9	1.818234000E-5
1.419673333E+9	1.830989000E-5
1.419676667E+9	1.904368000E-5
1.419680000E+9	1.843079000E-5
1.419683333E+9	1.755244000E-5
1.419686667E+9	1.771206000E-5
1.419690000E+9	1.815294000E-5
1.419693333E+9	1.783886000E-5
1.419696667E+9	1.782012000E-5
1.419700000E+9	1.835558000E-5
1.419703333E+9	1.776332000E-5
1.419706667E+9	1.833069000E-5
1.419710000E+9	1.808547000E-5
1.419713333E+9	1.775926000E-5
1.419716667E+9	1.745274000E-5
1.419720000E+9	1.821653000E-5
1.419723333E+9	1.948316000E-5
1.419726667E+9	1.868801000E-5
1.419730000E+9	1.781727000E-5
1.419733333E+9	2.011092000E-5
1.419736667E+9	1.822905000E-5
1.419740000E+9	1.799486000E-5
1.419743333E+9	1.865150000E-5
1.419746667E+9	1.917668000E-5
1.419750000E+9	1.825064000E-5
1.419753333E+9	1.765040000E-5
1.419756667E+9	1.744278000E-5
1.419760000E+9	1.805518000E-5
1.419763333E+9	1.785946000E-5
1.419766667E+9	1.818731000E-5
1.419770000E+9	1.924692000E-5
1.419773333E+9	1.835794000E-5
1.419776667E+9	1.771684000E-5
1.419780000E+9	1.750565000E-5
1.419783333E+9	1.782756000E-5
1.419786667E+9	1.749939000E-5
1.419790000E+9	1.784007000E-5
1.419793333E+9	1.796388000E-5
1.419796667E+9	1.765364000E-5
1.419800000E+9	1.759947000E-5
1.419803333E+9	1.790235000E-5
1.419806667E+9	1.725950000E-5
1.419810000E+9	1.793544000E-5
1.419813333E+9	1.821217000E-5
1.419816667E+9	1.926568000E-5
1.419820000E+9	1.811791000E-5
1.419823333E+9	1.763917000E-5
1.419826667E+9	1.776131000E-5
1.419830000E+9	1.805131000E-5
1.419833333E+9	1.748537000E-5
1.419836667E+9	1.786467000E-5
1.419840000E+9	1.788856000E-5
1.419843333E+9	1.781058000E-5
1.419846667E+9	1.803600000E-5
1.419850000E+9	1.797286000E-5
1.419853333E+9	1.780540000E-5
1.419856667E+9	1.770903000E-5
1.419860000E+9	1.767009000E-5
1.419863333E+9	1.917557000E-5
1.419866667E+9	1.873240000E-5
1.419870000E+9	1.865353000E-5
1.419873333E+9	1.772033000E-5
1.419876667E+9	1.774305000E-5
1.419880000E+9	1.777385000E-5
1.419883333E+9	1.775000000E-5
1.419886667E+9	1.817246000E-5
1.419890000E+9	1.772702000E-5
1.419893333E+9	1.759317000E-5
1.419896667E+9	1.759545000E-5
1.419900000E+9	1.755179000E-5
1.419903333E+9	1.770510000E-5
1.419906667E+9	1.781406000E-5
1.419910000E+9	1.866346000E-5
1.419913333E+9	1.847114000E-5
1.419916667E+9	1.805859000E-5
1.419920000E+9	1.787303000E-5
1.419923333E+9	1.777768000E-5
1.419926667E+9	1.758838000E-5
1.419930000E+9	1.761478000E-5
1.419933333E+9	1.811715000E-5
1.419936667E+9	1.777202000E-5
1.419940000E+9	1.733109000E-5
1.419943333E+9	1.753376000E-5
1.419946667E+9	1.780165000E-5
1.419950000E+9	1.787523000E-5
1.419953333E+9	1.786108000E-5
1.419956667E+9	1.956883000E-5
1.419960000E+9	1.856826000E-5
1.419963333E+9	1.771539000E-5
1.419966667E+9	1.769958000E-5
1.419970000E+9	1.805159000E-5
1.419973333E+9	1.762310000E-5
1.419976667E+9	1.766950000E-5
1.419980000E+9	1.820735000E-5
1.419983333E+9	1.792393000E-5
1.419986667E+9	1.806559000E-5
1.419990000E+9	1.778129000E-5
1.419993333E+9	1.789897000E-5
1.419996667E+9	1.788982000E-5
1.420000000E+9	1.933336000E-5
1.420003333E+9	2.256843000E-5
1.420006667E+9	1.861921000E-5
1.420010000E+9	1.751784000E-5
1.420013333E+9	1.776619000E-5
1.420016667E+9	1.774875000E-5
1.420020000E+9	1.747424000E-5
1.420023333E+9	1.752481000E-5
1.420026667E+9	1.794208000E-5
1.420030000E+9	1.768204000E-5
1.420033333E+9	1.785646000E-5
1.420036667E+9	1.815447000E-5
1.420040000E+9	1.833142000E-5
1.420043333E+9	1.743719000E-5
1.420046667E+9	1.774233000E-5
1.420050000E+9	1.840547000E-5
1.420053333E+9	1.847664000E-5
1.420056667E+9	1.746097000E-5
1.420060000E+9	1.740699000E-5
1.420063333E+9	1.745370000E-5
1.420066667E+9	1.724499000E-5
1.420070000E+9	1.775349000E-5
1.420073333E+9	1.790684000E-5
1.420076667E+9	1.779490000E-5
1.420080000E+9	1.738987000E-5
1.420083333E+9	1.771914000E-5
1.420086667E+9	1.730965000E-5
1.420090000E+9	1.751444000E-5
1.420093333E+9	1.787356000E-5
1.420096667E+9	1.883188000E-5
1.420100000E+9	1.781968000E-5
1.420103333E+9	1.720098000E-5
1.420106667E+9	1.729003000E-5
1.420110000E+9	1.755458000E-5
1.420113333E+9	1.750965000E-5
1.420116667E+9	1.714732000E-5
1.420120000E+9	1.752439000E-5
1.420123333E+9	1.738008000E-5
1.420126667E+9	1.748189000E-5
1.420130000E+9	1.769264000E-5
1.420133333E+9	1.737909000E-5
1.420136667E+9	1.755370000E-5
1.420140000E+9	1.777856000E-5
1.420143333E+9	1.859102000E-5
1.420146667E+9	1.823542000E-5
1.420150000E+9	1.733581000E-5
1.420153333E+9	1.734041000E-5
1.420156667E+9	1.744506000E-5
1.420160000E+9	1.747201000E-5
1.420163333E+9	1.781113000E-5
1.420166667E+9	1.806624000E-5
1.420170000E+9	1.749297000E-5
1.420173333E+9	1.736636000E-5
1.420176667E+9	1.752081000E-5
1.420180000E+9	1.722364000E-5
1.420183333E+9	1.775373000E-5
1.420186667E+9	1.793608000E-5
1.420190000E+9	1.906996000E-5
1.420193333E+9	1.796250000E-5
1.420196667E+9	1.772410000E-5
1.420200000E+9	1.765480000E-5
1.420203333E+9	1.727842000E-5
1.420206667E+9	1.780816000E-5
1.420210000E+9	1.765637000E-5
1.420213333E+9	1.783132000E-5
1.420216667E+9	1.762054000E-5
1.420220000E+9	1.746858000E-5
1.420223333E+9	1.773171000E-5
1.420226667E+9	1.758464000E-5
1.420230000E+9	1.749209000E-5
1.420233333E+9	1.799768000E-5
1.420236667E+9	1.881399000E-5
1.420240000E+9	1.805229000E-5
1.420243333E+9	1.749868000E-5
1.420246667E+9	1.756295000E-5
1.420250000E+9	1.779690000E-5
1.420253333E+9	1.784511000E-5
1.420256667E+9	1.825667000E-5
1.420260000E+9	1.835909000E-5
1.420263333E+9	1.775047000E-5
1.420266667E+9	1.816729000E-5
1.420270000E+9	1.778766000E-5
1.420273333E+9	1.786983000E-5
1.420276667E+9	1.867767000E-5
1.420280000E+9	1.842909000E-5
1.420283333E+9	1.891635000E-5
1.420286667E+9	1.877874000E-5
1.420290000E+9	1.821719000E-5
1.420293333E+9	1.818867000E-5
1.420296667E+9	1.919560000E-5
1.420300000E+9	1.860438000E-5
1.420303333E+9	1.863427000E-5
1.420306667E+9	1.849178000E-5
1.420310000E+9	1.913674000E-5
1.420313333E+9	1.814913000E-5
1.420316667E+9	1.856728000E-5
1.420320000E+9	1.853428000E-5
1.420323333E+9	1.904142000E-5
1.420326667E+9	1.894834000E-5
1.420330000E+9	2.017612000E-5
1.420333333E+9	1.964610000E-5
1.420336667E+9	1.876184000E-5
1.420340000E+9	1.896893000E-5
1.420343333E+9	1.899761000E-5
1.420346667E+9	1.872116000E-5
1.420350000E+9	1.895308000E-5
1.420353333E+9	1.948032000E-5
1.420356667E+9	1.913861000E-5
1.420360000E+9	1.887160000E-5
1.420363333E+9	1.873207000E-5
1.420366667E+9	1.900172000E-5
1.420370000E+9	1.924526000E-5
1.420373333E+9	1.967271000E-5
1.420376667E+9	1.976763000E-5
1.420380000E+9	1.923676000E-5
1.420383333E+9	1.901948000E-5
1.420386667E+9	1.914626000E-5
1.420390000E+9	1.907264000E-5
1.420393333E+9	1.928026000E-5
1.420396667E+9	1.895966000E-5
1.420400000E+9	1.929756000E-5
1.420403333E+9	1.891284000E-5
1.420406667E+9	1.891392000E-5
1.420410000E+9	1.898422000E-5
1.420413333E+9	1.874073000E-5
1.420416667E+9	1.894052000E-5
1.420420000E+9	1.892755000E-5
1.420423333E+9	2.039004000E-5
1.420426667E+9	1.952987000E-5
1.420430000E+9	1.909950000E-5
1.420433333E+9	1.893844000E-5
1.420436667E+9	1.887287000E-5
1.420440000E+9	1.898856000E-5
1.420443333E+9	1.894029000E-5
1.420446667E+9	1.930763000E-5
1.420450000E+9	1.892773000E-5
1.420453333E+9	1.844480000E-5
1.420456667E+9	1.874993000E-5
1.420460000E+9	1.861537000E-5
1.420463333E+9	1.820423000E-5
1.420466667E+9	1.828285000E-5
1.420470000E+9	1.899604000E-5
1.420473333E+9	1.867492000E-5
1.420476667E+9	1.817655000E-5
1.420480000E+9	1.848332000E-5
1.420483333E+9	1.815706000E-5
1.420486667E+9	1.798405000E-5
1.420490000E+9	1.787242000E-5
1.420493333E+9	1.809517000E-5
1.420496667E+9	1.814720000E-5
1.420500000E+9	1.810894000E-5
1.420503333E+9	1.766265000E-5
1.420506667E+9	1.764296000E-5
1.420510000E+9	1.771082000E-5
1.420513333E+9	1.790155000E-5
1.420516667E+9	1.872259000E-5
1.420520000E+9	1.817813000E-5
1.420523333E+9	1.771937000E-5
1.420526667E+9	1.786293000E-5
1.420530000E+9	1.764980000E-5
1.420533333E+9	1.758703000E-5
1.420536667E+9	1.802202000E-5
1.420540000E+9	1.808135000E-5
1.420543333E+9	1.795826000E-5
1.420546667E+9	1.798050000E-5
1.420550000E+9	1.753940000E-5
1.420553333E+9	1.759752000E-5
1.420556667E+9	1.740108000E-5
1.420560000E+9	1.773689000E-5
1.420563333E+9	1.857177000E-5
1.420566667E+9	1.785146000E-5
1.420570000E+9	1.751706000E-5
1.420573333E+9	1.754281000E-5
1.420576667E+9	1.752552000E-5
1.420580000E+9	1.733611000E-5
1.420583333E+9	1.749353000E-5
1.420586667E+9	1.792153000E-5
1.420590000E+9	1.888136000E-5
1.420593333E+9	1.809314000E-5
1.420596667E+9	1.768983000E-5
1.420600000E+9	1.766725000E-5
1.420603333E+9	1.846490000E-5
1.420606667E+9	1.769101000E-5
1.420610000E+9	1.857115000E-5
1.420613333E+9	1.820052000E-5
1.420616667E+9	1.781109000E-5
1.420620000E+9	1.811636000E-5
1.420623333E+9	1.829432000E-5
1.420626667E+9	1.863885000E-5
1.420630000E+9	1.729839000E-5
1.420633333E+9	1.787963000E-5
1.420636667E+9	1.737487000E-5
1.420640000E+9	1.737441000E-5
1.420643333E+9	1.733204000E-5
1.420646667E+9	1.741658000E-5
1.420650000E+9	1.732650000E-5
1.420653333E+9	1.744826000E-5
1.420656667E+9	1.840959000E-5
1.420660000E+9	1.771906000E-5
1.420663333E+9	1.724474000E-5
1.420666667E+9	1.709941000E-5
1.420670000E+9	1.722606000E-5
1.420673333E+9	1.745658000E-5
1.420676667E+9	1.770086000E-5
1.420680000E+9	1.766310000E-5
1.420683333E+9	1.714246000E-5
1.420686667E+9	1.760618000E-5
1.420690000E+9	1.682075000E-5
1.420693333E+9	1.735988000E-5
1.420696667E+9	1.770716000E-5
1.420700000E+9	1.774020000E-5
1.420703333E+9	1.818697000E-5
1.420706667E+9	1.725622000E-5
1.420710000E+9	1.761277000E-5
1.420713333E+9	1.739457000E-5
1.420716667E+9	1.712105000E-5
1.420720000E+9	1.734108000E-5
1.420723333E+9	1.740546000E-5
1.420726667E+9	1.766683000E-5
1.420730000E+9	1.706185000E-5
1.420733333E+9	1.744543000E-5
1.420736667E+9	1.729603000E-5
1.420740000E+9	1.706983000E-5
1.420743333E+9	1.735617000E-5
1.420746667E+9	1.784405000E-5
1.420750000E+9	1.830959000E-5
1.420753333E+9	1.780780000E-5
1.420756667E+9	1.711679000E-5
1.420760000E+9	1.756532000E-5
1.420763333E+9	1.729696000E-5
1.420766667E+9	1.722733000E-5
1.420770000E+9	1.729505000E-5
1.420773333E+9	1.764352000E-5
1.420776667E+9	1.713424000E-5
1.420780000E+9	1.712021000E-5
1.420783333E+9	1.751306000E-5
1.420786667E+9	1.736385000E-5
1.420790000E+9	1.725862000E-5
1.420793333E+9	1.760009000E-5
1.420796667E+9	1.811055000E-5
1.420800000E+9	1.767210000E-5
1.420803333E+9	1.715909000E-5
1.420806667E+9	1.734814000E-5
1.420810000E+9	1.745545000E-5
1.420813333E+9	1.739214000E-5
1.420816667E+9	1.746568000E-5
1.420820000E+9	1.772212000E-5
1.420823333E+9	1.725603000E-5
1.420826667E+9	1.736350000E-5
1.420830000E+9	1.749682000E-5
1.420833333E+9	1.730796000E-5
1.420836667E+9	1.732698000E-5
1.420840000E+9	1.731484000E-5
1.420843333E+9	1.792182000E-5
1.420846667E+9	1.773315000E-5
1.420850000E+9	1.753986000E-5
1.420853333E+9	1.699462000E-5
1.420856667E+9	1.708674000E-5
1.420860000E+9	1.748220000E-5
1.420863333E+9	1.738613000E-5
1.420866667E+9	1.753420000E-5
1.420870000E+9	1.738172000E-5
1.420873333E+9	1.737331000E-5
1.420876667E+9	1.753613000E-5
1.420880000E+9	1.758527000E-5
1.420883333E+9	1.983033000E-5
1.420886667E+9	1.907199000E-5
1.420890000E+9	1.781195000E-5
1.420893333E+9	1.781533000E-5
1.420896667E+9	1.817515000E-5
1.420900000E+9	1.777487000E-5
1.420903333E+9	1.780299000E-5
1.420906667E+9	1.764180000E-5
1.420910000E+9	1.725559000E-5
1.420913333E+9	1.955638000E-5
1.420916667E+9	1.950662000E-5
1.420920000E+9	1.949386000E-5
1.420923333E+9	1.749876000E-5
1.420926667E+9	1.820523000E-5
1.420930000E+9	1.767818000E-5
1.420933333E+9	1.746446000E-5
1.420936667E+9	1.802735000E-5
1.420940000E+9	1.748581000E-5
1.420943333E+9	1.710807000E-5
1.420946667E+9	1.775755000E-5
1.420950000E+9	1.770615000E-5
1.420953333E+9	1.812591000E-5
1.420956667E+9	1.750348000E-5
1.420960000E+9	1.783571000E-5
1.420963333E+9	1.742150000E-5
1.420966667E+9	1.747309000E-5
1.420970000E+9	1.738239000E-5
1.420973333E+9	1.748259000E-5
1.420976667E+9	1.734793000E-5
1.420980000E+9	1.786401000E-5
1.420983333E+9	1.839953000E-5
1.420986667E+9	1.812543000E-5
1.420990000E+9	1.766638000E-5
1.420993333E+9	1.768099000E-5
1.420996667E+9	1.781780000E-5
1.421000000E+9	1.727210000E-5
1.421003333E+9	1.743340000E-5
1.421006667E+9	1.763775000E-5
1.421010000E+9	1.729955000E-5
1.421013333E+9	1.791661000E-5
1.421016667E+9	1.791279000E-5
1.421020000E+9	1.835240000E-5
1.421023333E+9	1.775302000E-5
1.421026667E+9	1.772622000E-5
1.421030000E+9	1.841222000E-5
1.421033333E+9	1.765591000E-5
1.421036667E+9	1.774406000E-5
1.421040000E+9	1.742550000E-5
1.421043333E+9	1.747677000E-5
1.421046667E+9	1.717963000E-5
1.421050000E+9	1.744265000E-5
1.421053333E+9	1.742580000E-5
1.421056667E+9	1.732509000E-5
1.421060000E+9	1.728684000E-5
1.421063333E+9	1.766987000E-5
1.421066667E+9	1.782619000E-5
1.421070000E+9	1.732268000E-5
1.421073333E+9	1.759825000E-5
1.421076667E+9	1.824884000E-5
1.421080000E+9	1.773442000E-5
1.421083333E+9	1.761811000E-5
1.421086667E+9	1.825180000E-5
1.421090000E+9	1.754938000E-5
1.421093333E+9	1.771593000E-5
1.421096667E+9	1.768088000E-5
1.421100000E+9	1.746674000E-5
1.421103333E+9	1.774133000E-5
1.421106667E+9	1.762463000E-5
1.421110000E+9	1.751279000E-5
1.421113333E+9	1.728070000E-5
1.421116667E+9	1.799812000E-5
1.421120000E+9	1.774706000E-5
1.421123333E+9	1.774535000E-5
1.421126667E+9	1.765182000E-5
1.421130000E+9	1.773642000E-5
1.421133333E+9	1.797375000E-5
1.421136667E+9	1.772408000E-5
1.421140000E+9	1.726063000E-5
1.421143333E+9	1.746971000E-5
1.421146667E+9	1.781533000E-5
1.421150000E+9	1.789392000E-5
1.421153333E+9	1.860918000E-5
1.421156667E+9	1.789054000E-5
1.421160000E+9	1.748767000E-5
1.421163333E+9	1.737678000E-5
1.421166667E+9	1.773693000E-5
1.421170000E+9	1.835913000E-5
1.421173333E+9	1.765176000E-5
1.421176667E+9	1.869503000E-5
1.421180000E+9	1.981185000E-5
1.421183333E+9	1.766913000E-5
1.421186667E+9	1.741867000E-5
1.421190000E+9	1.776180000E-5
1.421193333E+9	1.735317000E-5
1.421196667E+9	1.792472000E-5
1.421200000E+9	1.770947000E-5
1.421203333E+9	1.780542000E-5
1.421206667E+9	1.825539000E-5
1.421210000E+9	1.869064000E-5
1.421213333E+9	1.891751000E-5
1.421216667E+9	1.861466000E-5
1.421220000E+9	1.909432000E-5
1.421223333E+9	1.922490000E-5
1.421226667E+9	1.770743000E-5
1.421230000E+9	1.780823000E-5
1.421233333E+9	1.784154000E-5
1.421236667E+9	1.821411000E-5
1.421240000E+9	1.794120000E-5
1.421243333E+9	1.747286000E-5
1.421246667E+9	1.763605000E-5
1.421250000E+9	1.769346000E-5
1.421253333E+9	1.763777000E-5
1.421256667E+9	1.778889000E-5
1.421260000E+9	1.823668000E-5
1.421263333E+9	1.978909000E-5
1.421266667E+9	1.977775000E-5
1.421270000E+9	1.771492000E-5
1.421273333E+9	1.779246000E-5
1.421276667E+9	1.759227000E-5
1.421280000E+9	1.815977000E-5
1.421283333E+9	1.860419000E-5
1.421286667E+9	1.903295000E-5
1.421290000E+9	2.113911000E-5
1.421293333E+9	1.925830000E-5
1.421296667E+9	1.859956000E-5
1.421300000E+9	1.813451000E-5
1.421303333E+9	1.818156000E-5
1.421306667E+9	1.885274000E-5
1.421310000E+9	1.877177000E-5
1.421313333E+9	1.900783000E-5
1.421316667E+9	1.890246000E-5
1.421320000E+9	1.867150000E-5
1.421323333E+9	1.880533000E-5
1.421326667E+9	1.911853000E-5
1.421330000E+9	2.070846000E-5
1.421333333E+9	2.502579000E-5
1.421336667E+9	2.019882000E-5
1.421340000E+9	1.905394000E-5
1.421343333E+9	1.938865000E-5
1.421346667E+9	1.965775000E-5
1.421350000E+9	1.986506000E-5
1.421353333E+9	2.106145000E-5
1.421356667E+9	2.415975000E-5
1.421360000E+9	2.063372000E-5
1.421363333E+9	1.976008000E-5
1.421366667E+9	2.000321000E-5
1.421370000E+9	1.950275000E-5
1.421373333E+9	1.954729000E-5
1.421376667E+9	1.943112000E-5
1.421380000E+9	1.946762000E-5
1.421383333E+9	1.963583000E-5
1.421386667E+9	1.903621000E-5
1.421390000E+9	1.905476000E-5
1.421393333E+9	1.908416000E-5
1.421396667E+9	1.987130000E-5
1.421400000E+9	2.335752000E-5
