Frequency, Hz	Amplitude, Volts
1.419400000E+9	1.562363000E-5
1.419403333E+9	1.567868000E-5
1.419406667E+9	1.590088000E-5
1.419410000E+9	1.585610000E-5
1.419413333E+9	1.691204000E-5
1.419416667E+9	1.597310000E-5
1.419420000E+9	1.556411000E-5
1.419423333E+9	1.594161000E-5
1.419426667E+9	1.616243000E-5
1.419430000E+9	1.593358000E-5
1.419433333E+9	1.612421000E-5
1.419436667E+9	1.575568000E-5
1.419440000E+9	1.688581000E-5
1.419443333E+9	1.620365000E-5
1.419446667E+9	1.611947000E-5
1.419450000E+9	1.767220000E-5
1.419453333E+9	1.619678000E-5
1.419456667E+9	1.600842000E-5
1.419460000E+9	1.586606000E-5
1.419463333E+9	1.568357000E-5
1.419466667E+9	1.585155000E-5
1.419470000E+9	1.578295000E-5
1.419473333E+9	1.546878000E-5
1.419476667E+9	1.568738000E-5
1.419480000E+9	1.572316000E-5
1.419483333E+9	1.570184000E-5
1.419486667E+9	1.609588000E-5
1.419490000E+9	1.592276000E-5
1.419493333E+9	1.571853000E-5
1.419496667E+9	1.586050000E-5
1.419500000E+9	1.582052000E-5
1.419503333E+9	1.589184000E-5
1.419506667E+9	1.572827000E-5
1.419510000E+9	1.566153000E-5
1.419513333E+9	1.571943000E-5
1.419516667E+9	1.564493000E-5
1.419520000E+9	1.591157000E-5
1.419523333E+9	1.568362000E-5
1.419526667E+9	1.571793000E-5
1.419530000E+9	1.614143000E-5
1.419533333E+9	1.586564000E-5
1.419536667E+9	1.603433000E-5
1.419540000E+9	1.581152000E-5
1.419543333E+9	1.526920000E-5
1.419546667E+9	1.575115000E-5
1.419550000E+9	1.589163000E-5
1.419553333E+9	1.571992000E-5
1.419556667E+9	1.588390000E-5
1.419560000E+9	1.582439000E-5
1.419563333E+9	1.572677000E-5
1.419566667E+9	1.567481000E-5
1.419570000E+9	1.559381000E-5
1.419573333E+9	1.569598000E-5
1.419576667E+9	1.543564000E-5
1.419580000E+9	1.574057000E-5
1.419583333E+9	1.570115000E-5
1.419586667E+9	1.570403000E-5
1.419590000E+9	1.564505000E-5
1.419593333E+9	1.599217000E-5
1.419596667E+9	1.541622000E-5
1.419600000E+9	1.581650000E-5
1.419603333E+9	1.560777000E-5
1.419606667E+9	1.579559000E-5
1.419610000E+9	1.567478000E-5
1.419613333E+9	1.572427000E-5
1.419616667E+9	1.603713000E-5
1.419620000E+9	1.570060000E-5
1.419623333E+9	1.556346000E-5
1.419626667E+9	1.565419000E-5
1.419630000E+9	1.597432000E-5
1.419633333E+9	1.576901000E-5
1.419636667E+9	1.592057000E-5
1.419640000E+9	1.569525000E-5
1.419643333E+9	1.562939000E-5
1.419646667E+9	1.564450000E-5
1.419650000E+9	1.552567000E-5
1.419653333E+9	1.614347000E-5
1.419656667E+9	1.557382000E-5
1.419660000E+9	1.548097000E-5
1.419663333E+9	1.577511000E-5
1.419666667E+9	1.560758000E-5
1.419670000E+9	1.564787000E-5
1.419673333E+9	1.557919000E-5
1.419676667E+9	1.582309000E-5
1.419680000E+9	1.571589000E-5
1.419683333E+9	1.537072000E-5
1.419686667E+9	1.555410000E-5
1.419690000E+9	1.600215000E-5
1.419693333E+9	1.578531000E-5
1.419696667E+9	1.553795000E-5
1.419700000E+9	1.543532000E-5
1.419703333E+9	1.571805000E-5
1.419706667E+9	1.631390000E-5
1.419710000E+9	1.616406000E-5
1.419713333E+9	1.581216000E-5
1.419716667E+9	1.583894000E-5
1.419720000E+9	1.555863000E-5
1.419723333E+9	1.570137000E-5
1.419726667E+9	1.579354000E-5
1.419730000E+9	1.597538000E-5
1.419733333E+9	1.780610000E-5
1.419736667E+9	1.646851000E-5
1.419740000E+9	1.603472000E-5
1.419743333E+9	1.727728000E-5
1.419746667E+9	1.603396000E-5
1.419750000E+9	1.631016000E-5
1.419753333E+9	1.575722000E-5
1.419756667E+9	1.590320000E-5
1.419760000E+9	1.543907000E-5
1.419763333E+9	1.536974000E-5
1.419766667E+9	1.571032000E-5
1.419770000E+9	1.589228000E-5
1.419773333E+9	1.567435000E-5
1.419776667E+9	1.579311000E-5
1.419780000E+9	1.607645000E-5
1.419783333E+9	1.614037000E-5
1.419786667E+9	1.566263000E-5
1.419790000E+9	1.596480000E-5
1.419793333E+9	1.547985000E-5
1.419796667E+9	1.566456000E-5
1.419800000E+9	1.575954000E-5
1.419803333E+9	1.555415000E-5
1.419806667E+9	1.588063000E-5
1.419810000E+9	1.533274000E-5
1.419813333E+9	1.560184000E-5
1.419816667E+9	1.593388000E-5
1.419820000E+9	1.546326000E-5
1.419823333E+9	1.555367000E-5
1.419826667E+9	1.574942000E-5
1.419830000E+9	1.563143000E-5
1.419833333E+9	1.545365000E-5
1.419836667E+9	1.563935000E-5
1.419840000E+9	1.608332000E-5
1.419843333E+9	1.568750000E-5
1.419846667E+9	1.573800000E-5
1.419850000E+9	1.553717000E-5
1.419853333E+9	1.573034000E-5
1.419856667E+9	1.573050000E-5
1.419860000E+9	1.580952000E-5
1.419863333E+9	1.573385000E-5
1.419866667E+9	1.582364000E-5
1.419870000E+9	1.587207000E-5
1.419873333E+9	1.579433000E-5
1.419876667E+9	1.551557000E-5
1.419880000E+9	1.606759000E-5
1.419883333E+9	1.536569000E-5
1.419886667E+9	1.534333000E-5
1.419890000E+9	1.553052000E-5
1.419893333E+9	1.550527000E-5
1.419896667E+9	1.575928000E-5
1.419900000E+9	1.604205000E-5
1.419903333E+9	1.543676000E-5
1.419906667E+9	1.597673000E-5
1.419910000E+9	1.541088000E-5
1.419913333E+9	1.567022000E-5
1.419916667E+9	1.599214000E-5
1.419920000E+9	1.581680000E-5
1.419923333E+9	1.587543000E-5
1.419926667E+9	1.543688000E-5
1.419930000E+9	1.536965000E-5
1.419933333E+9	1.575876000E-5
1.419936667E+9	1.609946000E-5
1.419940000E+9	1.580352000E-5
1.419943333E+9	1.572421000E-5
1.419946667E+9	1.555369000E-5
1.419950000E+9	1.577067000E-5
1.419953333E+9	1.563071000E-5
1.419956667E+9	1.550508000E-5
1.419960000E+9	1.563818000E-5
1.419963333E+9	1.559242000E-5
1.419966667E+9	1.564103000E-5
1.419970000E+9	1.584976000E-5
1.419973333E+9	1.608231000E-5
1.419976667E+9	1.560290000E-5
1.419980000E+9	1.540696000E-5
1.419983333E+9	1.593850000E-5
1.419986667E+9	1.609299000E-5
1.419990000E+9	1.582210000E-5
1.419993333E+9	1.545543000E-5
1.419996667E+9	1.576823000E-5
1.420000000E+9	1.731549000E-5
1.420003333E+9	1.937450000E-5
1.420006667E+9	1.575605000E-5
1.420010000E+9	1.614347000E-5
1.420013333E+9	1.631130000E-5
1.420016667E+9	1.621534000E-5
1.420020000E+9	1.587548000E-5
1.420023333E+9	1.595725000E-5
1.420026667E+9	1.728119000E-5
1.420030000E+9	1.650777000E-5
1.420033333E+9	1.671245000E-5
1.420036667E+9	1.744181000E-5
1.420040000E+9	1.650000000E-5
1.420043333E+9	1.644805000E-5
1.420046667E+9	1.643302000E-5
1.420050000E+9	1.611209000E-5
1.420053333E+9	1.620997000E-5
1.420056667E+9	1.621466000E-5
1.420060000E+9	1.629253000E-5
1.420063333E+9	1.655606000E-5
1.420066667E+9	1.607943000E-5
1.420070000E+9	1.663245000E-5
1.420073333E+9	1.672315000E-5
1.420076667E+9	1.667330000E-5
1.420080000E+9	1.656915000E-5
1.420083333E+9	1.700201000E-5
1.420086667E+9	1.649707000E-5
1.420090000E+9	1.669072000E-5
1.420093333E+9	1.682699000E-5
1.420096667E+9	1.676834000E-5
1.420100000E+9	1.669853000E-5
1.420103333E+9	1.666431000E-5
1.420106667E+9	1.652555000E-5
1.420110000E+9	1.682346000E-5
1.420113333E+9	1.702072000E-5
1.420116667E+9	1.686515000E-5
1.420120000E+9	1.675047000E-5
1.420123333E+9	1.695920000E-5
1.420126667E+9	1.665411000E-5
1.420130000E+9	1.659036000E-5
1.420133333E+9	1.667273000E-5
1.420136667E+9	1.646570000E-5
1.420140000E+9	1.670315000E-5
1.420143333E+9	1.675936000E-5
1.420146667E+9	1.649227000E-5
1.420150000E+9	1.673178000E-5
1.420153333E+9	1.668143000E-5
1.420156667E+9	1.675789000E-5
1.420160000E+9	1.677632000E-5
1.420163333E+9	1.663070000E-5
1.420166667E+9	1.690050000E-5
1.420170000E+9	1.661630000E-5
1.420173333E+9	1.663075000E-5
1.420176667E+9	1.658834000E-5
1.420180000E+9	1.679666000E-5
1.420183333E+9	1.664544000E-5
1.420186667E+9	1.696198000E-5
1.420190000E+9	1.718492000E-5
1.420193333E+9	1.672392000E-5
1.420196667E+9	1.702080000E-5
1.420200000E+9	1.681741000E-5
1.420203333E+9	1.664299000E-5
1.420206667E+9	1.669783000E-5
1.420210000E+9	1.692802000E-5
1.420213333E+9	1.681229000E-5
1.420216667E+9	1.733074000E-5
1.420220000E+9	1.694894000E-5
1.420223333E+9	1.718805000E-5
1.420226667E+9	1.736476000E-5
1.420230000E+9	1.696173000E-5
1.420233333E+9	1.683895000E-5
1.420236667E+9	1.731013000E-5
1.420240000E+9	1.665848000E-5
1.420243333E+9	1.674623000E-5
1.420246667E+9	1.687865000E-5
1.420250000E+9	1.712824000E-5
1.420253333E+9	1.723832000E-5
1.420256667E+9	1.709035000E-5
1.420260000E+9	1.692475000E-5
1.420263333E+9	1.707534000E-5
1.420266667E+9	1.712340000E-5
1.420270000E+9	1.714011000E-5
1.420273333E+9	1.736922000E-5
1.420276667E+9	1.690267000E-5
1.420280000E+9	1.740244000E-5
1.420283333E+9	1.681994000E-5
1.420286667E+9	1.704537000E-5
1.420290000E+9	1.717816000E-5
1.420293333E+9	1.717605000E-5
1.420296667E+9	1.787458000E-5
1.420300000E+9	1.726228000E-5
1.420303333E+9	1.699988000E-5
1.420306667E+9	1.701940000E-5
1.420310000E+9	1.734946000E-5
1.420313333E+9	1.680240000E-5
1.420316667E+9	1.711000000E-5
1.420320000E+9	1.808831000E-5
1.420323333E+9	1.719836000E-5
1.420326667E+9	1.767542000E-5
1.420330000E+9	1.843476000E-5
1.420333333E+9	1.722860000E-5
1.420336667E+9	1.760836000E-5
1.420340000E+9	1.742320000E-5
1.420343333E+9	1.778758000E-5
1.420346667E+9	1.789903000E-5
1.420350000E+9	1.693655000E-5
1.420353333E+9	1.770106000E-5
1.420356667E+9	1.774065000E-5
1.420360000E+9	1.721581000E-5
1.420363333E+9	1.684548000E-5
1.420366667E+9	1.724415000E-5
1.420370000E+9	1.678232000E-5
1.420373333E+9	1.712167000E-5
1.420376667E+9	1.692453000E-5
1.420380000E+9	1.623271000E-5
1.420383333E+9	1.640016000E-5
1.420386667E+9	1.634727000E-5
1.420390000E+9	1.615547000E-5
1.420393333E+9	1.627718000E-5
1.420396667E+9	1.609100000E-5
1.420400000E+9	1.604349000E-5
1.420403333E+9	1.635237000E-5
1.420406667E+9	1.615669000E-5
1.420410000E+9	1.603301000E-5
1.420413333E+9	1.599228000E-5
1.420416667E+9	1.616624000E-5
1.420420000E+9	1.616667000E-5
1.420423333E+9	1.612563000E-5
1.420426667E+9	1.581539000E-5
1.420430000E+9	1.569830000E-5
1.420433333E+9	1.574356000E-5
1.420436667E+9	1.600807000E-5
1.420440000E+9	1.574795000E-5
1.420443333E+9	1.560502000E-5
1.420446667E+9	1.571634000E-5
1.420450000E+9	1.569110000E-5
1.420453333E+9	1.587848000E-5
1.420456667E+9	1.613051000E-5
1.420460000E+9	1.619659000E-5
1.420463333E+9	1.598808000E-5
1.420466667E+9	1.579960000E-5
1.420470000E+9	1.589893000E-5
1.420473333E+9	1.619682000E-5
1.420476667E+9	1.611515000E-5
1.420480000E+9	1.618315000E-5
1.420483333E+9	1.594252000E-5
1.420486667E+9	1.592673000E-5
1.420490000E+9	1.580779000E-5
1.420493333E+9	1.614932000E-5
1.420496667E+9	1.632795000E-5
1.420500000E+9	1.584774000E-5
1.420503333E+9	1.624155000E-5
1.420506667E+9	1.629909000E-5
1.420510000E+9	1.584849000E-5
1.420513333E+9	1.581498000E-5
1.420516667E+9	1.565622000E-5
1.420520000E+9	1.605606000E-5
1.420523333E+9	1.624722000E-5
1.420526667E+9	1.595226000E-5
1.420530000E+9	1.595757000E-5
1.420533333E+9	1.605468000E-5
1.420536667E+9	1.590438000E-5
1.420540000E+9	1.591065000E-5
1.420543333E+9	1.631404000E-5
1.420546667E+9	1.569744000E-5
1.420550000E+9	1.581668000E-5
1.420553333E+9	1.598973000E-5
1.420556667E+9	1.650270000E-5
1.420560000E+9	1.597261000E-5
1.420563333E+9	1.601855000E-5
1.420566667E+9	1.599147000E-5
1.420570000E+9	1.597645000E-5
1.420573333E+9	1.601908000E-5
1.420576667E+9	1.616661000E-5
1.420580000E+9	1.584003000E-5
1.420583333E+9	1.602849000E-5
1.420586667E+9	1.589813000E-5
1.420590000E+9	1.666847000E-5
1.420593333E+9	1.621030000E-5
1.420596667E+9	1.634694000E-5
1.420600000E+9	1.612487000E-5
1.420603333E+9	1.623634000E-5
1.420606667E+9	1.629063000E-5
1.420610000E+9	1.650078000E-5
1.420613333E+9	1.782971000E-5
1.420616667E+9	1.619127000E-5
1.420620000E+9	1.738170000E-5
1.420623333E+9	1.815971000E-5
1.420626667E+9	1.603430000E-5
1.420630000E+9	1.621794000E-5
1.420633333E+9	1.624014000E-5
1.420636667E+9	1.616715000E-5
1.420640000E+9	1.623503000E-5
1.420643333E+9	1.676219000E-5
1.420646667E+9	1.647837000E-5
1.420650000E+9	1.599247000E-5
1.420653333E+9	1.605821000E-5
1.420656667E+9	1.629090000E-5
1.420660000E+9	1.612396000E-5
1.420663333E+9	1.611695000E-5
1.420666667E+9	1.603414000E-5
1.420670000E+9	1.601890000E-5
1.420673333E+9	1.600881000E-5
1.420676667E+9	1.570756000E-5
1.420680000E+9	1.616175000E-5
1.420683333E+9	1.600202000E-5
1.420686667E+9	1.596717000E-5
1.420690000E+9	1.593407000E-5
1.420693333E+9	1.557642000E-5
1.420696667E+9	1.592365000E-5
1.420700000E+9	1.599827000E-5
1.420703333E+9	1.609757000E-5
1.420706667E+9	1.558965000E-5
1.420710000E+9	1.592596000E-5
1.420713333E+9	1.552690000E-5
1.420716667E+9	1.591982000E-5
1.420720000E+9	1.607066000E-5
1.420723333E+9	1.579065000E-5
1.420726667E+9	1.583534000E-5
1.420730000E+9	1.540890000E-5
1.420733333E+9	1.562452000E-5
1.420736667E+9	1.630206000E-5
1.420740000E+9	1.570224000E-5
1.420743333E+9	1.563119000E-5
1.420746667E+9	1.572454000E-5
1.420750000E+9	1.562817000E-5
1.420753333E+9	1.574685000E-5
1.420756667E+9	1.609400000E-5
1.420760000E+9	1.556430000E-5
1.420763333E+9	1.513449000E-5
1.420766667E+9	1.548757000E-5
1.420770000E+9	1.552600000E-5
1.420773333E+9	1.577055000E-5
1.420776667E+9	1.568428000E-5
1.420780000E+9	1.538174000E-5
1.420783333E+9	1.537225000E-5
1.420786667E+9	1.572850000E-5
1.420790000E+9	1.611163000E-5
1.420793333E+9	1.647008000E-5
1.420796667E+9	1.564120000E-5
1.420800000E+9	1.548987000E-5
1.420803333E+9	1.565398000E-5
1.420806667E+9	1.537078000E-5
1.420810000E+9	1.561905000E-5
1.420813333E+9	1.567032000E-5
1.420816667E+9	1.556743000E-5
1.420820000E+9	1.573407000E-5
1.420823333E+9	1.586155000E-5
1.420826667E+9	1.537441000E-5
1.420830000E+9	1.581284000E-5
1.420833333E+9	1.537146000E-5
1.420836667E+9	1.548298000E-5
1.420840000E+9	1.566602000E-5
1.420843333E+9	1.538853000E-5
1.420846667E+9	1.523876000E-5
1.420850000E+9	1.515979000E-5
1.420853333E+9	1.513029000E-5
1.420856667E+9	1.555094000E-5
1.420860000E+9	1.532497000E-5
1.420863333E+9	1.561666000E-5
1.420866667E+9	1.563557000E-5
1.420870000E+9	1.555439000E-5
1.420873333E+9	1.537381000E-5
1.420876667E+9	1.564153000E-5
1.420880000E+9	1.559716000E-5
1.420883333E+9	1.747096000E-5
1.420886667E+9	1.685414000E-5
1.420890000E+9	1.576003000E-5
1.420893333E+9	1.580735000E-5
1.420896667E+9	1.552907000E-5
1.420900000E+9	1.563394000E-5
1.420903333E+9	1.746528000E-5
1.420906667E+9	1.994343000E-5
1.420910000E+9	1.578297000E-5
1.420913333E+9	1.997067000E-5
1.420916667E+9	1.918142000E-5
1.420920000E+9	1.559548000E-5
1.420923333E+9	1.558806000E-5
1.420926667E+9	1.592914000E-5
1.420930000E+9	1.563006000E-5
1.420933333E+9	1.583445000E-5
1.420936667E+9	1.557526000E-5
1.420940000E+9	1.582903000E-5
1.420943333E+9	1.594093000E-5
1.420946667E+9	1.554630000E-5
1.420950000E+9	1.558265000E-5
1.420953333E+9	1.520596000E-5
1.420956667E+9	1.554874000E-5
1.420960000E+9	1.550127000E-5
1.420963333E+9	1.573774000E-5
1.420966667E+9	1.548604000E-5
1.420970000E+9	1.559357000E-5
1.420973333E+9	1.564608000E-5
1.420976667E+9	1.554580000E-5
1.420980000E+9	1.590815000E-5
1.420983333E+9	1.566447000E-5
1.420986667E+9	1.560182000E-5
1.420990000E+9	1.520897000E-5
1.420993333E+9	1.561716000E-5
1.420996667E+9	1.547233000E-5
1.421000000E+9	1.560033000E-5
1.421003333E+9	1.558073000E-5
1.421006667E+9	1.527925000E-5
1.421010000E+9	1.520041000E-5
1.421013333E+9	1.551824000E-5
1.421016667E+9	1.567975000E-5
1.421020000E+9	1.524157000E-5
1.421023333E+9	1.558073000E-5
1.421026667E+9	1.543607000E-5
1.421030000E+9	1.533848000E-5
1.421033333E+9	1.539595000E-5
1.421036667E+9	1.558005000E-5
1.421040000E+9	1.552474000E-5
1.421043333E+9	1.549293000E-5
1.421046667E+9	1.573606000E-5
1.421050000E+9	1.527395000E-5
1.421053333E+9	1.624423000E-5
1.421056667E+9	1.580527000E-5
1.421060000E+9	1.532382000E-5
1.421063333E+9	1.561246000E-5
1.421066667E+9	1.532133000E-5
1.421070000E+9	1.533991000E-5
1.421073333E+9	1.557827000E-5
1.421076667E+9	1.553939000E-5
1.421080000E+9	1.544366000E-5
1.421083333E+9	1.513444000E-5
1.421086667E+9	1.574873000E-5
1.421090000E+9	1.592099000E-5
1.421093333E+9	1.585893000E-5
1.421096667E+9	1.543193000E-5
1.421100000E+9	1.546151000E-5
1.421103333E+9	1.526222000E-5
1.421106667E+9	1.547693000E-5
1.421110000E+9	1.513222000E-5
1.421113333E+9	1.559387000E-5
1.421116667E+9	1.556450000E-5
1.421120000E+9	1.547788000E-5
1.421123333E+9	1.525357000E-5
1.421126667E+9	1.557232000E-5
1.421130000E+9	1.576396000E-5
1.421133333E+9	1.537703000E-5
1.421136667E+9	1.572477000E-5
1.421140000E+9	1.546891000E-5
1.421143333E+9	1.519286000E-5
1.421146667E+9	1.553819000E-5
1.421150000E+9	1.571108000E-5
1.421153333E+9	1.586534000E-5
1.421156667E+9	1.568259000E-5
1.421160000E+9	1.568724000E-5
1.421163333E+9	1.540725000E-5
1.421166667E+9	1.554237000E-5
1.421170000E+9	1.516308000E-5
1.421173333E+9	1.563643000E-5
1.421176667E+9	1.652409000E-5
1.421180000E+9	1.709981000E-5
1.421183333E+9	1.526961000E-5
1.421186667E+9	1.569701000E-5
1.421190000E+9	1.515906000E-5
1.421193333E+9	1.558088000E-5
1.421196667E+9	1.581334000E-5
1.421200000E+9	1.628346000E-5
1.421203333E+9	1.569567000E-5
1.421206667E+9	1.755154000E-5
1.421210000E+9	1.664608000E-5
1.421213333E+9	1.555272000E-5
1.421216667E+9	1.562984000E-5
1.421220000E+9	1.538220000E-5
1.421223333E+9	1.531371000E-5
1.421226667E+9	1.532577000E-5
1.421230000E+9	1.559790000E-5
1.421233333E+9	1.527730000E-5
1.421236667E+9	1.569486000E-5
1.421240000E+9	1.562239000E-5
1.421243333E+9	1.525796000E-5
1.421246667E+9	1.530477000E-5
1.421250000E+9	1.542184000E-5
1.421253333E+9	1.532339000E-5
1.421256667E+9	1.554763000E-5
1.421260000E+9	1.506999000E-5
1.421263333E+9	1.540295000E-5
1.421266667E+9	1.518166000E-5
1.421270000E+9	1.558538000E-5
1.421273333E+9	1.547549000E-5
1.421276667E+9	1.570142000E-5
1.421280000E+9	1.564644000E-5
1.421283333E+9	1.516227000E-5
1.421286667E+9	1.515475000E-5
1.421290000E+9	1.530198000E-5
1.421293333E+9	1.520082000E-5
1.421296667E+9	1.561951000E-5
1.421300000E+9	1.531829000E-5
1.421303333E+9	1.536058000E-5
1.421306667E+9	1.561346000E-5
1.421310000E+9	1.529155000E-5
1.421313333E+9	1.534667000E-5
1.421316667E+9	1.536631000E-5
1.421320000E+9	1.533682000E-5
1.421323333E+9	1.540145000E-5
1.421326667E+9	1.513798000E-5
1.421330000E+9	1.541297000E-5
1.421333333E+9	1.530921000E-5
1.421336667E+9	1.558915000E-5
1.421340000E+9	1.537548000E-5
1.421343333E+9	1.542949000E-5
1.421346667E+9	1.512859000E-5
1.421350000E+9	1.560107000E-5
1.421353333E+9	1.550784000E-5
1.421356667E+9	1.555246000E-5
1.421360000E+9	1.513443000E-5
1.421363333E+9	1.552818000E-5
1.421366667E+9	1.575155000E-5
1.421370000E+9	1.560751000E-5
1.421373333E+9	1.551741000E-5
1.421376667E+9	1.549131000E-5
1.421380000E+9	1.575864000E-5
1.421383333E+9	1.549432000E-5
1.421386667E+9	1.541779000E-5
1.421390000E+9	1.584517000E-5
1.421393333E+9	1.522352000E-5
1.421396667E+9	1.508063000E-5
1.421400000E+9	1.550098000E-5
