Frequency, Hz	Amplitude, Volts
1.419400000E+9	1.526315000E-5
1.419403333E+9	1.491483000E-5
1.419406667E+9	1.504438000E-5
1.419410000E+9	1.504559000E-5
1.419413333E+9	1.599611000E-5
1.419416667E+9	1.603821000E-5
1.419420000E+9	1.502200000E-5
1.419423333E+9	1.513223000E-5
1.419426667E+9	1.479164000E-5
1.419430000E+9	1.498857000E-5
1.419433333E+9	1.521806000E-5
1.419436667E+9	1.480951000E-5
1.419440000E+9	1.507239000E-5
1.419443333E+9	1.490766000E-5
1.419446667E+9	1.553137000E-5
1.419450000E+9	1.635195000E-5
1.419453333E+9	1.645371000E-5
1.419456667E+9	1.583237000E-5
1.419460000E+9	1.499945000E-5
1.419463333E+9	1.518634000E-5
1.419466667E+9	1.512491000E-5
1.419470000E+9	1.482585000E-5
1.419473333E+9	1.458304000E-5
1.419476667E+9	1.478112000E-5
1.419480000E+9	1.517579000E-5
1.419483333E+9	1.494352000E-5
1.419486667E+9	1.469187000E-5
1.419490000E+9	1.489833000E-5
1.419493333E+9	1.490556000E-5
1.419496667E+9	1.493295000E-5
1.419500000E+9	1.499967000E-5
1.419503333E+9	1.511993000E-5
1.419506667E+9	1.507954000E-5
1.419510000E+9	1.482271000E-5
1.419513333E+9	1.501885000E-5
1.419516667E+9	1.491781000E-5
1.419520000E+9	1.510519000E-5
1.419523333E+9	1.491765000E-5
1.419526667E+9	1.491454000E-5
1.419530000E+9	1.486704000E-5
1.419533333E+9	1.479203000E-5
1.419536667E+9	1.481955000E-5
1.419540000E+9	1.473824000E-5
1.419543333E+9	1.494869000E-5
1.419546667E+9	1.517676000E-5
1.419550000E+9	1.535906000E-5
1.419553333E+9	1.507443000E-5
1.419556667E+9	1.466157000E-5
1.419560000E+9	1.508701000E-5
1.419563333E+9	1.495951000E-5
1.419566667E+9	1.501852000E-5
1.419570000E+9	1.504149000E-5
1.419573333E+9	1.501559000E-5
1.419576667E+9	1.488839000E-5
1.419580000E+9	1.473654000E-5
1.419583333E+9	1.457598000E-5
1.419586667E+9	1.472027000E-5
1.419590000E+9	1.493689000E-5
1.419593333E+9	1.483161000E-5
1.419596667E+9	1.451819000E-5
1.419600000E+9	1.473258000E-5
1.419603333E+9	1.518296000E-5
1.419606667E+9	1.502047000E-5
1.419610000E+9	1.483650000E-5
1.419613333E+9	1.497038000E-5
1.419616667E+9	1.464174000E-5
1.419620000E+9	1.489588000E-5
1.419623333E+9	1.503963000E-5
1.419626667E+9	1.469889000E-5
1.419630000E+9	1.493313000E-5
1.419633333E+9	1.509820000E-5
1.419636667E+9	1.526656000E-5
1.419640000E+9	1.490583000E-5
1.419643333E+9	1.511357000E-5
1.419646667E+9	1.461649000E-5
1.419650000E+9	1.505821000E-5
1.419653333E+9	1.532577000E-5
1.419656667E+9	1.496757000E-5
1.419660000E+9	1.494063000E-5
1.419663333E+9	1.505714000E-5
1.419666667E+9	1.483751000E-5
1.419670000E+9	1.497402000E-5
1.419673333E+9	1.485622000E-5
1.419676667E+9	1.494849000E-5
1.419680000E+9	1.504314000E-5
1.419683333E+9	1.478797000E-5
1.419686667E+9	1.492699000E-5
1.419690000E+9	1.517871000E-5
1.419693333E+9	1.495857000E-5
1.419696667E+9	1.459603000E-5
1.419700000E+9	1.508643000E-5
1.419703333E+9	1.471021000E-5
1.419706667E+9	1.567386000E-5
1.419710000E+9	1.505292000E-5
1.419713333E+9	1.468929000E-5
1.419716667E+9	1.506599000E-5
1.419720000E+9	1.469100000E-5
1.419723333E+9	1.490007000E-5
1.419726667E+9	1.492338000E-5
1.419730000E+9	1.496619000E-5
1.419733333E+9	1.513544000E-5
1.419736667E+9	1.510753000E-5
1.419740000E+9	1.558977000E-5
1.419743333E+9	1.606210000E-5
1.419746667E+9	1.593617000E-5
1.419750000E+9	1.536677000E-5
1.419753333E+9	1.572471000E-5
1.419756667E+9	1.504169000E-5
1.419760000E+9	1.501324000E-5
1.419763333E+9	1.479292000E-5
1.419766667E+9	1.488633000E-5
1.419770000E+9	1.464825000E-5
1.419773333E+9	1.451083000E-5
1.419776667E+9	1.474797000E-5
1.419780000E+9	1.491581000E-5
1.419783333E+9	1.505555000E-5
1.419786667E+9	1.503203000E-5
1.419790000E+9	1.507515000E-5
1.419793333E+9	1.511792000E-5
1.419796667E+9	1.484264000E-5
1.419800000E+9	1.508320000E-5
1.419803333E+9	1.473829000E-5
1.419806667E+9	1.506045000E-5
1.419810000E+9	1.490655000E-5
1.419813333E+9	1.464333000E-5
1.419816667E+9	1.473806000E-5
1.419820000E+9	1.506212000E-5
1.419823333E+9	1.500253000E-5
1.419826667E+9	1.501155000E-5
1.419830000E+9	1.501013000E-5
1.419833333E+9	1.496381000E-5
1.419836667E+9	1.502982000E-5
1.419840000E+9	1.495377000E-5
1.419843333E+9	1.484807000E-5
1.419846667E+9	1.455917000E-5
1.419850000E+9	1.448763000E-5
1.419853333E+9	1.476141000E-5
1.419856667E+9	1.480893000E-5
1.419860000E+9	1.497711000E-5
1.419863333E+9	1.499407000E-5
1.419866667E+9	1.493850000E-5
1.419870000E+9	1.454020000E-5
1.419873333E+9	1.474962000E-5
1.419876667E+9	1.466299000E-5
1.419880000E+9	1.480960000E-5
1.419883333E+9	1.507322000E-5
1.419886667E+9	1.504300000E-5
1.419890000E+9	1.507353000E-5
1.419893333E+9	1.492451000E-5
1.419896667E+9	1.491575000E-5
1.419900000E+9	1.490264000E-5
1.419903333E+9	1.546817000E-5
1.419906667E+9	1.498158000E-5
1.419910000E+9	1.489719000E-5
1.419913333E+9	1.485387000E-5
1.419916667E+9	1.514061000E-5
1.419920000E+9	1.516415000E-5
1.419923333E+9	1.489343000E-5
1.419926667E+9	1.504807000E-5
1.419930000E+9	1.496938000E-5
1.419933333E+9	1.480426000E-5
1.419936667E+9	1.465668000E-5
1.419940000E+9	1.475273000E-5
1.419943333E+9	1.455335000E-5
1.419946667E+9	1.477677000E-5
1.419950000E+9	1.480145000E-5
1.419953333E+9	1.466969000E-5
1.419956667E+9	1.494481000E-5
1.419960000E+9	1.483401000E-5
1.419963333E+9	1.512144000E-5
1.419966667E+9	1.485596000E-5
1.419970000E+9	1.440348000E-5
1.419973333E+9	1.511986000E-5
1.419976667E+9	1.549798000E-5
1.419980000E+9	1.575814000E-5
1.419983333E+9	1.478264000E-5
1.419986667E+9	1.504010000E-5
1.419990000E+9	1.483842000E-5
1.419993333E+9	1.481648000E-5
1.419996667E+9	1.488592000E-5
1.420000000E+9	1.567423000E-5
1.420003333E+9	1.632651000E-5
1.420006667E+9	1.517338000E-5
1.420010000E+9	1.472805000E-5
1.420013333E+9	1.479911000E-5
1.420016667E+9	1.485299000E-5
1.420020000E+9	1.489889000E-5
1.420023333E+9	1.515981000E-5
1.420026667E+9	1.469371000E-5
1.420030000E+9	1.481221000E-5
1.420033333E+9	1.552764000E-5
1.420036667E+9	1.545659000E-5
1.420040000E+9	1.580574000E-5
1.420043333E+9	1.491002000E-5
1.420046667E+9	1.463615000E-5
1.420050000E+9	1.516254000E-5
1.420053333E+9	1.544222000E-5
1.420056667E+9	1.492787000E-5
1.420060000E+9	1.481368000E-5
1.420063333E+9	1.484028000E-5
1.420066667E+9	1.491038000E-5
1.420070000E+9	1.461623000E-5
1.420073333E+9	1.465031000E-5
1.420076667E+9	1.481329000E-5
1.420080000E+9	1.471492000E-5
1.420083333E+9	1.483629000E-5
1.420086667E+9	1.486072000E-5
1.420090000E+9	1.496959000E-5
1.420093333E+9	1.472407000E-5
1.420096667E+9	1.491909000E-5
1.420100000E+9	1.490735000E-5
1.420103333E+9	1.471613000E-5
1.420106667E+9	1.459362000E-5
1.420110000E+9	1.464619000E-5
1.420113333E+9	1.481125000E-5
1.420116667E+9	1.513805000E-5
1.420120000E+9	1.463340000E-5
1.420123333E+9	1.472855000E-5
1.420126667E+9	1.480758000E-5
1.420130000E+9	1.489959000E-5
1.420133333E+9	1.493331000E-5
1.420136667E+9	1.491822000E-5
1.420140000E+9	1.481244000E-5
1.420143333E+9	1.479578000E-5
1.420146667E+9	1.453246000E-5
1.420150000E+9	1.480483000E-5
1.420153333E+9	1.482018000E-5
1.420156667E+9	1.522110000E-5
1.420160000E+9	1.483836000E-5
1.420163333E+9	1.488767000E-5
1.420166667E+9	1.495923000E-5
1.420170000E+9	1.470011000E-5
1.420173333E+9	1.484199000E-5
1.420176667E+9	1.490198000E-5
1.420180000E+9	1.464997000E-5
1.420183333E+9	1.493017000E-5
1.420186667E+9	1.466562000E-5
1.420190000E+9	1.491455000E-5
1.420193333E+9	1.495471000E-5
1.420196667E+9	1.470420000E-5
1.420200000E+9	1.519956000E-5
1.420203333E+9	1.458296000E-5
1.420206667E+9	1.464774000E-5
1.420210000E+9	1.479520000E-5
1.420213333E+9	1.508169000E-5
1.420216667E+9	1.464221000E-5
1.420220000E+9	1.490124000E-5
1.420223333E+9	1.485970000E-5
1.420226667E+9	1.499942000E-5
1.420230000E+9	1.499507000E-5
1.420233333E+9	1.487279000E-5
1.420236667E+9	1.501442000E-5
1.420240000E+9	1.486582000E-5
1.420243333E+9	1.506888000E-5
1.420246667E+9	1.479846000E-5
1.420250000E+9	1.501120000E-5
1.420253333E+9	1.495213000E-5
1.420256667E+9	1.489486000E-5
1.420260000E+9	1.477087000E-5
1.420263333E+9	1.477894000E-5
1.420266667E+9	1.518980000E-5
1.420270000E+9	1.497239000E-5
1.420273333E+9	1.508466000E-5
1.420276667E+9	1.503614000E-5
1.420280000E+9	1.465811000E-5
1.420283333E+9	1.472582000E-5
1.420286667E+9	1.468855000E-5
1.420290000E+9	1.454041000E-5
1.420293333E+9	1.529048000E-5
1.420296667E+9	1.629478000E-5
1.420300000E+9	1.492743000E-5
1.420303333E+9	1.504770000E-5
1.420306667E+9	1.480088000E-5
1.420310000E+9	1.479905000E-5
1.420313333E+9	1.515075000E-5
1.420316667E+9	1.449678000E-5
1.420320000E+9	1.497918000E-5
1.420323333E+9	1.458420000E-5
1.420326667E+9	1.511991000E-5
1.420330000E+9	1.545927000E-5
1.420333333E+9	1.574804000E-5
1.420336667E+9	1.505253000E-5
1.420340000E+9	1.464415000E-5
1.420343333E+9	1.457087000E-5
1.420346667E+9	1.480789000E-5
1.420350000E+9	1.523963000E-5
1.420353333E+9	1.514763000E-5
1.420356667E+9	1.476431000E-5
1.420360000E+9	1.521878000E-5
1.420363333E+9	1.470819000E-5
1.420366667E+9	1.503007000E-5
1.420370000E+9	1.488597000E-5
1.420373333E+9	1.480244000E-5
1.420376667E+9	1.466486000E-5
1.420380000E+9	1.487764000E-5
1.420383333E+9	1.468239000E-5
1.420386667E+9	1.495612000E-5
1.420390000E+9	1.456634000E-5
1.420393333E+9	1.476018000E-5
1.420396667E+9	1.499214000E-5
1.420400000E+9	1.498229000E-5
1.420403333E+9	1.485978000E-5
1.420406667E+9	1.499784000E-5
1.420410000E+9	1.491239000E-5
1.420413333E+9	1.519872000E-5
1.420416667E+9	1.499796000E-5
1.420420000E+9	1.480036000E-5
1.420423333E+9	1.520515000E-5
1.420426667E+9	1.517513000E-5
1.420430000E+9	1.482715000E-5
1.420433333E+9	1.494412000E-5
1.420436667E+9	1.477391000E-5
1.420440000E+9	1.487098000E-5
1.420443333E+9	1.499521000E-5
1.420446667E+9	1.523810000E-5
1.420450000E+9	1.503832000E-5
1.420453333E+9	1.512841000E-5
1.420456667E+9	1.472236000E-5
1.420460000E+9	1.537431000E-5
1.420463333E+9	1.528106000E-5
1.420466667E+9	1.508847000E-5
1.420470000E+9	1.552305000E-5
1.420473333E+9	1.546711000E-5
1.420476667E+9	1.571582000E-5
1.420480000E+9	1.564680000E-5
1.420483333E+9	1.554388000E-5
1.420486667E+9	1.592101000E-5
1.420490000E+9	1.624801000E-5
1.420493333E+9	1.641343000E-5
1.420496667E+9	1.650937000E-5
1.420500000E+9	1.680642000E-5
1.420503333E+9	1.653883000E-5
1.420506667E+9	1.646373000E-5
1.420510000E+9	1.680301000E-5
1.420513333E+9	1.650707000E-5
1.420516667E+9	1.650748000E-5
1.420520000E+9	1.669165000E-5
1.420523333E+9	1.674465000E-5
1.420526667E+9	1.628544000E-5
1.420530000E+9	1.634237000E-5
1.420533333E+9	1.668332000E-5
1.420536667E+9	1.646625000E-5
1.420540000E+9	1.615625000E-5
1.420543333E+9	1.652685000E-5
1.420546667E+9	1.633064000E-5
1.420550000E+9	1.647916000E-5
1.420553333E+9	1.607980000E-5
1.420556667E+9	1.649679000E-5
1.420560000E+9	1.621892000E-5
1.420563333E+9	1.632526000E-5
1.420566667E+9	1.629886000E-5
1.420570000E+9	1.569270000E-5
1.420573333E+9	1.659028000E-5
1.420576667E+9	1.588696000E-5
1.420580000E+9	1.614373000E-5
1.420583333E+9	1.622268000E-5
1.420586667E+9	1.569913000E-5
1.420590000E+9	1.558990000E-5
1.420593333E+9	1.597561000E-5
1.420596667E+9	1.590270000E-5
1.420600000E+9	1.591531000E-5
1.420603333E+9	1.585213000E-5
1.420606667E+9	1.566557000E-5
1.420610000E+9	1.565371000E-5
1.420613333E+9	1.574341000E-5
1.420616667E+9	1.536775000E-5
1.420620000E+9	1.662805000E-5
1.420623333E+9	1.648032000E-5
1.420626667E+9	1.683180000E-5
1.420630000E+9	1.607747000E-5
1.420633333E+9	1.553589000E-5
1.420636667E+9	1.588935000E-5
1.420640000E+9	1.561553000E-5
1.420643333E+9	1.554499000E-5
1.420646667E+9	1.613246000E-5
1.420650000E+9	1.625070000E-5
1.420653333E+9	1.590366000E-5
1.420656667E+9	1.584310000E-5
1.420660000E+9	1.610346000E-5
1.420663333E+9	1.605785000E-5
1.420666667E+9	1.605653000E-5
1.420670000E+9	1.617398000E-5
1.420673333E+9	1.604312000E-5
1.420676667E+9	1.612297000E-5
1.420680000E+9	1.629768000E-5
1.420683333E+9	1.610592000E-5
1.420686667E+9	1.640252000E-5
1.420690000E+9	1.654770000E-5
1.420693333E+9	1.640529000E-5
1.420696667E+9	1.614878000E-5
1.420700000E+9	1.636513000E-5
1.420703333E+9	1.616484000E-5
1.420706667E+9	1.614795000E-5
1.420710000E+9	1.628391000E-5
1.420713333E+9	1.649156000E-5
1.420716667E+9	1.622216000E-5
1.420720000E+9	1.653344000E-5
1.420723333E+9	1.683032000E-5
1.420726667E+9	1.659801000E-5
1.420730000E+9	1.626139000E-5
1.420733333E+9	1.636302000E-5
1.420736667E+9	1.627763000E-5
1.420740000E+9	1.601264000E-5
1.420743333E+9	1.636560000E-5
1.420746667E+9	1.648765000E-5
1.420750000E+9	1.621324000E-5
1.420753333E+9	1.626738000E-5
1.420756667E+9	1.622122000E-5
1.420760000E+9	1.705016000E-5
1.420763333E+9	1.637374000E-5
1.420766667E+9	1.618724000E-5
1.420770000E+9	1.629821000E-5
1.420773333E+9	1.591271000E-5
1.420776667E+9	1.603227000E-5
1.420780000E+9	1.609077000E-5
1.420783333E+9	1.578890000E-5
1.420786667E+9	1.574147000E-5
1.420790000E+9	1.601180000E-5
1.420793333E+9	1.604553000E-5
1.420796667E+9	1.687074000E-5
1.420800000E+9	1.580650000E-5
1.420803333E+9	1.552581000E-5
1.420806667E+9	1.561944000E-5
1.420810000E+9	1.532688000E-5
1.420813333E+9	1.533868000E-5
1.420816667E+9	1.531733000E-5
1.420820000E+9	1.551957000E-5
1.420823333E+9	1.555989000E-5
1.420826667E+9	1.568540000E-5
1.420830000E+9	1.531575000E-5
1.420833333E+9	1.573309000E-5
1.420836667E+9	1.536903000E-5
1.420840000E+9	1.535023000E-5
1.420843333E+9	1.520498000E-5
1.420846667E+9	1.539693000E-5
1.420850000E+9	1.536927000E-5
1.420853333E+9	1.537647000E-5
1.420856667E+9	1.541820000E-5
1.420860000E+9	1.533868000E-5
1.420863333E+9	1.559441000E-5
1.420866667E+9	1.532779000E-5
1.420870000E+9	1.534093000E-5
1.420873333E+9	1.534121000E-5
1.420876667E+9	1.535040000E-5
1.420880000E+9	1.529247000E-5
1.420883333E+9	1.734493000E-5
1.420886667E+9	1.680808000E-5
1.420890000E+9	1.497323000E-5
1.420893333E+9	1.550299000E-5
1.420896667E+9	1.555519000E-5
1.420900000E+9	1.540351000E-5
1.420903333E+9	1.538027000E-5
1.420906667E+9	1.574285000E-5
1.420910000E+9	1.600278000E-5
1.420913333E+9	1.800671000E-5
1.420916667E+9	1.722506000E-5
1.420920000E+9	1.896959000E-5
1.420923333E+9	1.507939000E-5
1.420926667E+9	1.539377000E-5
1.420930000E+9	1.537698000E-5
1.420933333E+9	1.489666000E-5
1.420936667E+9	1.505927000E-5
1.420940000E+9	1.479950000E-5
1.420943333E+9	1.533399000E-5
1.420946667E+9	1.577422000E-5
1.420950000E+9	1.509336000E-5
1.420953333E+9	1.513473000E-5
1.420956667E+9	1.494987000E-5
1.420960000E+9	1.506812000E-5
1.420963333E+9	1.481576000E-5
1.420966667E+9	1.476654000E-5
1.420970000E+9	1.487373000E-5
1.420973333E+9	1.527611000E-5
1.420976667E+9	1.507525000E-5
1.420980000E+9	1.504636000E-5
1.420983333E+9	1.499433000E-5
1.420986667E+9	1.530065000E-5
1.420990000E+9	1.501249000E-5
1.420993333E+9	1.533990000E-5
1.420996667E+9	1.490295000E-5
1.421000000E+9	1.516325000E-5
1.421003333E+9	1.501695000E-5
1.421006667E+9	1.484018000E-5
1.421010000E+9	1.481473000E-5
1.421013333E+9	1.469613000E-5
1.421016667E+9	1.486394000E-5
1.421020000E+9	1.544359000E-5
1.421023333E+9	1.513413000E-5
1.421026667E+9	1.474672000E-5
1.421030000E+9	1.462042000E-5
1.421033333E+9	1.506137000E-5
1.421036667E+9	1.513423000E-5
1.421040000E+9	1.483427000E-5
1.421043333E+9	1.497130000E-5
1.421046667E+9	1.503827000E-5
1.421050000E+9	1.486915000E-5
1.421053333E+9	1.486666000E-5
1.421056667E+9	1.488203000E-5
1.421060000E+9	1.516184000E-5
1.421063333E+9	1.465995000E-5
1.421066667E+9	1.494837000E-5
1.421070000E+9	1.478133000E-5
1.421073333E+9	1.456137000E-5
1.421076667E+9	1.499135000E-5
1.421080000E+9	1.483979000E-5
1.421083333E+9	1.472048000E-5
1.421086667E+9	1.481538000E-5
1.421090000E+9	1.472814000E-5
1.421093333E+9	1.503971000E-5
1.421096667E+9	1.530022000E-5
1.421100000E+9	1.463748000E-5
1.421103333E+9	1.489145000E-5
1.421106667E+9	1.464327000E-5
1.421110000E+9	1.461192000E-5
1.421113333E+9	1.467006000E-5
1.421116667E+9	1.478058000E-5
1.421120000E+9	1.447068000E-5
1.421123333E+9	1.489997000E-5
1.421126667E+9	1.497212000E-5
1.421130000E+9	1.510519000E-5
1.421133333E+9	1.495980000E-5
1.421136667E+9	1.485032000E-5
1.421140000E+9	1.436658000E-5
1.421143333E+9	1.460032000E-5
1.421146667E+9	1.459893000E-5
1.421150000E+9	1.496700000E-5
1.421153333E+9	1.485983000E-5
1.421156667E+9	1.463382000E-5
1.421160000E+9	1.497359000E-5
1.421163333E+9	1.481482000E-5
1.421166667E+9	1.498222000E-5
1.421170000E+9	1.496023000E-5
1.421173333E+9	1.484326000E-5
1.421176667E+9	1.618226000E-5
1.421180000E+9	1.790308000E-5
1.421183333E+9	1.484794000E-5
1.421186667E+9	1.476334000E-5
1.421190000E+9	1.486319000E-5
1.421193333E+9	1.453639000E-5
1.421196667E+9	1.489853000E-5
1.421200000E+9	1.456593000E-5
1.421203333E+9	1.476399000E-5
1.421206667E+9	1.598613000E-5
1.421210000E+9	1.544687000E-5
1.421213333E+9	1.616250000E-5
1.421216667E+9	1.473746000E-5
1.421220000E+9	1.459729000E-5
1.421223333E+9	1.472646000E-5
1.421226667E+9	1.485534000E-5
1.421230000E+9	1.482152000E-5
1.421233333E+9	1.472095000E-5
1.421236667E+9	1.462888000E-5
1.421240000E+9	1.477985000E-5
1.421243333E+9	1.473821000E-5
1.421246667E+9	1.486227000E-5
1.421250000E+9	1.475842000E-5
1.421253333E+9	1.471570000E-5
1.421256667E+9	1.470730000E-5
1.421260000E+9	1.459854000E-5
1.421263333E+9	1.459164000E-5
1.421266667E+9	1.453961000E-5
1.421270000E+9	1.497139000E-5
1.421273333E+9	1.474818000E-5
1.421276667E+9	1.441108000E-5
1.421280000E+9	1.480547000E-5
1.421283333E+9	1.492027000E-5
1.421286667E+9	1.464709000E-5
1.421290000E+9	1.437587000E-5
1.421293333E+9	1.488277000E-5
1.421296667E+9	1.476632000E-5
1.421300000E+9	1.473987000E-5
1.421303333E+9	1.441772000E-5
1.421306667E+9	1.427278000E-5
1.421310000E+9	1.467871000E-5
1.421313333E+9	1.464114000E-5
1.421316667E+9	1.470486000E-5
1.421320000E+9	1.489222000E-5
1.421323333E+9	1.483614000E-5
1.421326667E+9	1.484595000E-5
1.421330000E+9	1.466768000E-5
1.421333333E+9	1.460423000E-5
1.421336667E+9	1.475394000E-5
1.421340000E+9	1.480178000E-5
1.421343333E+9	1.465675000E-5
1.421346667E+9	1.503892000E-5
1.421350000E+9	1.474204000E-5
1.421353333E+9	1.501799000E-5
1.421356667E+9	1.499012000E-5
1.421360000E+9	1.478053000E-5
1.421363333E+9	1.484298000E-5
1.421366667E+9	1.532650000E-5
1.421370000E+9	1.470273000E-5
1.421373333E+9	1.494662000E-5
1.421376667E+9	1.455744000E-5
1.421380000E+9	1.444127000E-5
1.421383333E+9	1.499499000E-5
1.421386667E+9	1.480285000E-5
1.421390000E+9	1.488592000E-5
1.421393333E+9	1.490676000E-5
1.421396667E+9	1.483567000E-5
1.421400000E+9	1.473114000E-5
