Frequency, Hz	Amplitude, Volts
1.419400000E+9	1.477310000E-5
1.419403333E+9	1.460536000E-5
1.419406667E+9	1.467059000E-5
1.419410000E+9	1.475501000E-5
1.419413333E+9	1.457038000E-5
1.419416667E+9	1.489717000E-5
1.419420000E+9	1.477156000E-5
1.419423333E+9	1.484308000E-5
1.419426667E+9	1.441966000E-5
1.419430000E+9	1.460278000E-5
1.419433333E+9	1.456700000E-5
1.419436667E+9	1.452897000E-5
1.419440000E+9	1.478242000E-5
1.419443333E+9	1.463298000E-5
1.419446667E+9	1.482531000E-5
1.419450000E+9	1.528304000E-5
1.419453333E+9	1.577812000E-5
1.419456667E+9	1.516288000E-5
1.419460000E+9	1.439658000E-5
1.419463333E+9	1.463642000E-5
1.419466667E+9	1.474282000E-5
1.419470000E+9	1.495257000E-5
1.419473333E+9	1.462126000E-5
1.419476667E+9	1.454274000E-5
1.419480000E+9	1.464076000E-5
1.419483333E+9	1.437466000E-5
1.419486667E+9	1.437455000E-5
1.419490000E+9	1.467359000E-5
1.419493333E+9	1.480389000E-5
1.419496667E+9	1.460489000E-5
1.419500000E+9	1.473824000E-5
1.419503333E+9	1.465173000E-5
1.419506667E+9	1.464729000E-5
1.419510000E+9	1.450509000E-5
1.419513333E+9	1.464100000E-5
1.419516667E+9	1.446120000E-5
1.419520000E+9	1.473622000E-5
1.419523333E+9	1.459758000E-5
1.419526667E+9	1.463756000E-5
1.419530000E+9	1.464627000E-5
1.419533333E+9	1.469279000E-5
1.419536667E+9	1.483617000E-5
1.419540000E+9	1.442308000E-5
1.419543333E+9	1.477022000E-5
1.419546667E+9	1.454025000E-5
1.419550000E+9	1.468411000E-5
1.419553333E+9	1.457201000E-5
1.419556667E+9	1.458893000E-5
1.419560000E+9	1.451283000E-5
1.419563333E+9	1.464227000E-5
1.419566667E+9	1.490034000E-5
1.419570000E+9	1.467457000E-5
1.419573333E+9	1.461651000E-5
1.419576667E+9	1.461137000E-5
1.419580000E+9	1.439269000E-5
1.419583333E+9	1.455731000E-5
1.419586667E+9	1.446266000E-5
1.419590000E+9	1.491727000E-5
1.419593333E+9	1.470465000E-5
1.419596667E+9	1.467773000E-5
1.419600000E+9	1.435457000E-5
1.419603333E+9	1.502870000E-5
1.419606667E+9	1.479765000E-5
1.419610000E+9	1.451699000E-5
1.419613333E+9	1.482603000E-5
1.419616667E+9	1.454956000E-5
1.419620000E+9	1.475705000E-5
1.419623333E+9	1.483223000E-5
1.419626667E+9	1.444395000E-5
1.419630000E+9	1.475074000E-5
1.419633333E+9	1.469800000E-5
1.419636667E+9	1.479362000E-5
1.419640000E+9	1.473859000E-5
1.419643333E+9	1.477370000E-5
1.419646667E+9	1.473851000E-5
1.419650000E+9	1.458909000E-5
1.419653333E+9	1.455142000E-5
1.419656667E+9	1.477756000E-5
1.419660000E+9	1.497160000E-5
1.419663333E+9	1.501105000E-5
1.419666667E+9	1.453564000E-5
1.419670000E+9	1.457881000E-5
1.419673333E+9	1.462572000E-5
1.419676667E+9	1.459899000E-5
1.419680000E+9	1.460996000E-5
1.419683333E+9	1.437876000E-5
1.419686667E+9	1.480020000E-5
1.419690000E+9	1.480031000E-5
1.419693333E+9	1.444795000E-5
1.419696667E+9	1.486624000E-5
1.419700000E+9	1.480412000E-5
1.419703333E+9	1.450301000E-5
1.419706667E+9	1.429310000E-5
1.419710000E+9	1.474753000E-5
1.419713333E+9	1.468697000E-5
1.419716667E+9	1.468187000E-5
1.419720000E+9	1.494686000E-5
1.419723333E+9	1.485531000E-5
1.419726667E+9	1.480166000E-5
1.419730000E+9	1.486476000E-5
1.419733333E+9	1.520229000E-5
1.419736667E+9	1.474416000E-5
1.419740000E+9	1.534832000E-5
1.419743333E+9	1.521696000E-5
1.419746667E+9	1.584485000E-5
1.419750000E+9	1.541804000E-5
1.419753333E+9	1.511951000E-5
1.419756667E+9	1.470812000E-5
1.419760000E+9	1.466336000E-5
1.419763333E+9	1.461288000E-5
1.419766667E+9	1.477956000E-5
1.419770000E+9	1.450297000E-5
1.419773333E+9	1.465708000E-5
1.419776667E+9	1.482655000E-5
1.419780000E+9	1.441398000E-5
1.419783333E+9	1.503707000E-5
1.419786667E+9	1.474617000E-5
1.419790000E+9	1.478519000E-5
1.419793333E+9	1.471664000E-5
1.419796667E+9	1.477374000E-5
1.419800000E+9	1.494240000E-5
1.419803333E+9	1.440441000E-5
1.419806667E+9	1.460407000E-5
1.419810000E+9	1.441069000E-5
1.419813333E+9	1.462534000E-5
1.419816667E+9	1.476030000E-5
1.419820000E+9	1.477976000E-5
1.419823333E+9	1.471466000E-5
1.419826667E+9	1.472087000E-5
1.419830000E+9	1.469739000E-5
1.419833333E+9	1.483288000E-5
1.419836667E+9	1.450047000E-5
1.419840000E+9	1.456375000E-5
1.419843333E+9	1.506346000E-5
1.419846667E+9	1.461402000E-5
1.419850000E+9	1.473287000E-5
1.419853333E+9	1.463274000E-5
1.419856667E+9	1.428640000E-5
1.419860000E+9	1.457655000E-5
1.419863333E+9	1.469564000E-5
1.419866667E+9	1.461851000E-5
1.419870000E+9	1.464870000E-5
1.419873333E+9	1.470917000E-5
1.419876667E+9	1.458047000E-5
1.419880000E+9	1.460354000E-5
1.419883333E+9	1.467501000E-5
1.419886667E+9	1.442189000E-5
1.419890000E+9	1.451543000E-5
1.419893333E+9	1.468860000E-5
1.419896667E+9	1.498525000E-5
1.419900000E+9	1.472287000E-5
1.419903333E+9	1.480472000E-5
1.419906667E+9	1.485785000E-5
1.419910000E+9	1.454894000E-5
1.419913333E+9	1.448060000E-5
1.419916667E+9	1.481732000E-5
1.419920000E+9	1.498480000E-5
1.419923333E+9	1.456415000E-5
1.419926667E+9	1.458893000E-5
1.419930000E+9	1.426642000E-5
1.419933333E+9	1.481828000E-5
1.419936667E+9	1.449422000E-5
1.419940000E+9	1.502815000E-5
1.419943333E+9	1.470554000E-5
1.419946667E+9	1.446539000E-5
1.419950000E+9	1.436472000E-5
1.419953333E+9	1.459636000E-5
1.419956667E+9	1.480433000E-5
1.419960000E+9	1.496340000E-5
1.419963333E+9	1.489994000E-5
1.419966667E+9	1.456722000E-5
1.419970000E+9	1.483280000E-5
1.419973333E+9	1.494767000E-5
1.419976667E+9	1.543727000E-5
1.419980000E+9	1.684084000E-5
1.419983333E+9	1.497755000E-5
1.419986667E+9	1.465013000E-5
1.419990000E+9	1.471751000E-5
1.419993333E+9	1.476955000E-5
1.419996667E+9	1.496905000E-5
1.420000000E+9	1.475158000E-5
1.420003333E+9	1.484213000E-5
1.420006667E+9	1.441417000E-5
1.420010000E+9	1.478647000E-5
1.420013333E+9	1.466352000E-5
1.420016667E+9	1.452402000E-5
1.420020000E+9	1.469715000E-5
1.420023333E+9	1.456308000E-5
1.420026667E+9	1.479115000E-5
1.420030000E+9	1.479091000E-5
1.420033333E+9	1.514924000E-5
1.420036667E+9	1.494483000E-5
1.420040000E+9	1.552874000E-5
1.420043333E+9	1.455680000E-5
1.420046667E+9	1.460799000E-5
1.420050000E+9	1.464166000E-5
1.420053333E+9	1.487806000E-5
1.420056667E+9	1.467560000E-5
1.420060000E+9	1.486048000E-5
1.420063333E+9	1.463206000E-5
1.420066667E+9	1.449372000E-5
1.420070000E+9	1.459191000E-5
1.420073333E+9	1.479849000E-5
1.420076667E+9	1.450662000E-5
1.420080000E+9	1.479073000E-5
1.420083333E+9	1.463915000E-5
1.420086667E+9	1.478854000E-5
1.420090000E+9	1.443982000E-5
1.420093333E+9	1.459261000E-5
1.420096667E+9	1.473813000E-5
1.420100000E+9	1.445346000E-5
1.420103333E+9	1.458132000E-5
1.420106667E+9	1.456556000E-5
1.420110000E+9	1.480054000E-5
1.420113333E+9	1.443387000E-5
1.420116667E+9	1.475198000E-5
1.420120000E+9	1.474755000E-5
1.420123333E+9	1.459612000E-5
1.420126667E+9	1.457791000E-5
1.420130000E+9	1.451773000E-5
1.420133333E+9	1.456934000E-5
1.420136667E+9	1.473861000E-5
1.420140000E+9	1.473536000E-5
1.420143333E+9	1.479880000E-5
1.420146667E+9	1.445157000E-5
1.420150000E+9	1.449603000E-5
1.420153333E+9	1.475344000E-5
1.420156667E+9	1.501000000E-5
1.420160000E+9	1.457935000E-5
1.420163333E+9	1.517751000E-5
1.420166667E+9	1.440851000E-5
1.420170000E+9	1.444655000E-5
1.420173333E+9	1.452681000E-5
1.420176667E+9	1.464590000E-5
1.420180000E+9	1.428488000E-5
1.420183333E+9	1.474262000E-5
1.420186667E+9	1.444422000E-5
1.420190000E+9	1.477865000E-5
1.420193333E+9	1.447346000E-5
1.420196667E+9	1.454268000E-5
1.420200000E+9	1.473491000E-5
1.420203333E+9	1.464032000E-5
1.420206667E+9	1.446967000E-5
1.420210000E+9	1.474701000E-5
1.420213333E+9	1.449893000E-5
1.420216667E+9	1.472564000E-5
1.420220000E+9	1.445169000E-5
1.420223333E+9	1.447226000E-5
1.420226667E+9	1.476652000E-5
1.420230000E+9	1.479076000E-5
1.420233333E+9	1.473665000E-5
1.420236667E+9	1.475184000E-5
1.420240000E+9	1.459846000E-5
1.420243333E+9	1.450769000E-5
1.420246667E+9	1.460669000E-5
1.420250000E+9	1.468979000E-5
1.420253333E+9	1.472630000E-5
1.420256667E+9	1.460906000E-5
1.420260000E+9	1.465454000E-5
1.420263333E+9	1.447494000E-5
1.420266667E+9	1.470937000E-5
1.420270000E+9	1.422274000E-5
1.420273333E+9	1.492397000E-5
1.420276667E+9	1.473659000E-5
1.420280000E+9	1.459657000E-5
1.420283333E+9	1.474802000E-5
1.420286667E+9	1.439462000E-5
1.420290000E+9	1.445246000E-5
1.420293333E+9	1.436306000E-5
1.420296667E+9	1.439665000E-5
1.420300000E+9	1.478808000E-5
1.420303333E+9	1.461824000E-5
1.420306667E+9	1.458470000E-5
1.420310000E+9	1.500903000E-5
1.420313333E+9	1.509967000E-5
1.420316667E+9	1.467920000E-5
1.420320000E+9	1.480795000E-5
1.420323333E+9	1.489424000E-5
1.420326667E+9	1.523391000E-5
1.420330000E+9	1.530134000E-5
1.420333333E+9	1.575392000E-5
1.420336667E+9	1.454439000E-5
1.420340000E+9	1.461453000E-5
1.420343333E+9	1.442698000E-5
1.420346667E+9	1.454987000E-5
1.420350000E+9	1.515157000E-5
1.420353333E+9	1.469390000E-5
1.420356667E+9	1.457017000E-5
1.420360000E+9	1.448819000E-5
1.420363333E+9	1.453624000E-5
1.420366667E+9	1.440605000E-5
1.420370000E+9	1.464738000E-5
1.420373333E+9	1.441325000E-5
1.420376667E+9	1.485428000E-5
1.420380000E+9	1.468416000E-5
1.420383333E+9	1.453896000E-5
1.420386667E+9	1.479565000E-5
1.420390000E+9	1.483961000E-5
1.420393333E+9	1.434163000E-5
1.420396667E+9	1.492627000E-5
1.420400000E+9	1.490931000E-5
1.420403333E+9	1.517133000E-5
1.420406667E+9	1.472029000E-5
1.420410000E+9	1.481810000E-5
1.420413333E+9	1.511307000E-5
1.420416667E+9	1.474303000E-5
1.420420000E+9	1.507403000E-5
1.420423333E+9	1.477330000E-5
1.420426667E+9	1.463740000E-5
1.420430000E+9	1.472150000E-5
1.420433333E+9	1.459954000E-5
1.420436667E+9	1.481143000E-5
1.420440000E+9	1.454603000E-5
1.420443333E+9	1.480235000E-5
1.420446667E+9	1.519892000E-5
1.420450000E+9	1.469540000E-5
1.420453333E+9	1.489390000E-5
1.420456667E+9	1.501707000E-5
1.420460000E+9	1.542197000E-5
1.420463333E+9	1.479950000E-5
1.420466667E+9	1.534691000E-5
1.420470000E+9	1.538544000E-5
1.420473333E+9	1.539788000E-5
1.420476667E+9	1.553052000E-5
1.420480000E+9	1.586717000E-5
1.420483333E+9	1.620194000E-5
1.420486667E+9	1.582901000E-5
1.420490000E+9	1.618930000E-5
1.420493333E+9	1.622699000E-5
1.420496667E+9	1.648517000E-5
1.420500000E+9	1.693285000E-5
1.420503333E+9	1.619415000E-5
1.420506667E+9	1.625886000E-5
1.420510000E+9	1.599770000E-5
1.420513333E+9	1.614847000E-5
1.420516667E+9	1.619319000E-5
1.420520000E+9	1.617727000E-5
1.420523333E+9	1.591337000E-5
1.420526667E+9	1.632678000E-5
1.420530000E+9	1.647630000E-5
1.420533333E+9	1.647026000E-5
1.420536667E+9	1.640543000E-5
1.420540000E+9	1.636222000E-5
1.420543333E+9	1.608185000E-5
1.420546667E+9	1.616164000E-5
1.420550000E+9	1.649779000E-5
1.420553333E+9	1.663112000E-5
1.420556667E+9	1.601742000E-5
1.420560000E+9	1.651484000E-5
1.420563333E+9	1.613641000E-5
1.420566667E+9	1.622750000E-5
1.420570000E+9	1.587094000E-5
1.420573333E+9	1.583119000E-5
1.420576667E+9	1.578462000E-5
1.420580000E+9	1.588005000E-5
1.420583333E+9	1.548973000E-5
1.420586667E+9	1.543225000E-5
1.420590000E+9	1.595788000E-5
1.420593333E+9	1.562586000E-5
1.420596667E+9	1.543188000E-5
1.420600000E+9	1.546616000E-5
1.420603333E+9	1.534017000E-5
1.420606667E+9	1.524840000E-5
1.420610000E+9	1.555439000E-5
1.420613333E+9	1.531054000E-5
1.420616667E+9	1.480652000E-5
1.420620000E+9	1.599177000E-5
1.420623333E+9	1.613960000E-5
1.420626667E+9	1.696756000E-5
1.420630000E+9	1.556919000E-5
1.420633333E+9	1.530180000E-5
1.420636667E+9	1.538152000E-5
1.420640000E+9	1.540390000E-5
1.420643333E+9	1.523039000E-5
1.420646667E+9	1.600041000E-5
1.420650000E+9	1.574835000E-5
1.420653333E+9	1.559997000E-5
1.420656667E+9	1.556989000E-5
1.420660000E+9	1.569927000E-5
1.420663333E+9	1.563643000E-5
1.420666667E+9	1.549468000E-5
1.420670000E+9	1.561327000E-5
1.420673333E+9	1.540026000E-5
1.420676667E+9	1.560699000E-5
1.420680000E+9	1.578807000E-5
1.420683333E+9	1.578744000E-5
1.420686667E+9	1.571191000E-5
1.420690000E+9	1.571641000E-5
1.420693333E+9	1.583254000E-5
1.420696667E+9	1.555468000E-5
1.420700000E+9	1.588420000E-5
1.420703333E+9	1.567073000E-5
1.420706667E+9	1.561272000E-5
1.420710000E+9	1.554995000E-5
1.420713333E+9	1.613640000E-5
1.420716667E+9	1.624828000E-5
1.420720000E+9	1.584224000E-5
1.420723333E+9	1.598068000E-5
1.420726667E+9	1.590032000E-5
1.420730000E+9	1.602136000E-5
1.420733333E+9	1.587287000E-5
1.420736667E+9	1.598922000E-5
1.420740000E+9	1.591797000E-5
1.420743333E+9	1.569863000E-5
1.420746667E+9	1.595338000E-5
1.420750000E+9	1.602821000E-5
1.420753333E+9	1.601684000E-5
1.420756667E+9	1.599505000E-5
1.420760000E+9	1.628324000E-5
1.420763333E+9	1.625133000E-5
1.420766667E+9	1.588628000E-5
1.420770000E+9	1.593127000E-5
1.420773333E+9	1.553963000E-5
1.420776667E+9	1.618532000E-5
1.420780000E+9	1.604789000E-5
1.420783333E+9	1.611099000E-5
1.420786667E+9	1.571914000E-5
1.420790000E+9	1.592475000E-5
1.420793333E+9	1.626412000E-5
1.420796667E+9	1.639411000E-5
1.420800000E+9	1.584423000E-5
1.420803333E+9	1.597020000E-5
1.420806667E+9	1.535945000E-5
1.420810000E+9	1.553406000E-5
1.420813333E+9	1.574942000E-5
1.420816667E+9	1.536355000E-5
1.420820000E+9	1.575101000E-5
1.420823333E+9	1.544905000E-5
1.420826667E+9	1.529557000E-5
1.420830000E+9	1.525655000E-5
1.420833333E+9	1.554512000E-5
1.420836667E+9	1.531577000E-5
1.420840000E+9	1.499147000E-5
1.420843333E+9	1.530988000E-5
1.420846667E+9	1.535034000E-5
1.420850000E+9	1.494437000E-5
1.420853333E+9	1.519133000E-5
1.420856667E+9	1.528784000E-5
1.420860000E+9	1.489944000E-5
1.420863333E+9	1.577407000E-5
1.420866667E+9	1.492415000E-5
1.420870000E+9	1.512064000E-5
1.420873333E+9	1.515317000E-5
1.420876667E+9	1.512184000E-5
1.420880000E+9	1.499685000E-5
1.420883333E+9	1.523302000E-5
1.420886667E+9	1.516312000E-5
1.420890000E+9	1.520177000E-5
1.420893333E+9	1.515565000E-5
1.420896667E+9	1.553168000E-5
1.420900000E+9	1.519278000E-5
1.420903333E+9	1.538801000E-5
1.420906667E+9	1.573138000E-5
1.420910000E+9	1.549591000E-5
1.420913333E+9	1.819618000E-5
1.420916667E+9	1.748189000E-5
1.420920000E+9	2.013147000E-5
1.420923333E+9	1.511608000E-5
1.420926667E+9	1.509062000E-5
1.420930000E+9	1.493984000E-5
1.420933333E+9	1.477854000E-5
1.420936667E+9	1.477810000E-5
1.420940000E+9	1.506847000E-5
1.420943333E+9	1.537374000E-5
1.420946667E+9	1.551763000E-5
1.420950000E+9	1.493966000E-5
1.420953333E+9	1.493230000E-5
1.420956667E+9	1.511989000E-5
1.420960000E+9	1.502715000E-5
1.420963333E+9	1.467083000E-5
1.420966667E+9	1.503941000E-5
1.420970000E+9	1.525223000E-5
1.420973333E+9	1.503986000E-5
1.420976667E+9	1.515207000E-5
1.420980000E+9	1.515701000E-5
1.420983333E+9	1.502268000E-5
1.420986667E+9	1.489994000E-5
1.420990000E+9	1.518568000E-5
1.420993333E+9	1.514886000E-5
1.420996667E+9	1.527174000E-5
1.421000000E+9	1.461736000E-5
1.421003333E+9	1.509205000E-5
1.421006667E+9	1.487494000E-5
1.421010000E+9	1.459407000E-5
1.421013333E+9	1.491157000E-5
1.421016667E+9	1.470204000E-5
1.421020000E+9	1.505947000E-5
1.421023333E+9	1.496716000E-5
1.421026667E+9	1.458901000E-5
1.421030000E+9	1.468569000E-5
1.421033333E+9	1.479638000E-5
1.421036667E+9	1.472084000E-5
1.421040000E+9	1.485989000E-5
1.421043333E+9	1.493035000E-5
1.421046667E+9	1.472785000E-5
1.421050000E+9	1.497273000E-5
1.421053333E+9	1.481127000E-5
1.421056667E+9	1.492640000E-5
1.421060000E+9	1.521281000E-5
1.421063333E+9	1.447993000E-5
1.421066667E+9	1.466014000E-5
1.421070000E+9	1.464020000E-5
1.421073333E+9	1.472924000E-5
1.421076667E+9	1.482215000E-5
1.421080000E+9	1.460149000E-5
1.421083333E+9	1.480001000E-5
1.421086667E+9	1.441537000E-5
1.421090000E+9	1.486415000E-5
1.421093333E+9	1.504189000E-5
1.421096667E+9	1.515749000E-5
1.421100000E+9	1.458989000E-5
1.421103333E+9	1.470318000E-5
1.421106667E+9	1.442463000E-5
1.421110000E+9	1.466230000E-5
1.421113333E+9	1.443628000E-5
1.421116667E+9	1.443026000E-5
1.421120000E+9	1.461445000E-5
1.421123333E+9	1.449234000E-5
1.421126667E+9	1.451036000E-5
1.421130000E+9	1.480264000E-5
1.421133333E+9	1.509397000E-5
1.421136667E+9	1.518293000E-5
1.421140000E+9	1.469978000E-5
1.421143333E+9	1.462068000E-5
1.421146667E+9	1.429579000E-5
1.421150000E+9	1.431406000E-5
1.421153333E+9	1.463290000E-5
1.421156667E+9	1.494560000E-5
1.421160000E+9	1.458614000E-5
1.421163333E+9	1.487997000E-5
1.421166667E+9	1.461888000E-5
1.421170000E+9	1.465284000E-5
1.421173333E+9	1.470026000E-5
1.421176667E+9	1.473871000E-5
1.421180000E+9	1.478224000E-5
1.421183333E+9	1.445336000E-5
1.421186667E+9	1.479010000E-5
1.421190000E+9	1.462113000E-5
1.421193333E+9	1.459415000E-5
1.421196667E+9	1.484194000E-5
1.421200000E+9	1.503753000E-5
1.421203333E+9	1.477541000E-5
1.421206667E+9	1.597217000E-5
1.421210000E+9	1.537879000E-5
1.421213333E+9	1.650024000E-5
1.421216667E+9	1.490331000E-5
1.421220000E+9	1.472237000E-5
1.421223333E+9	1.465903000E-5
1.421226667E+9	1.475490000E-5
1.421230000E+9	1.460164000E-5
1.421233333E+9	1.492641000E-5
1.421236667E+9	1.460316000E-5
1.421240000E+9	1.426841000E-5
1.421243333E+9	1.499369000E-5
1.421246667E+9	1.439391000E-5
1.421250000E+9	1.437753000E-5
1.421253333E+9	1.473030000E-5
1.421256667E+9	1.440623000E-5
1.421260000E+9	1.462903000E-5
1.421263333E+9	1.424007000E-5
1.421266667E+9	1.445222000E-5
1.421270000E+9	1.448119000E-5
1.421273333E+9	1.471360000E-5
1.421276667E+9	1.465454000E-5
1.421280000E+9	1.500698000E-5
1.421283333E+9	1.472271000E-5
1.421286667E+9	1.458593000E-5
1.421290000E+9	1.438121000E-5
1.421293333E+9	1.465477000E-5
1.421296667E+9	1.449126000E-5
1.421300000E+9	1.469142000E-5
1.421303333E+9	1.457343000E-5
1.421306667E+9	1.449077000E-5
1.421310000E+9	1.467275000E-5
1.421313333E+9	1.464343000E-5
1.421316667E+9	1.448704000E-5
1.421320000E+9	1.432478000E-5
1.421323333E+9	1.448684000E-5
1.421326667E+9	1.442898000E-5
1.421330000E+9	1.457426000E-5
1.421333333E+9	1.472876000E-5
1.421336667E+9	1.478904000E-5
1.421340000E+9	1.441362000E-5
1.421343333E+9	1.466595000E-5
1.421346667E+9	1.473465000E-5
1.421350000E+9	1.431038000E-5
1.421353333E+9	1.458148000E-5
1.421356667E+9	1.463687000E-5
1.421360000E+9	1.440398000E-5
1.421363333E+9	1.462925000E-5
1.421366667E+9	1.507198000E-5
1.421370000E+9	1.481177000E-5
1.421373333E+9	1.446910000E-5
1.421376667E+9	1.468065000E-5
1.421380000E+9	1.495358000E-5
1.421383333E+9	1.468774000E-5
1.421386667E+9	1.444971000E-5
1.421390000E+9	1.482207000E-5
1.421393333E+9	1.502269000E-5
1.421396667E+9	1.488749000E-5
1.421400000E+9	1.472135000E-5
