Frequency, Hz	Amplitude, Volts
1.419400000E+9	1.604390000E-5
1.419403333E+9	1.610164000E-5
1.419406667E+9	1.608964000E-5
1.419410000E+9	1.616594000E-5
1.419413333E+9	1.642672000E-5
1.419416667E+9	1.631469000E-5
1.419420000E+9	1.616046000E-5
1.419423333E+9	1.622747000E-5
1.419426667E+9	1.614037000E-5
1.419430000E+9	1.622353000E-5
1.419433333E+9	1.655126000E-5
1.419436667E+9	1.622991000E-5
1.419440000E+9	1.621992000E-5
1.419443333E+9	1.631823000E-5
1.419446667E+9	1.626309000E-5
1.419450000E+9	1.708900000E-5
1.419453333E+9	1.654504000E-5
1.419456667E+9	1.651174000E-5
1.419460000E+9	1.606286000E-5
1.419463333E+9	1.583292000E-5
1.419466667E+9	1.633255000E-5
1.419470000E+9	1.625584000E-5
1.419473333E+9	1.611593000E-5
1.419476667E+9	1.615008000E-5
1.419480000E+9	1.619708000E-5
1.419483333E+9	1.603919000E-5
1.419486667E+9	1.628212000E-5
1.419490000E+9	1.633677000E-5
1.419493333E+9	1.601034000E-5
1.419496667E+9	1.611025000E-5
1.419500000E+9	1.588680000E-5
1.419503333E+9	1.609354000E-5
1.419506667E+9	1.601493000E-5
1.419510000E+9	1.596058000E-5
1.419513333E+9	1.641241000E-5
1.419516667E+9	1.608504000E-5
1.419520000E+9	1.619540000E-5
1.419523333E+9	1.615441000E-5
1.419526667E+9	1.564462000E-5
1.419530000E+9	1.593750000E-5
1.419533333E+9	1.652032000E-5
1.419536667E+9	1.591942000E-5
1.419540000E+9	1.629766000E-5
1.419543333E+9	1.640133000E-5
1.419546667E+9	1.612947000E-5
1.419550000E+9	1.627540000E-5
1.419553333E+9	1.628888000E-5
1.419556667E+9	1.590862000E-5
1.419560000E+9	1.612216000E-5
1.419563333E+9	1.602145000E-5
1.419566667E+9	1.588940000E-5
1.419570000E+9	1.609725000E-5
1.419573333E+9	1.609038000E-5
1.419576667E+9	1.582415000E-5
1.419580000E+9	1.590275000E-5
1.419583333E+9	1.580951000E-5
1.419586667E+9	1.604131000E-5
1.419590000E+9	1.603065000E-5
1.419593333E+9	1.610657000E-5
1.419596667E+9	1.615714000E-5
1.419600000E+9	1.634716000E-5
1.419603333E+9	1.581901000E-5
1.419606667E+9	1.597520000E-5
1.419610000E+9	1.599665000E-5
1.419613333E+9	1.620639000E-5
1.419616667E+9	1.601489000E-5
1.419620000E+9	1.602970000E-5
1.419623333E+9	1.596638000E-5
1.419626667E+9	1.598485000E-5
1.419630000E+9	1.636327000E-5
1.419633333E+9	1.599758000E-5
1.419636667E+9	1.602383000E-5
1.419640000E+9	1.611062000E-5
1.419643333E+9	1.603676000E-5
1.419646667E+9	1.624644000E-5
1.419650000E+9	1.581182000E-5
1.419653333E+9	1.610319000E-5
1.419656667E+9	1.624098000E-5
1.419660000E+9	1.589240000E-5
1.419663333E+9	1.600767000E-5
1.419666667E+9	1.640082000E-5
1.419670000E+9	1.598433000E-5
1.419673333E+9	1.596146000E-5
1.419676667E+9	1.613964000E-5
1.419680000E+9	1.613946000E-5
1.419683333E+9	1.608637000E-5
1.419686667E+9	1.561545000E-5
1.419690000E+9	1.608893000E-5
1.419693333E+9	1.614628000E-5
1.419696667E+9	1.635407000E-5
1.419700000E+9	1.594357000E-5
1.419703333E+9	1.632832000E-5
1.419706667E+9	1.630853000E-5
1.419710000E+9	1.637436000E-5
1.419713333E+9	1.623920000E-5
1.419716667E+9	1.607260000E-5
1.419720000E+9	1.614958000E-5
1.419723333E+9	1.613296000E-5
1.419726667E+9	1.589736000E-5
1.419730000E+9	1.596244000E-5
1.419733333E+9	1.714252000E-5
1.419736667E+9	1.662097000E-5
1.419740000E+9	1.613842000E-5
1.419743333E+9	1.649142000E-5
1.419746667E+9	1.697422000E-5
1.419750000E+9	1.709072000E-5
1.419753333E+9	1.588068000E-5
1.419756667E+9	1.605720000E-5
1.419760000E+9	1.589245000E-5
1.419763333E+9	1.622743000E-5
1.419766667E+9	1.602047000E-5
1.419770000E+9	1.576698000E-5
1.419773333E+9	1.587569000E-5
1.419776667E+9	1.610157000E-5
1.419780000E+9	1.652471000E-5
1.419783333E+9	1.618066000E-5
1.419786667E+9	1.634316000E-5
1.419790000E+9	1.621910000E-5
1.419793333E+9	1.621335000E-5
1.419796667E+9	1.608522000E-5
1.419800000E+9	1.604249000E-5
1.419803333E+9	1.608026000E-5
1.419806667E+9	1.607991000E-5
1.419810000E+9	1.598906000E-5
1.419813333E+9	1.615183000E-5
1.419816667E+9	1.605094000E-5
1.419820000E+9	1.604522000E-5
1.419823333E+9	1.616216000E-5
1.419826667E+9	1.571091000E-5
1.419830000E+9	1.618889000E-5
1.419833333E+9	1.574615000E-5
1.419836667E+9	1.591617000E-5
1.419840000E+9	1.601630000E-5
1.419843333E+9	1.619867000E-5
1.419846667E+9	1.629635000E-5
1.419850000E+9	1.612115000E-5
1.419853333E+9	1.576134000E-5
1.419856667E+9	1.582274000E-5
1.419860000E+9	1.615686000E-5
1.419863333E+9	1.584658000E-5
1.419866667E+9	1.613482000E-5
1.419870000E+9	1.647402000E-5
1.419873333E+9	1.614632000E-5
1.419876667E+9	1.621098000E-5
1.419880000E+9	1.631168000E-5
1.419883333E+9	1.639773000E-5
1.419886667E+9	1.620719000E-5
1.419890000E+9	1.613477000E-5
1.419893333E+9	1.624012000E-5
1.419896667E+9	1.642887000E-5
1.419900000E+9	1.618226000E-5
1.419903333E+9	1.607699000E-5
1.419906667E+9	1.607401000E-5
1.419910000E+9	1.637153000E-5
1.419913333E+9	1.623873000E-5
1.419916667E+9	1.587540000E-5
1.419920000E+9	1.613902000E-5
1.419923333E+9	1.626434000E-5
1.419926667E+9	1.641334000E-5
1.419930000E+9	1.666393000E-5
1.419933333E+9	1.658102000E-5
1.419936667E+9	1.604527000E-5
1.419940000E+9	1.610388000E-5
1.419943333E+9	1.608648000E-5
1.419946667E+9	1.577994000E-5
1.419950000E+9	1.624567000E-5
1.419953333E+9	1.616677000E-5
1.419956667E+9	1.635608000E-5
1.419960000E+9	1.641026000E-5
1.419963333E+9	1.624842000E-5
1.419966667E+9	1.626898000E-5
1.419970000E+9	1.657812000E-5
1.419973333E+9	1.659101000E-5
1.419976667E+9	1.623499000E-5
1.419980000E+9	1.701686000E-5
1.419983333E+9	1.656082000E-5
1.419986667E+9	1.652170000E-5
1.419990000E+9	1.661375000E-5
1.419993333E+9	1.632169000E-5
1.419996667E+9	1.631721000E-5
1.420000000E+9	1.680152000E-5
1.420003333E+9	1.736676000E-5
1.420006667E+9	1.670551000E-5
1.420010000E+9	1.691242000E-5
1.420013333E+9	1.657448000E-5
1.420016667E+9	1.647229000E-5
1.420020000E+9	1.620872000E-5
1.420023333E+9	1.643350000E-5
1.420026667E+9	1.687537000E-5
1.420030000E+9	1.664376000E-5
1.420033333E+9	1.668555000E-5
1.420036667E+9	1.692865000E-5
1.420040000E+9	1.712053000E-5
1.420043333E+9	1.685195000E-5
1.420046667E+9	1.729846000E-5
1.420050000E+9	1.702609000E-5
1.420053333E+9	1.687636000E-5
1.420056667E+9	1.663198000E-5
1.420060000E+9	1.684470000E-5
1.420063333E+9	1.657144000E-5
1.420066667E+9	1.671063000E-5
1.420070000E+9	1.676582000E-5
1.420073333E+9	1.665917000E-5
1.420076667E+9	1.670533000E-5
1.420080000E+9	1.675984000E-5
1.420083333E+9	1.687004000E-5
1.420086667E+9	1.702218000E-5
1.420090000E+9	1.667123000E-5
1.420093333E+9	1.660302000E-5
1.420096667E+9	1.666468000E-5
1.420100000E+9	1.679049000E-5
1.420103333E+9	1.662179000E-5
1.420106667E+9	1.703880000E-5
1.420110000E+9	1.686676000E-5
1.420113333E+9	1.662710000E-5
1.420116667E+9	1.654452000E-5
1.420120000E+9	1.722364000E-5
1.420123333E+9	1.696524000E-5
1.420126667E+9	1.717262000E-5
1.420130000E+9	1.666538000E-5
1.420133333E+9	1.688922000E-5
1.420136667E+9	1.653731000E-5
1.420140000E+9	1.677296000E-5
1.420143333E+9	1.663085000E-5
1.420146667E+9	1.678573000E-5
1.420150000E+9	1.726564000E-5
1.420153333E+9	1.693851000E-5
1.420156667E+9	1.693220000E-5
1.420160000E+9	1.697470000E-5
1.420163333E+9	1.749983000E-5
1.420166667E+9	1.714317000E-5
1.420170000E+9	1.727561000E-5
1.420173333E+9	1.713405000E-5
1.420176667E+9	1.696509000E-5
1.420180000E+9	1.702080000E-5
1.420183333E+9	1.728785000E-5
1.420186667E+9	1.735254000E-5
1.420190000E+9	1.745727000E-5
1.420193333E+9	1.747334000E-5
1.420196667E+9	1.769832000E-5
1.420200000E+9	1.731062000E-5
1.420203333E+9	1.748548000E-5
1.420206667E+9	1.761161000E-5
1.420210000E+9	1.747489000E-5
1.420213333E+9	1.753187000E-5
1.420216667E+9	1.759854000E-5
1.420220000E+9	1.765705000E-5
1.420223333E+9	1.752762000E-5
1.420226667E+9	1.750781000E-5
1.420230000E+9	1.733421000E-5
1.420233333E+9	1.781987000E-5
1.420236667E+9	1.753287000E-5
1.420240000E+9	1.785224000E-5
1.420243333E+9	1.718363000E-5
1.420246667E+9	1.750068000E-5
1.420250000E+9	1.756686000E-5
1.420253333E+9	1.737624000E-5
1.420256667E+9	1.765257000E-5
1.420260000E+9	1.748737000E-5
1.420263333E+9	1.735889000E-5
1.420266667E+9	1.755743000E-5
1.420270000E+9	1.748009000E-5
1.420273333E+9	1.734894000E-5
1.420276667E+9	1.746881000E-5
1.420280000E+9	1.716497000E-5
1.420283333E+9	1.777237000E-5
1.420286667E+9	1.764126000E-5
1.420290000E+9	1.765345000E-5
1.420293333E+9	1.780847000E-5
1.420296667E+9	1.755244000E-5
1.420300000E+9	1.754610000E-5
1.420303333E+9	1.719054000E-5
1.420306667E+9	1.740122000E-5
1.420310000E+9	1.824311000E-5
1.420313333E+9	1.762142000E-5
1.420316667E+9	1.743376000E-5
1.420320000E+9	1.778414000E-5
1.420323333E+9	1.735256000E-5
1.420326667E+9	1.753395000E-5
1.420330000E+9	1.805379000E-5
1.420333333E+9	1.835359000E-5
1.420336667E+9	1.809060000E-5
1.420340000E+9	1.814471000E-5
1.420343333E+9	1.808119000E-5
1.420346667E+9	1.834245000E-5
1.420350000E+9	1.757618000E-5
1.420353333E+9	1.746841000E-5
1.420356667E+9	1.719101000E-5
1.420360000E+9	1.721738000E-5
1.420363333E+9	1.714075000E-5
1.420366667E+9	1.706245000E-5
1.420370000E+9	1.738147000E-5
1.420373333E+9	1.681462000E-5
1.420376667E+9	1.678295000E-5
1.420380000E+9	1.673965000E-5
1.420383333E+9	1.709493000E-5
1.420386667E+9	1.650335000E-5
1.420390000E+9	1.613365000E-5
1.420393333E+9	1.627147000E-5
1.420396667E+9	1.587236000E-5
1.420400000E+9	1.614698000E-5
1.420403333E+9	1.628757000E-5
1.420406667E+9	1.606311000E-5
1.420410000E+9	1.634199000E-5
1.420413333E+9	1.649611000E-5
1.420416667E+9	1.610889000E-5
1.420420000E+9	1.625757000E-5
1.420423333E+9	1.631118000E-5
1.420426667E+9	1.617920000E-5
1.420430000E+9	1.633713000E-5
1.420433333E+9	1.629387000E-5
1.420436667E+9	1.626875000E-5
1.420440000E+9	1.667910000E-5
1.420443333E+9	1.649612000E-5
1.420446667E+9	1.634965000E-5
1.420450000E+9	1.634955000E-5
1.420453333E+9	1.620436000E-5
1.420456667E+9	1.643915000E-5
1.420460000E+9	1.610383000E-5
1.420463333E+9	1.644289000E-5
1.420466667E+9	1.621178000E-5
1.420470000E+9	1.653740000E-5
1.420473333E+9	1.623226000E-5
1.420476667E+9	1.616548000E-5
1.420480000E+9	1.635105000E-5
1.420483333E+9	1.640722000E-5
1.420486667E+9	1.642905000E-5
1.420490000E+9	1.626629000E-5
1.420493333E+9	1.690007000E-5
1.420496667E+9	1.621632000E-5
1.420500000E+9	1.621433000E-5
1.420503333E+9	1.613868000E-5
1.420506667E+9	1.660855000E-5
1.420510000E+9	1.651996000E-5
1.420513333E+9	1.662250000E-5
1.420516667E+9	1.622800000E-5
1.420520000E+9	1.643843000E-5
1.420523333E+9	1.667030000E-5
1.420526667E+9	1.658852000E-5
1.420530000E+9	1.673053000E-5
1.420533333E+9	1.655578000E-5
1.420536667E+9	1.650808000E-5
1.420540000E+9	1.671118000E-5
1.420543333E+9	1.673340000E-5
1.420546667E+9	1.616718000E-5
1.420550000E+9	1.672223000E-5
1.420553333E+9	1.680157000E-5
1.420556667E+9	1.621342000E-5
1.420560000E+9	1.686422000E-5
1.420563333E+9	1.668231000E-5
1.420566667E+9	1.671665000E-5
1.420570000E+9	1.652311000E-5
1.420573333E+9	1.609209000E-5
1.420576667E+9	1.623879000E-5
1.420580000E+9	1.621030000E-5
1.420583333E+9	1.608526000E-5
1.420586667E+9	1.619801000E-5
1.420590000E+9	1.620087000E-5
1.420593333E+9	1.656973000E-5
1.420596667E+9	1.647364000E-5
1.420600000E+9	1.631300000E-5
1.420603333E+9	1.680659000E-5
1.420606667E+9	1.693687000E-5
1.420610000E+9	1.677271000E-5
1.420613333E+9	1.685593000E-5
1.420616667E+9	1.622123000E-5
1.420620000E+9	1.699562000E-5
1.420623333E+9	1.742676000E-5
1.420626667E+9	1.759449000E-5
1.420630000E+9	1.690254000E-5
1.420633333E+9	1.686909000E-5
1.420636667E+9	1.673678000E-5
1.420640000E+9	1.652261000E-5
1.420643333E+9	1.755657000E-5
1.420646667E+9	1.621675000E-5
1.420650000E+9	1.638682000E-5
1.420653333E+9	1.646471000E-5
1.420656667E+9	1.638873000E-5
1.420660000E+9	1.642611000E-5
1.420663333E+9	1.628811000E-5
1.420666667E+9	1.590888000E-5
1.420670000E+9	1.661498000E-5
1.420673333E+9	1.618915000E-5
1.420676667E+9	1.572520000E-5
1.420680000E+9	1.627945000E-5
1.420683333E+9	1.624280000E-5
1.420686667E+9	1.637883000E-5
1.420690000E+9	1.623337000E-5
1.420693333E+9	1.616976000E-5
1.420696667E+9	1.622077000E-5
1.420700000E+9	1.602629000E-5
1.420703333E+9	1.632865000E-5
1.420706667E+9	1.641075000E-5
1.420710000E+9	1.652785000E-5
1.420713333E+9	1.589479000E-5
1.420716667E+9	1.610956000E-5
1.420720000E+9	1.618772000E-5
1.420723333E+9	1.599971000E-5
1.420726667E+9	1.619299000E-5
1.420730000E+9	1.593363000E-5
1.420733333E+9	1.597287000E-5
1.420736667E+9	1.625004000E-5
1.420740000E+9	1.598508000E-5
1.420743333E+9	1.576115000E-5
1.420746667E+9	1.591984000E-5
1.420750000E+9	1.599445000E-5
1.420753333E+9	1.641522000E-5
1.420756667E+9	1.676098000E-5
1.420760000E+9	1.589427000E-5
1.420763333E+9	1.594902000E-5
1.420766667E+9	1.584734000E-5
1.420770000E+9	1.594238000E-5
1.420773333E+9	1.606523000E-5
1.420776667E+9	1.615237000E-5
1.420780000E+9	1.594343000E-5
1.420783333E+9	1.597890000E-5
1.420786667E+9	1.633139000E-5
1.420790000E+9	1.621456000E-5
1.420793333E+9	1.715057000E-5
1.420796667E+9	1.569713000E-5
1.420800000E+9	1.583984000E-5
1.420803333E+9	1.608501000E-5
1.420806667E+9	1.595597000E-5
1.420810000E+9	1.608771000E-5
1.420813333E+9	1.618924000E-5
1.420816667E+9	1.601283000E-5
1.420820000E+9	1.619540000E-5
1.420823333E+9	1.642777000E-5
1.420826667E+9	1.568967000E-5
1.420830000E+9	1.623517000E-5
1.420833333E+9	1.600088000E-5
1.420836667E+9	1.602814000E-5
1.420840000E+9	1.579896000E-5
1.420843333E+9	1.592693000E-5
1.420846667E+9	1.600512000E-5
1.420850000E+9	1.602150000E-5
1.420853333E+9	1.599814000E-5
1.420856667E+9	1.582187000E-5
1.420860000E+9	1.606773000E-5
1.420863333E+9	1.603365000E-5
1.420866667E+9	1.640979000E-5
1.420870000E+9	1.599005000E-5
1.420873333E+9	1.577176000E-5
1.420876667E+9	1.616399000E-5
1.420880000E+9	1.617109000E-5
1.420883333E+9	1.672658000E-5
1.420886667E+9	1.630317000E-5
1.420890000E+9	1.597682000E-5
1.420893333E+9	1.618222000E-5
1.420896667E+9	1.571491000E-5
1.420900000E+9	1.630702000E-5
1.420903333E+9	1.702065000E-5
1.420906667E+9	1.740385000E-5
1.420910000E+9	1.608897000E-5
1.420913333E+9	1.732979000E-5
1.420916667E+9	1.837331000E-5
1.420920000E+9	1.894145000E-5
1.420923333E+9	1.604413000E-5
1.420926667E+9	1.586874000E-5
1.420930000E+9	1.592050000E-5
1.420933333E+9	1.582114000E-5
1.420936667E+9	1.613447000E-5
1.420940000E+9	1.682829000E-5
1.420943333E+9	1.719099000E-5
1.420946667E+9	1.595208000E-5
1.420950000E+9	1.591112000E-5
1.420953333E+9	1.629399000E-5
1.420956667E+9	1.587191000E-5
1.420960000E+9	1.613425000E-5
1.420963333E+9	1.597697000E-5
1.420966667E+9	1.600403000E-5
1.420970000E+9	1.626157000E-5
1.420973333E+9	1.608685000E-5
1.420976667E+9	1.622724000E-5
1.420980000E+9	1.663258000E-5
1.420983333E+9	1.626350000E-5
1.420986667E+9	1.637552000E-5
1.420990000E+9	1.629310000E-5
1.420993333E+9	1.588314000E-5
1.420996667E+9	1.584831000E-5
1.421000000E+9	1.645739000E-5
1.421003333E+9	1.587533000E-5
1.421006667E+9	1.613900000E-5
1.421010000E+9	1.634560000E-5
1.421013333E+9	1.598418000E-5
1.421016667E+9	1.637010000E-5
1.421020000E+9	1.578197000E-5
1.421023333E+9	1.582661000E-5
1.421026667E+9	1.614501000E-5
1.421030000E+9	1.598994000E-5
1.421033333E+9	1.591578000E-5
1.421036667E+9	1.613505000E-5
1.421040000E+9	1.609810000E-5
1.421043333E+9	1.610653000E-5
1.421046667E+9	1.591269000E-5
1.421050000E+9	1.618866000E-5
1.421053333E+9	1.678225000E-5
1.421056667E+9	1.629503000E-5
1.421060000E+9	1.590420000E-5
1.421063333E+9	1.590892000E-5
1.421066667E+9	1.573608000E-5
1.421070000E+9	1.634666000E-5
1.421073333E+9	1.611009000E-5
1.421076667E+9	1.584920000E-5
1.421080000E+9	1.568103000E-5
1.421083333E+9	1.583730000E-5
1.421086667E+9	1.594891000E-5
1.421090000E+9	1.675599000E-5
1.421093333E+9	1.660492000E-5
1.421096667E+9	1.624960000E-5
1.421100000E+9	1.581812000E-5
1.421103333E+9	1.591935000E-5
1.421106667E+9	1.575781000E-5
1.421110000E+9	1.608278000E-5
1.421113333E+9	1.616431000E-5
1.421116667E+9	1.602052000E-5
1.421120000E+9	1.601018000E-5
1.421123333E+9	1.606325000E-5
1.421126667E+9	1.644717000E-5
1.421130000E+9	1.580027000E-5
1.421133333E+9	1.611218000E-5
1.421136667E+9	1.595061000E-5
1.421140000E+9	1.624059000E-5
1.421143333E+9	1.610636000E-5
1.421146667E+9	1.601101000E-5
1.421150000E+9	1.560225000E-5
1.421153333E+9	1.589493000E-5
1.421156667E+9	1.587398000E-5
1.421160000E+9	1.577989000E-5
1.421163333E+9	1.618013000E-5
1.421166667E+9	1.651321000E-5
1.421170000E+9	1.601120000E-5
1.421173333E+9	1.591285000E-5
1.421176667E+9	1.600884000E-5
1.421180000E+9	1.633092000E-5
1.421183333E+9	1.586236000E-5
1.421186667E+9	1.604742000E-5
1.421190000E+9	1.577511000E-5
1.421193333E+9	1.619219000E-5
1.421196667E+9	1.624655000E-5
1.421200000E+9	1.605979000E-5
1.421203333E+9	1.618338000E-5
1.421206667E+9	1.657956000E-5
1.421210000E+9	1.684548000E-5
1.421213333E+9	1.719756000E-5
1.421216667E+9	1.627011000E-5
1.421220000E+9	1.626225000E-5
1.421223333E+9	1.602017000E-5
1.421226667E+9	1.616976000E-5
1.421230000E+9	1.597008000E-5
1.421233333E+9	1.595991000E-5
1.421236667E+9	1.590170000E-5
1.421240000E+9	1.632544000E-5
1.421243333E+9	1.594415000E-5
1.421246667E+9	1.574470000E-5
1.421250000E+9	1.618329000E-5
1.421253333E+9	1.583280000E-5
1.421256667E+9	1.551552000E-5
1.421260000E+9	1.576056000E-5
1.421263333E+9	1.588633000E-5
1.421266667E+9	1.553632000E-5
1.421270000E+9	1.577474000E-5
1.421273333E+9	1.620463000E-5
1.421276667E+9	1.597773000E-5
1.421280000E+9	1.598227000E-5
1.421283333E+9	1.630972000E-5
1.421286667E+9	1.607581000E-5
1.421290000E+9	1.570703000E-5
1.421293333E+9	1.577459000E-5
1.421296667E+9	1.600310000E-5
1.421300000E+9	1.614375000E-5
1.421303333E+9	1.602664000E-5
1.421306667E+9	1.596901000E-5
1.421310000E+9	1.615340000E-5
1.421313333E+9	1.640143000E-5
1.421316667E+9	1.612724000E-5
1.421320000E+9	1.599944000E-5
1.421323333E+9	1.600132000E-5
1.421326667E+9	1.596959000E-5
1.421330000E+9	1.585921000E-5
1.421333333E+9	1.570898000E-5
1.421336667E+9	1.617897000E-5
1.421340000E+9	1.594385000E-5
1.421343333E+9	1.611476000E-5
1.421346667E+9	1.602888000E-5
1.421350000E+9	1.597141000E-5
1.421353333E+9	1.625233000E-5
1.421356667E+9	1.607641000E-5
1.421360000E+9	1.565354000E-5
1.421363333E+9	1.599835000E-5
1.421366667E+9	1.683812000E-5
1.421370000E+9	1.605990000E-5
1.421373333E+9	1.560792000E-5
1.421376667E+9	1.594191000E-5
1.421380000E+9	1.578545000E-5
1.421383333E+9	1.604523000E-5
1.421386667E+9	1.588921000E-5
1.421390000E+9	1.651700000E-5
1.421393333E+9	1.574889000E-5
1.421396667E+9	1.598489000E-5
1.421400000E+9	1.580722000E-5
