Frequency, Hz	Amplitude, Volts
1.419400000E+9	1.460773000E-5
1.419403333E+9	1.454397000E-5
1.419406667E+9	1.473979000E-5
1.419410000E+9	1.503131000E-5
1.419413333E+9	1.624576000E-5
1.419416667E+9	1.514688000E-5
1.419420000E+9	1.477138000E-5
1.419423333E+9	1.473038000E-5
1.419426667E+9	1.483985000E-5
1.419430000E+9	1.496213000E-5
1.419433333E+9	1.472840000E-5
1.419436667E+9	1.499544000E-5
1.419440000E+9	1.480909000E-5
1.419443333E+9	1.488426000E-5
1.419446667E+9	1.477883000E-5
1.419450000E+9	1.464016000E-5
1.419453333E+9	1.491149000E-5
1.419456667E+9	1.495323000E-5
1.419460000E+9	1.473377000E-5
1.419463333E+9	1.466615000E-5
1.419466667E+9	1.491757000E-5
1.419470000E+9	1.448525000E-5
1.419473333E+9	1.448027000E-5
1.419476667E+9	1.467253000E-5
1.419480000E+9	1.500418000E-5
1.419483333E+9	1.476650000E-5
1.419486667E+9	1.486343000E-5
1.419490000E+9	1.492543000E-5
1.419493333E+9	1.483645000E-5
1.419496667E+9	1.480348000E-5
1.419500000E+9	1.494045000E-5
1.419503333E+9	1.485596000E-5
1.419506667E+9	1.467939000E-5
1.419510000E+9	1.483679000E-5
1.419513333E+9	1.446152000E-5
1.419516667E+9	1.484277000E-5
1.419520000E+9	1.480977000E-5
1.419523333E+9	1.484249000E-5
1.419526667E+9	1.506794000E-5
1.419530000E+9	1.486604000E-5
1.419533333E+9	1.489097000E-5
1.419536667E+9	1.510468000E-5
1.419540000E+9	1.476618000E-5
1.419543333E+9	1.462858000E-5
1.419546667E+9	1.478078000E-5
1.419550000E+9	1.471232000E-5
1.419553333E+9	1.489364000E-5
1.419556667E+9	1.472405000E-5
1.419560000E+9	1.459303000E-5
1.419563333E+9	1.460993000E-5
1.419566667E+9	1.472129000E-5
1.419570000E+9	1.487008000E-5
1.419573333E+9	1.469623000E-5
1.419576667E+9	1.473512000E-5
1.419580000E+9	1.485299000E-5
1.419583333E+9	1.455789000E-5
1.419586667E+9	1.484544000E-5
1.419590000E+9	1.478742000E-5
1.419593333E+9	1.469087000E-5
1.419596667E+9	1.461816000E-5
1.419600000E+9	1.497910000E-5
1.419603333E+9	1.492594000E-5
1.419606667E+9	1.474473000E-5
1.419610000E+9	1.482606000E-5
1.419613333E+9	1.500104000E-5
1.419616667E+9	1.457343000E-5
1.419620000E+9	1.463414000E-5
1.419623333E+9	1.472488000E-5
1.419626667E+9	1.489424000E-5
1.419630000E+9	1.488427000E-5
1.419633333E+9	1.487568000E-5
1.419636667E+9	1.478248000E-5
1.419640000E+9	1.513858000E-5
1.419643333E+9	1.484807000E-5
1.419646667E+9	1.493138000E-5
1.419650000E+9	1.494795000E-5
1.419653333E+9	1.483249000E-5
1.419656667E+9	1.490741000E-5
1.419660000E+9	1.502401000E-5
1.419663333E+9	1.474348000E-5
1.419666667E+9	1.482492000E-5
1.419670000E+9	1.460861000E-5
1.419673333E+9	1.485508000E-5
1.419676667E+9	1.486846000E-5
1.419680000E+9	1.488012000E-5
1.419683333E+9	1.471633000E-5
1.419686667E+9	1.474424000E-5
1.419690000E+9	1.441096000E-5
1.419693333E+9	1.472029000E-5
1.419696667E+9	1.491598000E-5
1.419700000E+9	1.473487000E-5
1.419703333E+9	1.502419000E-5
1.419706667E+9	1.498102000E-5
1.419710000E+9	1.501824000E-5
1.419713333E+9	1.490635000E-5
1.419716667E+9	1.498058000E-5
1.419720000E+9	1.474062000E-5
1.419723333E+9	1.476334000E-5
1.419726667E+9	1.489398000E-5
1.419730000E+9	1.498252000E-5
1.419733333E+9	1.569681000E-5
1.419736667E+9	1.466053000E-5
1.419740000E+9	1.456684000E-5
1.419743333E+9	1.478686000E-5
1.419746667E+9	1.475608000E-5
1.419750000E+9	1.516322000E-5
1.419753333E+9	1.534055000E-5
1.419756667E+9	1.476368000E-5
1.419760000E+9	1.455111000E-5
1.419763333E+9	1.462768000E-5
1.419766667E+9	1.460855000E-5
1.419770000E+9	1.484383000E-5
1.419773333E+9	1.454242000E-5
1.419776667E+9	1.476472000E-5
1.419780000E+9	1.524436000E-5
1.419783333E+9	1.493354000E-5
1.419786667E+9	1.467238000E-5
1.419790000E+9	1.476843000E-5
1.419793333E+9	1.464893000E-5
1.419796667E+9	1.473898000E-5
1.419800000E+9	1.499157000E-5
1.419803333E+9	1.476671000E-5
1.419806667E+9	1.477554000E-5
1.419810000E+9	1.492987000E-5
1.419813333E+9	1.500421000E-5
1.419816667E+9	1.479242000E-5
1.419820000E+9	1.479435000E-5
1.419823333E+9	1.496164000E-5
1.419826667E+9	1.458667000E-5
1.419830000E+9	1.490481000E-5
1.419833333E+9	1.490534000E-5
1.419836667E+9	1.490262000E-5
1.419840000E+9	1.476671000E-5
1.419843333E+9	1.466758000E-5
1.419846667E+9	1.469639000E-5
1.419850000E+9	1.476114000E-5
1.419853333E+9	1.449253000E-5
1.419856667E+9	1.471357000E-5
1.419860000E+9	1.470057000E-5
1.419863333E+9	1.523275000E-5
1.419866667E+9	1.500751000E-5
1.419870000E+9	1.491738000E-5
1.419873333E+9	1.512576000E-5
1.419876667E+9	1.455571000E-5
1.419880000E+9	1.484465000E-5
1.419883333E+9	1.471589000E-5
1.419886667E+9	1.479209000E-5
1.419890000E+9	1.482284000E-5
1.419893333E+9	1.475012000E-5
1.419896667E+9	1.484748000E-5
1.419900000E+9	1.509922000E-5
1.419903333E+9	1.507194000E-5
1.419906667E+9	1.457225000E-5
1.419910000E+9	1.456332000E-5
1.419913333E+9	1.496422000E-5
1.419916667E+9	1.485040000E-5
1.419920000E+9	1.477805000E-5
1.419923333E+9	1.515781000E-5
1.419926667E+9	1.482324000E-5
1.419930000E+9	1.459438000E-5
1.419933333E+9	1.470496000E-5
1.419936667E+9	1.471853000E-5
1.419940000E+9	1.457017000E-5
1.419943333E+9	1.462299000E-5
1.419946667E+9	1.479624000E-5
1.419950000E+9	1.462699000E-5
1.419953333E+9	1.462029000E-5
1.419956667E+9	1.439646000E-5
1.419960000E+9	1.492559000E-5
1.419963333E+9	1.500420000E-5
1.419966667E+9	1.474025000E-5
1.419970000E+9	1.473740000E-5
1.419973333E+9	1.504585000E-5
1.419976667E+9	1.522660000E-5
1.419980000E+9	1.558615000E-5
1.419983333E+9	1.456164000E-5
1.419986667E+9	1.470129000E-5
1.419990000E+9	1.478862000E-5
1.419993333E+9	1.517821000E-5
1.419996667E+9	1.496057000E-5
1.420000000E+9	1.545764000E-5
1.420003333E+9	1.601130000E-5
1.420006667E+9	1.482056000E-5
1.420010000E+9	1.472659000E-5
1.420013333E+9	1.527341000E-5
1.420016667E+9	1.469700000E-5
1.420020000E+9	1.489908000E-5
1.420023333E+9	1.481701000E-5
1.420026667E+9	1.528675000E-5
1.420030000E+9	1.491816000E-5
1.420033333E+9	1.465840000E-5
1.420036667E+9	1.475991000E-5
1.420040000E+9	1.451608000E-5
1.420043333E+9	1.457514000E-5
1.420046667E+9	1.470644000E-5
1.420050000E+9	1.493203000E-5
1.420053333E+9	1.474777000E-5
1.420056667E+9	1.487001000E-5
1.420060000E+9	1.481495000E-5
1.420063333E+9	1.439982000E-5
1.420066667E+9	1.451715000E-5
1.420070000E+9	1.467862000E-5
1.420073333E+9	1.476765000E-5
1.420076667E+9	1.473222000E-5
1.420080000E+9	1.499550000E-5
1.420083333E+9	1.458425000E-5
1.420086667E+9	1.498235000E-5
1.420090000E+9	1.480799000E-5
1.420093333E+9	1.460614000E-5
1.420096667E+9	1.486742000E-5
1.420100000E+9	1.489863000E-5
1.420103333E+9	1.473123000E-5
1.420106667E+9	1.494196000E-5
1.420110000E+9	1.469858000E-5
1.420113333E+9	1.487099000E-5
1.420116667E+9	1.509462000E-5
1.420120000E+9	1.499893000E-5
1.420123333E+9	1.481296000E-5
1.420126667E+9	1.467485000E-5
1.420130000E+9	1.475148000E-5
1.420133333E+9	1.507954000E-5
1.420136667E+9	1.434174000E-5
1.420140000E+9	1.463703000E-5
1.420143333E+9	1.486343000E-5
1.420146667E+9	1.482263000E-5
1.420150000E+9	1.458312000E-5
1.420153333E+9	1.475464000E-5
1.420156667E+9	1.510319000E-5
1.420160000E+9	1.451887000E-5
1.420163333E+9	1.449818000E-5
1.420166667E+9	1.442863000E-5
1.420170000E+9	1.484973000E-5
1.420173333E+9	1.474183000E-5
1.420176667E+9	1.481226000E-5
1.420180000E+9	1.496499000E-5
1.420183333E+9	1.487032000E-5
1.420186667E+9	1.465602000E-5
1.420190000E+9	1.478251000E-5
1.420193333E+9	1.462508000E-5
1.420196667E+9	1.458882000E-5
1.420200000E+9	1.513288000E-5
1.420203333E+9	1.475628000E-5
1.420206667E+9	1.455239000E-5
1.420210000E+9	1.475887000E-5
1.420213333E+9	1.511837000E-5
1.420216667E+9	1.484823000E-5
1.420220000E+9	1.473133000E-5
1.420223333E+9	1.465214000E-5
1.420226667E+9	1.491149000E-5
1.420230000E+9	1.497643000E-5
1.420233333E+9	1.515330000E-5
1.420236667E+9	1.507615000E-5
1.420240000E+9	1.457375000E-5
1.420243333E+9	1.470523000E-5
1.420246667E+9	1.467365000E-5
1.420250000E+9	1.458550000E-5
1.420253333E+9	1.459213000E-5
1.420256667E+9	1.471992000E-5
1.420260000E+9	1.446992000E-5
1.420263333E+9	1.487881000E-5
1.420266667E+9	1.530417000E-5
1.420270000E+9	1.485498000E-5
1.420273333E+9	1.481545000E-5
1.420276667E+9	1.482611000E-5
1.420280000E+9	1.477453000E-5
1.420283333E+9	1.467961000E-5
1.420286667E+9	1.462228000E-5
1.420290000E+9	1.486730000E-5
1.420293333E+9	1.491288000E-5
1.420296667E+9	1.617180000E-5
1.420300000E+9	1.473659000E-5
1.420303333E+9	1.486954000E-5
1.420306667E+9	1.477388000E-5
1.420310000E+9	1.491596000E-5
1.420313333E+9	1.528397000E-5
1.420316667E+9	1.479789000E-5
1.420320000E+9	1.496662000E-5
1.420323333E+9	1.450880000E-5
1.420326667E+9	1.473264000E-5
1.420330000E+9	1.499045000E-5
1.420333333E+9	1.471072000E-5
1.420336667E+9	1.500978000E-5
1.420340000E+9	1.489449000E-5
1.420343333E+9	1.497041000E-5
1.420346667E+9	1.488499000E-5
1.420350000E+9	1.498510000E-5
1.420353333E+9	1.470310000E-5
1.420356667E+9	1.467557000E-5
1.420360000E+9	1.470279000E-5
1.420363333E+9	1.473923000E-5
1.420366667E+9	1.464963000E-5
1.420370000E+9	1.485159000E-5
1.420373333E+9	1.492318000E-5
1.420376667E+9	1.497212000E-5
1.420380000E+9	1.505183000E-5
1.420383333E+9	1.492109000E-5
1.420386667E+9	1.507307000E-5
1.420390000E+9	1.477489000E-5
1.420393333E+9	1.480379000E-5
1.420396667E+9	1.489637000E-5
1.420400000E+9	1.506374000E-5
1.420403333E+9	1.487777000E-5
1.420406667E+9	1.497249000E-5
1.420410000E+9	1.484590000E-5
1.420413333E+9	1.487653000E-5
1.420416667E+9	1.528732000E-5
1.420420000E+9	1.515674000E-5
1.420423333E+9	1.527750000E-5
1.420426667E+9	1.522252000E-5
1.420430000E+9	1.545457000E-5
1.420433333E+9	1.546658000E-5
1.420436667E+9	1.556008000E-5
1.420440000E+9	1.564330000E-5
1.420443333E+9	1.566772000E-5
1.420446667E+9	1.616250000E-5
1.420450000E+9	1.598382000E-5
1.420453333E+9	1.616077000E-5
1.420456667E+9	1.638131000E-5
1.420460000E+9	1.630822000E-5
1.420463333E+9	1.673524000E-5
1.420466667E+9	1.673072000E-5
1.420470000E+9	1.668321000E-5
1.420473333E+9	1.653713000E-5
1.420476667E+9	1.674261000E-5
1.420480000E+9	1.656853000E-5
1.420483333E+9	1.672607000E-5
1.420486667E+9	1.663704000E-5
1.420490000E+9	1.671966000E-5
1.420493333E+9	1.685006000E-5
1.420496667E+9	1.697910000E-5
1.420500000E+9	1.681829000E-5
1.420503333E+9	1.635831000E-5
1.420506667E+9	1.620505000E-5
1.420510000E+9	1.641031000E-5
1.420513333E+9	1.576470000E-5
1.420516667E+9	1.643745000E-5
1.420520000E+9	1.622088000E-5
1.420523333E+9	1.583139000E-5
1.420526667E+9	1.594048000E-5
1.420530000E+9	1.618670000E-5
1.420533333E+9	1.577197000E-5
1.420536667E+9	1.604379000E-5
1.420540000E+9	1.543602000E-5
1.420543333E+9	1.571137000E-5
1.420546667E+9	1.587742000E-5
1.420550000E+9	1.605267000E-5
1.420553333E+9	1.580427000E-5
1.420556667E+9	1.574361000E-5
1.420560000E+9	1.592720000E-5
1.420563333E+9	1.582368000E-5
1.420566667E+9	1.558229000E-5
1.420570000E+9	1.593339000E-5
1.420573333E+9	1.588966000E-5
1.420576667E+9	1.628779000E-5
1.420580000E+9	1.585897000E-5
1.420583333E+9	1.584704000E-5
1.420586667E+9	1.574877000E-5
1.420590000E+9	1.596514000E-5
1.420593333E+9	1.561425000E-5
1.420596667E+9	1.528081000E-5
1.420600000E+9	1.594807000E-5
1.420603333E+9	1.584866000E-5
1.420606667E+9	1.585505000E-5
1.420610000E+9	1.597215000E-5
1.420613333E+9	1.567023000E-5
1.420616667E+9	1.564472000E-5
1.420620000E+9	1.603442000E-5
1.420623333E+9	1.579798000E-5
1.420626667E+9	1.571303000E-5
1.420630000E+9	1.583447000E-5
1.420633333E+9	1.570289000E-5
1.420636667E+9	1.591652000E-5
1.420640000E+9	1.536687000E-5
1.420643333E+9	1.580600000E-5
1.420646667E+9	1.639747000E-5
1.420650000E+9	1.567748000E-5
1.420653333E+9	1.585408000E-5
1.420656667E+9	1.584651000E-5
1.420660000E+9	1.600001000E-5
1.420663333E+9	1.584071000E-5
1.420666667E+9	1.582762000E-5
1.420670000E+9	1.602815000E-5
1.420673333E+9	1.589813000E-5
1.420676667E+9	1.587107000E-5
1.420680000E+9	1.594557000E-5
1.420683333E+9	1.589336000E-5
1.420686667E+9	1.590266000E-5
1.420690000E+9	1.594611000E-5
1.420693333E+9	1.622198000E-5
1.420696667E+9	1.588139000E-5
1.420700000E+9	1.583306000E-5
1.420703333E+9	1.580138000E-5
1.420706667E+9	1.582986000E-5
1.420710000E+9	1.603740000E-5
1.420713333E+9	1.599553000E-5
1.420716667E+9	1.583405000E-5
1.420720000E+9	1.628841000E-5
1.420723333E+9	1.606013000E-5
1.420726667E+9	1.583119000E-5
1.420730000E+9	1.603997000E-5
1.420733333E+9	1.610963000E-5
1.420736667E+9	1.615568000E-5
1.420740000E+9	1.631444000E-5
1.420743333E+9	1.601612000E-5
1.420746667E+9	1.597478000E-5
1.420750000E+9	1.583449000E-5
1.420753333E+9	1.593043000E-5
1.420756667E+9	1.627626000E-5
1.420760000E+9	1.625145000E-5
1.420763333E+9	1.606833000E-5
1.420766667E+9	1.592235000E-5
1.420770000E+9	1.626745000E-5
1.420773333E+9	1.610641000E-5
1.420776667E+9	1.616296000E-5
1.420780000E+9	1.616974000E-5
1.420783333E+9	1.609877000E-5
1.420786667E+9	1.615372000E-5
1.420790000E+9	1.604455000E-5
1.420793333E+9	1.615930000E-5
1.420796667E+9	1.644175000E-5
1.420800000E+9	1.558605000E-5
1.420803333E+9	1.593150000E-5
1.420806667E+9	1.586745000E-5
1.420810000E+9	1.546075000E-5
1.420813333E+9	1.587386000E-5
1.420816667E+9	1.540033000E-5
1.420820000E+9	1.587555000E-5
1.420823333E+9	1.572311000E-5
1.420826667E+9	1.540199000E-5
1.420830000E+9	1.546981000E-5
1.420833333E+9	1.598524000E-5
1.420836667E+9	1.525315000E-5
1.420840000E+9	1.530054000E-5
1.420843333E+9	1.521196000E-5
1.420846667E+9	1.517834000E-5
1.420850000E+9	1.506046000E-5
1.420853333E+9	1.523429000E-5
1.420856667E+9	1.535217000E-5
1.420860000E+9	1.503913000E-5
1.420863333E+9	1.530047000E-5
1.420866667E+9	1.522700000E-5
1.420870000E+9	1.527623000E-5
1.420873333E+9	1.500949000E-5
1.420876667E+9	1.490496000E-5
1.420880000E+9	1.505286000E-5
1.420883333E+9	1.757539000E-5
1.420886667E+9	1.672583000E-5
1.420890000E+9	1.517018000E-5
1.420893333E+9	1.545553000E-5
1.420896667E+9	1.549033000E-5
1.420900000E+9	1.540048000E-5
1.420903333E+9	1.548281000E-5
1.420906667E+9	1.596664000E-5
1.420910000E+9	1.559627000E-5
1.420913333E+9	1.524559000E-5
1.420916667E+9	1.533757000E-5
1.420920000E+9	1.528386000E-5
1.420923333E+9	1.547374000E-5
1.420926667E+9	1.544202000E-5
1.420930000E+9	1.567800000E-5
1.420933333E+9	1.524537000E-5
1.420936667E+9	1.541119000E-5
1.420940000E+9	1.525377000E-5
1.420943333E+9	1.590933000E-5
1.420946667E+9	1.575349000E-5
1.420950000E+9	1.519156000E-5
1.420953333E+9	1.515486000E-5
1.420956667E+9	1.534376000E-5
1.420960000E+9	1.514881000E-5
1.420963333E+9	1.504721000E-5
1.420966667E+9	1.535609000E-5
1.420970000E+9	1.510655000E-5
1.420973333E+9	1.498051000E-5
1.420976667E+9	1.490255000E-5
1.420980000E+9	1.515368000E-5
1.420983333E+9	1.553064000E-5
1.420986667E+9	1.523094000E-5
1.420990000E+9	1.533363000E-5
1.420993333E+9	1.524567000E-5
1.420996667E+9	1.483459000E-5
1.421000000E+9	1.528341000E-5
1.421003333E+9	1.496637000E-5
1.421006667E+9	1.455559000E-5
1.421010000E+9	1.495850000E-5
1.421013333E+9	1.508714000E-5
1.421016667E+9	1.463075000E-5
1.421020000E+9	1.505869000E-5
1.421023333E+9	1.514031000E-5
1.421026667E+9	1.466869000E-5
1.421030000E+9	1.524707000E-5
1.421033333E+9	1.482471000E-5
1.421036667E+9	1.476381000E-5
1.421040000E+9	1.497017000E-5
1.421043333E+9	1.463478000E-5
1.421046667E+9	1.472882000E-5
1.421050000E+9	1.490846000E-5
1.421053333E+9	1.516240000E-5
1.421056667E+9	1.521983000E-5
1.421060000E+9	1.506561000E-5
1.421063333E+9	1.499316000E-5
1.421066667E+9	1.494253000E-5
1.421070000E+9	1.463438000E-5
1.421073333E+9	1.497951000E-5
1.421076667E+9	1.488164000E-5
1.421080000E+9	1.472740000E-5
1.421083333E+9	1.468353000E-5
1.421086667E+9	1.485989000E-5
1.421090000E+9	1.484631000E-5
1.421093333E+9	1.546742000E-5
1.421096667E+9	1.564840000E-5
1.421100000E+9	1.485655000E-5
1.421103333E+9	1.480561000E-5
1.421106667E+9	1.457932000E-5
1.421110000E+9	1.477213000E-5
1.421113333E+9	1.486622000E-5
1.421116667E+9	1.474677000E-5
1.421120000E+9	1.507936000E-5
1.421123333E+9	1.479044000E-5
1.421126667E+9	1.503258000E-5
1.421130000E+9	1.488716000E-5
1.421133333E+9	1.514285000E-5
1.421136667E+9	1.466172000E-5
1.421140000E+9	1.466025000E-5
1.421143333E+9	1.487708000E-5
1.421146667E+9	1.491897000E-5
1.421150000E+9	1.473719000E-5
1.421153333E+9	1.512941000E-5
1.421156667E+9	1.473979000E-5
1.421160000E+9	1.481338000E-5
1.421163333E+9	1.498084000E-5
1.421166667E+9	1.474630000E-5
1.421170000E+9	1.521680000E-5
1.421173333E+9	1.484536000E-5
1.421176667E+9	1.664743000E-5
1.421180000E+9	1.825202000E-5
1.421183333E+9	1.485316000E-5
1.421186667E+9	1.496971000E-5
1.421190000E+9	1.499237000E-5
1.421193333E+9	1.505661000E-5
1.421196667E+9	1.480142000E-5
1.421200000E+9	1.479237000E-5
1.421203333E+9	1.457233000E-5
1.421206667E+9	1.487927000E-5
1.421210000E+9	1.478393000E-5
1.421213333E+9	1.460787000E-5
1.421216667E+9	1.486314000E-5
1.421220000E+9	1.456420000E-5
1.421223333E+9	1.495070000E-5
1.421226667E+9	1.476503000E-5
1.421230000E+9	1.475424000E-5
1.421233333E+9	1.494463000E-5
1.421236667E+9	1.458707000E-5
1.421240000E+9	1.461626000E-5
1.421243333E+9	1.500211000E-5
1.421246667E+9	1.489781000E-5
1.421250000E+9	1.473406000E-5
1.421253333E+9	1.470336000E-5
1.421256667E+9	1.483756000E-5
1.421260000E+9	1.522533000E-5
1.421263333E+9	1.468248000E-5
1.421266667E+9	1.475637000E-5
1.421270000E+9	1.492055000E-5
1.421273333E+9	1.498861000E-5
1.421276667E+9	1.482533000E-5
1.421280000E+9	1.527093000E-5
1.421283333E+9	1.476135000E-5
1.421286667E+9	1.455950000E-5
1.421290000E+9	1.462933000E-5
1.421293333E+9	1.480360000E-5
1.421296667E+9	1.468087000E-5
1.421300000E+9	1.449950000E-5
1.421303333E+9	1.466637000E-5
1.421306667E+9	1.488254000E-5
1.421310000E+9	1.490201000E-5
1.421313333E+9	1.508151000E-5
1.421316667E+9	1.498597000E-5
1.421320000E+9	1.502530000E-5
1.421323333E+9	1.458540000E-5
1.421326667E+9	1.483625000E-5
1.421330000E+9	1.473685000E-5
1.421333333E+9	1.489060000E-5
1.421336667E+9	1.498077000E-5
1.421340000E+9	1.505342000E-5
1.421343333E+9	1.485094000E-5
1.421346667E+9	1.474280000E-5
1.421350000E+9	1.492019000E-5
1.421353333E+9	1.481582000E-5
1.421356667E+9	1.513247000E-5
1.421360000E+9	1.475720000E-5
1.421363333E+9	1.512795000E-5
1.421366667E+9	1.529236000E-5
1.421370000E+9	1.453249000E-5
1.421373333E+9	1.456857000E-5
1.421376667E+9	1.494056000E-5
1.421380000E+9	1.440022000E-5
1.421383333E+9	1.469090000E-5
1.421386667E+9	1.448486000E-5
1.421390000E+9	1.473455000E-5
1.421393333E+9	1.499323000E-5
1.421396667E+9	1.492092000E-5
1.421400000E+9	1.509089000E-5
