Frequency, Hz	Amplitude, Volts
1.419400000E+9	2.281606000E-5
1.419403333E+9	2.283688000E-5
1.419406667E+9	2.290104000E-5
1.419410000E+9	2.221666000E-5
1.419413333E+9	2.221068000E-5
1.419416667E+9	2.237996000E-5
1.419420000E+9	2.264182000E-5
1.419423333E+9	2.244721000E-5
1.419426667E+9	2.236355000E-5
1.419430000E+9	2.242694000E-5
1.419433333E+9	2.295831000E-5
1.419436667E+9	2.276244000E-5
1.419440000E+9	2.257480000E-5
1.419443333E+9	2.382687000E-5
1.419446667E+9	2.507002000E-5
1.419450000E+9	2.716433000E-5
1.419453333E+9	2.442685000E-5
1.419456667E+9	2.343281000E-5
1.419460000E+9	2.228692000E-5
1.419463333E+9	2.238059000E-5
1.419466667E+9	2.264135000E-5
1.419470000E+9	2.244320000E-5
1.419473333E+9	2.211799000E-5
1.419476667E+9	2.188557000E-5
1.419480000E+9	2.197134000E-5
1.419483333E+9	2.166719000E-5
1.419486667E+9	2.198825000E-5
1.419490000E+9	2.319216000E-5
1.419493333E+9	2.300191000E-5
1.419496667E+9	2.270204000E-5
1.419500000E+9	2.219915000E-5
1.419503333E+9	2.253119000E-5
1.419506667E+9	2.184483000E-5
1.419510000E+9	2.259265000E-5
1.419513333E+9	2.220676000E-5
1.419516667E+9	2.258581000E-5
1.419520000E+9	2.268305000E-5
1.419523333E+9	2.247291000E-5
1.419526667E+9	2.198075000E-5
1.419530000E+9	2.256080000E-5
1.419533333E+9	2.235356000E-5
1.419536667E+9	2.299919000E-5
1.419540000E+9	2.299994000E-5
1.419543333E+9	2.187099000E-5
1.419546667E+9	2.190149000E-5
1.419550000E+9	2.224531000E-5
1.419553333E+9	2.236870000E-5
1.419556667E+9	2.205944000E-5
1.419560000E+9	2.231280000E-5
1.419563333E+9	2.269227000E-5
1.419566667E+9	2.218117000E-5
1.419570000E+9	2.240198000E-5
1.419573333E+9	2.211063000E-5
1.419576667E+9	2.199523000E-5
1.419580000E+9	2.214948000E-5
1.419583333E+9	2.281358000E-5
1.419586667E+9	2.275456000E-5
1.419590000E+9	2.235866000E-5
1.419593333E+9	2.225020000E-5
1.419596667E+9	2.174015000E-5
1.419600000E+9	2.221124000E-5
1.419603333E+9	2.251049000E-5
1.419606667E+9	2.213388000E-5
1.419610000E+9	2.269289000E-5
1.419613333E+9	2.249110000E-5
1.419616667E+9	2.205954000E-5
1.419620000E+9	2.217477000E-5
1.419623333E+9	2.268370000E-5
1.419626667E+9	2.246627000E-5
1.419630000E+9	2.271802000E-5
1.419633333E+9	2.278982000E-5
1.419636667E+9	2.237571000E-5
1.419640000E+9	2.274028000E-5
1.419643333E+9	2.205445000E-5
1.419646667E+9	2.219172000E-5
1.419650000E+9	2.253505000E-5
1.419653333E+9	2.222483000E-5
1.419656667E+9	2.253849000E-5
1.419660000E+9	2.200170000E-5
1.419663333E+9	2.227205000E-5
1.419666667E+9	2.239665000E-5
1.419670000E+9	2.191960000E-5
1.419673333E+9	2.188841000E-5
1.419676667E+9	2.266139000E-5
1.419680000E+9	2.287628000E-5
1.419683333E+9	2.230305000E-5
1.419686667E+9	2.240976000E-5
1.419690000E+9	2.242780000E-5
1.419693333E+9	2.237448000E-5
1.419696667E+9	2.228418000E-5
1.419700000E+9	2.249155000E-5
1.419703333E+9	2.220754000E-5
1.419706667E+9	2.244751000E-5
1.419710000E+9	2.207584000E-5
1.419713333E+9	2.175035000E-5
1.419716667E+9	2.255877000E-5
1.419720000E+9	2.198717000E-5
1.419723333E+9	2.305015000E-5
1.419726667E+9	2.303052000E-5
1.419730000E+9	2.226383000E-5
1.419733333E+9	2.342962000E-5
1.419736667E+9	2.363054000E-5
1.419740000E+9	2.449359000E-5
1.419743333E+9	2.626188000E-5
1.419746667E+9	2.452467000E-5
1.419750000E+9	2.286222000E-5
1.419753333E+9	2.271849000E-5
1.419756667E+9	2.179558000E-5
1.419760000E+9	2.198980000E-5
1.419763333E+9	2.164800000E-5
1.419766667E+9	2.207883000E-5
1.419770000E+9	2.289792000E-5
1.419773333E+9	2.266906000E-5
1.419776667E+9	2.220829000E-5
1.419780000E+9	2.247481000E-5
1.419783333E+9	2.203587000E-5
1.419786667E+9	2.223872000E-5
1.419790000E+9	2.220856000E-5
1.419793333E+9	2.243800000E-5
1.419796667E+9	2.211175000E-5
1.419800000E+9	2.268811000E-5
1.419803333E+9	2.235731000E-5
1.419806667E+9	2.203978000E-5
1.419810000E+9	2.227080000E-5
1.419813333E+9	2.239967000E-5
1.419816667E+9	2.261352000E-5
1.419820000E+9	2.268228000E-5
1.419823333E+9	2.207199000E-5
1.419826667E+9	2.238027000E-5
1.419830000E+9	2.213587000E-5
1.419833333E+9	2.208736000E-5
1.419836667E+9	2.235645000E-5
1.419840000E+9	2.262062000E-5
1.419843333E+9	2.228032000E-5
1.419846667E+9	2.227146000E-5
1.419850000E+9	2.253436000E-5
1.419853333E+9	2.222190000E-5
1.419856667E+9	2.197696000E-5
1.419860000E+9	2.285299000E-5
1.419863333E+9	2.245411000E-5
1.419866667E+9	2.270622000E-5
1.419870000E+9	2.283375000E-5
1.419873333E+9	2.235388000E-5
1.419876667E+9	2.215508000E-5
1.419880000E+9	2.234433000E-5
1.419883333E+9	2.193145000E-5
1.419886667E+9	2.274869000E-5
1.419890000E+9	2.210364000E-5
1.419893333E+9	2.271101000E-5
1.419896667E+9	2.194920000E-5
1.419900000E+9	2.226256000E-5
1.419903333E+9	2.213375000E-5
1.419906667E+9	2.222339000E-5
1.419910000E+9	2.270652000E-5
1.419913333E+9	2.236919000E-5
1.419916667E+9	2.201108000E-5
1.419920000E+9	2.216685000E-5
1.419923333E+9	2.264097000E-5
1.419926667E+9	2.213106000E-5
1.419930000E+9	2.215345000E-5
1.419933333E+9	2.230886000E-5
1.419936667E+9	2.230687000E-5
1.419940000E+9	2.169921000E-5
1.419943333E+9	2.233611000E-5
1.419946667E+9	2.196962000E-5
1.419950000E+9	2.195417000E-5
1.419953333E+9	2.222922000E-5
1.419956667E+9	2.237052000E-5
1.419960000E+9	2.234080000E-5
1.419963333E+9	2.203669000E-5
1.419966667E+9	2.257901000E-5
1.419970000E+9	2.230229000E-5
1.419973333E+9	2.249722000E-5
1.419976667E+9	2.206535000E-5
1.419980000E+9	2.242241000E-5
1.419983333E+9	2.211112000E-5
1.419986667E+9	2.260101000E-5
1.419990000E+9	2.224048000E-5
1.419993333E+9	2.214844000E-5
1.419996667E+9	2.233641000E-5
1.420000000E+9	2.228477000E-5
1.420003333E+9	2.229373000E-5
1.420006667E+9	2.230457000E-5
1.420010000E+9	2.273561000E-5
1.420013333E+9	2.231956000E-5
1.420016667E+9	2.247750000E-5
1.420020000E+9	2.255228000E-5
1.420023333E+9	2.175063000E-5
1.420026667E+9	2.250254000E-5
1.420030000E+9	2.316528000E-5
1.420033333E+9	2.399503000E-5
1.420036667E+9	2.498242000E-5
1.420040000E+9	2.402740000E-5
1.420043333E+9	2.278889000E-5
1.420046667E+9	2.186869000E-5
1.420050000E+9	2.226767000E-5
1.420053333E+9	2.228807000E-5
1.420056667E+9	2.210745000E-5
1.420060000E+9	2.238984000E-5
1.420063333E+9	2.174853000E-5
1.420066667E+9	2.192846000E-5
1.420070000E+9	2.156731000E-5
1.420073333E+9	2.208450000E-5
1.420076667E+9	2.184695000E-5
1.420080000E+9	2.189709000E-5
1.420083333E+9	2.218606000E-5
1.420086667E+9	2.179347000E-5
1.420090000E+9	2.150498000E-5
1.420093333E+9	2.204782000E-5
1.420096667E+9	2.281248000E-5
1.420100000E+9	2.232868000E-5
1.420103333E+9	2.214105000E-5
1.420106667E+9	2.211248000E-5
1.420110000E+9	2.142026000E-5
1.420113333E+9	2.194055000E-5
1.420116667E+9	2.182673000E-5
1.420120000E+9	2.220805000E-5
1.420123333E+9	2.229554000E-5
1.420126667E+9	2.224009000E-5
1.420130000E+9	2.160355000E-5
1.420133333E+9	2.178505000E-5
1.420136667E+9	2.200480000E-5
1.420140000E+9	2.216822000E-5
1.420143333E+9	2.218602000E-5
1.420146667E+9	2.238283000E-5
1.420150000E+9	2.198186000E-5
1.420153333E+9	2.173063000E-5
1.420156667E+9	2.167309000E-5
1.420160000E+9	2.184908000E-5
1.420163333E+9	2.204963000E-5
1.420166667E+9	2.191602000E-5
1.420170000E+9	2.204734000E-5
1.420173333E+9	2.204586000E-5
1.420176667E+9	2.160011000E-5
1.420180000E+9	2.203763000E-5
1.420183333E+9	2.178859000E-5
1.420186667E+9	2.215012000E-5
1.420190000E+9	2.259441000E-5
1.420193333E+9	2.206402000E-5
1.420196667E+9	2.139601000E-5
1.420200000E+9	2.190519000E-5
1.420203333E+9	2.151651000E-5
1.420206667E+9	2.138614000E-5
1.420210000E+9	2.204818000E-5
1.420213333E+9	2.204191000E-5
1.420216667E+9	2.176497000E-5
1.420220000E+9	2.191857000E-5
1.420223333E+9	2.142448000E-5
1.420226667E+9	2.177989000E-5
1.420230000E+9	2.176444000E-5
1.420233333E+9	2.190445000E-5
1.420236667E+9	2.222283000E-5
1.420240000E+9	2.205494000E-5
1.420243333E+9	2.187818000E-5
1.420246667E+9	2.201826000E-5
1.420250000E+9	2.196152000E-5
1.420253333E+9	2.163317000E-5
1.420256667E+9	2.210616000E-5
1.420260000E+9	2.248177000E-5
1.420263333E+9	2.218458000E-5
1.420266667E+9	2.298351000E-5
1.420270000E+9	2.194178000E-5
1.420273333E+9	2.242773000E-5
1.420276667E+9	2.257200000E-5
1.420280000E+9	2.290413000E-5
1.420283333E+9	2.266677000E-5
1.420286667E+9	2.252162000E-5
1.420290000E+9	2.283621000E-5
1.420293333E+9	2.219579000E-5
1.420296667E+9	2.252189000E-5
1.420300000E+9	2.241645000E-5
1.420303333E+9	2.245547000E-5
1.420306667E+9	2.268011000E-5
1.420310000E+9	2.253730000E-5
1.420313333E+9	2.277178000E-5
1.420316667E+9	2.226745000E-5
1.420320000E+9	2.253604000E-5
1.420323333E+9	2.319695000E-5
1.420326667E+9	2.433698000E-5
1.420330000E+9	2.547186000E-5
1.420333333E+9	2.395836000E-5
1.420336667E+9	2.263265000E-5
1.420340000E+9	2.190808000E-5
1.420343333E+9	2.235407000E-5
1.420346667E+9	2.257557000E-5
1.420350000E+9	2.273781000E-5
1.420353333E+9	2.219708000E-5
1.420356667E+9	2.228240000E-5
1.420360000E+9	2.230734000E-5
1.420363333E+9	2.186547000E-5
1.420366667E+9	2.256902000E-5
1.420370000E+9	2.195217000E-5
1.420373333E+9	2.235891000E-5
1.420376667E+9	2.244016000E-5
1.420380000E+9	2.210133000E-5
1.420383333E+9	2.178488000E-5
1.420386667E+9	2.209391000E-5
1.420390000E+9	2.234224000E-5
1.420393333E+9	2.221880000E-5
1.420396667E+9	2.236212000E-5
1.420400000E+9	2.251025000E-5
1.420403333E+9	2.219569000E-5
1.420406667E+9	2.223047000E-5
1.420410000E+9	2.237927000E-5
1.420413333E+9	2.221293000E-5
1.420416667E+9	2.272109000E-5
1.420420000E+9	2.177070000E-5
1.420423333E+9	2.232140000E-5
1.420426667E+9	2.204235000E-5
1.420430000E+9	2.235498000E-5
1.420433333E+9	2.212389000E-5
1.420436667E+9	2.262669000E-5
1.420440000E+9	2.236212000E-5
1.420443333E+9	2.156885000E-5
1.420446667E+9	2.240090000E-5
1.420450000E+9	2.206073000E-5
1.420453333E+9	2.215741000E-5
1.420456667E+9	2.209202000E-5
1.420460000E+9	2.239643000E-5
1.420463333E+9	2.205036000E-5
1.420466667E+9	2.219520000E-5
1.420470000E+9	2.244568000E-5
1.420473333E+9	2.200610000E-5
1.420476667E+9	2.183184000E-5
1.420480000E+9	2.207725000E-5
1.420483333E+9	2.195277000E-5
1.420486667E+9	2.203819000E-5
1.420490000E+9	2.229351000E-5
1.420493333E+9	2.216603000E-5
1.420496667E+9	2.208423000E-5
1.420500000E+9	2.196625000E-5
1.420503333E+9	2.184321000E-5
1.420506667E+9	2.183285000E-5
1.420510000E+9	2.255783000E-5
1.420513333E+9	2.187234000E-5
1.420516667E+9	2.192824000E-5
1.420520000E+9	2.251311000E-5
1.420523333E+9	2.193482000E-5
1.420526667E+9	2.164914000E-5
1.420530000E+9	2.216045000E-5
1.420533333E+9	2.204821000E-5
1.420536667E+9	2.159091000E-5
1.420540000E+9	2.179792000E-5
1.420543333E+9	2.193337000E-5
1.420546667E+9	2.214340000E-5
1.420550000E+9	2.236075000E-5
1.420553333E+9	2.201860000E-5
1.420556667E+9	2.197105000E-5
1.420560000E+9	2.204213000E-5
1.420563333E+9	2.258082000E-5
1.420566667E+9	2.191128000E-5
1.420570000E+9	2.167870000E-5
1.420573333E+9	2.197874000E-5
1.420576667E+9	2.137844000E-5
1.420580000E+9	2.177501000E-5
1.420583333E+9	2.162420000E-5
1.420586667E+9	2.230163000E-5
1.420590000E+9	2.226858000E-5
1.420593333E+9	2.195699000E-5
1.420596667E+9	2.196374000E-5
1.420600000E+9	2.172419000E-5
1.420603333E+9	2.280063000E-5
1.420606667E+9	2.212972000E-5
1.420610000E+9	2.252545000E-5
1.420613333E+9	2.221683000E-5
1.420616667E+9	2.376008000E-5
1.420620000E+9	2.608125000E-5
1.420623333E+9	2.555472000E-5
1.420626667E+9	2.498066000E-5
1.420630000E+9	2.212442000E-5
1.420633333E+9	2.176098000E-5
1.420636667E+9	2.195581000E-5
1.420640000E+9	2.107255000E-5
1.420643333E+9	2.188586000E-5
1.420646667E+9	2.124133000E-5
1.420650000E+9	2.136636000E-5
1.420653333E+9	2.193785000E-5
1.420656667E+9	2.250162000E-5
1.420660000E+9	2.206208000E-5
1.420663333E+9	2.172424000E-5
1.420666667E+9	2.178969000E-5
1.420670000E+9	2.170445000E-5
1.420673333E+9	2.188007000E-5
1.420676667E+9	2.164873000E-5
1.420680000E+9	2.178651000E-5
1.420683333E+9	2.234484000E-5
1.420686667E+9	2.184337000E-5
1.420690000E+9	2.170569000E-5
1.420693333E+9	2.109341000E-5
1.420696667E+9	2.212430000E-5
1.420700000E+9	2.137802000E-5
1.420703333E+9	2.190108000E-5
1.420706667E+9	2.171911000E-5
1.420710000E+9	2.130208000E-5
1.420713333E+9	2.163918000E-5
1.420716667E+9	2.176351000E-5
1.420720000E+9	2.151065000E-5
1.420723333E+9	2.149006000E-5
1.420726667E+9	2.150562000E-5
1.420730000E+9	2.167497000E-5
1.420733333E+9	2.173390000E-5
1.420736667E+9	2.169406000E-5
1.420740000E+9	2.199400000E-5
1.420743333E+9	2.148065000E-5
1.420746667E+9	2.194094000E-5
1.420750000E+9	2.179273000E-5
1.420753333E+9	2.146990000E-5
1.420756667E+9	2.117625000E-5
1.420760000E+9	2.162882000E-5
1.420763333E+9	2.171823000E-5
1.420766667E+9	2.143579000E-5
1.420770000E+9	2.200658000E-5
1.420773333E+9	2.182510000E-5
1.420776667E+9	2.184723000E-5
1.420780000E+9	2.164308000E-5
1.420783333E+9	2.143000000E-5
1.420786667E+9	2.149349000E-5
1.420790000E+9	2.145734000E-5
1.420793333E+9	2.180372000E-5
1.420796667E+9	2.150472000E-5
1.420800000E+9	2.157435000E-5
1.420803333E+9	2.184512000E-5
1.420806667E+9	2.156757000E-5
1.420810000E+9	2.153835000E-5
1.420813333E+9	2.188372000E-5
1.420816667E+9	2.173882000E-5
1.420820000E+9	2.209115000E-5
1.420823333E+9	2.145708000E-5
1.420826667E+9	2.155039000E-5
1.420830000E+9	2.149469000E-5
1.420833333E+9	2.144822000E-5
1.420836667E+9	2.177625000E-5
1.420840000E+9	2.185973000E-5
1.420843333E+9	2.157795000E-5
1.420846667E+9	2.173359000E-5
1.420850000E+9	2.133968000E-5
1.420853333E+9	2.145435000E-5
1.420856667E+9	2.108753000E-5
1.420860000E+9	2.138035000E-5
1.420863333E+9	2.201214000E-5
1.420866667E+9	2.190236000E-5
1.420870000E+9	2.106489000E-5
1.420873333E+9	2.112365000E-5
1.420876667E+9	2.152804000E-5
1.420880000E+9	2.147615000E-5
1.420883333E+9	2.192319000E-5
1.420886667E+9	2.167911000E-5
1.420890000E+9	2.207357000E-5
1.420893333E+9	2.201318000E-5
1.420896667E+9	2.191301000E-5
1.420900000E+9	2.288598000E-5
1.420903333E+9	2.153393000E-5
1.420906667E+9	2.211687000E-5
1.420910000E+9	2.525382000E-5
1.420913333E+9	3.323180000E-5
1.420916667E+9	2.970926000E-5
1.420920000E+9	2.866564000E-5
1.420923333E+9	2.198794000E-5
1.420926667E+9	2.208479000E-5
1.420930000E+9	2.150838000E-5
1.420933333E+9	2.151086000E-5
1.420936667E+9	2.192446000E-5
1.420940000E+9	2.185450000E-5
1.420943333E+9	2.184299000E-5
1.420946667E+9	2.153298000E-5
1.420950000E+9	2.204947000E-5
1.420953333E+9	2.149226000E-5
1.420956667E+9	2.158716000E-5
1.420960000E+9	2.149094000E-5
1.420963333E+9	2.155074000E-5
1.420966667E+9	2.173600000E-5
1.420970000E+9	2.162389000E-5
1.420973333E+9	2.152532000E-5
1.420976667E+9	2.148447000E-5
1.420980000E+9	2.189887000E-5
1.420983333E+9	2.258360000E-5
1.420986667E+9	2.218390000E-5
1.420990000E+9	2.151341000E-5
1.420993333E+9	2.173960000E-5
1.420996667E+9	2.176509000E-5
1.421000000E+9	2.182316000E-5
1.421003333E+9	2.199885000E-5
1.421006667E+9	2.143222000E-5
1.421010000E+9	2.121905000E-5
1.421013333E+9	2.121947000E-5
1.421016667E+9	2.157565000E-5
1.421020000E+9	2.112648000E-5
1.421023333E+9	2.130901000E-5
1.421026667E+9	2.186564000E-5
1.421030000E+9	2.200690000E-5
1.421033333E+9	2.211456000E-5
1.421036667E+9	2.146584000E-5
1.421040000E+9	2.148207000E-5
1.421043333E+9	2.132193000E-5
1.421046667E+9	2.174543000E-5
1.421050000E+9	2.141940000E-5
1.421053333E+9	2.136953000E-5
1.421056667E+9	2.138671000E-5
1.421060000E+9	2.130625000E-5
1.421063333E+9	2.152939000E-5
1.421066667E+9	2.160469000E-5
1.421070000E+9	2.122753000E-5
1.421073333E+9	2.128223000E-5
1.421076667E+9	2.166669000E-5
1.421080000E+9	2.135716000E-5
1.421083333E+9	2.149535000E-5
1.421086667E+9	2.122667000E-5
1.421090000E+9	2.149547000E-5
1.421093333E+9	2.168035000E-5
1.421096667E+9	2.184829000E-5
1.421100000E+9	2.186547000E-5
1.421103333E+9	2.216956000E-5
1.421106667E+9	2.150361000E-5
1.421110000E+9	2.149547000E-5
1.421113333E+9	2.131790000E-5
1.421116667E+9	2.189586000E-5
1.421120000E+9	2.166169000E-5
1.421123333E+9	2.160298000E-5
1.421126667E+9	2.136068000E-5
1.421130000E+9	2.162842000E-5
1.421133333E+9	2.158840000E-5
1.421136667E+9	2.155174000E-5
1.421140000E+9	2.170416000E-5
1.421143333E+9	2.161743000E-5
1.421146667E+9	2.135531000E-5
1.421150000E+9	2.135175000E-5
1.421153333E+9	2.168632000E-5
1.421156667E+9	2.158444000E-5
1.421160000E+9	2.112729000E-5
1.421163333E+9	2.165846000E-5
1.421166667E+9	2.200639000E-5
1.421170000E+9	2.158923000E-5
1.421173333E+9	2.134584000E-5
1.421176667E+9	2.136277000E-5
1.421180000E+9	2.164443000E-5
1.421183333E+9	2.128471000E-5
1.421186667E+9	2.145268000E-5
1.421190000E+9	2.189920000E-5
1.421193333E+9	2.214416000E-5
1.421196667E+9	2.092743000E-5
1.421200000E+9	2.155995000E-5
1.421203333E+9	2.321626000E-5
1.421206667E+9	2.609448000E-5
1.421210000E+9	2.415919000E-5
1.421213333E+9	2.416428000E-5
1.421216667E+9	2.194026000E-5
1.421220000E+9	2.163108000E-5
1.421223333E+9	2.165182000E-5
1.421226667E+9	2.143407000E-5
1.421230000E+9	2.116047000E-5
1.421233333E+9	2.133654000E-5
1.421236667E+9	2.118667000E-5
1.421240000E+9	2.138516000E-5
1.421243333E+9	2.133363000E-5
1.421246667E+9	2.136488000E-5
1.421250000E+9	2.122716000E-5
1.421253333E+9	2.167763000E-5
1.421256667E+9	2.140362000E-5
1.421260000E+9	2.167751000E-5
1.421263333E+9	2.164427000E-5
1.421266667E+9	2.123639000E-5
1.421270000E+9	2.157598000E-5
1.421273333E+9	2.121905000E-5
1.421276667E+9	2.190700000E-5
1.421280000E+9	2.151833000E-5
1.421283333E+9	2.210194000E-5
1.421286667E+9	2.151998000E-5
1.421290000E+9	2.151388000E-5
1.421293333E+9	2.115689000E-5
1.421296667E+9	2.169392000E-5
1.421300000E+9	2.173667000E-5
1.421303333E+9	2.147327000E-5
1.421306667E+9	2.167397000E-5
1.421310000E+9	2.182467000E-5
1.421313333E+9	2.151585000E-5
1.421316667E+9	2.120796000E-5
1.421320000E+9	2.112057000E-5
1.421323333E+9	2.170021000E-5
1.421326667E+9	2.155176000E-5
1.421330000E+9	2.179185000E-5
1.421333333E+9	2.235554000E-5
1.421336667E+9	2.156317000E-5
1.421340000E+9	2.139775000E-5
1.421343333E+9	2.186454000E-5
1.421346667E+9	2.134233000E-5
1.421350000E+9	2.166088000E-5
1.421353333E+9	2.204177000E-5
1.421356667E+9	2.176616000E-5
1.421360000E+9	2.181475000E-5
1.421363333E+9	2.194477000E-5
1.421366667E+9	2.410053000E-5
1.421370000E+9	2.201028000E-5
1.421373333E+9	2.169768000E-5
1.421376667E+9	2.163350000E-5
1.421380000E+9	2.146396000E-5
1.421383333E+9	2.174075000E-5
1.421386667E+9	2.087309000E-5
1.421390000E+9	2.140400000E-5
1.421393333E+9	2.120955000E-5
1.421396667E+9	2.159314000E-5
1.421400000E+9	2.626880000E-5
