Frequency, Hz	Amplitude, Volts
1.419400000E+9	2.248226000E-5
1.419403333E+9	2.252644000E-5
1.419406667E+9	2.222288000E-5
1.419410000E+9	2.191602000E-5
1.419413333E+9	2.266537000E-5
1.419416667E+9	2.289199000E-5
1.419420000E+9	2.202856000E-5
1.419423333E+9	2.236969000E-5
1.419426667E+9	2.233359000E-5
1.419430000E+9	2.217722000E-5
1.419433333E+9	2.224829000E-5
1.419436667E+9	2.189060000E-5
1.419440000E+9	2.241256000E-5
1.419443333E+9	2.227452000E-5
1.419446667E+9	2.340378000E-5
1.419450000E+9	2.484900000E-5
1.419453333E+9	2.335952000E-5
1.419456667E+9	2.291085000E-5
1.419460000E+9	2.224900000E-5
1.419463333E+9	2.191611000E-5
1.419466667E+9	2.220905000E-5
1.419470000E+9	2.201809000E-5
1.419473333E+9	2.229884000E-5
1.419476667E+9	2.244625000E-5
1.419480000E+9	2.254040000E-5
1.419483333E+9	2.229818000E-5
1.419486667E+9	2.197599000E-5
1.419490000E+9	2.237875000E-5
1.419493333E+9	2.226095000E-5
1.419496667E+9	2.237067000E-5
1.419500000E+9	2.171923000E-5
1.419503333E+9	2.252958000E-5
1.419506667E+9	2.237779000E-5
1.419510000E+9	2.242625000E-5
1.419513333E+9	2.235363000E-5
1.419516667E+9	2.193966000E-5
1.419520000E+9	2.213062000E-5
1.419523333E+9	2.233288000E-5
1.419526667E+9	2.261993000E-5
1.419530000E+9	2.261298000E-5
1.419533333E+9	2.155720000E-5
1.419536667E+9	2.250607000E-5
1.419540000E+9	2.264692000E-5
1.419543333E+9	2.212627000E-5
1.419546667E+9	2.209190000E-5
1.419550000E+9	2.188925000E-5
1.419553333E+9	2.216676000E-5
1.419556667E+9	2.192601000E-5
1.419560000E+9	2.198449000E-5
1.419563333E+9	2.211823000E-5
1.419566667E+9	2.199424000E-5
1.419570000E+9	2.180534000E-5
1.419573333E+9	2.191323000E-5
1.419576667E+9	2.173447000E-5
1.419580000E+9	2.220744000E-5
1.419583333E+9	2.205344000E-5
1.419586667E+9	2.177231000E-5
1.419590000E+9	2.218726000E-5
1.419593333E+9	2.263404000E-5
1.419596667E+9	2.255708000E-5
1.419600000E+9	2.231964000E-5
1.419603333E+9	2.245747000E-5
1.419606667E+9	2.205499000E-5
1.419610000E+9	2.223286000E-5
1.419613333E+9	2.260900000E-5
1.419616667E+9	2.204027000E-5
1.419620000E+9	2.224375000E-5
1.419623333E+9	2.184532000E-5
1.419626667E+9	2.159952000E-5
1.419630000E+9	2.213315000E-5
1.419633333E+9	2.189658000E-5
1.419636667E+9	2.184675000E-5
1.419640000E+9	2.208305000E-5
1.419643333E+9	2.235360000E-5
1.419646667E+9	2.229377000E-5
1.419650000E+9	2.241692000E-5
1.419653333E+9	2.198627000E-5
1.419656667E+9	2.213436000E-5
1.419660000E+9	2.175283000E-5
1.419663333E+9	2.268723000E-5
1.419666667E+9	2.219642000E-5
1.419670000E+9	2.182978000E-5
1.419673333E+9	2.222456000E-5
1.419676667E+9	2.274248000E-5
1.419680000E+9	2.245135000E-5
1.419683333E+9	2.210755000E-5
1.419686667E+9	2.208591000E-5
1.419690000E+9	2.194416000E-5
1.419693333E+9	2.199574000E-5
1.419696667E+9	2.188046000E-5
1.419700000E+9	2.186326000E-5
1.419703333E+9	2.181866000E-5
1.419706667E+9	2.238853000E-5
1.419710000E+9	2.203250000E-5
1.419713333E+9	2.199666000E-5
1.419716667E+9	2.220427000E-5
1.419720000E+9	2.183711000E-5
1.419723333E+9	2.189019000E-5
1.419726667E+9	2.259364000E-5
1.419730000E+9	2.218750000E-5
1.419733333E+9	2.242349000E-5
1.419736667E+9	2.227557000E-5
1.419740000E+9	2.300040000E-5
1.419743333E+9	2.353282000E-5
1.419746667E+9	2.280296000E-5
1.419750000E+9	2.209202000E-5
1.419753333E+9	2.283134000E-5
1.419756667E+9	2.210107000E-5
1.419760000E+9	2.165287000E-5
1.419763333E+9	2.194335000E-5
1.419766667E+9	2.182038000E-5
1.419770000E+9	2.194860000E-5
1.419773333E+9	2.198082000E-5
1.419776667E+9	2.228125000E-5
1.419780000E+9	2.229906000E-5
1.419783333E+9	2.199033000E-5
1.419786667E+9	2.224101000E-5
1.419790000E+9	2.215839000E-5
1.419793333E+9	2.181444000E-5
1.419796667E+9	2.151594000E-5
1.419800000E+9	2.224211000E-5
1.419803333E+9	2.194971000E-5
1.419806667E+9	2.184105000E-5
1.419810000E+9	2.176315000E-5
1.419813333E+9	2.229559000E-5
1.419816667E+9	2.196550000E-5
1.419820000E+9	2.248606000E-5
1.419823333E+9	2.162688000E-5
1.419826667E+9	2.195843000E-5
1.419830000E+9	2.210687000E-5
1.419833333E+9	2.224920000E-5
1.419836667E+9	2.200562000E-5
1.419840000E+9	2.145100000E-5
1.419843333E+9	2.232305000E-5
1.419846667E+9	2.196596000E-5
1.419850000E+9	2.164465000E-5
1.419853333E+9	2.212950000E-5
1.419856667E+9	2.176970000E-5
1.419860000E+9	2.221461000E-5
1.419863333E+9	2.192191000E-5
1.419866667E+9	2.184925000E-5
1.419870000E+9	2.208678000E-5
1.419873333E+9	2.189940000E-5
1.419876667E+9	2.209634000E-5
1.419880000E+9	2.214673000E-5
1.419883333E+9	2.192719000E-5
1.419886667E+9	2.212008000E-5
1.419890000E+9	2.213650000E-5
1.419893333E+9	2.178704000E-5
1.419896667E+9	2.160962000E-5
1.419900000E+9	2.216634000E-5
1.419903333E+9	2.160241000E-5
1.419906667E+9	2.197532000E-5
1.419910000E+9	2.151830000E-5
1.419913333E+9	2.211867000E-5
1.419916667E+9	2.241891000E-5
1.419920000E+9	2.214377000E-5
1.419923333E+9	2.178795000E-5
1.419926667E+9	2.196012000E-5
1.419930000E+9	2.210386000E-5
1.419933333E+9	2.189485000E-5
1.419936667E+9	2.165870000E-5
1.419940000E+9	2.177391000E-5
1.419943333E+9	2.178687000E-5
1.419946667E+9	2.202595000E-5
1.419950000E+9	2.225381000E-5
1.419953333E+9	2.163224000E-5
1.419956667E+9	2.165565000E-5
1.419960000E+9	2.200617000E-5
1.419963333E+9	2.220334000E-5
1.419966667E+9	2.203608000E-5
1.419970000E+9	2.169659000E-5
1.419973333E+9	2.211609000E-5
1.419976667E+9	2.155183000E-5
1.419980000E+9	2.178553000E-5
1.419983333E+9	2.201391000E-5
1.419986667E+9	2.193212000E-5
1.419990000E+9	2.174245000E-5
1.419993333E+9	2.167682000E-5
1.419996667E+9	2.202266000E-5
1.420000000E+9	2.277594000E-5
1.420003333E+9	2.306088000E-5
1.420006667E+9	2.191857000E-5
1.420010000E+9	2.198280000E-5
1.420013333E+9	2.230592000E-5
1.420016667E+9	2.258213000E-5
1.420020000E+9	2.209473000E-5
1.420023333E+9	2.239884000E-5
1.420026667E+9	2.198275000E-5
1.420030000E+9	2.201260000E-5
1.420033333E+9	2.267023000E-5
1.420036667E+9	2.283643000E-5
1.420040000E+9	2.248090000E-5
1.420043333E+9	2.176994000E-5
1.420046667E+9	2.178814000E-5
1.420050000E+9	2.255859000E-5
1.420053333E+9	2.195229000E-5
1.420056667E+9	2.201519000E-5
1.420060000E+9	2.235265000E-5
1.420063333E+9	2.202766000E-5
1.420066667E+9	2.219242000E-5
1.420070000E+9	2.197841000E-5
1.420073333E+9	2.210189000E-5
1.420076667E+9	2.216610000E-5
1.420080000E+9	2.237978000E-5
1.420083333E+9	2.230303000E-5
1.420086667E+9	2.165254000E-5
1.420090000E+9	2.172779000E-5
1.420093333E+9	2.192213000E-5
1.420096667E+9	2.180503000E-5
1.420100000E+9	2.203519000E-5
1.420103333E+9	2.171155000E-5
1.420106667E+9	2.240511000E-5
1.420110000E+9	2.225357000E-5
1.420113333E+9	2.175486000E-5
1.420116667E+9	2.188055000E-5
1.420120000E+9	2.161029000E-5
1.420123333E+9	2.215712000E-5
1.420126667E+9	2.217591000E-5
1.420130000E+9	2.159297000E-5
1.420133333E+9	2.222732000E-5
1.420136667E+9	2.194019000E-5
1.420140000E+9	2.163006000E-5
1.420143333E+9	2.185964000E-5
1.420146667E+9	2.187032000E-5
1.420150000E+9	2.210633000E-5
1.420153333E+9	2.227418000E-5
1.420156667E+9	2.167751000E-5
1.420160000E+9	2.164595000E-5
1.420163333E+9	2.216444000E-5
1.420166667E+9	2.176119000E-5
1.420170000E+9	2.162954000E-5
1.420173333E+9	2.170502000E-5
1.420176667E+9	2.191351000E-5
1.420180000E+9	2.217718000E-5
1.420183333E+9	2.181964000E-5
1.420186667E+9	2.168849000E-5
1.420190000E+9	2.202868000E-5
1.420193333E+9	2.220268000E-5
1.420196667E+9	2.205978000E-5
1.420200000E+9	2.219652000E-5
1.420203333E+9	2.182729000E-5
1.420206667E+9	2.191354000E-5
1.420210000E+9	2.189149000E-5
1.420213333E+9	2.220088000E-5
1.420216667E+9	2.217571000E-5
1.420220000E+9	2.213949000E-5
1.420223333E+9	2.189985000E-5
1.420226667E+9	2.174920000E-5
1.420230000E+9	2.188863000E-5
1.420233333E+9	2.166490000E-5
1.420236667E+9	2.170197000E-5
1.420240000E+9	2.186912000E-5
1.420243333E+9	2.169659000E-5
1.420246667E+9	2.209842000E-5
1.420250000E+9	2.197618000E-5
1.420253333E+9	2.205254000E-5
1.420256667E+9	2.198169000E-5
1.420260000E+9	2.194937000E-5
1.420263333E+9	2.208896000E-5
1.420266667E+9	2.236821000E-5
1.420270000E+9	2.157247000E-5
1.420273333E+9	2.172913000E-5
1.420276667E+9	2.177290000E-5
1.420280000E+9	2.215410000E-5
1.420283333E+9	2.206695000E-5
1.420286667E+9	2.247814000E-5
1.420290000E+9	2.167809000E-5
1.420293333E+9	2.205944000E-5
1.420296667E+9	2.220895000E-5
1.420300000E+9	2.218982000E-5
1.420303333E+9	2.180522000E-5
1.420306667E+9	2.212037000E-5
1.420310000E+9	2.209532000E-5
1.420313333E+9	2.200939000E-5
1.420316667E+9	2.207788000E-5
1.420320000E+9	2.193236000E-5
1.420323333E+9	2.218906000E-5
1.420326667E+9	2.272767000E-5
1.420330000E+9	2.301844000E-5
1.420333333E+9	2.228068000E-5
1.420336667E+9	2.205063000E-5
1.420340000E+9	2.134291000E-5
1.420343333E+9	2.187097000E-5
1.420346667E+9	2.243457000E-5
1.420350000E+9	2.239232000E-5
1.420353333E+9	2.256565000E-5
1.420356667E+9	2.198012000E-5
1.420360000E+9	2.220110000E-5
1.420363333E+9	2.230465000E-5
1.420366667E+9	2.195716000E-5
1.420370000E+9	2.207745000E-5
1.420373333E+9	2.157705000E-5
1.420376667E+9	2.199866000E-5
1.420380000E+9	2.219679000E-5
1.420383333E+9	2.214958000E-5
1.420386667E+9	2.228854000E-5
1.420390000E+9	2.237480000E-5
1.420393333E+9	2.195851000E-5
1.420396667E+9	2.189004000E-5
1.420400000E+9	2.170149000E-5
1.420403333E+9	2.173512000E-5
1.420406667E+9	2.148754000E-5
1.420410000E+9	2.178594000E-5
1.420413333E+9	2.197812000E-5
1.420416667E+9	2.233650000E-5
1.420420000E+9	2.268514000E-5
1.420423333E+9	2.228085000E-5
1.420426667E+9	2.180372000E-5
1.420430000E+9	2.194137000E-5
1.420433333E+9	2.201379000E-5
1.420436667E+9	2.206988000E-5
1.420440000E+9	2.191676000E-5
1.420443333E+9	2.223203000E-5
1.420446667E+9	2.185270000E-5
1.420450000E+9	2.199446000E-5
1.420453333E+9	2.217798000E-5
1.420456667E+9	2.193631000E-5
1.420460000E+9	2.216114000E-5
1.420463333E+9	2.207223000E-5
1.420466667E+9	2.159129000E-5
1.420470000E+9	2.242150000E-5
1.420473333E+9	2.194245000E-5
1.420476667E+9	2.222358000E-5
1.420480000E+9	2.196195000E-5
1.420483333E+9	2.196943000E-5
1.420486667E+9	2.211323000E-5
1.420490000E+9	2.249639000E-5
1.420493333E+9	2.185558000E-5
1.420496667E+9	2.235488000E-5
1.420500000E+9	2.209391000E-5
1.420503333E+9	2.167806000E-5
1.420506667E+9	2.185453000E-5
1.420510000E+9	2.139204000E-5
1.420513333E+9	2.180420000E-5
1.420516667E+9	2.185052000E-5
1.420520000E+9	2.204881000E-5
1.420523333E+9	2.188281000E-5
1.420526667E+9	2.146113000E-5
1.420530000E+9	2.227019000E-5
1.420533333E+9	2.185762000E-5
1.420536667E+9	2.162303000E-5
1.420540000E+9	2.166757000E-5
1.420543333E+9	2.186826000E-5
1.420546667E+9	2.160630000E-5
1.420550000E+9	2.195376000E-5
1.420553333E+9	2.218926000E-5
1.420556667E+9	2.251989000E-5
1.420560000E+9	2.181533000E-5
1.420563333E+9	2.169883000E-5
1.420566667E+9	2.144980000E-5
1.420570000E+9	2.155223000E-5
1.420573333E+9	2.198364000E-5
1.420576667E+9	2.161083000E-5
1.420580000E+9	2.177128000E-5
1.420583333E+9	2.158169000E-5
1.420586667E+9	2.202551000E-5
1.420590000E+9	2.157368000E-5
1.420593333E+9	2.156696000E-5
1.420596667E+9	2.214895000E-5
1.420600000E+9	2.175140000E-5
1.420603333E+9	2.214370000E-5
1.420606667E+9	2.173199000E-5
1.420610000E+9	2.201821000E-5
1.420613333E+9	2.187169000E-5
1.420616667E+9	2.173175000E-5
1.420620000E+9	2.336809000E-5
1.420623333E+9	2.367807000E-5
1.420626667E+9	2.203260000E-5
1.420630000E+9	2.193896000E-5
1.420633333E+9	2.164526000E-5
1.420636667E+9	2.196256000E-5
1.420640000E+9	2.204554000E-5
1.420643333E+9	2.191508000E-5
1.420646667E+9	2.296890000E-5
1.420650000E+9	2.174956000E-5
1.420653333E+9	2.154471000E-5
1.420656667E+9	2.191116000E-5
1.420660000E+9	2.190228000E-5
1.420663333E+9	2.168582000E-5
1.420666667E+9	2.182316000E-5
1.420670000E+9	2.222688000E-5
1.420673333E+9	2.188163000E-5
1.420676667E+9	2.218100000E-5
1.420680000E+9	2.204080000E-5
1.420683333E+9	2.210420000E-5
1.420686667E+9	2.223267000E-5
1.420690000E+9	2.295761000E-5
1.420693333E+9	2.229945000E-5
1.420696667E+9	2.186422000E-5
1.420700000E+9	2.192788000E-5
1.420703333E+9	2.210959000E-5
1.420706667E+9	2.182671000E-5
1.420710000E+9	2.196265000E-5
1.420713333E+9	2.168792000E-5
1.420716667E+9	2.140247000E-5
1.420720000E+9	2.187133000E-5
1.420723333E+9	2.180654000E-5
1.420726667E+9	2.154961000E-5
1.420730000E+9	2.165491000E-5
1.420733333E+9	2.175778000E-5
1.420736667E+9	2.194841000E-5
1.420740000E+9	2.191611000E-5
1.420743333E+9	2.171911000E-5
1.420746667E+9	2.181947000E-5
1.420750000E+9	2.199946000E-5
1.420753333E+9	2.197746000E-5
1.420756667E+9	2.287518000E-5
1.420760000E+9	2.295945000E-5
1.420763333E+9	2.152577000E-5
1.420766667E+9	2.146808000E-5
1.420770000E+9	2.166702000E-5
1.420773333E+9	2.189149000E-5
1.420776667E+9	2.182726000E-5
1.420780000E+9	2.213981000E-5
1.420783333E+9	2.160295000E-5
1.420786667E+9	2.213271000E-5
1.420790000E+9	2.245286000E-5
1.420793333E+9	2.205261000E-5
1.420796667E+9	2.202041000E-5
1.420800000E+9	2.194997000E-5
1.420803333E+9	2.172307000E-5
1.420806667E+9	2.199134000E-5
1.420810000E+9	2.162215000E-5
1.420813333E+9	2.227555000E-5
1.420816667E+9	2.189283000E-5
1.420820000E+9	2.175123000E-5
1.420823333E+9	2.247792000E-5
1.420826667E+9	2.316816000E-5
1.420830000E+9	2.175087000E-5
1.420833333E+9	2.220290000E-5
1.420836667E+9	2.138337000E-5
1.420840000E+9	2.139434000E-5
1.420843333E+9	2.226647000E-5
1.420846667E+9	2.217912000E-5
1.420850000E+9	2.180082000E-5
1.420853333E+9	2.130351000E-5
1.420856667E+9	2.169006000E-5
1.420860000E+9	2.171065000E-5
1.420863333E+9	2.171444000E-5
1.420866667E+9	2.199199000E-5
1.420870000E+9	2.198241000E-5
1.420873333E+9	2.168899000E-5
1.420876667E+9	2.158378000E-5
1.420880000E+9	2.167921000E-5
1.420883333E+9	2.319977000E-5
1.420886667E+9	2.275771000E-5
1.420890000E+9	2.192721000E-5
1.420893333E+9	2.270655000E-5
1.420896667E+9	2.244753000E-5
1.420900000E+9	2.228988000E-5
1.420903333E+9	2.202991000E-5
1.420906667E+9	2.198893000E-5
1.420910000E+9	2.232626000E-5
1.420913333E+9	2.522347000E-5
1.420916667E+9	2.375551000E-5
1.420920000E+9	2.300616000E-5
1.420923333E+9	2.175448000E-5
1.420926667E+9	2.196880000E-5
1.420930000E+9	2.199984000E-5
1.420933333E+9	2.152870000E-5
1.420936667E+9	2.208857000E-5
1.420940000E+9	2.202788000E-5
1.420943333E+9	2.225091000E-5
1.420946667E+9	2.237526000E-5
1.420950000E+9	2.162241000E-5
1.420953333E+9	2.201270000E-5
1.420956667E+9	2.142779000E-5
1.420960000E+9	2.361096000E-5
1.420963333E+9	2.255785000E-5
1.420966667E+9	2.159283000E-5
1.420970000E+9	2.226780000E-5
1.420973333E+9	2.145842000E-5
1.420976667E+9	2.162804000E-5
1.420980000E+9	2.201630000E-5
1.420983333E+9	2.188779000E-5
1.420986667E+9	2.195790000E-5
1.420990000E+9	2.236716000E-5
1.420993333E+9	2.173271000E-5
1.420996667E+9	2.135020000E-5
1.421000000E+9	2.189868000E-5
1.421003333E+9	2.192362000E-5
1.421006667E+9	2.125197000E-5
1.421010000E+9	2.202791000E-5
1.421013333E+9	2.143036000E-5
1.421016667E+9	2.203548000E-5
1.421020000E+9	2.195814000E-5
1.421023333E+9	2.182522000E-5
1.421026667E+9	2.339754000E-5
1.421030000E+9	2.382371000E-5
1.421033333E+9	2.203465000E-5
1.421036667E+9	2.180395000E-5
1.421040000E+9	2.190380000E-5
1.421043333E+9	2.216179000E-5
1.421046667E+9	2.213798000E-5
1.421050000E+9	2.194821000E-5
1.421053333E+9	2.191903000E-5
1.421056667E+9	2.202157000E-5
1.421060000E+9	2.151110000E-5
1.421063333E+9	2.176999000E-5
1.421066667E+9	2.196359000E-5
1.421070000E+9	2.134242000E-5
1.421073333E+9	2.153492000E-5
1.421076667E+9	2.195590000E-5
1.421080000E+9	2.157345000E-5
1.421083333E+9	2.151020000E-5
1.421086667E+9	2.180041000E-5
1.421090000E+9	2.162939000E-5
1.421093333E+9	2.365717000E-5
1.421096667E+9	2.621745000E-5
1.421100000E+9	2.217579000E-5
1.421103333E+9	2.252911000E-5
1.421106667E+9	2.204467000E-5
1.421110000E+9	2.214868000E-5
1.421113333E+9	2.192088000E-5
1.421116667E+9	2.165870000E-5
1.421120000E+9	2.152133000E-5
1.421123333E+9	2.219588000E-5
1.421126667E+9	2.202392000E-5
1.421130000E+9	2.187428000E-5
1.421133333E+9	2.209233000E-5
1.421136667E+9	2.171856000E-5
1.421140000E+9	2.212085000E-5
1.421143333E+9	2.189560000E-5
1.421146667E+9	2.188810000E-5
1.421150000E+9	2.194347000E-5
1.421153333E+9	2.190548000E-5
1.421156667E+9	2.233324000E-5
1.421160000E+9	2.271580000E-5
1.421163333E+9	2.596681000E-5
1.421166667E+9	2.310321000E-5
1.421170000E+9	2.236153000E-5
1.421173333E+9	2.220841000E-5
1.421176667E+9	2.274143000E-5
1.421180000E+9	2.333343000E-5
1.421183333E+9	2.168842000E-5
1.421186667E+9	2.194465000E-5
1.421190000E+9	2.174130000E-5
1.421193333E+9	2.200243000E-5
1.421196667E+9	2.210454000E-5
1.421200000E+9	2.232898000E-5
1.421203333E+9	2.246339000E-5
1.421206667E+9	2.383889000E-5
1.421210000E+9	2.238583000E-5
1.421213333E+9	2.260513000E-5
1.421216667E+9	2.232015000E-5
1.421220000E+9	2.277731000E-5
1.421223333E+9	2.262378000E-5
1.421226667E+9	2.279665000E-5
1.421230000E+9	2.573495000E-5
1.421233333E+9	2.451183000E-5
1.421236667E+9	2.224653000E-5
1.421240000E+9	2.229779000E-5
1.421243333E+9	2.258945000E-5
1.421246667E+9	2.233905000E-5
1.421250000E+9	2.249441000E-5
1.421253333E+9	2.224312000E-5
1.421256667E+9	2.287345000E-5
1.421260000E+9	2.315699000E-5
1.421263333E+9	2.262825000E-5
1.421266667E+9	2.288618000E-5
1.421270000E+9	2.318722000E-5
1.421273333E+9	2.329534000E-5
1.421276667E+9	2.333415000E-5
1.421280000E+9	2.350187000E-5
1.421283333E+9	2.335045000E-5
1.421286667E+9	2.341193000E-5
1.421290000E+9	2.366063000E-5
1.421293333E+9	2.377354000E-5
1.421296667E+9	2.871037000E-5
1.421300000E+9	3.139727000E-5
1.421303333E+9	2.428664000E-5
1.421306667E+9	2.414116000E-5
1.421310000E+9	2.416970000E-5
1.421313333E+9	2.395441000E-5
1.421316667E+9	2.381288000E-5
1.421320000E+9	2.435703000E-5
1.421323333E+9	2.452962000E-5
1.421326667E+9	2.395725000E-5
1.421330000E+9	2.454522000E-5
1.421333333E+9	2.452564000E-5
1.421336667E+9	2.476672000E-5
1.421340000E+9	2.470764000E-5
1.421343333E+9	2.533700000E-5
1.421346667E+9	2.455347000E-5
1.421350000E+9	2.506212000E-5
1.421353333E+9	2.553223000E-5
1.421356667E+9	2.660419000E-5
1.421360000E+9	2.665639000E-5
1.421363333E+9	3.467185000E-5
1.421366667E+9	4.666032000E-5
1.421370000E+9	2.992043000E-5
1.421373333E+9	2.582953000E-5
1.421376667E+9	2.563526000E-5
1.421380000E+9	2.531017000E-5
1.421383333E+9	2.480190000E-5
1.421386667E+9	2.492576000E-5
1.421390000E+9	2.537135000E-5
1.421393333E+9	2.501643000E-5
1.421396667E+9	2.478312000E-5
1.421400000E+9	2.432261000E-5
