Frequency, Hz	Amplitude, Volts
1.419400000E+9	1.477255000E-5
1.419403333E+9	1.493681000E-5
1.419406667E+9	1.531114000E-5
1.419410000E+9	1.511632000E-5
1.419413333E+9	1.598875000E-5
1.419416667E+9	1.560616000E-5
1.419420000E+9	1.446725000E-5
1.419423333E+9	1.488131000E-5
1.419426667E+9	1.466673000E-5
1.419430000E+9	1.506190000E-5
1.419433333E+9	1.486422000E-5
1.419436667E+9	1.484618000E-5
1.419440000E+9	1.480321000E-5
1.419443333E+9	1.502337000E-5
1.419446667E+9	1.524594000E-5
1.419450000E+9	1.622024000E-5
1.419453333E+9	1.536903000E-5
1.419456667E+9	1.480299000E-5
1.419460000E+9	1.488313000E-5
1.419463333E+9	1.487677000E-5
1.419466667E+9	1.474701000E-5
1.419470000E+9	1.492209000E-5
1.419473333E+9	1.493571000E-5
1.419476667E+9	1.512162000E-5
1.419480000E+9	1.486422000E-5
1.419483333E+9	1.494457000E-5
1.419486667E+9	1.482826000E-5
1.419490000E+9	1.464774000E-5
1.419493333E+9	1.485989000E-5
1.419496667E+9	1.507620000E-5
1.419500000E+9	1.488484000E-5
1.419503333E+9	1.498359000E-5
1.419506667E+9	1.485720000E-5
1.419510000E+9	1.524927000E-5
1.419513333E+9	1.466914000E-5
1.419516667E+9	1.503560000E-5
1.419520000E+9	1.511672000E-5
1.419523333E+9	1.515370000E-5
1.419526667E+9	1.481101000E-5
1.419530000E+9	1.479890000E-5
1.419533333E+9	1.478263000E-5
1.419536667E+9	1.496024000E-5
1.419540000E+9	1.481151000E-5
1.419543333E+9	1.486087000E-5
1.419546667E+9	1.510738000E-5
1.419550000E+9	1.496690000E-5
1.419553333E+9	1.523442000E-5
1.419556667E+9	1.487983000E-5
1.419560000E+9	1.489236000E-5
1.419563333E+9	1.477489000E-5
1.419566667E+9	1.534987000E-5
1.419570000E+9	1.492744000E-5
1.419573333E+9	1.474371000E-5
1.419576667E+9	1.467660000E-5
1.419580000E+9	1.484998000E-5
1.419583333E+9	1.485152000E-5
1.419586667E+9	1.507658000E-5
1.419590000E+9	1.488247000E-5
1.419593333E+9	1.482871000E-5
1.419596667E+9	1.501954000E-5
1.419600000E+9	1.478665000E-5
1.419603333E+9	1.530680000E-5
1.419606667E+9	1.506825000E-5
1.419610000E+9	1.504392000E-5
1.419613333E+9	1.517658000E-5
1.419616667E+9	1.513252000E-5
1.419620000E+9	1.478079000E-5
1.419623333E+9	1.499744000E-5
1.419626667E+9	1.499419000E-5
1.419630000E+9	1.491892000E-5
1.419633333E+9	1.505332000E-5
1.419636667E+9	1.480568000E-5
1.419640000E+9	1.489526000E-5
1.419643333E+9	1.481039000E-5
1.419646667E+9	1.503674000E-5
1.419650000E+9	1.481761000E-5
1.419653333E+9	1.456841000E-5
1.419656667E+9	1.448035000E-5
1.419660000E+9	1.477937000E-5
1.419663333E+9	1.472531000E-5
1.419666667E+9	1.520234000E-5
1.419670000E+9	1.469185000E-5
1.419673333E+9	1.483901000E-5
1.419676667E+9	1.514402000E-5
1.419680000E+9	1.474868000E-5
1.419683333E+9	1.464973000E-5
1.419686667E+9	1.482764000E-5
1.419690000E+9	1.475409000E-5
1.419693333E+9	1.466550000E-5
1.419696667E+9	1.497416000E-5
1.419700000E+9	1.496450000E-5
1.419703333E+9	1.496663000E-5
1.419706667E+9	1.556507000E-5
1.419710000E+9	1.527938000E-5
1.419713333E+9	1.486892000E-5
1.419716667E+9	1.498229000E-5
1.419720000E+9	1.481483000E-5
1.419723333E+9	1.493381000E-5
1.419726667E+9	1.502378000E-5
1.419730000E+9	1.535217000E-5
1.419733333E+9	1.549587000E-5
1.419736667E+9	1.482290000E-5
1.419740000E+9	1.548540000E-5
1.419743333E+9	1.571229000E-5
1.419746667E+9	1.515634000E-5
1.419750000E+9	1.530390000E-5
1.419753333E+9	1.517708000E-5
1.419756667E+9	1.499221000E-5
1.419760000E+9	1.503264000E-5
1.419763333E+9	1.488460000E-5
1.419766667E+9	1.475926000E-5
1.419770000E+9	1.480394000E-5
1.419773333E+9	1.470652000E-5
1.419776667E+9	1.497441000E-5
1.419780000E+9	1.496659000E-5
1.419783333E+9	1.511433000E-5
1.419786667E+9	1.507674000E-5
1.419790000E+9	1.502743000E-5
1.419793333E+9	1.500634000E-5
1.419796667E+9	1.466763000E-5
1.419800000E+9	1.482971000E-5
1.419803333E+9	1.478638000E-5
1.419806667E+9	1.481371000E-5
1.419810000E+9	1.485245000E-5
1.419813333E+9	1.489303000E-5
1.419816667E+9	1.466241000E-5
1.419820000E+9	1.466750000E-5
1.419823333E+9	1.485309000E-5
1.419826667E+9	1.513645000E-5
1.419830000E+9	1.493741000E-5
1.419833333E+9	1.494880000E-5
1.419836667E+9	1.471210000E-5
1.419840000E+9	1.474303000E-5
1.419843333E+9	1.506528000E-5
1.419846667E+9	1.459888000E-5
1.419850000E+9	1.477463000E-5
1.419853333E+9	1.492977000E-5
1.419856667E+9	1.489163000E-5
1.419860000E+9	1.489397000E-5
1.419863333E+9	1.500711000E-5
1.419866667E+9	1.475984000E-5
1.419870000E+9	1.488555000E-5
1.419873333E+9	1.463210000E-5
1.419876667E+9	1.490301000E-5
1.419880000E+9	1.455469000E-5
1.419883333E+9	1.515728000E-5
1.419886667E+9	1.473112000E-5
1.419890000E+9	1.486804000E-5
1.419893333E+9	1.466428000E-5
1.419896667E+9	1.490126000E-5
1.419900000E+9	1.495407000E-5
1.419903333E+9	1.484580000E-5
1.419906667E+9	1.502413000E-5
1.419910000E+9	1.441886000E-5
1.419913333E+9	1.487671000E-5
1.419916667E+9	1.482790000E-5
1.419920000E+9	1.453446000E-5
1.419923333E+9	1.462042000E-5
1.419926667E+9	1.481490000E-5
1.419930000E+9	1.487973000E-5
1.419933333E+9	1.463235000E-5
1.419936667E+9	1.455058000E-5
1.419940000E+9	1.482427000E-5
1.419943333E+9	1.468348000E-5
1.419946667E+9	1.475634000E-5
1.419950000E+9	1.505054000E-5
1.419953333E+9	1.486773000E-5
1.419956667E+9	1.446317000E-5
1.419960000E+9	1.480312000E-5
1.419963333E+9	1.463133000E-5
1.419966667E+9	1.502151000E-5
1.419970000E+9	1.495001000E-5
1.419973333E+9	1.526195000E-5
1.419976667E+9	1.525505000E-5
1.419980000E+9	1.528415000E-5
1.419983333E+9	1.475876000E-5
1.419986667E+9	1.464026000E-5
1.419990000E+9	1.509838000E-5
1.419993333E+9	1.499114000E-5
1.419996667E+9	1.467784000E-5
1.420000000E+9	1.593145000E-5
1.420003333E+9	1.769964000E-5
1.420006667E+9	1.473905000E-5
1.420010000E+9	1.509140000E-5
1.420013333E+9	1.456953000E-5
1.420016667E+9	1.508453000E-5
1.420020000E+9	1.462460000E-5
1.420023333E+9	1.463030000E-5
1.420026667E+9	1.504367000E-5
1.420030000E+9	1.471756000E-5
1.420033333E+9	1.552804000E-5
1.420036667E+9	1.600371000E-5
1.420040000E+9	1.494841000E-5
1.420043333E+9	1.471675000E-5
1.420046667E+9	1.481918000E-5
1.420050000E+9	1.520951000E-5
1.420053333E+9	1.504096000E-5
1.420056667E+9	1.479552000E-5
1.420060000E+9	1.465589000E-5
1.420063333E+9	1.486756000E-5
1.420066667E+9	1.480324000E-5
1.420070000E+9	1.476099000E-5
1.420073333E+9	1.465321000E-5
1.420076667E+9	1.474483000E-5
1.420080000E+9	1.470706000E-5
1.420083333E+9	1.489882000E-5
1.420086667E+9	1.479667000E-5
1.420090000E+9	1.467639000E-5
1.420093333E+9	1.463957000E-5
1.420096667E+9	1.498818000E-5
1.420100000E+9	1.467686000E-5
1.420103333E+9	1.483785000E-5
1.420106667E+9	1.500581000E-5
1.420110000E+9	1.475185000E-5
1.420113333E+9	1.468369000E-5
1.420116667E+9	1.483772000E-5
1.420120000E+9	1.475556000E-5
1.420123333E+9	1.518033000E-5
1.420126667E+9	1.507067000E-5
1.420130000E+9	1.491454000E-5
1.420133333E+9	1.514556000E-5
1.420136667E+9	1.498321000E-5
1.420140000E+9	1.477989000E-5
1.420143333E+9	1.457770000E-5
1.420146667E+9	1.473531000E-5
1.420150000E+9	1.476321000E-5
1.420153333E+9	1.467633000E-5
1.420156667E+9	1.474567000E-5
1.420160000E+9	1.493438000E-5
1.420163333E+9	1.480306000E-5
1.420166667E+9	1.495556000E-5
1.420170000E+9	1.468021000E-5
1.420173333E+9	1.494731000E-5
1.420176667E+9	1.476435000E-5
1.420180000E+9	1.485670000E-5
1.420183333E+9	1.462434000E-5
1.420186667E+9	1.497349000E-5
1.420190000E+9	1.483614000E-5
1.420193333E+9	1.491401000E-5
1.420196667E+9	1.501669000E-5
1.420200000E+9	1.495737000E-5
1.420203333E+9	1.479788000E-5
1.420206667E+9	1.460334000E-5
1.420210000E+9	1.450524000E-5
1.420213333E+9	1.485962000E-5
1.420216667E+9	1.482090000E-5
1.420220000E+9	1.479989000E-5
1.420223333E+9	1.504473000E-5
1.420226667E+9	1.486151000E-5
1.420230000E+9	1.474029000E-5
1.420233333E+9	1.488162000E-5
1.420236667E+9	1.510224000E-5
1.420240000E+9	1.461225000E-5
1.420243333E+9	1.480101000E-5
1.420246667E+9	1.484846000E-5
1.420250000E+9	1.460633000E-5
1.420253333E+9	1.524179000E-5
1.420256667E+9	1.477101000E-5
1.420260000E+9	1.469385000E-5
1.420263333E+9	1.472829000E-5
1.420266667E+9	1.470389000E-5
1.420270000E+9	1.498573000E-5
1.420273333E+9	1.484101000E-5
1.420276667E+9	1.482910000E-5
1.420280000E+9	1.473484000E-5
1.420283333E+9	1.468484000E-5
1.420286667E+9	1.479658000E-5
1.420290000E+9	1.467236000E-5
1.420293333E+9	1.493218000E-5
1.420296667E+9	1.631748000E-5
1.420300000E+9	1.488220000E-5
1.420303333E+9	1.486849000E-5
1.420306667E+9	1.483883000E-5
1.420310000E+9	1.499914000E-5
1.420313333E+9	1.510511000E-5
1.420316667E+9	1.483640000E-5
1.420320000E+9	1.484262000E-5
1.420323333E+9	1.468352000E-5
1.420326667E+9	1.562582000E-5
1.420330000E+9	1.535019000E-5
1.420333333E+9	1.513386000E-5
1.420336667E+9	1.480698000E-5
1.420340000E+9	1.493336000E-5
1.420343333E+9	1.489963000E-5
1.420346667E+9	1.521149000E-5
1.420350000E+9	1.504143000E-5
1.420353333E+9	1.482953000E-5
1.420356667E+9	1.479820000E-5
1.420360000E+9	1.482956000E-5
1.420363333E+9	1.492156000E-5
1.420366667E+9	1.474576000E-5
1.420370000E+9	1.481212000E-5
1.420373333E+9	1.494826000E-5
1.420376667E+9	1.492854000E-5
1.420380000E+9	1.500206000E-5
1.420383333E+9	1.470988000E-5
1.420386667E+9	1.495036000E-5
1.420390000E+9	1.482549000E-5
1.420393333E+9	1.483329000E-5
1.420396667E+9	1.490061000E-5
1.420400000E+9	1.488326000E-5
1.420403333E+9	1.487137000E-5
1.420406667E+9	1.496777000E-5
1.420410000E+9	1.466877000E-5
1.420413333E+9	1.482897000E-5
1.420416667E+9	1.534736000E-5
1.420420000E+9	1.509047000E-5
1.420423333E+9	1.518318000E-5
1.420426667E+9	1.512781000E-5
1.420430000E+9	1.522085000E-5
1.420433333E+9	1.509056000E-5
1.420436667E+9	1.501570000E-5
1.420440000E+9	1.519086000E-5
1.420443333E+9	1.551421000E-5
1.420446667E+9	1.537343000E-5
1.420450000E+9	1.555673000E-5
1.420453333E+9	1.525639000E-5
1.420456667E+9	1.546339000E-5
1.420460000E+9	1.585047000E-5
1.420463333E+9	1.560297000E-5
1.420466667E+9	1.617364000E-5
1.420470000E+9	1.651113000E-5
1.420473333E+9	1.640716000E-5
1.420476667E+9	1.617794000E-5
1.420480000E+9	1.605773000E-5
1.420483333E+9	1.669061000E-5
1.420486667E+9	1.674023000E-5
1.420490000E+9	1.671126000E-5
1.420493333E+9	1.676702000E-5
1.420496667E+9	1.713390000E-5
1.420500000E+9	1.683084000E-5
1.420503333E+9	1.651963000E-5
1.420506667E+9	1.653484000E-5
1.420510000E+9	1.647156000E-5
1.420513333E+9	1.683180000E-5
1.420516667E+9	1.683357000E-5
1.420520000E+9	1.649265000E-5
1.420523333E+9	1.632042000E-5
1.420526667E+9	1.635659000E-5
1.420530000E+9	1.636765000E-5
1.420533333E+9	1.693449000E-5
1.420536667E+9	1.679805000E-5
1.420540000E+9	1.672291000E-5
1.420543333E+9	1.645277000E-5
1.420546667E+9	1.614905000E-5
1.420550000E+9	1.613790000E-5
1.420553333E+9	1.609847000E-5
1.420556667E+9	1.618267000E-5
1.420560000E+9	1.593839000E-5
1.420563333E+9	1.590981000E-5
1.420566667E+9	1.569115000E-5
1.420570000E+9	1.575568000E-5
1.420573333E+9	1.575376000E-5
1.420576667E+9	1.579160000E-5
1.420580000E+9	1.548465000E-5
1.420583333E+9	1.564745000E-5
1.420586667E+9	1.536776000E-5
1.420590000E+9	1.564592000E-5
1.420593333E+9	1.559285000E-5
1.420596667E+9	1.513438000E-5
1.420600000E+9	1.535940000E-5
1.420603333E+9	1.562116000E-5
1.420606667E+9	1.550413000E-5
1.420610000E+9	1.584160000E-5
1.420613333E+9	1.493536000E-5
1.420616667E+9	1.564689000E-5
1.420620000E+9	1.720127000E-5
1.420623333E+9	1.638362000E-5
1.420626667E+9	1.553502000E-5
1.420630000E+9	1.559730000E-5
1.420633333E+9	1.518896000E-5
1.420636667E+9	1.553036000E-5
1.420640000E+9	1.545699000E-5
1.420643333E+9	1.537212000E-5
1.420646667E+9	1.589516000E-5
1.420650000E+9	1.587219000E-5
1.420653333E+9	1.555434000E-5
1.420656667E+9	1.572620000E-5
1.420660000E+9	1.579363000E-5
1.420663333E+9	1.581854000E-5
1.420666667E+9	1.583438000E-5
1.420670000E+9	1.605350000E-5
1.420673333E+9	1.603555000E-5
1.420676667E+9	1.614930000E-5
1.420680000E+9	1.612534000E-5
1.420683333E+9	1.610820000E-5
1.420686667E+9	1.594746000E-5
1.420690000E+9	1.655911000E-5
1.420693333E+9	1.646074000E-5
1.420696667E+9	1.645376000E-5
1.420700000E+9	1.643948000E-5
1.420703333E+9	1.626207000E-5
1.420706667E+9	1.653527000E-5
1.420710000E+9	1.624854000E-5
1.420713333E+9	1.626686000E-5
1.420716667E+9	1.587261000E-5
1.420720000E+9	1.637993000E-5
1.420723333E+9	1.636039000E-5
1.420726667E+9	1.633340000E-5
1.420730000E+9	1.623036000E-5
1.420733333E+9	1.615831000E-5
1.420736667E+9	1.644746000E-5
1.420740000E+9	1.612832000E-5
1.420743333E+9	1.595439000E-5
1.420746667E+9	1.598489000E-5
1.420750000E+9	1.624385000E-5
1.420753333E+9	1.654221000E-5
1.420756667E+9	1.624448000E-5
1.420760000E+9	1.657524000E-5
1.420763333E+9	1.611688000E-5
1.420766667E+9	1.565326000E-5
1.420770000E+9	1.569998000E-5
1.420773333E+9	1.583091000E-5
1.420776667E+9	1.609725000E-5
1.420780000E+9	1.619931000E-5
1.420783333E+9	1.568027000E-5
1.420786667E+9	1.580999000E-5
1.420790000E+9	1.614042000E-5
1.420793333E+9	1.625120000E-5
1.420796667E+9	1.658844000E-5
1.420800000E+9	1.562107000E-5
1.420803333E+9	1.569515000E-5
1.420806667E+9	1.567004000E-5
1.420810000E+9	1.543710000E-5
1.420813333E+9	1.559655000E-5
1.420816667E+9	1.563322000E-5
1.420820000E+9	1.533483000E-5
1.420823333E+9	1.582396000E-5
1.420826667E+9	1.546360000E-5
1.420830000E+9	1.529378000E-5
1.420833333E+9	1.550101000E-5
1.420836667E+9	1.516736000E-5
1.420840000E+9	1.521542000E-5
1.420843333E+9	1.544583000E-5
1.420846667E+9	1.521620000E-5
1.420850000E+9	1.493228000E-5
1.420853333E+9	1.474891000E-5
1.420856667E+9	1.475321000E-5
1.420860000E+9	1.517468000E-5
1.420863333E+9	1.526661000E-5
1.420866667E+9	1.517168000E-5
1.420870000E+9	1.509100000E-5
1.420873333E+9	1.536442000E-5
1.420876667E+9	1.513413000E-5
1.420880000E+9	1.494427000E-5
1.420883333E+9	1.769154000E-5
1.420886667E+9	1.696263000E-5
1.420890000E+9	1.504990000E-5
1.420893333E+9	1.525317000E-5
1.420896667E+9	1.500013000E-5
1.420900000E+9	1.524659000E-5
1.420903333E+9	1.520054000E-5
1.420906667E+9	1.549363000E-5
1.420910000E+9	1.557433000E-5
1.420913333E+9	1.979572000E-5
1.420916667E+9	1.733836000E-5
1.420920000E+9	1.607987000E-5
1.420923333E+9	1.530039000E-5
1.420926667E+9	1.546360000E-5
1.420930000E+9	1.525283000E-5
1.420933333E+9	1.513778000E-5
1.420936667E+9	1.521837000E-5
1.420940000E+9	1.521530000E-5
1.420943333E+9	1.566598000E-5
1.420946667E+9	1.615490000E-5
1.420950000E+9	1.507145000E-5
1.420953333E+9	1.517408000E-5
1.420956667E+9	1.470536000E-5
1.420960000E+9	1.494977000E-5
1.420963333E+9	1.517229000E-5
1.420966667E+9	1.524317000E-5
1.420970000E+9	1.534834000E-5
1.420973333E+9	1.547958000E-5
1.420976667E+9	1.517706000E-5
1.420980000E+9	1.502954000E-5
1.420983333E+9	1.553930000E-5
1.420986667E+9	1.498202000E-5
1.420990000E+9	1.538598000E-5
1.420993333E+9	1.535208000E-5
1.420996667E+9	1.490265000E-5
1.421000000E+9	1.499209000E-5
1.421003333E+9	1.490221000E-5
1.421006667E+9	1.502386000E-5
1.421010000E+9	1.504194000E-5
1.421013333E+9	1.490545000E-5
1.421016667E+9	1.490977000E-5
1.421020000E+9	1.486658000E-5
1.421023333E+9	1.487708000E-5
1.421026667E+9	1.469555000E-5
1.421030000E+9	1.519966000E-5
1.421033333E+9	1.477255000E-5
1.421036667E+9	1.494317000E-5
1.421040000E+9	1.503187000E-5
1.421043333E+9	1.474721000E-5
1.421046667E+9	1.480842000E-5
1.421050000E+9	1.499244000E-5
1.421053333E+9	1.491221000E-5
1.421056667E+9	1.523934000E-5
1.421060000E+9	1.489593000E-5
1.421063333E+9	1.465329000E-5
1.421066667E+9	1.481244000E-5
1.421070000E+9	1.471292000E-5
1.421073333E+9	1.492292000E-5
1.421076667E+9	1.459176000E-5
1.421080000E+9	1.479731000E-5
1.421083333E+9	1.476691000E-5
1.421086667E+9	1.457113000E-5
1.421090000E+9	1.505284000E-5
1.421093333E+9	1.514926000E-5
1.421096667E+9	1.534827000E-5
1.421100000E+9	1.470195000E-5
1.421103333E+9	1.480751000E-5
1.421106667E+9	1.494959000E-5
1.421110000E+9	1.446601000E-5
1.421113333E+9	1.462135000E-5
1.421116667E+9	1.465239000E-5
1.421120000E+9	1.504769000E-5
1.421123333E+9	1.481592000E-5
1.421126667E+9	1.487868000E-5
1.421130000E+9	1.510461000E-5
1.421133333E+9	1.485650000E-5
1.421136667E+9	1.501923000E-5
1.421140000E+9	1.451647000E-5
1.421143333E+9	1.455170000E-5
1.421146667E+9	1.487333000E-5
1.421150000E+9	1.465136000E-5
1.421153333E+9	1.485404000E-5
1.421156667E+9	1.481021000E-5
1.421160000E+9	1.493896000E-5
1.421163333E+9	1.477226000E-5
1.421166667E+9	1.497286000E-5
1.421170000E+9	1.503839000E-5
1.421173333E+9	1.466336000E-5
1.421176667E+9	1.645670000E-5
1.421180000E+9	1.926151000E-5
1.421183333E+9	1.495758000E-5
1.421186667E+9	1.472978000E-5
1.421190000E+9	1.479848000E-5
1.421193333E+9	1.481812000E-5
1.421196667E+9	1.489941000E-5
1.421200000E+9	1.464534000E-5
1.421203333E+9	1.507237000E-5
1.421206667E+9	1.678684000E-5
1.421210000E+9	1.517144000E-5
1.421213333E+9	1.468123000E-5
1.421216667E+9	1.447736000E-5
1.421220000E+9	1.457462000E-5
1.421223333E+9	1.445246000E-5
1.421226667E+9	1.470162000E-5
1.421230000E+9	1.460635000E-5
1.421233333E+9	1.461423000E-5
1.421236667E+9	1.479844000E-5
1.421240000E+9	1.479593000E-5
1.421243333E+9	1.513586000E-5
1.421246667E+9	1.490177000E-5
1.421250000E+9	1.470853000E-5
1.421253333E+9	1.454849000E-5
1.421256667E+9	1.441973000E-5
1.421260000E+9	1.467723000E-5
1.421263333E+9	1.490866000E-5
1.421266667E+9	1.466420000E-5
1.421270000E+9	1.443279000E-5
1.421273333E+9	1.445741000E-5
1.421276667E+9	1.470652000E-5
1.421280000E+9	1.469066000E-5
1.421283333E+9	1.460098000E-5
1.421286667E+9	1.451830000E-5
1.421290000E+9	1.446335000E-5
1.421293333E+9	1.455274000E-5
1.421296667E+9	1.448933000E-5
1.421300000E+9	1.439366000E-5
1.421303333E+9	1.448900000E-5
1.421306667E+9	1.478950000E-5
1.421310000E+9	1.436762000E-5
1.421313333E+9	1.465620000E-5
1.421316667E+9	1.455210000E-5
1.421320000E+9	1.471617000E-5
1.421323333E+9	1.498546000E-5
1.421326667E+9	1.506384000E-5
1.421330000E+9	1.456623000E-5
1.421333333E+9	1.464671000E-5
1.421336667E+9	1.455117000E-5
1.421340000E+9	1.477275000E-5
1.421343333E+9	1.451250000E-5
1.421346667E+9	1.471835000E-5
1.421350000E+9	1.467741000E-5
1.421353333E+9	1.481566000E-5
1.421356667E+9	1.490519000E-5
1.421360000E+9	1.446910000E-5
1.421363333E+9	1.459684000E-5
1.421366667E+9	1.521829000E-5
1.421370000E+9	1.451690000E-5
1.421373333E+9	1.462771000E-5
1.421376667E+9	1.449624000E-5
1.421380000E+9	1.466930000E-5
1.421383333E+9	1.480298000E-5
1.421386667E+9	1.480399000E-5
1.421390000E+9	1.458175000E-5
1.421393333E+9	1.519754000E-5
1.421396667E+9	1.473106000E-5
1.421400000E+9	1.494713000E-5
