Frequency, Hz	Amplitude, Volts
1.419400000E+9	1.807575000E-5
1.419403333E+9	1.826953000E-5
1.419406667E+9	1.820427000E-5
1.419410000E+9	1.771296000E-5
1.419413333E+9	1.790453000E-5
1.419416667E+9	1.820993000E-5
1.419420000E+9	1.808611000E-5
1.419423333E+9	1.821633000E-5
1.419426667E+9	1.793940000E-5
1.419430000E+9	1.809336000E-5
1.419433333E+9	1.853762000E-5
1.419436667E+9	1.822015000E-5
1.419440000E+9	1.857837000E-5
1.419443333E+9	1.856369000E-5
1.419446667E+9	1.816897000E-5
1.419450000E+9	1.814977000E-5
1.419453333E+9	1.900395000E-5
1.419456667E+9	1.860881000E-5
1.419460000E+9	1.840814000E-5
1.419463333E+9	1.822729000E-5
1.419466667E+9	1.832087000E-5
1.419470000E+9	1.837256000E-5
1.419473333E+9	1.847569000E-5
1.419476667E+9	1.783232000E-5
1.419480000E+9	1.766143000E-5
1.419483333E+9	1.749689000E-5
1.419486667E+9	1.782670000E-5
1.419490000E+9	1.860797000E-5
1.419493333E+9	1.827874000E-5
1.419496667E+9	1.753969000E-5
1.419500000E+9	1.748291000E-5
1.419503333E+9	1.761356000E-5
1.419506667E+9	1.792224000E-5
1.419510000E+9	1.790870000E-5
1.419513333E+9	1.790231000E-5
1.419516667E+9	1.792570000E-5
1.419520000E+9	1.807595000E-5
1.419523333E+9	1.758039000E-5
1.419526667E+9	1.799310000E-5
1.419530000E+9	1.772546000E-5
1.419533333E+9	1.790935000E-5
1.419536667E+9	1.879833000E-5
1.419540000E+9	1.842769000E-5
1.419543333E+9	1.763911000E-5
1.419546667E+9	1.809122000E-5
1.419550000E+9	1.811151000E-5
1.419553333E+9	1.779791000E-5
1.419556667E+9	1.784513000E-5
1.419560000E+9	1.804226000E-5
1.419563333E+9	1.766950000E-5
1.419566667E+9	1.782686000E-5
1.419570000E+9	1.780794000E-5
1.419573333E+9	1.814000000E-5
1.419576667E+9	1.792326000E-5
1.419580000E+9	1.802628000E-5
1.419583333E+9	1.837567000E-5
1.419586667E+9	1.810016000E-5
1.419590000E+9	1.793791000E-5
1.419593333E+9	1.777157000E-5
1.419596667E+9	1.788937000E-5
1.419600000E+9	1.787266000E-5
1.419603333E+9	1.802141000E-5
1.419606667E+9	1.832530000E-5
1.419610000E+9	1.764717000E-5
1.419613333E+9	1.798145000E-5
1.419616667E+9	1.783972000E-5
1.419620000E+9	1.770739000E-5
1.419623333E+9	1.764577000E-5
1.419626667E+9	1.760651000E-5
1.419630000E+9	1.861611000E-5
1.419633333E+9	1.842733000E-5
1.419636667E+9	1.797466000E-5
1.419640000E+9	1.801053000E-5
1.419643333E+9	1.811654000E-5
1.419646667E+9	1.772700000E-5
1.419650000E+9	1.746618000E-5
1.419653333E+9	1.821503000E-5
1.419656667E+9	1.811616000E-5
1.419660000E+9	1.757342000E-5
1.419663333E+9	1.750754000E-5
1.419666667E+9	1.811411000E-5
1.419670000E+9	1.813359000E-5
1.419673333E+9	1.784056000E-5
1.419676667E+9	1.843115000E-5
1.419680000E+9	1.792171000E-5
1.419683333E+9	1.799438000E-5
1.419686667E+9	1.800327000E-5
1.419690000E+9	1.788787000E-5
1.419693333E+9	1.800191000E-5
1.419696667E+9	1.776283000E-5
1.419700000E+9	1.817176000E-5
1.419703333E+9	1.785918000E-5
1.419706667E+9	1.778447000E-5
1.419710000E+9	1.801813000E-5
1.419713333E+9	1.764899000E-5
1.419716667E+9	1.764649000E-5
1.419720000E+9	1.803315000E-5
1.419723333E+9	1.840151000E-5
1.419726667E+9	1.847792000E-5
1.419730000E+9	1.805028000E-5
1.419733333E+9	1.896645000E-5
1.419736667E+9	1.770073000E-5
1.419740000E+9	1.803600000E-5
1.419743333E+9	1.781269000E-5
1.419746667E+9	1.926923000E-5
1.419750000E+9	1.852110000E-5
1.419753333E+9	1.824738000E-5
1.419756667E+9	1.823065000E-5
1.419760000E+9	1.793600000E-5
1.419763333E+9	1.776357000E-5
1.419766667E+9	1.791057000E-5
1.419770000E+9	1.831902000E-5
1.419773333E+9	1.788740000E-5
1.419776667E+9	1.785914000E-5
1.419780000E+9	1.805032000E-5
1.419783333E+9	1.792094000E-5
1.419786667E+9	1.772866000E-5
1.419790000E+9	1.798875000E-5
1.419793333E+9	1.784434000E-5
1.419796667E+9	1.787582000E-5
1.419800000E+9	1.771004000E-5
1.419803333E+9	1.728237000E-5
1.419806667E+9	1.756511000E-5
1.419810000E+9	1.748165000E-5
1.419813333E+9	1.795335000E-5
1.419816667E+9	1.830963000E-5
1.419820000E+9	1.757890000E-5
1.419823333E+9	1.761973000E-5
1.419826667E+9	1.791464000E-5
1.419830000E+9	1.812277000E-5
1.419833333E+9	1.794200000E-5
1.419836667E+9	1.772560000E-5
1.419840000E+9	1.800962000E-5
1.419843333E+9	1.792916000E-5
1.419846667E+9	1.765862000E-5
1.419850000E+9	1.787342000E-5
1.419853333E+9	1.780506000E-5
1.419856667E+9	1.771408000E-5
1.419860000E+9	1.812028000E-5
1.419863333E+9	1.879625000E-5
1.419866667E+9	1.798285000E-5
1.419870000E+9	1.789172000E-5
1.419873333E+9	1.764628000E-5
1.419876667E+9	1.777259000E-5
1.419880000E+9	1.786832000E-5
1.419883333E+9	1.814136000E-5
1.419886667E+9	1.843905000E-5
1.419890000E+9	1.790737000E-5
1.419893333E+9	1.794742000E-5
1.419896667E+9	1.823099000E-5
1.419900000E+9	1.770144000E-5
1.419903333E+9	1.787619000E-5
1.419906667E+9	1.778078000E-5
1.419910000E+9	1.793600000E-5
1.419913333E+9	1.791921000E-5
1.419916667E+9	1.765883000E-5
1.419920000E+9	1.777801000E-5
1.419923333E+9	1.785750000E-5
1.419926667E+9	1.761722000E-5
1.419930000E+9	1.737493000E-5
1.419933333E+9	1.788338000E-5
1.419936667E+9	1.767973000E-5
1.419940000E+9	1.740439000E-5
1.419943333E+9	1.761703000E-5
1.419946667E+9	1.789726000E-5
1.419950000E+9	1.774063000E-5
1.419953333E+9	1.789561000E-5
1.419956667E+9	1.815740000E-5
1.419960000E+9	1.777262000E-5
1.419963333E+9	1.787586000E-5
1.419966667E+9	1.766776000E-5
1.419970000E+9	1.759945000E-5
1.419973333E+9	1.768719000E-5
1.419976667E+9	1.787185000E-5
1.419980000E+9	1.846642000E-5
1.419983333E+9	1.823638000E-5
1.419986667E+9	1.814905000E-5
1.419990000E+9	1.759346000E-5
1.419993333E+9	1.795588000E-5
1.419996667E+9	1.830157000E-5
1.420000000E+9	1.816578000E-5
1.420003333E+9	1.846751000E-5
1.420006667E+9	1.773473000E-5
1.420010000E+9	1.865904000E-5
1.420013333E+9	1.819760000E-5
1.420016667E+9	1.807087000E-5
1.420020000E+9	1.832658000E-5
1.420023333E+9	1.840113000E-5
1.420026667E+9	1.868926000E-5
1.420030000E+9	1.833459000E-5
1.420033333E+9	1.778330000E-5
1.420036667E+9	1.807283000E-5
1.420040000E+9	1.896324000E-5
1.420043333E+9	1.792810000E-5
1.420046667E+9	1.812082000E-5
1.420050000E+9	1.856196000E-5
1.420053333E+9	1.774743000E-5
1.420056667E+9	1.784393000E-5
1.420060000E+9	1.792481000E-5
1.420063333E+9	1.765843000E-5
1.420066667E+9	1.758435000E-5
1.420070000E+9	1.745284000E-5
1.420073333E+9	1.771068000E-5
1.420076667E+9	1.780753000E-5
1.420080000E+9	1.753759000E-5
1.420083333E+9	1.763992000E-5
1.420086667E+9	1.758131000E-5
1.420090000E+9	1.745865000E-5
1.420093333E+9	1.766597000E-5
1.420096667E+9	1.821161000E-5
1.420100000E+9	1.760890000E-5
1.420103333E+9	1.755256000E-5
1.420106667E+9	1.791409000E-5
1.420110000E+9	1.771111000E-5
1.420113333E+9	1.744905000E-5
1.420116667E+9	1.774798000E-5
1.420120000E+9	1.765800000E-5
1.420123333E+9	1.764072000E-5
1.420126667E+9	1.799604000E-5
1.420130000E+9	1.740674000E-5
1.420133333E+9	1.776786000E-5
1.420136667E+9	1.761921000E-5
1.420140000E+9	1.757250000E-5
1.420143333E+9	1.815882000E-5
1.420146667E+9	1.796974000E-5
1.420150000E+9	1.777112000E-5
1.420153333E+9	1.785928000E-5
1.420156667E+9	1.784954000E-5
1.420160000E+9	1.777495000E-5
1.420163333E+9	1.792861000E-5
1.420166667E+9	1.788283000E-5
1.420170000E+9	1.787821000E-5
1.420173333E+9	1.786289000E-5
1.420176667E+9	1.810473000E-5
1.420180000E+9	1.781199000E-5
1.420183333E+9	1.764924000E-5
1.420186667E+9	1.830117000E-5
1.420190000E+9	1.842589000E-5
1.420193333E+9	1.787491000E-5
1.420196667E+9	1.807640000E-5
1.420200000E+9	1.803570000E-5
1.420203333E+9	1.844091000E-5
1.420206667E+9	1.853642000E-5
1.420210000E+9	1.792983000E-5
1.420213333E+9	1.829554000E-5
1.420216667E+9	1.844739000E-5
1.420220000E+9	1.863799000E-5
1.420223333E+9	1.848202000E-5
1.420226667E+9	1.812265000E-5
1.420230000E+9	1.855572000E-5
1.420233333E+9	1.851260000E-5
1.420236667E+9	1.888771000E-5
1.420240000E+9	1.870583000E-5
1.420243333E+9	1.837446000E-5
1.420246667E+9	1.845774000E-5
1.420250000E+9	1.897901000E-5
1.420253333E+9	1.909288000E-5
1.420256667E+9	1.925479000E-5
1.420260000E+9	1.927806000E-5
1.420263333E+9	1.901305000E-5
1.420266667E+9	1.885058000E-5
1.420270000E+9	1.910968000E-5
1.420273333E+9	1.917502000E-5
1.420276667E+9	1.909170000E-5
1.420280000E+9	1.929572000E-5
1.420283333E+9	1.944427000E-5
1.420286667E+9	1.881475000E-5
1.420290000E+9	1.918325000E-5
1.420293333E+9	1.928892000E-5
1.420296667E+9	1.884216000E-5
1.420300000E+9	1.837365000E-5
1.420303333E+9	1.903598000E-5
1.420306667E+9	1.962635000E-5
1.420310000E+9	1.929557000E-5
1.420313333E+9	1.936537000E-5
1.420316667E+9	1.921747000E-5
1.420320000E+9	1.918561000E-5
1.420323333E+9	1.866082000E-5
1.420326667E+9	1.893582000E-5
1.420330000E+9	1.960393000E-5
1.420333333E+9	2.025449000E-5
1.420336667E+9	1.881186000E-5
1.420340000E+9	1.900299000E-5
1.420343333E+9	1.848248000E-5
1.420346667E+9	1.831634000E-5
1.420350000E+9	1.828404000E-5
1.420353333E+9	1.850175000E-5
1.420356667E+9	1.813505000E-5
1.420360000E+9	1.816701000E-5
1.420363333E+9	1.849915000E-5
1.420366667E+9	1.806739000E-5
1.420370000E+9	1.836897000E-5
1.420373333E+9	1.839121000E-5
1.420376667E+9	1.846350000E-5
1.420380000E+9	1.805173000E-5
1.420383333E+9	1.796962000E-5
1.420386667E+9	1.812720000E-5
1.420390000E+9	1.782690000E-5
1.420393333E+9	1.794786000E-5
1.420396667E+9	1.794127000E-5
1.420400000E+9	1.811399000E-5
1.420403333E+9	1.806567000E-5
1.420406667E+9	1.789526000E-5
1.420410000E+9	1.824193000E-5
1.420413333E+9	1.811672000E-5
1.420416667E+9	1.792432000E-5
1.420420000E+9	1.817392000E-5
1.420423333E+9	1.794571000E-5
1.420426667E+9	1.791791000E-5
1.420430000E+9	1.782811000E-5
1.420433333E+9	1.777339000E-5
1.420436667E+9	1.796339000E-5
1.420440000E+9	1.778973000E-5
1.420443333E+9	1.747217000E-5
1.420446667E+9	1.778504000E-5
1.420450000E+9	1.755610000E-5
1.420453333E+9	1.772124000E-5
1.420456667E+9	1.751756000E-5
1.420460000E+9	1.777551000E-5
1.420463333E+9	1.788017000E-5
1.420466667E+9	1.779205000E-5
1.420470000E+9	1.808732000E-5
1.420473333E+9	1.772194000E-5
1.420476667E+9	1.727510000E-5
1.420480000E+9	1.797529000E-5
1.420483333E+9	1.766562000E-5
1.420486667E+9	1.751534000E-5
1.420490000E+9	1.770366000E-5
1.420493333E+9	1.796116000E-5
1.420496667E+9	1.757020000E-5
1.420500000E+9	1.754188000E-5
1.420503333E+9	1.775554000E-5
1.420506667E+9	1.761689000E-5
1.420510000E+9	1.776100000E-5
1.420513333E+9	1.763938000E-5
1.420516667E+9	1.780155000E-5
1.420520000E+9	1.767637000E-5
1.420523333E+9	1.759694000E-5
1.420526667E+9	1.751261000E-5
1.420530000E+9	1.750817000E-5
1.420533333E+9	1.777858000E-5
1.420536667E+9	1.764924000E-5
1.420540000E+9	1.761847000E-5
1.420543333E+9	1.748199000E-5
1.420546667E+9	1.779106000E-5
1.420550000E+9	1.753077000E-5
1.420553333E+9	1.726787000E-5
1.420556667E+9	1.729140000E-5
1.420560000E+9	1.791533000E-5
1.420563333E+9	1.755930000E-5
1.420566667E+9	1.789341000E-5
1.420570000E+9	1.743905000E-5
1.420573333E+9	1.744929000E-5
1.420576667E+9	1.737418000E-5
1.420580000E+9	1.724340000E-5
1.420583333E+9	1.717060000E-5
1.420586667E+9	1.757331000E-5
1.420590000E+9	1.720136000E-5
1.420593333E+9	1.711380000E-5
1.420596667E+9	1.713890000E-5
1.420600000E+9	1.741331000E-5
1.420603333E+9	1.814630000E-5
1.420606667E+9	1.811887000E-5
1.420610000E+9	1.761006000E-5
1.420613333E+9	1.743484000E-5
1.420616667E+9	1.737605000E-5
1.420620000E+9	1.738342000E-5
1.420623333E+9	1.787388000E-5
1.420626667E+9	1.895086000E-5
1.420630000E+9	1.744031000E-5
1.420633333E+9	1.792035000E-5
1.420636667E+9	1.763351000E-5
1.420640000E+9	1.706957000E-5
1.420643333E+9	1.707030000E-5
1.420646667E+9	1.694394000E-5
1.420650000E+9	1.754994000E-5
1.420653333E+9	1.760362000E-5
1.420656667E+9	1.758039000E-5
1.420660000E+9	1.753366000E-5
1.420663333E+9	1.747884000E-5
1.420666667E+9	1.730578000E-5
1.420670000E+9	1.729562000E-5
1.420673333E+9	1.725633000E-5
1.420676667E+9	1.763981000E-5
1.420680000E+9	1.719120000E-5
1.420683333E+9	1.743771000E-5
1.420686667E+9	1.720283000E-5
1.420690000E+9	1.733485000E-5
1.420693333E+9	1.736447000E-5
1.420696667E+9	1.732020000E-5
1.420700000E+9	1.735729000E-5
1.420703333E+9	1.745477000E-5
1.420706667E+9	1.738138000E-5
1.420710000E+9	1.773588000E-5
1.420713333E+9	1.731055000E-5
1.420716667E+9	1.710925000E-5
1.420720000E+9	1.709104000E-5
1.420723333E+9	1.743843000E-5
1.420726667E+9	1.760542000E-5
1.420730000E+9	1.700214000E-5
1.420733333E+9	1.703852000E-5
1.420736667E+9	1.736347000E-5
1.420740000E+9	1.721995000E-5
1.420743333E+9	1.712786000E-5
1.420746667E+9	1.722915000E-5
1.420750000E+9	1.760517000E-5
1.420753333E+9	1.693568000E-5
1.420756667E+9	1.728343000E-5
1.420760000E+9	1.733978000E-5
1.420763333E+9	1.763952000E-5
1.420766667E+9	1.735188000E-5
1.420770000E+9	1.742999000E-5
1.420773333E+9	1.766074000E-5
1.420776667E+9	1.710722000E-5
1.420780000E+9	1.675300000E-5
1.420783333E+9	1.694141000E-5
1.420786667E+9	1.733807000E-5
1.420790000E+9	1.724264000E-5
1.420793333E+9	1.761368000E-5
1.420796667E+9	1.792326000E-5
1.420800000E+9	1.774895000E-5
1.420803333E+9	1.742479000E-5
1.420806667E+9	1.759993000E-5
1.420810000E+9	1.736549000E-5
1.420813333E+9	1.710745000E-5
1.420816667E+9	1.786242000E-5
1.420820000E+9	1.760158000E-5
1.420823333E+9	1.748261000E-5
1.420826667E+9	1.775685000E-5
1.420830000E+9	1.732916000E-5
1.420833333E+9	1.743625000E-5
1.420836667E+9	1.703837000E-5
1.420840000E+9	1.782584000E-5
1.420843333E+9	1.773502000E-5
1.420846667E+9	1.752210000E-5
1.420850000E+9	1.710140000E-5
1.420853333E+9	1.714694000E-5
1.420856667E+9	1.736550000E-5
1.420860000E+9	1.747359000E-5
1.420863333E+9	1.736558000E-5
1.420866667E+9	1.758680000E-5
1.420870000E+9	1.721693000E-5
1.420873333E+9	1.723518000E-5
1.420876667E+9	1.770829000E-5
1.420880000E+9	1.696933000E-5
1.420883333E+9	1.728352000E-5
1.420886667E+9	1.752993000E-5
1.420890000E+9	1.782836000E-5
1.420893333E+9	1.748443000E-5
1.420896667E+9	1.747071000E-5
1.420900000E+9	1.760388000E-5
1.420903333E+9	1.735356000E-5
1.420906667E+9	1.754298000E-5
1.420910000E+9	1.743554000E-5
1.420913333E+9	1.746319000E-5
1.420916667E+9	1.896058000E-5
1.420920000E+9	2.157077000E-5
1.420923333E+9	1.792239000E-5
1.420926667E+9	1.875957000E-5
1.420930000E+9	1.762453000E-5
1.420933333E+9	1.730572000E-5
1.420936667E+9	1.786379000E-5
1.420940000E+9	1.744123000E-5
1.420943333E+9	1.718126000E-5
1.420946667E+9	1.702394000E-5
1.420950000E+9	1.750325000E-5
1.420953333E+9	1.717994000E-5
1.420956667E+9	1.735296000E-5
1.420960000E+9	1.747410000E-5
1.420963333E+9	1.765703000E-5
1.420966667E+9	1.725523000E-5
1.420970000E+9	1.730380000E-5
1.420973333E+9	1.715298000E-5
1.420976667E+9	1.740049000E-5
1.420980000E+9	1.763041000E-5
1.420983333E+9	1.748274000E-5
1.420986667E+9	1.766568000E-5
1.420990000E+9	1.745420000E-5
1.420993333E+9	1.743798000E-5
1.420996667E+9	1.759505000E-5
1.421000000E+9	1.756565000E-5
1.421003333E+9	1.751606000E-5
1.421006667E+9	1.726518000E-5
1.421010000E+9	1.733790000E-5
1.421013333E+9	1.709624000E-5
1.421016667E+9	1.721230000E-5
1.421020000E+9	1.726238000E-5
1.421023333E+9	1.732140000E-5
1.421026667E+9	1.721528000E-5
1.421030000E+9	1.766235000E-5
1.421033333E+9	1.755263000E-5
1.421036667E+9	1.722547000E-5
1.421040000E+9	1.736850000E-5
1.421043333E+9	1.751865000E-5
1.421046667E+9	1.751854000E-5
1.421050000E+9	1.716485000E-5
1.421053333E+9	1.733474000E-5
1.421056667E+9	1.743476000E-5
1.421060000E+9	1.733575000E-5
1.421063333E+9	1.748575000E-5
1.421066667E+9	1.737964000E-5
1.421070000E+9	1.700413000E-5
1.421073333E+9	1.738804000E-5
1.421076667E+9	1.757637000E-5
1.421080000E+9	1.702368000E-5
1.421083333E+9	1.766048000E-5
1.421086667E+9	1.719149000E-5
1.421090000E+9	1.753905000E-5
1.421093333E+9	1.708674000E-5
1.421096667E+9	1.802232000E-5
1.421100000E+9	1.785091000E-5
1.421103333E+9	1.740511000E-5
1.421106667E+9	1.747424000E-5
1.421110000E+9	1.735963000E-5
1.421113333E+9	1.732785000E-5
1.421116667E+9	1.761540000E-5
1.421120000E+9	1.786530000E-5
1.421123333E+9	1.746304000E-5
1.421126667E+9	1.743729000E-5
1.421130000E+9	1.749126000E-5
1.421133333E+9	1.755570000E-5
1.421136667E+9	1.736526000E-5
1.421140000E+9	1.784713000E-5
1.421143333E+9	1.736568000E-5
1.421146667E+9	1.740007000E-5
1.421150000E+9	1.739323000E-5
1.421153333E+9	1.753668000E-5
1.421156667E+9	1.749342000E-5
1.421160000E+9	1.738330000E-5
1.421163333E+9	1.762169000E-5
1.421166667E+9	1.811228000E-5
1.421170000E+9	1.762561000E-5
1.421173333E+9	1.755364000E-5
1.421176667E+9	1.722971000E-5
1.421180000E+9	1.755452000E-5
1.421183333E+9	1.735359000E-5
1.421186667E+9	1.753245000E-5
1.421190000E+9	1.765296000E-5
1.421193333E+9	1.762354000E-5
1.421196667E+9	1.768454000E-5
1.421200000E+9	1.739978000E-5
1.421203333E+9	1.742207000E-5
1.421206667E+9	1.712940000E-5
1.421210000E+9	1.804868000E-5
1.421213333E+9	1.857378000E-5
1.421216667E+9	1.791793000E-5
1.421220000E+9	1.802216000E-5
1.421223333E+9	1.741999000E-5
1.421226667E+9	1.742577000E-5
1.421230000E+9	1.787654000E-5
1.421233333E+9	1.787060000E-5
1.421236667E+9	1.746902000E-5
1.421240000E+9	1.734119000E-5
1.421243333E+9	1.761230000E-5
1.421246667E+9	1.735653000E-5
1.421250000E+9	1.768221000E-5
1.421253333E+9	1.738813000E-5
1.421256667E+9	1.735445000E-5
1.421260000E+9	1.753256000E-5
1.421263333E+9	1.767670000E-5
1.421266667E+9	1.777971000E-5
1.421270000E+9	1.734144000E-5
1.421273333E+9	1.718020000E-5
1.421276667E+9	1.760517000E-5
1.421280000E+9	1.742381000E-5
1.421283333E+9	1.745474000E-5
1.421286667E+9	1.788628000E-5
1.421290000E+9	1.754021000E-5
1.421293333E+9	1.768515000E-5
1.421296667E+9	1.806551000E-5
1.421300000E+9	1.845517000E-5
1.421303333E+9	1.749301000E-5
1.421306667E+9	1.827083000E-5
1.421310000E+9	1.809878000E-5
1.421313333E+9	1.795753000E-5
1.421316667E+9	1.774262000E-5
1.421320000E+9	1.776332000E-5
1.421323333E+9	1.828468000E-5
1.421326667E+9	1.901221000E-5
1.421330000E+9	2.316920000E-5
1.421333333E+9	2.227158000E-5
1.421336667E+9	1.899049000E-5
1.421340000E+9	1.803487000E-5
1.421343333E+9	1.825399000E-5
1.421346667E+9	1.801882000E-5
1.421350000E+9	1.854829000E-5
1.421353333E+9	2.241849000E-5
1.421356667E+9	2.076652000E-5
1.421360000E+9	1.792861000E-5
1.421363333E+9	1.868409000E-5
1.421366667E+9	2.098235000E-5
1.421370000E+9	1.832369000E-5
1.421373333E+9	1.811497000E-5
1.421376667E+9	1.781486000E-5
1.421380000E+9	1.767274000E-5
1.421383333E+9	1.782273000E-5
1.421386667E+9	1.739247000E-5
1.421390000E+9	1.795477000E-5
1.421393333E+9	1.791338000E-5
1.421396667E+9	1.869624000E-5
1.421400000E+9	1.890659000E-5
