Frequency, Hz	Amplitude, Volts
1.419400000E+9	1.552133000E-5
1.419403333E+9	1.555378000E-5
1.419406667E+9	1.556223000E-5
1.419410000E+9	1.573943000E-5
1.419413333E+9	1.555823000E-5
1.419416667E+9	1.546287000E-5
1.419420000E+9	1.538845000E-5
1.419423333E+9	1.558516000E-5
1.419426667E+9	1.537207000E-5
1.419430000E+9	1.544013000E-5
1.419433333E+9	1.564395000E-5
1.419436667E+9	1.577124000E-5
1.419440000E+9	1.607929000E-5
1.419443333E+9	1.516893000E-5
1.419446667E+9	1.589624000E-5
1.419450000E+9	1.861705000E-5
1.419453333E+9	1.667030000E-5
1.419456667E+9	1.556825000E-5
1.419460000E+9	1.572708000E-5
1.419463333E+9	1.546511000E-5
1.419466667E+9	1.565864000E-5
1.419470000E+9	1.533624000E-5
1.419473333E+9	1.518699000E-5
1.419476667E+9	1.551298000E-5
1.419480000E+9	1.535102000E-5
1.419483333E+9	1.563027000E-5
1.419486667E+9	1.520388000E-5
1.419490000E+9	1.522676000E-5
1.419493333E+9	1.528160000E-5
1.419496667E+9	1.550945000E-5
1.419500000E+9	1.527791000E-5
1.419503333E+9	1.533882000E-5
1.419506667E+9	1.510436000E-5
1.419510000E+9	1.512429000E-5
1.419513333E+9	1.515966000E-5
1.419516667E+9	1.562419000E-5
1.419520000E+9	1.536798000E-5
1.419523333E+9	1.538889000E-5
1.419526667E+9	1.552772000E-5
1.419530000E+9	1.521998000E-5
1.419533333E+9	1.528819000E-5
1.419536667E+9	1.521801000E-5
1.419540000E+9	1.565928000E-5
1.419543333E+9	1.526957000E-5
1.419546667E+9	1.535358000E-5
1.419550000E+9	1.541026000E-5
1.419553333E+9	1.562188000E-5
1.419556667E+9	1.562054000E-5
1.419560000E+9	1.534915000E-5
1.419563333E+9	1.527117000E-5
1.419566667E+9	1.545416000E-5
1.419570000E+9	1.558058000E-5
1.419573333E+9	1.532636000E-5
1.419576667E+9	1.522292000E-5
1.419580000E+9	1.554080000E-5
1.419583333E+9	1.534906000E-5
1.419586667E+9	1.496603000E-5
1.419590000E+9	1.526917000E-5
1.419593333E+9	1.530805000E-5
1.419596667E+9	1.564632000E-5
1.419600000E+9	1.565027000E-5
1.419603333E+9	1.563037000E-5
1.419606667E+9	1.543459000E-5
1.419610000E+9	1.516287000E-5
1.419613333E+9	1.540283000E-5
1.419616667E+9	1.533993000E-5
1.419620000E+9	1.556524000E-5
1.419623333E+9	1.550970000E-5
1.419626667E+9	1.536142000E-5
1.419630000E+9	1.564565000E-5
1.419633333E+9	1.575352000E-5
1.419636667E+9	1.573954000E-5
1.419640000E+9	1.537264000E-5
1.419643333E+9	1.538593000E-5
1.419646667E+9	1.541958000E-5
1.419650000E+9	1.534549000E-5
1.419653333E+9	1.490889000E-5
1.419656667E+9	1.523469000E-5
1.419660000E+9	1.536792000E-5
1.419663333E+9	1.538571000E-5
1.419666667E+9	1.542604000E-5
1.419670000E+9	1.518278000E-5
1.419673333E+9	1.530445000E-5
1.419676667E+9	1.530687000E-5
1.419680000E+9	1.540708000E-5
1.419683333E+9	1.541682000E-5
1.419686667E+9	1.555972000E-5
1.419690000E+9	1.518971000E-5
1.419693333E+9	1.537293000E-5
1.419696667E+9	1.528969000E-5
1.419700000E+9	1.533586000E-5
1.419703333E+9	1.513459000E-5
1.419706667E+9	1.537953000E-5
1.419710000E+9	1.533592000E-5
1.419713333E+9	1.563312000E-5
1.419716667E+9	1.534150000E-5
1.419720000E+9	1.529006000E-5
1.419723333E+9	1.553534000E-5
1.419726667E+9	1.546672000E-5
1.419730000E+9	1.578989000E-5
1.419733333E+9	1.903561000E-5
1.419736667E+9	1.587784000E-5
1.419740000E+9	1.638686000E-5
1.419743333E+9	1.856824000E-5
1.419746667E+9	1.649125000E-5
1.419750000E+9	1.599101000E-5
1.419753333E+9	1.534970000E-5
1.419756667E+9	1.522661000E-5
1.419760000E+9	1.563191000E-5
1.419763333E+9	1.528160000E-5
1.419766667E+9	1.536592000E-5
1.419770000E+9	1.523118000E-5
1.419773333E+9	1.514571000E-5
1.419776667E+9	1.522681000E-5
1.419780000E+9	1.560216000E-5
1.419783333E+9	1.571120000E-5
1.419786667E+9	1.566015000E-5
1.419790000E+9	1.523220000E-5
1.419793333E+9	1.531479000E-5
1.419796667E+9	1.528324000E-5
1.419800000E+9	1.526091000E-5
1.419803333E+9	1.543651000E-5
1.419806667E+9	1.507092000E-5
1.419810000E+9	1.528762000E-5
1.419813333E+9	1.530522000E-5
1.419816667E+9	1.550666000E-5
1.419820000E+9	1.551743000E-5
1.419823333E+9	1.537345000E-5
1.419826667E+9	1.517079000E-5
1.419830000E+9	1.516185000E-5
1.419833333E+9	1.532305000E-5
1.419836667E+9	1.506410000E-5
1.419840000E+9	1.526168000E-5
1.419843333E+9	1.544726000E-5
1.419846667E+9	1.524984000E-5
1.419850000E+9	1.517563000E-5
1.419853333E+9	1.526260000E-5
1.419856667E+9	1.520627000E-5
1.419860000E+9	1.573672000E-5
1.419863333E+9	1.541616000E-5
1.419866667E+9	1.538632000E-5
1.419870000E+9	1.547195000E-5
1.419873333E+9	1.554765000E-5
1.419876667E+9	1.537399000E-5
1.419880000E+9	1.555692000E-5
1.419883333E+9	1.581602000E-5
1.419886667E+9	1.523508000E-5
1.419890000E+9	1.547897000E-5
1.419893333E+9	1.547360000E-5
1.419896667E+9	1.579798000E-5
1.419900000E+9	1.558559000E-5
1.419903333E+9	1.549885000E-5
1.419906667E+9	1.545004000E-5
1.419910000E+9	1.549252000E-5
1.419913333E+9	1.548414000E-5
1.419916667E+9	1.568068000E-5
1.419920000E+9	1.556172000E-5
1.419923333E+9	1.575740000E-5
1.419926667E+9	1.591832000E-5
1.419930000E+9	1.561836000E-5
1.419933333E+9	1.579473000E-5
1.419936667E+9	1.552455000E-5
1.419940000E+9	1.574773000E-5
1.419943333E+9	1.584282000E-5
1.419946667E+9	1.558344000E-5
1.419950000E+9	1.574265000E-5
1.419953333E+9	1.570075000E-5
1.419956667E+9	1.606540000E-5
1.419960000E+9	1.596962000E-5
1.419963333E+9	1.595030000E-5
1.419966667E+9	1.603770000E-5
1.419970000E+9	1.581833000E-5
1.419973333E+9	1.595638000E-5
1.419976667E+9	1.601194000E-5
1.419980000E+9	1.666567000E-5
1.419983333E+9	1.602553000E-5
1.419986667E+9	1.589100000E-5
1.419990000E+9	1.585256000E-5
1.419993333E+9	1.591302000E-5
1.419996667E+9	1.572033000E-5
1.420000000E+9	1.628534000E-5
1.420003333E+9	1.645777000E-5
1.420006667E+9	1.582349000E-5
1.420010000E+9	1.605486000E-5
1.420013333E+9	1.582382000E-5
1.420016667E+9	1.602175000E-5
1.420020000E+9	1.608497000E-5
1.420023333E+9	1.561690000E-5
1.420026667E+9	1.595806000E-5
1.420030000E+9	1.582185000E-5
1.420033333E+9	1.704037000E-5
1.420036667E+9	1.840970000E-5
1.420040000E+9	1.674498000E-5
1.420043333E+9	1.622704000E-5
1.420046667E+9	1.589692000E-5
1.420050000E+9	1.588094000E-5
1.420053333E+9	1.584579000E-5
1.420056667E+9	1.625702000E-5
1.420060000E+9	1.637502000E-5
1.420063333E+9	1.611209000E-5
1.420066667E+9	1.619122000E-5
1.420070000E+9	1.626455000E-5
1.420073333E+9	1.606985000E-5
1.420076667E+9	1.593154000E-5
1.420080000E+9	1.594355000E-5
1.420083333E+9	1.614682000E-5
1.420086667E+9	1.598705000E-5
1.420090000E+9	1.593529000E-5
1.420093333E+9	1.592854000E-5
1.420096667E+9	1.607825000E-5
1.420100000E+9	1.613682000E-5
1.420103333E+9	1.614398000E-5
1.420106667E+9	1.599974000E-5
1.420110000E+9	1.604161000E-5
1.420113333E+9	1.622123000E-5
1.420116667E+9	1.632150000E-5
1.420120000E+9	1.637457000E-5
1.420123333E+9	1.629194000E-5
1.420126667E+9	1.621030000E-5
1.420130000E+9	1.628829000E-5
1.420133333E+9	1.592624000E-5
1.420136667E+9	1.664011000E-5
1.420140000E+9	1.613765000E-5
1.420143333E+9	1.612141000E-5
1.420146667E+9	1.607461000E-5
1.420150000E+9	1.657393000E-5
1.420153333E+9	1.661092000E-5
1.420156667E+9	1.638635000E-5
1.420160000E+9	1.655117000E-5
1.420163333E+9	1.644829000E-5
1.420166667E+9	1.643312000E-5
1.420170000E+9	1.624298000E-5
1.420173333E+9	1.659765000E-5
1.420176667E+9	1.662343000E-5
1.420180000E+9	1.640947000E-5
1.420183333E+9	1.660450000E-5
1.420186667E+9	1.673847000E-5
1.420190000E+9	1.646478000E-5
1.420193333E+9	1.645662000E-5
1.420196667E+9	1.668323000E-5
1.420200000E+9	1.679936000E-5
1.420203333E+9	1.671667000E-5
1.420206667E+9	1.619211000E-5
1.420210000E+9	1.675215000E-5
1.420213333E+9	1.648564000E-5
1.420216667E+9	1.682790000E-5
1.420220000E+9	1.682304000E-5
1.420223333E+9	1.674855000E-5
1.420226667E+9	1.683058000E-5
1.420230000E+9	1.689950000E-5
1.420233333E+9	1.666911000E-5
1.420236667E+9	1.654682000E-5
1.420240000E+9	1.658349000E-5
1.420243333E+9	1.693501000E-5
1.420246667E+9	1.704646000E-5
1.420250000E+9	1.695430000E-5
1.420253333E+9	1.667359000E-5
1.420256667E+9	1.671010000E-5
1.420260000E+9	1.685960000E-5
1.420263333E+9	1.696898000E-5
1.420266667E+9	1.756916000E-5
1.420270000E+9	1.696516000E-5
1.420273333E+9	1.669893000E-5
1.420276667E+9	1.655693000E-5
1.420280000E+9	1.697999000E-5
1.420283333E+9	1.694839000E-5
1.420286667E+9	1.691706000E-5
1.420290000E+9	1.684755000E-5
1.420293333E+9	1.698510000E-5
1.420296667E+9	1.709744000E-5
1.420300000E+9	1.713505000E-5
1.420303333E+9	1.660909000E-5
1.420306667E+9	1.713206000E-5
1.420310000E+9	1.705316000E-5
1.420313333E+9	1.687517000E-5
1.420316667E+9	1.713209000E-5
1.420320000E+9	1.762767000E-5
1.420323333E+9	1.716568000E-5
1.420326667E+9	1.813973000E-5
1.420330000E+9	1.858039000E-5
1.420333333E+9	1.709936000E-5
1.420336667E+9	1.708059000E-5
1.420340000E+9	1.675180000E-5
1.420343333E+9	1.724181000E-5
1.420346667E+9	1.690623000E-5
1.420350000E+9	1.687676000E-5
1.420353333E+9	1.689618000E-5
1.420356667E+9	1.668280000E-5
1.420360000E+9	1.662571000E-5
1.420363333E+9	1.658721000E-5
1.420366667E+9	1.636569000E-5
1.420370000E+9	1.611013000E-5
1.420373333E+9	1.627654000E-5
1.420376667E+9	1.593327000E-5
1.420380000E+9	1.549079000E-5
1.420383333E+9	1.536645000E-5
1.420386667E+9	1.556941000E-5
1.420390000E+9	1.572737000E-5
1.420393333E+9	1.546326000E-5
1.420396667E+9	1.570015000E-5
1.420400000E+9	1.566955000E-5
1.420403333E+9	1.568797000E-5
1.420406667E+9	1.562675000E-5
1.420410000E+9	1.553389000E-5
1.420413333E+9	1.576747000E-5
1.420416667E+9	1.552082000E-5
1.420420000E+9	1.572986000E-5
1.420423333E+9	1.538776000E-5
1.420426667E+9	1.555796000E-5
1.420430000E+9	1.558268000E-5
1.420433333E+9	1.539957000E-5
1.420436667E+9	1.566416000E-5
1.420440000E+9	1.547856000E-5
1.420443333E+9	1.550951000E-5
1.420446667E+9	1.558198000E-5
1.420450000E+9	1.569189000E-5
1.420453333E+9	1.551767000E-5
1.420456667E+9	1.590561000E-5
1.420460000E+9	1.576860000E-5
1.420463333E+9	1.538561000E-5
1.420466667E+9	1.558367000E-5
1.420470000E+9	1.573850000E-5
1.420473333E+9	1.562841000E-5
1.420476667E+9	1.575837000E-5
1.420480000E+9	1.563413000E-5
1.420483333E+9	1.603542000E-5
1.420486667E+9	1.584344000E-5
1.420490000E+9	1.580114000E-5
1.420493333E+9	1.599832000E-5
1.420496667E+9	1.582394000E-5
1.420500000E+9	1.576984000E-5
1.420503333E+9	1.569403000E-5
1.420506667E+9	1.563361000E-5
1.420510000E+9	1.547895000E-5
1.420513333E+9	1.593998000E-5
1.420516667E+9	1.545608000E-5
1.420520000E+9	1.577393000E-5
1.420523333E+9	1.591571000E-5
1.420526667E+9	1.565734000E-5
1.420530000E+9	1.597617000E-5
1.420533333E+9	1.581340000E-5
1.420536667E+9	1.530904000E-5
1.420540000E+9	1.596929000E-5
1.420543333E+9	1.566105000E-5
1.420546667E+9	1.558749000E-5
1.420550000E+9	1.579346000E-5
1.420553333E+9	1.552874000E-5
1.420556667E+9	1.584231000E-5
1.420560000E+9	1.576875000E-5
1.420563333E+9	1.545662000E-5
1.420566667E+9	1.560283000E-5
1.420570000E+9	1.564520000E-5
1.420573333E+9	1.549936000E-5
1.420576667E+9	1.578947000E-5
1.420580000E+9	1.579779000E-5
1.420583333E+9	1.542600000E-5
1.420586667E+9	1.570930000E-5
1.420590000E+9	1.560379000E-5
1.420593333E+9	1.607959000E-5
1.420596667E+9	1.575811000E-5
1.420600000E+9	1.569029000E-5
1.420603333E+9	1.580904000E-5
1.420606667E+9	1.602858000E-5
1.420610000E+9	1.592071000E-5
1.420613333E+9	1.610503000E-5
1.420616667E+9	1.600724000E-5
1.420620000E+9	1.831216000E-5
1.420623333E+9	1.891355000E-5
1.420626667E+9	1.651416000E-5
1.420630000E+9	1.551954000E-5
1.420633333E+9	1.596207000E-5
1.420636667E+9	1.598320000E-5
1.420640000E+9	1.610551000E-5
1.420643333E+9	1.605411000E-5
1.420646667E+9	1.571660000E-5
1.420650000E+9	1.574133000E-5
1.420653333E+9	1.558970000E-5
1.420656667E+9	1.548392000E-5
1.420660000E+9	1.551930000E-5
1.420663333E+9	1.584565000E-5
1.420666667E+9	1.537436000E-5
1.420670000E+9	1.550396000E-5
1.420673333E+9	1.535724000E-5
1.420676667E+9	1.584510000E-5
1.420680000E+9	1.581515000E-5
1.420683333E+9	1.538421000E-5
1.420686667E+9	1.521498000E-5
1.420690000E+9	1.534286000E-5
1.420693333E+9	1.525630000E-5
1.420696667E+9	1.556679000E-5
1.420700000E+9	1.548509000E-5
1.420703333E+9	1.541308000E-5
1.420706667E+9	1.521274000E-5
1.420710000E+9	1.533193000E-5
1.420713333E+9	1.525597000E-5
1.420716667E+9	1.551859000E-5
1.420720000E+9	1.534677000E-5
1.420723333E+9	1.528059000E-5
1.420726667E+9	1.549067000E-5
1.420730000E+9	1.532439000E-5
1.420733333E+9	1.599716000E-5
1.420736667E+9	1.530432000E-5
1.420740000E+9	1.525128000E-5
1.420743333E+9	1.530069000E-5
1.420746667E+9	1.555325000E-5
1.420750000E+9	1.520061000E-5
1.420753333E+9	1.525649000E-5
1.420756667E+9	1.551620000E-5
1.420760000E+9	1.512202000E-5
1.420763333E+9	1.484732000E-5
1.420766667E+9	1.543437000E-5
1.420770000E+9	1.521291000E-5
1.420773333E+9	1.523252000E-5
1.420776667E+9	1.518066000E-5
1.420780000E+9	1.487084000E-5
1.420783333E+9	1.495399000E-5
1.420786667E+9	1.572012000E-5
1.420790000E+9	1.551656000E-5
1.420793333E+9	1.595755000E-5
1.420796667E+9	1.541249000E-5
1.420800000E+9	1.504803000E-5
1.420803333E+9	1.521712000E-5
1.420806667E+9	1.524664000E-5
1.420810000E+9	1.530112000E-5
1.420813333E+9	1.546849000E-5
1.420816667E+9	1.528241000E-5
1.420820000E+9	1.515721000E-5
1.420823333E+9	1.550700000E-5
1.420826667E+9	1.527180000E-5
1.420830000E+9	1.558568000E-5
1.420833333E+9	1.545107000E-5
1.420836667E+9	1.530163000E-5
1.420840000E+9	1.521731000E-5
1.420843333E+9	1.498002000E-5
1.420846667E+9	1.522805000E-5
1.420850000E+9	1.502162000E-5
1.420853333E+9	1.516718000E-5
1.420856667E+9	1.538644000E-5
1.420860000E+9	1.499746000E-5
1.420863333E+9	1.518509000E-5
1.420866667E+9	1.558823000E-5
1.420870000E+9	1.518083000E-5
1.420873333E+9	1.514862000E-5
1.420876667E+9	1.525846000E-5
1.420880000E+9	1.543546000E-5
1.420883333E+9	1.635687000E-5
1.420886667E+9	1.585571000E-5
1.420890000E+9	1.511238000E-5
1.420893333E+9	1.518378000E-5
1.420896667E+9	1.543490000E-5
1.420900000E+9	1.571379000E-5
1.420903333E+9	1.645914000E-5
1.420906667E+9	1.663189000E-5
1.420910000E+9	1.531344000E-5
1.420913333E+9	2.336309000E-5
1.420916667E+9	2.249387000E-5
1.420920000E+9	1.695793000E-5
1.420923333E+9	1.502601000E-5
1.420926667E+9	1.523938000E-5
1.420930000E+9	1.541474000E-5
1.420933333E+9	1.516768000E-5
1.420936667E+9	1.506668000E-5
1.420940000E+9	1.600180000E-5
1.420943333E+9	1.551809000E-5
1.420946667E+9	1.551305000E-5
1.420950000E+9	1.511860000E-5
1.420953333E+9	1.510324000E-5
1.420956667E+9	1.518226000E-5
1.420960000E+9	1.538184000E-5
1.420963333E+9	1.529253000E-5
1.420966667E+9	1.516418000E-5
1.420970000E+9	1.544578000E-5
1.420973333E+9	1.518574000E-5
1.420976667E+9	1.540836000E-5
1.420980000E+9	1.532902000E-5
1.420983333E+9	1.511677000E-5
1.420986667E+9	1.559792000E-5
1.420990000E+9	1.525689000E-5
1.420993333E+9	1.513198000E-5
1.420996667E+9	1.533976000E-5
1.421000000E+9	1.536201000E-5
1.421003333E+9	1.531714000E-5
1.421006667E+9	1.563878000E-5
1.421010000E+9	1.530617000E-5
1.421013333E+9	1.517041000E-5
1.421016667E+9	1.570329000E-5
1.421020000E+9	1.530944000E-5
1.421023333E+9	1.526191000E-5
1.421026667E+9	1.542959000E-5
1.421030000E+9	1.540138000E-5
1.421033333E+9	1.509660000E-5
1.421036667E+9	1.504303000E-5
1.421040000E+9	1.498354000E-5
1.421043333E+9	1.536485000E-5
1.421046667E+9	1.517788000E-5
1.421050000E+9	1.532199000E-5
1.421053333E+9	1.543036000E-5
1.421056667E+9	1.528799000E-5
1.421060000E+9	1.508267000E-5
1.421063333E+9	1.527185000E-5
1.421066667E+9	1.525314000E-5
1.421070000E+9	1.490705000E-5
1.421073333E+9	1.528910000E-5
1.421076667E+9	1.557567000E-5
1.421080000E+9	1.514204000E-5
1.421083333E+9	1.544207000E-5
1.421086667E+9	1.522207000E-5
1.421090000E+9	1.578502000E-5
1.421093333E+9	1.548303000E-5
1.421096667E+9	1.546743000E-5
1.421100000E+9	1.529926000E-5
1.421103333E+9	1.518518000E-5
1.421106667E+9	1.537841000E-5
1.421110000E+9	1.540824000E-5
1.421113333E+9	1.527008000E-5
1.421116667E+9	1.554300000E-5
1.421120000E+9	1.541144000E-5
1.421123333E+9	1.537544000E-5
1.421126667E+9	1.560251000E-5
1.421130000E+9	1.558638000E-5
1.421133333E+9	1.551422000E-5
1.421136667E+9	1.537765000E-5
1.421140000E+9	1.530133000E-5
1.421143333E+9	1.489967000E-5
1.421146667E+9	1.548761000E-5
1.421150000E+9	1.540716000E-5
1.421153333E+9	1.549815000E-5
1.421156667E+9	1.533614000E-5
1.421160000E+9	1.538953000E-5
1.421163333E+9	1.574635000E-5
1.421166667E+9	1.542637000E-5
1.421170000E+9	1.532651000E-5
1.421173333E+9	1.528725000E-5
1.421176667E+9	1.552441000E-5
1.421180000E+9	1.616717000E-5
1.421183333E+9	1.503826000E-5
1.421186667E+9	1.509995000E-5
1.421190000E+9	1.552049000E-5
1.421193333E+9	1.537836000E-5
1.421196667E+9	1.538384000E-5
1.421200000E+9	1.581980000E-5
1.421203333E+9	1.577483000E-5
1.421206667E+9	1.945174000E-5
1.421210000E+9	1.799764000E-5
1.421213333E+9	1.573896000E-5
1.421216667E+9	1.528972000E-5
1.421220000E+9	1.524726000E-5
1.421223333E+9	1.526791000E-5
1.421226667E+9	1.551060000E-5
1.421230000E+9	1.539906000E-5
1.421233333E+9	1.523610000E-5
1.421236667E+9	1.553765000E-5
1.421240000E+9	1.539450000E-5
1.421243333E+9	1.520298000E-5
1.421246667E+9	1.513434000E-5
1.421250000E+9	1.505831000E-5
1.421253333E+9	1.496616000E-5
1.421256667E+9	1.518843000E-5
1.421260000E+9	1.499078000E-5
1.421263333E+9	1.537470000E-5
1.421266667E+9	1.517266000E-5
1.421270000E+9	1.518928000E-5
1.421273333E+9	1.512909000E-5
1.421276667E+9	1.530847000E-5
1.421280000E+9	1.532305000E-5
1.421283333E+9	1.542915000E-5
1.421286667E+9	1.522317000E-5
1.421290000E+9	1.524517000E-5
1.421293333E+9	1.532224000E-5
1.421296667E+9	1.538780000E-5
1.421300000E+9	1.571039000E-5
1.421303333E+9	1.517048000E-5
1.421306667E+9	1.540858000E-5
1.421310000E+9	1.524189000E-5
1.421313333E+9	1.544083000E-5
1.421316667E+9	1.566829000E-5
1.421320000E+9	1.532027000E-5
1.421323333E+9	1.537835000E-5
1.421326667E+9	1.523638000E-5
1.421330000E+9	1.550084000E-5
1.421333333E+9	1.522379000E-5
1.421336667E+9	1.503244000E-5
1.421340000E+9	1.534763000E-5
1.421343333E+9	1.532633000E-5
1.421346667E+9	1.527455000E-5
1.421350000E+9	1.545986000E-5
1.421353333E+9	1.561795000E-5
1.421356667E+9	1.569605000E-5
1.421360000E+9	1.519327000E-5
1.421363333E+9	1.583557000E-5
1.421366667E+9	1.793592000E-5
1.421370000E+9	1.565080000E-5
1.421373333E+9	1.554164000E-5
1.421376667E+9	1.547039000E-5
1.421380000E+9	1.555197000E-5
1.421383333E+9	1.549108000E-5
1.421386667E+9	1.551361000E-5
1.421390000E+9	1.557538000E-5
1.421393333E+9	1.538279000E-5
1.421396667E+9	1.538071000E-5
1.421400000E+9	1.514292000E-5
