Frequency, Hz	Amplitude, Volts
1.419400000E+9	1.976308000E-5
1.419403333E+9	1.977886000E-5
1.419406667E+9	1.946507000E-5
1.419410000E+9	1.907293000E-5
1.419413333E+9	2.046168000E-5
1.419416667E+9	1.927082000E-5
1.419420000E+9	1.948838000E-5
1.419423333E+9	1.981761000E-5
1.419426667E+9	1.931475000E-5
1.419430000E+9	1.964144000E-5
1.419433333E+9	1.951161000E-5
1.419436667E+9	1.978509000E-5
1.419440000E+9	2.201412000E-5
1.419443333E+9	2.046444000E-5
1.419446667E+9	1.988944000E-5
1.419450000E+9	2.141904000E-5
1.419453333E+9	2.267185000E-5
1.419456667E+9	2.142066000E-5
1.419460000E+9	1.961695000E-5
1.419463333E+9	1.970276000E-5
1.419466667E+9	1.950602000E-5
1.419470000E+9	1.952977000E-5
1.419473333E+9	1.943616000E-5
1.419476667E+9	1.929383000E-5
1.419480000E+9	1.956323000E-5
1.419483333E+9	1.957208000E-5
1.419486667E+9	1.988830000E-5
1.419490000E+9	1.979630000E-5
1.419493333E+9	1.990589000E-5
1.419496667E+9	1.934368000E-5
1.419500000E+9	1.941602000E-5
1.419503333E+9	1.930443000E-5
1.419506667E+9	1.951031000E-5
1.419510000E+9	1.953504000E-5
1.419513333E+9	1.950251000E-5
1.419516667E+9	1.932447000E-5
1.419520000E+9	1.990825000E-5
1.419523333E+9	1.910737000E-5
1.419526667E+9	1.930985000E-5
1.419530000E+9	1.955324000E-5
1.419533333E+9	1.921789000E-5
1.419536667E+9	1.968284000E-5
1.419540000E+9	1.988501000E-5
1.419543333E+9	1.942622000E-5
1.419546667E+9	1.913296000E-5
1.419550000E+9	1.960483000E-5
1.419553333E+9	1.920920000E-5
1.419556667E+9	1.903471000E-5
1.419560000E+9	1.961418000E-5
1.419563333E+9	1.961121000E-5
1.419566667E+9	1.938808000E-5
1.419570000E+9	1.964170000E-5
1.419573333E+9	1.915400000E-5
1.419576667E+9	1.951172000E-5
1.419580000E+9	1.953541000E-5
1.419583333E+9	1.983381000E-5
1.419586667E+9	1.931418000E-5
1.419590000E+9	1.933073000E-5
1.419593333E+9	1.982811000E-5
1.419596667E+9	1.973575000E-5
1.419600000E+9	1.952501000E-5
1.419603333E+9	1.946693000E-5
1.419606667E+9	1.935570000E-5
1.419610000E+9	1.950861000E-5
1.419613333E+9	1.988317000E-5
1.419616667E+9	1.947978000E-5
1.419620000E+9	1.951843000E-5
1.419623333E+9	1.955419000E-5
1.419626667E+9	1.938326000E-5
1.419630000E+9	1.914260000E-5
1.419633333E+9	1.977899000E-5
1.419636667E+9	1.940049000E-5
1.419640000E+9	1.900015000E-5
1.419643333E+9	1.987925000E-5
1.419646667E+9	1.922599000E-5
1.419650000E+9	1.940863000E-5
1.419653333E+9	1.940462000E-5
1.419656667E+9	1.917384000E-5
1.419660000E+9	1.961749000E-5
1.419663333E+9	1.916548000E-5
1.419666667E+9	1.937899000E-5
1.419670000E+9	1.953899000E-5
1.419673333E+9	1.941656000E-5
1.419676667E+9	1.980222000E-5
1.419680000E+9	1.955554000E-5
1.419683333E+9	1.941852000E-5
1.419686667E+9	1.920199000E-5
1.419690000E+9	1.920996000E-5
1.419693333E+9	1.918226000E-5
1.419696667E+9	1.934499000E-5
1.419700000E+9	1.933841000E-5
1.419703333E+9	1.923262000E-5
1.419706667E+9	1.947484000E-5
1.419710000E+9	1.894720000E-5
1.419713333E+9	1.907435000E-5
1.419716667E+9	1.918669000E-5
1.419720000E+9	1.938982000E-5
1.419723333E+9	2.012857000E-5
1.419726667E+9	2.003233000E-5
1.419730000E+9	1.971187000E-5
1.419733333E+9	2.315631000E-5
1.419736667E+9	1.999098000E-5
1.419740000E+9	1.962555000E-5
1.419743333E+9	2.151327000E-5
1.419746667E+9	2.256424000E-5
1.419750000E+9	2.067431000E-5
1.419753333E+9	1.953530000E-5
1.419756667E+9	1.949046000E-5
1.419760000E+9	1.968472000E-5
1.419763333E+9	1.962189000E-5
1.419766667E+9	1.955633000E-5
1.419770000E+9	1.967982000E-5
1.419773333E+9	1.962816000E-5
1.419776667E+9	1.926126000E-5
1.419780000E+9	1.967362000E-5
1.419783333E+9	1.904504000E-5
1.419786667E+9	1.945723000E-5
1.419790000E+9	1.941310000E-5
1.419793333E+9	1.951871000E-5
1.419796667E+9	1.976164000E-5
1.419800000E+9	1.923089000E-5
1.419803333E+9	1.924855000E-5
1.419806667E+9	1.898651000E-5
1.419810000E+9	1.922732000E-5
1.419813333E+9	1.960253000E-5
1.419816667E+9	1.975652000E-5
1.419820000E+9	1.996069000E-5
1.419823333E+9	1.946490000E-5
1.419826667E+9	1.950645000E-5
1.419830000E+9	1.917001000E-5
1.419833333E+9	1.924787000E-5
1.419836667E+9	1.918620000E-5
1.419840000E+9	1.940677000E-5
1.419843333E+9	1.957298000E-5
1.419846667E+9	1.913239000E-5
1.419850000E+9	1.883482000E-5
1.419853333E+9	1.914773000E-5
1.419856667E+9	1.933729000E-5
1.419860000E+9	1.905575000E-5
1.419863333E+9	1.979274000E-5
1.419866667E+9	1.945576000E-5
1.419870000E+9	2.027042000E-5
1.419873333E+9	1.908292000E-5
1.419876667E+9	1.923959000E-5
1.419880000E+9	1.855839000E-5
1.419883333E+9	1.922910000E-5
1.419886667E+9	1.932266000E-5
1.419890000E+9	1.922599000E-5
1.419893333E+9	1.938497000E-5
1.419896667E+9	1.937241000E-5
1.419900000E+9	1.924092000E-5
1.419903333E+9	1.963725000E-5
1.419906667E+9	1.968014000E-5
1.419910000E+9	1.977812000E-5
1.419913333E+9	2.003420000E-5
1.419916667E+9	1.922433000E-5
1.419920000E+9	1.931146000E-5
1.419923333E+9	1.923592000E-5
1.419926667E+9	1.905298000E-5
1.419930000E+9	1.950204000E-5
1.419933333E+9	1.926085000E-5
1.419936667E+9	1.942632000E-5
1.419940000E+9	1.929010000E-5
1.419943333E+9	1.946843000E-5
1.419946667E+9	1.922297000E-5
1.419950000E+9	1.883769000E-5
1.419953333E+9	1.927939000E-5
1.419956667E+9	1.953133000E-5
1.419960000E+9	1.925988000E-5
1.419963333E+9	1.889848000E-5
1.419966667E+9	1.952762000E-5
1.419970000E+9	1.928125000E-5
1.419973333E+9	1.912844000E-5
1.419976667E+9	1.919227000E-5
1.419980000E+9	2.013828000E-5
1.419983333E+9	1.947209000E-5
1.419986667E+9	1.950532000E-5
1.419990000E+9	1.932020000E-5
1.419993333E+9	1.889856000E-5
1.419996667E+9	1.918283000E-5
1.420000000E+9	2.004569000E-5
1.420003333E+9	2.143673000E-5
1.420006667E+9	1.959037000E-5
1.420010000E+9	1.903339000E-5
1.420013333E+9	1.888723000E-5
1.420016667E+9	1.941666000E-5
1.420020000E+9	1.939719000E-5
1.420023333E+9	1.943735000E-5
1.420026667E+9	2.119888000E-5
1.420030000E+9	1.907052000E-5
1.420033333E+9	1.943304000E-5
1.420036667E+9	2.047514000E-5
1.420040000E+9	2.275884000E-5
1.420043333E+9	1.935666000E-5
1.420046667E+9	1.943665000E-5
1.420050000E+9	1.974440000E-5
1.420053333E+9	1.926513000E-5
1.420056667E+9	1.901958000E-5
1.420060000E+9	1.929826000E-5
1.420063333E+9	1.922633000E-5
1.420066667E+9	1.934939000E-5
1.420070000E+9	1.932039000E-5
1.420073333E+9	1.933115000E-5
1.420076667E+9	1.916959000E-5
1.420080000E+9	1.909103000E-5
1.420083333E+9	1.923782000E-5
1.420086667E+9	1.912657000E-5
1.420090000E+9	1.904807000E-5
1.420093333E+9	1.911016000E-5
1.420096667E+9	1.935836000E-5
1.420100000E+9	1.896660000E-5
1.420103333E+9	1.909237000E-5
1.420106667E+9	1.877231000E-5
1.420110000E+9	1.920287000E-5
1.420113333E+9	1.917413000E-5
1.420116667E+9	1.870215000E-5
1.420120000E+9	1.900739000E-5
1.420123333E+9	1.909187000E-5
1.420126667E+9	1.906941000E-5
1.420130000E+9	1.945251000E-5
1.420133333E+9	1.946747000E-5
1.420136667E+9	1.931842000E-5
1.420140000E+9	1.923714000E-5
1.420143333E+9	1.945243000E-5
1.420146667E+9	1.924766000E-5
1.420150000E+9	1.905035000E-5
1.420153333E+9	1.946020000E-5
1.420156667E+9	1.919587000E-5
1.420160000E+9	1.893449000E-5
1.420163333E+9	1.950973000E-5
1.420166667E+9	1.960959000E-5
1.420170000E+9	1.939093000E-5
1.420173333E+9	1.898570000E-5
1.420176667E+9	1.907306000E-5
1.420180000E+9	1.874392000E-5
1.420183333E+9	1.932731000E-5
1.420186667E+9	1.950043000E-5
1.420190000E+9	1.979989000E-5
1.420193333E+9	1.989604000E-5
1.420196667E+9	2.000563000E-5
1.420200000E+9	1.926602000E-5
1.420203333E+9	1.934865000E-5
1.420206667E+9	1.900516000E-5
1.420210000E+9	1.908556000E-5
1.420213333E+9	1.950348000E-5
1.420216667E+9	1.977378000E-5
1.420220000E+9	1.933837000E-5
1.420223333E+9	1.969015000E-5
1.420226667E+9	1.957605000E-5
1.420230000E+9	1.957386000E-5
1.420233333E+9	1.964935000E-5
1.420236667E+9	2.006571000E-5
1.420240000E+9	1.968862000E-5
1.420243333E+9	1.925109000E-5
1.420246667E+9	1.975887000E-5
1.420250000E+9	1.987674000E-5
1.420253333E+9	1.994078000E-5
1.420256667E+9	1.968872000E-5
1.420260000E+9	2.039338000E-5
1.420263333E+9	1.933075000E-5
1.420266667E+9	1.947097000E-5
1.420270000E+9	1.958822000E-5
1.420273333E+9	1.948226000E-5
1.420276667E+9	1.970706000E-5
1.420280000E+9	1.962381000E-5
1.420283333E+9	2.044645000E-5
1.420286667E+9	1.997551000E-5
1.420290000E+9	1.994319000E-5
1.420293333E+9	1.944235000E-5
1.420296667E+9	1.965149000E-5
1.420300000E+9	1.969506000E-5
1.420303333E+9	1.960201000E-5
1.420306667E+9	1.984956000E-5
1.420310000E+9	2.029002000E-5
1.420313333E+9	1.961019000E-5
1.420316667E+9	1.989422000E-5
1.420320000E+9	2.148197000E-5
1.420323333E+9	1.962702000E-5
1.420326667E+9	2.052438000E-5
1.420330000E+9	2.179790000E-5
1.420333333E+9	2.278021000E-5
1.420336667E+9	2.001356000E-5
1.420340000E+9	1.992257000E-5
1.420343333E+9	1.980613000E-5
1.420346667E+9	1.972323000E-5
1.420350000E+9	1.953026000E-5
1.420353333E+9	1.958149000E-5
1.420356667E+9	1.968226000E-5
1.420360000E+9	1.987719000E-5
1.420363333E+9	1.948740000E-5
1.420366667E+9	1.937807000E-5
1.420370000E+9	1.998181000E-5
1.420373333E+9	1.997527000E-5
1.420376667E+9	2.010995000E-5
1.420380000E+9	1.943159000E-5
1.420383333E+9	1.998199000E-5
1.420386667E+9	1.985625000E-5
1.420390000E+9	1.977024000E-5
1.420393333E+9	1.972988000E-5
1.420396667E+9	1.951341000E-5
1.420400000E+9	1.981738000E-5
1.420403333E+9	1.984636000E-5
1.420406667E+9	2.010953000E-5
1.420410000E+9	1.932901000E-5
1.420413333E+9	1.992190000E-5
1.420416667E+9	1.995403000E-5
1.420420000E+9	1.952098000E-5
1.420423333E+9	1.973157000E-5
1.420426667E+9	2.017282000E-5
1.420430000E+9	1.979815000E-5
1.420433333E+9	1.951157000E-5
1.420436667E+9	1.948017000E-5
1.420440000E+9	1.956046000E-5
1.420443333E+9	1.980720000E-5
1.420446667E+9	1.969454000E-5
1.420450000E+9	1.941342000E-5
1.420453333E+9	1.912242000E-5
1.420456667E+9	1.950750000E-5
1.420460000E+9	1.941082000E-5
1.420463333E+9	1.953916000E-5
1.420466667E+9	1.935383000E-5
1.420470000E+9	1.946469000E-5
1.420473333E+9	1.953575000E-5
1.420476667E+9	1.942432000E-5
1.420480000E+9	1.963876000E-5
1.420483333E+9	1.914426000E-5
1.420486667E+9	1.928117000E-5
1.420490000E+9	1.912804000E-5
1.420493333E+9	1.905426000E-5
1.420496667E+9	1.892711000E-5
1.420500000E+9	1.940509000E-5
1.420503333E+9	1.926737000E-5
1.420506667E+9	1.921648000E-5
1.420510000E+9	1.967699000E-5
1.420513333E+9	1.925075000E-5
1.420516667E+9	1.957414000E-5
1.420520000E+9	1.943706000E-5
1.420523333E+9	1.945036000E-5
1.420526667E+9	1.900430000E-5
1.420530000E+9	1.914410000E-5
1.420533333E+9	1.906156000E-5
1.420536667E+9	1.922181000E-5
1.420540000E+9	1.921894000E-5
1.420543333E+9	1.937765000E-5
1.420546667E+9	1.880395000E-5
1.420550000E+9	1.917830000E-5
1.420553333E+9	1.905953000E-5
1.420556667E+9	1.915932000E-5
1.420560000E+9	1.884123000E-5
1.420563333E+9	1.933378000E-5
1.420566667E+9	1.914393000E-5
1.420570000E+9	1.900491000E-5
1.420573333E+9	1.893667000E-5
1.420576667E+9	1.877233000E-5
1.420580000E+9	1.898630000E-5
1.420583333E+9	1.905254000E-5
1.420586667E+9	1.939374000E-5
1.420590000E+9	2.091716000E-5
1.420593333E+9	1.950547000E-5
1.420596667E+9	1.864538000E-5
1.420600000E+9	1.923672000E-5
1.420603333E+9	2.004270000E-5
1.420606667E+9	1.896918000E-5
1.420610000E+9	1.980778000E-5
1.420613333E+9	2.175563000E-5
1.420616667E+9	1.885069000E-5
1.420620000E+9	2.012919000E-5
1.420623333E+9	2.161019000E-5
1.420626667E+9	2.352164000E-5
1.420630000E+9	1.952880000E-5
1.420633333E+9	1.945048000E-5
1.420636667E+9	1.883459000E-5
1.420640000E+9	1.864904000E-5
1.420643333E+9	1.908751000E-5
1.420646667E+9	1.941023000E-5
1.420650000E+9	1.945181000E-5
1.420653333E+9	1.908122000E-5
1.420656667E+9	1.923115000E-5
1.420660000E+9	1.916767000E-5
1.420663333E+9	1.939612000E-5
1.420666667E+9	1.894202000E-5
1.420670000E+9	1.893703000E-5
1.420673333E+9	1.887063000E-5
1.420676667E+9	1.906866000E-5
1.420680000E+9	1.915516000E-5
1.420683333E+9	1.910401000E-5
1.420686667E+9	1.899291000E-5
1.420690000E+9	1.905865000E-5
1.420693333E+9	1.876482000E-5
1.420696667E+9	1.891604000E-5
1.420700000E+9	1.884564000E-5
1.420703333E+9	1.923581000E-5
1.420706667E+9	1.887564000E-5
1.420710000E+9	1.934735000E-5
1.420713333E+9	1.875374000E-5
1.420716667E+9	1.884247000E-5
1.420720000E+9	1.924517000E-5
1.420723333E+9	1.927710000E-5
1.420726667E+9	1.942067000E-5
1.420730000E+9	1.899308000E-5
1.420733333E+9	1.930710000E-5
1.420736667E+9	1.932336000E-5
1.420740000E+9	1.898620000E-5
1.420743333E+9	1.912193000E-5
1.420746667E+9	1.931884000E-5
1.420750000E+9	1.950523000E-5
1.420753333E+9	1.943202000E-5
1.420756667E+9	1.913714000E-5
1.420760000E+9	1.912645000E-5
1.420763333E+9	1.879941000E-5
1.420766667E+9	1.857350000E-5
1.420770000E+9	1.882915000E-5
1.420773333E+9	1.891118000E-5
1.420776667E+9	1.880211000E-5
1.420780000E+9	1.909241000E-5
1.420783333E+9	1.927998000E-5
1.420786667E+9	1.871538000E-5
1.420790000E+9	1.897168000E-5
1.420793333E+9	1.891070000E-5
1.420796667E+9	1.930036000E-5
1.420800000E+9	1.892803000E-5
1.420803333E+9	1.915171000E-5
1.420806667E+9	1.918077000E-5
1.420810000E+9	1.883693000E-5
1.420813333E+9	1.878026000E-5
1.420816667E+9	1.907787000E-5
1.420820000E+9	1.920405000E-5
1.420823333E+9	1.913371000E-5
1.420826667E+9	1.882268000E-5
1.420830000E+9	1.886775000E-5
1.420833333E+9	1.880517000E-5
1.420836667E+9	1.872202000E-5
1.420840000E+9	1.939127000E-5
1.420843333E+9	1.906487000E-5
1.420846667E+9	1.917346000E-5
1.420850000E+9	1.888873000E-5
1.420853333E+9	1.922055000E-5
1.420856667E+9	1.870618000E-5
1.420860000E+9	1.894740000E-5
1.420863333E+9	1.906774000E-5
1.420866667E+9	1.894304000E-5
1.420870000E+9	1.886396000E-5
1.420873333E+9	1.897747000E-5
1.420876667E+9	1.900115000E-5
1.420880000E+9	1.886622000E-5
1.420883333E+9	1.917898000E-5
1.420886667E+9	1.906024000E-5
1.420890000E+9	1.903686000E-5
1.420893333E+9	1.943985000E-5
1.420896667E+9	1.944645000E-5
1.420900000E+9	1.903289000E-5
1.420903333E+9	2.227432000E-5
1.420906667E+9	2.580357000E-5
1.420910000E+9	1.894653000E-5
1.420913333E+9	2.318068000E-5
1.420916667E+9	2.541395000E-5
1.420920000E+9	3.079922000E-5
1.420923333E+9	2.012272000E-5
1.420926667E+9	2.005661000E-5
1.420930000E+9	1.892154000E-5
1.420933333E+9	1.903281000E-5
1.420936667E+9	1.886533000E-5
1.420940000E+9	1.904259000E-5
1.420943333E+9	1.886997000E-5
1.420946667E+9	1.868743000E-5
1.420950000E+9	1.931369000E-5
1.420953333E+9	1.876462000E-5
1.420956667E+9	1.900743000E-5
1.420960000E+9	1.920104000E-5
1.420963333E+9	1.901104000E-5
1.420966667E+9	1.903682000E-5
1.420970000E+9	1.900687000E-5
1.420973333E+9	1.892628000E-5
1.420976667E+9	1.890022000E-5
1.420980000E+9	1.946292000E-5
1.420983333E+9	2.040104000E-5
1.420986667E+9	2.002624000E-5
1.420990000E+9	1.910194000E-5
1.420993333E+9	1.924984000E-5
1.420996667E+9	1.974974000E-5
1.421000000E+9	1.909631000E-5
1.421003333E+9	1.918003000E-5
1.421006667E+9	1.908537000E-5
1.421010000E+9	1.916765000E-5
1.421013333E+9	1.893318000E-5
1.421016667E+9	1.903927000E-5
1.421020000E+9	1.879095000E-5
1.421023333E+9	1.848502000E-5
1.421026667E+9	1.901658000E-5
1.421030000E+9	1.925743000E-5
1.421033333E+9	1.904706000E-5
1.421036667E+9	1.914426000E-5
1.421040000E+9	1.939186000E-5
1.421043333E+9	1.918947000E-5
1.421046667E+9	1.894370000E-5
1.421050000E+9	1.897818000E-5
1.421053333E+9	1.892732000E-5
1.421056667E+9	1.876381000E-5
1.421060000E+9	1.877676000E-5
1.421063333E+9	1.862518000E-5
1.421066667E+9	1.891693000E-5
1.421070000E+9	1.905221000E-5
1.421073333E+9	1.932400000E-5
1.421076667E+9	1.944809000E-5
1.421080000E+9	1.912118000E-5
1.421083333E+9	1.923264000E-5
1.421086667E+9	1.886564000E-5
1.421090000E+9	1.880461000E-5
1.421093333E+9	1.881287000E-5
1.421096667E+9	1.857499000E-5
1.421100000E+9	1.881963000E-5
1.421103333E+9	1.946913000E-5
1.421106667E+9	1.890748000E-5
1.421110000E+9	1.894688000E-5
1.421113333E+9	1.922458000E-5
1.421116667E+9	1.909992000E-5
1.421120000E+9	1.902658000E-5
1.421123333E+9	1.922760000E-5
1.421126667E+9	1.937158000E-5
1.421130000E+9	1.941709000E-5
1.421133333E+9	1.943289000E-5
1.421136667E+9	1.913663000E-5
1.421140000E+9	1.953266000E-5
1.421143333E+9	1.914395000E-5
1.421146667E+9	1.937499000E-5
1.421150000E+9	1.872436000E-5
1.421153333E+9	1.936525000E-5
1.421156667E+9	1.908946000E-5
1.421160000E+9	1.874438000E-5
1.421163333E+9	1.920300000E-5
1.421166667E+9	1.908141000E-5
1.421170000E+9	1.904976000E-5
1.421173333E+9	1.914372000E-5
1.421176667E+9	1.970812000E-5
1.421180000E+9	2.023316000E-5
1.421183333E+9	1.904951000E-5
1.421186667E+9	1.886651000E-5
1.421190000E+9	1.889727000E-5
1.421193333E+9	1.938439000E-5
1.421196667E+9	2.013326000E-5
1.421200000E+9	2.056679000E-5
1.421203333E+9	1.889385000E-5
1.421206667E+9	2.088357000E-5
1.421210000E+9	2.114646000E-5
1.421213333E+9	2.319695000E-5
1.421216667E+9	1.918277000E-5
1.421220000E+9	1.939644000E-5
1.421223333E+9	1.906529000E-5
1.421226667E+9	1.853974000E-5
1.421230000E+9	1.914141000E-5
1.421233333E+9	1.920405000E-5
1.421236667E+9	1.918450000E-5
1.421240000E+9	1.915021000E-5
1.421243333E+9	1.858906000E-5
1.421246667E+9	1.946131000E-5
1.421250000E+9	1.891249000E-5
1.421253333E+9	1.906355000E-5
1.421256667E+9	1.876526000E-5
1.421260000E+9	1.909474000E-5
1.421263333E+9	1.925388000E-5
1.421266667E+9	1.942989000E-5
1.421270000E+9	1.888213000E-5
1.421273333E+9	1.897607000E-5
1.421276667E+9	1.886823000E-5
1.421280000E+9	1.911142000E-5
1.421283333E+9	1.881541000E-5
1.421286667E+9	1.897601000E-5
1.421290000E+9	1.850338000E-5
1.421293333E+9	1.881987000E-5
1.421296667E+9	1.910298000E-5
1.421300000E+9	1.934567000E-5
1.421303333E+9	1.908106000E-5
1.421306667E+9	1.922785000E-5
1.421310000E+9	1.912706000E-5
1.421313333E+9	1.920435000E-5
1.421316667E+9	1.891340000E-5
1.421320000E+9	1.913468000E-5
1.421323333E+9	1.896551000E-5
1.421326667E+9	1.899293000E-5
1.421330000E+9	1.862975000E-5
1.421333333E+9	1.902806000E-5
1.421336667E+9	1.880758000E-5
1.421340000E+9	1.861647000E-5
1.421343333E+9	1.872502000E-5
1.421346667E+9	1.881506000E-5
1.421350000E+9	1.916670000E-5
1.421353333E+9	1.911511000E-5
1.421356667E+9	1.911822000E-5
1.421360000E+9	1.930879000E-5
1.421363333E+9	1.922663000E-5
1.421366667E+9	1.951425000E-5
1.421370000E+9	1.872235000E-5
1.421373333E+9	1.880577000E-5
1.421376667E+9	1.936582000E-5
1.421380000E+9	1.904811000E-5
1.421383333E+9	1.920798000E-5
1.421386667E+9	1.937105000E-5
1.421390000E+9	1.912168000E-5
1.421393333E+9	1.876256000E-5
1.421396667E+9	1.860019000E-5
1.421400000E+9	1.934544000E-5
