Frequency, Hz	Amplitude, Volts
1.419400000E+9	2.164938000E-5
1.419403333E+9	2.188269000E-5
1.419406667E+9	2.171935000E-5
1.419410000E+9	2.150921000E-5
1.419413333E+9	2.102296000E-5
1.419416667E+9	2.169170000E-5
1.419420000E+9	2.200951000E-5
1.419423333E+9	2.173719000E-5
1.419426667E+9	2.133776000E-5
1.419430000E+9	2.192889000E-5
1.419433333E+9	2.169652000E-5
1.419436667E+9	2.137713000E-5
1.419440000E+9	2.185232000E-5
1.419443333E+9	2.227002000E-5
1.419446667E+9	2.145833000E-5
1.419450000E+9	2.206875000E-5
1.419453333E+9	2.264145000E-5
1.419456667E+9	2.218156000E-5
1.419460000E+9	2.108667000E-5
1.419463333E+9	2.123299000E-5
1.419466667E+9	2.150465000E-5
1.419470000E+9	2.131118000E-5
1.419473333E+9	2.081706000E-5
1.419476667E+9	2.139761000E-5
1.419480000E+9	2.130676000E-5
1.419483333E+9	2.143135000E-5
1.419486667E+9	2.126609000E-5
1.419490000E+9	2.219203000E-5
1.419493333E+9	2.153390000E-5
1.419496667E+9	2.132940000E-5
1.419500000E+9	2.129170000E-5
1.419503333E+9	2.130166000E-5
1.419506667E+9	2.134300000E-5
1.419510000E+9	2.172667000E-5
1.419513333E+9	2.109026000E-5
1.419516667E+9	2.110012000E-5
1.419520000E+9	2.119032000E-5
1.419523333E+9	2.108213000E-5
1.419526667E+9	2.144554000E-5
1.419530000E+9	2.123994000E-5
1.419533333E+9	2.160016000E-5
1.419536667E+9	2.209134000E-5
1.419540000E+9	2.102674000E-5
1.419543333E+9	2.134762000E-5
1.419546667E+9	2.162035000E-5
1.419550000E+9	2.135948000E-5
1.419553333E+9	2.146519000E-5
1.419556667E+9	2.157982000E-5
1.419560000E+9	2.148148000E-5
1.419563333E+9	2.127151000E-5
1.419566667E+9	2.092219000E-5
1.419570000E+9	2.106559000E-5
1.419573333E+9	2.189343000E-5
1.419576667E+9	2.120391000E-5
1.419580000E+9	2.155673000E-5
1.419583333E+9	2.228364000E-5
1.419586667E+9	2.136511000E-5
1.419590000E+9	2.135231000E-5
1.419593333E+9	2.147035000E-5
1.419596667E+9	2.176327000E-5
1.419600000E+9	2.147252000E-5
1.419603333E+9	2.097836000E-5
1.419606667E+9	2.101518000E-5
1.419610000E+9	2.153951000E-5
1.419613333E+9	2.111484000E-5
1.419616667E+9	2.079760000E-5
1.419620000E+9	2.103619000E-5
1.419623333E+9	2.149290000E-5
1.419626667E+9	2.130508000E-5
1.419630000E+9	2.232773000E-5
1.419633333E+9	2.147683000E-5
1.419636667E+9	2.206271000E-5
1.419640000E+9	2.102711000E-5
1.419643333E+9	2.099247000E-5
1.419646667E+9	2.105493000E-5
1.419650000E+9	2.153880000E-5
1.419653333E+9	2.161114000E-5
1.419656667E+9	2.096828000E-5
1.419660000E+9	2.116098000E-5
1.419663333E+9	2.165979000E-5
1.419666667E+9	2.126990000E-5
1.419670000E+9	2.153395000E-5
1.419673333E+9	2.114976000E-5
1.419676667E+9	2.295307000E-5
1.419680000E+9	2.108956000E-5
1.419683333E+9	2.107320000E-5
1.419686667E+9	2.156213000E-5
1.419690000E+9	2.140254000E-5
1.419693333E+9	2.113349000E-5
1.419696667E+9	2.151993000E-5
1.419700000E+9	2.142224000E-5
1.419703333E+9	2.108945000E-5
1.419706667E+9	2.104880000E-5
1.419710000E+9	2.084625000E-5
1.419713333E+9	2.149785000E-5
1.419716667E+9	2.121430000E-5
1.419720000E+9	2.165173000E-5
1.419723333E+9	2.186831000E-5
1.419726667E+9	2.123809000E-5
1.419730000E+9	2.125225000E-5
1.419733333E+9	2.182395000E-5
1.419736667E+9	2.184556000E-5
1.419740000E+9	2.100261000E-5
1.419743333E+9	2.154741000E-5
1.419746667E+9	2.212566000E-5
1.419750000E+9	2.182086000E-5
1.419753333E+9	2.126523000E-5
1.419756667E+9	2.139399000E-5
1.419760000E+9	2.109306000E-5
1.419763333E+9	2.138429000E-5
1.419766667E+9	2.112940000E-5
1.419770000E+9	2.172808000E-5
1.419773333E+9	2.149764000E-5
1.419776667E+9	2.139981000E-5
1.419780000E+9	2.129575000E-5
1.419783333E+9	2.114405000E-5
1.419786667E+9	2.139970000E-5
1.419790000E+9	2.136258000E-5
1.419793333E+9	2.215245000E-5
1.419796667E+9	2.162901000E-5
1.419800000E+9	2.132940000E-5
1.419803333E+9	2.093782000E-5
1.419806667E+9	2.115266000E-5
1.419810000E+9	2.087618000E-5
1.419813333E+9	2.175469000E-5
1.419816667E+9	2.122749000E-5
1.419820000E+9	2.144952000E-5
1.419823333E+9	2.133286000E-5
1.419826667E+9	2.082447000E-5
1.419830000E+9	2.151967000E-5
1.419833333E+9	2.092529000E-5
1.419836667E+9	2.112848000E-5
1.419840000E+9	2.163469000E-5
1.419843333E+9	2.112553000E-5
1.419846667E+9	2.118651000E-5
1.419850000E+9	2.073877000E-5
1.419853333E+9	2.093970000E-5
1.419856667E+9	2.111143000E-5
1.419860000E+9	2.116921000E-5
1.419863333E+9	2.141509000E-5
1.419866667E+9	2.119882000E-5
1.419870000E+9	2.138213000E-5
1.419873333E+9	2.135686000E-5
1.419876667E+9	2.106013000E-5
1.419880000E+9	2.095157000E-5
1.419883333E+9	2.077386000E-5
1.419886667E+9	2.123159000E-5
1.419890000E+9	2.092867000E-5
1.419893333E+9	2.101181000E-5
1.419896667E+9	2.080297000E-5
1.419900000E+9	2.106353000E-5
1.419903333E+9	2.135951000E-5
1.419906667E+9	2.106927000E-5
1.419910000E+9	2.169070000E-5
1.419913333E+9	2.126831000E-5
1.419916667E+9	2.109017000E-5
1.419920000E+9	2.109846000E-5
1.419923333E+9	2.115959000E-5
1.419926667E+9	2.133382000E-5
1.419930000E+9	2.131280000E-5
1.419933333E+9	2.111231000E-5
1.419936667E+9	2.125655000E-5
1.419940000E+9	2.098419000E-5
1.419943333E+9	2.073852000E-5
1.419946667E+9	2.129970000E-5
1.419950000E+9	2.206894000E-5
1.419953333E+9	2.102501000E-5
1.419956667E+9	2.121036000E-5
1.419960000E+9	2.114612000E-5
1.419963333E+9	2.120361000E-5
1.419966667E+9	2.093996000E-5
1.419970000E+9	2.096754000E-5
1.419973333E+9	2.099039000E-5
1.419976667E+9	2.125307000E-5
1.419980000E+9	2.113312000E-5
1.419983333E+9	2.131935000E-5
1.419986667E+9	2.115545000E-5
1.419990000E+9	2.181377000E-5
1.419993333E+9	2.126133000E-5
1.419996667E+9	2.057646000E-5
1.420000000E+9	2.195891000E-5
1.420003333E+9	2.208984000E-5
1.420006667E+9	2.116400000E-5
1.420010000E+9	2.102180000E-5
1.420013333E+9	2.086908000E-5
1.420016667E+9	2.128025000E-5
1.420020000E+9	2.106568000E-5
1.420023333E+9	2.056770000E-5
1.420026667E+9	2.115445000E-5
1.420030000E+9	2.117769000E-5
1.420033333E+9	2.134094000E-5
1.420036667E+9	2.150670000E-5
1.420040000E+9	2.257353000E-5
1.420043333E+9	2.115320000E-5
1.420046667E+9	2.140155000E-5
1.420050000E+9	2.182513000E-5
1.420053333E+9	2.087609000E-5
1.420056667E+9	2.061214000E-5
1.420060000E+9	2.112681000E-5
1.420063333E+9	2.174526000E-5
1.420066667E+9	2.151067000E-5
1.420070000E+9	2.076759000E-5
1.420073333E+9	2.079413000E-5
1.420076667E+9	2.106057000E-5
1.420080000E+9	2.091096000E-5
1.420083333E+9	2.098387000E-5
1.420086667E+9	2.043146000E-5
1.420090000E+9	2.078778000E-5
1.420093333E+9	2.101495000E-5
1.420096667E+9	2.128268000E-5
1.420100000E+9	2.063302000E-5
1.420103333E+9	2.065539000E-5
1.420106667E+9	2.049675000E-5
1.420110000E+9	2.070434000E-5
1.420113333E+9	2.078144000E-5
1.420116667E+9	2.092127000E-5
1.420120000E+9	2.086677000E-5
1.420123333E+9	2.082063000E-5
1.420126667E+9	2.087068000E-5
1.420130000E+9	2.111401000E-5
1.420133333E+9	2.082740000E-5
1.420136667E+9	2.086816000E-5
1.420140000E+9	2.106890000E-5
1.420143333E+9	2.100750000E-5
1.420146667E+9	2.124155000E-5
1.420150000E+9	2.105440000E-5
1.420153333E+9	2.113971000E-5
1.420156667E+9	2.109098000E-5
1.420160000E+9	2.084430000E-5
1.420163333E+9	2.085307000E-5
1.420166667E+9	2.110990000E-5
1.420170000E+9	2.072912000E-5
1.420173333E+9	2.078746000E-5
1.420176667E+9	2.068748000E-5
1.420180000E+9	2.083142000E-5
1.420183333E+9	2.121868000E-5
1.420186667E+9	2.093568000E-5
1.420190000E+9	2.104524000E-5
1.420193333E+9	2.048004000E-5
1.420196667E+9	2.104927000E-5
1.420200000E+9	2.100496000E-5
1.420203333E+9	2.081553000E-5
1.420206667E+9	2.065886000E-5
1.420210000E+9	2.073697000E-5
1.420213333E+9	2.076709000E-5
1.420216667E+9	2.083680000E-5
1.420220000E+9	2.084043000E-5
1.420223333E+9	2.147709000E-5
1.420226667E+9	2.117688000E-5
1.420230000E+9	2.083719000E-5
1.420233333E+9	2.056673000E-5
1.420236667E+9	2.170638000E-5
1.420240000E+9	2.087623000E-5
1.420243333E+9	2.073897000E-5
1.420246667E+9	2.093692000E-5
1.420250000E+9	2.075480000E-5
1.420253333E+9	2.076775000E-5
1.420256667E+9	2.079858000E-5
1.420260000E+9	2.131797000E-5
1.420263333E+9	2.161667000E-5
1.420266667E+9	2.116249000E-5
1.420270000E+9	2.085696000E-5
1.420273333E+9	2.087465000E-5
1.420276667E+9	2.067100000E-5
1.420280000E+9	2.113646000E-5
1.420283333E+9	2.114556000E-5
1.420286667E+9	2.049358000E-5
1.420290000E+9	2.083561000E-5
1.420293333E+9	2.098281000E-5
1.420296667E+9	2.092924000E-5
1.420300000E+9	2.136495000E-5
1.420303333E+9	2.102559000E-5
1.420306667E+9	2.114273000E-5
1.420310000E+9	2.129811000E-5
1.420313333E+9	2.133865000E-5
1.420316667E+9	2.079908000E-5
1.420320000E+9	2.093773000E-5
1.420323333E+9	2.115264000E-5
1.420326667E+9	2.116914000E-5
1.420330000E+9	2.130978000E-5
1.420333333E+9	2.230278000E-5
1.420336667E+9	2.140910000E-5
1.420340000E+9	2.098313000E-5
1.420343333E+9	2.121458000E-5
1.420346667E+9	2.065113000E-5
1.420350000E+9	2.091831000E-5
1.420353333E+9	2.071439000E-5
1.420356667E+9	2.062720000E-5
1.420360000E+9	2.079815000E-5
1.420363333E+9	2.082730000E-5
1.420366667E+9	2.058313000E-5
1.420370000E+9	2.088772000E-5
1.420373333E+9	2.129306000E-5
1.420376667E+9	2.117127000E-5
1.420380000E+9	2.111167000E-5
1.420383333E+9	2.044041000E-5
1.420386667E+9	2.113205000E-5
1.420390000E+9	2.083488000E-5
1.420393333E+9	2.060676000E-5
1.420396667E+9	2.068537000E-5
1.420400000E+9	2.119032000E-5
1.420403333E+9	2.095672000E-5
1.420406667E+9	2.087630000E-5
1.420410000E+9	2.093534000E-5
1.420413333E+9	2.063608000E-5
1.420416667E+9	2.094805000E-5
1.420420000E+9	2.091050000E-5
1.420423333E+9	2.133139000E-5
1.420426667E+9	2.084780000E-5
1.420430000E+9	2.082431000E-5
1.420433333E+9	2.055334000E-5
1.420436667E+9	2.085021000E-5
1.420440000E+9	2.079780000E-5
1.420443333E+9	2.109049000E-5
1.420446667E+9	2.065559000E-5
1.420450000E+9	2.079630000E-5
1.420453333E+9	2.100854000E-5
1.420456667E+9	2.147860000E-5
1.420460000E+9	2.094058000E-5
1.420463333E+9	2.096957000E-5
1.420466667E+9	2.098421000E-5
1.420470000E+9	2.122380000E-5
1.420473333E+9	2.113326000E-5
1.420476667E+9	2.047999000E-5
1.420480000E+9	2.091353000E-5
1.420483333E+9	2.095274000E-5
1.420486667E+9	2.055578000E-5
1.420490000E+9	2.061029000E-5
1.420493333E+9	2.087942000E-5
1.420496667E+9	2.090541000E-5
1.420500000E+9	2.123117000E-5
1.420503333E+9	2.106529000E-5
1.420506667E+9	2.090157000E-5
1.420510000E+9	2.082301000E-5
1.420513333E+9	2.123812000E-5
1.420516667E+9	2.077722000E-5
1.420520000E+9	2.076128000E-5
1.420523333E+9	2.060490000E-5
1.420526667E+9	2.073767000E-5
1.420530000E+9	2.082070000E-5
1.420533333E+9	2.079328000E-5
1.420536667E+9	2.146978000E-5
1.420540000E+9	2.092892000E-5
1.420543333E+9	2.038158000E-5
1.420546667E+9	2.095560000E-5
1.420550000E+9	2.093536000E-5
1.420553333E+9	2.077776000E-5
1.420556667E+9	2.056167000E-5
1.420560000E+9	2.079632000E-5
1.420563333E+9	2.069882000E-5
1.420566667E+9	2.068476000E-5
1.420570000E+9	2.067563000E-5
1.420573333E+9	2.091714000E-5
1.420576667E+9	2.159686000E-5
1.420580000E+9	2.081615000E-5
1.420583333E+9	2.085797000E-5
1.420586667E+9	2.112045000E-5
1.420590000E+9	2.101774000E-5
1.420593333E+9	2.119276000E-5
1.420596667E+9	2.072445000E-5
1.420600000E+9	2.097942000E-5
1.420603333E+9	2.087529000E-5
1.420606667E+9	2.080724000E-5
1.420610000E+9	2.098170000E-5
1.420613333E+9	2.078372000E-5
1.420616667E+9	2.084542000E-5
1.420620000E+9	2.122455000E-5
1.420623333E+9	2.171556000E-5
1.420626667E+9	2.300381000E-5
1.420630000E+9	2.128537000E-5
1.420633333E+9	2.108213000E-5
1.420636667E+9	2.068051000E-5
1.420640000E+9	2.085934000E-5
1.420643333E+9	2.062738000E-5
1.420646667E+9	2.027621000E-5
1.420650000E+9	2.060515000E-5
1.420653333E+9	2.123835000E-5
1.420656667E+9	2.060757000E-5
1.420660000E+9	2.092642000E-5
1.420663333E+9	2.069191000E-5
1.420666667E+9	2.103610000E-5
1.420670000E+9	2.062985000E-5
1.420673333E+9	2.079054000E-5
1.420676667E+9	2.100404000E-5
1.420680000E+9	2.082049000E-5
1.420683333E+9	2.080973000E-5
1.420686667E+9	2.142311000E-5
1.420690000E+9	2.086947000E-5
1.420693333E+9	2.042818000E-5
1.420696667E+9	2.044629000E-5
1.420700000E+9	2.106952000E-5
1.420703333E+9	2.094858000E-5
1.420706667E+9	2.030985000E-5
1.420710000E+9	2.069775000E-5
1.420713333E+9	2.043559000E-5
1.420716667E+9	2.064979000E-5
1.420720000E+9	2.082095000E-5
1.420723333E+9	2.099458000E-5
1.420726667E+9	2.052846000E-5
1.420730000E+9	2.077642000E-5
1.420733333E+9	2.094205000E-5
1.420736667E+9	2.085634000E-5
1.420740000E+9	2.012176000E-5
1.420743333E+9	2.047440000E-5
1.420746667E+9	2.097169000E-5
1.420750000E+9	2.084762000E-5
1.420753333E+9	2.064580000E-5
1.420756667E+9	2.036020000E-5
1.420760000E+9	2.123350000E-5
1.420763333E+9	2.090483000E-5
1.420766667E+9	2.037957000E-5
1.420770000E+9	2.123259000E-5
1.420773333E+9	2.122474000E-5
1.420776667E+9	2.081167000E-5
1.420780000E+9	2.054219000E-5
1.420783333E+9	2.057084000E-5
1.420786667E+9	2.068637000E-5
1.420790000E+9	2.059352000E-5
1.420793333E+9	2.086741000E-5
1.420796667E+9	2.081857000E-5
1.420800000E+9	2.066040000E-5
1.420803333E+9	2.144351000E-5
1.420806667E+9	2.052154000E-5
1.420810000E+9	2.099032000E-5
1.420813333E+9	2.065952000E-5
1.420816667E+9	2.071567000E-5
1.420820000E+9	2.032373000E-5
1.420823333E+9	2.102850000E-5
1.420826667E+9	2.050909000E-5
1.420830000E+9	2.053881000E-5
1.420833333E+9	2.021095000E-5
1.420836667E+9	2.066571000E-5
1.420840000E+9	2.102951000E-5
1.420843333E+9	2.101830000E-5
1.420846667E+9	2.071587000E-5
1.420850000E+9	2.131277000E-5
1.420853333E+9	2.031614000E-5
1.420856667E+9	2.107528000E-5
1.420860000E+9	2.058532000E-5
1.420863333E+9	2.038416000E-5
1.420866667E+9	2.039909000E-5
1.420870000E+9	2.105058000E-5
1.420873333E+9	2.050729000E-5
1.420876667E+9	2.080068000E-5
1.420880000E+9	2.064351000E-5
1.420883333E+9	2.143330000E-5
1.420886667E+9	2.118444000E-5
1.420890000E+9	2.101892000E-5
1.420893333E+9	2.050576000E-5
1.420896667E+9	2.179816000E-5
1.420900000E+9	2.118772000E-5
1.420903333E+9	2.047613000E-5
1.420906667E+9	2.060943000E-5
1.420910000E+9	2.104430000E-5
1.420913333E+9	2.140571000E-5
1.420916667E+9	2.273047000E-5
1.420920000E+9	2.610084000E-5
1.420923333E+9	2.094272000E-5
1.420926667E+9	2.083067000E-5
1.420930000E+9	2.084790000E-5
1.420933333E+9	2.111563000E-5
1.420936667E+9	2.090621000E-5
1.420940000E+9	2.060710000E-5
1.420943333E+9	2.064829000E-5
1.420946667E+9	2.080162000E-5
1.420950000E+9	2.058532000E-5
1.420953333E+9	2.045040000E-5
1.420956667E+9	2.063726000E-5
1.420960000E+9	2.067783000E-5
1.420963333E+9	2.042341000E-5
1.420966667E+9	2.058729000E-5
1.420970000E+9	2.076036000E-5
1.420973333E+9	2.089912000E-5
1.420976667E+9	2.048395000E-5
1.420980000E+9	2.048456000E-5
1.420983333E+9	2.085568000E-5
1.420986667E+9	2.076499000E-5
1.420990000E+9	2.048058000E-5
1.420993333E+9	2.076803000E-5
1.420996667E+9	2.071073000E-5
1.421000000E+9	2.023989000E-5
1.421003333E+9	2.071703000E-5
1.421006667E+9	2.104328000E-5
1.421010000E+9	2.026312000E-5
1.421013333E+9	2.057558000E-5
1.421016667E+9	2.054632000E-5
1.421020000E+9	2.014816000E-5
1.421023333E+9	2.048681000E-5
1.421026667E+9	2.054391000E-5
1.421030000E+9	2.017322000E-5
1.421033333E+9	2.036036000E-5
1.421036667E+9	2.035683000E-5
1.421040000E+9	2.034467000E-5
1.421043333E+9	2.039506000E-5
1.421046667E+9	2.118051000E-5
1.421050000E+9	2.079570000E-5
1.421053333E+9	2.026570000E-5
1.421056667E+9	2.059481000E-5
1.421060000E+9	2.034009000E-5
1.421063333E+9	2.050839000E-5
1.421066667E+9	2.097125000E-5
1.421070000E+9	2.039049000E-5
1.421073333E+9	2.046745000E-5
1.421076667E+9	2.097493000E-5
1.421080000E+9	2.057402000E-5
1.421083333E+9	2.044546000E-5
1.421086667E+9	2.090093000E-5
1.421090000E+9	2.047682000E-5
1.421093333E+9	2.074959000E-5
1.421096667E+9	2.096317000E-5
1.421100000E+9	2.077633000E-5
1.421103333E+9	2.033810000E-5
1.421106667E+9	2.067563000E-5
1.421110000E+9	2.023564000E-5
1.421113333E+9	2.048404000E-5
1.421116667E+9	2.059359000E-5
1.421120000E+9	2.064163000E-5
1.421123333E+9	2.068887000E-5
1.421126667E+9	2.057377000E-5
1.421130000E+9	2.036651000E-5
1.421133333E+9	2.062514000E-5
1.421136667E+9	2.060336000E-5
1.421140000E+9	2.086221000E-5
1.421143333E+9	2.112811000E-5
1.421146667E+9	2.051566000E-5
1.421150000E+9	2.048206000E-5
1.421153333E+9	2.021226000E-5
1.421156667E+9	2.025007000E-5
1.421160000E+9	2.059554000E-5
1.421163333E+9	2.079164000E-5
1.421166667E+9	2.095249000E-5
1.421170000E+9	2.054671000E-5
1.421173333E+9	2.049390000E-5
1.421176667E+9	2.104074000E-5
1.421180000E+9	2.127691000E-5
1.421183333E+9	2.026655000E-5
1.421186667E+9	2.037369000E-5
1.421190000E+9	2.070146000E-5
1.421193333E+9	2.082804000E-5
1.421196667E+9	2.075389000E-5
1.421200000E+9	2.050238000E-5
1.421203333E+9	2.079408000E-5
1.421206667E+9	2.098622000E-5
1.421210000E+9	2.169180000E-5
1.421213333E+9	2.334570000E-5
1.421216667E+9	2.089632000E-5
1.421220000E+9	2.035893000E-5
1.421223333E+9	2.056934000E-5
1.421226667E+9	2.073401000E-5
1.421230000E+9	2.052402000E-5
1.421233333E+9	2.049369000E-5
1.421236667E+9	2.048157000E-5
1.421240000E+9	2.079000000E-5
1.421243333E+9	2.068310000E-5
1.421246667E+9	2.066614000E-5
1.421250000E+9	2.070523000E-5
1.421253333E+9	2.053502000E-5
1.421256667E+9	2.038747000E-5
1.421260000E+9	2.068056000E-5
1.421263333E+9	2.068578000E-5
1.421266667E+9	2.058604000E-5
1.421270000E+9	2.062958000E-5
1.421273333E+9	2.102741000E-5
1.421276667E+9	2.071153000E-5
1.421280000E+9	2.130576000E-5
1.421283333E+9	2.101636000E-5
1.421286667E+9	2.056438000E-5
1.421290000E+9	2.049662000E-5
1.421293333E+9	2.095279000E-5
1.421296667E+9	2.079239000E-5
1.421300000E+9	2.091503000E-5
1.421303333E+9	2.079296000E-5
1.421306667E+9	2.113957000E-5
1.421310000E+9	2.074908000E-5
1.421313333E+9	2.025456000E-5
1.421316667E+9	2.070482000E-5
1.421320000E+9	2.089887000E-5
1.421323333E+9	2.075009000E-5
1.421326667E+9	2.049700000E-5
1.421330000E+9	2.091613000E-5
1.421333333E+9	2.025832000E-5
1.421336667E+9	2.087499000E-5
1.421340000E+9	2.066916000E-5
1.421343333E+9	2.079278000E-5
1.421346667E+9	2.075845000E-5
1.421350000E+9	2.061549000E-5
1.421353333E+9	2.047738000E-5
1.421356667E+9	2.090575000E-5
1.421360000E+9	2.131895000E-5
1.421363333E+9	2.151027000E-5
1.421366667E+9	2.257098000E-5
1.421370000E+9	2.071319000E-5
1.421373333E+9	2.031246000E-5
1.421376667E+9	2.038317000E-5
1.421380000E+9	2.065269000E-5
1.421383333E+9	2.107419000E-5
1.421386667E+9	2.072627000E-5
1.421390000E+9	2.032554000E-5
1.421393333E+9	2.049925000E-5
1.421396667E+9	2.042116000E-5
1.421400000E+9	2.116165000E-5
