Frequency, Hz	Amplitude, Volts
1.419400000E+9	1.460585000E-5
1.419403333E+9	1.478849000E-5
1.419406667E+9	1.447958000E-5
1.419410000E+9	1.459744000E-5
1.419413333E+9	1.472401000E-5
1.419416667E+9	1.479534000E-5
1.419420000E+9	1.466834000E-5
1.419423333E+9	1.475083000E-5
1.419426667E+9	1.478690000E-5
1.419430000E+9	1.482417000E-5
1.419433333E+9	1.480925000E-5
1.419436667E+9	1.485748000E-5
1.419440000E+9	1.487014000E-5
1.419443333E+9	1.448951000E-5
1.419446667E+9	1.480013000E-5
1.419450000E+9	1.515776000E-5
1.419453333E+9	1.536228000E-5
1.419456667E+9	1.513303000E-5
1.419460000E+9	1.469271000E-5
1.419463333E+9	1.457569000E-5
1.419466667E+9	1.455539000E-5
1.419470000E+9	1.453909000E-5
1.419473333E+9	1.450791000E-5
1.419476667E+9	1.455619000E-5
1.419480000E+9	1.468971000E-5
1.419483333E+9	1.476333000E-5
1.419486667E+9	1.411194000E-5
1.419490000E+9	1.491794000E-5
1.419493333E+9	1.447579000E-5
1.419496667E+9	1.460983000E-5
1.419500000E+9	1.461752000E-5
1.419503333E+9	1.468463000E-5
1.419506667E+9	1.442082000E-5
1.419510000E+9	1.469177000E-5
1.419513333E+9	1.423070000E-5
1.419516667E+9	1.456078000E-5
1.419520000E+9	1.476581000E-5
1.419523333E+9	1.448095000E-5
1.419526667E+9	1.463730000E-5
1.419530000E+9	1.455183000E-5
1.419533333E+9	1.454942000E-5
1.419536667E+9	1.467800000E-5
1.419540000E+9	1.453616000E-5
1.419543333E+9	1.459465000E-5
1.419546667E+9	1.443290000E-5
1.419550000E+9	1.458148000E-5
1.419553333E+9	1.468411000E-5
1.419556667E+9	1.449766000E-5
1.419560000E+9	1.457894000E-5
1.419563333E+9	1.461479000E-5
1.419566667E+9	1.441919000E-5
1.419570000E+9	1.466956000E-5
1.419573333E+9	1.451664000E-5
1.419576667E+9	1.465314000E-5
1.419580000E+9	1.466042000E-5
1.419583333E+9	1.474870000E-5
1.419586667E+9	1.487457000E-5
1.419590000E+9	1.480379000E-5
1.419593333E+9	1.433537000E-5
1.419596667E+9	1.471361000E-5
1.419600000E+9	1.459676000E-5
1.419603333E+9	1.505835000E-5
1.419606667E+9	1.464386000E-5
1.419610000E+9	1.466196000E-5
1.419613333E+9	1.440479000E-5
1.419616667E+9	1.451792000E-5
1.419620000E+9	1.468290000E-5
1.419623333E+9	1.476297000E-5
1.419626667E+9	1.454249000E-5
1.419630000E+9	1.453495000E-5
1.419633333E+9	1.447615000E-5
1.419636667E+9	1.432962000E-5
1.419640000E+9	1.463465000E-5
1.419643333E+9	1.460534000E-5
1.419646667E+9	1.455559000E-5
1.419650000E+9	1.468065000E-5
1.419653333E+9	1.482215000E-5
1.419656667E+9	1.452500000E-5
1.419660000E+9	1.454383000E-5
1.419663333E+9	1.463028000E-5
1.419666667E+9	1.455955000E-5
1.419670000E+9	1.496742000E-5
1.419673333E+9	1.483925000E-5
1.419676667E+9	1.493794000E-5
1.419680000E+9	1.461359000E-5
1.419683333E+9	1.481683000E-5
1.419686667E+9	1.466879000E-5
1.419690000E+9	1.469626000E-5
1.419693333E+9	1.444438000E-5
1.419696667E+9	1.467686000E-5
1.419700000E+9	1.455148000E-5
1.419703333E+9	1.474753000E-5
1.419706667E+9	1.465794000E-5
1.419710000E+9	1.459673000E-5
1.419713333E+9	1.451191000E-5
1.419716667E+9	1.458782000E-5
1.419720000E+9	1.460245000E-5
1.419723333E+9	1.428476000E-5
1.419726667E+9	1.465403000E-5
1.419730000E+9	1.486050000E-5
1.419733333E+9	1.523546000E-5
1.419736667E+9	1.473406000E-5
1.419740000E+9	1.514018000E-5
1.419743333E+9	1.547222000E-5
1.419746667E+9	1.593865000E-5
1.419750000E+9	1.534165000E-5
1.419753333E+9	1.522048000E-5
1.419756667E+9	1.510481000E-5
1.419760000E+9	1.489655000E-5
1.419763333E+9	1.462569000E-5
1.419766667E+9	1.491986000E-5
1.419770000E+9	1.503621000E-5
1.419773333E+9	1.469121000E-5
1.419776667E+9	1.444958000E-5
1.419780000E+9	1.457716000E-5
1.419783333E+9	1.483581000E-5
1.419786667E+9	1.472520000E-5
1.419790000E+9	1.471623000E-5
1.419793333E+9	1.457873000E-5
1.419796667E+9	1.486658000E-5
1.419800000E+9	1.472195000E-5
1.419803333E+9	1.463955000E-5
1.419806667E+9	1.445269000E-5
1.419810000E+9	1.451494000E-5
1.419813333E+9	1.458563000E-5
1.419816667E+9	1.469400000E-5
1.419820000E+9	1.494153000E-5
1.419823333E+9	1.464105000E-5
1.419826667E+9	1.454737000E-5
1.419830000E+9	1.463481000E-5
1.419833333E+9	1.456716000E-5
1.419836667E+9	1.450525000E-5
1.419840000E+9	1.448588000E-5
1.419843333E+9	1.474018000E-5
1.419846667E+9	1.446211000E-5
1.419850000E+9	1.448063000E-5
1.419853333E+9	1.456150000E-5
1.419856667E+9	1.454570000E-5
1.419860000E+9	1.449409000E-5
1.419863333E+9	1.455424000E-5
1.419866667E+9	1.479573000E-5
1.419870000E+9	1.491722000E-5
1.419873333E+9	1.470310000E-5
1.419876667E+9	1.435327000E-5
1.419880000E+9	1.447718000E-5
1.419883333E+9	1.456876000E-5
1.419886667E+9	1.462346000E-5
1.419890000E+9	1.472986000E-5
1.419893333E+9	1.457017000E-5
1.419896667E+9	1.464201000E-5
1.419900000E+9	1.507284000E-5
1.419903333E+9	1.471631000E-5
1.419906667E+9	1.470857000E-5
1.419910000E+9	1.471095000E-5
1.419913333E+9	1.488019000E-5
1.419916667E+9	1.443557000E-5
1.419920000E+9	1.457630000E-5
1.419923333E+9	1.470107000E-5
1.419926667E+9	1.451926000E-5
1.419930000E+9	1.455709000E-5
1.419933333E+9	1.459072000E-5
1.419936667E+9	1.450651000E-5
1.419940000E+9	1.476587000E-5
1.419943333E+9	1.461490000E-5
1.419946667E+9	1.436302000E-5
1.419950000E+9	1.442993000E-5
1.419953333E+9	1.446959000E-5
1.419956667E+9	1.440087000E-5
1.419960000E+9	1.464388000E-5
1.419963333E+9	1.449785000E-5
1.419966667E+9	1.460957000E-5
1.419970000E+9	1.468139000E-5
1.419973333E+9	1.481488000E-5
1.419976667E+9	1.522314000E-5
1.419980000E+9	1.680229000E-5
1.419983333E+9	1.453987000E-5
1.419986667E+9	1.464074000E-5
1.419990000E+9	1.502513000E-5
1.419993333E+9	1.469573000E-5
1.419996667E+9	1.460162000E-5
1.420000000E+9	1.499549000E-5
1.420003333E+9	1.502004000E-5
1.420006667E+9	1.449460000E-5
1.420010000E+9	1.467992000E-5
1.420013333E+9	1.452774000E-5
1.420016667E+9	1.465628000E-5
1.420020000E+9	1.465749000E-5
1.420023333E+9	1.488203000E-5
1.420026667E+9	1.481918000E-5
1.420030000E+9	1.447049000E-5
1.420033333E+9	1.508072000E-5
1.420036667E+9	1.486698000E-5
1.420040000E+9	1.571443000E-5
1.420043333E+9	1.475829000E-5
1.420046667E+9	1.456986000E-5
1.420050000E+9	1.458565000E-5
1.420053333E+9	1.482318000E-5
1.420056667E+9	1.459774000E-5
1.420060000E+9	1.444908000E-5
1.420063333E+9	1.457326000E-5
1.420066667E+9	1.460463000E-5
1.420070000E+9	1.467059000E-5
1.420073333E+9	1.448299000E-5
1.420076667E+9	1.461219000E-5
1.420080000E+9	1.451658000E-5
1.420083333E+9	1.471570000E-5
1.420086667E+9	1.446852000E-5
1.420090000E+9	1.471576000E-5
1.420093333E+9	1.449492000E-5
1.420096667E+9	1.446049000E-5
1.420100000E+9	1.465385000E-5
1.420103333E+9	1.448234000E-5
1.420106667E+9	1.473148000E-5
1.420110000E+9	1.473503000E-5
1.420113333E+9	1.462614000E-5
1.420116667E+9	1.475064000E-5
1.420120000E+9	1.480269000E-5
1.420123333E+9	1.450759000E-5
1.420126667E+9	1.439642000E-5
1.420130000E+9	1.438075000E-5
1.420133333E+9	1.449797000E-5
1.420136667E+9	1.428777000E-5
1.420140000E+9	1.437949000E-5
1.420143333E+9	1.446543000E-5
1.420146667E+9	1.475271000E-5
1.420150000E+9	1.462110000E-5
1.420153333E+9	1.433142000E-5
1.420156667E+9	1.475012000E-5
1.420160000E+9	1.462574000E-5
1.420163333E+9	1.454640000E-5
1.420166667E+9	1.462851000E-5
1.420170000E+9	1.470497000E-5
1.420173333E+9	1.469579000E-5
1.420176667E+9	1.462485000E-5
1.420180000E+9	1.494506000E-5
1.420183333E+9	1.454450000E-5
1.420186667E+9	1.479245000E-5
1.420190000E+9	1.482948000E-5
1.420193333E+9	1.429708000E-5
1.420196667E+9	1.457927000E-5
1.420200000E+9	1.491965000E-5
1.420203333E+9	1.467233000E-5
1.420206667E+9	1.462537000E-5
1.420210000E+9	1.452536000E-5
1.420213333E+9	1.420793000E-5
1.420216667E+9	1.442939000E-5
1.420220000E+9	1.440403000E-5
1.420223333E+9	1.437051000E-5
1.420226667E+9	1.467149000E-5
1.420230000E+9	1.443248000E-5
1.420233333E+9	1.435458000E-5
1.420236667E+9	1.481589000E-5
1.420240000E+9	1.432729000E-5
1.420243333E+9	1.463467000E-5
1.420246667E+9	1.497002000E-5
1.420250000E+9	1.472501000E-5
1.420253333E+9	1.480561000E-5
1.420256667E+9	1.484877000E-5
1.420260000E+9	1.492931000E-5
1.420263333E+9	1.472287000E-5
1.420266667E+9	1.463293000E-5
1.420270000E+9	1.441886000E-5
1.420273333E+9	1.474004000E-5
1.420276667E+9	1.462999000E-5
1.420280000E+9	1.473557000E-5
1.420283333E+9	1.429775000E-5
1.420286667E+9	1.435244000E-5
1.420290000E+9	1.448000000E-5
1.420293333E+9	1.421126000E-5
1.420296667E+9	1.448086000E-5
1.420300000E+9	1.451945000E-5
1.420303333E+9	1.469978000E-5
1.420306667E+9	1.422989000E-5
1.420310000E+9	1.463494000E-5
1.420313333E+9	1.500880000E-5
1.420316667E+9	1.460609000E-5
1.420320000E+9	1.465449000E-5
1.420323333E+9	1.454132000E-5
1.420326667E+9	1.521094000E-5
1.420330000E+9	1.509476000E-5
1.420333333E+9	1.623061000E-5
1.420336667E+9	1.488345000E-5
1.420340000E+9	1.470218000E-5
1.420343333E+9	1.463888000E-5
1.420346667E+9	1.463832000E-5
1.420350000E+9	1.498158000E-5
1.420353333E+9	1.457977000E-5
1.420356667E+9	1.432493000E-5
1.420360000E+9	1.446932000E-5
1.420363333E+9	1.443210000E-5
1.420366667E+9	1.424018000E-5
1.420370000E+9	1.456919000E-5
1.420373333E+9	1.458425000E-5
1.420376667E+9	1.455859000E-5
1.420380000E+9	1.422344000E-5
1.420383333E+9	1.464515000E-5
1.420386667E+9	1.442335000E-5
1.420390000E+9	1.493412000E-5
1.420393333E+9	1.441066000E-5
1.420396667E+9	1.458976000E-5
1.420400000E+9	1.460342000E-5
1.420403333E+9	1.491773000E-5
1.420406667E+9	1.486103000E-5
1.420410000E+9	1.472100000E-5
1.420413333E+9	1.489436000E-5
1.420416667E+9	1.459124000E-5
1.420420000E+9	1.455654000E-5
1.420423333E+9	1.485968000E-5
1.420426667E+9	1.481918000E-5
1.420430000E+9	1.460191000E-5
1.420433333E+9	1.490483000E-5
1.420436667E+9	1.471019000E-5
1.420440000E+9	1.475062000E-5
1.420443333E+9	1.474136000E-5
1.420446667E+9	1.479032000E-5
1.420450000E+9	1.470391000E-5
1.420453333E+9	1.477145000E-5
1.420456667E+9	1.495514000E-5
1.420460000E+9	1.503725000E-5
1.420463333E+9	1.487695000E-5
1.420466667E+9	1.544703000E-5
1.420470000E+9	1.525500000E-5
1.420473333E+9	1.546176000E-5
1.420476667E+9	1.587717000E-5
1.420480000E+9	1.592225000E-5
1.420483333E+9	1.599298000E-5
1.420486667E+9	1.594918000E-5
1.420490000E+9	1.616280000E-5
1.420493333E+9	1.629943000E-5
1.420496667E+9	1.654922000E-5
1.420500000E+9	1.677418000E-5
1.420503333E+9	1.659420000E-5
1.420506667E+9	1.606293000E-5
1.420510000E+9	1.629857000E-5
1.420513333E+9	1.643377000E-5
1.420516667E+9	1.630790000E-5
1.420520000E+9	1.596778000E-5
1.420523333E+9	1.609612000E-5
1.420526667E+9	1.613129000E-5
1.420530000E+9	1.625759000E-5
1.420533333E+9	1.626054000E-5
1.420536667E+9	1.649397000E-5
1.420540000E+9	1.625291000E-5
1.420543333E+9	1.636814000E-5
1.420546667E+9	1.592693000E-5
1.420550000E+9	1.615932000E-5
1.420553333E+9	1.621924000E-5
1.420556667E+9	1.625213000E-5
1.420560000E+9	1.580498000E-5
1.420563333E+9	1.580836000E-5
1.420566667E+9	1.607105000E-5
1.420570000E+9	1.592922000E-5
1.420573333E+9	1.561971000E-5
1.420576667E+9	1.571367000E-5
1.420580000E+9	1.566550000E-5
1.420583333E+9	1.575084000E-5
1.420586667E+9	1.567187000E-5
1.420590000E+9	1.611338000E-5
1.420593333E+9	1.570120000E-5
1.420596667E+9	1.491180000E-5
1.420600000E+9	1.525804000E-5
1.420603333E+9	1.545316000E-5
1.420606667E+9	1.528952000E-5
1.420610000E+9	1.571940000E-5
1.420613333E+9	1.531119000E-5
1.420616667E+9	1.529429000E-5
1.420620000E+9	1.583386000E-5
1.420623333E+9	1.615100000E-5
1.420626667E+9	1.697934000E-5
1.420630000E+9	1.539727000E-5
1.420633333E+9	1.490910000E-5
1.420636667E+9	1.495103000E-5
1.420640000E+9	1.509518000E-5
1.420643333E+9	1.511958000E-5
1.420646667E+9	1.587425000E-5
1.420650000E+9	1.540863000E-5
1.420653333E+9	1.537203000E-5
1.420656667E+9	1.523268000E-5
1.420660000E+9	1.555289000E-5
1.420663333E+9	1.547557000E-5
1.420666667E+9	1.566286000E-5
1.420670000E+9	1.577159000E-5
1.420673333E+9	1.566471000E-5
1.420676667E+9	1.570549000E-5
1.420680000E+9	1.571257000E-5
1.420683333E+9	1.582833000E-5
1.420686667E+9	1.568869000E-5
1.420690000E+9	1.602580000E-5
1.420693333E+9	1.609351000E-5
1.420696667E+9	1.590022000E-5
1.420700000E+9	1.558189000E-5
1.420703333E+9	1.571150000E-5
1.420706667E+9	1.561548000E-5
1.420710000E+9	1.558415000E-5
1.420713333E+9	1.590228000E-5
1.420716667E+9	1.583322000E-5
1.420720000E+9	1.601698000E-5
1.420723333E+9	1.593586000E-5
1.420726667E+9	1.582646000E-5
1.420730000E+9	1.578528000E-5
1.420733333E+9	1.587003000E-5
1.420736667E+9	1.593439000E-5
1.420740000E+9	1.602015000E-5
1.420743333E+9	1.601918000E-5
1.420746667E+9	1.597326000E-5
1.420750000E+9	1.613328000E-5
1.420753333E+9	1.614937000E-5
1.420756667E+9	1.655387000E-5
1.420760000E+9	1.681504000E-5
1.420763333E+9	1.651323000E-5
1.420766667E+9	1.611480000E-5
1.420770000E+9	1.614393000E-5
1.420773333E+9	1.608902000E-5
1.420776667E+9	1.618427000E-5
1.420780000E+9	1.664003000E-5
1.420783333E+9	1.601306000E-5
1.420786667E+9	1.594786000E-5
1.420790000E+9	1.622601000E-5
1.420793333E+9	1.597980000E-5
1.420796667E+9	1.636136000E-5
1.420800000E+9	1.602551000E-5
1.420803333E+9	1.565713000E-5
1.420806667E+9	1.582224000E-5
1.420810000E+9	1.537625000E-5
1.420813333E+9	1.556377000E-5
1.420816667E+9	1.550525000E-5
1.420820000E+9	1.564854000E-5
1.420823333E+9	1.564704000E-5
1.420826667E+9	1.549269000E-5
1.420830000E+9	1.521430000E-5
1.420833333E+9	1.563390000E-5
1.420836667E+9	1.550668000E-5
1.420840000E+9	1.533483000E-5
1.420843333E+9	1.514319000E-5
1.420846667E+9	1.547663000E-5
1.420850000E+9	1.492831000E-5
1.420853333E+9	1.513970000E-5
1.420856667E+9	1.495768000E-5
1.420860000E+9	1.493359000E-5
1.420863333E+9	1.500670000E-5
1.420866667E+9	1.503639000E-5
1.420870000E+9	1.545031000E-5
1.420873333E+9	1.537853000E-5
1.420876667E+9	1.474334000E-5
1.420880000E+9	1.490131000E-5
1.420883333E+9	1.526875000E-5
1.420886667E+9	1.506379000E-5
1.420890000E+9	1.506413000E-5
1.420893333E+9	1.521757000E-5
1.420896667E+9	1.537966000E-5
1.420900000E+9	1.525679000E-5
1.420903333E+9	1.548509000E-5
1.420906667E+9	1.570970000E-5
1.420910000E+9	1.543068000E-5
1.420913333E+9	1.725283000E-5
1.420916667E+9	1.717633000E-5
1.420920000E+9	2.014325000E-5
1.420923333E+9	1.528363000E-5
1.420926667E+9	1.525489000E-5
1.420930000E+9	1.542041000E-5
1.420933333E+9	1.506417000E-5
1.420936667E+9	1.503741000E-5
1.420940000E+9	1.522444000E-5
1.420943333E+9	1.533695000E-5
1.420946667E+9	1.591903000E-5
1.420950000E+9	1.481218000E-5
1.420953333E+9	1.486125000E-5
1.420956667E+9	1.504858000E-5
1.420960000E+9	1.499614000E-5
1.420963333E+9	1.481628000E-5
1.420966667E+9	1.502895000E-5
1.420970000E+9	1.535144000E-5
1.420973333E+9	1.515744000E-5
1.420976667E+9	1.491061000E-5
1.420980000E+9	1.492268000E-5
1.420983333E+9	1.497992000E-5
1.420986667E+9	1.494153000E-5
1.420990000E+9	1.534691000E-5
1.420993333E+9	1.534598000E-5
1.420996667E+9	1.503086000E-5
1.421000000E+9	1.484820000E-5
1.421003333E+9	1.506564000E-5
1.421006667E+9	1.474499000E-5
1.421010000E+9	1.503390000E-5
1.421013333E+9	1.508198000E-5
1.421016667E+9	1.501160000E-5
1.421020000E+9	1.501514000E-5
1.421023333E+9	1.489451000E-5
1.421026667E+9	1.456828000E-5
1.421030000E+9	1.479037000E-5
1.421033333E+9	1.467846000E-5
1.421036667E+9	1.442923000E-5
1.421040000E+9	1.468408000E-5
1.421043333E+9	1.445657000E-5
1.421046667E+9	1.472260000E-5
1.421050000E+9	1.475631000E-5
1.421053333E+9	1.451761000E-5
1.421056667E+9	1.486244000E-5
1.421060000E+9	1.492366000E-5
1.421063333E+9	1.484831000E-5
1.421066667E+9	1.512710000E-5
1.421070000E+9	1.455781000E-5
1.421073333E+9	1.495611000E-5
1.421076667E+9	1.484613000E-5
1.421080000E+9	1.454191000E-5
1.421083333E+9	1.456414000E-5
1.421086667E+9	1.460702000E-5
1.421090000E+9	1.472792000E-5
1.421093333E+9	1.486890000E-5
1.421096667E+9	1.517539000E-5
1.421100000E+9	1.449681000E-5
1.421103333E+9	1.498260000E-5
1.421106667E+9	1.469982000E-5
1.421110000E+9	1.433123000E-5
1.421113333E+9	1.451785000E-5
1.421116667E+9	1.462999000E-5
1.421120000E+9	1.483568000E-5
1.421123333E+9	1.467729000E-5
1.421126667E+9	1.468440000E-5
1.421130000E+9	1.462856000E-5
1.421133333E+9	1.478414000E-5
1.421136667E+9	1.435264000E-5
1.421140000E+9	1.459853000E-5
1.421143333E+9	1.459591000E-5
1.421146667E+9	1.481220000E-5
1.421150000E+9	1.440465000E-5
1.421153333E+9	1.474104000E-5
1.421156667E+9	1.486542000E-5
1.421160000E+9	1.461591000E-5
1.421163333E+9	1.466718000E-5
1.421166667E+9	1.469297000E-5
1.421170000E+9	1.465049000E-5
1.421173333E+9	1.506959000E-5
1.421176667E+9	1.464968000E-5
1.421180000E+9	1.461066000E-5
1.421183333E+9	1.471688000E-5
1.421186667E+9	1.465068000E-5
1.421190000E+9	1.481464000E-5
1.421193333E+9	1.446400000E-5
1.421196667E+9	1.473597000E-5
1.421200000E+9	1.480467000E-5
1.421203333E+9	1.457716000E-5
1.421206667E+9	1.566022000E-5
1.421210000E+9	1.520131000E-5
1.421213333E+9	1.631073000E-5
1.421216667E+9	1.463041000E-5
1.421220000E+9	1.499733000E-5
1.421223333E+9	1.455025000E-5
1.421226667E+9	1.480821000E-5
1.421230000E+9	1.470627000E-5
1.421233333E+9	1.453189000E-5
1.421236667E+9	1.462458000E-5
1.421240000E+9	1.444031000E-5
1.421243333E+9	1.473581000E-5
1.421246667E+9	1.486802000E-5
1.421250000E+9	1.488309000E-5
1.421253333E+9	1.512663000E-5
1.421256667E+9	1.467111000E-5
1.421260000E+9	1.474389000E-5
1.421263333E+9	1.456099000E-5
1.421266667E+9	1.459545000E-5
1.421270000E+9	1.461262000E-5
1.421273333E+9	1.440050000E-5
1.421276667E+9	1.461214000E-5
1.421280000E+9	1.454645000E-5
1.421283333E+9	1.444322000E-5
1.421286667E+9	1.460342000E-5
1.421290000E+9	1.443682000E-5
1.421293333E+9	1.434590000E-5
1.421296667E+9	1.439644000E-5
1.421300000E+9	1.477671000E-5
1.421303333E+9	1.461083000E-5
1.421306667E+9	1.453128000E-5
1.421310000E+9	1.430969000E-5
1.421313333E+9	1.486962000E-5
1.421316667E+9	1.447952000E-5
1.421320000E+9	1.492713000E-5
1.421323333E+9	1.451432000E-5
1.421326667E+9	1.464679000E-5
1.421330000E+9	1.448416000E-5
1.421333333E+9	1.449791000E-5
1.421336667E+9	1.486474000E-5
1.421340000E+9	1.455960000E-5
1.421343333E+9	1.470068000E-5
1.421346667E+9	1.459736000E-5
1.421350000E+9	1.451116000E-5
1.421353333E+9	1.443604000E-5
1.421356667E+9	1.464021000E-5
1.421360000E+9	1.441436000E-5
1.421363333E+9	1.454613000E-5
1.421366667E+9	1.487411000E-5
1.421370000E+9	1.461156000E-5
1.421373333E+9	1.459790000E-5
1.421376667E+9	1.458262000E-5
1.421380000E+9	1.461535000E-5
1.421383333E+9	1.456788000E-5
1.421386667E+9	1.465060000E-5
1.421390000E+9	1.476308000E-5
1.421393333E+9	1.471105000E-5
1.421396667E+9	1.448003000E-5
1.421400000E+9	1.465726000E-5
