Frequency, Hz	Amplitude, Volts
1.419400000E+9	1.743767000E-5
1.419403333E+9	1.756033000E-5
1.419406667E+9	1.756036000E-5
1.419410000E+9	1.740079000E-5
1.419413333E+9	1.775622000E-5
1.419416667E+9	1.753295000E-5
1.419420000E+9	1.756480000E-5
1.419423333E+9	1.720164000E-5
1.419426667E+9	1.727480000E-5
1.419430000E+9	1.731602000E-5
1.419433333E+9	1.721517000E-5
1.419436667E+9	1.755499000E-5
1.419440000E+9	1.766374000E-5
1.419443333E+9	1.834541000E-5
1.419446667E+9	1.764178000E-5
1.419450000E+9	1.707793000E-5
1.419453333E+9	1.715240000E-5
1.419456667E+9	1.755331000E-5
1.419460000E+9	1.729155000E-5
1.419463333E+9	1.749535000E-5
1.419466667E+9	1.792271000E-5
1.419470000E+9	1.728345000E-5
1.419473333E+9	1.727309000E-5
1.419476667E+9	1.742389000E-5
1.419480000E+9	1.746225000E-5
1.419483333E+9	1.698706000E-5
1.419486667E+9	1.731176000E-5
1.419490000E+9	1.839402000E-5
1.419493333E+9	1.744947000E-5
1.419496667E+9	1.746285000E-5
1.419500000E+9	1.753335000E-5
1.419503333E+9	1.715097000E-5
1.419506667E+9	1.730050000E-5
1.419510000E+9	1.763405000E-5
1.419513333E+9	1.732844000E-5
1.419516667E+9	1.709810000E-5
1.419520000E+9	1.748069000E-5
1.419523333E+9	1.737201000E-5
1.419526667E+9	1.729024000E-5
1.419530000E+9	1.748740000E-5
1.419533333E+9	1.754622000E-5
1.419536667E+9	1.820451000E-5
1.419540000E+9	1.802406000E-5
1.419543333E+9	1.734395000E-5
1.419546667E+9	1.712218000E-5
1.419550000E+9	1.752242000E-5
1.419553333E+9	1.745441000E-5
1.419556667E+9	1.724504000E-5
1.419560000E+9	1.764848000E-5
1.419563333E+9	1.774264000E-5
1.419566667E+9	1.738002000E-5
1.419570000E+9	1.756673000E-5
1.419573333E+9	1.757993000E-5
1.419576667E+9	1.746062000E-5
1.419580000E+9	1.756233000E-5
1.419583333E+9	1.785512000E-5
1.419586667E+9	1.756465000E-5
1.419590000E+9	1.727354000E-5
1.419593333E+9	1.717058000E-5
1.419596667E+9	1.737187000E-5
1.419600000E+9	1.701267000E-5
1.419603333E+9	1.751031000E-5
1.419606667E+9	1.778492000E-5
1.419610000E+9	1.728794000E-5
1.419613333E+9	1.717477000E-5
1.419616667E+9	1.734076000E-5
1.419620000E+9	1.730834000E-5
1.419623333E+9	1.750779000E-5
1.419626667E+9	1.796939000E-5
1.419630000E+9	1.794244000E-5
1.419633333E+9	1.779410000E-5
1.419636667E+9	1.753584000E-5
1.419640000E+9	1.723439000E-5
1.419643333E+9	1.746352000E-5
1.419646667E+9	1.755547000E-5
1.419650000E+9	1.740546000E-5
1.419653333E+9	1.786817000E-5
1.419656667E+9	1.734150000E-5
1.419660000E+9	1.727076000E-5
1.419663333E+9	1.733725000E-5
1.419666667E+9	1.765058000E-5
1.419670000E+9	1.686354000E-5
1.419673333E+9	1.737065000E-5
1.419676667E+9	1.800023000E-5
1.419680000E+9	1.757462000E-5
1.419683333E+9	1.701149000E-5
1.419686667E+9	1.757543000E-5
1.419690000E+9	1.759085000E-5
1.419693333E+9	1.766661000E-5
1.419696667E+9	1.751440000E-5
1.419700000E+9	1.770889000E-5
1.419703333E+9	1.702233000E-5
1.419706667E+9	1.733678000E-5
1.419710000E+9	1.737430000E-5
1.419713333E+9	1.697640000E-5
1.419716667E+9	1.747867000E-5
1.419720000E+9	1.733246000E-5
1.419723333E+9	1.771930000E-5
1.419726667E+9	1.737504000E-5
1.419730000E+9	1.743734000E-5
1.419733333E+9	1.961110000E-5
1.419736667E+9	1.761511000E-5
1.419740000E+9	1.730401000E-5
1.419743333E+9	1.745062000E-5
1.419746667E+9	1.815696000E-5
1.419750000E+9	1.756902000E-5
1.419753333E+9	1.765849000E-5
1.419756667E+9	1.764337000E-5
1.419760000E+9	1.745152000E-5
1.419763333E+9	1.750104000E-5
1.419766667E+9	1.748015000E-5
1.419770000E+9	1.794309000E-5
1.419773333E+9	1.727023000E-5
1.419776667E+9	1.703880000E-5
1.419780000E+9	1.714374000E-5
1.419783333E+9	1.758943000E-5
1.419786667E+9	1.712367000E-5
1.419790000E+9	1.766054000E-5
1.419793333E+9	1.736785000E-5
1.419796667E+9	1.765961000E-5
1.419800000E+9	1.757062000E-5
1.419803333E+9	1.744755000E-5
1.419806667E+9	1.729738000E-5
1.419810000E+9	1.719167000E-5
1.419813333E+9	1.751844000E-5
1.419816667E+9	1.814941000E-5
1.419820000E+9	1.755356000E-5
1.419823333E+9	1.753172000E-5
1.419826667E+9	1.697295000E-5
1.419830000E+9	1.789296000E-5
1.419833333E+9	1.793420000E-5
1.419836667E+9	1.740634000E-5
1.419840000E+9	1.761401000E-5
1.419843333E+9	1.712423000E-5
1.419846667E+9	1.728692000E-5
1.419850000E+9	1.708406000E-5
1.419853333E+9	1.726949000E-5
1.419856667E+9	1.712220000E-5
1.419860000E+9	1.751634000E-5
1.419863333E+9	1.810990000E-5
1.419866667E+9	1.756212000E-5
1.419870000E+9	1.798512000E-5
1.419873333E+9	1.731336000E-5
1.419876667E+9	1.755535000E-5
1.419880000E+9	1.723215000E-5
1.419883333E+9	1.729636000E-5
1.419886667E+9	1.762865000E-5
1.419890000E+9	1.744497000E-5
1.419893333E+9	1.753591000E-5
1.419896667E+9	1.726753000E-5
1.419900000E+9	1.723932000E-5
1.419903333E+9	1.685206000E-5
1.419906667E+9	1.740129000E-5
1.419910000E+9	1.772710000E-5
1.419913333E+9	1.752962000E-5
1.419916667E+9	1.749628000E-5
1.419920000E+9	1.733508000E-5
1.419923333E+9	1.739453000E-5
1.419926667E+9	1.742791000E-5
1.419930000E+9	1.747234000E-5
1.419933333E+9	1.738850000E-5
1.419936667E+9	1.768645000E-5
1.419940000E+9	1.708425000E-5
1.419943333E+9	1.691140000E-5
1.419946667E+9	1.756466000E-5
1.419950000E+9	1.691940000E-5
1.419953333E+9	1.693702000E-5
1.419956667E+9	1.774511000E-5
1.419960000E+9	1.740886000E-5
1.419963333E+9	1.702829000E-5
1.419966667E+9	1.741188000E-5
1.419970000E+9	1.727508000E-5
1.419973333E+9	1.727787000E-5
1.419976667E+9	1.727908000E-5
1.419980000E+9	1.769210000E-5
1.419983333E+9	1.735977000E-5
1.419986667E+9	1.706520000E-5
1.419990000E+9	1.704473000E-5
1.419993333E+9	1.772949000E-5
1.419996667E+9	1.719047000E-5
1.420000000E+9	1.726386000E-5
1.420003333E+9	1.901294000E-5
1.420006667E+9	1.750742000E-5
1.420010000E+9	1.728523000E-5
1.420013333E+9	1.709403000E-5
1.420016667E+9	1.675868000E-5
1.420020000E+9	1.745430000E-5
1.420023333E+9	1.717319000E-5
1.420026667E+9	1.768550000E-5
1.420030000E+9	1.724126000E-5
1.420033333E+9	1.683220000E-5
1.420036667E+9	1.738506000E-5
1.420040000E+9	1.712303000E-5
1.420043333E+9	1.750537000E-5
1.420046667E+9	1.722756000E-5
1.420050000E+9	1.742950000E-5
1.420053333E+9	1.743170000E-5
1.420056667E+9	1.735083000E-5
1.420060000E+9	1.749357000E-5
1.420063333E+9	1.733329000E-5
1.420066667E+9	1.741157000E-5
1.420070000E+9	1.675658000E-5
1.420073333E+9	1.747111000E-5
1.420076667E+9	1.735193000E-5
1.420080000E+9	1.760830000E-5
1.420083333E+9	1.725732000E-5
1.420086667E+9	1.727768000E-5
1.420090000E+9	1.743602000E-5
1.420093333E+9	1.724591000E-5
1.420096667E+9	1.782058000E-5
1.420100000E+9	1.772723000E-5
1.420103333E+9	1.743644000E-5
1.420106667E+9	1.675621000E-5
1.420110000E+9	1.718026000E-5
1.420113333E+9	1.715882000E-5
1.420116667E+9	1.723859000E-5
1.420120000E+9	1.746963000E-5
1.420123333E+9	1.789734000E-5
1.420126667E+9	1.776728000E-5
1.420130000E+9	1.766690000E-5
1.420133333E+9	1.787395000E-5
1.420136667E+9	1.724677000E-5
1.420140000E+9	1.725383000E-5
1.420143333E+9	1.801298000E-5
1.420146667E+9	1.753420000E-5
1.420150000E+9	1.745798000E-5
1.420153333E+9	1.758058000E-5
1.420156667E+9	1.801668000E-5
1.420160000E+9	1.775630000E-5
1.420163333E+9	1.777065000E-5
1.420166667E+9	1.749157000E-5
1.420170000E+9	1.766502000E-5
1.420173333E+9	1.753405000E-5
1.420176667E+9	1.757313000E-5
1.420180000E+9	1.768940000E-5
1.420183333E+9	1.770263000E-5
1.420186667E+9	1.821661000E-5
1.420190000E+9	1.834688000E-5
1.420193333E+9	1.806099000E-5
1.420196667E+9	1.795941000E-5
1.420200000E+9	1.814712000E-5
1.420203333E+9	1.784746000E-5
1.420206667E+9	1.782643000E-5
1.420210000E+9	1.826153000E-5
1.420213333E+9	1.835453000E-5
1.420216667E+9	1.822407000E-5
1.420220000E+9	1.843524000E-5
1.420223333E+9	1.851915000E-5
1.420226667E+9	1.841210000E-5
1.420230000E+9	1.856630000E-5
1.420233333E+9	1.840412000E-5
1.420236667E+9	1.899857000E-5
1.420240000E+9	1.870351000E-5
1.420243333E+9	1.856801000E-5
1.420246667E+9	1.841972000E-5
1.420250000E+9	1.879388000E-5
1.420253333E+9	1.848382000E-5
1.420256667E+9	1.900670000E-5
1.420260000E+9	1.914889000E-5
1.420263333E+9	1.875965000E-5
1.420266667E+9	1.871205000E-5
1.420270000E+9	1.845436000E-5
1.420273333E+9	1.856161000E-5
1.420276667E+9	1.856045000E-5
1.420280000E+9	1.890520000E-5
1.420283333E+9	1.920582000E-5
1.420286667E+9	1.871778000E-5
1.420290000E+9	1.877439000E-5
1.420293333E+9	1.847735000E-5
1.420296667E+9	1.881285000E-5
1.420300000E+9	1.846701000E-5
1.420303333E+9	1.880674000E-5
1.420306667E+9	1.955487000E-5
1.420310000E+9	1.912596000E-5
1.420313333E+9	1.871476000E-5
1.420316667E+9	1.902512000E-5
1.420320000E+9	1.932875000E-5
1.420323333E+9	1.903682000E-5
1.420326667E+9	1.902295000E-5
1.420330000E+9	1.908485000E-5
1.420333333E+9	1.876254000E-5
1.420336667E+9	1.824643000E-5
1.420340000E+9	1.846368000E-5
1.420343333E+9	1.798239000E-5
1.420346667E+9	1.801538000E-5
1.420350000E+9	1.817515000E-5
1.420353333E+9	1.845031000E-5
1.420356667E+9	1.783612000E-5
1.420360000E+9	1.768866000E-5
1.420363333E+9	1.762666000E-5
1.420366667E+9	1.812267000E-5
1.420370000E+9	1.785142000E-5
1.420373333E+9	1.788385000E-5
1.420376667E+9	1.804371000E-5
1.420380000E+9	1.788809000E-5
1.420383333E+9	1.787134000E-5
1.420386667E+9	1.769989000E-5
1.420390000E+9	1.756962000E-5
1.420393333E+9	1.739841000E-5
1.420396667E+9	1.787382000E-5
1.420400000E+9	1.766923000E-5
1.420403333E+9	1.755171000E-5
1.420406667E+9	1.777620000E-5
1.420410000E+9	1.785332000E-5
1.420413333E+9	1.726732000E-5
1.420416667E+9	1.790094000E-5
1.420420000E+9	1.748030000E-5
1.420423333E+9	1.748708000E-5
1.420426667E+9	1.744504000E-5
1.420430000E+9	1.761492000E-5
1.420433333E+9	1.759760000E-5
1.420436667E+9	1.756762000E-5
1.420440000E+9	1.768975000E-5
1.420443333E+9	1.738390000E-5
1.420446667E+9	1.754495000E-5
1.420450000E+9	1.757979000E-5
1.420453333E+9	1.743315000E-5
1.420456667E+9	1.733748000E-5
1.420460000E+9	1.728369000E-5
1.420463333E+9	1.730388000E-5
1.420466667E+9	1.754797000E-5
1.420470000E+9	1.816977000E-5
1.420473333E+9	1.755479000E-5
1.420476667E+9	1.708164000E-5
1.420480000E+9	1.716414000E-5
1.420483333E+9	1.708093000E-5
1.420486667E+9	1.689877000E-5
1.420490000E+9	1.718179000E-5
1.420493333E+9	1.723403000E-5
1.420496667E+9	1.753418000E-5
1.420500000E+9	1.721946000E-5
1.420503333E+9	1.696524000E-5
1.420506667E+9	1.691717000E-5
1.420510000E+9	1.741198000E-5
1.420513333E+9	1.742502000E-5
1.420516667E+9	1.734967000E-5
1.420520000E+9	1.730781000E-5
1.420523333E+9	1.678311000E-5
1.420526667E+9	1.716212000E-5
1.420530000E+9	1.704706000E-5
1.420533333E+9	1.725031000E-5
1.420536667E+9	1.740905000E-5
1.420540000E+9	1.718311000E-5
1.420543333E+9	1.738981000E-5
1.420546667E+9	1.761027000E-5
1.420550000E+9	1.699370000E-5
1.420553333E+9	1.715718000E-5
1.420556667E+9	1.701246000E-5
1.420560000E+9	1.736505000E-5
1.420563333E+9	1.746432000E-5
1.420566667E+9	1.684422000E-5
1.420570000E+9	1.688451000E-5
1.420573333E+9	1.727106000E-5
1.420576667E+9	1.710018000E-5
1.420580000E+9	1.694641000E-5
1.420583333E+9	1.690000000E-5
1.420586667E+9	1.719991000E-5
1.420590000E+9	1.696613000E-5
1.420593333E+9	1.709508000E-5
1.420596667E+9	1.711980000E-5
1.420600000E+9	1.725972000E-5
1.420603333E+9	1.735706000E-5
1.420606667E+9	1.702665000E-5
1.420610000E+9	1.756077000E-5
1.420613333E+9	1.693269000E-5
1.420616667E+9	1.666246000E-5
1.420620000E+9	1.694115000E-5
1.420623333E+9	1.696067000E-5
1.420626667E+9	1.718973000E-5
1.420630000E+9	1.703166000E-5
1.420633333E+9	1.734129000E-5
1.420636667E+9	1.724889000E-5
1.420640000E+9	1.708885000E-5
1.420643333E+9	1.705187000E-5
1.420646667E+9	1.715163000E-5
1.420650000E+9	1.665221000E-5
1.420653333E+9	1.687106000E-5
1.420656667E+9	1.755000000E-5
1.420660000E+9	1.701256000E-5
1.420663333E+9	1.716919000E-5
1.420666667E+9	1.746175000E-5
1.420670000E+9	1.694993000E-5
1.420673333E+9	1.708712000E-5
1.420676667E+9	1.739608000E-5
1.420680000E+9	1.724099000E-5
1.420683333E+9	1.714846000E-5
1.420686667E+9	1.730880000E-5
1.420690000E+9	1.667702000E-5
1.420693333E+9	1.689816000E-5
1.420696667E+9	1.670720000E-5
1.420700000E+9	1.702072000E-5
1.420703333E+9	1.717741000E-5
1.420706667E+9	1.679958000E-5
1.420710000E+9	1.746158000E-5
1.420713333E+9	1.709900000E-5
1.420716667E+9	1.671985000E-5
1.420720000E+9	1.682036000E-5
1.420723333E+9	1.670256000E-5
1.420726667E+9	1.669735000E-5
1.420730000E+9	1.674158000E-5
1.420733333E+9	1.678369000E-5
1.420736667E+9	1.715057000E-5
1.420740000E+9	1.716046000E-5
1.420743333E+9	1.720508000E-5
1.420746667E+9	1.707215000E-5
1.420750000E+9	1.702386000E-5
1.420753333E+9	1.693674000E-5
1.420756667E+9	1.677293000E-5
1.420760000E+9	1.704195000E-5
1.420763333E+9	1.692076000E-5
1.420766667E+9	1.675213000E-5
1.420770000E+9	1.699182000E-5
1.420773333E+9	1.734538000E-5
1.420776667E+9	1.699352000E-5
1.420780000E+9	1.679078000E-5
1.420783333E+9	1.649900000E-5
1.420786667E+9	1.678573000E-5
1.420790000E+9	1.704299000E-5
1.420793333E+9	1.682897000E-5
1.420796667E+9	1.716917000E-5
1.420800000E+9	1.712357000E-5
1.420803333E+9	1.729233000E-5
1.420806667E+9	1.693403000E-5
1.420810000E+9	1.712025000E-5
1.420813333E+9	1.705348000E-5
1.420816667E+9	1.693165000E-5
1.420820000E+9	1.708952000E-5
1.420823333E+9	1.672091000E-5
1.420826667E+9	1.714671000E-5
1.420830000E+9	1.703456000E-5
1.420833333E+9	1.689178000E-5
1.420836667E+9	1.681417000E-5
1.420840000E+9	1.709981000E-5
1.420843333E+9	1.717386000E-5
1.420846667E+9	1.716333000E-5
1.420850000E+9	1.677324000E-5
1.420853333E+9	1.678396000E-5
1.420856667E+9	1.666709000E-5
1.420860000E+9	1.680223000E-5
1.420863333E+9	1.712416000E-5
1.420866667E+9	1.718769000E-5
1.420870000E+9	1.695235000E-5
1.420873333E+9	1.713192000E-5
1.420876667E+9	1.675883000E-5
1.420880000E+9	1.685077000E-5
1.420883333E+9	1.819890000E-5
1.420886667E+9	1.769698000E-5
1.420890000E+9	1.708952000E-5
1.420893333E+9	1.674152000E-5
1.420896667E+9	1.684244000E-5
1.420900000E+9	1.725705000E-5
1.420903333E+9	1.687332000E-5
1.420906667E+9	1.750364000E-5
1.420910000E+9	1.689239000E-5
1.420913333E+9	1.721451000E-5
1.420916667E+9	1.742443000E-5
1.420920000E+9	1.752594000E-5
1.420923333E+9	1.720926000E-5
1.420926667E+9	1.770737000E-5
1.420930000E+9	1.719811000E-5
1.420933333E+9	1.679831000E-5
1.420936667E+9	1.734129000E-5
1.420940000E+9	1.703115000E-5
1.420943333E+9	1.667786000E-5
1.420946667E+9	1.659836000E-5
1.420950000E+9	1.696870000E-5
1.420953333E+9	1.697209000E-5
1.420956667E+9	1.657745000E-5
1.420960000E+9	1.701075000E-5
1.420963333E+9	1.667678000E-5
1.420966667E+9	1.686991000E-5
1.420970000E+9	1.702648000E-5
1.420973333E+9	1.698626000E-5
1.420976667E+9	1.708592000E-5
1.420980000E+9	1.711510000E-5
1.420983333E+9	1.716845000E-5
1.420986667E+9	1.735742000E-5
1.420990000E+9	1.706335000E-5
1.420993333E+9	1.661037000E-5
1.420996667E+9	1.656027000E-5
1.421000000E+9	1.724955000E-5
1.421003333E+9	1.690432000E-5
1.421006667E+9	1.740290000E-5
1.421010000E+9	1.706383000E-5
1.421013333E+9	1.673439000E-5
1.421016667E+9	1.693962000E-5
1.421020000E+9	1.751569000E-5
1.421023333E+9	1.698732000E-5
1.421026667E+9	1.661564000E-5
1.421030000E+9	1.722425000E-5
1.421033333E+9	1.696959000E-5
1.421036667E+9	1.676575000E-5
1.421040000E+9	1.736103000E-5
1.421043333E+9	1.684566000E-5
1.421046667E+9	1.676240000E-5
1.421050000E+9	1.677284000E-5
1.421053333E+9	1.728565000E-5
1.421056667E+9	1.692330000E-5
1.421060000E+9	1.676562000E-5
1.421063333E+9	1.655809000E-5
1.421066667E+9	1.706314000E-5
1.421070000E+9	1.674099000E-5
1.421073333E+9	1.677508000E-5
1.421076667E+9	1.716942000E-5
1.421080000E+9	1.671349000E-5
1.421083333E+9	1.654485000E-5
1.421086667E+9	1.675938000E-5
1.421090000E+9	1.674009000E-5
1.421093333E+9	1.701032000E-5
1.421096667E+9	1.727442000E-5
1.421100000E+9	1.707774000E-5
1.421103333E+9	1.705235000E-5
1.421106667E+9	1.688047000E-5
1.421110000E+9	1.675713000E-5
1.421113333E+9	1.668028000E-5
1.421116667E+9	1.686459000E-5
1.421120000E+9	1.702141000E-5
1.421123333E+9	1.718594000E-5
1.421126667E+9	1.699525000E-5
1.421130000E+9	1.644083000E-5
1.421133333E+9	1.686650000E-5
1.421136667E+9	1.686939000E-5
1.421140000E+9	1.679392000E-5
1.421143333E+9	1.682461000E-5
1.421146667E+9	1.706009000E-5
1.421150000E+9	1.681824000E-5
1.421153333E+9	1.721408000E-5
1.421156667E+9	1.683329000E-5
1.421160000E+9	1.694833000E-5
1.421163333E+9	1.728498000E-5
1.421166667E+9	1.714643000E-5
1.421170000E+9	1.697092000E-5
1.421173333E+9	1.669396000E-5
1.421176667E+9	1.716693000E-5
1.421180000E+9	1.817573000E-5
1.421183333E+9	1.671663000E-5
1.421186667E+9	1.661542000E-5
1.421190000E+9	1.689981000E-5
1.421193333E+9	1.703706000E-5
1.421196667E+9	1.713969000E-5
1.421200000E+9	1.700595000E-5
1.421203333E+9	1.683359000E-5
1.421206667E+9	1.708288000E-5
1.421210000E+9	1.682287000E-5
1.421213333E+9	1.695961000E-5
1.421216667E+9	1.720688000E-5
1.421220000E+9	1.697772000E-5
1.421223333E+9	1.669242000E-5
1.421226667E+9	1.687940000E-5
1.421230000E+9	1.707345000E-5
1.421233333E+9	1.685865000E-5
1.421236667E+9	1.648763000E-5
1.421240000E+9	1.693360000E-5
1.421243333E+9	1.650973000E-5
1.421246667E+9	1.687862000E-5
1.421250000E+9	1.699831000E-5
1.421253333E+9	1.665700000E-5
1.421256667E+9	1.664193000E-5
1.421260000E+9	1.723376000E-5
1.421263333E+9	1.706462000E-5
1.421266667E+9	1.687878000E-5
1.421270000E+9	1.673061000E-5
1.421273333E+9	1.676210000E-5
1.421276667E+9	1.686759000E-5
1.421280000E+9	1.706505000E-5
1.421283333E+9	1.746089000E-5
1.421286667E+9	1.691450000E-5
1.421290000E+9	1.664192000E-5
1.421293333E+9	1.704595000E-5
1.421296667E+9	1.707735000E-5
1.421300000E+9	1.714221000E-5
1.421303333E+9	1.672543000E-5
1.421306667E+9	1.730958000E-5
1.421310000E+9	1.685186000E-5
1.421313333E+9	1.658209000E-5
1.421316667E+9	1.643534000E-5
1.421320000E+9	1.681111000E-5
1.421323333E+9	1.702538000E-5
1.421326667E+9	1.662073000E-5
1.421330000E+9	1.693949000E-5
1.421333333E+9	1.705102000E-5
1.421336667E+9	1.649013000E-5
1.421340000E+9	1.698663000E-5
1.421343333E+9	1.741333000E-5
1.421346667E+9	1.683481000E-5
1.421350000E+9	1.690906000E-5
1.421353333E+9	1.675747000E-5
1.421356667E+9	1.702936000E-5
1.421360000E+9	1.722251000E-5
1.421363333E+9	1.752945000E-5
1.421366667E+9	1.925282000E-5
1.421370000E+9	1.700894000E-5
1.421373333E+9	1.680317000E-5
1.421376667E+9	1.711837000E-5
1.421380000E+9	1.688410000E-5
1.421383333E+9	1.696851000E-5
1.421386667E+9	1.697345000E-5
1.421390000E+9	1.691342000E-5
1.421393333E+9	1.708924000E-5
1.421396667E+9	1.692962000E-5
1.421400000E+9	1.703299000E-5
