Frequency, Hz	Amplitude, Volts
1.419400000E+9	1.941229000E-5
1.419403333E+9	1.927892000E-5
1.419406667E+9	1.870905000E-5
1.419410000E+9	1.871612000E-5
1.419413333E+9	1.979041000E-5
1.419416667E+9	1.943321000E-5
1.419420000E+9	1.852313000E-5
1.419423333E+9	1.935827000E-5
1.419426667E+9	1.869722000E-5
1.419430000E+9	1.858943000E-5
1.419433333E+9	1.895410000E-5
1.419436667E+9	1.893802000E-5
1.419440000E+9	1.955863000E-5
1.419443333E+9	1.939774000E-5
1.419446667E+9	2.035508000E-5
1.419450000E+9	2.238716000E-5
1.419453333E+9	2.280571000E-5
1.419456667E+9	2.105252000E-5
1.419460000E+9	1.863850000E-5
1.419463333E+9	1.856642000E-5
1.419466667E+9	1.892628000E-5
1.419470000E+9	1.905704000E-5
1.419473333E+9	1.843834000E-5
1.419476667E+9	1.878699000E-5
1.419480000E+9	1.883066000E-5
1.419483333E+9	1.890148000E-5
1.419486667E+9	1.884009000E-5
1.419490000E+9	1.894951000E-5
1.419493333E+9	1.959805000E-5
1.419496667E+9	1.913787000E-5
1.419500000E+9	1.905945000E-5
1.419503333E+9	1.881229000E-5
1.419506667E+9	1.885551000E-5
1.419510000E+9	1.859690000E-5
1.419513333E+9	1.892233000E-5
1.419516667E+9	1.914153000E-5
1.419520000E+9	1.907942000E-5
1.419523333E+9	1.847246000E-5
1.419526667E+9	1.885878000E-5
1.419530000E+9	1.882634000E-5
1.419533333E+9	1.866099000E-5
1.419536667E+9	1.860360000E-5
1.419540000E+9	1.944382000E-5
1.419543333E+9	1.872068000E-5
1.419546667E+9	1.821887000E-5
1.419550000E+9	1.862521000E-5
1.419553333E+9	1.857837000E-5
1.419556667E+9	1.883842000E-5
1.419560000E+9	1.853294000E-5
1.419563333E+9	1.857209000E-5
1.419566667E+9	1.888058000E-5
1.419570000E+9	1.857242000E-5
1.419573333E+9	1.862163000E-5
1.419576667E+9	1.831769000E-5
1.419580000E+9	1.859019000E-5
1.419583333E+9	1.909101000E-5
1.419586667E+9	1.925758000E-5
1.419590000E+9	1.890198000E-5
1.419593333E+9	1.836824000E-5
1.419596667E+9	1.838650000E-5
1.419600000E+9	1.860744000E-5
1.419603333E+9	1.816847000E-5
1.419606667E+9	1.881628000E-5
1.419610000E+9	1.873172000E-5
1.419613333E+9	1.892410000E-5
1.419616667E+9	1.842278000E-5
1.419620000E+9	1.871314000E-5
1.419623333E+9	1.884210000E-5
1.419626667E+9	1.917037000E-5
1.419630000E+9	1.855214000E-5
1.419633333E+9	1.958951000E-5
1.419636667E+9	1.903433000E-5
1.419640000E+9	1.873053000E-5
1.419643333E+9	1.874915000E-5
1.419646667E+9	1.833276000E-5
1.419650000E+9	1.836518000E-5
1.419653333E+9	1.880461000E-5
1.419656667E+9	1.855595000E-5
1.419660000E+9	1.869320000E-5
1.419663333E+9	1.860042000E-5
1.419666667E+9	1.858076000E-5
1.419670000E+9	1.841677000E-5
1.419673333E+9	1.887652000E-5
1.419676667E+9	1.903996000E-5
1.419680000E+9	1.893316000E-5
1.419683333E+9	1.898483000E-5
1.419686667E+9	1.834414000E-5
1.419690000E+9	1.859180000E-5
1.419693333E+9	1.853660000E-5
1.419696667E+9	1.857694000E-5
1.419700000E+9	1.888895000E-5
1.419703333E+9	1.867537000E-5
1.419706667E+9	1.900787000E-5
1.419710000E+9	1.886881000E-5
1.419713333E+9	1.867685000E-5
1.419716667E+9	1.837621000E-5
1.419720000E+9	1.863003000E-5
1.419723333E+9	1.913603000E-5
1.419726667E+9	1.931961000E-5
1.419730000E+9	1.886168000E-5
1.419733333E+9	2.011918000E-5
1.419736667E+9	1.873296000E-5
1.419740000E+9	1.900529000E-5
1.419743333E+9	2.190007000E-5
1.419746667E+9	2.293002000E-5
1.419750000E+9	2.035946000E-5
1.419753333E+9	1.864964000E-5
1.419756667E+9	1.808496000E-5
1.419760000E+9	1.858653000E-5
1.419763333E+9	1.816273000E-5
1.419766667E+9	1.825052000E-5
1.419770000E+9	1.916180000E-5
1.419773333E+9	1.891355000E-5
1.419776667E+9	1.862251000E-5
1.419780000E+9	1.843743000E-5
1.419783333E+9	1.846674000E-5
1.419786667E+9	1.858070000E-5
1.419790000E+9	1.864532000E-5
1.419793333E+9	1.842713000E-5
1.419796667E+9	1.886002000E-5
1.419800000E+9	1.860969000E-5
1.419803333E+9	1.866332000E-5
1.419806667E+9	1.850728000E-5
1.419810000E+9	1.847532000E-5
1.419813333E+9	1.913949000E-5
1.419816667E+9	1.850902000E-5
1.419820000E+9	1.927107000E-5
1.419823333E+9	1.907829000E-5
1.419826667E+9	1.861513000E-5
1.419830000E+9	1.821323000E-5
1.419833333E+9	1.840814000E-5
1.419836667E+9	1.850088000E-5
1.419840000E+9	1.837736000E-5
1.419843333E+9	1.896158000E-5
1.419846667E+9	1.856302000E-5
1.419850000E+9	1.848346000E-5
1.419853333E+9	1.827966000E-5
1.419856667E+9	1.857813000E-5
1.419860000E+9	1.857609000E-5
1.419863333E+9	1.909793000E-5
1.419866667E+9	1.956338000E-5
1.419870000E+9	2.009430000E-5
1.419873333E+9	1.826263000E-5
1.419876667E+9	1.860769000E-5
1.419880000E+9	1.844150000E-5
1.419883333E+9	1.852177000E-5
1.419886667E+9	1.843870000E-5
1.419890000E+9	1.890715000E-5
1.419893333E+9	1.840555000E-5
1.419896667E+9	1.845776000E-5
1.419900000E+9	1.844075000E-5
1.419903333E+9	1.849830000E-5
1.419906667E+9	1.826032000E-5
1.419910000E+9	1.889080000E-5
1.419913333E+9	1.915377000E-5
1.419916667E+9	1.863328000E-5
1.419920000E+9	1.846026000E-5
1.419923333E+9	1.832602000E-5
1.419926667E+9	1.834331000E-5
1.419930000E+9	1.840636000E-5
1.419933333E+9	1.864818000E-5
1.419936667E+9	1.841485000E-5
1.419940000E+9	1.835578000E-5
1.419943333E+9	1.869029000E-5
1.419946667E+9	1.824776000E-5
1.419950000E+9	1.872969000E-5
1.419953333E+9	1.830838000E-5
1.419956667E+9	1.839392000E-5
1.419960000E+9	1.914096000E-5
1.419963333E+9	1.865717000E-5
1.419966667E+9	1.862244000E-5
1.419970000E+9	1.837474000E-5
1.419973333E+9	1.841196000E-5
1.419976667E+9	1.842237000E-5
1.419980000E+9	1.918176000E-5
1.419983333E+9	1.878711000E-5
1.419986667E+9	1.886367000E-5
1.419990000E+9	1.872385000E-5
1.419993333E+9	1.826792000E-5
1.419996667E+9	1.859335000E-5
1.420000000E+9	2.005080000E-5
1.420003333E+9	2.163402000E-5
1.420006667E+9	1.868778000E-5
1.420010000E+9	1.829225000E-5
1.420013333E+9	1.874522000E-5
1.420016667E+9	1.845734000E-5
1.420020000E+9	1.838580000E-5
1.420023333E+9	1.822605000E-5
1.420026667E+9	1.912231000E-5
1.420030000E+9	1.852912000E-5
1.420033333E+9	1.934909000E-5
1.420036667E+9	2.060038000E-5
1.420040000E+9	2.221400000E-5
1.420043333E+9	1.949587000E-5
1.420046667E+9	1.804832000E-5
1.420050000E+9	1.878230000E-5
1.420053333E+9	1.890466000E-5
1.420056667E+9	1.843014000E-5
1.420060000E+9	1.837276000E-5
1.420063333E+9	1.829996000E-5
1.420066667E+9	1.813588000E-5
1.420070000E+9	1.827781000E-5
1.420073333E+9	1.852187000E-5
1.420076667E+9	1.833210000E-5
1.420080000E+9	1.820036000E-5
1.420083333E+9	1.806819000E-5
1.420086667E+9	1.822665000E-5
1.420090000E+9	1.820335000E-5
1.420093333E+9	1.835566000E-5
1.420096667E+9	1.877979000E-5
1.420100000E+9	1.891544000E-5
1.420103333E+9	1.875455000E-5
1.420106667E+9	1.842836000E-5
1.420110000E+9	1.822809000E-5
1.420113333E+9	1.849265000E-5
1.420116667E+9	1.811638000E-5
1.420120000E+9	1.855096000E-5
1.420123333E+9	1.809356000E-5
1.420126667E+9	1.797738000E-5
1.420130000E+9	1.796045000E-5
1.420133333E+9	1.835506000E-5
1.420136667E+9	1.821217000E-5
1.420140000E+9	1.842203000E-5
1.420143333E+9	1.883939000E-5
1.420146667E+9	1.908458000E-5
1.420150000E+9	1.855603000E-5
1.420153333E+9	1.853469000E-5
1.420156667E+9	1.835373000E-5
1.420160000E+9	1.849306000E-5
1.420163333E+9	1.840781000E-5
1.420166667E+9	1.827860000E-5
1.420170000E+9	1.855462000E-5
1.420173333E+9	1.835109000E-5
1.420176667E+9	1.853371000E-5
1.420180000E+9	1.845547000E-5
1.420183333E+9	1.842193000E-5
1.420186667E+9	1.853402000E-5
1.420190000E+9	1.885566000E-5
1.420193333E+9	1.909891000E-5
1.420196667E+9	1.888472000E-5
1.420200000E+9	1.861112000E-5
1.420203333E+9	1.847410000E-5
1.420206667E+9	1.851994000E-5
1.420210000E+9	1.870388000E-5
1.420213333E+9	1.879305000E-5
1.420216667E+9	1.893414000E-5
1.420220000E+9	1.852438000E-5
1.420223333E+9	1.888605000E-5
1.420226667E+9	1.880975000E-5
1.420230000E+9	1.884123000E-5
1.420233333E+9	1.889377000E-5
1.420236667E+9	1.911528000E-5
1.420240000E+9	1.964644000E-5
1.420243333E+9	1.910384000E-5
1.420246667E+9	1.934771000E-5
1.420250000E+9	1.925982000E-5
1.420253333E+9	1.919648000E-5
1.420256667E+9	1.940637000E-5
1.420260000E+9	1.956020000E-5
1.420263333E+9	1.935834000E-5
1.420266667E+9	1.880036000E-5
1.420270000E+9	1.886023000E-5
1.420273333E+9	1.895023000E-5
1.420276667E+9	1.886475000E-5
1.420280000E+9	1.884115000E-5
1.420283333E+9	1.982569000E-5
1.420286667E+9	1.943379000E-5
1.420290000E+9	1.927429000E-5
1.420293333E+9	1.911620000E-5
1.420296667E+9	1.964170000E-5
1.420300000E+9	1.929875000E-5
1.420303333E+9	1.900537000E-5
1.420306667E+9	1.966865000E-5
1.420310000E+9	2.017379000E-5
1.420313333E+9	1.900170000E-5
1.420316667E+9	1.906816000E-5
1.420320000E+9	1.983007000E-5
1.420323333E+9	1.945952000E-5
1.420326667E+9	2.005183000E-5
1.420330000E+9	2.151299000E-5
1.420333333E+9	2.334314000E-5
1.420336667E+9	1.992233000E-5
1.420340000E+9	1.898847000E-5
1.420343333E+9	1.909005000E-5
1.420346667E+9	1.898970000E-5
1.420350000E+9	1.940684000E-5
1.420353333E+9	1.946909000E-5
1.420356667E+9	1.914283000E-5
1.420360000E+9	1.878703000E-5
1.420363333E+9	1.904941000E-5
1.420366667E+9	1.908602000E-5
1.420370000E+9	1.939823000E-5
1.420373333E+9	1.954545000E-5
1.420376667E+9	1.974291000E-5
1.420380000E+9	1.950193000E-5
1.420383333E+9	1.969651000E-5
1.420386667E+9	1.917666000E-5
1.420390000E+9	1.951316000E-5
1.420393333E+9	1.912489000E-5
1.420396667E+9	1.954878000E-5
1.420400000E+9	1.957102000E-5
1.420403333E+9	1.942645000E-5
1.420406667E+9	1.925362000E-5
1.420410000E+9	1.933436000E-5
1.420413333E+9	1.942526000E-5
1.420416667E+9	1.941357000E-5
1.420420000E+9	1.901255000E-5
1.420423333E+9	1.969484000E-5
1.420426667E+9	2.009386000E-5
1.420430000E+9	1.936459000E-5
1.420433333E+9	1.913088000E-5
1.420436667E+9	1.951596000E-5
1.420440000E+9	1.874495000E-5
1.420443333E+9	1.904865000E-5
1.420446667E+9	1.915427000E-5
1.420450000E+9	1.904704000E-5
1.420453333E+9	1.863975000E-5
1.420456667E+9	1.882122000E-5
1.420460000E+9	1.870447000E-5
1.420463333E+9	1.871857000E-5
1.420466667E+9	1.898343000E-5
1.420470000E+9	1.877849000E-5
1.420473333E+9	1.908409000E-5
1.420476667E+9	1.852966000E-5
1.420480000E+9	1.881704000E-5
1.420483333E+9	1.858068000E-5
1.420486667E+9	1.803873000E-5
1.420490000E+9	1.845087000E-5
1.420493333E+9	1.859504000E-5
1.420496667E+9	1.842870000E-5
1.420500000E+9	1.869632000E-5
1.420503333E+9	1.851272000E-5
1.420506667E+9	1.880172000E-5
1.420510000E+9	1.866148000E-5
1.420513333E+9	1.884136000E-5
1.420516667E+9	1.863132000E-5
1.420520000E+9	1.864773000E-5
1.420523333E+9	1.845791000E-5
1.420526667E+9	1.777030000E-5
1.420530000E+9	1.823616000E-5
1.420533333E+9	1.807154000E-5
1.420536667E+9	1.786142000E-5
1.420540000E+9	1.854853000E-5
1.420543333E+9	1.823906000E-5
1.420546667E+9	1.838216000E-5
1.420550000E+9	1.868926000E-5
1.420553333E+9	1.826423000E-5
1.420556667E+9	1.814544000E-5
1.420560000E+9	1.827508000E-5
1.420563333E+9	1.857052000E-5
1.420566667E+9	1.848646000E-5
1.420570000E+9	1.861594000E-5
1.420573333E+9	1.789742000E-5
1.420576667E+9	1.809980000E-5
1.420580000E+9	1.830410000E-5
1.420583333E+9	1.777522000E-5
1.420586667E+9	1.783559000E-5
1.420590000E+9	2.123518000E-5
1.420593333E+9	1.877754000E-5
1.420596667E+9	1.827061000E-5
1.420600000E+9	1.871154000E-5
1.420603333E+9	1.947692000E-5
1.420606667E+9	1.835143000E-5
1.420610000E+9	1.884442000E-5
1.420613333E+9	1.944971000E-5
1.420616667E+9	1.821051000E-5
1.420620000E+9	1.975232000E-5
1.420623333E+9	2.125183000E-5
1.420626667E+9	2.444660000E-5
1.420630000E+9	1.876011000E-5
1.420633333E+9	1.833620000E-5
1.420636667E+9	1.853302000E-5
1.420640000E+9	1.827240000E-5
1.420643333E+9	1.821373000E-5
1.420646667E+9	1.794598000E-5
1.420650000E+9	1.830012000E-5
1.420653333E+9	1.829620000E-5
1.420656667E+9	1.847993000E-5
1.420660000E+9	1.853441000E-5
1.420663333E+9	1.863513000E-5
1.420666667E+9	1.795901000E-5
1.420670000E+9	1.823079000E-5
1.420673333E+9	1.804699000E-5
1.420676667E+9	1.805046000E-5
1.420680000E+9	1.824331000E-5
1.420683333E+9	1.794443000E-5
1.420686667E+9	1.804365000E-5
1.420690000E+9	1.791175000E-5
1.420693333E+9	1.824916000E-5
1.420696667E+9	1.811580000E-5
1.420700000E+9	1.824061000E-5
1.420703333E+9	1.839903000E-5
1.420706667E+9	1.862666000E-5
1.420710000E+9	1.864810000E-5
1.420713333E+9	1.796601000E-5
1.420716667E+9	1.816446000E-5
1.420720000E+9	1.831854000E-5
1.420723333E+9	1.790436000E-5
1.420726667E+9	1.826921000E-5
1.420730000E+9	1.787452000E-5
1.420733333E+9	1.798883000E-5
1.420736667E+9	1.835411000E-5
1.420740000E+9	1.824864000E-5
1.420743333E+9	1.822045000E-5
1.420746667E+9	1.810499000E-5
1.420750000E+9	1.871195000E-5
1.420753333E+9	1.839145000E-5
1.420756667E+9	1.848062000E-5
1.420760000E+9	1.805020000E-5
1.420763333E+9	1.831007000E-5
1.420766667E+9	1.794630000E-5
1.420770000E+9	1.819504000E-5
1.420773333E+9	1.812897000E-5
1.420776667E+9	1.820377000E-5
1.420780000E+9	1.793775000E-5
1.420783333E+9	1.812655000E-5
1.420786667E+9	1.785906000E-5
1.420790000E+9	1.796463000E-5
1.420793333E+9	1.843848000E-5
1.420796667E+9	1.860636000E-5
1.420800000E+9	1.854749000E-5
1.420803333E+9	1.817942000E-5
1.420806667E+9	1.791620000E-5
1.420810000E+9	1.805294000E-5
1.420813333E+9	1.825136000E-5
1.420816667E+9	1.819500000E-5
1.420820000E+9	1.818306000E-5
1.420823333E+9	1.803687000E-5
1.420826667E+9	1.828317000E-5
1.420830000E+9	1.817799000E-5
1.420833333E+9	1.823358000E-5
1.420836667E+9	1.803071000E-5
1.420840000E+9	1.823760000E-5
1.420843333E+9	1.873281000E-5
1.420846667E+9	1.797497000E-5
1.420850000E+9	1.828414000E-5
1.420853333E+9	1.784765000E-5
1.420856667E+9	1.791087000E-5
1.420860000E+9	1.760826000E-5
1.420863333E+9	1.819616000E-5
1.420866667E+9	1.799328000E-5
1.420870000E+9	1.803018000E-5
1.420873333E+9	1.829100000E-5
1.420876667E+9	1.794074000E-5
1.420880000E+9	1.833186000E-5
1.420883333E+9	1.860391000E-5
1.420886667E+9	1.828430000E-5
1.420890000E+9	1.853176000E-5
1.420893333E+9	1.827350000E-5
1.420896667E+9	1.858049000E-5
1.420900000E+9	1.809378000E-5
1.420903333E+9	1.918650000E-5
1.420906667E+9	2.064768000E-5
1.420910000E+9	1.836929000E-5
1.420913333E+9	2.355663000E-5
1.420916667E+9	2.632961000E-5
1.420920000E+9	3.258109000E-5
1.420923333E+9	1.874417000E-5
1.420926667E+9	1.870570000E-5
1.420930000E+9	1.843196000E-5
1.420933333E+9	1.842258000E-5
1.420936667E+9	1.789414000E-5
1.420940000E+9	1.836308000E-5
1.420943333E+9	1.813537000E-5
1.420946667E+9	1.810668000E-5
1.420950000E+9	1.840066000E-5
1.420953333E+9	1.802438000E-5
1.420956667E+9	1.802960000E-5
1.420960000E+9	1.812195000E-5
1.420963333E+9	1.827057000E-5
1.420966667E+9	1.812766000E-5
1.420970000E+9	1.815104000E-5
1.420973333E+9	1.816520000E-5
1.420976667E+9	1.775768000E-5
1.420980000E+9	1.842407000E-5
1.420983333E+9	1.890773000E-5
1.420986667E+9	1.882583000E-5
1.420990000E+9	1.828193000E-5
1.420993333E+9	1.832729000E-5
1.420996667E+9	1.842709000E-5
1.421000000E+9	1.817062000E-5
1.421003333E+9	1.805573000E-5
1.421006667E+9	1.833101000E-5
1.421010000E+9	1.845756000E-5
1.421013333E+9	1.833772000E-5
1.421016667E+9	1.804721000E-5
1.421020000E+9	1.794177000E-5
1.421023333E+9	1.793978000E-5
1.421026667E+9	1.837282000E-5
1.421030000E+9	1.812173000E-5
1.421033333E+9	1.839812000E-5
1.421036667E+9	1.843382000E-5
1.421040000E+9	1.837516000E-5
1.421043333E+9	1.839179000E-5
1.421046667E+9	1.807202000E-5
1.421050000E+9	1.813758000E-5
1.421053333E+9	1.830901000E-5
1.421056667E+9	1.773158000E-5
1.421060000E+9	1.823616000E-5
1.421063333E+9	1.827354000E-5
1.421066667E+9	1.815610000E-5
1.421070000E+9	1.785916000E-5
1.421073333E+9	1.846628000E-5
1.421076667E+9	1.826818000E-5
1.421080000E+9	1.845162000E-5
1.421083333E+9	1.857024000E-5
1.421086667E+9	1.769532000E-5
1.421090000E+9	1.801300000E-5
1.421093333E+9	1.811719000E-5
1.421096667E+9	1.814574000E-5
1.421100000E+9	1.854978000E-5
1.421103333E+9	1.802596000E-5
1.421106667E+9	1.822423000E-5
1.421110000E+9	1.819598000E-5
1.421113333E+9	1.789891000E-5
1.421116667E+9	1.783937000E-5
1.421120000E+9	1.802016000E-5
1.421123333E+9	1.838166000E-5
1.421126667E+9	1.835242000E-5
1.421130000E+9	1.845345000E-5
1.421133333E+9	1.865142000E-5
1.421136667E+9	1.781244000E-5
1.421140000E+9	1.818835000E-5
1.421143333E+9	1.819730000E-5
1.421146667E+9	1.852525000E-5
1.421150000E+9	1.823177000E-5
1.421153333E+9	1.787391000E-5
1.421156667E+9	1.808204000E-5
1.421160000E+9	1.771844000E-5
1.421163333E+9	1.822643000E-5
1.421166667E+9	1.830597000E-5
1.421170000E+9	1.832079000E-5
1.421173333E+9	1.869811000E-5
1.421176667E+9	1.894102000E-5
1.421180000E+9	1.911140000E-5
1.421183333E+9	1.802858000E-5
1.421186667E+9	1.833403000E-5
1.421190000E+9	1.811471000E-5
1.421193333E+9	1.815194000E-5
1.421196667E+9	1.886118000E-5
1.421200000E+9	1.885454000E-5
1.421203333E+9	1.808198000E-5
1.421206667E+9	2.035184000E-5
1.421210000E+9	2.164087000E-5
1.421213333E+9	2.383957000E-5
1.421216667E+9	1.872455000E-5
1.421220000E+9	1.822417000E-5
1.421223333E+9	1.845181000E-5
1.421226667E+9	1.799474000E-5
1.421230000E+9	1.848941000E-5
1.421233333E+9	1.841697000E-5
1.421236667E+9	1.841214000E-5
1.421240000E+9	1.845888000E-5
1.421243333E+9	1.778625000E-5
1.421246667E+9	1.831415000E-5
1.421250000E+9	1.805020000E-5
1.421253333E+9	1.807206000E-5
1.421256667E+9	1.775273000E-5
1.421260000E+9	1.808248000E-5
1.421263333E+9	1.818258000E-5
1.421266667E+9	1.835732000E-5
1.421270000E+9	1.831622000E-5
1.421273333E+9	1.807003000E-5
1.421276667E+9	1.761196000E-5
1.421280000E+9	1.800697000E-5
1.421283333E+9	1.825066000E-5
1.421286667E+9	1.841987000E-5
1.421290000E+9	1.804365000E-5
1.421293333E+9	1.813648000E-5
1.421296667E+9	1.780155000E-5
1.421300000E+9	1.829361000E-5
1.421303333E+9	1.806404000E-5
1.421306667E+9	1.826574000E-5
1.421310000E+9	1.815642000E-5
1.421313333E+9	1.806954000E-5
1.421316667E+9	1.812169000E-5
1.421320000E+9	1.835655000E-5
1.421323333E+9	1.818100000E-5
1.421326667E+9	1.775154000E-5
1.421330000E+9	1.793371000E-5
1.421333333E+9	1.807400000E-5
1.421336667E+9	1.836802000E-5
1.421340000E+9	1.788377000E-5
1.421343333E+9	1.810423000E-5
1.421346667E+9	1.806289000E-5
1.421350000E+9	1.818000000E-5
1.421353333E+9	1.816281000E-5
1.421356667E+9	1.801999000E-5
1.421360000E+9	1.847486000E-5
1.421363333E+9	1.860037000E-5
1.421366667E+9	1.833689000E-5
1.421370000E+9	1.784969000E-5
1.421373333E+9	1.792515000E-5
1.421376667E+9	1.827041000E-5
1.421380000E+9	1.822737000E-5
1.421383333E+9	1.810546000E-5
1.421386667E+9	1.820233000E-5
1.421390000E+9	1.832636000E-5
1.421393333E+9	1.815204000E-5
1.421396667E+9	1.802753000E-5
1.421400000E+9	1.842529000E-5
