Frequency, Hz	Amplitude, Volts
1.419400000E+9	1.513351000E-5
1.419403333E+9	1.504418000E-5
1.419406667E+9	1.508716000E-5
1.419410000E+9	1.552063000E-5
1.419413333E+9	1.699786000E-5
1.419416667E+9	1.585228000E-5
1.419420000E+9	1.527581000E-5
1.419423333E+9	1.496085000E-5
1.419426667E+9	1.496920000E-5
1.419430000E+9	1.515029000E-5
1.419433333E+9	1.533215000E-5
1.419436667E+9	1.526305000E-5
1.419440000E+9	1.534062000E-5
1.419443333E+9	1.492790000E-5
1.419446667E+9	1.522814000E-5
1.419450000E+9	1.535638000E-5
1.419453333E+9	1.554336000E-5
1.419456667E+9	1.507563000E-5
1.419460000E+9	1.499822000E-5
1.419463333E+9	1.520455000E-5
1.419466667E+9	1.511286000E-5
1.419470000E+9	1.519040000E-5
1.419473333E+9	1.508534000E-5
1.419476667E+9	1.500461000E-5
1.419480000E+9	1.519650000E-5
1.419483333E+9	1.506858000E-5
1.419486667E+9	1.505266000E-5
1.419490000E+9	1.496539000E-5
1.419493333E+9	1.530701000E-5
1.419496667E+9	1.507916000E-5
1.419500000E+9	1.530208000E-5
1.419503333E+9	1.491832000E-5
1.419506667E+9	1.513837000E-5
1.419510000E+9	1.532581000E-5
1.419513333E+9	1.474112000E-5
1.419516667E+9	1.508323000E-5
1.419520000E+9	1.484352000E-5
1.419523333E+9	1.506119000E-5
1.419526667E+9	1.526994000E-5
1.419530000E+9	1.508540000E-5
1.419533333E+9	1.505669000E-5
1.419536667E+9	1.534003000E-5
1.419540000E+9	1.558381000E-5
1.419543333E+9	1.502238000E-5
1.419546667E+9	1.499983000E-5
1.419550000E+9	1.516065000E-5
1.419553333E+9	1.530677000E-5
1.419556667E+9	1.518773000E-5
1.419560000E+9	1.506620000E-5
1.419563333E+9	1.525213000E-5
1.419566667E+9	1.527554000E-5
1.419570000E+9	1.489405000E-5
1.419573333E+9	1.511251000E-5
1.419576667E+9	1.521269000E-5
1.419580000E+9	1.521687000E-5
1.419583333E+9	1.514548000E-5
1.419586667E+9	1.557379000E-5
1.419590000E+9	1.537755000E-5
1.419593333E+9	1.487176000E-5
1.419596667E+9	1.513466000E-5
1.419600000E+9	1.475744000E-5
1.419603333E+9	1.500374000E-5
1.419606667E+9	1.484095000E-5
1.419610000E+9	1.505529000E-5
1.419613333E+9	1.521659000E-5
1.419616667E+9	1.490583000E-5
1.419620000E+9	1.521136000E-5
1.419623333E+9	1.530069000E-5
1.419626667E+9	1.528858000E-5
1.419630000E+9	1.544627000E-5
1.419633333E+9	1.500690000E-5
1.419636667E+9	1.501959000E-5
1.419640000E+9	1.532823000E-5
1.419643333E+9	1.551092000E-5
1.419646667E+9	1.514054000E-5
1.419650000E+9	1.516810000E-5
1.419653333E+9	1.507224000E-5
1.419656667E+9	1.470362000E-5
1.419660000E+9	1.485493000E-5
1.419663333E+9	1.500133000E-5
1.419666667E+9	1.473309000E-5
1.419670000E+9	1.509941000E-5
1.419673333E+9	1.471376000E-5
1.419676667E+9	1.525044000E-5
1.419680000E+9	1.475103000E-5
1.419683333E+9	1.480707000E-5
1.419686667E+9	1.531667000E-5
1.419690000E+9	1.498624000E-5
1.419693333E+9	1.486306000E-5
1.419696667E+9	1.522867000E-5
1.419700000E+9	1.484298000E-5
1.419703333E+9	1.548822000E-5
1.419706667E+9	1.592230000E-5
1.419710000E+9	1.577750000E-5
1.419713333E+9	1.483448000E-5
1.419716667E+9	1.513988000E-5
1.419720000E+9	1.497842000E-5
1.419723333E+9	1.515731000E-5
1.419726667E+9	1.504437000E-5
1.419730000E+9	1.513891000E-5
1.419733333E+9	1.669999000E-5
1.419736667E+9	1.537451000E-5
1.419740000E+9	1.545940000E-5
1.419743333E+9	1.565909000E-5
1.419746667E+9	1.527299000E-5
1.419750000E+9	1.554239000E-5
1.419753333E+9	1.529953000E-5
1.419756667E+9	1.507530000E-5
1.419760000E+9	1.505203000E-5
1.419763333E+9	1.500250000E-5
1.419766667E+9	1.499432000E-5
1.419770000E+9	1.510229000E-5
1.419773333E+9	1.521263000E-5
1.419776667E+9	1.503566000E-5
1.419780000E+9	1.518383000E-5
1.419783333E+9	1.500466000E-5
1.419786667E+9	1.499744000E-5
1.419790000E+9	1.518568000E-5
1.419793333E+9	1.507873000E-5
1.419796667E+9	1.481677000E-5
1.419800000E+9	1.509360000E-5
1.419803333E+9	1.525109000E-5
1.419806667E+9	1.497255000E-5
1.419810000E+9	1.493407000E-5
1.419813333E+9	1.516192000E-5
1.419816667E+9	1.507904000E-5
1.419820000E+9	1.501544000E-5
1.419823333E+9	1.536625000E-5
1.419826667E+9	1.490430000E-5
1.419830000E+9	1.490355000E-5
1.419833333E+9	1.551194000E-5
1.419836667E+9	1.493331000E-5
1.419840000E+9	1.468460000E-5
1.419843333E+9	1.473601000E-5
1.419846667E+9	1.497674000E-5
1.419850000E+9	1.535761000E-5
1.419853333E+9	1.481901000E-5
1.419856667E+9	1.475825000E-5
1.419860000E+9	1.484626000E-5
1.419863333E+9	1.481355000E-5
1.419866667E+9	1.492612000E-5
1.419870000E+9	1.502654000E-5
1.419873333E+9	1.481787000E-5
1.419876667E+9	1.495547000E-5
1.419880000E+9	1.482533000E-5
1.419883333E+9	1.480464000E-5
1.419886667E+9	1.511589000E-5
1.419890000E+9	1.513473000E-5
1.419893333E+9	1.529852000E-5
1.419896667E+9	1.519690000E-5
1.419900000E+9	1.549550000E-5
1.419903333E+9	1.509490000E-5
1.419906667E+9	1.492523000E-5
1.419910000E+9	1.511438000E-5
1.419913333E+9	1.490529000E-5
1.419916667E+9	1.495484000E-5
1.419920000E+9	1.532227000E-5
1.419923333E+9	1.475650000E-5
1.419926667E+9	1.515293000E-5
1.419930000E+9	1.482546000E-5
1.419933333E+9	1.461099000E-5
1.419936667E+9	1.512564000E-5
1.419940000E+9	1.481252000E-5
1.419943333E+9	1.485599000E-5
1.419946667E+9	1.475984000E-5
1.419950000E+9	1.462431000E-5
1.419953333E+9	1.498727000E-5
1.419956667E+9	1.524068000E-5
1.419960000E+9	1.505216000E-5
1.419963333E+9	1.512835000E-5
1.419966667E+9	1.511050000E-5
1.419970000E+9	1.485823000E-5
1.419973333E+9	1.507798000E-5
1.419976667E+9	1.524046000E-5
1.419980000E+9	1.523048000E-5
1.419983333E+9	1.504704000E-5
1.419986667E+9	1.525444000E-5
1.419990000E+9	1.541489000E-5
1.419993333E+9	1.515170000E-5
1.419996667E+9	1.493179000E-5
1.420000000E+9	1.612044000E-5
1.420003333E+9	1.768414000E-5
1.420006667E+9	1.507234000E-5
1.420010000E+9	1.532512000E-5
1.420013333E+9	1.501639000E-5
1.420016667E+9	1.508383000E-5
1.420020000E+9	1.523187000E-5
1.420023333E+9	1.497433000E-5
1.420026667E+9	1.556350000E-5
1.420030000E+9	1.505742000E-5
1.420033333E+9	1.499638000E-5
1.420036667E+9	1.529355000E-5
1.420040000E+9	1.497952000E-5
1.420043333E+9	1.493466000E-5
1.420046667E+9	1.498360000E-5
1.420050000E+9	1.530885000E-5
1.420053333E+9	1.537463000E-5
1.420056667E+9	1.511867000E-5
1.420060000E+9	1.515129000E-5
1.420063333E+9	1.500402000E-5
1.420066667E+9	1.466631000E-5
1.420070000E+9	1.490118000E-5
1.420073333E+9	1.492109000E-5
1.420076667E+9	1.502843000E-5
1.420080000E+9	1.489372000E-5
1.420083333E+9	1.508053000E-5
1.420086667E+9	1.517571000E-5
1.420090000E+9	1.488857000E-5
1.420093333E+9	1.500099000E-5
1.420096667E+9	1.486087000E-5
1.420100000E+9	1.467019000E-5
1.420103333E+9	1.507681000E-5
1.420106667E+9	1.536002000E-5
1.420110000E+9	1.508098000E-5
1.420113333E+9	1.458540000E-5
1.420116667E+9	1.493018000E-5
1.420120000E+9	1.491337000E-5
1.420123333E+9	1.506445000E-5
1.420126667E+9	1.525662000E-5
1.420130000E+9	1.498902000E-5
1.420133333E+9	1.500586000E-5
1.420136667E+9	1.456964000E-5
1.420140000E+9	1.496256000E-5
1.420143333E+9	1.472467000E-5
1.420146667E+9	1.485107000E-5
1.420150000E+9	1.499177000E-5
1.420153333E+9	1.536464000E-5
1.420156667E+9	1.488651000E-5
1.420160000E+9	1.502147000E-5
1.420163333E+9	1.494657000E-5
1.420166667E+9	1.500418000E-5
1.420170000E+9	1.487153000E-5
1.420173333E+9	1.512800000E-5
1.420176667E+9	1.511224000E-5
1.420180000E+9	1.528165000E-5
1.420183333E+9	1.534994000E-5
1.420186667E+9	1.495803000E-5
1.420190000E+9	1.511583000E-5
1.420193333E+9	1.498390000E-5
1.420196667E+9	1.514240000E-5
1.420200000E+9	1.513446000E-5
1.420203333E+9	1.485482000E-5
1.420206667E+9	1.485612000E-5
1.420210000E+9	1.502545000E-5
1.420213333E+9	1.493884000E-5
1.420216667E+9	1.493276000E-5
1.420220000E+9	1.503560000E-5
1.420223333E+9	1.489405000E-5
1.420226667E+9	1.513149000E-5
1.420230000E+9	1.524418000E-5
1.420233333E+9	1.493518000E-5
1.420236667E+9	1.499901000E-5
1.420240000E+9	1.513303000E-5
1.420243333E+9	1.481270000E-5
1.420246667E+9	1.491005000E-5
1.420250000E+9	1.467605000E-5
1.420253333E+9	1.526072000E-5
1.420256667E+9	1.520146000E-5
1.420260000E+9	1.465087000E-5
1.420263333E+9	1.499453000E-5
1.420266667E+9	1.500837000E-5
1.420270000E+9	1.461131000E-5
1.420273333E+9	1.509452000E-5
1.420276667E+9	1.473306000E-5
1.420280000E+9	1.487372000E-5
1.420283333E+9	1.492646000E-5
1.420286667E+9	1.505676000E-5
1.420290000E+9	1.490016000E-5
1.420293333E+9	1.535240000E-5
1.420296667E+9	1.772297000E-5
1.420300000E+9	1.538152000E-5
1.420303333E+9	1.527999000E-5
1.420306667E+9	1.520009000E-5
1.420310000E+9	1.536982000E-5
1.420313333E+9	1.523329000E-5
1.420316667E+9	1.534527000E-5
1.420320000E+9	1.543949000E-5
1.420323333E+9	1.541187000E-5
1.420326667E+9	1.553205000E-5
1.420330000E+9	1.542629000E-5
1.420333333E+9	1.553737000E-5
1.420336667E+9	1.512403000E-5
1.420340000E+9	1.532850000E-5
1.420343333E+9	1.518299000E-5
1.420346667E+9	1.581652000E-5
1.420350000E+9	1.551261000E-5
1.420353333E+9	1.542929000E-5
1.420356667E+9	1.553193000E-5
1.420360000E+9	1.531119000E-5
1.420363333E+9	1.565976000E-5
1.420366667E+9	1.550522000E-5
1.420370000E+9	1.579507000E-5
1.420373333E+9	1.596687000E-5
1.420376667E+9	1.607331000E-5
1.420380000E+9	1.612797000E-5
1.420383333E+9	1.619652000E-5
1.420386667E+9	1.629204000E-5
1.420390000E+9	1.605382000E-5
1.420393333E+9	1.680270000E-5
1.420396667E+9	1.642578000E-5
1.420400000E+9	1.658968000E-5
1.420403333E+9	1.672651000E-5
1.420406667E+9	1.705468000E-5
1.420410000E+9	1.711572000E-5
1.420413333E+9	1.688353000E-5
1.420416667E+9	1.725629000E-5
1.420420000E+9	1.684888000E-5
1.420423333E+9	1.763580000E-5
1.420426667E+9	1.705853000E-5
1.420430000E+9	1.732979000E-5
1.420433333E+9	1.716904000E-5
1.420436667E+9	1.708845000E-5
1.420440000E+9	1.689391000E-5
1.420443333E+9	1.678875000E-5
1.420446667E+9	1.689688000E-5
1.420450000E+9	1.708682000E-5
1.420453333E+9	1.720809000E-5
1.420456667E+9	1.736001000E-5
1.420460000E+9	1.736213000E-5
1.420463333E+9	1.718565000E-5
1.420466667E+9	1.764573000E-5
1.420470000E+9	1.721167000E-5
1.420473333E+9	1.718231000E-5
1.420476667E+9	1.702276000E-5
1.420480000E+9	1.721763000E-5
1.420483333E+9	1.706432000E-5
1.420486667E+9	1.675219000E-5
1.420490000E+9	1.723170000E-5
1.420493333E+9	1.715558000E-5
1.420496667E+9	1.745867000E-5
1.420500000E+9	1.684851000E-5
1.420503333E+9	1.689870000E-5
1.420506667E+9	1.658722000E-5
1.420510000E+9	1.660078000E-5
1.420513333E+9	1.634106000E-5
1.420516667E+9	1.640017000E-5
1.420520000E+9	1.641983000E-5
1.420523333E+9	1.625863000E-5
1.420526667E+9	1.652618000E-5
1.420530000E+9	1.618580000E-5
1.420533333E+9	1.603833000E-5
1.420536667E+9	1.588302000E-5
1.420540000E+9	1.581479000E-5
1.420543333E+9	1.612970000E-5
1.420546667E+9	1.592977000E-5
1.420550000E+9	1.617132000E-5
1.420553333E+9	1.609655000E-5
1.420556667E+9	1.613987000E-5
1.420560000E+9	1.559420000E-5
1.420563333E+9	1.560861000E-5
1.420566667E+9	1.574826000E-5
1.420570000E+9	1.581836000E-5
1.420573333E+9	1.570699000E-5
1.420576667E+9	1.549315000E-5
1.420580000E+9	1.583911000E-5
1.420583333E+9	1.557596000E-5
1.420586667E+9	1.561073000E-5
1.420590000E+9	1.636729000E-5
1.420593333E+9	1.581637000E-5
1.420596667E+9	1.546633000E-5
1.420600000E+9	1.578013000E-5
1.420603333E+9	1.588935000E-5
1.420606667E+9	1.615299000E-5
1.420610000E+9	1.611621000E-5
1.420613333E+9	1.610926000E-5
1.420616667E+9	1.540090000E-5
1.420620000E+9	1.598180000E-5
1.420623333E+9	1.606581000E-5
1.420626667E+9	1.636593000E-5
1.420630000E+9	1.578240000E-5
1.420633333E+9	1.550809000E-5
1.420636667E+9	1.610899000E-5
1.420640000E+9	1.599528000E-5
1.420643333E+9	1.636104000E-5
1.420646667E+9	1.639746000E-5
1.420650000E+9	1.623107000E-5
1.420653333E+9	1.581659000E-5
1.420656667E+9	1.607136000E-5
1.420660000E+9	1.638275000E-5
1.420663333E+9	1.577027000E-5
1.420666667E+9	1.626159000E-5
1.420670000E+9	1.592426000E-5
1.420673333E+9	1.584405000E-5
1.420676667E+9	1.583630000E-5
1.420680000E+9	1.566602000E-5
1.420683333E+9	1.590834000E-5
1.420686667E+9	1.555350000E-5
1.420690000E+9	1.582085000E-5
1.420693333E+9	1.580291000E-5
1.420696667E+9	1.584560000E-5
1.420700000E+9	1.584014000E-5
1.420703333E+9	1.530452000E-5
1.420706667E+9	1.538475000E-5
1.420710000E+9	1.552540000E-5
1.420713333E+9	1.531117000E-5
1.420716667E+9	1.557500000E-5
1.420720000E+9	1.567264000E-5
1.420723333E+9	1.578684000E-5
1.420726667E+9	1.550339000E-5
1.420730000E+9	1.521114000E-5
1.420733333E+9	1.559343000E-5
1.420736667E+9	1.554466000E-5
1.420740000E+9	1.562532000E-5
1.420743333E+9	1.534445000E-5
1.420746667E+9	1.539619000E-5
1.420750000E+9	1.574306000E-5
1.420753333E+9	1.550394000E-5
1.420756667E+9	1.601788000E-5
1.420760000E+9	1.638268000E-5
1.420763333E+9	1.579741000E-5
1.420766667E+9	1.556620000E-5
1.420770000E+9	1.586445000E-5
1.420773333E+9	1.594676000E-5
1.420776667E+9	1.581004000E-5
1.420780000E+9	1.569470000E-5
1.420783333E+9	1.558309000E-5
1.420786667E+9	1.639987000E-5
1.420790000E+9	1.620822000E-5
1.420793333E+9	1.615818000E-5
1.420796667E+9	1.627609000E-5
1.420800000E+9	1.628142000E-5
1.420803333E+9	1.642672000E-5
1.420806667E+9	1.581103000E-5
1.420810000E+9	1.625179000E-5
1.420813333E+9	1.604693000E-5
1.420816667E+9	1.654846000E-5
1.420820000E+9	1.576077000E-5
1.420823333E+9	1.617132000E-5
1.420826667E+9	1.590848000E-5
1.420830000E+9	1.593675000E-5
1.420833333E+9	1.612690000E-5
1.420836667E+9	1.547306000E-5
1.420840000E+9	1.582620000E-5
1.420843333E+9	1.586904000E-5
1.420846667E+9	1.576266000E-5
1.420850000E+9	1.577076000E-5
1.420853333E+9	1.547967000E-5
1.420856667E+9	1.537234000E-5
1.420860000E+9	1.551416000E-5
1.420863333E+9	1.557871000E-5
1.420866667E+9	1.528046000E-5
1.420870000E+9	1.575145000E-5
1.420873333E+9	1.545384000E-5
1.420876667E+9	1.507772000E-5
1.420880000E+9	1.530069000E-5
1.420883333E+9	2.246637000E-5
1.420886667E+9	2.062840000E-5
1.420890000E+9	1.561080000E-5
1.420893333E+9	1.512994000E-5
1.420896667E+9	1.585305000E-5
1.420900000E+9	1.576641000E-5
1.420903333E+9	1.575477000E-5
1.420906667E+9	1.680189000E-5
1.420910000E+9	1.564247000E-5
1.420913333E+9	1.600071000E-5
1.420916667E+9	1.613516000E-5
1.420920000E+9	1.577318000E-5
1.420923333E+9	1.549720000E-5
1.420926667E+9	1.564326000E-5
1.420930000E+9	1.521119000E-5
1.420933333E+9	1.522974000E-5
1.420936667E+9	1.512737000E-5
1.420940000E+9	1.523739000E-5
1.420943333E+9	1.541065000E-5
1.420946667E+9	1.527725000E-5
1.420950000E+9	1.486970000E-5
1.420953333E+9	1.496177000E-5
1.420956667E+9	1.490255000E-5
1.420960000E+9	1.500104000E-5
1.420963333E+9	1.505159000E-5
1.420966667E+9	1.557276000E-5
1.420970000E+9	1.515526000E-5
1.420973333E+9	1.518853000E-5
1.420976667E+9	1.484437000E-5
1.420980000E+9	1.568564000E-5
1.420983333E+9	1.519291000E-5
1.420986667E+9	1.540371000E-5
1.420990000E+9	1.540610000E-5
1.420993333E+9	1.530433000E-5
1.420996667E+9	1.537625000E-5
1.421000000E+9	1.503058000E-5
1.421003333E+9	1.507297000E-5
1.421006667E+9	1.493058000E-5
1.421010000E+9	1.503066000E-5
1.421013333E+9	1.477732000E-5
1.421016667E+9	1.517854000E-5
1.421020000E+9	1.540412000E-5
1.421023333E+9	1.462588000E-5
1.421026667E+9	1.501855000E-5
1.421030000E+9	1.513079000E-5
1.421033333E+9	1.494465000E-5
1.421036667E+9	1.468755000E-5
1.421040000E+9	1.509873000E-5
1.421043333E+9	1.495992000E-5
1.421046667E+9	1.481597000E-5
1.421050000E+9	1.495553000E-5
1.421053333E+9	1.498492000E-5
1.421056667E+9	1.544335000E-5
1.421060000E+9	1.497518000E-5
1.421063333E+9	1.517233000E-5
1.421066667E+9	1.494916000E-5
1.421070000E+9	1.506165000E-5
1.421073333E+9	1.455296000E-5
1.421076667E+9	1.512659000E-5
1.421080000E+9	1.489449000E-5
1.421083333E+9	1.483383000E-5
1.421086667E+9	1.510072000E-5
1.421090000E+9	1.473374000E-5
1.421093333E+9	1.542656000E-5
1.421096667E+9	1.554661000E-5
1.421100000E+9	1.503347000E-5
1.421103333E+9	1.477119000E-5
1.421106667E+9	1.472271000E-5
1.421110000E+9	1.490169000E-5
1.421113333E+9	1.503066000E-5
1.421116667E+9	1.479211000E-5
1.421120000E+9	1.481914000E-5
1.421123333E+9	1.490347000E-5
1.421126667E+9	1.507509000E-5
1.421130000E+9	1.483114000E-5
1.421133333E+9	1.520298000E-5
1.421136667E+9	1.512522000E-5
1.421140000E+9	1.466454000E-5
1.421143333E+9	1.505117000E-5
1.421146667E+9	1.496997000E-5
1.421150000E+9	1.506643000E-5
1.421153333E+9	1.493917000E-5
1.421156667E+9	1.484292000E-5
1.421160000E+9	1.492155000E-5
1.421163333E+9	1.519443000E-5
1.421166667E+9	1.517089000E-5
1.421170000E+9	1.485712000E-5
1.421173333E+9	1.479857000E-5
1.421176667E+9	1.878952000E-5
1.421180000E+9	2.320594000E-5
1.421183333E+9	1.498589000E-5
1.421186667E+9	1.475385000E-5
1.421190000E+9	1.515029000E-5
1.421193333E+9	1.477966000E-5
1.421196667E+9	1.504582000E-5
1.421200000E+9	1.506911000E-5
1.421203333E+9	1.505573000E-5
1.421206667E+9	1.580506000E-5
1.421210000E+9	1.492110000E-5
1.421213333E+9	1.528937000E-5
1.421216667E+9	1.502076000E-5
1.421220000E+9	1.488311000E-5
1.421223333E+9	1.527636000E-5
1.421226667E+9	1.450052000E-5
1.421230000E+9	1.511085000E-5
1.421233333E+9	1.511092000E-5
1.421236667E+9	1.476230000E-5
1.421240000E+9	1.491332000E-5
1.421243333E+9	1.532273000E-5
1.421246667E+9	1.459571000E-5
1.421250000E+9	1.494977000E-5
1.421253333E+9	1.476860000E-5
1.421256667E+9	1.486487000E-5
1.421260000E+9	1.503878000E-5
1.421263333E+9	1.532184000E-5
1.421266667E+9	1.490689000E-5
1.421270000E+9	1.467530000E-5
1.421273333E+9	1.469537000E-5
1.421276667E+9	1.466473000E-5
1.421280000E+9	1.501081000E-5
1.421283333E+9	1.502372000E-5
1.421286667E+9	1.534151000E-5
1.421290000E+9	1.534000000E-5
1.421293333E+9	1.511256000E-5
1.421296667E+9	1.483160000E-5
1.421300000E+9	1.481665000E-5
1.421303333E+9	1.472650000E-5
1.421306667E+9	1.501270000E-5
1.421310000E+9	1.497938000E-5
1.421313333E+9	1.470911000E-5
1.421316667E+9	1.514044000E-5
1.421320000E+9	1.484137000E-5
1.421323333E+9	1.493210000E-5
1.421326667E+9	1.485141000E-5
1.421330000E+9	1.508401000E-5
1.421333333E+9	1.492155000E-5
1.421336667E+9	1.476504000E-5
1.421340000E+9	1.450672000E-5
1.421343333E+9	1.461460000E-5
1.421346667E+9	1.507414000E-5
1.421350000E+9	1.492192000E-5
1.421353333E+9	1.560275000E-5
1.421356667E+9	1.658020000E-5
1.421360000E+9	1.534475000E-5
1.421363333E+9	1.495397000E-5
1.421366667E+9	1.493772000E-5
1.421370000E+9	1.463560000E-5
1.421373333E+9	1.480636000E-5
1.421376667E+9	1.520962000E-5
1.421380000E+9	1.496473000E-5
1.421383333E+9	1.507548000E-5
1.421386667E+9	1.492123000E-5
1.421390000E+9	1.494885000E-5
1.421393333E+9	1.534114000E-5
1.421396667E+9	1.490399000E-5
1.421400000E+9	1.497650000E-5
