Frequency, Hz	Amplitude, Volts
1.419400000E+9	2.430819000E-5
1.419403333E+9	2.388285000E-5
1.419406667E+9	2.374315000E-5
1.419410000E+9	2.332951000E-5
1.419413333E+9	2.364253000E-5
1.419416667E+9	2.362195000E-5
1.419420000E+9	2.350256000E-5
1.419423333E+9	2.357430000E-5
1.419426667E+9	2.321058000E-5
1.419430000E+9	2.339433000E-5
1.419433333E+9	2.306904000E-5
1.419436667E+9	2.334045000E-5
1.419440000E+9	2.348848000E-5
1.419443333E+9	2.387891000E-5
1.419446667E+9	2.489288000E-5
1.419450000E+9	2.482081000E-5
1.419453333E+9	2.582306000E-5
1.419456667E+9	2.477488000E-5
1.419460000E+9	2.323564000E-5
1.419463333E+9	2.286765000E-5
1.419466667E+9	2.357902000E-5
1.419470000E+9	2.382065000E-5
1.419473333E+9	2.326824000E-5
1.419476667E+9	2.300580000E-5
1.419480000E+9	2.330882000E-5
1.419483333E+9	2.301902000E-5
1.419486667E+9	2.349121000E-5
1.419490000E+9	2.345307000E-5
1.419493333E+9	2.410284000E-5
1.419496667E+9	2.332467000E-5
1.419500000E+9	2.347538000E-5
1.419503333E+9	2.344805000E-5
1.419506667E+9	2.318243000E-5
1.419510000E+9	2.346917000E-5
1.419513333E+9	2.396806000E-5
1.419516667E+9	2.361879000E-5
1.419520000E+9	2.379192000E-5
1.419523333E+9	2.319906000E-5
1.419526667E+9	2.316701000E-5
1.419530000E+9	2.322016000E-5
1.419533333E+9	2.385748000E-5
1.419536667E+9	2.343600000E-5
1.419540000E+9	2.418717000E-5
1.419543333E+9	2.379932000E-5
1.419546667E+9	2.290551000E-5
1.419550000E+9	2.366473000E-5
1.419553333E+9	2.312864000E-5
1.419556667E+9	2.334153000E-5
1.419560000E+9	2.379960000E-5
1.419563333E+9	2.383020000E-5
1.419566667E+9	2.328918000E-5
1.419570000E+9	2.293715000E-5
1.419573333E+9	2.363376000E-5
1.419576667E+9	2.338901000E-5
1.419580000E+9	2.333315000E-5
1.419583333E+9	2.398204000E-5
1.419586667E+9	2.409289000E-5
1.419590000E+9	2.360640000E-5
1.419593333E+9	2.339980000E-5
1.419596667E+9	2.374636000E-5
1.419600000E+9	2.352107000E-5
1.419603333E+9	2.311016000E-5
1.419606667E+9	2.341386000E-5
1.419610000E+9	2.349743000E-5
1.419613333E+9	2.363770000E-5
1.419616667E+9	2.336966000E-5
1.419620000E+9	2.369953000E-5
1.419623333E+9	2.318539000E-5
1.419626667E+9	2.360479000E-5
1.419630000E+9	2.370629000E-5
1.419633333E+9	2.371926000E-5
1.419636667E+9	2.299053000E-5
1.419640000E+9	2.345170000E-5
1.419643333E+9	2.326628000E-5
1.419646667E+9	2.355648000E-5
1.419650000E+9	2.313377000E-5
1.419653333E+9	2.355268000E-5
1.419656667E+9	2.318944000E-5
1.419660000E+9	2.310653000E-5
1.419663333E+9	2.335863000E-5
1.419666667E+9	2.316495000E-5
1.419670000E+9	2.341039000E-5
1.419673333E+9	2.351916000E-5
1.419676667E+9	2.410339000E-5
1.419680000E+9	2.364432000E-5
1.419683333E+9	2.323623000E-5
1.419686667E+9	2.323643000E-5
1.419690000E+9	2.298235000E-5
1.419693333E+9	2.302860000E-5
1.419696667E+9	2.366570000E-5
1.419700000E+9	2.378487000E-5
1.419703333E+9	2.364694000E-5
1.419706667E+9	2.323942000E-5
1.419710000E+9	2.342075000E-5
1.419713333E+9	2.296459000E-5
1.419716667E+9	2.332723000E-5
1.419720000E+9	2.357164000E-5
1.419723333E+9	2.426995000E-5
1.419726667E+9	2.393096000E-5
1.419730000E+9	2.391638000E-5
1.419733333E+9	2.586628000E-5
1.419736667E+9	2.447047000E-5
1.419740000E+9	2.410662000E-5
1.419743333E+9	2.366798000E-5
1.419746667E+9	2.529358000E-5
1.419750000E+9	2.452836000E-5
1.419753333E+9	2.300795000E-5
1.419756667E+9	2.320846000E-5
1.419760000E+9	2.376315000E-5
1.419763333E+9	2.366063000E-5
1.419766667E+9	2.306050000E-5
1.419770000E+9	2.412203000E-5
1.419773333E+9	2.439471000E-5
1.419776667E+9	2.312105000E-5
1.419780000E+9	2.408842000E-5
1.419783333E+9	2.362040000E-5
1.419786667E+9	2.342047000E-5
1.419790000E+9	2.352836000E-5
1.419793333E+9	2.389124000E-5
1.419796667E+9	2.393482000E-5
1.419800000E+9	2.364367000E-5
1.419803333E+9	2.317236000E-5
1.419806667E+9	2.341777000E-5
1.419810000E+9	2.336771000E-5
1.419813333E+9	2.307370000E-5
1.419816667E+9	2.466761000E-5
1.419820000E+9	2.420279000E-5
1.419823333E+9	2.294299000E-5
1.419826667E+9	2.339589000E-5
1.419830000E+9	2.360458000E-5
1.419833333E+9	2.344833000E-5
1.419836667E+9	2.347631000E-5
1.419840000E+9	2.393214000E-5
1.419843333E+9	2.393748000E-5
1.419846667E+9	2.353355000E-5
1.419850000E+9	2.314215000E-5
1.419853333E+9	2.309524000E-5
1.419856667E+9	2.339294000E-5
1.419860000E+9	2.367224000E-5
1.419863333E+9	2.413904000E-5
1.419866667E+9	2.413803000E-5
1.419870000E+9	2.391969000E-5
1.419873333E+9	2.282798000E-5
1.419876667E+9	2.317928000E-5
1.419880000E+9	2.330071000E-5
1.419883333E+9	2.354962000E-5
1.419886667E+9	2.358119000E-5
1.419890000E+9	2.396072000E-5
1.419893333E+9	2.337800000E-5
1.419896667E+9	2.286453000E-5
1.419900000E+9	2.305050000E-5
1.419903333E+9	2.343613000E-5
1.419906667E+9	2.311305000E-5
1.419910000E+9	2.374615000E-5
1.419913333E+9	2.413650000E-5
1.419916667E+9	2.367965000E-5
1.419920000E+9	2.315486000E-5
1.419923333E+9	2.333082000E-5
1.419926667E+9	2.286333000E-5
1.419930000E+9	2.306714000E-5
1.419933333E+9	2.344396000E-5
1.419936667E+9	2.336170000E-5
1.419940000E+9	2.385061000E-5
1.419943333E+9	2.315257000E-5
1.419946667E+9	2.368257000E-5
1.419950000E+9	2.301394000E-5
1.419953333E+9	2.317938000E-5
1.419956667E+9	2.362245000E-5
1.419960000E+9	2.376446000E-5
1.419963333E+9	2.335575000E-5
1.419966667E+9	2.343050000E-5
1.419970000E+9	2.340484000E-5
1.419973333E+9	2.322424000E-5
1.419976667E+9	2.291595000E-5
1.419980000E+9	2.345758000E-5
1.419983333E+9	2.374704000E-5
1.419986667E+9	2.349655000E-5
1.419990000E+9	2.325637000E-5
1.419993333E+9	2.317515000E-5
1.419996667E+9	2.272548000E-5
1.420000000E+9	2.333617000E-5
1.420003333E+9	2.478129000E-5
1.420006667E+9	2.386130000E-5
1.420010000E+9	2.410969000E-5
1.420013333E+9	2.321555000E-5
1.420016667E+9	2.330309000E-5
1.420020000E+9	2.352058000E-5
1.420023333E+9	2.323965000E-5
1.420026667E+9	2.318277000E-5
1.420030000E+9	2.335093000E-5
1.420033333E+9	2.370504000E-5
1.420036667E+9	2.389384000E-5
1.420040000E+9	2.527745000E-5
1.420043333E+9	2.319226000E-5
1.420046667E+9	2.322921000E-5
1.420050000E+9	2.331010000E-5
1.420053333E+9	2.412661000E-5
1.420056667E+9	2.351673000E-5
1.420060000E+9	2.270562000E-5
1.420063333E+9	2.335288000E-5
1.420066667E+9	2.301131000E-5
1.420070000E+9	2.262644000E-5
1.420073333E+9	2.334773000E-5
1.420076667E+9	2.328281000E-5
1.420080000E+9	2.276621000E-5
1.420083333E+9	2.351077000E-5
1.420086667E+9	2.277191000E-5
1.420090000E+9	2.271311000E-5
1.420093333E+9	2.299600000E-5
1.420096667E+9	2.369515000E-5
1.420100000E+9	2.298689000E-5
1.420103333E+9	2.353804000E-5
1.420106667E+9	2.310364000E-5
1.420110000E+9	2.313427000E-5
1.420113333E+9	2.283468000E-5
1.420116667E+9	2.292328000E-5
1.420120000E+9	2.305463000E-5
1.420123333E+9	2.319690000E-5
1.420126667E+9	2.291122000E-5
1.420130000E+9	2.302781000E-5
1.420133333E+9	2.317788000E-5
1.420136667E+9	2.278914000E-5
1.420140000E+9	2.270807000E-5
1.420143333E+9	2.339361000E-5
1.420146667E+9	2.345636000E-5
1.420150000E+9	2.274575000E-5
1.420153333E+9	2.284809000E-5
1.420156667E+9	2.330734000E-5
1.420160000E+9	2.328887000E-5
1.420163333E+9	2.313964000E-5
1.420166667E+9	2.325085000E-5
1.420170000E+9	2.342654000E-5
1.420173333E+9	2.333010000E-5
1.420176667E+9	2.289930000E-5
1.420180000E+9	2.316015000E-5
1.420183333E+9	2.309879000E-5
1.420186667E+9	2.263573000E-5
1.420190000E+9	2.345248000E-5
1.420193333E+9	2.333451000E-5
1.420196667E+9	2.307291000E-5
1.420200000E+9	2.298888000E-5
1.420203333E+9	2.285979000E-5
1.420206667E+9	2.300686000E-5
1.420210000E+9	2.352438000E-5
1.420213333E+9	2.306172000E-5
1.420216667E+9	2.310143000E-5
1.420220000E+9	2.293131000E-5
1.420223333E+9	2.267710000E-5
1.420226667E+9	2.284787000E-5
1.420230000E+9	2.324074000E-5
1.420233333E+9	2.310065000E-5
1.420236667E+9	2.329941000E-5
1.420240000E+9	2.345729000E-5
1.420243333E+9	2.267593000E-5
1.420246667E+9	2.327698000E-5
1.420250000E+9	2.323039000E-5
1.420253333E+9	2.369547000E-5
1.420256667E+9	2.305329000E-5
1.420260000E+9	2.348226000E-5
1.420263333E+9	2.381134000E-5
1.420266667E+9	2.395386000E-5
1.420270000E+9	2.309397000E-5
1.420273333E+9	2.312993000E-5
1.420276667E+9	2.306739000E-5
1.420280000E+9	2.304516000E-5
1.420283333E+9	2.383114000E-5
1.420286667E+9	2.394791000E-5
1.420290000E+9	2.332508000E-5
1.420293333E+9	2.303520000E-5
1.420296667E+9	2.345268000E-5
1.420300000E+9	2.326707000E-5
1.420303333E+9	2.343037000E-5
1.420306667E+9	2.404395000E-5
1.420310000E+9	2.412433000E-5
1.420313333E+9	2.363256000E-5
1.420316667E+9	2.292871000E-5
1.420320000E+9	2.330337000E-5
1.420323333E+9	2.376600000E-5
1.420326667E+9	2.359435000E-5
1.420330000E+9	2.426513000E-5
1.420333333E+9	2.527718000E-5
1.420336667E+9	2.361609000E-5
1.420340000E+9	2.364676000E-5
1.420343333E+9	2.362468000E-5
1.420346667E+9	2.305547000E-5
1.420350000E+9	2.312234000E-5
1.420353333E+9	2.344246000E-5
1.420356667E+9	2.356294000E-5
1.420360000E+9	2.369320000E-5
1.420363333E+9	2.378383000E-5
1.420366667E+9	2.346762000E-5
1.420370000E+9	2.313301000E-5
1.420373333E+9	2.342484000E-5
1.420376667E+9	2.356884000E-5
1.420380000E+9	2.318256000E-5
1.420383333E+9	2.344686000E-5
1.420386667E+9	2.290187000E-5
1.420390000E+9	2.300782000E-5
1.420393333E+9	2.361705000E-5
1.420396667E+9	2.305152000E-5
1.420400000E+9	2.344957000E-5
1.420403333E+9	2.351743000E-5
1.420406667E+9	2.376561000E-5
1.420410000E+9	2.313575000E-5
1.420413333E+9	2.334783000E-5
1.420416667E+9	2.355012000E-5
1.420420000E+9	2.333238000E-5
1.420423333E+9	2.363435000E-5
1.420426667E+9	2.379663000E-5
1.420430000E+9	2.369006000E-5
1.420433333E+9	2.286966000E-5
1.420436667E+9	2.298606000E-5
1.420440000E+9	2.349949000E-5
1.420443333E+9	2.315544000E-5
1.420446667E+9	2.350104000E-5
1.420450000E+9	2.366658000E-5
1.420453333E+9	2.284488000E-5
1.420456667E+9	2.325180000E-5
1.420460000E+9	2.299573000E-5
1.420463333E+9	2.337079000E-5
1.420466667E+9	2.319792000E-5
1.420470000E+9	2.357930000E-5
1.420473333E+9	2.284182000E-5
1.420476667E+9	2.271947000E-5
1.420480000E+9	2.388274000E-5
1.420483333E+9	2.320214000E-5
1.420486667E+9	2.361493000E-5
1.420490000E+9	2.274665000E-5
1.420493333E+9	2.348677000E-5
1.420496667E+9	2.324761000E-5
1.420500000E+9	2.318108000E-5
1.420503333E+9	2.322164000E-5
1.420506667E+9	2.242903000E-5
1.420510000E+9	2.341134000E-5
1.420513333E+9	2.306103000E-5
1.420516667E+9	2.305504000E-5
1.420520000E+9	2.385263000E-5
1.420523333E+9	2.346865000E-5
1.420526667E+9	2.324937000E-5
1.420530000E+9	2.293171000E-5
1.420533333E+9	2.323143000E-5
1.420536667E+9	2.319710000E-5
1.420540000E+9	2.397206000E-5
1.420543333E+9	2.338347000E-5
1.420546667E+9	2.342854000E-5
1.420550000E+9	2.313664000E-5
1.420553333E+9	2.300792000E-5
1.420556667E+9	2.336291000E-5
1.420560000E+9	2.251986000E-5
1.420563333E+9	2.342139000E-5
1.420566667E+9	2.303001000E-5
1.420570000E+9	2.293566000E-5
1.420573333E+9	2.306721000E-5
1.420576667E+9	2.293702000E-5
1.420580000E+9	2.285118000E-5
1.420583333E+9	2.283573000E-5
1.420586667E+9	2.306119000E-5
1.420590000E+9	2.317577000E-5
1.420593333E+9	2.300646000E-5
1.420596667E+9	2.283535000E-5
1.420600000E+9	2.308743000E-5
1.420603333E+9	2.333353000E-5
1.420606667E+9	2.299969000E-5
1.420610000E+9	2.347084000E-5
1.420613333E+9	2.328700000E-5
1.420616667E+9	2.351604000E-5
1.420620000E+9	2.363098000E-5
1.420623333E+9	2.404690000E-5
1.420626667E+9	2.592186000E-5
1.420630000E+9	2.334112000E-5
1.420633333E+9	2.368969000E-5
1.420636667E+9	2.342458000E-5
1.420640000E+9	2.339857000E-5
1.420643333E+9	2.298545000E-5
1.420646667E+9	2.325905000E-5
1.420650000E+9	2.286835000E-5
1.420653333E+9	2.293979000E-5
1.420656667E+9	2.344676000E-5
1.420660000E+9	2.338655000E-5
1.420663333E+9	2.294108000E-5
1.420666667E+9	2.256370000E-5
1.420670000E+9	2.268472000E-5
1.420673333E+9	2.233219000E-5
1.420676667E+9	2.348144000E-5
1.420680000E+9	2.281864000E-5
1.420683333E+9	2.300830000E-5
1.420686667E+9	2.335296000E-5
1.420690000E+9	2.332126000E-5
1.420693333E+9	2.280667000E-5
1.420696667E+9	2.352358000E-5
1.420700000E+9	2.297667000E-5
1.420703333E+9	2.349681000E-5
1.420706667E+9	2.288515000E-5
1.420710000E+9	2.315786000E-5
1.420713333E+9	2.242615000E-5
1.420716667E+9	2.256057000E-5
1.420720000E+9	2.282558000E-5
1.420723333E+9	2.270996000E-5
1.420726667E+9	2.291990000E-5
1.420730000E+9	2.256969000E-5
1.420733333E+9	2.322860000E-5
1.420736667E+9	2.239527000E-5
1.420740000E+9	2.290584000E-5
1.420743333E+9	2.324531000E-5
1.420746667E+9	2.272386000E-5
1.420750000E+9	2.334740000E-5
1.420753333E+9	2.285660000E-5
1.420756667E+9	2.270388000E-5
1.420760000E+9	2.255461000E-5
1.420763333E+9	2.281373000E-5
1.420766667E+9	2.278524000E-5
1.420770000E+9	2.238507000E-5
1.420773333E+9	2.289935000E-5
1.420776667E+9	2.271829000E-5
1.420780000E+9	2.289227000E-5
1.420783333E+9	2.293554000E-5
1.420786667E+9	2.189127000E-5
1.420790000E+9	2.295720000E-5
1.420793333E+9	2.345322000E-5
1.420796667E+9	2.319101000E-5
1.420800000E+9	2.337166000E-5
1.420803333E+9	2.288395000E-5
1.420806667E+9	2.300974000E-5
1.420810000E+9	2.284396000E-5
1.420813333E+9	2.307170000E-5
1.420816667E+9	2.282084000E-5
1.420820000E+9	2.282861000E-5
1.420823333E+9	2.287822000E-5
1.420826667E+9	2.287674000E-5
1.420830000E+9	2.286446000E-5
1.420833333E+9	2.252303000E-5
1.420836667E+9	2.277208000E-5
1.420840000E+9	2.240097000E-5
1.420843333E+9	2.346706000E-5
1.420846667E+9	2.258538000E-5
1.420850000E+9	2.237728000E-5
1.420853333E+9	2.248483000E-5
1.420856667E+9	2.283503000E-5
1.420860000E+9	2.311833000E-5
1.420863333E+9	2.314279000E-5
1.420866667E+9	2.319203000E-5
1.420870000E+9	2.266060000E-5
1.420873333E+9	2.278897000E-5
1.420876667E+9	2.315354000E-5
1.420880000E+9	2.265806000E-5
1.420883333E+9	2.343227000E-5
1.420886667E+9	2.302177000E-5
1.420890000E+9	2.314444000E-5
1.420893333E+9	2.298242000E-5
1.420896667E+9	2.322753000E-5
1.420900000E+9	2.371290000E-5
1.420903333E+9	2.320097000E-5
1.420906667E+9	2.333955000E-5
1.420910000E+9	2.443181000E-5
1.420913333E+9	2.433073000E-5
1.420916667E+9	2.563062000E-5
1.420920000E+9	2.929118000E-5
1.420923333E+9	2.343163000E-5
1.420926667E+9	2.373791000E-5
1.420930000E+9	2.313524000E-5
1.420933333E+9	2.260900000E-5
1.420936667E+9	2.293050000E-5
1.420940000E+9	2.296933000E-5
1.420943333E+9	2.333151000E-5
1.420946667E+9	2.269446000E-5
1.420950000E+9	2.323789000E-5
1.420953333E+9	2.238679000E-5
1.420956667E+9	2.285770000E-5
1.420960000E+9	2.280972000E-5
1.420963333E+9	2.244916000E-5
1.420966667E+9	2.258127000E-5
1.420970000E+9	2.312084000E-5
1.420973333E+9	2.278967000E-5
1.420976667E+9	2.250597000E-5
1.420980000E+9	2.294309000E-5
1.420983333E+9	2.331973000E-5
1.420986667E+9	2.325044000E-5
1.420990000E+9	2.277634000E-5
1.420993333E+9	2.278029000E-5
1.420996667E+9	2.272682000E-5
1.421000000E+9	2.295436000E-5
1.421003333E+9	2.312955000E-5
1.421006667E+9	2.284576000E-5
1.421010000E+9	2.318437000E-5
1.421013333E+9	2.245513000E-5
1.421016667E+9	2.260868000E-5
1.421020000E+9	2.261096000E-5
1.421023333E+9	2.226313000E-5
1.421026667E+9	2.259761000E-5
1.421030000E+9	2.371184000E-5
1.421033333E+9	2.323842000E-5
1.421036667E+9	2.289749000E-5
1.421040000E+9	2.292756000E-5
1.421043333E+9	2.276264000E-5
1.421046667E+9	2.270435000E-5
1.421050000E+9	2.281904000E-5
1.421053333E+9	2.323947000E-5
1.421056667E+9	2.284365000E-5
1.421060000E+9	2.233415000E-5
1.421063333E+9	2.297478000E-5
1.421066667E+9	2.241396000E-5
1.421070000E+9	2.219113000E-5
1.421073333E+9	2.265415000E-5
1.421076667E+9	2.298374000E-5
1.421080000E+9	2.309253000E-5
1.421083333E+9	2.210068000E-5
1.421086667E+9	2.222776000E-5
1.421090000E+9	2.265945000E-5
1.421093333E+9	2.251188000E-5
1.421096667E+9	2.263170000E-5
1.421100000E+9	2.262832000E-5
1.421103333E+9	2.279362000E-5
1.421106667E+9	2.250367000E-5
1.421110000E+9	2.259012000E-5
1.421113333E+9	2.264570000E-5
1.421116667E+9	2.256863000E-5
1.421120000E+9	2.250963000E-5
1.421123333E+9	2.312402000E-5
1.421126667E+9	2.336696000E-5
1.421130000E+9	2.287448000E-5
1.421133333E+9	2.310039000E-5
1.421136667E+9	2.277756000E-5
1.421140000E+9	2.295700000E-5
1.421143333E+9	2.298533000E-5
1.421146667E+9	2.235800000E-5
1.421150000E+9	2.223765000E-5
1.421153333E+9	2.257234000E-5
1.421156667E+9	2.269775000E-5
1.421160000E+9	2.270074000E-5
1.421163333E+9	2.288402000E-5
1.421166667E+9	2.307416000E-5
1.421170000E+9	2.313105000E-5
1.421173333E+9	2.294612000E-5
1.421176667E+9	2.238487000E-5
1.421180000E+9	2.303444000E-5
1.421183333E+9	2.295993000E-5
1.421186667E+9	2.300292000E-5
1.421190000E+9	2.296726000E-5
1.421193333E+9	2.315786000E-5
1.421196667E+9	2.301106000E-5
1.421200000E+9	2.303957000E-5
1.421203333E+9	2.350649000E-5
1.421206667E+9	2.353678000E-5
1.421210000E+9	2.332119000E-5
1.421213333E+9	2.510853000E-5
1.421216667E+9	2.321945000E-5
1.421220000E+9	2.344957000E-5
1.421223333E+9	2.254881000E-5
1.421226667E+9	2.279410000E-5
1.421230000E+9	2.314802000E-5
1.421233333E+9	2.276674000E-5
1.421236667E+9	2.233594000E-5
1.421240000E+9	2.258318000E-5
1.421243333E+9	2.227966000E-5
1.421246667E+9	2.256228000E-5
1.421250000E+9	2.258400000E-5
1.421253333E+9	2.290619000E-5
1.421256667E+9	2.303145000E-5
1.421260000E+9	2.256930000E-5
1.421263333E+9	2.338069000E-5
1.421266667E+9	2.362092000E-5
1.421270000E+9	2.255027000E-5
1.421273333E+9	2.280924000E-5
1.421276667E+9	2.288540000E-5
1.421280000E+9	2.286197000E-5
1.421283333E+9	2.231082000E-5
1.421286667E+9	2.288430000E-5
1.421290000E+9	2.264040000E-5
1.421293333E+9	2.297190000E-5
1.421296667E+9	2.273763000E-5
1.421300000E+9	2.323240000E-5
1.421303333E+9	2.256407000E-5
1.421306667E+9	2.266057000E-5
1.421310000E+9	2.290604000E-5
1.421313333E+9	2.252041000E-5
1.421316667E+9	2.258219000E-5
1.421320000E+9	2.321585000E-5
1.421323333E+9	2.335557000E-5
1.421326667E+9	2.339014000E-5
1.421330000E+9	2.368121000E-5
1.421333333E+9	2.514147000E-5
1.421336667E+9	2.337461000E-5
1.421340000E+9	2.298843000E-5
1.421343333E+9	2.467966000E-5
1.421346667E+9	2.344686000E-5
1.421350000E+9	2.263324000E-5
1.421353333E+9	2.314317000E-5
1.421356667E+9	2.338290000E-5
1.421360000E+9	2.268255000E-5
1.421363333E+9	2.344125000E-5
1.421366667E+9	2.483384000E-5
1.421370000E+9	2.293196000E-5
1.421373333E+9	2.251546000E-5
1.421376667E+9	2.313903000E-5
1.421380000E+9	2.309565000E-5
1.421383333E+9	2.278914000E-5
1.421386667E+9	2.280637000E-5
1.421390000E+9	2.219257000E-5
1.421393333E+9	2.243640000E-5
1.421396667E+9	2.271675000E-5
1.421400000E+9	3.464704000E-5
