Frequency, Hz	Amplitude, Volts
1.419400000E+9	1.523407000E-5
1.419403333E+9	1.543761000E-5
1.419406667E+9	1.530497000E-5
1.419410000E+9	1.530077000E-5
1.419413333E+9	1.517359000E-5
1.419416667E+9	1.541533000E-5
1.419420000E+9	1.539595000E-5
1.419423333E+9	1.508562000E-5
1.419426667E+9	1.526411000E-5
1.419430000E+9	1.550019000E-5
1.419433333E+9	1.529765000E-5
1.419436667E+9	1.517836000E-5
1.419440000E+9	1.524689000E-5
1.419443333E+9	1.507017000E-5
1.419446667E+9	1.551520000E-5
1.419450000E+9	1.617150000E-5
1.419453333E+9	1.572233000E-5
1.419456667E+9	1.530531000E-5
1.419460000E+9	1.528761000E-5
1.419463333E+9	1.526424000E-5
1.419466667E+9	1.548116000E-5
1.419470000E+9	1.505464000E-5
1.419473333E+9	1.538970000E-5
1.419476667E+9	1.524445000E-5
1.419480000E+9	1.539465000E-5
1.419483333E+9	1.543798000E-5
1.419486667E+9	1.557801000E-5
1.419490000E+9	1.518323000E-5
1.419493333E+9	1.502959000E-5
1.419496667E+9	1.528496000E-5
1.419500000E+9	1.543654000E-5
1.419503333E+9	1.546287000E-5
1.419506667E+9	1.535358000E-5
1.419510000E+9	1.551170000E-5
1.419513333E+9	1.544917000E-5
1.419516667E+9	1.520164000E-5
1.419520000E+9	1.515834000E-5
1.419523333E+9	1.517926000E-5
1.419526667E+9	1.519772000E-5
1.419530000E+9	1.541459000E-5
1.419533333E+9	1.539118000E-5
1.419536667E+9	1.537943000E-5
1.419540000E+9	1.532433000E-5
1.419543333E+9	1.536100000E-5
1.419546667E+9	1.506394000E-5
1.419550000E+9	1.568371000E-5
1.419553333E+9	1.536748000E-5
1.419556667E+9	1.522095000E-5
1.419560000E+9	1.522977000E-5
1.419563333E+9	1.530491000E-5
1.419566667E+9	1.541681000E-5
1.419570000E+9	1.554174000E-5
1.419573333E+9	1.537560000E-5
1.419576667E+9	1.506928000E-5
1.419580000E+9	1.537595000E-5
1.419583333E+9	1.521635000E-5
1.419586667E+9	1.535977000E-5
1.419590000E+9	1.520034000E-5
1.419593333E+9	1.527224000E-5
1.419596667E+9	1.534841000E-5
1.419600000E+9	1.540420000E-5
1.419603333E+9	1.559685000E-5
1.419606667E+9	1.502946000E-5
1.419610000E+9	1.543773000E-5
1.419613333E+9	1.512345000E-5
1.419616667E+9	1.507555000E-5
1.419620000E+9	1.504684000E-5
1.419623333E+9	1.543905000E-5
1.419626667E+9	1.530013000E-5
1.419630000E+9	1.513898000E-5
1.419633333E+9	1.540828000E-5
1.419636667E+9	1.536425000E-5
1.419640000E+9	1.519440000E-5
1.419643333E+9	1.532206000E-5
1.419646667E+9	1.544612000E-5
1.419650000E+9	1.530929000E-5
1.419653333E+9	1.539653000E-5
1.419656667E+9	1.529056000E-5
1.419660000E+9	1.538541000E-5
1.419663333E+9	1.484202000E-5
1.419666667E+9	1.523054000E-5
1.419670000E+9	1.576361000E-5
1.419673333E+9	1.530136000E-5
1.419676667E+9	1.549082000E-5
1.419680000E+9	1.528623000E-5
1.419683333E+9	1.536392000E-5
1.419686667E+9	1.520188000E-5
1.419690000E+9	1.523014000E-5
1.419693333E+9	1.530860000E-5
1.419696667E+9	1.528798000E-5
1.419700000E+9	1.506417000E-5
1.419703333E+9	1.523188000E-5
1.419706667E+9	1.544478000E-5
1.419710000E+9	1.513710000E-5
1.419713333E+9	1.524317000E-5
1.419716667E+9	1.553731000E-5
1.419720000E+9	1.545411000E-5
1.419723333E+9	1.526706000E-5
1.419726667E+9	1.539805000E-5
1.419730000E+9	1.516946000E-5
1.419733333E+9	1.572938000E-5
1.419736667E+9	1.560832000E-5
1.419740000E+9	1.552315000E-5
1.419743333E+9	1.565895000E-5
1.419746667E+9	1.582276000E-5
1.419750000E+9	1.596598000E-5
1.419753333E+9	1.559793000E-5
1.419756667E+9	1.548759000E-5
1.419760000E+9	1.554562000E-5
1.419763333E+9	1.542211000E-5
1.419766667E+9	1.548030000E-5
1.419770000E+9	1.539686000E-5
1.419773333E+9	1.533858000E-5
1.419776667E+9	1.514956000E-5
1.419780000E+9	1.585263000E-5
1.419783333E+9	1.539612000E-5
1.419786667E+9	1.531006000E-5
1.419790000E+9	1.535677000E-5
1.419793333E+9	1.548987000E-5
1.419796667E+9	1.543539000E-5
1.419800000E+9	1.506642000E-5
1.419803333E+9	1.512468000E-5
1.419806667E+9	1.508164000E-5
1.419810000E+9	1.530323000E-5
1.419813333E+9	1.545628000E-5
1.419816667E+9	1.549536000E-5
1.419820000E+9	1.504223000E-5
1.419823333E+9	1.525247000E-5
1.419826667E+9	1.548625000E-5
1.419830000E+9	1.522568000E-5
1.419833333E+9	1.544113000E-5
1.419836667E+9	1.522117000E-5
1.419840000E+9	1.531082000E-5
1.419843333E+9	1.521403000E-5
1.419846667E+9	1.521196000E-5
1.419850000E+9	1.505869000E-5
1.419853333E+9	1.520468000E-5
1.419856667E+9	1.523570000E-5
1.419860000E+9	1.524555000E-5
1.419863333E+9	1.539465000E-5
1.419866667E+9	1.503717000E-5
1.419870000E+9	1.528697000E-5
1.419873333E+9	1.529471000E-5
1.419876667E+9	1.580284000E-5
1.419880000E+9	1.488991000E-5
1.419883333E+9	1.503008000E-5
1.419886667E+9	1.528878000E-5
1.419890000E+9	1.540009000E-5
1.419893333E+9	1.529153000E-5
1.419896667E+9	1.530052000E-5
1.419900000E+9	1.548756000E-5
1.419903333E+9	1.540904000E-5
1.419906667E+9	1.531512000E-5
1.419910000E+9	1.518841000E-5
1.419913333E+9	1.523371000E-5
1.419916667E+9	1.538831000E-5
1.419920000E+9	1.508332000E-5
1.419923333E+9	1.532912000E-5
1.419926667E+9	1.517709000E-5
1.419930000E+9	1.502640000E-5
1.419933333E+9	1.515032000E-5
1.419936667E+9	1.516145000E-5
1.419940000E+9	1.505567000E-5
1.419943333E+9	1.515999000E-5
1.419946667E+9	1.515205000E-5
1.419950000E+9	1.488283000E-5
1.419953333E+9	1.505365000E-5
1.419956667E+9	1.489007000E-5
1.419960000E+9	1.497132000E-5
1.419963333E+9	1.487948000E-5
1.419966667E+9	1.523389000E-5
1.419970000E+9	1.531297000E-5
1.419973333E+9	1.569851000E-5
1.419976667E+9	1.538257000E-5
1.419980000E+9	1.522636000E-5
1.419983333E+9	1.547972000E-5
1.419986667E+9	1.545974000E-5
1.419990000E+9	1.515867000E-5
1.419993333E+9	1.513147000E-5
1.419996667E+9	1.506475000E-5
1.420000000E+9	1.585458000E-5
1.420003333E+9	1.622800000E-5
1.420006667E+9	1.529924000E-5
1.420010000E+9	1.498512000E-5
1.420013333E+9	1.533899000E-5
1.420016667E+9	1.496637000E-5
1.420020000E+9	1.504006000E-5
1.420023333E+9	1.521056000E-5
1.420026667E+9	1.548400000E-5
1.420030000E+9	1.500700000E-5
1.420033333E+9	1.543498000E-5
1.420036667E+9	1.551116000E-5
1.420040000E+9	1.580156000E-5
1.420043333E+9	1.524309000E-5
1.420046667E+9	1.525123000E-5
1.420050000E+9	1.529835000E-5
1.420053333E+9	1.505207000E-5
1.420056667E+9	1.520176000E-5
1.420060000E+9	1.519834000E-5
1.420063333E+9	1.503986000E-5
1.420066667E+9	1.512871000E-5
1.420070000E+9	1.498461000E-5
1.420073333E+9	1.515555000E-5
1.420076667E+9	1.517856000E-5
1.420080000E+9	1.498676000E-5
1.420083333E+9	1.534529000E-5
1.420086667E+9	1.510396000E-5
1.420090000E+9	1.531074000E-5
1.420093333E+9	1.531659000E-5
1.420096667E+9	1.526372000E-5
1.420100000E+9	1.521617000E-5
1.420103333E+9	1.508850000E-5
1.420106667E+9	1.517523000E-5
1.420110000E+9	1.511211000E-5
1.420113333E+9	1.507802000E-5
1.420116667E+9	1.511194000E-5
1.420120000E+9	1.489259000E-5
1.420123333E+9	1.518243000E-5
1.420126667E+9	1.545732000E-5
1.420130000E+9	1.496381000E-5
1.420133333E+9	1.528679000E-5
1.420136667E+9	1.509881000E-5
1.420140000E+9	1.520777000E-5
1.420143333E+9	1.492238000E-5
1.420146667E+9	1.493735000E-5
1.420150000E+9	1.491712000E-5
1.420153333E+9	1.521941000E-5
1.420156667E+9	1.524783000E-5
1.420160000E+9	1.527117000E-5
1.420163333E+9	1.500667000E-5
1.420166667E+9	1.514364000E-5
1.420170000E+9	1.506906000E-5
1.420173333E+9	1.512154000E-5
1.420176667E+9	1.514142000E-5
1.420180000E+9	1.520914000E-5
1.420183333E+9	1.521181000E-5
1.420186667E+9	1.555470000E-5
1.420190000E+9	1.536657000E-5
1.420193333E+9	1.548256000E-5
1.420196667E+9	1.554382000E-5
1.420200000E+9	1.524078000E-5
1.420203333E+9	1.520440000E-5
1.420206667E+9	1.515326000E-5
1.420210000E+9	1.527923000E-5
1.420213333E+9	1.533456000E-5
1.420216667E+9	1.546183000E-5
1.420220000E+9	1.500929000E-5
1.420223333E+9	1.517531000E-5
1.420226667E+9	1.559274000E-5
1.420230000E+9	1.533476000E-5
1.420233333E+9	1.490681000E-5
1.420236667E+9	1.530825000E-5
1.420240000E+9	1.523608000E-5
1.420243333E+9	1.545762000E-5
1.420246667E+9	1.532640000E-5
1.420250000E+9	1.515851000E-5
1.420253333E+9	1.541960000E-5
1.420256667E+9	1.520294000E-5
1.420260000E+9	1.536969000E-5
1.420263333E+9	1.531891000E-5
1.420266667E+9	1.514578000E-5
1.420270000E+9	1.519310000E-5
1.420273333E+9	1.515015000E-5
1.420276667E+9	1.526704000E-5
1.420280000E+9	1.513107000E-5
1.420283333E+9	1.525727000E-5
1.420286667E+9	1.532793000E-5
1.420290000E+9	1.534226000E-5
1.420293333E+9	1.537624000E-5
1.420296667E+9	1.547081000E-5
1.420300000E+9	1.544205000E-5
1.420303333E+9	1.546477000E-5
1.420306667E+9	1.556507000E-5
1.420310000E+9	1.573511000E-5
1.420313333E+9	1.599152000E-5
1.420316667E+9	1.562958000E-5
1.420320000E+9	1.573221000E-5
1.420323333E+9	1.582521000E-5
1.420326667E+9	1.597955000E-5
1.420330000E+9	1.613296000E-5
1.420333333E+9	1.618841000E-5
1.420336667E+9	1.620219000E-5
1.420340000E+9	1.632996000E-5
1.420343333E+9	1.623276000E-5
1.420346667E+9	1.641823000E-5
1.420350000E+9	1.655555000E-5
1.420353333E+9	1.675590000E-5
1.420356667E+9	1.649493000E-5
1.420360000E+9	1.671348000E-5
1.420363333E+9	1.707699000E-5
1.420366667E+9	1.694234000E-5
1.420370000E+9	1.727531000E-5
1.420373333E+9	1.737210000E-5
1.420376667E+9	1.782690000E-5
1.420380000E+9	1.765707000E-5
1.420383333E+9	1.794516000E-5
1.420386667E+9	1.757597000E-5
1.420390000E+9	1.740066000E-5
1.420393333E+9	1.783163000E-5
1.420396667E+9	1.794264000E-5
1.420400000E+9	1.812165000E-5
1.420403333E+9	1.784818000E-5
1.420406667E+9	1.822761000E-5
1.420410000E+9	1.784583000E-5
1.420413333E+9	1.787411000E-5
1.420416667E+9	1.777413000E-5
1.420420000E+9	1.817992000E-5
1.420423333E+9	1.809433000E-5
1.420426667E+9	1.773021000E-5
1.420430000E+9	1.759277000E-5
1.420433333E+9	1.769480000E-5
1.420436667E+9	1.752369000E-5
1.420440000E+9	1.746212000E-5
1.420443333E+9	1.742446000E-5
1.420446667E+9	1.709005000E-5
1.420450000E+9	1.770774000E-5
1.420453333E+9	1.747186000E-5
1.420456667E+9	1.716806000E-5
1.420460000E+9	1.704206000E-5
1.420463333E+9	1.674119000E-5
1.420466667E+9	1.711833000E-5
1.420470000E+9	1.665008000E-5
1.420473333E+9	1.672315000E-5
1.420476667E+9	1.695241000E-5
1.420480000E+9	1.708250000E-5
1.420483333E+9	1.682330000E-5
1.420486667E+9	1.665948000E-5
1.420490000E+9	1.643854000E-5
1.420493333E+9	1.644614000E-5
1.420496667E+9	1.687728000E-5
1.420500000E+9	1.664303000E-5
1.420503333E+9	1.598671000E-5
1.420506667E+9	1.627688000E-5
1.420510000E+9	1.598094000E-5
1.420513333E+9	1.635935000E-5
1.420516667E+9	1.613466000E-5
1.420520000E+9	1.616397000E-5
1.420523333E+9	1.631531000E-5
1.420526667E+9	1.643354000E-5
1.420530000E+9	1.628893000E-5
1.420533333E+9	1.625611000E-5
1.420536667E+9	1.583098000E-5
1.420540000E+9	1.575532000E-5
1.420543333E+9	1.577433000E-5
1.420546667E+9	1.616301000E-5
1.420550000E+9	1.599821000E-5
1.420553333E+9	1.581881000E-5
1.420556667E+9	1.602247000E-5
1.420560000E+9	1.584567000E-5
1.420563333E+9	1.589874000E-5
1.420566667E+9	1.570589000E-5
1.420570000E+9	1.589214000E-5
1.420573333E+9	1.600658000E-5
1.420576667E+9	1.571363000E-5
1.420580000E+9	1.598213000E-5
1.420583333E+9	1.581505000E-5
1.420586667E+9	1.574970000E-5
1.420590000E+9	1.719568000E-5
1.420593333E+9	1.646180000E-5
1.420596667E+9	1.600811000E-5
1.420600000E+9	1.595934000E-5
1.420603333E+9	1.590708000E-5
1.420606667E+9	1.639153000E-5
1.420610000E+9	1.603988000E-5
1.420613333E+9	1.622886000E-5
1.420616667E+9	1.599632000E-5
1.420620000E+9	1.600589000E-5
1.420623333E+9	1.593297000E-5
1.420626667E+9	1.642806000E-5
1.420630000E+9	1.578276000E-5
1.420633333E+9	1.576165000E-5
1.420636667E+9	1.598554000E-5
1.420640000E+9	1.576657000E-5
1.420643333E+9	1.585665000E-5
1.420646667E+9	1.614490000E-5
1.420650000E+9	1.597082000E-5
1.420653333E+9	1.580675000E-5
1.420656667E+9	1.584670000E-5
1.420660000E+9	1.557478000E-5
1.420663333E+9	1.612065000E-5
1.420666667E+9	1.540363000E-5
1.420670000E+9	1.571029000E-5
1.420673333E+9	1.595613000E-5
1.420676667E+9	1.570084000E-5
1.420680000E+9	1.616267000E-5
1.420683333E+9	1.604298000E-5
1.420686667E+9	1.572765000E-5
1.420690000E+9	1.592711000E-5
1.420693333E+9	1.574598000E-5
1.420696667E+9	1.598292000E-5
1.420700000E+9	1.581388000E-5
1.420703333E+9	1.619721000E-5
1.420706667E+9	1.552118000E-5
1.420710000E+9	1.590083000E-5
1.420713333E+9	1.612598000E-5
1.420716667E+9	1.587771000E-5
1.420720000E+9	1.595096000E-5
1.420723333E+9	1.571118000E-5
1.420726667E+9	1.598496000E-5
1.420730000E+9	1.616051000E-5
1.420733333E+9	1.619717000E-5
1.420736667E+9	1.598915000E-5
1.420740000E+9	1.619961000E-5
1.420743333E+9	1.589647000E-5
1.420746667E+9	1.605932000E-5
1.420750000E+9	1.633333000E-5
1.420753333E+9	1.621589000E-5
1.420756667E+9	1.677505000E-5
1.420760000E+9	1.618254000E-5
1.420763333E+9	1.601050000E-5
1.420766667E+9	1.601654000E-5
1.420770000E+9	1.618077000E-5
1.420773333E+9	1.651111000E-5
1.420776667E+9	1.585832000E-5
1.420780000E+9	1.625727000E-5
1.420783333E+9	1.630235000E-5
1.420786667E+9	1.608480000E-5
1.420790000E+9	1.643210000E-5
1.420793333E+9	1.706664000E-5
1.420796667E+9	1.626132000E-5
1.420800000E+9	1.616860000E-5
1.420803333E+9	1.614529000E-5
1.420806667E+9	1.553911000E-5
1.420810000E+9	1.590115000E-5
1.420813333E+9	1.613291000E-5
1.420816667E+9	1.601792000E-5
1.420820000E+9	1.566827000E-5
1.420823333E+9	1.578413000E-5
1.420826667E+9	1.563837000E-5
1.420830000E+9	1.571010000E-5
1.420833333E+9	1.573933000E-5
1.420836667E+9	1.541953000E-5
1.420840000E+9	1.553870000E-5
1.420843333E+9	1.556616000E-5
1.420846667E+9	1.531010000E-5
1.420850000E+9	1.568070000E-5
1.420853333E+9	1.553509000E-5
1.420856667E+9	1.555484000E-5
1.420860000E+9	1.549788000E-5
1.420863333E+9	1.535088000E-5
1.420866667E+9	1.557186000E-5
1.420870000E+9	1.534355000E-5
1.420873333E+9	1.538042000E-5
1.420876667E+9	1.535038000E-5
1.420880000E+9	1.531272000E-5
1.420883333E+9	1.653506000E-5
1.420886667E+9	1.598376000E-5
1.420890000E+9	1.534932000E-5
1.420893333E+9	1.527798000E-5
1.420896667E+9	1.515936000E-5
1.420900000E+9	1.570874000E-5
1.420903333E+9	1.552627000E-5
1.420906667E+9	1.605805000E-5
1.420910000E+9	1.562532000E-5
1.420913333E+9	1.696427000E-5
1.420916667E+9	1.698003000E-5
1.420920000E+9	1.708952000E-5
1.420923333E+9	1.531297000E-5
1.420926667E+9	1.529763000E-5
1.420930000E+9	1.503482000E-5
1.420933333E+9	1.522805000E-5
1.420936667E+9	1.559292000E-5
1.420940000E+9	1.535763000E-5
1.420943333E+9	1.582451000E-5
1.420946667E+9	1.569301000E-5
1.420950000E+9	1.505947000E-5
1.420953333E+9	1.540884000E-5
1.420956667E+9	1.520288000E-5
1.420960000E+9	1.508017000E-5
1.420963333E+9	1.541419000E-5
1.420966667E+9	1.514310000E-5
1.420970000E+9	1.574762000E-5
1.420973333E+9	1.533710000E-5
1.420976667E+9	1.523677000E-5
1.420980000E+9	1.583835000E-5
1.420983333E+9	1.543017000E-5
1.420986667E+9	1.562378000E-5
1.420990000E+9	1.530922000E-5
1.420993333E+9	1.527784000E-5
1.420996667E+9	1.492397000E-5
1.421000000E+9	1.501580000E-5
1.421003333E+9	1.510975000E-5
1.421006667E+9	1.497351000E-5
1.421010000E+9	1.531983000E-5
1.421013333E+9	1.498665000E-5
1.421016667E+9	1.532253000E-5
1.421020000E+9	1.525568000E-5
1.421023333E+9	1.527695000E-5
1.421026667E+9	1.478277000E-5
1.421030000E+9	1.531186000E-5
1.421033333E+9	1.515323000E-5
1.421036667E+9	1.502015000E-5
1.421040000E+9	1.498189000E-5
1.421043333E+9	1.471728000E-5
1.421046667E+9	1.505714000E-5
1.421050000E+9	1.546626000E-5
1.421053333E+9	1.514442000E-5
1.421056667E+9	1.525732000E-5
1.421060000E+9	1.503230000E-5
1.421063333E+9	1.481415000E-5
1.421066667E+9	1.522377000E-5
1.421070000E+9	1.528058000E-5
1.421073333E+9	1.497656000E-5
1.421076667E+9	1.494795000E-5
1.421080000E+9	1.491408000E-5
1.421083333E+9	1.514794000E-5
1.421086667E+9	1.520777000E-5
1.421090000E+9	1.512635000E-5
1.421093333E+9	1.546008000E-5
1.421096667E+9	1.489673000E-5
1.421100000E+9	1.504029000E-5
1.421103333E+9	1.547331000E-5
1.421106667E+9	1.499442000E-5
1.421110000E+9	1.512230000E-5
1.421113333E+9	1.492981000E-5
1.421116667E+9	1.504788000E-5
1.421120000E+9	1.526411000E-5
1.421123333E+9	1.510120000E-5
1.421126667E+9	1.515050000E-5
1.421130000E+9	1.525565000E-5
1.421133333E+9	1.516756000E-5
1.421136667E+9	1.547452000E-5
1.421140000E+9	1.512471000E-5
1.421143333E+9	1.523228000E-5
1.421146667E+9	1.502139000E-5
1.421150000E+9	1.486578000E-5
1.421153333E+9	1.528496000E-5
1.421156667E+9	1.532749000E-5
1.421160000E+9	1.500187000E-5
1.421163333E+9	1.515773000E-5
1.421166667E+9	1.544878000E-5
1.421170000E+9	1.502266000E-5
1.421173333E+9	1.497600000E-5
1.421176667E+9	1.519410000E-5
1.421180000E+9	1.527330000E-5
1.421183333E+9	1.515315000E-5
1.421186667E+9	1.533584000E-5
1.421190000E+9	1.514104000E-5
1.421193333E+9	1.513694000E-5
1.421196667E+9	1.517953000E-5
1.421200000E+9	1.516653000E-5
1.421203333E+9	1.535724000E-5
1.421206667E+9	1.580982000E-5
1.421210000E+9	1.532044000E-5
1.421213333E+9	1.592707000E-5
1.421216667E+9	1.528123000E-5
1.421220000E+9	1.523504000E-5
1.421223333E+9	1.507770000E-5
1.421226667E+9	1.507692000E-5
1.421230000E+9	1.526066000E-5
1.421233333E+9	1.514942000E-5
1.421236667E+9	1.487973000E-5
1.421240000E+9	1.492687000E-5
1.421243333E+9	1.524520000E-5
1.421246667E+9	1.492168000E-5
1.421250000E+9	1.482578000E-5
1.421253333E+9	1.491275000E-5
1.421256667E+9	1.485903000E-5
1.421260000E+9	1.498382000E-5
1.421263333E+9	1.487522000E-5
1.421266667E+9	1.524185000E-5
1.421270000E+9	1.540508000E-5
1.421273333E+9	1.495849000E-5
1.421276667E+9	1.520062000E-5
1.421280000E+9	1.521338000E-5
1.421283333E+9	1.490792000E-5
1.421286667E+9	1.529179000E-5
1.421290000E+9	1.577227000E-5
1.421293333E+9	1.508317000E-5
1.421296667E+9	1.537696000E-5
1.421300000E+9	1.498281000E-5
1.421303333E+9	1.475649000E-5
1.421306667E+9	1.516267000E-5
1.421310000E+9	1.502433000E-5
1.421313333E+9	1.498864000E-5
1.421316667E+9	1.525727000E-5
1.421320000E+9	1.494378000E-5
1.421323333E+9	1.502017000E-5
1.421326667E+9	1.485518000E-5
1.421330000E+9	1.496417000E-5
1.421333333E+9	1.500751000E-5
1.421336667E+9	1.505869000E-5
1.421340000E+9	1.497972000E-5
1.421343333E+9	1.536299000E-5
1.421346667E+9	1.509423000E-5
1.421350000E+9	1.504281000E-5
1.421353333E+9	1.629750000E-5
1.421356667E+9	1.688091000E-5
1.421360000E+9	1.556432000E-5
1.421363333E+9	1.505438000E-5
1.421366667E+9	1.544559000E-5
1.421370000E+9	1.499553000E-5
1.421373333E+9	1.504668000E-5
1.421376667E+9	1.499191000E-5
1.421380000E+9	1.522874000E-5
1.421383333E+9	1.495111000E-5
1.421386667E+9	1.492173000E-5
1.421390000E+9	1.529259000E-5
1.421393333E+9	1.520304000E-5
1.421396667E+9	1.508393000E-5
1.421400000E+9	1.511740000E-5
