Frequency, Hz	Amplitude, Volts
1.419400000E+9	2.137356000E-5
1.419403333E+9	2.154081000E-5
1.419406667E+9	2.167097000E-5
1.419410000E+9	2.129046000E-5
1.419413333E+9	2.181502000E-5
1.419416667E+9	2.179347000E-5
1.419420000E+9	2.134061000E-5
1.419423333E+9	2.137323000E-5
1.419426667E+9	2.115529000E-5
1.419430000E+9	2.169492000E-5
1.419433333E+9	2.320658000E-5
1.419436667E+9	2.145517000E-5
1.419440000E+9	2.135564000E-5
1.419443333E+9	2.137248000E-5
1.419446667E+9	2.316666000E-5
1.419450000E+9	2.703000000E-5
1.419453333E+9	2.211449000E-5
1.419456667E+9	2.144646000E-5
1.419460000E+9	2.161105000E-5
1.419463333E+9	2.166445000E-5
1.419466667E+9	2.130756000E-5
1.419470000E+9	2.163512000E-5
1.419473333E+9	2.126133000E-5
1.419476667E+9	2.167263000E-5
1.419480000E+9	2.150035000E-5
1.419483333E+9	2.124852000E-5
1.419486667E+9	2.121730000E-5
1.419490000E+9	2.136537000E-5
1.419493333E+9	2.145199000E-5
1.419496667E+9	2.149707000E-5
1.419500000E+9	2.160440000E-5
1.419503333E+9	2.145593000E-5
1.419506667E+9	2.153837000E-5
1.419510000E+9	2.164900000E-5
1.419513333E+9	2.143586000E-5
1.419516667E+9	2.121448000E-5
1.419520000E+9	2.139467000E-5
1.419523333E+9	2.101850000E-5
1.419526667E+9	2.135841000E-5
1.419530000E+9	2.110872000E-5
1.419533333E+9	2.097629000E-5
1.419536667E+9	2.146436000E-5
1.419540000E+9	2.182060000E-5
1.419543333E+9	2.188817000E-5
1.419546667E+9	2.174715000E-5
1.419550000E+9	2.160575000E-5
1.419553333E+9	2.111718000E-5
1.419556667E+9	2.124339000E-5
1.419560000E+9	2.102582000E-5
1.419563333E+9	2.129362000E-5
1.419566667E+9	2.148098000E-5
1.419570000E+9	2.094196000E-5
1.419573333E+9	2.108542000E-5
1.419576667E+9	2.145897000E-5
1.419580000E+9	2.108229000E-5
1.419583333E+9	2.120110000E-5
1.419586667E+9	2.151015000E-5
1.419590000E+9	2.152286000E-5
1.419593333E+9	2.145432000E-5
1.419596667E+9	2.135390000E-5
1.419600000E+9	2.108600000E-5
1.419603333E+9	2.116542000E-5
1.419606667E+9	2.131661000E-5
1.419610000E+9	2.151514000E-5
1.419613333E+9	2.158880000E-5
1.419616667E+9	2.178790000E-5
1.419620000E+9	2.099207000E-5
1.419623333E+9	2.116758000E-5
1.419626667E+9	2.137136000E-5
1.419630000E+9	2.129981000E-5
1.419633333E+9	2.106790000E-5
1.419636667E+9	2.135365000E-5
1.419640000E+9	2.105548000E-5
1.419643333E+9	2.189968000E-5
1.419646667E+9	2.145790000E-5
1.419650000E+9	2.117788000E-5
1.419653333E+9	2.131687000E-5
1.419656667E+9	2.143478000E-5
1.419660000E+9	2.165228000E-5
1.419663333E+9	2.155869000E-5
1.419666667E+9	2.158686000E-5
1.419670000E+9	2.119195000E-5
1.419673333E+9	2.117818000E-5
1.419676667E+9	2.144625000E-5
1.419680000E+9	2.175675000E-5
1.419683333E+9	2.138154000E-5
1.419686667E+9	2.100872000E-5
1.419690000E+9	2.141996000E-5
1.419693333E+9	2.103783000E-5
1.419696667E+9	2.101663000E-5
1.419700000E+9	2.127702000E-5
1.419703333E+9	2.131795000E-5
1.419706667E+9	2.108306000E-5
1.419710000E+9	2.134029000E-5
1.419713333E+9	2.078879000E-5
1.419716667E+9	2.118592000E-5
1.419720000E+9	2.142640000E-5
1.419723333E+9	2.171968000E-5
1.419726667E+9	2.345191000E-5
1.419730000E+9	2.181710000E-5
1.419733333E+9	2.162669000E-5
1.419736667E+9	2.055788000E-5
1.419740000E+9	2.373246000E-5
1.419743333E+9	2.620059000E-5
1.419746667E+9	2.257755000E-5
1.419750000E+9	2.131914000E-5
1.419753333E+9	2.193850000E-5
1.419756667E+9	2.149674000E-5
1.419760000E+9	2.110300000E-5
1.419763333E+9	2.147766000E-5
1.419766667E+9	2.113154000E-5
1.419770000E+9	2.106001000E-5
1.419773333E+9	2.111320000E-5
1.419776667E+9	2.142391000E-5
1.419780000E+9	2.159484000E-5
1.419783333E+9	2.162455000E-5
1.419786667E+9	2.138776000E-5
1.419790000E+9	2.225562000E-5
1.419793333E+9	2.119954000E-5
1.419796667E+9	2.104069000E-5
1.419800000E+9	2.156532000E-5
1.419803333E+9	2.142695000E-5
1.419806667E+9	2.123767000E-5
1.419810000E+9	2.094437000E-5
1.419813333E+9	2.219471000E-5
1.419816667E+9	2.146714000E-5
1.419820000E+9	2.134682000E-5
1.419823333E+9	2.124385000E-5
1.419826667E+9	2.165948000E-5
1.419830000E+9	2.118785000E-5
1.419833333E+9	2.140517000E-5
1.419836667E+9	2.154606000E-5
1.419840000E+9	2.137476000E-5
1.419843333E+9	2.146189000E-5
1.419846667E+9	2.145220000E-5
1.419850000E+9	2.170502000E-5
1.419853333E+9	2.104259000E-5
1.419856667E+9	2.130718000E-5
1.419860000E+9	2.138614000E-5
1.419863333E+9	2.171544000E-5
1.419866667E+9	2.142930000E-5
1.419870000E+9	2.164916000E-5
1.419873333E+9	2.098449000E-5
1.419876667E+9	2.132696000E-5
1.419880000E+9	2.167209000E-5
1.419883333E+9	2.127976000E-5
1.419886667E+9	2.093603000E-5
1.419890000E+9	2.132132000E-5
1.419893333E+9	2.125776000E-5
1.419896667E+9	2.112170000E-5
1.419900000E+9	2.126866000E-5
1.419903333E+9	2.103619000E-5
1.419906667E+9	2.108010000E-5
1.419910000E+9	2.168863000E-5
1.419913333E+9	2.148374000E-5
1.419916667E+9	2.121013000E-5
1.419920000E+9	2.115886000E-5
1.419923333E+9	2.134022000E-5
1.419926667E+9	2.101087000E-5
1.419930000E+9	2.081852000E-5
1.419933333E+9	2.103076000E-5
1.419936667E+9	2.147546000E-5
1.419940000E+9	2.168739000E-5
1.419943333E+9	2.126570000E-5
1.419946667E+9	2.153383000E-5
1.419950000E+9	2.115982000E-5
1.419953333E+9	2.150035000E-5
1.419956667E+9	2.108016000E-5
1.419960000E+9	2.125473000E-5
1.419963333E+9	2.180582000E-5
1.419966667E+9	2.117476000E-5
1.419970000E+9	2.095159000E-5
1.419973333E+9	2.138201000E-5
1.419976667E+9	2.116739000E-5
1.419980000E+9	2.217211000E-5
1.419983333E+9	2.147094000E-5
1.419986667E+9	2.139573000E-5
1.419990000E+9	2.120620000E-5
1.419993333E+9	2.139479000E-5
1.419996667E+9	2.144102000E-5
1.420000000E+9	2.255723000E-5
1.420003333E+9	2.330219000E-5
1.420006667E+9	2.135301000E-5
1.420010000E+9	2.133577000E-5
1.420013333E+9	2.228144000E-5
1.420016667E+9	2.225218000E-5
1.420020000E+9	2.287985000E-5
1.420023333E+9	2.185753000E-5
1.420026667E+9	2.142629000E-5
1.420030000E+9	2.100752000E-5
1.420033333E+9	2.344640000E-5
1.420036667E+9	2.428482000E-5
1.420040000E+9	2.190962000E-5
1.420043333E+9	2.135604000E-5
1.420046667E+9	2.162130000E-5
1.420050000E+9	2.152263000E-5
1.420053333E+9	2.129551000E-5
1.420056667E+9	2.105141000E-5
1.420060000E+9	2.158378000E-5
1.420063333E+9	2.099297000E-5
1.420066667E+9	2.134678000E-5
1.420070000E+9	2.106381000E-5
1.420073333E+9	2.110460000E-5
1.420076667E+9	2.133607000E-5
1.420080000E+9	2.134055000E-5
1.420083333E+9	2.214243000E-5
1.420086667E+9	2.165073000E-5
1.420090000E+9	2.120051000E-5
1.420093333E+9	2.123884000E-5
1.420096667E+9	2.180953000E-5
1.420100000E+9	2.150460000E-5
1.420103333E+9	2.159650000E-5
1.420106667E+9	2.143695000E-5
1.420110000E+9	2.106464000E-5
1.420113333E+9	2.122054000E-5
1.420116667E+9	2.102921000E-5
1.420120000E+9	2.105188000E-5
1.420123333E+9	2.163745000E-5
1.420126667E+9	2.141100000E-5
1.420130000E+9	2.081953000E-5
1.420133333E+9	2.145708000E-5
1.420136667E+9	2.125484000E-5
1.420140000E+9	2.094012000E-5
1.420143333E+9	2.088607000E-5
1.420146667E+9	2.158276000E-5
1.420150000E+9	2.187998000E-5
1.420153333E+9	2.133595000E-5
1.420156667E+9	2.149304000E-5
1.420160000E+9	2.124430000E-5
1.420163333E+9	2.128452000E-5
1.420166667E+9	2.154376000E-5
1.420170000E+9	2.112242000E-5
1.420173333E+9	2.140202000E-5
1.420176667E+9	2.108297000E-5
1.420180000E+9	2.141523000E-5
1.420183333E+9	2.127397000E-5
1.420186667E+9	2.153277000E-5
1.420190000E+9	2.142090000E-5
1.420193333E+9	2.119279000E-5
1.420196667E+9	2.088253000E-5
1.420200000E+9	2.178350000E-5
1.420203333E+9	2.121290000E-5
1.420206667E+9	2.141961000E-5
1.420210000E+9	2.102797000E-5
1.420213333E+9	2.127158000E-5
1.420216667E+9	2.184299000E-5
1.420220000E+9	2.224192000E-5
1.420223333E+9	2.201207000E-5
1.420226667E+9	2.195549000E-5
1.420230000E+9	2.141030000E-5
1.420233333E+9	2.104552000E-5
1.420236667E+9	2.118237000E-5
1.420240000E+9	2.129565000E-5
1.420243333E+9	2.159280000E-5
1.420246667E+9	2.165617000E-5
1.420250000E+9	2.135883000E-5
1.420253333E+9	2.129916000E-5
1.420256667E+9	2.145783000E-5
1.420260000E+9	2.130063000E-5
1.420263333E+9	2.102688000E-5
1.420266667E+9	2.147499000E-5
1.420270000E+9	2.173650000E-5
1.420273333E+9	2.116537000E-5
1.420276667E+9	2.143424000E-5
1.420280000E+9	2.090639000E-5
1.420283333E+9	2.176731000E-5
1.420286667E+9	2.207679000E-5
1.420290000E+9	2.158176000E-5
1.420293333E+9	2.171303000E-5
1.420296667E+9	2.210616000E-5
1.420300000E+9	2.144104000E-5
1.420303333E+9	2.149594000E-5
1.420306667E+9	2.187354000E-5
1.420310000E+9	2.182726000E-5
1.420313333E+9	2.256565000E-5
1.420316667E+9	2.137178000E-5
1.420320000E+9	2.179393000E-5
1.420323333E+9	2.157058000E-5
1.420326667E+9	2.389066000E-5
1.420330000E+9	2.404793000E-5
1.420333333E+9	2.176289000E-5
1.420336667E+9	2.126329000E-5
1.420340000E+9	2.148605000E-5
1.420343333E+9	2.170535000E-5
1.420346667E+9	2.131458000E-5
1.420350000E+9	2.170245000E-5
1.420353333E+9	2.245352000E-5
1.420356667E+9	2.128576000E-5
1.420360000E+9	2.144801000E-5
1.420363333E+9	2.094991000E-5
1.420366667E+9	2.161005000E-5
1.420370000E+9	2.165006000E-5
1.420373333E+9	2.165442000E-5
1.420376667E+9	2.141359000E-5
1.420380000E+9	2.159513000E-5
1.420383333E+9	2.163802000E-5
1.420386667E+9	2.167697000E-5
1.420390000E+9	2.167149000E-5
1.420393333E+9	2.132841000E-5
1.420396667E+9	2.178629000E-5
1.420400000E+9	2.120505000E-5
1.420403333E+9	2.112377000E-5
1.420406667E+9	2.177520000E-5
1.420410000E+9	2.149750000E-5
1.420413333E+9	2.207131000E-5
1.420416667E+9	2.190805000E-5
1.420420000E+9	2.234536000E-5
1.420423333E+9	2.191287000E-5
1.420426667E+9	2.118618000E-5
1.420430000E+9	2.198198000E-5
1.420433333E+9	2.113869000E-5
1.420436667E+9	2.118504000E-5
1.420440000E+9	2.180104000E-5
1.420443333E+9	2.150956000E-5
1.420446667E+9	2.140644000E-5
1.420450000E+9	2.193887000E-5
1.420453333E+9	2.138626000E-5
1.420456667E+9	2.131217000E-5
1.420460000E+9	2.163545000E-5
1.420463333E+9	2.146017000E-5
1.420466667E+9	2.149771000E-5
1.420470000E+9	2.128018000E-5
1.420473333E+9	2.150642000E-5
1.420476667E+9	2.137887000E-5
1.420480000E+9	2.196750000E-5
1.420483333E+9	2.184071000E-5
1.420486667E+9	2.198323000E-5
1.420490000E+9	2.245507000E-5
1.420493333E+9	2.086438000E-5
1.420496667E+9	2.150692000E-5
1.420500000E+9	2.180795000E-5
1.420503333E+9	2.158643000E-5
1.420506667E+9	2.161033000E-5
1.420510000E+9	2.151932000E-5
1.420513333E+9	2.142466000E-5
1.420516667E+9	2.175061000E-5
1.420520000E+9	2.186230000E-5
1.420523333E+9	2.141065000E-5
1.420526667E+9	2.118518000E-5
1.420530000E+9	2.148308000E-5
1.420533333E+9	2.094251000E-5
1.420536667E+9	2.121514000E-5
1.420540000E+9	2.143142000E-5
1.420543333E+9	2.164864000E-5
1.420546667E+9	2.154090000E-5
1.420550000E+9	2.156705000E-5
1.420553333E+9	2.174283000E-5
1.420556667E+9	2.264408000E-5
1.420560000E+9	2.087905000E-5
1.420563333E+9	2.132890000E-5
1.420566667E+9	2.133211000E-5
1.420570000E+9	2.128831000E-5
1.420573333E+9	2.121926000E-5
1.420576667E+9	2.136439000E-5
1.420580000E+9	2.138255000E-5
1.420583333E+9	2.147308000E-5
1.420586667E+9	2.157510000E-5
1.420590000E+9	2.133818000E-5
1.420593333E+9	2.146344000E-5
1.420596667E+9	2.137729000E-5
1.420600000E+9	2.180599000E-5
1.420603333E+9	2.201279000E-5
1.420606667E+9	2.324598000E-5
1.420610000E+9	2.186300000E-5
1.420613333E+9	2.092766000E-5
1.420616667E+9	2.151162000E-5
1.420620000E+9	2.528137000E-5
1.420623333E+9	2.543204000E-5
1.420626667E+9	2.203374000E-5
1.420630000E+9	2.135205000E-5
1.420633333E+9	2.168670000E-5
1.420636667E+9	2.159416000E-5
1.420640000E+9	2.166172000E-5
1.420643333E+9	2.155443000E-5
1.420646667E+9	2.230474000E-5
1.420650000E+9	2.183906000E-5
1.420653333E+9	2.139446000E-5
1.420656667E+9	2.157458000E-5
1.420660000E+9	2.133115000E-5
1.420663333E+9	2.147025000E-5
1.420666667E+9	2.138708000E-5
1.420670000E+9	2.140050000E-5
1.420673333E+9	2.133300000E-5
1.420676667E+9	2.157247000E-5
1.420680000E+9	2.178897000E-5
1.420683333E+9	2.196827000E-5
1.420686667E+9	2.109741000E-5
1.420690000E+9	2.294088000E-5
1.420693333E+9	2.227711000E-5
1.420696667E+9	2.146898000E-5
1.420700000E+9	2.138967000E-5
1.420703333E+9	2.152109000E-5
1.420706667E+9	2.162270000E-5
1.420710000E+9	2.194368000E-5
1.420713333E+9	2.145553000E-5
1.420716667E+9	2.101112000E-5
1.420720000E+9	2.148351000E-5
1.420723333E+9	2.113815000E-5
1.420726667E+9	2.101887000E-5
1.420730000E+9	2.084661000E-5
1.420733333E+9	2.153932000E-5
1.420736667E+9	2.190563000E-5
1.420740000E+9	2.133265000E-5
1.420743333E+9	2.141265000E-5
1.420746667E+9	2.154608000E-5
1.420750000E+9	2.140708000E-5
1.420753333E+9	2.159271000E-5
1.420756667E+9	2.284218000E-5
1.420760000E+9	2.290152000E-5
1.420763333E+9	2.119584000E-5
1.420766667E+9	2.155136000E-5
1.420770000E+9	2.077206000E-5
1.420773333E+9	2.139655000E-5
1.420776667E+9	2.193289000E-5
1.420780000E+9	2.098143000E-5
1.420783333E+9	2.084506000E-5
1.420786667E+9	2.128086000E-5
1.420790000E+9	2.146526000E-5
1.420793333E+9	2.170588000E-5
1.420796667E+9	2.180427000E-5
1.420800000E+9	2.185530000E-5
1.420803333E+9	2.126205000E-5
1.420806667E+9	2.123476000E-5
1.420810000E+9	2.159074000E-5
1.420813333E+9	2.169168000E-5
1.420816667E+9	2.174362000E-5
1.420820000E+9	2.143179000E-5
1.420823333E+9	2.210840000E-5
1.420826667E+9	2.308318000E-5
1.420830000E+9	2.153913000E-5
1.420833333E+9	2.154651000E-5
1.420836667E+9	2.148443000E-5
1.420840000E+9	2.133645000E-5
1.420843333E+9	2.226408000E-5
1.420846667E+9	2.460504000E-5
1.420850000E+9	2.198690000E-5
1.420853333E+9	2.122800000E-5
1.420856667E+9	2.074102000E-5
1.420860000E+9	2.143565000E-5
1.420863333E+9	2.129567000E-5
1.420866667E+9	2.142405000E-5
1.420870000E+9	2.118981000E-5
1.420873333E+9	2.232670000E-5
1.420876667E+9	2.164714000E-5
1.420880000E+9	2.179845000E-5
1.420883333E+9	2.442840000E-5
1.420886667E+9	2.356882000E-5
1.420890000E+9	2.184306000E-5
1.420893333E+9	2.331819000E-5
1.420896667E+9	2.444603000E-5
1.420900000E+9	2.627520000E-5
1.420903333E+9	2.176048000E-5
1.420906667E+9	2.197534000E-5
1.420910000E+9	2.169282000E-5
1.420913333E+9	3.282403000E-5
1.420916667E+9	2.609016000E-5
1.420920000E+9	2.193954000E-5
1.420923333E+9	2.157584000E-5
1.420926667E+9	2.248668000E-5
1.420930000E+9	2.185873000E-5
1.420933333E+9	2.150397000E-5
1.420936667E+9	2.158444000E-5
1.420940000E+9	2.163885000E-5
1.420943333E+9	2.230925000E-5
1.420946667E+9	2.169530000E-5
1.420950000E+9	2.154057000E-5
1.420953333E+9	2.142890000E-5
1.420956667E+9	2.160836000E-5
1.420960000E+9	2.369640000E-5
1.420963333E+9	2.271600000E-5
1.420966667E+9	2.198137000E-5
1.420970000E+9	2.192124000E-5
1.420973333E+9	2.197990000E-5
1.420976667E+9	2.189810000E-5
1.420980000E+9	2.143513000E-5
1.420983333E+9	2.178759000E-5
1.420986667E+9	2.155656000E-5
1.420990000E+9	2.162032000E-5
1.420993333E+9	2.140832000E-5
1.420996667E+9	2.113094000E-5
1.421000000E+9	2.149344000E-5
1.421003333E+9	2.155148000E-5
1.421006667E+9	2.185582000E-5
1.421010000E+9	2.155294000E-5
1.421013333E+9	2.202771000E-5
1.421016667E+9	2.204547000E-5
1.421020000E+9	2.149967000E-5
1.421023333E+9	2.209818000E-5
1.421026667E+9	2.327315000E-5
1.421030000E+9	2.462093000E-5
1.421033333E+9	2.186646000E-5
1.421036667E+9	2.180618000E-5
1.421040000E+9	2.204298000E-5
1.421043333E+9	2.169697000E-5
1.421046667E+9	2.182235000E-5
1.421050000E+9	2.196101000E-5
1.421053333E+9	2.131657000E-5
1.421056667E+9	2.181749000E-5
1.421060000E+9	2.157949000E-5
1.421063333E+9	2.149368000E-5
1.421066667E+9	2.205470000E-5
1.421070000E+9	2.156565000E-5
1.421073333E+9	2.179886000E-5
1.421076667E+9	2.182065000E-5
1.421080000E+9	2.194674000E-5
1.421083333E+9	2.118674000E-5
1.421086667E+9	2.125267000E-5
1.421090000E+9	2.209359000E-5
1.421093333E+9	2.319794000E-5
1.421096667E+9	2.616268000E-5
1.421100000E+9	2.251306000E-5
1.421103333E+9	2.267628000E-5
1.421106667E+9	2.213174000E-5
1.421110000E+9	2.155114000E-5
1.421113333E+9	2.164360000E-5
1.421116667E+9	2.184846000E-5
1.421120000E+9	2.174309000E-5
1.421123333E+9	2.140125000E-5
1.421126667E+9	2.147287000E-5
1.421130000E+9	2.171575000E-5
1.421133333E+9	2.185693000E-5
1.421136667E+9	2.158145000E-5
1.421140000E+9	2.202142000E-5
1.421143333E+9	2.188678000E-5
1.421146667E+9	2.196765000E-5
1.421150000E+9	2.139112000E-5
1.421153333E+9	2.171027000E-5
1.421156667E+9	2.214885000E-5
1.421160000E+9	2.268081000E-5
1.421163333E+9	2.752575000E-5
1.421166667E+9	2.298475000E-5
1.421170000E+9	2.287538000E-5
1.421173333E+9	2.218828000E-5
1.421176667E+9	2.304995000E-5
1.421180000E+9	2.606221000E-5
1.421183333E+9	2.218000000E-5
1.421186667E+9	2.226198000E-5
1.421190000E+9	2.317785000E-5
1.421193333E+9	2.296689000E-5
1.421196667E+9	2.174564000E-5
1.421200000E+9	2.212882000E-5
1.421203333E+9	2.277013000E-5
1.421206667E+9	2.691052000E-5
1.421210000E+9	2.459967000E-5
1.421213333E+9	2.261019000E-5
1.421216667E+9	2.243570000E-5
1.421220000E+9	2.297155000E-5
1.421223333E+9	2.271819000E-5
1.421226667E+9	2.277989000E-5
1.421230000E+9	2.735964000E-5
1.421233333E+9	2.576815000E-5
1.421236667E+9	2.255126000E-5
1.421240000E+9	2.216432000E-5
1.421243333E+9	2.266597000E-5
1.421246667E+9	2.274899000E-5
1.421250000E+9	2.257259000E-5
1.421253333E+9	2.316401000E-5
1.421256667E+9	2.321127000E-5
1.421260000E+9	2.344918000E-5
1.421263333E+9	2.364858000E-5
1.421266667E+9	2.331988000E-5
1.421270000E+9	2.289322000E-5
1.421273333E+9	2.306266000E-5
1.421276667E+9	2.387073000E-5
1.421280000E+9	2.338996000E-5
1.421283333E+9	2.366707000E-5
1.421286667E+9	2.395728000E-5
1.421290000E+9	2.447313000E-5
1.421293333E+9	2.528881000E-5
1.421296667E+9	3.076630000E-5
1.421300000E+9	3.239891000E-5
1.421303333E+9	2.505246000E-5
1.421306667E+9	2.394173000E-5
1.421310000E+9	2.369432000E-5
1.421313333E+9	2.497271000E-5
1.421316667E+9	2.436800000E-5
1.421320000E+9	2.479665000E-5
1.421323333E+9	2.529503000E-5
1.421326667E+9	2.514555000E-5
1.421330000E+9	2.533099000E-5
1.421333333E+9	2.564177000E-5
1.421336667E+9	2.607833000E-5
1.421340000E+9	2.686163000E-5
1.421343333E+9	3.007517000E-5
1.421346667E+9	2.898571000E-5
1.421350000E+9	2.591170000E-5
1.421353333E+9	2.633886000E-5
1.421356667E+9	2.734697000E-5
1.421360000E+9	2.788788000E-5
1.421363333E+9	3.758500000E-5
1.421366667E+9	5.183310000E-5
1.421370000E+9	3.027767000E-5
1.421373333E+9	2.674125000E-5
1.421376667E+9	2.585572000E-5
1.421380000E+9	2.592004000E-5
1.421383333E+9	2.581391000E-5
1.421386667E+9	2.584056000E-5
1.421390000E+9	2.584039000E-5
1.421393333E+9	2.544802000E-5
1.421396667E+9	2.578578000E-5
1.421400000E+9	2.581606000E-5
