Frequency, Hz	Amplitude, Volts
1.419400000E+9	2.186355000E-5
1.419403333E+9	2.170207000E-5
1.419406667E+9	2.204462000E-5
1.419410000E+9	2.209466000E-5
1.419413333E+9	2.249090000E-5
1.419416667E+9	2.257772000E-5
1.419420000E+9	2.153440000E-5
1.419423333E+9	2.157363000E-5
1.419426667E+9	2.190442000E-5
1.419430000E+9	2.248192000E-5
1.419433333E+9	2.495788000E-5
1.419436667E+9	2.294838000E-5
1.419440000E+9	2.217903000E-5
1.419443333E+9	2.177262000E-5
1.419446667E+9	2.253154000E-5
1.419450000E+9	2.463770000E-5
1.419453333E+9	2.243009000E-5
1.419456667E+9	2.182616000E-5
1.419460000E+9	2.257120000E-5
1.419463333E+9	2.234595000E-5
1.419466667E+9	2.204124000E-5
1.419470000E+9	2.155067000E-5
1.419473333E+9	2.186895000E-5
1.419476667E+9	2.217311000E-5
1.419480000E+9	2.198555000E-5
1.419483333E+9	2.169020000E-5
1.419486667E+9	2.170173000E-5
1.419490000E+9	2.170169000E-5
1.419493333E+9	2.177979000E-5
1.419496667E+9	2.200093000E-5
1.419500000E+9	2.222515000E-5
1.419503333E+9	2.181928000E-5
1.419506667E+9	2.213570000E-5
1.419510000E+9	2.203248000E-5
1.419513333E+9	2.241743000E-5
1.419516667E+9	2.160106000E-5
1.419520000E+9	2.174844000E-5
1.419523333E+9	2.195091000E-5
1.419526667E+9	2.150257000E-5
1.419530000E+9	2.198178000E-5
1.419533333E+9	2.174414000E-5
1.419536667E+9	2.184505000E-5
1.419540000E+9	2.223686000E-5
1.419543333E+9	2.216880000E-5
1.419546667E+9	2.189017000E-5
1.419550000E+9	2.189762000E-5
1.419553333E+9	2.207992000E-5
1.419556667E+9	2.189353000E-5
1.419560000E+9	2.145934000E-5
1.419563333E+9	2.197898000E-5
1.419566667E+9	2.207468000E-5
1.419570000E+9	2.234212000E-5
1.419573333E+9	2.192581000E-5
1.419576667E+9	2.183337000E-5
1.419580000E+9	2.217121000E-5
1.419583333E+9	2.137872000E-5
1.419586667E+9	2.216016000E-5
1.419590000E+9	2.195168000E-5
1.419593333E+9	2.204845000E-5
1.419596667E+9	2.208595000E-5
1.419600000E+9	2.230651000E-5
1.419603333E+9	2.259352000E-5
1.419606667E+9	2.185930000E-5
1.419610000E+9	2.178122000E-5
1.419613333E+9	2.152896000E-5
1.419616667E+9	2.180161000E-5
1.419620000E+9	2.161432000E-5
1.419623333E+9	2.174949000E-5
1.419626667E+9	2.184455000E-5
1.419630000E+9	2.191498000E-5
1.419633333E+9	2.182940000E-5
1.419636667E+9	2.205143000E-5
1.419640000E+9	2.239677000E-5
1.419643333E+9	2.181229000E-5
1.419646667E+9	2.152452000E-5
1.419650000E+9	2.196876000E-5
1.419653333E+9	2.159750000E-5
1.419656667E+9	2.153239000E-5
1.419660000E+9	2.206264000E-5
1.419663333E+9	2.142438000E-5
1.419666667E+9	2.297725000E-5
1.419670000E+9	2.244625000E-5
1.419673333E+9	2.176320000E-5
1.419676667E+9	2.205751000E-5
1.419680000E+9	2.184522000E-5
1.419683333E+9	2.143895000E-5
1.419686667E+9	2.172483000E-5
1.419690000E+9	2.205172000E-5
1.419693333E+9	2.207282000E-5
1.419696667E+9	2.163184000E-5
1.419700000E+9	2.154561000E-5
1.419703333E+9	2.166923000E-5
1.419706667E+9	2.207839000E-5
1.419710000E+9	2.211503000E-5
1.419713333E+9	2.194612000E-5
1.419716667E+9	2.168170000E-5
1.419720000E+9	2.195612000E-5
1.419723333E+9	2.221936000E-5
1.419726667E+9	2.562499000E-5
1.419730000E+9	2.270291000E-5
1.419733333E+9	2.196888000E-5
1.419736667E+9	2.166502000E-5
1.419740000E+9	2.314093000E-5
1.419743333E+9	2.365990000E-5
1.419746667E+9	2.241773000E-5
1.419750000E+9	2.212591000E-5
1.419753333E+9	2.243728000E-5
1.419756667E+9	2.161940000E-5
1.419760000E+9	2.171985000E-5
1.419763333E+9	2.182175000E-5
1.419766667E+9	2.187191000E-5
1.419770000E+9	2.240685000E-5
1.419773333E+9	2.186641000E-5
1.419776667E+9	2.161731000E-5
1.419780000E+9	2.185064000E-5
1.419783333E+9	2.242184000E-5
1.419786667E+9	2.193029000E-5
1.419790000E+9	2.242822000E-5
1.419793333E+9	2.183251000E-5
1.419796667E+9	2.189331000E-5
1.419800000E+9	2.195159000E-5
1.419803333E+9	2.233449000E-5
1.419806667E+9	2.184877000E-5
1.419810000E+9	2.150352000E-5
1.419813333E+9	2.206206000E-5
1.419816667E+9	2.189555000E-5
1.419820000E+9	2.204099000E-5
1.419823333E+9	2.174190000E-5
1.419826667E+9	2.190594000E-5
1.419830000E+9	2.223872000E-5
1.419833333E+9	2.184704000E-5
1.419836667E+9	2.152683000E-5
1.419840000E+9	2.182551000E-5
1.419843333E+9	2.170702000E-5
1.419846667E+9	2.204574000E-5
1.419850000E+9	2.180968000E-5
1.419853333E+9	2.202781000E-5
1.419856667E+9	2.165582000E-5
1.419860000E+9	2.149122000E-5
1.419863333E+9	2.225824000E-5
1.419866667E+9	2.198285000E-5
1.419870000E+9	2.162700000E-5
1.419873333E+9	2.129862000E-5
1.419876667E+9	2.156326000E-5
1.419880000E+9	2.148999000E-5
1.419883333E+9	2.163778000E-5
1.419886667E+9	2.189596000E-5
1.419890000E+9	2.177658000E-5
1.419893333E+9	2.151051000E-5
1.419896667E+9	2.186490000E-5
1.419900000E+9	2.145913000E-5
1.419903333E+9	2.202607000E-5
1.419906667E+9	2.194180000E-5
1.419910000E+9	2.205324000E-5
1.419913333E+9	2.185429000E-5
1.419916667E+9	2.198306000E-5
1.419920000E+9	2.219466000E-5
1.419923333E+9	2.141773000E-5
1.419926667E+9	2.176712000E-5
1.419930000E+9	2.200122000E-5
1.419933333E+9	2.164669000E-5
1.419936667E+9	2.206312000E-5
1.419940000E+9	2.181236000E-5
1.419943333E+9	2.191429000E-5
1.419946667E+9	2.192276000E-5
1.419950000E+9	2.193954000E-5
1.419953333E+9	2.162728000E-5
1.419956667E+9	2.167490000E-5
1.419960000E+9	2.146811000E-5
1.419963333E+9	2.208756000E-5
1.419966667E+9	2.182738000E-5
1.419970000E+9	2.159788000E-5
1.419973333E+9	2.212940000E-5
1.419976667E+9	2.146156000E-5
1.419980000E+9	2.178445000E-5
1.419983333E+9	2.199989000E-5
1.419986667E+9	2.163799000E-5
1.419990000E+9	2.222886000E-5
1.419993333E+9	2.235790000E-5
1.419996667E+9	2.179989000E-5
1.420000000E+9	2.308482000E-5
1.420003333E+9	2.386442000E-5
1.420006667E+9	2.152965000E-5
1.420010000E+9	2.183126000E-5
1.420013333E+9	2.197599000E-5
1.420016667E+9	2.266097000E-5
1.420020000E+9	2.399044000E-5
1.420023333E+9	2.200332000E-5
1.420026667E+9	2.276543000E-5
1.420030000E+9	2.166081000E-5
1.420033333E+9	2.281934000E-5
1.420036667E+9	2.339566000E-5
1.420040000E+9	2.211908000E-5
1.420043333E+9	2.198630000E-5
1.420046667E+9	2.249540000E-5
1.420050000E+9	2.190834000E-5
1.420053333E+9	2.222813000E-5
1.420056667E+9	2.235547000E-5
1.420060000E+9	2.201645000E-5
1.420063333E+9	2.178309000E-5
1.420066667E+9	2.126166000E-5
1.420070000E+9	2.158536000E-5
1.420073333E+9	2.222893000E-5
1.420076667E+9	2.235228000E-5
1.420080000E+9	2.254196000E-5
1.420083333E+9	2.204310000E-5
1.420086667E+9	2.215642000E-5
1.420090000E+9	2.187457000E-5
1.420093333E+9	2.170545000E-5
1.420096667E+9	2.222656000E-5
1.420100000E+9	2.171677000E-5
1.420103333E+9	2.175341000E-5
1.420106667E+9	2.203903000E-5
1.420110000E+9	2.183074000E-5
1.420113333E+9	2.190084000E-5
1.420116667E+9	2.154897000E-5
1.420120000E+9	2.156042000E-5
1.420123333E+9	2.176165000E-5
1.420126667E+9	2.193976000E-5
1.420130000E+9	2.198791000E-5
1.420133333E+9	2.191378000E-5
1.420136667E+9	2.184076000E-5
1.420140000E+9	2.177288000E-5
1.420143333E+9	2.174741000E-5
1.420146667E+9	2.170235000E-5
1.420150000E+9	2.193251000E-5
1.420153333E+9	2.155896000E-5
1.420156667E+9	2.143897000E-5
1.420160000E+9	2.193629000E-5
1.420163333E+9	2.173519000E-5
1.420166667E+9	2.189949000E-5
1.420170000E+9	2.157851000E-5
1.420173333E+9	2.234470000E-5
1.420176667E+9	2.149764000E-5
1.420180000E+9	2.153674000E-5
1.420183333E+9	2.160516000E-5
1.420186667E+9	2.192509000E-5
1.420190000E+9	2.171074000E-5
1.420193333E+9	2.170760000E-5
1.420196667E+9	2.178838000E-5
1.420200000E+9	2.203078000E-5
1.420203333E+9	2.186763000E-5
1.420206667E+9	2.158553000E-5
1.420210000E+9	2.182661000E-5
1.420213333E+9	2.190866000E-5
1.420216667E+9	2.206879000E-5
1.420220000E+9	2.214615000E-5
1.420223333E+9	2.266311000E-5
1.420226667E+9	2.226794000E-5
1.420230000E+9	2.170116000E-5
1.420233333E+9	2.194706000E-5
1.420236667E+9	2.196846000E-5
1.420240000E+9	2.166450000E-5
1.420243333E+9	2.208921000E-5
1.420246667E+9	2.156741000E-5
1.420250000E+9	2.185098000E-5
1.420253333E+9	2.204789000E-5
1.420256667E+9	2.169747000E-5
1.420260000E+9	2.185606000E-5
1.420263333E+9	2.230264000E-5
1.420266667E+9	2.247101000E-5
1.420270000E+9	2.170216000E-5
1.420273333E+9	2.191099000E-5
1.420276667E+9	2.169892000E-5
1.420280000E+9	2.181720000E-5
1.420283333E+9	2.209986000E-5
1.420286667E+9	2.233979000E-5
1.420290000E+9	2.174204000E-5
1.420293333E+9	2.164277000E-5
1.420296667E+9	2.331207000E-5
1.420300000E+9	2.177616000E-5
1.420303333E+9	2.212542000E-5
1.420306667E+9	2.214892000E-5
1.420310000E+9	2.270463000E-5
1.420313333E+9	2.357218000E-5
1.420316667E+9	2.226736000E-5
1.420320000E+9	2.219796000E-5
1.420323333E+9	2.180013000E-5
1.420326667E+9	2.280326000E-5
1.420330000E+9	2.246773000E-5
1.420333333E+9	2.171351000E-5
1.420336667E+9	2.165808000E-5
1.420340000E+9	2.229346000E-5
1.420343333E+9	2.132134000E-5
1.420346667E+9	2.197411000E-5
1.420350000E+9	2.197418000E-5
1.420353333E+9	2.234865000E-5
1.420356667E+9	2.162911000E-5
1.420360000E+9	2.202036000E-5
1.420363333E+9	2.188507000E-5
1.420366667E+9	2.219284000E-5
1.420370000E+9	2.143812000E-5
1.420373333E+9	2.207597000E-5
1.420376667E+9	2.177013000E-5
1.420380000E+9	2.164353000E-5
1.420383333E+9	2.180506000E-5
1.420386667E+9	2.188382000E-5
1.420390000E+9	2.213750000E-5
1.420393333E+9	2.157861000E-5
1.420396667E+9	2.162619000E-5
1.420400000E+9	2.180151000E-5
1.420403333E+9	2.169606000E-5
1.420406667E+9	2.185762000E-5
1.420410000E+9	2.190324000E-5
1.420413333E+9	2.234794000E-5
1.420416667E+9	2.194874000E-5
1.420420000E+9	2.214467000E-5
1.420423333E+9	2.197954000E-5
1.420426667E+9	2.153908000E-5
1.420430000E+9	2.181459000E-5
1.420433333E+9	2.191566000E-5
1.420436667E+9	2.159302000E-5
1.420440000E+9	2.235417000E-5
1.420443333E+9	2.175620000E-5
1.420446667E+9	2.190536000E-5
1.420450000E+9	2.230685000E-5
1.420453333E+9	2.167459000E-5
1.420456667E+9	2.175231000E-5
1.420460000E+9	2.195031000E-5
1.420463333E+9	2.194761000E-5
1.420466667E+9	2.162009000E-5
1.420470000E+9	2.194701000E-5
1.420473333E+9	2.203257000E-5
1.420476667E+9	2.186631000E-5
1.420480000E+9	2.136854000E-5
1.420483333E+9	2.241451000E-5
1.420486667E+9	2.186713000E-5
1.420490000E+9	2.169023000E-5
1.420493333E+9	2.176067000E-5
1.420496667E+9	2.194070000E-5
1.420500000E+9	2.191566000E-5
1.420503333E+9	2.242344000E-5
1.420506667E+9	2.189699000E-5
1.420510000E+9	2.179220000E-5
1.420513333E+9	2.203995000E-5
1.420516667E+9	2.227381000E-5
1.420520000E+9	2.226476000E-5
1.420523333E+9	2.178835000E-5
1.420526667E+9	2.171103000E-5
1.420530000E+9	2.202600000E-5
1.420533333E+9	2.179287000E-5
1.420536667E+9	2.177044000E-5
1.420540000E+9	2.205712000E-5
1.420543333E+9	2.138913000E-5
1.420546667E+9	2.167763000E-5
1.420550000E+9	2.178438000E-5
1.420553333E+9	2.149271000E-5
1.420556667E+9	2.188399000E-5
1.420560000E+9	2.155344000E-5
1.420563333E+9	2.184378000E-5
1.420566667E+9	2.142652000E-5
1.420570000E+9	2.199072000E-5
1.420573333E+9	2.195773000E-5
1.420576667E+9	2.196427000E-5
1.420580000E+9	2.185342000E-5
1.420583333E+9	2.181933000E-5
1.420586667E+9	2.196463000E-5
1.420590000E+9	2.190649000E-5
1.420593333E+9	2.212204000E-5
1.420596667E+9	2.227745000E-5
1.420600000E+9	2.207233000E-5
1.420603333E+9	2.312199000E-5
1.420606667E+9	2.428309000E-5
1.420610000E+9	2.236856000E-5
1.420613333E+9	2.172133000E-5
1.420616667E+9	2.145783000E-5
1.420620000E+9	2.424316000E-5
1.420623333E+9	2.348159000E-5
1.420626667E+9	2.203521000E-5
1.420630000E+9	2.176557000E-5
1.420633333E+9	2.242258000E-5
1.420636667E+9	2.154561000E-5
1.420640000E+9	2.237959000E-5
1.420643333E+9	2.168759000E-5
1.420646667E+9	2.279044000E-5
1.420650000E+9	2.193838000E-5
1.420653333E+9	2.186622000E-5
1.420656667E+9	2.186480000E-5
1.420660000E+9	2.192167000E-5
1.420663333E+9	2.177324000E-5
1.420666667E+9	2.186874000E-5
1.420670000E+9	2.171942000E-5
1.420673333E+9	2.189738000E-5
1.420676667E+9	2.225997000E-5
1.420680000E+9	2.229564000E-5
1.420683333E+9	2.205237000E-5
1.420686667E+9	2.188051000E-5
1.420690000E+9	2.231013000E-5
1.420693333E+9	2.205305000E-5
1.420696667E+9	2.175254000E-5
1.420700000E+9	2.158344000E-5
1.420703333E+9	2.180429000E-5
1.420706667E+9	2.197618000E-5
1.420710000E+9	2.186038000E-5
1.420713333E+9	2.185541000E-5
1.420716667E+9	2.180441000E-5
1.420720000E+9	2.173710000E-5
1.420723333E+9	2.187916000E-5
1.420726667E+9	2.174674000E-5
1.420730000E+9	2.158882000E-5
1.420733333E+9	2.158508000E-5
1.420736667E+9	2.159873000E-5
1.420740000E+9	2.180135000E-5
1.420743333E+9	2.189730000E-5
1.420746667E+9	2.194901000E-5
1.420750000E+9	2.154473000E-5
1.420753333E+9	2.169797000E-5
1.420756667E+9	2.217501000E-5
1.420760000E+9	2.224128000E-5
1.420763333E+9	2.150874000E-5
1.420766667E+9	2.177252000E-5
1.420770000E+9	2.152248000E-5
1.420773333E+9	2.206872000E-5
1.420776667E+9	2.207349000E-5
1.420780000E+9	2.218329000E-5
1.420783333E+9	2.163137000E-5
1.420786667E+9	2.240705000E-5
1.420790000E+9	2.178331000E-5
1.420793333E+9	2.216070000E-5
1.420796667E+9	2.258082000E-5
1.420800000E+9	2.183299000E-5
1.420803333E+9	2.169292000E-5
1.420806667E+9	2.179299000E-5
1.420810000E+9	2.179879000E-5
1.420813333E+9	2.189303000E-5
1.420816667E+9	2.220078000E-5
1.420820000E+9	2.230994000E-5
1.420823333E+9	2.207243000E-5
1.420826667E+9	2.175534000E-5
1.420830000E+9	2.177192000E-5
1.420833333E+9	2.211408000E-5
1.420836667E+9	2.086878000E-5
1.420840000E+9	2.167559000E-5
1.420843333E+9	2.290770000E-5
1.420846667E+9	2.363267000E-5
1.420850000E+9	2.222598000E-5
1.420853333E+9	2.128953000E-5
1.420856667E+9	2.141408000E-5
1.420860000E+9	2.172953000E-5
1.420863333E+9	2.173411000E-5
1.420866667E+9	2.159760000E-5
1.420870000E+9	2.152913000E-5
1.420873333E+9	2.159980000E-5
1.420876667E+9	2.199893000E-5
1.420880000E+9	2.155699000E-5
1.420883333E+9	2.493055000E-5
1.420886667E+9	2.424656000E-5
1.420890000E+9	2.185971000E-5
1.420893333E+9	2.236067000E-5
1.420896667E+9	2.572512000E-5
1.420900000E+9	2.910127000E-5
1.420903333E+9	2.233231000E-5
1.420906667E+9	2.227156000E-5
1.420910000E+9	2.227802000E-5
1.420913333E+9	2.783053000E-5
1.420916667E+9	2.401580000E-5
1.420920000E+9	2.188964000E-5
1.420923333E+9	2.228379000E-5
1.420926667E+9	2.293299000E-5
1.420930000E+9	2.216228000E-5
1.420933333E+9	2.158844000E-5
1.420936667E+9	2.188228000E-5
1.420940000E+9	2.177489000E-5
1.420943333E+9	2.219747000E-5
1.420946667E+9	2.215320000E-5
1.420950000E+9	2.208717000E-5
1.420953333E+9	2.219995000E-5
1.420956667E+9	2.203393000E-5
1.420960000E+9	2.274640000E-5
1.420963333E+9	2.216157000E-5
1.420966667E+9	2.201727000E-5
1.420970000E+9	2.174586000E-5
1.420973333E+9	2.206862000E-5
1.420976667E+9	2.216053000E-5
1.420980000E+9	2.185064000E-5
1.420983333E+9	2.165820000E-5
1.420986667E+9	2.179259000E-5
1.420990000E+9	2.192047000E-5
1.420993333E+9	2.148226000E-5
1.420996667E+9	2.185021000E-5
1.421000000E+9	2.193239000E-5
1.421003333E+9	2.187801000E-5
1.421006667E+9	2.177606000E-5
1.421010000E+9	2.199859000E-5
1.421013333E+9	2.181035000E-5
1.421016667E+9	2.180130000E-5
1.421020000E+9	2.174498000E-5
1.421023333E+9	2.188848000E-5
1.421026667E+9	2.282102000E-5
1.421030000E+9	2.292471000E-5
1.421033333E+9	2.211571000E-5
1.421036667E+9	2.179730000E-5
1.421040000E+9	2.202873000E-5
1.421043333E+9	2.173101000E-5
1.421046667E+9	2.136483000E-5
1.421050000E+9	2.223408000E-5
1.421053333E+9	2.143713000E-5
1.421056667E+9	2.167321000E-5
1.421060000E+9	2.167497000E-5
1.421063333E+9	2.147264000E-5
1.421066667E+9	2.203260000E-5
1.421070000E+9	2.213427000E-5
1.421073333E+9	2.166781000E-5
1.421076667E+9	2.206312000E-5
1.421080000E+9	2.140137000E-5
1.421083333E+9	2.165406000E-5
1.421086667E+9	2.121786000E-5
1.421090000E+9	2.181945000E-5
1.421093333E+9	2.247910000E-5
1.421096667E+9	2.368956000E-5
1.421100000E+9	2.283300000E-5
1.421103333E+9	2.316450000E-5
1.421106667E+9	2.229218000E-5
1.421110000E+9	2.155455000E-5
1.421113333E+9	2.158994000E-5
1.421116667E+9	2.157032000E-5
1.421120000E+9	2.187419000E-5
1.421123333E+9	2.155779000E-5
1.421126667E+9	2.184340000E-5
1.421130000E+9	2.212518000E-5
1.421133333E+9	2.233393000E-5
1.421136667E+9	2.172515000E-5
1.421140000E+9	2.208436000E-5
1.421143333E+9	2.187335000E-5
1.421146667E+9	2.153459000E-5
1.421150000E+9	2.163588000E-5
1.421153333E+9	2.218940000E-5
1.421156667E+9	2.204141000E-5
1.421160000E+9	2.225201000E-5
1.421163333E+9	2.394326000E-5
1.421166667E+9	2.242871000E-5
1.421170000E+9	2.218058000E-5
1.421173333E+9	2.181521000E-5
1.421176667E+9	2.345083000E-5
1.421180000E+9	2.596616000E-5
1.421183333E+9	2.214024000E-5
1.421186667E+9	2.158586000E-5
1.421190000E+9	2.373028000E-5
1.421193333E+9	2.353342000E-5
1.421196667E+9	2.229919000E-5
1.421200000E+9	2.182671000E-5
1.421203333E+9	2.227058000E-5
1.421206667E+9	2.410495000E-5
1.421210000E+9	2.258657000E-5
1.421213333E+9	2.143843000E-5
1.421216667E+9	2.221988000E-5
1.421220000E+9	2.223843000E-5
1.421223333E+9	2.222444000E-5
1.421226667E+9	2.207776000E-5
1.421230000E+9	2.394571000E-5
1.421233333E+9	2.285760000E-5
1.421236667E+9	2.164377000E-5
1.421240000E+9	2.212984000E-5
1.421243333E+9	2.238099000E-5
1.421246667E+9	2.201275000E-5
1.421250000E+9	2.200021000E-5
1.421253333E+9	2.216904000E-5
1.421256667E+9	2.215585000E-5
1.421260000E+9	2.252103000E-5
1.421263333E+9	2.265977000E-5
1.421266667E+9	2.274308000E-5
1.421270000E+9	2.197339000E-5
1.421273333E+9	2.229446000E-5
1.421276667E+9	2.302122000E-5
1.421280000E+9	2.222144000E-5
1.421283333E+9	2.244633000E-5
1.421286667E+9	2.207626000E-5
1.421290000E+9	2.229816000E-5
1.421293333E+9	2.341432000E-5
1.421296667E+9	2.537625000E-5
1.421300000E+9	2.605031000E-5
1.421303333E+9	2.335632000E-5
1.421306667E+9	2.248834000E-5
1.421310000E+9	2.271326000E-5
1.421313333E+9	2.306372000E-5
1.421316667E+9	2.302455000E-5
1.421320000E+9	2.309291000E-5
1.421323333E+9	2.316175000E-5
1.421326667E+9	2.320092000E-5
1.421330000E+9	2.353347000E-5
1.421333333E+9	2.401572000E-5
1.421336667E+9	2.365886000E-5
1.421340000E+9	2.477422000E-5
1.421343333E+9	2.913353000E-5
1.421346667E+9	2.727512000E-5
1.421350000E+9	2.461207000E-5
1.421353333E+9	2.397472000E-5
1.421356667E+9	2.403869000E-5
1.421360000E+9	2.378069000E-5
1.421363333E+9	2.834528000E-5
1.421366667E+9	3.558732000E-5
1.421370000E+9	2.545229000E-5
1.421373333E+9	2.336006000E-5
1.421376667E+9	2.333771000E-5
1.421380000E+9	2.351766000E-5
1.421383333E+9	2.357837000E-5
1.421386667E+9	2.319012000E-5
1.421390000E+9	2.338039000E-5
1.421393333E+9	2.333130000E-5
1.421396667E+9	2.405599000E-5
1.421400000E+9	2.374954000E-5
