Frequency, Hz	Amplitude, Volts
1.419400000E+9	2.741717000E-5
1.419403333E+9	2.756652000E-5
1.419406667E+9	2.720218000E-5
1.419410000E+9	2.749561000E-5
1.419413333E+9	2.800795000E-5
1.419416667E+9	2.800297000E-5
1.419420000E+9	2.802179000E-5
1.419423333E+9	2.695458000E-5
1.419426667E+9	2.714334000E-5
1.419430000E+9	2.830178000E-5
1.419433333E+9	2.831396000E-5
1.419436667E+9	2.784507000E-5
1.419440000E+9	3.121514000E-5
1.419443333E+9	2.860757000E-5
1.419446667E+9	2.868979000E-5
1.419450000E+9	3.280188000E-5
1.419453333E+9	2.898788000E-5
1.419456667E+9	2.792201000E-5
1.419460000E+9	2.731132000E-5
1.419463333E+9	2.748607000E-5
1.419466667E+9	2.747017000E-5
1.419470000E+9	2.810326000E-5
1.419473333E+9	2.803213000E-5
1.419476667E+9	2.736496000E-5
1.419480000E+9	2.725560000E-5
1.419483333E+9	2.756646000E-5
1.419486667E+9	2.808972000E-5
1.419490000E+9	2.793443000E-5
1.419493333E+9	2.779300000E-5
1.419496667E+9	2.752231000E-5
1.419500000E+9	2.770677000E-5
1.419503333E+9	2.739535000E-5
1.419506667E+9	2.767436000E-5
1.419510000E+9	2.738035000E-5
1.419513333E+9	2.765328000E-5
1.419516667E+9	2.809024000E-5
1.419520000E+9	2.792612000E-5
1.419523333E+9	2.744503000E-5
1.419526667E+9	2.766312000E-5
1.419530000E+9	2.737274000E-5
1.419533333E+9	2.756398000E-5
1.419536667E+9	2.812203000E-5
1.419540000E+9	2.751714000E-5
1.419543333E+9	2.784816000E-5
1.419546667E+9	2.762539000E-5
1.419550000E+9	2.751917000E-5
1.419553333E+9	2.752723000E-5
1.419556667E+9	2.741476000E-5
1.419560000E+9	2.662509000E-5
1.419563333E+9	2.722139000E-5
1.419566667E+9	2.665858000E-5
1.419570000E+9	2.776256000E-5
1.419573333E+9	2.757942000E-5
1.419576667E+9	2.803549000E-5
1.419580000E+9	2.795391000E-5
1.419583333E+9	2.751203000E-5
1.419586667E+9	2.769567000E-5
1.419590000E+9	2.718841000E-5
1.419593333E+9	2.728165000E-5
1.419596667E+9	2.735799000E-5
1.419600000E+9	2.772272000E-5
1.419603333E+9	2.706228000E-5
1.419606667E+9	2.751243000E-5
1.419610000E+9	2.794115000E-5
1.419613333E+9	2.708467000E-5
1.419616667E+9	2.703612000E-5
1.419620000E+9	2.713902000E-5
1.419623333E+9	2.793740000E-5
1.419626667E+9	2.743554000E-5
1.419630000E+9	2.830625000E-5
1.419633333E+9	2.750491000E-5
1.419636667E+9	2.757227000E-5
1.419640000E+9	2.750201000E-5
1.419643333E+9	2.719501000E-5
1.419646667E+9	2.716204000E-5
1.419650000E+9	2.763580000E-5
1.419653333E+9	2.716746000E-5
1.419656667E+9	2.738026000E-5
1.419660000E+9	2.732335000E-5
1.419663333E+9	2.728168000E-5
1.419666667E+9	2.693325000E-5
1.419670000E+9	2.780124000E-5
1.419673333E+9	2.786697000E-5
1.419676667E+9	2.782313000E-5
1.419680000E+9	2.806795000E-5
1.419683333E+9	2.702039000E-5
1.419686667E+9	2.696062000E-5
1.419690000E+9	2.740591000E-5
1.419693333E+9	2.738164000E-5
1.419696667E+9	2.723116000E-5
1.419700000E+9	2.701274000E-5
1.419703333E+9	2.715807000E-5
1.419706667E+9	2.800436000E-5
1.419710000E+9	2.744277000E-5
1.419713333E+9	2.731195000E-5
1.419716667E+9	2.678062000E-5
1.419720000E+9	2.717424000E-5
1.419723333E+9	3.338306000E-5
1.419726667E+9	2.885672000E-5
1.419730000E+9	3.015575000E-5
1.419733333E+9	4.936427000E-5
1.419736667E+9	3.051797000E-5
1.419740000E+9	2.947299000E-5
1.419743333E+9	3.394058000E-5
1.419746667E+9	2.797829000E-5
1.419750000E+9	2.753651000E-5
1.419753333E+9	2.880579000E-5
1.419756667E+9	2.803780000E-5
1.419760000E+9	2.789826000E-5
1.419763333E+9	2.741946000E-5
1.419766667E+9	2.796435000E-5
1.419770000E+9	2.774431000E-5
1.419773333E+9	2.708847000E-5
1.419776667E+9	2.801909000E-5
1.419780000E+9	2.760632000E-5
1.419783333E+9	2.740988000E-5
1.419786667E+9	2.734550000E-5
1.419790000E+9	2.752234000E-5
1.419793333E+9	2.682668000E-5
1.419796667E+9	2.726392000E-5
1.419800000E+9	2.692423000E-5
1.419803333E+9	2.726689000E-5
1.419806667E+9	2.710284000E-5
1.419810000E+9	2.711222000E-5
1.419813333E+9	2.773377000E-5
1.419816667E+9	2.868082000E-5
1.419820000E+9	2.828885000E-5
1.419823333E+9	2.749676000E-5
1.419826667E+9	2.750373000E-5
1.419830000E+9	2.693976000E-5
1.419833333E+9	2.750938000E-5
1.419836667E+9	2.678865000E-5
1.419840000E+9	2.767670000E-5
1.419843333E+9	2.676945000E-5
1.419846667E+9	2.742304000E-5
1.419850000E+9	2.735877000E-5
1.419853333E+9	2.667606000E-5
1.419856667E+9	2.688187000E-5
1.419860000E+9	2.691356000E-5
1.419863333E+9	2.783242000E-5
1.419866667E+9	2.955994000E-5
1.419870000E+9	3.960923000E-5
1.419873333E+9	2.831533000E-5
1.419876667E+9	2.709451000E-5
1.419880000E+9	2.672464000E-5
1.419883333E+9	2.709585000E-5
1.419886667E+9	2.694351000E-5
1.419890000E+9	2.757327000E-5
1.419893333E+9	2.775994000E-5
1.419896667E+9	2.659342000E-5
1.419900000E+9	2.668505000E-5
1.419903333E+9	2.667864000E-5
1.419906667E+9	2.723113000E-5
1.419910000E+9	2.730943000E-5
1.419913333E+9	2.802709000E-5
1.419916667E+9	2.699284000E-5
1.419920000E+9	2.703247000E-5
1.419923333E+9	2.682029000E-5
1.419926667E+9	2.704832000E-5
1.419930000E+9	2.730367000E-5
1.419933333E+9	2.647531000E-5
1.419936667E+9	2.684477000E-5
1.419940000E+9	2.734447000E-5
1.419943333E+9	2.690618000E-5
1.419946667E+9	2.707688000E-5
1.419950000E+9	2.713500000E-5
1.419953333E+9	2.765456000E-5
1.419956667E+9	2.749959000E-5
1.419960000E+9	2.700885000E-5
1.419963333E+9	2.718841000E-5
1.419966667E+9	2.721676000E-5
1.419970000E+9	2.673858000E-5
1.419973333E+9	2.737160000E-5
1.419976667E+9	2.695340000E-5
1.419980000E+9	2.890410000E-5
1.419983333E+9	2.695446000E-5
1.419986667E+9	2.759541000E-5
1.419990000E+9	2.699925000E-5
1.419993333E+9	2.650774000E-5
1.419996667E+9	2.719862000E-5
1.420000000E+9	3.118605000E-5
1.420003333E+9	3.387205000E-5
1.420006667E+9	2.712070000E-5
1.420010000E+9	2.677277000E-5
1.420013333E+9	2.685532000E-5
1.420016667E+9	2.706362000E-5
1.420020000E+9	2.704942000E-5
1.420023333E+9	2.748858000E-5
1.420026667E+9	3.027924000E-5
1.420030000E+9	2.755400000E-5
1.420033333E+9	2.917409000E-5
1.420036667E+9	3.145300000E-5
1.420040000E+9	2.755799000E-5
1.420043333E+9	2.748858000E-5
1.420046667E+9	2.759978000E-5
1.420050000E+9	2.790028000E-5
1.420053333E+9	2.743243000E-5
1.420056667E+9	2.716723000E-5
1.420060000E+9	2.703796000E-5
1.420063333E+9	2.646589000E-5
1.420066667E+9	2.664459000E-5
1.420070000E+9	2.673327000E-5
1.420073333E+9	2.714090000E-5
1.420076667E+9	2.683148000E-5
1.420080000E+9	2.646955000E-5
1.420083333E+9	2.748930000E-5
1.420086667E+9	2.672824000E-5
1.420090000E+9	2.673696000E-5
1.420093333E+9	2.691244000E-5
1.420096667E+9	2.751004000E-5
1.420100000E+9	2.743716000E-5
1.420103333E+9	2.731087000E-5
1.420106667E+9	2.669771000E-5
1.420110000E+9	2.771310000E-5
1.420113333E+9	2.691563000E-5
1.420116667E+9	2.696811000E-5
1.420120000E+9	2.663833000E-5
1.420123333E+9	2.624274000E-5
1.420126667E+9	2.608222000E-5
1.420130000E+9	2.723018000E-5
1.420133333E+9	2.657042000E-5
1.420136667E+9	2.716779000E-5
1.420140000E+9	2.786642000E-5
1.420143333E+9	2.670149000E-5
1.420146667E+9	2.679686000E-5
1.420150000E+9	2.700950000E-5
1.420153333E+9	2.660843000E-5
1.420156667E+9	2.675388000E-5
1.420160000E+9	2.786137000E-5
1.420163333E+9	3.113425000E-5
1.420166667E+9	2.737022000E-5
1.420170000E+9	2.715750000E-5
1.420173333E+9	2.670047000E-5
1.420176667E+9	2.709781000E-5
1.420180000E+9	2.651633000E-5
1.420183333E+9	2.614992000E-5
1.420186667E+9	2.714460000E-5
1.420190000E+9	2.701846000E-5
1.420193333E+9	2.732692000E-5
1.420196667E+9	2.687978000E-5
1.420200000E+9	2.680171000E-5
1.420203333E+9	2.710558000E-5
1.420206667E+9	2.674416000E-5
1.420210000E+9	2.632967000E-5
1.420213333E+9	2.726075000E-5
1.420216667E+9	2.661398000E-5
1.420220000E+9	2.723945000E-5
1.420223333E+9	2.653168000E-5
1.420226667E+9	2.697193000E-5
1.420230000E+9	2.746712000E-5
1.420233333E+9	2.714990000E-5
1.420236667E+9	2.775070000E-5
1.420240000E+9	2.712785000E-5
1.420243333E+9	2.745850000E-5
1.420246667E+9	2.675079000E-5
1.420250000E+9	2.663020000E-5
1.420253333E+9	2.704336000E-5
1.420256667E+9	2.737683000E-5
1.420260000E+9	2.729903000E-5
1.420263333E+9	2.717391000E-5
1.420266667E+9	2.631554000E-5
1.420270000E+9	2.626153000E-5
1.420273333E+9	2.650943000E-5
1.420276667E+9	2.685285000E-5
1.420280000E+9	2.663947000E-5
1.420283333E+9	2.742174000E-5
1.420286667E+9	2.712267000E-5
1.420290000E+9	2.741112000E-5
1.420293333E+9	2.696618000E-5
1.420296667E+9	2.911920000E-5
1.420300000E+9	2.760305000E-5
1.420303333E+9	2.713858000E-5
1.420306667E+9	3.013093000E-5
1.420310000E+9	3.635427000E-5
1.420313333E+9	2.721365000E-5
1.420316667E+9	2.708889000E-5
1.420320000E+9	2.951574000E-5
1.420323333E+9	2.690325000E-5
1.420326667E+9	2.925813000E-5
1.420330000E+9	3.111727000E-5
1.420333333E+9	2.765331000E-5
1.420336667E+9	2.709070000E-5
1.420340000E+9	2.649904000E-5
1.420343333E+9	2.666660000E-5
1.420346667E+9	2.657328000E-5
1.420350000E+9	2.727644000E-5
1.420353333E+9	2.703662000E-5
1.420356667E+9	2.629523000E-5
1.420360000E+9	2.605749000E-5
1.420363333E+9	2.624562000E-5
1.420366667E+9	2.712934000E-5
1.420370000E+9	2.700604000E-5
1.420373333E+9	2.675502000E-5
1.420376667E+9	2.668831000E-5
1.420380000E+9	2.714421000E-5
1.420383333E+9	2.703348000E-5
1.420386667E+9	2.683151000E-5
1.420390000E+9	2.702707000E-5
1.420393333E+9	2.778659000E-5
1.420396667E+9	2.686933000E-5
1.420400000E+9	2.735661000E-5
1.420403333E+9	2.666297000E-5
1.420406667E+9	2.693455000E-5
1.420410000E+9	2.636444000E-5
1.420413333E+9	2.620632000E-5
1.420416667E+9	2.720507000E-5
1.420420000E+9	2.686697000E-5
1.420423333E+9	2.741952000E-5
1.420426667E+9	2.694132000E-5
1.420430000E+9	2.688672000E-5
1.420433333E+9	2.661112000E-5
1.420436667E+9	2.630632000E-5
1.420440000E+9	2.616575000E-5
1.420443333E+9	2.720752000E-5
1.420446667E+9	2.704767000E-5
1.420450000E+9	2.685816000E-5
1.420453333E+9	2.746634000E-5
1.420456667E+9	2.811919000E-5
1.420460000E+9	2.700106000E-5
1.420463333E+9	2.681434000E-5
1.420466667E+9	2.645837000E-5
1.420470000E+9	2.686836000E-5
1.420473333E+9	2.731102000E-5
1.420476667E+9	2.698357000E-5
1.420480000E+9	2.677706000E-5
1.420483333E+9	2.663532000E-5
1.420486667E+9	2.705334000E-5
1.420490000E+9	2.680630000E-5
1.420493333E+9	2.623588000E-5
1.420496667E+9	2.647415000E-5
1.420500000E+9	2.683372000E-5
1.420503333E+9	2.630985000E-5
1.420506667E+9	2.701947000E-5
1.420510000E+9	2.679383000E-5
1.420513333E+9	2.735468000E-5
1.420516667E+9	2.709401000E-5
1.420520000E+9	2.722273000E-5
1.420523333E+9	2.686624000E-5
1.420526667E+9	2.681178000E-5
1.420530000E+9	2.545316000E-5
1.420533333E+9	2.632363000E-5
1.420536667E+9	2.654103000E-5
1.420540000E+9	2.636502000E-5
1.420543333E+9	2.676296000E-5
1.420546667E+9	2.704945000E-5
1.420550000E+9	2.708422000E-5
1.420553333E+9	2.683351000E-5
1.420556667E+9	2.683728000E-5
1.420560000E+9	2.673464000E-5
1.420563333E+9	2.736120000E-5
1.420566667E+9	2.695861000E-5
1.420570000E+9	2.678477000E-5
1.420573333E+9	2.617144000E-5
1.420576667E+9	2.653972000E-5
1.420580000E+9	2.660577000E-5
1.420583333E+9	2.666704000E-5
1.420586667E+9	2.660820000E-5
1.420590000E+9	2.970750000E-5
1.420593333E+9	2.738044000E-5
1.420596667E+9	2.618710000E-5
1.420600000E+9	3.163093000E-5
1.420603333E+9	3.800549000E-5
1.420606667E+9	2.725174000E-5
1.420610000E+9	2.821484000E-5
1.420613333E+9	2.973119000E-5
1.420616667E+9	2.665106000E-5
1.420620000E+9	3.194806000E-5
1.420623333E+9	3.312805000E-5
1.420626667E+9	2.773840000E-5
1.420630000E+9	2.655225000E-5
1.420633333E+9	2.670188000E-5
1.420636667E+9	2.713858000E-5
1.420640000E+9	2.679886000E-5
1.420643333E+9	2.694363000E-5
1.420646667E+9	2.687013000E-5
1.420650000E+9	2.685417000E-5
1.420653333E+9	2.637904000E-5
1.420656667E+9	2.667638000E-5
1.420660000E+9	2.621026000E-5
1.420663333E+9	2.662000000E-5
1.420666667E+9	2.678036000E-5
1.420670000E+9	2.697738000E-5
1.420673333E+9	2.664781000E-5
1.420676667E+9	2.702885000E-5
1.420680000E+9	2.661871000E-5
1.420683333E+9	2.589197000E-5
1.420686667E+9	2.647941000E-5
1.420690000E+9	2.655896000E-5
1.420693333E+9	2.657284000E-5
1.420696667E+9	2.664723000E-5
1.420700000E+9	2.648610000E-5
1.420703333E+9	2.654505000E-5
1.420706667E+9	2.667676000E-5
1.420710000E+9	2.611959000E-5
1.420713333E+9	2.693387000E-5
1.420716667E+9	2.637877000E-5
1.420720000E+9	2.643975000E-5
1.420723333E+9	2.720708000E-5
1.420726667E+9	2.687515000E-5
1.420730000E+9	2.583086000E-5
1.420733333E+9	2.616184000E-5
1.420736667E+9	2.691613000E-5
1.420740000E+9	2.647790000E-5
1.420743333E+9	2.622166000E-5
1.420746667E+9	2.755687000E-5
1.420750000E+9	2.878698000E-5
1.420753333E+9	2.680598000E-5
1.420756667E+9	2.656219000E-5
1.420760000E+9	2.671874000E-5
1.420763333E+9	2.645726000E-5
1.420766667E+9	2.644254000E-5
1.420770000E+9	2.683693000E-5
1.420773333E+9	2.682273000E-5
1.420776667E+9	2.648266000E-5
1.420780000E+9	2.673297000E-5
1.420783333E+9	2.629131000E-5
1.420786667E+9	2.611879000E-5
1.420790000E+9	2.628545000E-5
1.420793333E+9	2.654179000E-5
1.420796667E+9	2.642414000E-5
1.420800000E+9	2.652247000E-5
1.420803333E+9	2.638153000E-5
1.420806667E+9	2.709368000E-5
1.420810000E+9	2.692615000E-5
1.420813333E+9	2.708951000E-5
1.420816667E+9	2.644173000E-5
1.420820000E+9	2.665445000E-5
1.420823333E+9	2.648799000E-5
1.420826667E+9	2.649968000E-5
1.420830000E+9	2.608131000E-5
1.420833333E+9	2.621288000E-5
1.420836667E+9	2.685414000E-5
1.420840000E+9	2.639630000E-5
1.420843333E+9	2.648578000E-5
1.420846667E+9	2.673476000E-5
1.420850000E+9	2.600547000E-5
1.420853333E+9	2.605852000E-5
1.420856667E+9	2.630491000E-5
1.420860000E+9	2.590166000E-5
1.420863333E+9	2.625288000E-5
1.420866667E+9	2.591947000E-5
1.420870000E+9	2.633973000E-5
1.420873333E+9	2.699409000E-5
1.420876667E+9	2.620554000E-5
1.420880000E+9	2.687464000E-5
1.420883333E+9	3.582808000E-5
1.420886667E+9	3.236656000E-5
1.420890000E+9	2.681031000E-5
1.420893333E+9	2.737436000E-5
1.420896667E+9	2.762497000E-5
1.420900000E+9	2.702279000E-5
1.420903333E+9	3.094351000E-5
1.420906667E+9	3.545954000E-5
1.420910000E+9	2.686393000E-5
1.420913333E+9	4.284506000E-5
1.420916667E+9	3.962485000E-5
1.420920000E+9	3.019461000E-5
1.420923333E+9	2.676469000E-5
1.420926667E+9	2.747575000E-5
1.420930000E+9	2.729936000E-5
1.420933333E+9	2.664509000E-5
1.420936667E+9	2.653249000E-5
1.420940000E+9	2.629988000E-5
1.420943333E+9	2.683693000E-5
1.420946667E+9	2.628888000E-5
1.420950000E+9	2.676722000E-5
1.420953333E+9	2.662924000E-5
1.420956667E+9	2.697125000E-5
1.420960000E+9	2.627789000E-5
1.420963333E+9	2.693777000E-5
1.420966667E+9	2.708053000E-5
1.420970000E+9	2.610345000E-5
1.420973333E+9	2.657614000E-5
1.420976667E+9	2.614048000E-5
1.420980000E+9	2.694893000E-5
1.420983333E+9	3.213540000E-5
1.420986667E+9	2.941658000E-5
1.420990000E+9	2.676346000E-5
1.420993333E+9	2.697702000E-5
1.420996667E+9	2.779141000E-5
1.421000000E+9	2.712973000E-5
1.421003333E+9	2.829084000E-5
1.421006667E+9	2.769746000E-5
1.421010000E+9	2.638289000E-5
1.421013333E+9	2.671886000E-5
1.421016667E+9	2.664322000E-5
1.421020000E+9	2.626871000E-5
1.421023333E+9	2.670032000E-5
1.421026667E+9	2.674304000E-5
1.421030000E+9	2.667905000E-5
1.421033333E+9	2.650876000E-5
1.421036667E+9	2.644150000E-5
1.421040000E+9	3.014304000E-5
1.421043333E+9	3.060572000E-5
1.421046667E+9	2.679194000E-5
1.421050000E+9	2.598689000E-5
1.421053333E+9	2.630843000E-5
1.421056667E+9	2.635072000E-5
1.421060000E+9	2.602336000E-5
1.421063333E+9	2.623692000E-5
1.421066667E+9	2.609093000E-5
1.421070000E+9	2.659412000E-5
1.421073333E+9	2.651449000E-5
1.421076667E+9	2.656756000E-5
1.421080000E+9	2.650271000E-5
1.421083333E+9	2.614054000E-5
1.421086667E+9	2.578182000E-5
1.421090000E+9	2.636195000E-5
1.421093333E+9	2.596257000E-5
1.421096667E+9	2.694730000E-5
1.421100000E+9	2.662024000E-5
1.421103333E+9	2.630794000E-5
1.421106667E+9	2.619162000E-5
1.421110000E+9	2.603416000E-5
1.421113333E+9	2.596003000E-5
1.421116667E+9	2.638949000E-5
1.421120000E+9	2.685155000E-5
1.421123333E+9	2.645834000E-5
1.421126667E+9	2.687807000E-5
1.421130000E+9	2.637582000E-5
1.421133333E+9	2.609560000E-5
1.421136667E+9	2.599828000E-5
1.421140000E+9	2.649104000E-5
1.421143333E+9	2.644739000E-5
1.421146667E+9	2.702986000E-5
1.421150000E+9	2.605260000E-5
1.421153333E+9	2.643557000E-5
1.421156667E+9	2.600559000E-5
1.421160000E+9	2.622235000E-5
1.421163333E+9	2.709347000E-5
1.421166667E+9	2.744804000E-5
1.421170000E+9	2.638718000E-5
1.421173333E+9	2.680736000E-5
1.421176667E+9	3.015121000E-5
1.421180000E+9	3.323757000E-5
1.421183333E+9	2.633800000E-5
1.421186667E+9	2.622972000E-5
1.421190000E+9	2.721998000E-5
1.421193333E+9	2.678383000E-5
1.421196667E+9	2.758117000E-5
1.421200000E+9	2.831527000E-5
1.421203333E+9	2.641599000E-5
1.421206667E+9	3.373127000E-5
1.421210000E+9	3.180108000E-5
1.421213333E+9	3.012047000E-5
1.421216667E+9	2.655301000E-5
1.421220000E+9	2.635119000E-5
1.421223333E+9	2.653258000E-5
1.421226667E+9	2.579209000E-5
1.421230000E+9	2.638179000E-5
1.421233333E+9	2.611627000E-5
1.421236667E+9	2.639798000E-5
1.421240000E+9	2.581581000E-5
1.421243333E+9	2.650751000E-5
1.421246667E+9	2.680557000E-5
1.421250000E+9	2.660527000E-5
1.421253333E+9	2.588532000E-5
1.421256667E+9	2.645323000E-5
1.421260000E+9	2.666845000E-5
1.421263333E+9	2.687479000E-5
1.421266667E+9	2.592440000E-5
1.421270000E+9	2.668954000E-5
1.421273333E+9	2.690898000E-5
1.421276667E+9	2.767078000E-5
1.421280000E+9	2.972616000E-5
1.421283333E+9	2.753790000E-5
1.421286667E+9	2.655840000E-5
1.421290000E+9	2.594880000E-5
1.421293333E+9	2.628715000E-5
1.421296667E+9	2.679971000E-5
1.421300000E+9	2.711132000E-5
1.421303333E+9	2.632083000E-5
1.421306667E+9	2.681923000E-5
1.421310000E+9	2.689371000E-5
1.421313333E+9	2.613150000E-5
1.421316667E+9	2.645642000E-5
1.421320000E+9	2.681726000E-5
1.421323333E+9	2.604499000E-5
1.421326667E+9	2.627794000E-5
1.421330000E+9	2.687408000E-5
1.421333333E+9	2.845867000E-5
1.421336667E+9	2.853257000E-5
1.421340000E+9	2.677077000E-5
1.421343333E+9	2.758133000E-5
1.421346667E+9	3.365703000E-5
1.421350000E+9	3.084639000E-5
1.421353333E+9	2.714790000E-5
1.421356667E+9	2.726572000E-5
1.421360000E+9	2.683357000E-5
1.421363333E+9	2.706514000E-5
1.421366667E+9	2.730703000E-5
1.421370000E+9	2.654741000E-5
1.421373333E+9	2.668687000E-5
1.421376667E+9	2.630817000E-5
1.421380000E+9	2.673682000E-5
1.421383333E+9	2.601367000E-5
1.421386667E+9	2.681034000E-5
1.421390000E+9	2.718725000E-5
1.421393333E+9	2.629925000E-5
1.421396667E+9	2.644251000E-5
1.421400000E+9	2.709299000E-5
