Frequency, Hz	Amplitude, Volts
1.419400000E+9	2.101008000E-5
1.419403333E+9	2.220624000E-5
1.419406667E+9	2.208137000E-5
1.419410000E+9	2.107336000E-5
1.419413333E+9	2.116107000E-5
1.419416667E+9	2.130926000E-5
1.419420000E+9	2.143513000E-5
1.419423333E+9	2.168206000E-5
1.419426667E+9	2.154206000E-5
1.419430000E+9	2.145296000E-5
1.419433333E+9	2.188471000E-5
1.419436667E+9	2.120862000E-5
1.419440000E+9	2.103737000E-5
1.419443333E+9	2.097905000E-5
1.419446667E+9	2.230923000E-5
1.419450000E+9	2.308239000E-5
1.419453333E+9	2.282162000E-5
1.419456667E+9	2.212510000E-5
1.419460000E+9	2.168685000E-5
1.419463333E+9	2.119314000E-5
1.419466667E+9	2.165332000E-5
1.419470000E+9	2.140042000E-5
1.419473333E+9	2.151088000E-5
1.419476667E+9	2.147141000E-5
1.419480000E+9	2.149679000E-5
1.419483333E+9	2.089788000E-5
1.419486667E+9	2.139789000E-5
1.419490000E+9	2.168246000E-5
1.419493333E+9	2.115167000E-5
1.419496667E+9	2.199323000E-5
1.419500000E+9	2.157918000E-5
1.419503333E+9	2.117939000E-5
1.419506667E+9	2.145352000E-5
1.419510000E+9	2.180082000E-5
1.419513333E+9	2.114546000E-5
1.419516667E+9	2.132593000E-5
1.419520000E+9	2.169849000E-5
1.419523333E+9	2.160051000E-5
1.419526667E+9	2.117302000E-5
1.419530000E+9	2.126787000E-5
1.419533333E+9	2.176820000E-5
1.419536667E+9	2.074656000E-5
1.419540000E+9	2.194752000E-5
1.419543333E+9	2.178735000E-5
1.419546667E+9	2.153683000E-5
1.419550000E+9	2.135956000E-5
1.419553333E+9	2.103540000E-5
1.419556667E+9	2.107012000E-5
1.419560000E+9	2.148839000E-5
1.419563333E+9	2.142344000E-5
1.419566667E+9	2.130290000E-5
1.419570000E+9	2.191563000E-5
1.419573333E+9	2.196186000E-5
1.419576667E+9	2.152081000E-5
1.419580000E+9	2.159328000E-5
1.419583333E+9	2.111113000E-5
1.419586667E+9	2.157285000E-5
1.419590000E+9	2.216539000E-5
1.419593333E+9	2.151816000E-5
1.419596667E+9	2.143772000E-5
1.419600000E+9	2.106334000E-5
1.419603333E+9	2.160322000E-5
1.419606667E+9	2.138786000E-5
1.419610000E+9	2.143304000E-5
1.419613333E+9	2.126306000E-5
1.419616667E+9	2.145336000E-5
1.419620000E+9	2.104728000E-5
1.419623333E+9	2.147037000E-5
1.419626667E+9	2.147179000E-5
1.419630000E+9	2.157254000E-5
1.419633333E+9	2.161655000E-5
1.419636667E+9	2.166512000E-5
1.419640000E+9	2.189026000E-5
1.419643333E+9	2.166921000E-5
1.419646667E+9	2.166150000E-5
1.419650000E+9	2.121318000E-5
1.419653333E+9	2.165159000E-5
1.419656667E+9	2.192134000E-5
1.419660000E+9	2.135852000E-5
1.419663333E+9	2.137771000E-5
1.419666667E+9	2.160564000E-5
1.419670000E+9	2.151202000E-5
1.419673333E+9	2.154121000E-5
1.419676667E+9	2.146142000E-5
1.419680000E+9	2.149434000E-5
1.419683333E+9	2.148235000E-5
1.419686667E+9	2.146189000E-5
1.419690000E+9	2.157705000E-5
1.419693333E+9	2.150331000E-5
1.419696667E+9	2.139089000E-5
1.419700000E+9	2.116423000E-5
1.419703333E+9	2.115677000E-5
1.419706667E+9	2.140632000E-5
1.419710000E+9	2.163700000E-5
1.419713333E+9	2.149349000E-5
1.419716667E+9	2.148009000E-5
1.419720000E+9	2.140428000E-5
1.419723333E+9	2.170497000E-5
1.419726667E+9	2.172233000E-5
1.419730000E+9	2.221166000E-5
1.419733333E+9	2.725303000E-5
1.419736667E+9	2.201185000E-5
1.419740000E+9	2.244031000E-5
1.419743333E+9	2.203688000E-5
1.419746667E+9	2.240252000E-5
1.419750000E+9	2.174302000E-5
1.419753333E+9	2.239158000E-5
1.419756667E+9	2.165261000E-5
1.419760000E+9	2.227586000E-5
1.419763333E+9	2.080829000E-5
1.419766667E+9	2.139380000E-5
1.419770000E+9	2.114920000E-5
1.419773333E+9	2.181164000E-5
1.419776667E+9	2.180532000E-5
1.419780000E+9	2.139855000E-5
1.419783333E+9	2.107639000E-5
1.419786667E+9	2.125692000E-5
1.419790000E+9	2.155905000E-5
1.419793333E+9	2.126287000E-5
1.419796667E+9	2.113797000E-5
1.419800000E+9	2.194479000E-5
1.419803333E+9	2.331722000E-5
1.419806667E+9	2.157439000E-5
1.419810000E+9	2.122723000E-5
1.419813333E+9	2.140294000E-5
1.419816667E+9	2.104222000E-5
1.419820000E+9	2.128784000E-5
1.419823333E+9	2.195675000E-5
1.419826667E+9	2.108433000E-5
1.419830000E+9	2.178386000E-5
1.419833333E+9	2.124199000E-5
1.419836667E+9	2.104621000E-5
1.419840000E+9	2.139340000E-5
1.419843333E+9	2.136528000E-5
1.419846667E+9	2.155117000E-5
1.419850000E+9	2.082477000E-5
1.419853333E+9	2.133036000E-5
1.419856667E+9	2.129112000E-5
1.419860000E+9	2.095288000E-5
1.419863333E+9	2.178371000E-5
1.419866667E+9	2.135930000E-5
1.419870000E+9	2.151771000E-5
1.419873333E+9	2.143815000E-5
1.419876667E+9	2.127646000E-5
1.419880000E+9	2.118302000E-5
1.419883333E+9	2.131116000E-5
1.419886667E+9	2.069450000E-5
1.419890000E+9	2.121204000E-5
1.419893333E+9	2.124836000E-5
1.419896667E+9	2.145609000E-5
1.419900000E+9	2.097880000E-5
1.419903333E+9	2.106549000E-5
1.419906667E+9	2.149830000E-5
1.419910000E+9	2.099000000E-5
1.419913333E+9	2.135051000E-5
1.419916667E+9	2.179826000E-5
1.419920000E+9	2.152379000E-5
1.419923333E+9	2.156319000E-5
1.419926667E+9	2.096174000E-5
1.419930000E+9	2.104192000E-5
1.419933333E+9	2.114988000E-5
1.419936667E+9	2.111199000E-5
1.419940000E+9	2.147254000E-5
1.419943333E+9	2.091797000E-5
1.419946667E+9	2.134919000E-5
1.419950000E+9	2.123285000E-5
1.419953333E+9	2.126261000E-5
1.419956667E+9	2.133895000E-5
1.419960000E+9	2.110942000E-5
1.419963333E+9	2.108445000E-5
1.419966667E+9	2.164781000E-5
1.419970000E+9	2.107408000E-5
1.419973333E+9	2.121497000E-5
1.419976667E+9	2.136404000E-5
1.419980000E+9	2.120757000E-5
1.419983333E+9	2.087112000E-5
1.419986667E+9	2.152584000E-5
1.419990000E+9	2.161434000E-5
1.419993333E+9	2.155566000E-5
1.419996667E+9	2.136509000E-5
1.420000000E+9	2.160018000E-5
1.420003333E+9	2.106769000E-5
1.420006667E+9	2.090412000E-5
1.420010000E+9	2.109760000E-5
1.420013333E+9	2.114210000E-5
1.420016667E+9	2.112484000E-5
1.420020000E+9	2.157499000E-5
1.420023333E+9	2.143965000E-5
1.420026667E+9	2.139671000E-5
1.420030000E+9	2.106887000E-5
1.420033333E+9	2.221346000E-5
1.420036667E+9	2.175653000E-5
1.420040000E+9	2.230237000E-5
1.420043333E+9	2.177214000E-5
1.420046667E+9	2.134950000E-5
1.420050000E+9	2.124682000E-5
1.420053333E+9	2.191222000E-5
1.420056667E+9	2.129257000E-5
1.420060000E+9	2.089584000E-5
1.420063333E+9	2.129402000E-5
1.420066667E+9	2.098235000E-5
1.420070000E+9	2.056020000E-5
1.420073333E+9	2.112488000E-5
1.420076667E+9	2.137133000E-5
1.420080000E+9	2.131919000E-5
1.420083333E+9	2.146672000E-5
1.420086667E+9	2.119039000E-5
1.420090000E+9	2.133478000E-5
1.420093333E+9	2.144794000E-5
1.420096667E+9	2.125582000E-5
1.420100000E+9	2.150680000E-5
1.420103333E+9	2.149672000E-5
1.420106667E+9	2.118923000E-5
1.420110000E+9	2.096715000E-5
1.420113333E+9	2.099549000E-5
1.420116667E+9	2.087605000E-5
1.420120000E+9	2.103746000E-5
1.420123333E+9	2.151625000E-5
1.420126667E+9	2.128560000E-5
1.420130000E+9	2.084204000E-5
1.420133333E+9	2.121183000E-5
1.420136667E+9	2.116863000E-5
1.420140000E+9	2.085733000E-5
1.420143333E+9	2.126911000E-5
1.420146667E+9	2.086532000E-5
1.420150000E+9	2.134800000E-5
1.420153333E+9	2.137511000E-5
1.420156667E+9	2.150706000E-5
1.420160000E+9	2.133539000E-5
1.420163333E+9	2.131025000E-5
1.420166667E+9	2.134129000E-5
1.420170000E+9	2.117492000E-5
1.420173333E+9	2.155898000E-5
1.420176667E+9	2.087591000E-5
1.420180000E+9	2.114054000E-5
1.420183333E+9	2.085623000E-5
1.420186667E+9	2.104293000E-5
1.420190000E+9	2.131940000E-5
1.420193333E+9	2.096600000E-5
1.420196667E+9	2.126570000E-5
1.420200000E+9	2.106716000E-5
1.420203333E+9	2.081318000E-5
1.420206667E+9	2.076082000E-5
1.420210000E+9	2.131460000E-5
1.420213333E+9	2.138701000E-5
1.420216667E+9	2.115473000E-5
1.420220000E+9	2.110990000E-5
1.420223333E+9	2.086322000E-5
1.420226667E+9	2.136385000E-5
1.420230000E+9	2.111934000E-5
1.420233333E+9	2.129053000E-5
1.420236667E+9	2.109869000E-5
1.420240000E+9	2.139566000E-5
1.420243333E+9	2.123509000E-5
1.420246667E+9	2.118760000E-5
1.420250000E+9	2.126037000E-5
1.420253333E+9	2.105040000E-5
1.420256667E+9	2.111071000E-5
1.420260000E+9	2.113054000E-5
1.420263333E+9	2.133429000E-5
1.420266667E+9	2.150907000E-5
1.420270000E+9	2.126799000E-5
1.420273333E+9	2.137657000E-5
1.420276667E+9	2.111078000E-5
1.420280000E+9	2.137450000E-5
1.420283333E+9	2.117148000E-5
1.420286667E+9	2.143648000E-5
1.420290000E+9	2.085190000E-5
1.420293333E+9	2.130940000E-5
1.420296667E+9	2.070446000E-5
1.420300000E+9	2.143539000E-5
1.420303333E+9	2.158586000E-5
1.420306667E+9	2.130157000E-5
1.420310000E+9	2.155214000E-5
1.420313333E+9	2.144822000E-5
1.420316667E+9	2.162275000E-5
1.420320000E+9	2.165979000E-5
1.420323333E+9	2.110170000E-5
1.420326667E+9	2.215179000E-5
1.420330000E+9	2.220883000E-5
1.420333333E+9	2.210454000E-5
1.420336667E+9	2.163821000E-5
1.420340000E+9	2.175341000E-5
1.420343333E+9	2.090566000E-5
1.420346667E+9	2.086037000E-5
1.420350000E+9	2.078509000E-5
1.420353333E+9	2.167333000E-5
1.420356667E+9	2.059825000E-5
1.420360000E+9	2.153683000E-5
1.420363333E+9	2.110362000E-5
1.420366667E+9	2.169363000E-5
1.420370000E+9	2.095327000E-5
1.420373333E+9	2.132846000E-5
1.420376667E+9	2.140033000E-5
1.420380000E+9	2.104758000E-5
1.420383333E+9	2.140012000E-5
1.420386667E+9	2.171813000E-5
1.420390000E+9	2.115503000E-5
1.420393333E+9	2.178333000E-5
1.420396667E+9	2.171754000E-5
1.420400000E+9	2.117639000E-5
1.420403333E+9	2.138445000E-5
1.420406667E+9	2.121090000E-5
1.420410000E+9	2.094444000E-5
1.420413333E+9	2.120901000E-5
1.420416667E+9	2.149603000E-5
1.420420000E+9	2.133811000E-5
1.420423333E+9	2.054820000E-5
1.420426667E+9	2.139443000E-5
1.420430000E+9	2.181008000E-5
1.420433333E+9	2.125543000E-5
1.420436667E+9	2.112440000E-5
1.420440000E+9	2.143909000E-5
1.420443333E+9	2.092467000E-5
1.420446667E+9	2.096793000E-5
1.420450000E+9	2.104730000E-5
1.420453333E+9	2.093681000E-5
1.420456667E+9	2.158470000E-5
1.420460000E+9	2.120575000E-5
1.420463333E+9	2.134209000E-5
1.420466667E+9	2.136702000E-5
1.420470000E+9	2.205973000E-5
1.420473333E+9	2.105308000E-5
1.420476667E+9	2.150125000E-5
1.420480000E+9	2.167866000E-5
1.420483333E+9	2.142871000E-5
1.420486667E+9	2.123231000E-5
1.420490000E+9	2.116265000E-5
1.420493333E+9	2.137952000E-5
1.420496667E+9	2.120387000E-5
1.420500000E+9	2.115313000E-5
1.420503333E+9	2.128399000E-5
1.420506667E+9	2.127268000E-5
1.420510000E+9	2.152553000E-5
1.420513333E+9	2.122159000E-5
1.420516667E+9	2.090465000E-5
1.420520000E+9	2.133258000E-5
1.420523333E+9	2.109239000E-5
1.420526667E+9	2.103201000E-5
1.420530000E+9	2.127053000E-5
1.420533333E+9	2.082255000E-5
1.420536667E+9	2.111983000E-5
1.420540000E+9	2.136638000E-5
1.420543333E+9	2.181150000E-5
1.420546667E+9	2.137403000E-5
1.420550000E+9	2.186636000E-5
1.420553333E+9	2.081795000E-5
1.420556667E+9	2.140503000E-5
1.420560000E+9	2.080986000E-5
1.420563333E+9	2.092865000E-5
1.420566667E+9	2.108120000E-5
1.420570000E+9	2.168773000E-5
1.420573333E+9	2.120219000E-5
1.420576667E+9	2.106704000E-5
1.420580000E+9	2.110052000E-5
1.420583333E+9	2.109934000E-5
1.420586667E+9	2.126089000E-5
1.420590000E+9	2.115647000E-5
1.420593333E+9	2.137018000E-5
1.420596667E+9	2.125897000E-5
1.420600000E+9	2.104037000E-5
1.420603333E+9	2.139575000E-5
1.420606667E+9	2.115766000E-5
1.420610000E+9	2.127053000E-5
1.420613333E+9	2.100831000E-5
1.420616667E+9	2.122077000E-5
1.420620000E+9	2.256157000E-5
1.420623333E+9	2.229152000E-5
1.420626667E+9	2.258846000E-5
1.420630000E+9	2.114635000E-5
1.420633333E+9	2.138067000E-5
1.420636667E+9	2.115206000E-5
1.420640000E+9	2.094580000E-5
1.420643333E+9	2.128123000E-5
1.420646667E+9	2.124329000E-5
1.420650000E+9	2.116096000E-5
1.420653333E+9	2.083508000E-5
1.420656667E+9	2.134901000E-5
1.420660000E+9	2.116421000E-5
1.420663333E+9	2.164187000E-5
1.420666667E+9	2.154457000E-5
1.420670000E+9	2.161999000E-5
1.420673333E+9	2.090302000E-5
1.420676667E+9	2.118716000E-5
1.420680000E+9	2.132520000E-5
1.420683333E+9	2.110594000E-5
1.420686667E+9	2.150278000E-5
1.420690000E+9	2.158963000E-5
1.420693333E+9	2.108297000E-5
1.420696667E+9	2.129289000E-5
1.420700000E+9	2.139347000E-5
1.420703333E+9	2.143401000E-5
1.420706667E+9	2.125571000E-5
1.420710000E+9	2.163132000E-5
1.420713333E+9	2.148504000E-5
1.420716667E+9	2.091980000E-5
1.420720000E+9	2.115898000E-5
1.420723333E+9	2.174185000E-5
1.420726667E+9	2.119893000E-5
1.420730000E+9	2.166226000E-5
1.420733333E+9	2.138337000E-5
1.420736667E+9	2.129790000E-5
1.420740000E+9	2.142271000E-5
1.420743333E+9	2.153163000E-5
1.420746667E+9	2.139972000E-5
1.420750000E+9	2.093819000E-5
1.420753333E+9	2.123364000E-5
1.420756667E+9	2.145541000E-5
1.420760000E+9	2.115680000E-5
1.420763333E+9	2.111037000E-5
1.420766667E+9	2.119451000E-5
1.420770000E+9	2.096625000E-5
1.420773333E+9	2.141373000E-5
1.420776667E+9	2.133113000E-5
1.420780000E+9	2.127329000E-5
1.420783333E+9	2.156942000E-5
1.420786667E+9	2.089719000E-5
1.420790000E+9	2.166124000E-5
1.420793333E+9	2.173698000E-5
1.420796667E+9	2.126107000E-5
1.420800000E+9	2.155240000E-5
1.420803333E+9	2.155522000E-5
1.420806667E+9	2.128726000E-5
1.420810000E+9	2.141189000E-5
1.420813333E+9	2.168920000E-5
1.420816667E+9	2.144022000E-5
1.420820000E+9	2.141940000E-5
1.420823333E+9	2.146667000E-5
1.420826667E+9	2.114073000E-5
1.420830000E+9	2.145096000E-5
1.420833333E+9	2.106667000E-5
1.420836667E+9	2.104957000E-5
1.420840000E+9	2.147487000E-5
1.420843333E+9	2.215372000E-5
1.420846667E+9	2.133987000E-5
1.420850000E+9	2.130594000E-5
1.420853333E+9	2.107223000E-5
1.420856667E+9	2.138776000E-5
1.420860000E+9	2.163502000E-5
1.420863333E+9	2.142739000E-5
1.420866667E+9	2.120361000E-5
1.420870000E+9	2.088893000E-5
1.420873333E+9	2.101142000E-5
1.420876667E+9	2.151266000E-5
1.420880000E+9	2.113883000E-5
1.420883333E+9	2.170910000E-5
1.420886667E+9	2.130594000E-5
1.420890000E+9	2.074977000E-5
1.420893333E+9	2.153563000E-5
1.420896667E+9	2.177455000E-5
1.420900000E+9	2.141011000E-5
1.420903333E+9	2.140002000E-5
1.420906667E+9	2.193451000E-5
1.420910000E+9	2.148556000E-5
1.420913333E+9	2.452340000E-5
1.420916667E+9	2.317989000E-5
1.420920000E+9	2.470707000E-5
1.420923333E+9	2.134645000E-5
1.420926667E+9	2.225758000E-5
1.420930000E+9	2.109667000E-5
1.420933333E+9	2.077909000E-5
1.420936667E+9	2.095268000E-5
1.420940000E+9	2.077724000E-5
1.420943333E+9	2.102603000E-5
1.420946667E+9	2.090779000E-5
1.420950000E+9	2.155881000E-5
1.420953333E+9	2.115083000E-5
1.420956667E+9	2.088354000E-5
1.420960000E+9	2.131788000E-5
1.420963333E+9	2.115176000E-5
1.420966667E+9	2.152471000E-5
1.420970000E+9	2.147818000E-5
1.420973333E+9	2.162075000E-5
1.420976667E+9	2.082756000E-5
1.420980000E+9	2.130653000E-5
1.420983333E+9	2.080306000E-5
1.420986667E+9	2.108509000E-5
1.420990000E+9	2.146519000E-5
1.420993333E+9	2.090529000E-5
1.420996667E+9	2.145067000E-5
1.421000000E+9	2.135728000E-5
1.421003333E+9	2.106300000E-5
1.421006667E+9	2.077916000E-5
1.421010000E+9	2.149292000E-5
1.421013333E+9	2.133771000E-5
1.421016667E+9	2.087460000E-5
1.421020000E+9	2.072623000E-5
1.421023333E+9	2.100063000E-5
1.421026667E+9	2.102139000E-5
1.421030000E+9	2.162797000E-5
1.421033333E+9	2.117474000E-5
1.421036667E+9	2.133171000E-5
1.421040000E+9	2.143288000E-5
1.421043333E+9	2.110645000E-5
1.421046667E+9	2.088960000E-5
1.421050000E+9	2.097279000E-5
1.421053333E+9	2.110066000E-5
1.421056667E+9	2.070507000E-5
1.421060000E+9	2.094984000E-5
1.421063333E+9	2.101772000E-5
1.421066667E+9	2.104065000E-5
1.421070000E+9	2.084508000E-5
1.421073333E+9	2.105400000E-5
1.421076667E+9	2.093812000E-5
1.421080000E+9	2.083284000E-5
1.421083333E+9	2.124036000E-5
1.421086667E+9	2.090750000E-5
1.421090000E+9	2.155874000E-5
1.421093333E+9	2.125085000E-5
1.421096667E+9	2.140259000E-5
1.421100000E+9	2.085289000E-5
1.421103333E+9	2.141958000E-5
1.421106667E+9	2.148660000E-5
1.421110000E+9	2.087868000E-5
1.421113333E+9	2.135348000E-5
1.421116667E+9	2.110434000E-5
1.421120000E+9	2.102222000E-5
1.421123333E+9	2.113377000E-5
1.421126667E+9	2.142862000E-5
1.421130000E+9	2.134207000E-5
1.421133333E+9	2.101403000E-5
1.421136667E+9	2.162037000E-5
1.421140000E+9	2.107510000E-5
1.421143333E+9	2.140545000E-5
1.421146667E+9	2.106205000E-5
1.421150000E+9	2.106501000E-5
1.421153333E+9	2.111065000E-5
1.421156667E+9	2.146217000E-5
1.421160000E+9	2.122970000E-5
1.421163333E+9	2.106883000E-5
1.421166667E+9	2.109280000E-5
1.421170000E+9	2.113521000E-5
1.421173333E+9	2.104310000E-5
1.421176667E+9	2.133281000E-5
1.421180000E+9	2.104924000E-5
1.421183333E+9	2.099376000E-5
1.421186667E+9	2.130211000E-5
1.421190000E+9	2.133396000E-5
1.421193333E+9	2.094541000E-5
1.421196667E+9	2.184148000E-5
1.421200000E+9	2.155744000E-5
1.421203333E+9	2.148922000E-5
1.421206667E+9	2.227672000E-5
1.421210000E+9	2.193005000E-5
1.421213333E+9	2.195940000E-5
1.421216667E+9	2.121262000E-5
1.421220000E+9	2.128999000E-5
1.421223333E+9	2.091188000E-5
1.421226667E+9	2.113098000E-5
1.421230000E+9	2.090410000E-5
1.421233333E+9	2.103030000E-5
1.421236667E+9	2.079107000E-5
1.421240000E+9	2.058236000E-5
1.421243333E+9	2.136211000E-5
1.421246667E+9	2.102984000E-5
1.421250000E+9	2.106177000E-5
1.421253333E+9	2.118318000E-5
1.421256667E+9	2.116261000E-5
1.421260000E+9	2.109829000E-5
1.421263333E+9	2.125354000E-5
1.421266667E+9	2.110216000E-5
1.421270000E+9	2.173598000E-5
1.421273333E+9	2.161522000E-5
1.421276667E+9	2.156956000E-5
1.421280000E+9	2.157932000E-5
1.421283333E+9	2.134682000E-5
1.421286667E+9	2.088506000E-5
1.421290000E+9	2.117418000E-5
1.421293333E+9	2.140653000E-5
1.421296667E+9	2.124031000E-5
1.421300000E+9	2.186634000E-5
1.421303333E+9	2.105967000E-5
1.421306667E+9	2.131994000E-5
1.421310000E+9	2.087105000E-5
1.421313333E+9	2.121831000E-5
1.421316667E+9	2.186602000E-5
1.421320000E+9	2.162215000E-5
1.421323333E+9	2.136624000E-5
1.421326667E+9	2.117641000E-5
1.421330000E+9	2.113734000E-5
1.421333333E+9	2.127803000E-5
1.421336667E+9	2.103312000E-5
1.421340000E+9	2.141382000E-5
1.421343333E+9	2.187861000E-5
1.421346667E+9	2.124245000E-5
1.421350000E+9	2.118867000E-5
1.421353333E+9	2.097714000E-5
1.421356667E+9	2.159966000E-5
1.421360000E+9	2.141857000E-5
1.421363333E+9	2.257274000E-5
1.421366667E+9	2.407742000E-5
1.421370000E+9	2.202817000E-5
1.421373333E+9	2.085964000E-5
1.421376667E+9	2.106991000E-5
1.421380000E+9	2.173653000E-5
1.421383333E+9	2.156118000E-5
1.421386667E+9	2.192016000E-5
1.421390000E+9	2.143881000E-5
1.421393333E+9	2.128698000E-5
1.421396667E+9	2.100277000E-5
1.421400000E+9	2.148707000E-5
