Frequency, Hz	Amplitude, Volts
1.419400000E+9	2.172515000E-5
1.419403333E+9	2.206477000E-5
1.419406667E+9	2.217903000E-5
1.419410000E+9	2.198886000E-5
1.419413333E+9	2.218614000E-5
1.419416667E+9	2.204530000E-5
1.419420000E+9	2.195566000E-5
1.419423333E+9	2.184013000E-5
1.419426667E+9	2.186864000E-5
1.419430000E+9	2.177195000E-5
1.419433333E+9	2.341175000E-5
1.419436667E+9	2.259268000E-5
1.419440000E+9	2.230112000E-5
1.419443333E+9	2.211163000E-5
1.419446667E+9	2.338213000E-5
1.419450000E+9	2.541864000E-5
1.419453333E+9	2.937594000E-5
1.419456667E+9	2.585913000E-5
1.419460000E+9	2.316419000E-5
1.419463333E+9	2.315234000E-5
1.419466667E+9	2.172297000E-5
1.419470000E+9	2.165558000E-5
1.419473333E+9	2.177735000E-5
1.419476667E+9	2.175940000E-5
1.419480000E+9	2.226298000E-5
1.419483333E+9	2.163170000E-5
1.419486667E+9	2.208826000E-5
1.419490000E+9	2.219486000E-5
1.419493333E+9	2.190560000E-5
1.419496667E+9	2.154648000E-5
1.419500000E+9	2.217289000E-5
1.419503333E+9	2.194274000E-5
1.419506667E+9	2.181830000E-5
1.419510000E+9	2.149094000E-5
1.419513333E+9	2.175176000E-5
1.419516667E+9	2.216016000E-5
1.419520000E+9	2.226569000E-5
1.419523333E+9	2.155122000E-5
1.419526667E+9	2.217776000E-5
1.419530000E+9	2.176996000E-5
1.419533333E+9	2.221844000E-5
1.419536667E+9	2.178398000E-5
1.419540000E+9	2.209047000E-5
1.419543333E+9	2.183227000E-5
1.419546667E+9	2.157548000E-5
1.419550000E+9	2.188322000E-5
1.419553333E+9	2.171656000E-5
1.419556667E+9	2.156710000E-5
1.419560000E+9	2.191036000E-5
1.419563333E+9	2.131341000E-5
1.419566667E+9	2.141041000E-5
1.419570000E+9	2.200390000E-5
1.419573333E+9	2.182506000E-5
1.419576667E+9	2.148700000E-5
1.419580000E+9	2.193138000E-5
1.419583333E+9	2.170636000E-5
1.419586667E+9	2.165475000E-5
1.419590000E+9	2.150869000E-5
1.419593333E+9	2.173182000E-5
1.419596667E+9	2.182022000E-5
1.419600000E+9	2.146728000E-5
1.419603333E+9	2.163583000E-5
1.419606667E+9	2.175376000E-5
1.419610000E+9	2.182714000E-5
1.419613333E+9	2.215508000E-5
1.419616667E+9	2.192114000E-5
1.419620000E+9	2.167482000E-5
1.419623333E+9	2.203647000E-5
1.419626667E+9	2.191385000E-5
1.419630000E+9	2.147777000E-5
1.419633333E+9	2.169447000E-5
1.419636667E+9	2.187330000E-5
1.419640000E+9	2.190620000E-5
1.419643333E+9	2.189170000E-5
1.419646667E+9	2.208557000E-5
1.419650000E+9	2.194908000E-5
1.419653333E+9	2.160630000E-5
1.419656667E+9	2.211061000E-5
1.419660000E+9	2.179855000E-5
1.419663333E+9	2.194103000E-5
1.419666667E+9	2.156516000E-5
1.419670000E+9	2.147287000E-5
1.419673333E+9	2.165682000E-5
1.419676667E+9	2.213436000E-5
1.419680000E+9	2.189002000E-5
1.419683333E+9	2.133570000E-5
1.419686667E+9	2.141208000E-5
1.419690000E+9	2.101034000E-5
1.419693333E+9	2.189755000E-5
1.419696667E+9	2.184870000E-5
1.419700000E+9	2.161705000E-5
1.419703333E+9	2.150019000E-5
1.419706667E+9	2.169047000E-5
1.419710000E+9	2.167785000E-5
1.419713333E+9	2.197341000E-5
1.419716667E+9	2.188978000E-5
1.419720000E+9	2.158870000E-5
1.419723333E+9	2.186374000E-5
1.419726667E+9	2.342548000E-5
1.419730000E+9	2.291145000E-5
1.419733333E+9	2.291860000E-5
1.419736667E+9	2.181119000E-5
1.419740000E+9	2.374307000E-5
1.419743333E+9	2.497499000E-5
1.419746667E+9	3.057153000E-5
1.419750000E+9	2.467898000E-5
1.419753333E+9	2.338552000E-5
1.419756667E+9	2.270884000E-5
1.419760000E+9	2.160998000E-5
1.419763333E+9	2.163897000E-5
1.419766667E+9	2.147787000E-5
1.419770000E+9	2.155694000E-5
1.419773333E+9	2.206649000E-5
1.419776667E+9	2.185618000E-5
1.419780000E+9	2.193376000E-5
1.419783333E+9	2.185952000E-5
1.419786667E+9	2.212758000E-5
1.419790000E+9	2.264808000E-5
1.419793333E+9	2.300343000E-5
1.419796667E+9	2.175990000E-5
1.419800000E+9	2.136061000E-5
1.419803333E+9	2.158719000E-5
1.419806667E+9	2.158882000E-5
1.419810000E+9	2.164227000E-5
1.419813333E+9	2.185693000E-5
1.419816667E+9	2.176745000E-5
1.419820000E+9	2.179893000E-5
1.419823333E+9	2.171637000E-5
1.419826667E+9	2.172634000E-5
1.419830000E+9	2.189911000E-5
1.419833333E+9	2.194595000E-5
1.419836667E+9	2.168806000E-5
1.419840000E+9	2.147289000E-5
1.419843333E+9	2.193429000E-5
1.419846667E+9	2.114591000E-5
1.419850000E+9	2.160917000E-5
1.419853333E+9	2.172460000E-5
1.419856667E+9	2.130299000E-5
1.419860000E+9	2.146740000E-5
1.419863333E+9	2.199992000E-5
1.419866667E+9	2.207934000E-5
1.419870000E+9	2.170009000E-5
1.419873333E+9	2.120405000E-5
1.419876667E+9	2.175383000E-5
1.419880000E+9	2.173423000E-5
1.419883333E+9	2.175455000E-5
1.419886667E+9	2.139016000E-5
1.419890000E+9	2.165779000E-5
1.419893333E+9	2.162536000E-5
1.419896667E+9	2.186795000E-5
1.419900000E+9	2.207051000E-5
1.419903333E+9	2.174025000E-5
1.419906667E+9	2.166826000E-5
1.419910000E+9	2.174288000E-5
1.419913333E+9	2.173388000E-5
1.419916667E+9	2.183289000E-5
1.419920000E+9	2.135548000E-5
1.419923333E+9	2.175813000E-5
1.419926667E+9	2.142619000E-5
1.419930000E+9	2.164854000E-5
1.419933333E+9	2.142485000E-5
1.419936667E+9	2.169120000E-5
1.419940000E+9	2.181155000E-5
1.419943333E+9	2.192097000E-5
1.419946667E+9	2.117255000E-5
1.419950000E+9	2.166616000E-5
1.419953333E+9	2.167659000E-5
1.419956667E+9	2.153409000E-5
1.419960000E+9	2.213728000E-5
1.419963333E+9	2.146999000E-5
1.419966667E+9	2.183579000E-5
1.419970000E+9	2.171835000E-5
1.419973333E+9	2.211942000E-5
1.419976667E+9	2.219608000E-5
1.419980000E+9	2.324475000E-5
1.419983333E+9	2.170273000E-5
1.419986667E+9	2.179228000E-5
1.419990000E+9	2.137150000E-5
1.419993333E+9	2.141046000E-5
1.419996667E+9	2.164341000E-5
1.420000000E+9	2.210677000E-5
1.420003333E+9	2.261980000E-5
1.420006667E+9	2.177855000E-5
1.420010000E+9	2.166871000E-5
1.420013333E+9	2.168978000E-5
1.420016667E+9	2.138307000E-5
1.420020000E+9	2.328948000E-5
1.420023333E+9	2.178909000E-5
1.420026667E+9	2.191465000E-5
1.420030000E+9	2.196849000E-5
1.420033333E+9	2.389559000E-5
1.420036667E+9	2.472857000E-5
1.420040000E+9	3.074830000E-5
1.420043333E+9	2.359914000E-5
1.420046667E+9	2.288782000E-5
1.420050000E+9	2.222220000E-5
1.420053333E+9	2.216223000E-5
1.420056667E+9	2.171914000E-5
1.420060000E+9	2.156594000E-5
1.420063333E+9	2.191744000E-5
1.420066667E+9	2.144686000E-5
1.420070000E+9	2.124194000E-5
1.420073333E+9	2.134682000E-5
1.420076667E+9	2.098608000E-5
1.420080000E+9	2.149613000E-5
1.420083333E+9	2.167107000E-5
1.420086667E+9	2.149707000E-5
1.420090000E+9	2.177286000E-5
1.420093333E+9	2.170855000E-5
1.420096667E+9	2.168263000E-5
1.420100000E+9	2.139591000E-5
1.420103333E+9	2.146142000E-5
1.420106667E+9	2.178685000E-5
1.420110000E+9	2.145840000E-5
1.420113333E+9	2.122215000E-5
1.420116667E+9	2.138492000E-5
1.420120000E+9	2.130117000E-5
1.420123333E+9	2.149717000E-5
1.420126667E+9	2.181540000E-5
1.420130000E+9	2.165969000E-5
1.420133333E+9	2.155732000E-5
1.420136667E+9	2.146387000E-5
1.420140000E+9	2.180980000E-5
1.420143333E+9	2.207020000E-5
1.420146667E+9	2.160376000E-5
1.420150000E+9	2.159662000E-5
1.420153333E+9	2.168592000E-5
1.420156667E+9	2.139016000E-5
1.420160000E+9	2.116117000E-5
1.420163333E+9	2.140588000E-5
1.420166667E+9	2.162424000E-5
1.420170000E+9	2.167787000E-5
1.420173333E+9	2.125396000E-5
1.420176667E+9	2.141241000E-5
1.420180000E+9	2.167364000E-5
1.420183333E+9	2.135067000E-5
1.420186667E+9	2.137234000E-5
1.420190000E+9	2.168439000E-5
1.420193333E+9	2.161779000E-5
1.420196667E+9	2.178945000E-5
1.420200000E+9	2.155997000E-5
1.420203333E+9	2.122350000E-5
1.420206667E+9	2.136535000E-5
1.420210000E+9	2.117644000E-5
1.420213333E+9	2.142826000E-5
1.420216667E+9	2.154570000E-5
1.420220000E+9	2.161437000E-5
1.420223333E+9	2.157153000E-5
1.420226667E+9	2.217815000E-5
1.420230000E+9	2.207313000E-5
1.420233333E+9	2.132157000E-5
1.420236667E+9	2.126560000E-5
1.420240000E+9	2.160310000E-5
1.420243333E+9	2.169409000E-5
1.420246667E+9	2.198417000E-5
1.420250000E+9	2.205886000E-5
1.420253333E+9	2.191599000E-5
1.420256667E+9	2.219145000E-5
1.420260000E+9	2.154497000E-5
1.420263333E+9	2.167364000E-5
1.420266667E+9	2.249545000E-5
1.420270000E+9	2.173509000E-5
1.420273333E+9	2.162301000E-5
1.420276667E+9	2.119498000E-5
1.420280000E+9	2.118697000E-5
1.420283333E+9	2.137685000E-5
1.420286667E+9	2.161292000E-5
1.420290000E+9	2.178390000E-5
1.420293333E+9	2.154395000E-5
1.420296667E+9	2.157179000E-5
1.420300000E+9	2.154809000E-5
1.420303333E+9	2.152475000E-5
1.420306667E+9	2.137929000E-5
1.420310000E+9	2.210260000E-5
1.420313333E+9	2.251336000E-5
1.420316667E+9	2.157418000E-5
1.420320000E+9	2.154197000E-5
1.420323333E+9	2.157492000E-5
1.420326667E+9	2.442548000E-5
1.420330000E+9	2.453385000E-5
1.420333333E+9	3.154201000E-5
1.420336667E+9	2.321048000E-5
1.420340000E+9	2.263638000E-5
1.420343333E+9	2.209629000E-5
1.420346667E+9	2.170257000E-5
1.420350000E+9	2.225230000E-5
1.420353333E+9	2.143311000E-5
1.420356667E+9	2.171103000E-5
1.420360000E+9	2.179467000E-5
1.420363333E+9	2.155467000E-5
1.420366667E+9	2.172052000E-5
1.420370000E+9	2.151977000E-5
1.420373333E+9	2.178012000E-5
1.420376667E+9	2.140555000E-5
1.420380000E+9	2.168616000E-5
1.420383333E+9	2.149247000E-5
1.420386667E+9	2.167249000E-5
1.420390000E+9	2.156741000E-5
1.420393333E+9	2.168825000E-5
1.420396667E+9	2.136626000E-5
1.420400000E+9	2.122846000E-5
1.420403333E+9	2.215598000E-5
1.420406667E+9	2.185981000E-5
1.420410000E+9	2.185717000E-5
1.420413333E+9	2.146721000E-5
1.420416667E+9	2.128350000E-5
1.420420000E+9	2.127681000E-5
1.420423333E+9	2.209753000E-5
1.420426667E+9	2.142382000E-5
1.420430000E+9	2.162073000E-5
1.420433333E+9	2.153485000E-5
1.420436667E+9	2.222088000E-5
1.420440000E+9	2.143815000E-5
1.420443333E+9	2.159278000E-5
1.420446667E+9	2.158553000E-5
1.420450000E+9	2.183719000E-5
1.420453333E+9	2.181547000E-5
1.420456667E+9	2.150113000E-5
1.420460000E+9	2.194359000E-5
1.420463333E+9	2.175845000E-5
1.420466667E+9	2.171422000E-5
1.420470000E+9	2.173846000E-5
1.420473333E+9	2.184061000E-5
1.420476667E+9	2.173080000E-5
1.420480000E+9	2.195383000E-5
1.420483333E+9	2.160637000E-5
1.420486667E+9	2.146446000E-5
1.420490000E+9	2.181020000E-5
1.420493333E+9	2.165458000E-5
1.420496667E+9	2.193925000E-5
1.420500000E+9	2.167397000E-5
1.420503333E+9	2.121623000E-5
1.420506667E+9	2.166400000E-5
1.420510000E+9	2.213670000E-5
1.420513333E+9	2.162787000E-5
1.420516667E+9	2.173698000E-5
1.420520000E+9	2.150319000E-5
1.420523333E+9	2.160946000E-5
1.420526667E+9	2.141796000E-5
1.420530000E+9	2.150647000E-5
1.420533333E+9	2.162519000E-5
1.420536667E+9	2.140522000E-5
1.420540000E+9	2.164244000E-5
1.420543333E+9	2.136035000E-5
1.420546667E+9	2.113217000E-5
1.420550000E+9	2.142854000E-5
1.420553333E+9	2.141194000E-5
1.420556667E+9	2.165827000E-5
1.420560000E+9	2.141008000E-5
1.420563333E+9	2.145918000E-5
1.420566667E+9	2.189288000E-5
1.420570000E+9	2.139587000E-5
1.420573333E+9	2.137429000E-5
1.420576667E+9	2.146361000E-5
1.420580000E+9	2.155379000E-5
1.420583333E+9	2.136465000E-5
1.420586667E+9	2.144898000E-5
1.420590000E+9	2.153099000E-5
1.420593333E+9	2.141326000E-5
1.420596667E+9	2.124966000E-5
1.420600000E+9	2.149122000E-5
1.420603333E+9	2.164538000E-5
1.420606667E+9	2.329066000E-5
1.420610000E+9	2.189250000E-5
1.420613333E+9	2.197976000E-5
1.420616667E+9	2.168601000E-5
1.420620000E+9	2.655689000E-5
1.420623333E+9	2.723655000E-5
1.420626667E+9	3.733165000E-5
1.420630000E+9	2.286087000E-5
1.420633333E+9	2.352280000E-5
1.420636667E+9	2.170550000E-5
1.420640000E+9	2.163564000E-5
1.420643333E+9	2.136504000E-5
1.420646667E+9	2.197635000E-5
1.420650000E+9	2.108111000E-5
1.420653333E+9	2.115819000E-5
1.420656667E+9	2.141039000E-5
1.420660000E+9	2.124712000E-5
1.420663333E+9	2.177388000E-5
1.420666667E+9	2.162339000E-5
1.420670000E+9	2.168806000E-5
1.420673333E+9	2.150118000E-5
1.420676667E+9	2.179259000E-5
1.420680000E+9	2.167349000E-5
1.420683333E+9	2.181466000E-5
1.420686667E+9	2.142196000E-5
1.420690000E+9	2.139112000E-5
1.420693333E+9	2.186797000E-5
1.420696667E+9	2.171735000E-5
1.420700000E+9	2.157671000E-5
1.420703333E+9	2.125680000E-5
1.420706667E+9	2.093775000E-5
1.420710000E+9	2.127310000E-5
1.420713333E+9	2.137980000E-5
1.420716667E+9	2.091918000E-5
1.420720000E+9	2.167878000E-5
1.420723333E+9	2.154213000E-5
1.420726667E+9	2.127941000E-5
1.420730000E+9	2.126841000E-5
1.420733333E+9	2.153289000E-5
1.420736667E+9	2.179797000E-5
1.420740000E+9	2.169663000E-5
1.420743333E+9	2.144691000E-5
1.420746667E+9	2.171947000E-5
1.420750000E+9	2.140266000E-5
1.420753333E+9	2.179831000E-5
1.420756667E+9	2.149925000E-5
1.420760000E+9	2.153386000E-5
1.420763333E+9	2.155157000E-5
1.420766667E+9	2.122968000E-5
1.420770000E+9	2.135395000E-5
1.420773333E+9	2.167768000E-5
1.420776667E+9	2.132097000E-5
1.420780000E+9	2.181145000E-5
1.420783333E+9	2.136406000E-5
1.420786667E+9	2.128761000E-5
1.420790000E+9	2.156660000E-5
1.420793333E+9	2.174662000E-5
1.420796667E+9	2.154831000E-5
1.420800000E+9	2.146285000E-5
1.420803333E+9	2.127368000E-5
1.420806667E+9	2.156857000E-5
1.420810000E+9	2.311371000E-5
1.420813333E+9	2.148525000E-5
1.420816667E+9	2.137647000E-5
1.420820000E+9	2.152693000E-5
1.420823333E+9	2.148112000E-5
1.420826667E+9	2.140306000E-5
1.420830000E+9	2.165622000E-5
1.420833333E+9	2.157427000E-5
1.420836667E+9	2.813512000E-5
1.420840000E+9	3.451878000E-5
1.420843333E+9	2.200185000E-5
1.420846667E+9	2.178603000E-5
1.420850000E+9	2.174526000E-5
1.420853333E+9	2.137682000E-5
1.420856667E+9	2.160675000E-5
1.420860000E+9	2.147318000E-5
1.420863333E+9	2.141133000E-5
1.420866667E+9	2.313090000E-5
1.420870000E+9	2.242172000E-5
1.420873333E+9	2.148341000E-5
1.420876667E+9	2.186355000E-5
1.420880000E+9	2.177793000E-5
1.420883333E+9	2.279485000E-5
1.420886667E+9	2.200796000E-5
1.420890000E+9	2.132038000E-5
1.420893333E+9	2.169159000E-5
1.420896667E+9	2.392841000E-5
1.420900000E+9	2.564340000E-5
1.420903333E+9	2.200990000E-5
1.420906667E+9	2.189795000E-5
1.420910000E+9	2.197877000E-5
1.420913333E+9	3.480611000E-5
1.420916667E+9	3.936091000E-5
1.420920000E+9	5.845188000E-5
1.420923333E+9	2.437803000E-5
1.420926667E+9	2.794253000E-5
1.420930000E+9	2.231417000E-5
1.420933333E+9	2.162462000E-5
1.420936667E+9	2.159966000E-5
1.420940000E+9	2.160912000E-5
1.420943333E+9	2.160808000E-5
1.420946667E+9	2.191804000E-5
1.420950000E+9	2.136436000E-5
1.420953333E+9	2.154795000E-5
1.420956667E+9	2.157546000E-5
1.420960000E+9	2.151240000E-5
1.420963333E+9	2.148999000E-5
1.420966667E+9	2.146980000E-5
1.420970000E+9	2.136113000E-5
1.420973333E+9	2.156234000E-5
1.420976667E+9	2.198758000E-5
1.420980000E+9	2.123338000E-5
1.420983333E+9	2.208377000E-5
1.420986667E+9	2.181899000E-5
1.420990000E+9	2.195453000E-5
1.420993333E+9	2.184059000E-5
1.420996667E+9	2.146698000E-5
1.421000000E+9	2.133984000E-5
1.421003333E+9	2.152211000E-5
1.421006667E+9	2.169876000E-5
1.421010000E+9	2.188440000E-5
1.421013333E+9	2.134879000E-5
1.421016667E+9	2.134040000E-5
1.421020000E+9	2.143735000E-5
1.421023333E+9	2.134352000E-5
1.421026667E+9	2.149521000E-5
1.421030000E+9	2.145041000E-5
1.421033333E+9	2.143787000E-5
1.421036667E+9	2.171525000E-5
1.421040000E+9	2.176755000E-5
1.421043333E+9	2.188618000E-5
1.421046667E+9	2.121353000E-5
1.421050000E+9	2.145972000E-5
1.421053333E+9	2.142419000E-5
1.421056667E+9	2.143692000E-5
1.421060000E+9	2.143502000E-5
1.421063333E+9	2.128691000E-5
1.421066667E+9	2.151672000E-5
1.421070000E+9	2.143784000E-5
1.421073333E+9	2.138549000E-5
1.421076667E+9	2.126546000E-5
1.421080000E+9	2.129762000E-5
1.421083333E+9	2.129561000E-5
1.421086667E+9	2.151618000E-5
1.421090000E+9	2.117046000E-5
1.421093333E+9	2.130381000E-5
1.421096667E+9	2.133232000E-5
1.421100000E+9	2.147730000E-5
1.421103333E+9	2.147973000E-5
1.421106667E+9	2.114788000E-5
1.421110000E+9	2.137818000E-5
1.421113333E+9	2.137283000E-5
1.421116667E+9	2.128008000E-5
1.421120000E+9	2.163412000E-5
1.421123333E+9	2.160682000E-5
1.421126667E+9	2.170609000E-5
1.421130000E+9	2.154454000E-5
1.421133333E+9	2.143598000E-5
1.421136667E+9	2.112219000E-5
1.421140000E+9	2.158809000E-5
1.421143333E+9	2.142464000E-5
1.421146667E+9	2.108058000E-5
1.421150000E+9	2.148693000E-5
1.421153333E+9	2.153731000E-5
1.421156667E+9	2.158657000E-5
1.421160000E+9	2.119777000E-5
1.421163333E+9	2.165066000E-5
1.421166667E+9	2.198055000E-5
1.421170000E+9	2.139030000E-5
1.421173333E+9	2.155810000E-5
1.421176667E+9	2.193677000E-5
1.421180000E+9	2.242184000E-5
1.421183333E+9	2.182304000E-5
1.421186667E+9	2.174887000E-5
1.421190000E+9	2.184114000E-5
1.421193333E+9	2.203059000E-5
1.421196667E+9	2.114194000E-5
1.421200000E+9	2.145397000E-5
1.421203333E+9	2.196027000E-5
1.421206667E+9	2.683398000E-5
1.421210000E+9	2.945963000E-5
1.421213333E+9	3.664236000E-5
1.421216667E+9	2.272705000E-5
1.421220000E+9	2.365837000E-5
1.421223333E+9	2.192687000E-5
1.421226667E+9	2.150956000E-5
1.421230000E+9	2.187904000E-5
1.421233333E+9	2.146281000E-5
1.421236667E+9	2.132214000E-5
1.421240000E+9	2.134418000E-5
1.421243333E+9	2.165506000E-5
1.421246667E+9	2.149568000E-5
1.421250000E+9	2.171670000E-5
1.421253333E+9	2.177783000E-5
1.421256667E+9	2.097528000E-5
1.421260000E+9	2.136042000E-5
1.421263333E+9	2.154686000E-5
1.421266667E+9	2.162106000E-5
1.421270000E+9	2.111484000E-5
1.421273333E+9	2.177207000E-5
1.421276667E+9	2.138476000E-5
1.421280000E+9	2.116972000E-5
1.421283333E+9	2.182786000E-5
1.421286667E+9	2.154963000E-5
1.421290000E+9	2.153142000E-5
1.421293333E+9	2.187282000E-5
1.421296667E+9	2.203269000E-5
1.421300000E+9	2.209612000E-5
1.421303333E+9	2.158337000E-5
1.421306667E+9	2.116460000E-5
1.421310000E+9	2.205954000E-5
1.421313333E+9	2.183244000E-5
1.421316667E+9	2.197269000E-5
1.421320000E+9	2.203069000E-5
1.421323333E+9	2.168682000E-5
1.421326667E+9	2.178199000E-5
1.421330000E+9	2.199494000E-5
1.421333333E+9	2.212795000E-5
1.421336667E+9	2.238118000E-5
1.421340000E+9	2.231795000E-5
1.421343333E+9	2.527182000E-5
1.421346667E+9	2.428253000E-5
1.421350000E+9	2.228066000E-5
1.421353333E+9	2.229799000E-5
1.421356667E+9	2.212804000E-5
1.421360000E+9	2.206976000E-5
1.421363333E+9	2.300136000E-5
1.421366667E+9	2.493334000E-5
1.421370000E+9	2.253127000E-5
1.421373333E+9	2.179570000E-5
1.421376667E+9	2.175188000E-5
1.421380000E+9	2.204777000E-5
1.421383333E+9	2.182458000E-5
1.421386667E+9	2.188993000E-5
1.421390000E+9	2.162887000E-5
1.421393333E+9	2.225628000E-5
1.421396667E+9	2.169440000E-5
1.421400000E+9	2.164648000E-5
