Frequency, Hz	Amplitude, Volts
1.419400000E+9	1.511556000E-5
1.419403333E+9	1.547336000E-5
1.419406667E+9	1.507762000E-5
1.419410000E+9	1.530964000E-5
1.419413333E+9	1.628462000E-5
1.419416667E+9	1.578814000E-5
1.419420000E+9	1.550227000E-5
1.419423333E+9	1.559778000E-5
1.419426667E+9	1.559305000E-5
1.419430000E+9	1.541154000E-5
1.419433333E+9	1.526812000E-5
1.419436667E+9	1.530269000E-5
1.419440000E+9	1.548999000E-5
1.419443333E+9	1.498913000E-5
1.419446667E+9	1.516803000E-5
1.419450000E+9	1.579046000E-5
1.419453333E+9	1.542827000E-5
1.419456667E+9	1.549550000E-5
1.419460000E+9	1.525655000E-5
1.419463333E+9	1.505413000E-5
1.419466667E+9	1.543737000E-5
1.419470000E+9	1.529212000E-5
1.419473333E+9	1.536517000E-5
1.419476667E+9	1.533902000E-5
1.419480000E+9	1.518368000E-5
1.419483333E+9	1.537435000E-5
1.419486667E+9	1.537521000E-5
1.419490000E+9	1.540776000E-5
1.419493333E+9	1.573313000E-5
1.419496667E+9	1.551024000E-5
1.419500000E+9	1.530146000E-5
1.419503333E+9	1.525416000E-5
1.419506667E+9	1.527258000E-5
1.419510000E+9	1.529919000E-5
1.419513333E+9	1.530410000E-5
1.419516667E+9	1.512197000E-5
1.419520000E+9	1.536856000E-5
1.419523333E+9	1.522272000E-5
1.419526667E+9	1.505481000E-5
1.419530000E+9	1.565171000E-5
1.419533333E+9	1.540576000E-5
1.419536667E+9	1.552832000E-5
1.419540000E+9	1.538176000E-5
1.419543333E+9	1.535582000E-5
1.419546667E+9	1.540709000E-5
1.419550000E+9	1.529271000E-5
1.419553333E+9	1.544305000E-5
1.419556667E+9	1.537131000E-5
1.419560000E+9	1.539244000E-5
1.419563333E+9	1.550578000E-5
1.419566667E+9	1.555718000E-5
1.419570000E+9	1.525779000E-5
1.419573333E+9	1.514981000E-5
1.419576667E+9	1.491896000E-5
1.419580000E+9	1.569236000E-5
1.419583333E+9	1.526335000E-5
1.419586667E+9	1.522157000E-5
1.419590000E+9	1.515934000E-5
1.419593333E+9	1.562349000E-5
1.419596667E+9	1.532148000E-5
1.419600000E+9	1.520925000E-5
1.419603333E+9	1.556360000E-5
1.419606667E+9	1.548327000E-5
1.419610000E+9	1.502523000E-5
1.419613333E+9	1.524279000E-5
1.419616667E+9	1.537874000E-5
1.419620000E+9	1.545226000E-5
1.419623333E+9	1.545095000E-5
1.419626667E+9	1.537961000E-5
1.419630000E+9	1.523984000E-5
1.419633333E+9	1.537808000E-5
1.419636667E+9	1.547397000E-5
1.419640000E+9	1.534192000E-5
1.419643333E+9	1.555888000E-5
1.419646667E+9	1.533087000E-5
1.419650000E+9	1.548835000E-5
1.419653333E+9	1.522618000E-5
1.419656667E+9	1.541451000E-5
1.419660000E+9	1.555099000E-5
1.419663333E+9	1.521243000E-5
1.419666667E+9	1.552811000E-5
1.419670000E+9	1.506991000E-5
1.419673333E+9	1.522924000E-5
1.419676667E+9	1.519276000E-5
1.419680000E+9	1.538081000E-5
1.419683333E+9	1.523156000E-5
1.419686667E+9	1.537673000E-5
1.419690000E+9	1.513851000E-5
1.419693333E+9	1.533198000E-5
1.419696667E+9	1.523822000E-5
1.419700000E+9	1.532211000E-5
1.419703333E+9	1.518028000E-5
1.419706667E+9	1.536943000E-5
1.419710000E+9	1.557134000E-5
1.419713333E+9	1.514889000E-5
1.419716667E+9	1.557199000E-5
1.419720000E+9	1.522235000E-5
1.419723333E+9	1.530072000E-5
1.419726667E+9	1.521757000E-5
1.419730000E+9	1.501747000E-5
1.419733333E+9	1.573962000E-5
1.419736667E+9	1.554915000E-5
1.419740000E+9	1.551409000E-5
1.419743333E+9	1.547163000E-5
1.419746667E+9	1.521567000E-5
1.419750000E+9	1.543952000E-5
1.419753333E+9	1.580850000E-5
1.419756667E+9	1.537284000E-5
1.419760000E+9	1.544091000E-5
1.419763333E+9	1.527697000E-5
1.419766667E+9	1.510305000E-5
1.419770000E+9	1.594186000E-5
1.419773333E+9	1.527980000E-5
1.419776667E+9	1.534994000E-5
1.419780000E+9	1.536790000E-5
1.419783333E+9	1.594797000E-5
1.419786667E+9	1.559314000E-5
1.419790000E+9	1.514284000E-5
1.419793333E+9	1.542631000E-5
1.419796667E+9	1.537164000E-5
1.419800000E+9	1.517701000E-5
1.419803333E+9	1.525642000E-5
1.419806667E+9	1.548927000E-5
1.419810000E+9	1.492962000E-5
1.419813333E+9	1.528420000E-5
1.419816667E+9	1.547143000E-5
1.419820000E+9	1.546677000E-5
1.419823333E+9	1.575191000E-5
1.419826667E+9	1.540378000E-5
1.419830000E+9	1.556404000E-5
1.419833333E+9	1.516990000E-5
1.419836667E+9	1.504243000E-5
1.419840000E+9	1.521851000E-5
1.419843333E+9	1.535208000E-5
1.419846667E+9	1.552211000E-5
1.419850000E+9	1.523862000E-5
1.419853333E+9	1.526711000E-5
1.419856667E+9	1.520949000E-5
1.419860000E+9	1.536041000E-5
1.419863333E+9	1.552501000E-5
1.419866667E+9	1.518988000E-5
1.419870000E+9	1.520942000E-5
1.419873333E+9	1.539260000E-5
1.419876667E+9	1.514683000E-5
1.419880000E+9	1.513539000E-5
1.419883333E+9	1.525004000E-5
1.419886667E+9	1.546137000E-5
1.419890000E+9	1.514836000E-5
1.419893333E+9	1.528428000E-5
1.419896667E+9	1.526812000E-5
1.419900000E+9	1.537551000E-5
1.419903333E+9	1.572114000E-5
1.419906667E+9	1.540490000E-5
1.419910000E+9	1.528397000E-5
1.419913333E+9	1.547963000E-5
1.419916667E+9	1.534576000E-5
1.419920000E+9	1.493756000E-5
1.419923333E+9	1.526349000E-5
1.419926667E+9	1.539639000E-5
1.419930000E+9	1.512001000E-5
1.419933333E+9	1.524634000E-5
1.419936667E+9	1.512448000E-5
1.419940000E+9	1.551451000E-5
1.419943333E+9	1.551709000E-5
1.419946667E+9	1.538382000E-5
1.419950000E+9	1.562857000E-5
1.419953333E+9	1.522341000E-5
1.419956667E+9	1.541016000E-5
1.419960000E+9	1.539943000E-5
1.419963333E+9	1.576693000E-5
1.419966667E+9	1.532926000E-5
1.419970000E+9	1.532672000E-5
1.419973333E+9	1.545070000E-5
1.419976667E+9	1.524972000E-5
1.419980000E+9	1.664005000E-5
1.419983333E+9	1.531703000E-5
1.419986667E+9	1.513559000E-5
1.419990000E+9	1.548271000E-5
1.419993333E+9	1.586271000E-5
1.419996667E+9	1.522033000E-5
1.420000000E+9	1.661068000E-5
1.420003333E+9	1.692542000E-5
1.420006667E+9	1.518543000E-5
1.420010000E+9	1.523044000E-5
1.420013333E+9	1.554850000E-5
1.420016667E+9	1.531962000E-5
1.420020000E+9	1.544522000E-5
1.420023333E+9	1.550537000E-5
1.420026667E+9	1.509573000E-5
1.420030000E+9	1.512414000E-5
1.420033333E+9	1.558191000E-5
1.420036667E+9	1.574313000E-5
1.420040000E+9	1.573753000E-5
1.420043333E+9	1.539646000E-5
1.420046667E+9	1.521340000E-5
1.420050000E+9	1.505195000E-5
1.420053333E+9	1.587639000E-5
1.420056667E+9	1.514771000E-5
1.420060000E+9	1.533422000E-5
1.420063333E+9	1.515448000E-5
1.420066667E+9	1.523528000E-5
1.420070000E+9	1.532884000E-5
1.420073333E+9	1.537830000E-5
1.420076667E+9	1.546001000E-5
1.420080000E+9	1.514811000E-5
1.420083333E+9	1.521998000E-5
1.420086667E+9	1.539844000E-5
1.420090000E+9	1.528710000E-5
1.420093333E+9	1.522292000E-5
1.420096667E+9	1.516796000E-5
1.420100000E+9	1.530255000E-5
1.420103333E+9	1.544444000E-5
1.420106667E+9	1.533867000E-5
1.420110000E+9	1.504610000E-5
1.420113333E+9	1.489887000E-5
1.420116667E+9	1.518493000E-5
1.420120000E+9	1.544644000E-5
1.420123333E+9	1.540434000E-5
1.420126667E+9	1.529130000E-5
1.420130000E+9	1.523018000E-5
1.420133333E+9	1.541148000E-5
1.420136667E+9	1.506549000E-5
1.420140000E+9	1.508462000E-5
1.420143333E+9	1.524406000E-5
1.420146667E+9	1.544283000E-5
1.420150000E+9	1.543586000E-5
1.420153333E+9	1.535252000E-5
1.420156667E+9	1.565216000E-5
1.420160000E+9	1.485944000E-5
1.420163333E+9	1.556945000E-5
1.420166667E+9	1.499190000E-5
1.420170000E+9	1.516733000E-5
1.420173333E+9	1.538574000E-5
1.420176667E+9	1.536864000E-5
1.420180000E+9	1.526064000E-5
1.420183333E+9	1.514954000E-5
1.420186667E+9	1.524234000E-5
1.420190000E+9	1.540958000E-5
1.420193333E+9	1.549398000E-5
1.420196667E+9	1.536311000E-5
1.420200000E+9	1.532185000E-5
1.420203333E+9	1.540909000E-5
1.420206667E+9	1.574247000E-5
1.420210000E+9	1.524997000E-5
1.420213333E+9	1.517060000E-5
1.420216667E+9	1.520146000E-5
1.420220000E+9	1.519123000E-5
1.420223333E+9	1.525051000E-5
1.420226667E+9	1.553570000E-5
1.420230000E+9	1.562411000E-5
1.420233333E+9	1.507846000E-5
1.420236667E+9	1.523309000E-5
1.420240000E+9	1.554821000E-5
1.420243333E+9	1.536457000E-5
1.420246667E+9	1.495389000E-5
1.420250000E+9	1.533538000E-5
1.420253333E+9	1.535803000E-5
1.420256667E+9	1.520062000E-5
1.420260000E+9	1.517711000E-5
1.420263333E+9	1.529939000E-5
1.420266667E+9	1.552591000E-5
1.420270000E+9	1.551477000E-5
1.420273333E+9	1.512316000E-5
1.420276667E+9	1.553966000E-5
1.420280000E+9	1.517329000E-5
1.420283333E+9	1.512283000E-5
1.420286667E+9	1.539538000E-5
1.420290000E+9	1.523862000E-5
1.420293333E+9	1.544456000E-5
1.420296667E+9	1.634707000E-5
1.420300000E+9	1.539098000E-5
1.420303333E+9	1.525739000E-5
1.420306667E+9	1.551232000E-5
1.420310000E+9	1.555366000E-5
1.420313333E+9	1.586118000E-5
1.420316667E+9	1.513039000E-5
1.420320000E+9	1.542109000E-5
1.420323333E+9	1.497449000E-5
1.420326667E+9	1.538262000E-5
1.420330000E+9	1.550083000E-5
1.420333333E+9	1.546131000E-5
1.420336667E+9	1.521510000E-5
1.420340000E+9	1.535247000E-5
1.420343333E+9	1.539724000E-5
1.420346667E+9	1.535884000E-5
1.420350000E+9	1.577130000E-5
1.420353333E+9	1.550203000E-5
1.420356667E+9	1.519106000E-5
1.420360000E+9	1.541012000E-5
1.420363333E+9	1.517749000E-5
1.420366667E+9	1.546703000E-5
1.420370000E+9	1.534429000E-5
1.420373333E+9	1.525704000E-5
1.420376667E+9	1.544492000E-5
1.420380000E+9	1.541115000E-5
1.420383333E+9	1.548494000E-5
1.420386667E+9	1.563221000E-5
1.420390000E+9	1.536479000E-5
1.420393333E+9	1.514300000E-5
1.420396667E+9	1.537112000E-5
1.420400000E+9	1.539883000E-5
1.420403333E+9	1.552256000E-5
1.420406667E+9	1.534253000E-5
1.420410000E+9	1.540850000E-5
1.420413333E+9	1.570308000E-5
1.420416667E+9	1.549902000E-5
1.420420000E+9	1.556124000E-5
1.420423333E+9	1.525384000E-5
1.420426667E+9	1.535270000E-5
1.420430000E+9	1.566532000E-5
1.420433333E+9	1.539171000E-5
1.420436667E+9	1.541615000E-5
1.420440000E+9	1.533060000E-5
1.420443333E+9	1.581444000E-5
1.420446667E+9	1.570356000E-5
1.420450000E+9	1.539282000E-5
1.420453333E+9	1.556230000E-5
1.420456667E+9	1.546124000E-5
1.420460000E+9	1.581206000E-5
1.420463333E+9	1.567738000E-5
1.420466667E+9	1.591901000E-5
1.420470000E+9	1.601841000E-5
1.420473333E+9	1.598675000E-5
1.420476667E+9	1.620819000E-5
1.420480000E+9	1.638448000E-5
1.420483333E+9	1.657024000E-5
1.420486667E+9	1.681296000E-5
1.420490000E+9	1.651031000E-5
1.420493333E+9	1.662637000E-5
1.420496667E+9	1.722175000E-5
1.420500000E+9	1.748587000E-5
1.420503333E+9	1.734809000E-5
1.420506667E+9	1.719872000E-5
1.420510000E+9	1.704885000E-5
1.420513333E+9	1.699628000E-5
1.420516667E+9	1.693237000E-5
1.420520000E+9	1.695241000E-5
1.420523333E+9	1.689749000E-5
1.420526667E+9	1.672203000E-5
1.420530000E+9	1.678352000E-5
1.420533333E+9	1.707238000E-5
1.420536667E+9	1.699329000E-5
1.420540000E+9	1.722311000E-5
1.420543333E+9	1.668672000E-5
1.420546667E+9	1.698029000E-5
1.420550000E+9	1.731684000E-5
1.420553333E+9	1.732003000E-5
1.420556667E+9	1.686895000E-5
1.420560000E+9	1.700785000E-5
1.420563333E+9	1.707799000E-5
1.420566667E+9	1.721343000E-5
1.420570000E+9	1.700219000E-5
1.420573333E+9	1.714408000E-5
1.420576667E+9	1.690085000E-5
1.420580000E+9	1.711064000E-5
1.420583333E+9	1.614976000E-5
1.420586667E+9	1.652970000E-5
1.420590000E+9	1.680242000E-5
1.420593333E+9	1.658755000E-5
1.420596667E+9	1.642943000E-5
1.420600000E+9	1.653620000E-5
1.420603333E+9	1.640552000E-5
1.420606667E+9	1.644052000E-5
1.420610000E+9	1.680725000E-5
1.420613333E+9	1.657585000E-5
1.420616667E+9	1.649688000E-5
1.420620000E+9	1.644253000E-5
1.420623333E+9	1.658211000E-5
1.420626667E+9	1.638214000E-5
1.420630000E+9	1.656282000E-5
1.420633333E+9	1.666726000E-5
1.420636667E+9	1.674501000E-5
1.420640000E+9	1.696669000E-5
1.420643333E+9	1.702895000E-5
1.420646667E+9	1.762175000E-5
1.420650000E+9	1.770739000E-5
1.420653333E+9	1.715398000E-5
1.420656667E+9	1.708633000E-5
1.420660000E+9	1.716764000E-5
1.420663333E+9	1.683350000E-5
1.420666667E+9	1.735605000E-5
1.420670000E+9	1.731108000E-5
1.420673333E+9	1.703489000E-5
1.420676667E+9	1.716308000E-5
1.420680000E+9	1.744560000E-5
1.420683333E+9	1.736084000E-5
1.420686667E+9	1.770405000E-5
1.420690000E+9	1.711278000E-5
1.420693333E+9	1.723317000E-5
1.420696667E+9	1.722538000E-5
1.420700000E+9	1.732393000E-5
1.420703333E+9	1.708050000E-5
1.420706667E+9	1.724834000E-5
1.420710000E+9	1.670579000E-5
1.420713333E+9	1.693070000E-5
1.420716667E+9	1.686958000E-5
1.420720000E+9	1.683978000E-5
1.420723333E+9	1.711446000E-5
1.420726667E+9	1.671362000E-5
1.420730000E+9	1.662299000E-5
1.420733333E+9	1.657657000E-5
1.420736667E+9	1.632734000E-5
1.420740000E+9	1.625511000E-5
1.420743333E+9	1.628174000E-5
1.420746667E+9	1.600730000E-5
1.420750000E+9	1.637732000E-5
1.420753333E+9	1.602967000E-5
1.420756667E+9	1.648490000E-5
1.420760000E+9	1.681443000E-5
1.420763333E+9	1.630432000E-5
1.420766667E+9	1.620991000E-5
1.420770000E+9	1.619116000E-5
1.420773333E+9	1.621007000E-5
1.420776667E+9	1.587372000E-5
1.420780000E+9	1.602425000E-5
1.420783333E+9	1.652834000E-5
1.420786667E+9	1.586902000E-5
1.420790000E+9	1.609019000E-5
1.420793333E+9	1.628190000E-5
1.420796667E+9	1.684753000E-5
1.420800000E+9	1.638610000E-5
1.420803333E+9	1.578516000E-5
1.420806667E+9	1.603671000E-5
1.420810000E+9	1.563126000E-5
1.420813333E+9	1.567283000E-5
1.420816667E+9	1.596146000E-5
1.420820000E+9	1.599138000E-5
1.420823333E+9	1.592139000E-5
1.420826667E+9	1.624380000E-5
1.420830000E+9	1.573463000E-5
1.420833333E+9	1.585937000E-5
1.420836667E+9	1.596249000E-5
1.420840000E+9	1.577909000E-5
1.420843333E+9	1.588507000E-5
1.420846667E+9	1.580357000E-5
1.420850000E+9	1.558799000E-5
1.420853333E+9	1.580798000E-5
1.420856667E+9	1.579788000E-5
1.420860000E+9	1.605588000E-5
1.420863333E+9	1.574935000E-5
1.420866667E+9	1.592993000E-5
1.420870000E+9	1.608104000E-5
1.420873333E+9	1.630009000E-5
1.420876667E+9	1.576392000E-5
1.420880000E+9	1.565309000E-5
1.420883333E+9	1.724567000E-5
1.420886667E+9	1.621853000E-5
1.420890000E+9	1.574714000E-5
1.420893333E+9	1.545974000E-5
1.420896667E+9	1.574603000E-5
1.420900000E+9	1.583108000E-5
1.420903333E+9	1.601236000E-5
1.420906667E+9	1.594559000E-5
1.420910000E+9	1.597746000E-5
1.420913333E+9	1.671540000E-5
1.420916667E+9	1.660464000E-5
1.420920000E+9	1.660658000E-5
1.420923333E+9	1.540985000E-5
1.420926667E+9	1.553614000E-5
1.420930000E+9	1.584221000E-5
1.420933333E+9	1.570203000E-5
1.420936667E+9	1.555519000E-5
1.420940000E+9	1.587494000E-5
1.420943333E+9	1.567280000E-5
1.420946667E+9	1.653976000E-5
1.420950000E+9	1.555641000E-5
1.420953333E+9	1.537192000E-5
1.420956667E+9	1.538914000E-5
1.420960000E+9	1.556955000E-5
1.420963333E+9	1.542912000E-5
1.420966667E+9	1.544566000E-5
1.420970000E+9	1.544076000E-5
1.420973333E+9	1.556391000E-5
1.420976667E+9	1.535727000E-5
1.420980000E+9	1.519527000E-5
1.420983333E+9	1.562598000E-5
1.420986667E+9	1.545324000E-5
1.420990000E+9	1.537588000E-5
1.420993333E+9	1.613599000E-5
1.420996667E+9	1.546278000E-5
1.421000000E+9	1.548264000E-5
1.421003333E+9	1.541368000E-5
1.421006667E+9	1.516272000E-5
1.421010000E+9	1.545574000E-5
1.421013333E+9	1.573003000E-5
1.421016667E+9	1.563564000E-5
1.421020000E+9	1.568964000E-5
1.421023333E+9	1.578013000E-5
1.421026667E+9	1.492567000E-5
1.421030000E+9	1.549325000E-5
1.421033333E+9	1.558458000E-5
1.421036667E+9	1.527444000E-5
1.421040000E+9	1.600811000E-5
1.421043333E+9	1.521842000E-5
1.421046667E+9	1.538605000E-5
1.421050000E+9	1.529731000E-5
1.421053333E+9	1.544529000E-5
1.421056667E+9	1.547374000E-5
1.421060000E+9	1.579039000E-5
1.421063333E+9	1.525190000E-5
1.421066667E+9	1.546112000E-5
1.421070000E+9	1.530897000E-5
1.421073333E+9	1.523294000E-5
1.421076667E+9	1.548178000E-5
1.421080000E+9	1.557372000E-5
1.421083333E+9	1.534672000E-5
1.421086667E+9	1.570711000E-5
1.421090000E+9	1.535058000E-5
1.421093333E+9	1.565723000E-5
1.421096667E+9	1.634256000E-5
1.421100000E+9	1.526228000E-5
1.421103333E+9	1.531423000E-5
1.421106667E+9	1.545185000E-5
1.421110000E+9	1.538460000E-5
1.421113333E+9	1.560168000E-5
1.421116667E+9	1.560187000E-5
1.421120000E+9	1.555509000E-5
1.421123333E+9	1.521624000E-5
1.421126667E+9	1.568338000E-5
1.421130000E+9	1.545496000E-5
1.421133333E+9	1.562385000E-5
1.421136667E+9	1.495001000E-5
1.421140000E+9	1.530383000E-5
1.421143333E+9	1.546110000E-5
1.421146667E+9	1.527638000E-5
1.421150000E+9	1.543830000E-5
1.421153333E+9	1.556360000E-5
1.421156667E+9	1.542180000E-5
1.421160000E+9	1.522890000E-5
1.421163333E+9	1.554060000E-5
1.421166667E+9	1.512311000E-5
1.421170000E+9	1.560676000E-5
1.421173333E+9	1.558790000E-5
1.421176667E+9	1.690785000E-5
1.421180000E+9	1.738527000E-5
1.421183333E+9	1.546120000E-5
1.421186667E+9	1.546625000E-5
1.421190000E+9	1.567051000E-5
1.421193333E+9	1.570684000E-5
1.421196667E+9	1.540112000E-5
1.421200000E+9	1.560823000E-5
1.421203333E+9	1.532619000E-5
1.421206667E+9	1.599460000E-5
1.421210000E+9	1.580808000E-5
1.421213333E+9	1.588446000E-5
1.421216667E+9	1.549866000E-5
1.421220000E+9	1.536528000E-5
1.421223333E+9	1.522274000E-5
1.421226667E+9	1.532497000E-5
1.421230000E+9	1.528635000E-5
1.421233333E+9	1.529943000E-5
1.421236667E+9	1.516552000E-5
1.421240000E+9	1.498645000E-5
1.421243333E+9	1.535511000E-5
1.421246667E+9	1.579521000E-5
1.421250000E+9	1.511543000E-5
1.421253333E+9	1.508727000E-5
1.421256667E+9	1.543454000E-5
1.421260000E+9	1.543135000E-5
1.421263333E+9	1.535233000E-5
1.421266667E+9	1.551019000E-5
1.421270000E+9	1.512869000E-5
1.421273333E+9	1.526516000E-5
1.421276667E+9	1.547583000E-5
1.421280000E+9	1.537635000E-5
1.421283333E+9	1.572513000E-5
1.421286667E+9	1.512791000E-5
1.421290000E+9	1.502510000E-5
1.421293333E+9	1.511158000E-5
1.421296667E+9	1.514018000E-5
1.421300000E+9	1.516793000E-5
1.421303333E+9	1.528125000E-5
1.421306667E+9	1.534131000E-5
1.421310000E+9	1.536520000E-5
1.421313333E+9	1.542700000E-5
1.421316667E+9	1.541330000E-5
1.421320000E+9	1.533215000E-5
1.421323333E+9	1.525960000E-5
1.421326667E+9	1.531386000E-5
1.421330000E+9	1.533151000E-5
1.421333333E+9	1.554853000E-5
1.421336667E+9	1.537956000E-5
1.421340000E+9	1.488331000E-5
1.421343333E+9	1.504017000E-5
1.421346667E+9	1.525233000E-5
1.421350000E+9	1.530248000E-5
1.421353333E+9	1.518024000E-5
1.421356667E+9	1.579465000E-5
1.421360000E+9	1.503759000E-5
1.421363333E+9	1.527212000E-5
1.421366667E+9	1.547923000E-5
1.421370000E+9	1.519111000E-5
1.421373333E+9	1.558699000E-5
1.421376667E+9	1.496851000E-5
1.421380000E+9	1.520177000E-5
1.421383333E+9	1.552029000E-5
1.421386667E+9	1.573791000E-5
1.421390000E+9	1.544129000E-5
1.421393333E+9	1.545126000E-5
1.421396667E+9	1.530734000E-5
1.421400000E+9	1.559374000E-5
