Frequency, Hz	Amplitude, Volts
1.419400000E+9	1.709523000E-5
1.419403333E+9	1.674498000E-5
1.419406667E+9	1.654397000E-5
1.419410000E+9	1.636122000E-5
1.419413333E+9	1.671779000E-5
1.419416667E+9	1.659358000E-5
1.419420000E+9	1.640848000E-5
1.419423333E+9	1.637462000E-5
1.419426667E+9	1.660891000E-5
1.419430000E+9	1.659435000E-5
1.419433333E+9	1.678641000E-5
1.419436667E+9	1.651687000E-5
1.419440000E+9	1.788940000E-5
1.419443333E+9	1.732652000E-5
1.419446667E+9	1.699068000E-5
1.419450000E+9	1.813576000E-5
1.419453333E+9	1.663934000E-5
1.419456667E+9	1.663298000E-5
1.419460000E+9	1.660233000E-5
1.419463333E+9	1.681746000E-5
1.419466667E+9	1.685265000E-5
1.419470000E+9	1.668399000E-5
1.419473333E+9	1.614306000E-5
1.419476667E+9	1.640970000E-5
1.419480000E+9	1.647388000E-5
1.419483333E+9	1.623549000E-5
1.419486667E+9	1.675686000E-5
1.419490000E+9	1.676015000E-5
1.419493333E+9	1.698460000E-5
1.419496667E+9	1.655128000E-5
1.419500000E+9	1.627295000E-5
1.419503333E+9	1.660995000E-5
1.419506667E+9	1.675478000E-5
1.419510000E+9	1.642241000E-5
1.419513333E+9	1.626204000E-5
1.419516667E+9	1.651459000E-5
1.419520000E+9	1.626452000E-5
1.419523333E+9	1.670051000E-5
1.419526667E+9	1.665341000E-5
1.419530000E+9	1.684670000E-5
1.419533333E+9	1.687667000E-5
1.419536667E+9	1.653297000E-5
1.419540000E+9	1.709596000E-5
1.419543333E+9	1.626325000E-5
1.419546667E+9	1.653622000E-5
1.419550000E+9	1.625154000E-5
1.419553333E+9	1.642171000E-5
1.419556667E+9	1.665800000E-5
1.419560000E+9	1.649314000E-5
1.419563333E+9	1.663598000E-5
1.419566667E+9	1.627027000E-5
1.419570000E+9	1.626639000E-5
1.419573333E+9	1.635709000E-5
1.419576667E+9	1.655269000E-5
1.419580000E+9	1.631128000E-5
1.419583333E+9	1.649104000E-5
1.419586667E+9	1.685721000E-5
1.419590000E+9	1.650482000E-5
1.419593333E+9	1.672565000E-5
1.419596667E+9	1.648092000E-5
1.419600000E+9	1.602071000E-5
1.419603333E+9	1.652769000E-5
1.419606667E+9	1.641426000E-5
1.419610000E+9	1.654975000E-5
1.419613333E+9	1.660315000E-5
1.419616667E+9	1.633085000E-5
1.419620000E+9	1.634779000E-5
1.419623333E+9	1.643251000E-5
1.419626667E+9	1.678278000E-5
1.419630000E+9	1.686296000E-5
1.419633333E+9	1.650442000E-5
1.419636667E+9	1.628628000E-5
1.419640000E+9	1.655971000E-5
1.419643333E+9	1.631784000E-5
1.419646667E+9	1.648302000E-5
1.419650000E+9	1.662354000E-5
1.419653333E+9	1.660007000E-5
1.419656667E+9	1.685299000E-5
1.419660000E+9	1.635558000E-5
1.419663333E+9	1.641138000E-5
1.419666667E+9	1.652852000E-5
1.419670000E+9	1.661090000E-5
1.419673333E+9	1.646739000E-5
1.419676667E+9	1.665138000E-5
1.419680000E+9	1.658240000E-5
1.419683333E+9	1.654145000E-5
1.419686667E+9	1.630867000E-5
1.419690000E+9	1.620217000E-5
1.419693333E+9	1.643753000E-5
1.419696667E+9	1.639202000E-5
1.419700000E+9	1.667683000E-5
1.419703333E+9	1.669591000E-5
1.419706667E+9	1.673435000E-5
1.419710000E+9	1.644980000E-5
1.419713333E+9	1.647762000E-5
1.419716667E+9	1.658160000E-5
1.419720000E+9	1.671906000E-5
1.419723333E+9	1.623542000E-5
1.419726667E+9	1.681925000E-5
1.419730000E+9	1.688664000E-5
1.419733333E+9	1.869353000E-5
1.419736667E+9	1.674068000E-5
1.419740000E+9	1.679851000E-5
1.419743333E+9	1.782026000E-5
1.419746667E+9	1.663612000E-5
1.419750000E+9	1.641797000E-5
1.419753333E+9	1.663331000E-5
1.419756667E+9	1.667841000E-5
1.419760000E+9	1.681759000E-5
1.419763333E+9	1.639751000E-5
1.419766667E+9	1.666168000E-5
1.419770000E+9	1.635843000E-5
1.419773333E+9	1.663623000E-5
1.419776667E+9	1.648676000E-5
1.419780000E+9	1.648627000E-5
1.419783333E+9	1.649422000E-5
1.419786667E+9	1.647439000E-5
1.419790000E+9	1.643136000E-5
1.419793333E+9	1.651963000E-5
1.419796667E+9	1.654238000E-5
1.419800000E+9	1.646390000E-5
1.419803333E+9	1.626630000E-5
1.419806667E+9	1.673132000E-5
1.419810000E+9	1.646486000E-5
1.419813333E+9	1.646710000E-5
1.419816667E+9	1.665392000E-5
1.419820000E+9	1.683106000E-5
1.419823333E+9	1.662144000E-5
1.419826667E+9	1.630838000E-5
1.419830000E+9	1.666993000E-5
1.419833333E+9	1.603652000E-5
1.419836667E+9	1.634949000E-5
1.419840000E+9	1.625249000E-5
1.419843333E+9	1.669897000E-5
1.419846667E+9	1.628378000E-5
1.419850000E+9	1.624703000E-5
1.419853333E+9	1.618891000E-5
1.419856667E+9	1.613882000E-5
1.419860000E+9	1.631488000E-5
1.419863333E+9	1.638412000E-5
1.419866667E+9	1.682034000E-5
1.419870000E+9	1.673950000E-5
1.419873333E+9	1.653645000E-5
1.419876667E+9	1.650640000E-5
1.419880000E+9	1.625707000E-5
1.419883333E+9	1.683281000E-5
1.419886667E+9	1.601053000E-5
1.419890000E+9	1.657264000E-5
1.419893333E+9	1.659832000E-5
1.419896667E+9	1.606567000E-5
1.419900000E+9	1.633394000E-5
1.419903333E+9	1.626523000E-5
1.419906667E+9	1.661152000E-5
1.419910000E+9	1.636381000E-5
1.419913333E+9	1.631313000E-5
1.419916667E+9	1.643818000E-5
1.419920000E+9	1.636258000E-5
1.419923333E+9	1.660342000E-5
1.419926667E+9	1.635147000E-5
1.419930000E+9	1.623870000E-5
1.419933333E+9	1.642656000E-5
1.419936667E+9	1.662820000E-5
1.419940000E+9	1.616480000E-5
1.419943333E+9	1.638155000E-5
1.419946667E+9	1.656829000E-5
1.419950000E+9	1.636792000E-5
1.419953333E+9	1.648779000E-5
1.419956667E+9	1.604566000E-5
1.419960000E+9	1.656584000E-5
1.419963333E+9	1.648314000E-5
1.419966667E+9	1.625293000E-5
1.419970000E+9	1.641051000E-5
1.419973333E+9	1.638984000E-5
1.419976667E+9	1.615753000E-5
1.419980000E+9	1.662456000E-5
1.419983333E+9	1.658819000E-5
1.419986667E+9	1.673788000E-5
1.419990000E+9	1.657796000E-5
1.419993333E+9	1.645461000E-5
1.419996667E+9	1.616470000E-5
1.420000000E+9	1.729882000E-5
1.420003333E+9	1.742462000E-5
1.420006667E+9	1.639904000E-5
1.420010000E+9	1.630788000E-5
1.420013333E+9	1.608434000E-5
1.420016667E+9	1.645652000E-5
1.420020000E+9	1.662283000E-5
1.420023333E+9	1.635256000E-5
1.420026667E+9	1.721143000E-5
1.420030000E+9	1.653722000E-5
1.420033333E+9	1.673369000E-5
1.420036667E+9	1.711872000E-5
1.420040000E+9	1.627711000E-5
1.420043333E+9	1.649784000E-5
1.420046667E+9	1.654699000E-5
1.420050000E+9	1.682341000E-5
1.420053333E+9	1.684459000E-5
1.420056667E+9	1.648879000E-5
1.420060000E+9	1.627281000E-5
1.420063333E+9	1.622204000E-5
1.420066667E+9	1.636118000E-5
1.420070000E+9	1.624712000E-5
1.420073333E+9	1.644556000E-5
1.420076667E+9	1.637071000E-5
1.420080000E+9	1.646722000E-5
1.420083333E+9	1.632845000E-5
1.420086667E+9	1.656999000E-5
1.420090000E+9	1.646381000E-5
1.420093333E+9	1.622920000E-5
1.420096667E+9	1.624746000E-5
1.420100000E+9	1.650467000E-5
1.420103333E+9	1.626075000E-5
1.420106667E+9	1.654156000E-5
1.420110000E+9	1.617418000E-5
1.420113333E+9	1.624935000E-5
1.420116667E+9	1.638025000E-5
1.420120000E+9	1.614012000E-5
1.420123333E+9	1.628605000E-5
1.420126667E+9	1.652925000E-5
1.420130000E+9	1.636201000E-5
1.420133333E+9	1.634666000E-5
1.420136667E+9	1.639953000E-5
1.420140000E+9	1.640619000E-5
1.420143333E+9	1.623517000E-5
1.420146667E+9	1.613013000E-5
1.420150000E+9	1.651155000E-5
1.420153333E+9	1.625227000E-5
1.420156667E+9	1.631135000E-5
1.420160000E+9	1.595131000E-5
1.420163333E+9	1.625611000E-5
1.420166667E+9	1.596333000E-5
1.420170000E+9	1.636521000E-5
1.420173333E+9	1.619812000E-5
1.420176667E+9	1.616857000E-5
1.420180000E+9	1.606886000E-5
1.420183333E+9	1.640297000E-5
1.420186667E+9	1.631336000E-5
1.420190000E+9	1.622252000E-5
1.420193333E+9	1.644489000E-5
1.420196667E+9	1.637756000E-5
1.420200000E+9	1.642979000E-5
1.420203333E+9	1.634833000E-5
1.420206667E+9	1.614770000E-5
1.420210000E+9	1.617089000E-5
1.420213333E+9	1.631596000E-5
1.420216667E+9	1.664478000E-5
1.420220000E+9	1.603706000E-5
1.420223333E+9	1.654485000E-5
1.420226667E+9	1.649951000E-5
1.420230000E+9	1.640747000E-5
1.420233333E+9	1.621917000E-5
1.420236667E+9	1.640722000E-5
1.420240000E+9	1.612765000E-5
1.420243333E+9	1.654779000E-5
1.420246667E+9	1.590651000E-5
1.420250000E+9	1.649681000E-5
1.420253333E+9	1.654465000E-5
1.420256667E+9	1.629587000E-5
1.420260000E+9	1.647298000E-5
1.420263333E+9	1.657667000E-5
1.420266667E+9	1.693962000E-5
1.420270000E+9	1.641297000E-5
1.420273333E+9	1.625493000E-5
1.420276667E+9	1.636666000E-5
1.420280000E+9	1.616775000E-5
1.420283333E+9	1.642295000E-5
1.420286667E+9	1.648256000E-5
1.420290000E+9	1.642708000E-5
1.420293333E+9	1.623442000E-5
1.420296667E+9	1.718054000E-5
1.420300000E+9	1.632791000E-5
1.420303333E+9	1.641516000E-5
1.420306667E+9	1.654657000E-5
1.420310000E+9	1.694280000E-5
1.420313333E+9	1.650083000E-5
1.420316667E+9	1.672574000E-5
1.420320000E+9	1.728449000E-5
1.420323333E+9	1.630337000E-5
1.420326667E+9	1.690165000E-5
1.420330000E+9	1.752289000E-5
1.420333333E+9	1.681083000E-5
1.420336667E+9	1.636451000E-5
1.420340000E+9	1.635350000E-5
1.420343333E+9	1.673276000E-5
1.420346667E+9	1.674610000E-5
1.420350000E+9	1.637657000E-5
1.420353333E+9	1.655591000E-5
1.420356667E+9	1.667997000E-5
1.420360000E+9	1.637065000E-5
1.420363333E+9	1.635034000E-5
1.420366667E+9	1.678278000E-5
1.420370000E+9	1.667932000E-5
1.420373333E+9	1.644670000E-5
1.420376667E+9	1.654196000E-5
1.420380000E+9	1.726014000E-5
1.420383333E+9	1.683963000E-5
1.420386667E+9	1.661883000E-5
1.420390000E+9	1.707242000E-5
1.420393333E+9	1.705496000E-5
1.420396667E+9	1.688303000E-5
1.420400000E+9	1.727880000E-5
1.420403333E+9	1.768701000E-5
1.420406667E+9	1.739927000E-5
1.420410000E+9	1.738229000E-5
1.420413333E+9	1.779928000E-5
1.420416667E+9	1.777346000E-5
1.420420000E+9	1.787374000E-5
1.420423333E+9	1.831049000E-5
1.420426667E+9	1.879346000E-5
1.420430000E+9	1.875883000E-5
1.420433333E+9	1.829827000E-5
1.420436667E+9	1.852175000E-5
1.420440000E+9	1.860614000E-5
1.420443333E+9	1.848555000E-5
1.420446667E+9	1.887861000E-5
1.420450000E+9	1.899435000E-5
1.420453333E+9	1.891782000E-5
1.420456667E+9	1.913399000E-5
1.420460000E+9	1.918961000E-5
1.420463333E+9	1.895816000E-5
1.420466667E+9	1.916176000E-5
1.420470000E+9	1.940948000E-5
1.420473333E+9	1.907408000E-5
1.420476667E+9	1.900789000E-5
1.420480000E+9	1.918991000E-5
1.420483333E+9	1.919758000E-5
1.420486667E+9	1.879072000E-5
1.420490000E+9	1.924433000E-5
1.420493333E+9	1.890811000E-5
1.420496667E+9	1.887061000E-5
1.420500000E+9	1.865400000E-5
1.420503333E+9	1.872128000E-5
1.420506667E+9	1.850844000E-5
1.420510000E+9	1.852877000E-5
1.420513333E+9	1.796473000E-5
1.420516667E+9	1.803588000E-5
1.420520000E+9	1.824475000E-5
1.420523333E+9	1.765535000E-5
1.420526667E+9	1.745023000E-5
1.420530000E+9	1.767012000E-5
1.420533333E+9	1.722296000E-5
1.420536667E+9	1.732359000E-5
1.420540000E+9	1.702242000E-5
1.420543333E+9	1.655186000E-5
1.420546667E+9	1.702330000E-5
1.420550000E+9	1.720848000E-5
1.420553333E+9	1.676844000E-5
1.420556667E+9	1.642093000E-5
1.420560000E+9	1.664144000E-5
1.420563333E+9	1.683999000E-5
1.420566667E+9	1.691873000E-5
1.420570000E+9	1.683328000E-5
1.420573333E+9	1.667822000E-5
1.420576667E+9	1.654292000E-5
1.420580000E+9	1.657264000E-5
1.420583333E+9	1.690844000E-5
1.420586667E+9	1.675498000E-5
1.420590000E+9	1.775219000E-5
1.420593333E+9	1.672442000E-5
1.420596667E+9	1.674545000E-5
1.420600000E+9	1.705080000E-5
1.420603333E+9	1.728366000E-5
1.420606667E+9	1.655631000E-5
1.420610000E+9	1.671206000E-5
1.420613333E+9	1.825645000E-5
1.420616667E+9	1.630688000E-5
1.420620000E+9	1.744587000E-5
1.420623333E+9	1.763630000E-5
1.420626667E+9	1.677278000E-5
1.420630000E+9	1.643987000E-5
1.420633333E+9	1.668094000E-5
1.420636667E+9	1.709359000E-5
1.420640000E+9	1.642690000E-5
1.420643333E+9	1.636325000E-5
1.420646667E+9	1.642901000E-5
1.420650000E+9	1.621240000E-5
1.420653333E+9	1.604626000E-5
1.420656667E+9	1.662075000E-5
1.420660000E+9	1.626130000E-5
1.420663333E+9	1.609612000E-5
1.420666667E+9	1.634172000E-5
1.420670000E+9	1.624870000E-5
1.420673333E+9	1.650386000E-5
1.420676667E+9	1.626677000E-5
1.420680000E+9	1.647952000E-5
1.420683333E+9	1.677092000E-5
1.420686667E+9	1.608128000E-5
1.420690000E+9	1.627767000E-5
1.420693333E+9	1.646444000E-5
1.420696667E+9	1.660838000E-5
1.420700000E+9	1.638786000E-5
1.420703333E+9	1.623435000E-5
1.420706667E+9	1.631648000E-5
1.420710000E+9	1.601342000E-5
1.420713333E+9	1.607378000E-5
1.420716667E+9	1.591601000E-5
1.420720000E+9	1.600095000E-5
1.420723333E+9	1.617082000E-5
1.420726667E+9	1.648886000E-5
1.420730000E+9	1.648445000E-5
1.420733333E+9	1.679550000E-5
1.420736667E+9	1.663947000E-5
1.420740000E+9	1.656122000E-5
1.420743333E+9	1.655093000E-5
1.420746667E+9	1.594849000E-5
1.420750000E+9	1.648966000E-5
1.420753333E+9	1.634230000E-5
1.420756667E+9	1.624308000E-5
1.420760000E+9	1.619973000E-5
1.420763333E+9	1.589984000E-5
1.420766667E+9	1.633600000E-5
1.420770000E+9	1.613009000E-5
1.420773333E+9	1.626050000E-5
1.420776667E+9	1.622881000E-5
1.420780000E+9	1.604516000E-5
1.420783333E+9	1.627754000E-5
1.420786667E+9	1.605116000E-5
1.420790000E+9	1.631890000E-5
1.420793333E+9	1.652600000E-5
1.420796667E+9	1.620461000E-5
1.420800000E+9	1.659668000E-5
1.420803333E+9	1.637669000E-5
1.420806667E+9	1.631925000E-5
1.420810000E+9	1.623763000E-5
1.420813333E+9	1.623659000E-5
1.420816667E+9	1.638448000E-5
1.420820000E+9	1.627284000E-5
1.420823333E+9	1.668040000E-5
1.420826667E+9	1.638639000E-5
1.420830000E+9	1.614944000E-5
1.420833333E+9	1.613108000E-5
1.420836667E+9	1.652507000E-5
1.420840000E+9	1.590729000E-5
1.420843333E+9	1.651028000E-5
1.420846667E+9	1.647616000E-5
1.420850000E+9	1.630452000E-5
1.420853333E+9	1.637232000E-5
1.420856667E+9	1.589879000E-5
1.420860000E+9	1.654632000E-5
1.420863333E+9	1.629390000E-5
1.420866667E+9	1.615693000E-5
1.420870000E+9	1.638110000E-5
1.420873333E+9	1.649770000E-5
1.420876667E+9	1.588249000E-5
1.420880000E+9	1.605163000E-5
1.420883333E+9	2.064072000E-5
1.420886667E+9	1.967703000E-5
1.420890000E+9	1.679810000E-5
1.420893333E+9	1.651459000E-5
1.420896667E+9	1.723465000E-5
1.420900000E+9	1.677956000E-5
1.420903333E+9	1.785620000E-5
1.420906667E+9	2.046039000E-5
1.420910000E+9	1.636009000E-5
1.420913333E+9	1.904794000E-5
1.420916667E+9	1.858306000E-5
1.420920000E+9	1.699519000E-5
1.420923333E+9	1.607959000E-5
1.420926667E+9	1.684348000E-5
1.420930000E+9	1.683529000E-5
1.420933333E+9	1.639398000E-5
1.420936667E+9	1.639220000E-5
1.420940000E+9	1.637633000E-5
1.420943333E+9	1.661340000E-5
1.420946667E+9	1.593010000E-5
1.420950000E+9	1.645212000E-5
1.420953333E+9	1.640565000E-5
1.420956667E+9	1.633743000E-5
1.420960000E+9	1.623059000E-5
1.420963333E+9	1.610222000E-5
1.420966667E+9	1.658109000E-5
1.420970000E+9	1.644233000E-5
1.420973333E+9	1.629918000E-5
1.420976667E+9	1.616843000E-5
1.420980000E+9	1.655453000E-5
1.420983333E+9	1.673994000E-5
1.420986667E+9	1.665215000E-5
1.420990000E+9	1.631823000E-5
1.420993333E+9	1.645147000E-5
1.420996667E+9	1.626564000E-5
1.421000000E+9	1.640215000E-5
1.421003333E+9	1.626721000E-5
1.421006667E+9	1.615696000E-5
1.421010000E+9	1.647513000E-5
1.421013333E+9	1.641080000E-5
1.421016667E+9	1.644677000E-5
1.421020000E+9	1.652491000E-5
1.421023333E+9	1.638318000E-5
1.421026667E+9	1.639521000E-5
1.421030000E+9	1.643291000E-5
1.421033333E+9	1.656587000E-5
1.421036667E+9	1.617219000E-5
1.421040000E+9	1.660076000E-5
1.421043333E+9	1.642677000E-5
1.421046667E+9	1.625765000E-5
1.421050000E+9	1.621443000E-5
1.421053333E+9	1.625443000E-5
1.421056667E+9	1.649915000E-5
1.421060000E+9	1.647411000E-5
1.421063333E+9	1.637428000E-5
1.421066667E+9	1.654314000E-5
1.421070000E+9	1.634389000E-5
1.421073333E+9	1.643982000E-5
1.421076667E+9	1.651952000E-5
1.421080000E+9	1.660003000E-5
1.421083333E+9	1.650332000E-5
1.421086667E+9	1.646820000E-5
1.421090000E+9	1.652504000E-5
1.421093333E+9	1.656795000E-5
1.421096667E+9	1.653616000E-5
1.421100000E+9	1.647931000E-5
1.421103333E+9	1.648407000E-5
1.421106667E+9	1.689187000E-5
1.421110000E+9	1.629390000E-5
1.421113333E+9	1.650835000E-5
1.421116667E+9	1.636887000E-5
1.421120000E+9	1.625236000E-5
1.421123333E+9	1.694686000E-5
1.421126667E+9	1.667119000E-5
1.421130000E+9	1.638059000E-5
1.421133333E+9	1.682910000E-5
1.421136667E+9	1.674215000E-5
1.421140000E+9	1.688036000E-5
1.421143333E+9	1.650580000E-5
1.421146667E+9	1.650732000E-5
1.421150000E+9	1.654779000E-5
1.421153333E+9	1.647381000E-5
1.421156667E+9	1.653195000E-5
1.421160000E+9	1.620368000E-5
1.421163333E+9	1.642484000E-5
1.421166667E+9	1.630215000E-5
1.421170000E+9	1.618880000E-5
1.421173333E+9	1.622058000E-5
1.421176667E+9	1.887428000E-5
1.421180000E+9	2.079308000E-5
1.421183333E+9	1.639373000E-5
1.421186667E+9	1.650437000E-5
1.421190000E+9	1.698775000E-5
1.421193333E+9	1.662311000E-5
1.421196667E+9	1.690701000E-5
1.421200000E+9	1.734997000E-5
1.421203333E+9	1.659149000E-5
1.421206667E+9	1.749046000E-5
1.421210000E+9	1.731405000E-5
1.421213333E+9	1.673233000E-5
1.421216667E+9	1.652885000E-5
1.421220000E+9	1.658080000E-5
1.421223333E+9	1.659580000E-5
1.421226667E+9	1.646122000E-5
1.421230000E+9	1.611020000E-5
1.421233333E+9	1.660226000E-5
1.421236667E+9	1.632261000E-5
1.421240000E+9	1.661389000E-5
1.421243333E+9	1.658134000E-5
1.421246667E+9	1.645730000E-5
1.421250000E+9	1.648162000E-5
1.421253333E+9	1.642706000E-5
1.421256667E+9	1.644191000E-5
1.421260000E+9	1.674911000E-5
1.421263333E+9	1.665380000E-5
1.421266667E+9	1.691704000E-5
1.421270000E+9	1.656689000E-5
1.421273333E+9	1.628895000E-5
1.421276667E+9	1.653324000E-5
1.421280000E+9	1.660784000E-5
1.421283333E+9	1.642818000E-5
1.421286667E+9	1.663640000E-5
1.421290000E+9	1.671436000E-5
1.421293333E+9	1.660767000E-5
1.421296667E+9	1.697981000E-5
1.421300000E+9	1.635836000E-5
1.421303333E+9	1.662696000E-5
1.421306667E+9	1.649839000E-5
1.421310000E+9	1.645168000E-5
1.421313333E+9	1.653324000E-5
1.421316667E+9	1.675011000E-5
1.421320000E+9	1.677144000E-5
1.421323333E+9	1.660413000E-5
1.421326667E+9	1.678923000E-5
1.421330000E+9	1.685186000E-5
1.421333333E+9	1.727599000E-5
1.421336667E+9	1.713856000E-5
1.421340000E+9	1.682141000E-5
1.421343333E+9	1.752396000E-5
1.421346667E+9	1.813118000E-5
1.421350000E+9	1.763405000E-5
1.421353333E+9	1.697999000E-5
1.421356667E+9	1.736209000E-5
1.421360000E+9	1.692929000E-5
1.421363333E+9	1.701394000E-5
1.421366667E+9	1.719303000E-5
1.421370000E+9	1.703091000E-5
1.421373333E+9	1.694755000E-5
1.421376667E+9	1.675311000E-5
1.421380000E+9	1.711237000E-5
1.421383333E+9	1.673174000E-5
1.421386667E+9	1.697917000E-5
1.421390000E+9	1.651060000E-5
1.421393333E+9	1.657102000E-5
1.421396667E+9	1.662851000E-5
1.421400000E+9	1.668482000E-5
