Frequency, Hz	Amplitude, Volts
1.419400000E+9	1.801445000E-5
1.419403333E+9	1.763901000E-5
1.419406667E+9	1.715911000E-5
1.419410000E+9	1.712335000E-5
1.419413333E+9	1.814574000E-5
1.419416667E+9	1.752354000E-5
1.419420000E+9	1.687482000E-5
1.419423333E+9	1.737155000E-5
1.419426667E+9	1.710234000E-5
1.419430000E+9	1.745796000E-5
1.419433333E+9	1.717688000E-5
1.419436667E+9	1.713362000E-5
1.419440000E+9	1.766180000E-5
1.419443333E+9	1.749119000E-5
1.419446667E+9	1.836598000E-5
1.419450000E+9	2.069014000E-5
1.419453333E+9	2.016465000E-5
1.419456667E+9	1.902687000E-5
1.419460000E+9	1.743419000E-5
1.419463333E+9	1.714924000E-5
1.419466667E+9	1.722708000E-5
1.419470000E+9	1.727377000E-5
1.419473333E+9	1.727701000E-5
1.419476667E+9	1.738600000E-5
1.419480000E+9	1.739749000E-5
1.419483333E+9	1.665568000E-5
1.419486667E+9	1.727242000E-5
1.419490000E+9	1.758340000E-5
1.419493333E+9	1.862336000E-5
1.419496667E+9	1.758997000E-5
1.419500000E+9	1.720663000E-5
1.419503333E+9	1.732934000E-5
1.419506667E+9	1.771793000E-5
1.419510000E+9	1.747823000E-5
1.419513333E+9	1.722311000E-5
1.419516667E+9	1.721555000E-5
1.419520000E+9	1.705271000E-5
1.419523333E+9	1.715549000E-5
1.419526667E+9	1.682182000E-5
1.419530000E+9	1.709080000E-5
1.419533333E+9	1.678540000E-5
1.419536667E+9	1.733055000E-5
1.419540000E+9	1.801188000E-5
1.419543333E+9	1.759655000E-5
1.419546667E+9	1.698035000E-5
1.419550000E+9	1.701127000E-5
1.419553333E+9	1.708678000E-5
1.419556667E+9	1.706554000E-5
1.419560000E+9	1.716112000E-5
1.419563333E+9	1.732876000E-5
1.419566667E+9	1.694833000E-5
1.419570000E+9	1.715685000E-5
1.419573333E+9	1.715973000E-5
1.419576667E+9	1.767449000E-5
1.419580000E+9	1.735729000E-5
1.419583333E+9	1.752365000E-5
1.419586667E+9	1.815451000E-5
1.419590000E+9	1.760712000E-5
1.419593333E+9	1.699977000E-5
1.419596667E+9	1.724525000E-5
1.419600000E+9	1.691242000E-5
1.419603333E+9	1.703931000E-5
1.419606667E+9	1.707697000E-5
1.419610000E+9	1.744794000E-5
1.419613333E+9	1.716440000E-5
1.419616667E+9	1.688781000E-5
1.419620000E+9	1.708703000E-5
1.419623333E+9	1.731950000E-5
1.419626667E+9	1.719645000E-5
1.419630000E+9	1.724273000E-5
1.419633333E+9	1.846985000E-5
1.419636667E+9	1.737281000E-5
1.419640000E+9	1.720739000E-5
1.419643333E+9	1.676017000E-5
1.419646667E+9	1.738727000E-5
1.419650000E+9	1.719147000E-5
1.419653333E+9	1.700589000E-5
1.419656667E+9	1.777487000E-5
1.419660000E+9	1.738699000E-5
1.419663333E+9	1.712478000E-5
1.419666667E+9	1.687004000E-5
1.419670000E+9	1.712617000E-5
1.419673333E+9	1.698076000E-5
1.419676667E+9	1.707928000E-5
1.419680000E+9	1.799843000E-5
1.419683333E+9	1.701351000E-5
1.419686667E+9	1.713900000E-5
1.419690000E+9	1.687428000E-5
1.419693333E+9	1.677059000E-5
1.419696667E+9	1.704373000E-5
1.419700000E+9	1.732192000E-5
1.419703333E+9	1.718058000E-5
1.419706667E+9	1.821625000E-5
1.419710000E+9	1.832204000E-5
1.419713333E+9	1.683215000E-5
1.419716667E+9	1.649913000E-5
1.419720000E+9	1.691516000E-5
1.419723333E+9	1.699191000E-5
1.419726667E+9	1.799869000E-5
1.419730000E+9	1.785216000E-5
1.419733333E+9	1.845008000E-5
1.419736667E+9	1.721544000E-5
1.419740000E+9	1.791838000E-5
1.419743333E+9	2.035182000E-5
1.419746667E+9	2.076356000E-5
1.419750000E+9	1.861490000E-5
1.419753333E+9	1.722780000E-5
1.419756667E+9	1.731836000E-5
1.419760000E+9	1.746756000E-5
1.419763333E+9	1.710116000E-5
1.419766667E+9	1.703751000E-5
1.419770000E+9	1.711816000E-5
1.419773333E+9	1.765064000E-5
1.419776667E+9	1.775881000E-5
1.419780000E+9	1.727622000E-5
1.419783333E+9	1.697806000E-5
1.419786667E+9	1.652672000E-5
1.419790000E+9	1.691568000E-5
1.419793333E+9	1.691910000E-5
1.419796667E+9	1.710339000E-5
1.419800000E+9	1.687391000E-5
1.419803333E+9	1.672120000E-5
1.419806667E+9	1.699352000E-5
1.419810000E+9	1.692873000E-5
1.419813333E+9	1.703213000E-5
1.419816667E+9	1.749297000E-5
1.419820000E+9	1.818372000E-5
1.419823333E+9	1.743696000E-5
1.419826667E+9	1.728791000E-5
1.419830000E+9	1.693767000E-5
1.419833333E+9	1.660791000E-5
1.419836667E+9	1.669054000E-5
1.419840000E+9	1.687695000E-5
1.419843333E+9	1.732661000E-5
1.419846667E+9	1.734235000E-5
1.419850000E+9	1.691100000E-5
1.419853333E+9	1.701732000E-5
1.419856667E+9	1.698085000E-5
1.419860000E+9	1.737932000E-5
1.419863333E+9	1.708157000E-5
1.419866667E+9	1.799211000E-5
1.419870000E+9	1.863085000E-5
1.419873333E+9	1.732603000E-5
1.419876667E+9	1.697502000E-5
1.419880000E+9	1.712850000E-5
1.419883333E+9	1.726823000E-5
1.419886667E+9	1.715144000E-5
1.419890000E+9	1.743397000E-5
1.419893333E+9	1.696362000E-5
1.419896667E+9	1.714705000E-5
1.419900000E+9	1.677435000E-5
1.419903333E+9	1.720321000E-5
1.419906667E+9	1.690620000E-5
1.419910000E+9	1.720414000E-5
1.419913333E+9	1.765715000E-5
1.419916667E+9	1.716208000E-5
1.419920000E+9	1.742014000E-5
1.419923333E+9	1.691186000E-5
1.419926667E+9	1.683893000E-5
1.419930000E+9	1.681177000E-5
1.419933333E+9	1.714619000E-5
1.419936667E+9	1.703220000E-5
1.419940000E+9	1.694530000E-5
1.419943333E+9	1.685271000E-5
1.419946667E+9	1.687113000E-5
1.419950000E+9	1.743353000E-5
1.419953333E+9	1.692146000E-5
1.419956667E+9	1.702708000E-5
1.419960000E+9	1.730236000E-5
1.419963333E+9	1.736779000E-5
1.419966667E+9	1.667077000E-5
1.419970000E+9	1.716972000E-5
1.419973333E+9	1.706395000E-5
1.419976667E+9	1.702465000E-5
1.419980000E+9	1.724589000E-5
1.419983333E+9	1.768742000E-5
1.419986667E+9	1.708220000E-5
1.419990000E+9	1.660373000E-5
1.419993333E+9	1.691641000E-5
1.419996667E+9	1.721963000E-5
1.420000000E+9	2.074608000E-5
1.420003333E+9	2.712076000E-5
1.420006667E+9	1.825581000E-5
1.420010000E+9	1.713781000E-5
1.420013333E+9	1.654995000E-5
1.420016667E+9	1.680559000E-5
1.420020000E+9	1.724567000E-5
1.420023333E+9	1.680404000E-5
1.420026667E+9	1.719949000E-5
1.420030000E+9	1.687991000E-5
1.420033333E+9	1.806021000E-5
1.420036667E+9	1.918146000E-5
1.420040000E+9	1.971085000E-5
1.420043333E+9	1.734942000E-5
1.420046667E+9	1.711138000E-5
1.420050000E+9	1.743761000E-5
1.420053333E+9	1.798709000E-5
1.420056667E+9	1.684609000E-5
1.420060000E+9	1.668308000E-5
1.420063333E+9	1.649603000E-5
1.420066667E+9	1.689631000E-5
1.420070000E+9	1.644632000E-5
1.420073333E+9	1.692637000E-5
1.420076667E+9	1.670942000E-5
1.420080000E+9	1.652234000E-5
1.420083333E+9	1.692503000E-5
1.420086667E+9	1.726964000E-5
1.420090000E+9	1.705983000E-5
1.420093333E+9	1.703557000E-5
1.420096667E+9	1.692661000E-5
1.420100000E+9	1.738790000E-5
1.420103333E+9	1.709106000E-5
1.420106667E+9	1.638146000E-5
1.420110000E+9	1.682239000E-5
1.420113333E+9	1.664634000E-5
1.420116667E+9	1.679202000E-5
1.420120000E+9	1.676054000E-5
1.420123333E+9	1.685362000E-5
1.420126667E+9	1.673715000E-5
1.420130000E+9	1.676761000E-5
1.420133333E+9	1.701090000E-5
1.420136667E+9	1.705829000E-5
1.420140000E+9	1.668526000E-5
1.420143333E+9	1.669411000E-5
1.420146667E+9	1.760135000E-5
1.420150000E+9	1.683021000E-5
1.420153333E+9	1.665990000E-5
1.420156667E+9	1.684274000E-5
1.420160000E+9	1.683000000E-5
1.420163333E+9	1.709297000E-5
1.420166667E+9	1.670333000E-5
1.420170000E+9	1.694040000E-5
1.420173333E+9	1.685127000E-5
1.420176667E+9	1.659335000E-5
1.420180000E+9	1.665612000E-5
1.420183333E+9	1.686458000E-5
1.420186667E+9	1.656453000E-5
1.420190000E+9	1.726243000E-5
1.420193333E+9	1.750481000E-5
1.420196667E+9	1.700455000E-5
1.420200000E+9	1.711983000E-5
1.420203333E+9	1.686258000E-5
1.420206667E+9	1.643217000E-5
1.420210000E+9	1.654159000E-5
1.420213333E+9	1.710724000E-5
1.420216667E+9	1.689059000E-5
1.420220000E+9	1.691847000E-5
1.420223333E+9	1.652295000E-5
1.420226667E+9	1.714041000E-5
1.420230000E+9	1.682777000E-5
1.420233333E+9	1.669807000E-5
1.420236667E+9	1.714297000E-5
1.420240000E+9	1.758162000E-5
1.420243333E+9	1.691752000E-5
1.420246667E+9	1.681453000E-5
1.420250000E+9	1.697112000E-5
1.420253333E+9	1.710354000E-5
1.420256667E+9	1.719337000E-5
1.420260000E+9	1.697295000E-5
1.420263333E+9	1.697232000E-5
1.420266667E+9	1.673638000E-5
1.420270000E+9	1.692718000E-5
1.420273333E+9	1.716640000E-5
1.420276667E+9	1.720818000E-5
1.420280000E+9	1.690876000E-5
1.420283333E+9	1.721510000E-5
1.420286667E+9	1.743692000E-5
1.420290000E+9	1.700036000E-5
1.420293333E+9	1.701715000E-5
1.420296667E+9	1.969538000E-5
1.420300000E+9	1.769597000E-5
1.420303333E+9	1.721977000E-5
1.420306667E+9	1.771397000E-5
1.420310000E+9	1.864814000E-5
1.420313333E+9	1.787191000E-5
1.420316667E+9	1.757558000E-5
1.420320000E+9	1.739596000E-5
1.420323333E+9	1.757358000E-5
1.420326667E+9	1.819059000E-5
1.420330000E+9	1.995789000E-5
1.420333333E+9	2.097044000E-5
1.420336667E+9	1.859494000E-5
1.420340000E+9	1.792062000E-5
1.420343333E+9	1.796455000E-5
1.420346667E+9	1.807771000E-5
1.420350000E+9	1.800703000E-5
1.420353333E+9	1.833814000E-5
1.420356667E+9	1.837232000E-5
1.420360000E+9	1.855418000E-5
1.420363333E+9	1.806654000E-5
1.420366667E+9	1.847189000E-5
1.420370000E+9	1.841129000E-5
1.420373333E+9	1.795588000E-5
1.420376667E+9	1.886891000E-5
1.420380000E+9	1.897101000E-5
1.420383333E+9	1.843609000E-5
1.420386667E+9	1.855903000E-5
1.420390000E+9	1.837197000E-5
1.420393333E+9	1.858525000E-5
1.420396667E+9	1.802660000E-5
1.420400000E+9	1.878521000E-5
1.420403333E+9	1.877781000E-5
1.420406667E+9	1.865715000E-5
1.420410000E+9	1.862222000E-5
1.420413333E+9	1.837990000E-5
1.420416667E+9	1.869698000E-5
1.420420000E+9	1.869250000E-5
1.420423333E+9	1.874487000E-5
1.420426667E+9	1.901447000E-5
1.420430000E+9	1.926925000E-5
1.420433333E+9	1.869349000E-5
1.420436667E+9	1.893104000E-5
1.420440000E+9	1.885116000E-5
1.420443333E+9	1.833198000E-5
1.420446667E+9	1.882345000E-5
1.420450000E+9	1.893497000E-5
1.420453333E+9	1.862318000E-5
1.420456667E+9	1.913334000E-5
1.420460000E+9	1.885744000E-5
1.420463333E+9	1.844251000E-5
1.420466667E+9	1.846247000E-5
1.420470000E+9	1.823814000E-5
1.420473333E+9	1.844526000E-5
1.420476667E+9	1.827103000E-5
1.420480000E+9	1.754200000E-5
1.420483333E+9	1.775300000E-5
1.420486667E+9	1.772132000E-5
1.420490000E+9	1.774461000E-5
1.420493333E+9	1.735159000E-5
1.420496667E+9	1.727986000E-5
1.420500000E+9	1.775369000E-5
1.420503333E+9	1.769377000E-5
1.420506667E+9	1.729100000E-5
1.420510000E+9	1.722918000E-5
1.420513333E+9	1.701831000E-5
1.420516667E+9	1.746296000E-5
1.420520000E+9	1.800225000E-5
1.420523333E+9	1.756025000E-5
1.420526667E+9	1.685980000E-5
1.420530000E+9	1.718514000E-5
1.420533333E+9	1.721319000E-5
1.420536667E+9	1.712876000E-5
1.420540000E+9	1.720110000E-5
1.420543333E+9	1.730910000E-5
1.420546667E+9	1.724819000E-5
1.420550000E+9	1.699855000E-5
1.420553333E+9	1.691916000E-5
1.420556667E+9	1.704318000E-5
1.420560000E+9	1.668905000E-5
1.420563333E+9	1.746812000E-5
1.420566667E+9	1.744502000E-5
1.420570000E+9	1.695890000E-5
1.420573333E+9	1.714039000E-5
1.420576667E+9	1.673235000E-5
1.420580000E+9	1.678313000E-5
1.420583333E+9	1.651994000E-5
1.420586667E+9	1.694156000E-5
1.420590000E+9	2.197720000E-5
1.420593333E+9	1.867406000E-5
1.420596667E+9	1.632386000E-5
1.420600000E+9	1.742764000E-5
1.420603333E+9	1.813345000E-5
1.420606667E+9	1.685005000E-5
1.420610000E+9	1.707549000E-5
1.420613333E+9	1.720520000E-5
1.420616667E+9	1.692555000E-5
1.420620000E+9	1.841760000E-5
1.420623333E+9	1.959672000E-5
1.420626667E+9	2.047311000E-5
1.420630000E+9	1.717298000E-5
1.420633333E+9	1.696928000E-5
1.420636667E+9	1.719875000E-5
1.420640000E+9	1.696032000E-5
1.420643333E+9	1.671695000E-5
1.420646667E+9	1.658129000E-5
1.420650000E+9	1.693107000E-5
1.420653333E+9	1.672095000E-5
1.420656667E+9	1.706822000E-5
1.420660000E+9	1.694066000E-5
1.420663333E+9	1.669515000E-5
1.420666667E+9	1.662511000E-5
1.420670000E+9	1.676602000E-5
1.420673333E+9	1.672227000E-5
1.420676667E+9	1.663707000E-5
1.420680000E+9	1.671166000E-5
1.420683333E+9	1.647395000E-5
1.420686667E+9	1.646115000E-5
1.420690000E+9	1.625548000E-5
1.420693333E+9	1.646317000E-5
1.420696667E+9	1.686021000E-5
1.420700000E+9	1.691582000E-5
1.420703333E+9	1.668931000E-5
1.420706667E+9	1.695298000E-5
1.420710000E+9	1.639182000E-5
1.420713333E+9	1.658058000E-5
1.420716667E+9	1.639672000E-5
1.420720000E+9	1.651883000E-5
1.420723333E+9	1.639108000E-5
1.420726667E+9	1.676481000E-5
1.420730000E+9	1.659646000E-5
1.420733333E+9	1.657454000E-5
1.420736667E+9	1.668742000E-5
1.420740000E+9	1.669537000E-5
1.420743333E+9	1.645864000E-5
1.420746667E+9	1.693033000E-5
1.420750000E+9	1.723323000E-5
1.420753333E+9	1.727280000E-5
1.420756667E+9	1.675739000E-5
1.420760000E+9	1.649688000E-5
1.420763333E+9	1.659632000E-5
1.420766667E+9	1.625118000E-5
1.420770000E+9	1.670425000E-5
1.420773333E+9	1.671237000E-5
1.420776667E+9	1.678483000E-5
1.420780000E+9	1.655148000E-5
1.420783333E+9	1.657552000E-5
1.420786667E+9	1.651494000E-5
1.420790000E+9	1.676356000E-5
1.420793333E+9	1.687580000E-5
1.420796667E+9	1.679556000E-5
1.420800000E+9	1.717183000E-5
1.420803333E+9	1.697261000E-5
1.420806667E+9	1.650319000E-5
1.420810000E+9	1.648879000E-5
1.420813333E+9	1.655337000E-5
1.420816667E+9	1.638423000E-5
1.420820000E+9	1.695388000E-5
1.420823333E+9	1.681680000E-5
1.420826667E+9	1.696049000E-5
1.420830000E+9	1.663473000E-5
1.420833333E+9	1.647023000E-5
1.420836667E+9	1.641542000E-5
1.420840000E+9	1.654930000E-5
1.420843333E+9	1.650535000E-5
1.420846667E+9	1.703561000E-5
1.420850000E+9	1.648557000E-5
1.420853333E+9	1.671803000E-5
1.420856667E+9	1.651718000E-5
1.420860000E+9	1.638322000E-5
1.420863333E+9	1.670533000E-5
1.420866667E+9	1.703084000E-5
1.420870000E+9	1.637247000E-5
1.420873333E+9	1.665597000E-5
1.420876667E+9	1.658528000E-5
1.420880000E+9	1.677676000E-5
1.420883333E+9	2.589694000E-5
1.420886667E+9	2.568352000E-5
1.420890000E+9	1.689224000E-5
1.420893333E+9	1.711051000E-5
1.420896667E+9	1.702115000E-5
1.420900000E+9	1.693178000E-5
1.420903333E+9	1.660742000E-5
1.420906667E+9	1.670337000E-5
1.420910000E+9	1.677763000E-5
1.420913333E+9	2.216298000E-5
1.420916667E+9	2.319944000E-5
1.420920000E+9	2.549780000E-5
1.420923333E+9	1.701082000E-5
1.420926667E+9	1.747142000E-5
1.420930000E+9	1.778229000E-5
1.420933333E+9	1.661644000E-5
1.420936667E+9	1.681237000E-5
1.420940000E+9	1.720610000E-5
1.420943333E+9	1.695107000E-5
1.420946667E+9	1.658422000E-5
1.420950000E+9	1.673070000E-5
1.420953333E+9	1.647802000E-5
1.420956667E+9	1.679281000E-5
1.420960000E+9	1.651053000E-5
1.420963333E+9	1.641852000E-5
1.420966667E+9	1.702115000E-5
1.420970000E+9	1.701134000E-5
1.420973333E+9	1.677917000E-5
1.420976667E+9	1.632248000E-5
1.420980000E+9	1.655857000E-5
1.420983333E+9	1.679336000E-5
1.420986667E+9	1.743022000E-5
1.420990000E+9	1.708961000E-5
1.420993333E+9	1.711553000E-5
1.420996667E+9	1.703304000E-5
1.421000000E+9	1.633238000E-5
1.421003333E+9	1.623820000E-5
1.421006667E+9	1.657372000E-5
1.421010000E+9	1.660171000E-5
1.421013333E+9	1.653980000E-5
1.421016667E+9	1.658597000E-5
1.421020000E+9	1.646466000E-5
1.421023333E+9	1.674512000E-5
1.421026667E+9	1.651561000E-5
1.421030000E+9	1.671735000E-5
1.421033333E+9	1.689742000E-5
1.421036667E+9	1.671320000E-5
1.421040000E+9	1.722610000E-5
1.421043333E+9	1.700313000E-5
1.421046667E+9	1.660568000E-5
1.421050000E+9	1.665275000E-5
1.421053333E+9	1.665158000E-5
1.421056667E+9	1.656513000E-5
1.421060000E+9	1.654399000E-5
1.421063333E+9	1.707928000E-5
1.421066667E+9	1.664941000E-5
1.421070000E+9	1.612163000E-5
1.421073333E+9	1.641947000E-5
1.421076667E+9	1.713254000E-5
1.421080000E+9	1.688657000E-5
1.421083333E+9	1.671527000E-5
1.421086667E+9	1.649451000E-5
1.421090000E+9	1.652074000E-5
1.421093333E+9	1.679698000E-5
1.421096667E+9	1.705024000E-5
1.421100000E+9	1.706470000E-5
1.421103333E+9	1.670509000E-5
1.421106667E+9	1.664482000E-5
1.421110000E+9	1.632218000E-5
1.421113333E+9	1.683801000E-5
1.421116667E+9	1.630398000E-5
1.421120000E+9	1.665283000E-5
1.421123333E+9	1.678096000E-5
1.421126667E+9	1.661159000E-5
1.421130000E+9	1.712135000E-5
1.421133333E+9	1.668431000E-5
1.421136667E+9	1.675029000E-5
1.421140000E+9	1.634906000E-5
1.421143333E+9	1.666971000E-5
1.421146667E+9	1.682716000E-5
1.421150000E+9	1.673411000E-5
1.421153333E+9	1.670029000E-5
1.421156667E+9	1.658211000E-5
1.421160000E+9	1.665380000E-5
1.421163333E+9	1.664877000E-5
1.421166667E+9	1.671889000E-5
1.421170000E+9	1.706955000E-5
1.421173333E+9	1.672541000E-5
1.421176667E+9	1.975466000E-5
1.421180000E+9	2.534905000E-5
1.421183333E+9	1.701594000E-5
1.421186667E+9	1.650946000E-5
1.421190000E+9	1.639188000E-5
1.421193333E+9	1.686167000E-5
1.421196667E+9	1.717711000E-5
1.421200000E+9	1.721736000E-5
1.421203333E+9	1.656995000E-5
1.421206667E+9	1.831049000E-5
1.421210000E+9	1.901061000E-5
1.421213333E+9	2.004131000E-5
1.421216667E+9	1.680508000E-5
1.421220000E+9	1.702059000E-5
1.421223333E+9	1.681606000E-5
1.421226667E+9	1.671316000E-5
1.421230000E+9	1.686722000E-5
1.421233333E+9	1.648778000E-5
1.421236667E+9	1.652878000E-5
1.421240000E+9	1.668749000E-5
1.421243333E+9	1.646650000E-5
1.421246667E+9	1.637700000E-5
1.421250000E+9	1.645965000E-5
1.421253333E+9	1.642638000E-5
1.421256667E+9	1.655397000E-5
1.421260000E+9	1.711301000E-5
1.421263333E+9	1.795734000E-5
1.421266667E+9	1.954000000E-5
1.421270000E+9	1.737226000E-5
1.421273333E+9	1.681137000E-5
1.421276667E+9	1.718329000E-5
1.421280000E+9	1.741419000E-5
1.421283333E+9	1.731901000E-5
1.421286667E+9	1.668689000E-5
1.421290000E+9	1.688297000E-5
1.421293333E+9	1.685288000E-5
1.421296667E+9	1.658877000E-5
1.421300000E+9	1.696818000E-5
1.421303333E+9	1.683684000E-5
1.421306667E+9	1.721031000E-5
1.421310000E+9	1.699962000E-5
1.421313333E+9	1.715575000E-5
1.421316667E+9	1.673803000E-5
1.421320000E+9	1.647553000E-5
1.421323333E+9	1.723234000E-5
1.421326667E+9	1.691485000E-5
1.421330000E+9	1.787368000E-5
1.421333333E+9	2.473517000E-5
1.421336667E+9	1.891342000E-5
1.421340000E+9	1.692020000E-5
1.421343333E+9	1.720895000E-5
1.421346667E+9	1.791275000E-5
1.421350000E+9	1.744997000E-5
1.421353333E+9	1.686245000E-5
1.421356667E+9	1.709829000E-5
1.421360000E+9	1.734685000E-5
1.421363333E+9	1.706142000E-5
1.421366667E+9	1.717877000E-5
1.421370000E+9	1.684821000E-5
1.421373333E+9	1.680574000E-5
1.421376667E+9	1.645819000E-5
1.421380000E+9	1.685488000E-5
1.421383333E+9	1.705911000E-5
1.421386667E+9	1.682398000E-5
1.421390000E+9	1.660032000E-5
1.421393333E+9	1.661688000E-5
1.421396667E+9	1.700854000E-5
1.421400000E+9	2.229534000E-5
