Frequency, Hz	Amplitude, Volts
1.419400000E+9	2.210667000E-5
1.419403333E+9	2.182556000E-5
1.419406667E+9	2.190348000E-5
1.419410000E+9	2.219464000E-5
1.419413333E+9	2.222578000E-5
1.419416667E+9	2.143600000E-5
1.419420000E+9	2.169101000E-5
1.419423333E+9	2.180781000E-5
1.419426667E+9	2.150161000E-5
1.419430000E+9	2.185136000E-5
1.419433333E+9	2.277756000E-5
1.419436667E+9	2.202556000E-5
1.419440000E+9	2.188231000E-5
1.419443333E+9	2.192914000E-5
1.419446667E+9	2.256873000E-5
1.419450000E+9	2.297127000E-5
1.419453333E+9	2.574456000E-5
1.419456667E+9	2.430037000E-5
1.419460000E+9	2.261824000E-5
1.419463333E+9	2.258828000E-5
1.419466667E+9	2.172054000E-5
1.419470000E+9	2.142972000E-5
1.419473333E+9	2.181840000E-5
1.419476667E+9	2.197358000E-5
1.419480000E+9	2.173641000E-5
1.419483333E+9	2.158543000E-5
1.419486667E+9	2.178228000E-5
1.419490000E+9	2.178797000E-5
1.419493333E+9	2.240351000E-5
1.419496667E+9	2.190695000E-5
1.419500000E+9	2.153771000E-5
1.419503333E+9	2.164576000E-5
1.419506667E+9	2.177424000E-5
1.419510000E+9	2.195378000E-5
1.419513333E+9	2.186802000E-5
1.419516667E+9	2.169647000E-5
1.419520000E+9	2.192480000E-5
1.419523333E+9	2.213242000E-5
1.419526667E+9	2.131750000E-5
1.419530000E+9	2.160580000E-5
1.419533333E+9	2.147853000E-5
1.419536667E+9	2.191404000E-5
1.419540000E+9	2.143007000E-5
1.419543333E+9	2.169737000E-5
1.419546667E+9	2.239252000E-5
1.419550000E+9	2.151934000E-5
1.419553333E+9	2.163576000E-5
1.419556667E+9	2.164106000E-5
1.419560000E+9	2.142177000E-5
1.419563333E+9	2.159636000E-5
1.419566667E+9	2.135747000E-5
1.419570000E+9	2.189937000E-5
1.419573333E+9	2.183136000E-5
1.419576667E+9	2.138145000E-5
1.419580000E+9	2.201185000E-5
1.419583333E+9	2.180930000E-5
1.419586667E+9	2.150923000E-5
1.419590000E+9	2.168994000E-5
1.419593333E+9	2.157342000E-5
1.419596667E+9	2.193506000E-5
1.419600000E+9	2.174758000E-5
1.419603333E+9	2.156326000E-5
1.419606667E+9	2.172133000E-5
1.419610000E+9	2.169642000E-5
1.419613333E+9	2.237583000E-5
1.419616667E+9	2.193335000E-5
1.419620000E+9	2.220576000E-5
1.419623333E+9	2.188615000E-5
1.419626667E+9	2.177790000E-5
1.419630000E+9	2.172782000E-5
1.419633333E+9	2.201458000E-5
1.419636667E+9	2.167523000E-5
1.419640000E+9	2.177570000E-5
1.419643333E+9	2.177857000E-5
1.419646667E+9	2.197129000E-5
1.419650000E+9	2.191958000E-5
1.419653333E+9	2.167644000E-5
1.419656667E+9	2.160132000E-5
1.419660000E+9	2.152627000E-5
1.419663333E+9	2.152033000E-5
1.419666667E+9	2.157174000E-5
1.419670000E+9	2.208125000E-5
1.419673333E+9	2.173471000E-5
1.419676667E+9	2.157049000E-5
1.419680000E+9	2.207546000E-5
1.419683333E+9	2.159869000E-5
1.419686667E+9	2.161494000E-5
1.419690000E+9	2.177601000E-5
1.419693333E+9	2.188310000E-5
1.419696667E+9	2.112590000E-5
1.419700000E+9	2.147065000E-5
1.419703333E+9	2.139129000E-5
1.419706667E+9	2.163327000E-5
1.419710000E+9	2.183745000E-5
1.419713333E+9	2.190401000E-5
1.419716667E+9	2.197568000E-5
1.419720000E+9	2.150236000E-5
1.419723333E+9	2.152927000E-5
1.419726667E+9	2.366183000E-5
1.419730000E+9	2.231067000E-5
1.419733333E+9	2.319071000E-5
1.419736667E+9	2.215539000E-5
1.419740000E+9	2.266393000E-5
1.419743333E+9	2.310770000E-5
1.419746667E+9	2.723098000E-5
1.419750000E+9	2.369794000E-5
1.419753333E+9	2.281638000E-5
1.419756667E+9	2.280724000E-5
1.419760000E+9	2.181854000E-5
1.419763333E+9	2.162671000E-5
1.419766667E+9	2.191801000E-5
1.419770000E+9	2.218916000E-5
1.419773333E+9	2.194397000E-5
1.419776667E+9	2.159729000E-5
1.419780000E+9	2.170745000E-5
1.419783333E+9	2.156459000E-5
1.419786667E+9	2.154535000E-5
1.419790000E+9	2.200252000E-5
1.419793333E+9	2.227616000E-5
1.419796667E+9	2.179194000E-5
1.419800000E+9	2.209151000E-5
1.419803333E+9	2.170214000E-5
1.419806667E+9	2.173154000E-5
1.419810000E+9	2.213932000E-5
1.419813333E+9	2.184443000E-5
1.419816667E+9	2.195610000E-5
1.419820000E+9	2.171503000E-5
1.419823333E+9	2.129766000E-5
1.419826667E+9	2.154322000E-5
1.419830000E+9	2.121348000E-5
1.419833333E+9	2.190969000E-5
1.419836667E+9	2.197549000E-5
1.419840000E+9	2.190149000E-5
1.419843333E+9	2.144495000E-5
1.419846667E+9	2.180336000E-5
1.419850000E+9	2.181468000E-5
1.419853333E+9	2.165891000E-5
1.419856667E+9	2.204399000E-5
1.419860000E+9	2.182247000E-5
1.419863333E+9	2.151296000E-5
1.419866667E+9	2.144370000E-5
1.419870000E+9	2.168768000E-5
1.419873333E+9	2.144321000E-5
1.419876667E+9	2.171179000E-5
1.419880000E+9	2.166374000E-5
1.419883333E+9	2.105652000E-5
1.419886667E+9	2.193070000E-5
1.419890000E+9	2.106168000E-5
1.419893333E+9	2.136908000E-5
1.419896667E+9	2.150373000E-5
1.419900000E+9	2.162614000E-5
1.419903333E+9	2.144100000E-5
1.419906667E+9	2.180364000E-5
1.419910000E+9	2.170984000E-5
1.419913333E+9	2.173094000E-5
1.419916667E+9	2.173154000E-5
1.419920000E+9	2.209833000E-5
1.419923333E+9	2.133921000E-5
1.419926667E+9	2.155581000E-5
1.419930000E+9	2.175942000E-5
1.419933333E+9	2.191780000E-5
1.419936667E+9	2.130884000E-5
1.419940000E+9	2.161123000E-5
1.419943333E+9	2.147537000E-5
1.419946667E+9	2.159492000E-5
1.419950000E+9	2.162063000E-5
1.419953333E+9	2.136328000E-5
1.419956667E+9	2.159150000E-5
1.419960000E+9	2.151403000E-5
1.419963333E+9	2.168889000E-5
1.419966667E+9	2.157558000E-5
1.419970000E+9	2.138241000E-5
1.419973333E+9	2.176258000E-5
1.419976667E+9	2.208406000E-5
1.419980000E+9	2.280464000E-5
1.419983333E+9	2.164659000E-5
1.419986667E+9	2.106570000E-5
1.419990000E+9	2.135702000E-5
1.419993333E+9	2.144111000E-5
1.419996667E+9	2.184431000E-5
1.420000000E+9	2.210578000E-5
1.420003333E+9	2.285989000E-5
1.420006667E+9	2.133272000E-5
1.420010000E+9	2.192998000E-5
1.420013333E+9	2.148917000E-5
1.420016667E+9	2.134352000E-5
1.420020000E+9	2.366344000E-5
1.420023333E+9	2.181258000E-5
1.420026667E+9	2.233776000E-5
1.420030000E+9	2.182139000E-5
1.420033333E+9	2.263347000E-5
1.420036667E+9	2.333077000E-5
1.420040000E+9	2.778394000E-5
1.420043333E+9	2.247165000E-5
1.420046667E+9	2.238954000E-5
1.420050000E+9	2.230940000E-5
1.420053333E+9	2.198055000E-5
1.420056667E+9	2.132900000E-5
1.420060000E+9	2.187080000E-5
1.420063333E+9	2.163163000E-5
1.420066667E+9	2.132876000E-5
1.420070000E+9	2.158098000E-5
1.420073333E+9	2.178608000E-5
1.420076667E+9	2.153839000E-5
1.420080000E+9	2.180170000E-5
1.420083333E+9	2.195694000E-5
1.420086667E+9	2.162982000E-5
1.420090000E+9	2.154663000E-5
1.420093333E+9	2.132122000E-5
1.420096667E+9	2.179019000E-5
1.420100000E+9	2.128560000E-5
1.420103333E+9	2.169416000E-5
1.420106667E+9	2.174235000E-5
1.420110000E+9	2.153835000E-5
1.420113333E+9	2.166255000E-5
1.420116667E+9	2.147160000E-5
1.420120000E+9	2.150430000E-5
1.420123333E+9	2.173454000E-5
1.420126667E+9	2.168911000E-5
1.420130000E+9	2.181109000E-5
1.420133333E+9	2.178075000E-5
1.420136667E+9	2.150652000E-5
1.420140000E+9	2.133687000E-5
1.420143333E+9	2.137215000E-5
1.420146667E+9	2.184196000E-5
1.420150000E+9	2.164514000E-5
1.420153333E+9	2.164624000E-5
1.420156667E+9	2.175680000E-5
1.420160000E+9	2.146971000E-5
1.420163333E+9	2.150746000E-5
1.420166667E+9	2.145675000E-5
1.420170000E+9	2.135545000E-5
1.420173333E+9	2.122415000E-5
1.420176667E+9	2.134326000E-5
1.420180000E+9	2.120554000E-5
1.420183333E+9	2.149485000E-5
1.420186667E+9	2.134017000E-5
1.420190000E+9	2.195624000E-5
1.420193333E+9	2.148431000E-5
1.420196667E+9	2.147186000E-5
1.420200000E+9	2.135381000E-5
1.420203333E+9	2.139453000E-5
1.420206667E+9	2.159093000E-5
1.420210000E+9	2.165037000E-5
1.420213333E+9	2.186005000E-5
1.420216667E+9	2.201879000E-5
1.420220000E+9	2.144846000E-5
1.420223333E+9	2.165798000E-5
1.420226667E+9	2.141152000E-5
1.420230000E+9	2.169892000E-5
1.420233333E+9	2.152419000E-5
1.420236667E+9	2.195679000E-5
1.420240000E+9	2.207095000E-5
1.420243333E+9	2.161907000E-5
1.420246667E+9	2.183596000E-5
1.420250000E+9	2.167747000E-5
1.420253333E+9	2.147169000E-5
1.420256667E+9	2.167611000E-5
1.420260000E+9	2.189007000E-5
1.420263333E+9	2.170578000E-5
1.420266667E+9	2.265515000E-5
1.420270000E+9	2.185957000E-5
1.420273333E+9	2.191806000E-5
1.420276667E+9	2.125193000E-5
1.420280000E+9	2.118018000E-5
1.420283333E+9	2.173705000E-5
1.420286667E+9	2.178649000E-5
1.420290000E+9	2.138300000E-5
1.420293333E+9	2.147424000E-5
1.420296667E+9	2.209330000E-5
1.420300000E+9	2.156966000E-5
1.420303333E+9	2.169282000E-5
1.420306667E+9	2.148506000E-5
1.420310000E+9	2.170092000E-5
1.420313333E+9	2.337168000E-5
1.420316667E+9	2.184625000E-5
1.420320000E+9	2.156916000E-5
1.420323333E+9	2.137417000E-5
1.420326667E+9	2.321708000E-5
1.420330000E+9	2.271512000E-5
1.420333333E+9	2.820679000E-5
1.420336667E+9	2.247320000E-5
1.420340000E+9	2.249458000E-5
1.420343333E+9	2.202055000E-5
1.420346667E+9	2.156511000E-5
1.420350000E+9	2.153735000E-5
1.420353333E+9	2.143690000E-5
1.420356667E+9	2.168566000E-5
1.420360000E+9	2.149271000E-5
1.420363333E+9	2.188603000E-5
1.420366667E+9	2.179086000E-5
1.420370000E+9	2.150937000E-5
1.420373333E+9	2.215209000E-5
1.420376667E+9	2.180987000E-5
1.420380000E+9	2.152192000E-5
1.420383333E+9	2.168920000E-5
1.420386667E+9	2.181576000E-5
1.420390000E+9	2.140101000E-5
1.420393333E+9	2.158797000E-5
1.420396667E+9	2.201806000E-5
1.420400000E+9	2.151133000E-5
1.420403333E+9	2.163897000E-5
1.420406667E+9	2.158712000E-5
1.420410000E+9	2.106397000E-5
1.420413333E+9	2.166538000E-5
1.420416667E+9	2.151946000E-5
1.420420000E+9	2.204385000E-5
1.420423333E+9	2.152501000E-5
1.420426667E+9	2.152485000E-5
1.420430000E+9	2.192304000E-5
1.420433333E+9	2.161261000E-5
1.420436667E+9	2.161923000E-5
1.420440000E+9	2.212889000E-5
1.420443333E+9	2.170519000E-5
1.420446667E+9	2.164476000E-5
1.420450000E+9	2.172772000E-5
1.420453333E+9	2.157975000E-5
1.420456667E+9	2.207575000E-5
1.420460000E+9	2.167594000E-5
1.420463333E+9	2.146743000E-5
1.420466667E+9	2.150675000E-5
1.420470000E+9	2.168506000E-5
1.420473333E+9	2.182252000E-5
1.420476667E+9	2.191258000E-5
1.420480000E+9	2.157923000E-5
1.420483333E+9	2.141032000E-5
1.420486667E+9	2.165313000E-5
1.420490000E+9	2.185794000E-5
1.420493333E+9	2.175794000E-5
1.420496667E+9	2.201108000E-5
1.420500000E+9	2.182364000E-5
1.420503333E+9	2.175598000E-5
1.420506667E+9	2.152724000E-5
1.420510000E+9	2.190300000E-5
1.420513333E+9	2.141791000E-5
1.420516667E+9	2.199018000E-5
1.420520000E+9	2.148631000E-5
1.420523333E+9	2.156163000E-5
1.420526667E+9	2.131619000E-5
1.420530000E+9	2.172297000E-5
1.420533333E+9	2.136181000E-5
1.420536667E+9	2.131027000E-5
1.420540000E+9	2.170664000E-5
1.420543333E+9	2.137206000E-5
1.420546667E+9	2.142535000E-5
1.420550000E+9	2.165261000E-5
1.420553333E+9	2.184287000E-5
1.420556667E+9	2.165713000E-5
1.420560000E+9	2.113284000E-5
1.420563333E+9	2.158788000E-5
1.420566667E+9	2.160061000E-5
1.420570000E+9	2.114533000E-5
1.420573333E+9	2.146660000E-5
1.420576667E+9	2.151573000E-5
1.420580000E+9	2.122478000E-5
1.420583333E+9	2.196781000E-5
1.420586667E+9	2.127336000E-5
1.420590000E+9	2.171911000E-5
1.420593333E+9	2.177367000E-5
1.420596667E+9	2.147395000E-5
1.420600000E+9	2.172324000E-5
1.420603333E+9	2.196692000E-5
1.420606667E+9	2.337641000E-5
1.420610000E+9	2.182681000E-5
1.420613333E+9	2.201504000E-5
1.420616667E+9	2.150770000E-5
1.420620000E+9	2.373411000E-5
1.420623333E+9	2.527754000E-5
1.420626667E+9	3.244818000E-5
1.420630000E+9	2.215469000E-5
1.420633333E+9	2.280036000E-5
1.420636667E+9	2.189692000E-5
1.420640000E+9	2.171246000E-5
1.420643333E+9	2.182973000E-5
1.420646667E+9	2.161149000E-5
1.420650000E+9	2.134586000E-5
1.420653333E+9	2.163685000E-5
1.420656667E+9	2.147051000E-5
1.420660000E+9	2.135829000E-5
1.420663333E+9	2.086621000E-5
1.420666667E+9	2.167128000E-5
1.420670000E+9	2.141013000E-5
1.420673333E+9	2.121831000E-5
1.420676667E+9	2.188070000E-5
1.420680000E+9	2.118641000E-5
1.420683333E+9	2.168782000E-5
1.420686667E+9	2.145604000E-5
1.420690000E+9	2.161209000E-5
1.420693333E+9	2.199318000E-5
1.420696667E+9	2.160526000E-5
1.420700000E+9	2.165282000E-5
1.420703333E+9	2.133347000E-5
1.420706667E+9	2.148995000E-5
1.420710000E+9	2.205005000E-5
1.420713333E+9	2.146768000E-5
1.420716667E+9	2.180218000E-5
1.420720000E+9	2.139761000E-5
1.420723333E+9	2.179539000E-5
1.420726667E+9	2.151275000E-5
1.420730000E+9	2.118727000E-5
1.420733333E+9	2.150557000E-5
1.420736667E+9	2.141980000E-5
1.420740000E+9	2.156430000E-5
1.420743333E+9	2.150378000E-5
1.420746667E+9	2.134743000E-5
1.420750000E+9	2.149766000E-5
1.420753333E+9	2.140811000E-5
1.420756667E+9	2.170416000E-5
1.420760000E+9	2.178362000E-5
1.420763333E+9	2.167016000E-5
1.420766667E+9	2.135536000E-5
1.420770000E+9	2.167618000E-5
1.420773333E+9	2.138149000E-5
1.420776667E+9	2.133766000E-5
1.420780000E+9	2.174201000E-5
1.420783333E+9	2.151981000E-5
1.420786667E+9	2.153189000E-5
1.420790000E+9	2.132893000E-5
1.420793333E+9	2.188473000E-5
1.420796667E+9	2.157584000E-5
1.420800000E+9	2.147634000E-5
1.420803333E+9	2.137105000E-5
1.420806667E+9	2.176748000E-5
1.420810000E+9	2.266473000E-5
1.420813333E+9	2.145331000E-5
1.420816667E+9	2.166069000E-5
1.420820000E+9	2.186513000E-5
1.420823333E+9	2.163868000E-5
1.420826667E+9	2.166674000E-5
1.420830000E+9	2.153265000E-5
1.420833333E+9	2.146695000E-5
1.420836667E+9	2.730787000E-5
1.420840000E+9	3.165988000E-5
1.420843333E+9	2.211104000E-5
1.420846667E+9	2.144924000E-5
1.420850000E+9	2.108727000E-5
1.420853333E+9	2.158141000E-5
1.420856667E+9	2.138680000E-5
1.420860000E+9	2.148926000E-5
1.420863333E+9	2.179237000E-5
1.420866667E+9	2.242568000E-5
1.420870000E+9	2.191484000E-5
1.420873333E+9	2.121581000E-5
1.420876667E+9	2.186970000E-5
1.420880000E+9	2.183565000E-5
1.420883333E+9	2.228188000E-5
1.420886667E+9	2.196528000E-5
1.420890000E+9	2.176779000E-5
1.420893333E+9	2.164641000E-5
1.420896667E+9	2.426707000E-5
1.420900000E+9	2.632042000E-5
1.420903333E+9	2.218823000E-5
1.420906667E+9	2.207066000E-5
1.420910000E+9	2.178964000E-5
1.420913333E+9	2.830864000E-5
1.420916667E+9	3.358519000E-5
1.420920000E+9	4.939713000E-5
1.420923333E+9	2.367893000E-5
1.420926667E+9	2.666944000E-5
1.420930000E+9	2.265035000E-5
1.420933333E+9	2.122091000E-5
1.420936667E+9	2.144050000E-5
1.420940000E+9	2.141352000E-5
1.420943333E+9	2.166474000E-5
1.420946667E+9	2.150526000E-5
1.420950000E+9	2.178467000E-5
1.420953333E+9	2.173614000E-5
1.420956667E+9	2.158216000E-5
1.420960000E+9	2.182978000E-5
1.420963333E+9	2.134671000E-5
1.420966667E+9	2.145873000E-5
1.420970000E+9	2.171272000E-5
1.420973333E+9	2.151360000E-5
1.420976667E+9	2.139054000E-5
1.420980000E+9	2.190072000E-5
1.420983333E+9	2.224907000E-5
1.420986667E+9	2.182760000E-5
1.420990000E+9	2.159790000E-5
1.420993333E+9	2.153073000E-5
1.420996667E+9	2.148848000E-5
1.421000000E+9	2.163754000E-5
1.421003333E+9	2.147551000E-5
1.421006667E+9	2.149207000E-5
1.421010000E+9	2.134533000E-5
1.421013333E+9	2.125739000E-5
1.421016667E+9	2.134148000E-5
1.421020000E+9	2.175336000E-5
1.421023333E+9	2.115752000E-5
1.421026667E+9	2.121970000E-5
1.421030000E+9	2.125307000E-5
1.421033333E+9	2.146116000E-5
1.421036667E+9	2.172226000E-5
1.421040000E+9	2.147537000E-5
1.421043333E+9	2.180120000E-5
1.421046667E+9	2.140111000E-5
1.421050000E+9	2.194055000E-5
1.421053333E+9	2.114147000E-5
1.421056667E+9	2.124388000E-5
1.421060000E+9	2.124448000E-5
1.421063333E+9	2.108417000E-5
1.421066667E+9	2.164379000E-5
1.421070000E+9	2.102337000E-5
1.421073333E+9	2.149738000E-5
1.421076667E+9	2.129497000E-5
1.421080000E+9	2.135393000E-5
1.421083333E+9	2.119833000E-5
1.421086667E+9	2.130143000E-5
1.421090000E+9	2.123273000E-5
1.421093333E+9	2.146443000E-5
1.421096667E+9	2.169128000E-5
1.421100000E+9	2.138640000E-5
1.421103333E+9	2.148820000E-5
1.421106667E+9	2.152591000E-5
1.421110000E+9	2.103330000E-5
1.421113333E+9	2.133818000E-5
1.421116667E+9	2.159352000E-5
1.421120000E+9	2.169759000E-5
1.421123333E+9	2.132211000E-5
1.421126667E+9	2.145312000E-5
1.421130000E+9	2.175331000E-5
1.421133333E+9	2.160431000E-5
1.421136667E+9	2.152936000E-5
1.421140000E+9	2.181823000E-5
1.421143333E+9	2.159236000E-5
1.421146667E+9	2.181313000E-5
1.421150000E+9	2.137504000E-5
1.421153333E+9	2.103422000E-5
1.421156667E+9	2.182726000E-5
1.421160000E+9	2.135925000E-5
1.421163333E+9	2.162035000E-5
1.421166667E+9	2.160815000E-5
1.421170000E+9	2.170822000E-5
1.421173333E+9	2.165503000E-5
1.421176667E+9	2.167732000E-5
1.421180000E+9	2.287842000E-5
1.421183333E+9	2.138060000E-5
1.421186667E+9	2.148341000E-5
1.421190000E+9	2.226846000E-5
1.421193333E+9	2.201507000E-5
1.421196667E+9	2.157712000E-5
1.421200000E+9	2.167730000E-5
1.421203333E+9	2.144636000E-5
1.421206667E+9	2.402249000E-5
1.421210000E+9	2.620071000E-5
1.421213333E+9	3.327606000E-5
1.421216667E+9	2.225357000E-5
1.421220000E+9	2.322411000E-5
1.421223333E+9	2.169130000E-5
1.421226667E+9	2.142732000E-5
1.421230000E+9	2.161149000E-5
1.421233333E+9	2.201700000E-5
1.421236667E+9	2.133581000E-5
1.421240000E+9	2.133221000E-5
1.421243333E+9	2.161029000E-5
1.421246667E+9	2.143516000E-5
1.421250000E+9	2.135960000E-5
1.421253333E+9	2.149382000E-5
1.421256667E+9	2.151143000E-5
1.421260000E+9	2.166076000E-5
1.421263333E+9	2.183421000E-5
1.421266667E+9	2.173657000E-5
1.421270000E+9	2.136171000E-5
1.421273333E+9	2.160552000E-5
1.421276667E+9	2.162491000E-5
1.421280000E+9	2.181176000E-5
1.421283333E+9	2.152984000E-5
1.421286667E+9	2.112075000E-5
1.421290000E+9	2.190074000E-5
1.421293333E+9	2.163170000E-5
1.421296667E+9	2.161202000E-5
1.421300000E+9	2.196733000E-5
1.421303333E+9	2.123919000E-5
1.421306667E+9	2.171916000E-5
1.421310000E+9	2.120051000E-5
1.421313333E+9	2.168535000E-5
1.421316667E+9	2.197927000E-5
1.421320000E+9	2.211078000E-5
1.421323333E+9	2.214623000E-5
1.421326667E+9	2.170710000E-5
1.421330000E+9	2.190772000E-5
1.421333333E+9	2.193118000E-5
1.421336667E+9	2.202324000E-5
1.421340000E+9	2.217523000E-5
1.421343333E+9	2.461955000E-5
1.421346667E+9	2.417939000E-5
1.421350000E+9	2.227677000E-5
1.421353333E+9	2.210769000E-5
1.421356667E+9	2.250014000E-5
1.421360000E+9	2.207999000E-5
1.421363333E+9	2.229187000E-5
1.421366667E+9	2.277574000E-5
1.421370000E+9	2.220212000E-5
1.421373333E+9	2.145993000E-5
1.421376667E+9	2.172899000E-5
1.421380000E+9	2.194021000E-5
1.421383333E+9	2.161541000E-5
1.421386667E+9	2.165855000E-5
1.421390000E+9	2.154935000E-5
1.421393333E+9	2.163417000E-5
1.421396667E+9	2.165420000E-5
1.421400000E+9	2.190834000E-5
