Frequency, Hz	Amplitude, Volts
1.419400000E+9	1.767771000E-5
1.419403333E+9	1.727240000E-5
1.419406667E+9	1.685582000E-5
1.419410000E+9	1.694617000E-5
1.419413333E+9	1.798941000E-5
1.419416667E+9	1.730492000E-5
1.419420000E+9	1.682352000E-5
1.419423333E+9	1.729075000E-5
1.419426667E+9	1.700961000E-5
1.419430000E+9	1.644377000E-5
1.419433333E+9	1.658207000E-5
1.419436667E+9	1.653535000E-5
1.419440000E+9	1.750227000E-5
1.419443333E+9	1.729125000E-5
1.419446667E+9	1.954974000E-5
1.419450000E+9	2.518761000E-5
1.419453333E+9	1.859407000E-5
1.419456667E+9	1.752075000E-5
1.419460000E+9	1.675116000E-5
1.419463333E+9	1.645611000E-5
1.419466667E+9	1.725347000E-5
1.419470000E+9	1.697082000E-5
1.419473333E+9	1.675859000E-5
1.419476667E+9	1.685121000E-5
1.419480000E+9	1.690204000E-5
1.419483333E+9	1.698266000E-5
1.419486667E+9	1.693419000E-5
1.419490000E+9	1.728842000E-5
1.419493333E+9	1.803125000E-5
1.419496667E+9	1.694245000E-5
1.419500000E+9	1.693449000E-5
1.419503333E+9	1.694535000E-5
1.419506667E+9	1.686908000E-5
1.419510000E+9	1.667742000E-5
1.419513333E+9	1.684920000E-5
1.419516667E+9	1.696458000E-5
1.419520000E+9	1.673660000E-5
1.419523333E+9	1.668834000E-5
1.419526667E+9	1.674448000E-5
1.419530000E+9	1.664844000E-5
1.419533333E+9	1.702502000E-5
1.419536667E+9	1.690358000E-5
1.419540000E+9	1.800389000E-5
1.419543333E+9	1.702839000E-5
1.419546667E+9	1.666431000E-5
1.419550000E+9	1.706524000E-5
1.419553333E+9	1.710632000E-5
1.419556667E+9	1.656177000E-5
1.419560000E+9	1.669105000E-5
1.419563333E+9	1.732005000E-5
1.419566667E+9	1.717271000E-5
1.419570000E+9	1.689430000E-5
1.419573333E+9	1.696624000E-5
1.419576667E+9	1.682123000E-5
1.419580000E+9	1.696587000E-5
1.419583333E+9	1.694483000E-5
1.419586667E+9	1.833232000E-5
1.419590000E+9	1.716734000E-5
1.419593333E+9	1.665731000E-5
1.419596667E+9	1.682644000E-5
1.419600000E+9	1.701252000E-5
1.419603333E+9	1.690191000E-5
1.419606667E+9	1.679818000E-5
1.419610000E+9	1.724406000E-5
1.419613333E+9	1.724258000E-5
1.419616667E+9	1.684100000E-5
1.419620000E+9	1.644422000E-5
1.419623333E+9	1.691329000E-5
1.419626667E+9	1.677193000E-5
1.419630000E+9	1.702001000E-5
1.419633333E+9	1.792743000E-5
1.419636667E+9	1.697809000E-5
1.419640000E+9	1.675517000E-5
1.419643333E+9	1.712130000E-5
1.419646667E+9	1.670603000E-5
1.419650000E+9	1.659877000E-5
1.419653333E+9	1.658701000E-5
1.419656667E+9	1.702048000E-5
1.419660000E+9	1.682130000E-5
1.419663333E+9	1.654005000E-5
1.419666667E+9	1.692341000E-5
1.419670000E+9	1.692466000E-5
1.419673333E+9	1.669114000E-5
1.419676667E+9	1.670841000E-5
1.419680000E+9	1.751217000E-5
1.419683333E+9	1.690707000E-5
1.419686667E+9	1.645755000E-5
1.419690000E+9	1.676974000E-5
1.419693333E+9	1.671746000E-5
1.419696667E+9	1.661001000E-5
1.419700000E+9	1.677026000E-5
1.419703333E+9	1.684481000E-5
1.419706667E+9	1.678243000E-5
1.419710000E+9	1.686147000E-5
1.419713333E+9	1.660257000E-5
1.419716667E+9	1.686758000E-5
1.419720000E+9	1.675358000E-5
1.419723333E+9	1.704739000E-5
1.419726667E+9	1.812589000E-5
1.419730000E+9	1.720112000E-5
1.419733333E+9	1.780387000E-5
1.419736667E+9	1.705999000E-5
1.419740000E+9	1.944807000E-5
1.419743333E+9	2.493709000E-5
1.419746667E+9	1.841987000E-5
1.419750000E+9	1.748468000E-5
1.419753333E+9	1.700634000E-5
1.419756667E+9	1.690731000E-5
1.419760000E+9	1.761387000E-5
1.419763333E+9	1.670768000E-5
1.419766667E+9	1.697481000E-5
1.419770000E+9	1.705172000E-5
1.419773333E+9	1.774451000E-5
1.419776667E+9	1.728066000E-5
1.419780000E+9	1.733225000E-5
1.419783333E+9	1.681296000E-5
1.419786667E+9	1.676759000E-5
1.419790000E+9	1.646368000E-5
1.419793333E+9	1.675072000E-5
1.419796667E+9	1.677343000E-5
1.419800000E+9	1.656849000E-5
1.419803333E+9	1.672886000E-5
1.419806667E+9	1.676164000E-5
1.419810000E+9	1.678629000E-5
1.419813333E+9	1.678208000E-5
1.419816667E+9	1.658976000E-5
1.419820000E+9	1.755930000E-5
1.419823333E+9	1.682374000E-5
1.419826667E+9	1.676424000E-5
1.419830000E+9	1.705102000E-5
1.419833333E+9	1.719817000E-5
1.419836667E+9	1.681034000E-5
1.419840000E+9	1.670357000E-5
1.419843333E+9	1.705271000E-5
1.419846667E+9	1.692254000E-5
1.419850000E+9	1.663623000E-5
1.419853333E+9	1.663419000E-5
1.419856667E+9	1.652912000E-5
1.419860000E+9	1.698387000E-5
1.419863333E+9	1.687145000E-5
1.419866667E+9	1.754385000E-5
1.419870000E+9	1.748969000E-5
1.419873333E+9	1.705509000E-5
1.419876667E+9	1.658897000E-5
1.419880000E+9	1.698227000E-5
1.419883333E+9	1.702375000E-5
1.419886667E+9	1.661431000E-5
1.419890000E+9	1.698231000E-5
1.419893333E+9	1.674176000E-5
1.419896667E+9	1.653266000E-5
1.419900000E+9	1.694865000E-5
1.419903333E+9	1.676416000E-5
1.419906667E+9	1.691450000E-5
1.419910000E+9	1.662210000E-5
1.419913333E+9	1.779363000E-5
1.419916667E+9	1.702863000E-5
1.419920000E+9	1.672561000E-5
1.419923333E+9	1.684923000E-5
1.419926667E+9	1.674410000E-5
1.419930000E+9	1.654521000E-5
1.419933333E+9	1.664859000E-5
1.419936667E+9	1.704373000E-5
1.419940000E+9	1.683302000E-5
1.419943333E+9	1.635886000E-5
1.419946667E+9	1.670482000E-5
1.419950000E+9	1.652758000E-5
1.419953333E+9	1.652195000E-5
1.419956667E+9	1.665414000E-5
1.419960000E+9	1.783896000E-5
1.419963333E+9	1.681975000E-5
1.419966667E+9	1.696710000E-5
1.419970000E+9	1.687880000E-5
1.419973333E+9	1.657086000E-5
1.419976667E+9	1.672903000E-5
1.419980000E+9	1.727151000E-5
1.419983333E+9	1.701054000E-5
1.419986667E+9	1.653197000E-5
1.419990000E+9	1.667588000E-5
1.419993333E+9	1.650179000E-5
1.419996667E+9	1.667279000E-5
1.420000000E+9	1.708945000E-5
1.420003333E+9	1.824541000E-5
1.420006667E+9	1.760935000E-5
1.420010000E+9	1.674545000E-5
1.420013333E+9	1.694798000E-5
1.420016667E+9	1.671918000E-5
1.420020000E+9	1.672120000E-5
1.420023333E+9	1.645638000E-5
1.420026667E+9	1.741075000E-5
1.420030000E+9	1.708960000E-5
1.420033333E+9	1.934967000E-5
1.420036667E+9	2.252493000E-5
1.420040000E+9	1.770708000E-5
1.420043333E+9	1.700150000E-5
1.420046667E+9	1.662053000E-5
1.420050000E+9	1.691275000E-5
1.420053333E+9	1.744573000E-5
1.420056667E+9	1.661513000E-5
1.420060000E+9	1.662102000E-5
1.420063333E+9	1.670916000E-5
1.420066667E+9	1.711534000E-5
1.420070000E+9	1.671148000E-5
1.420073333E+9	1.652892000E-5
1.420076667E+9	1.704492000E-5
1.420080000E+9	1.663589000E-5
1.420083333E+9	1.658291000E-5
1.420086667E+9	1.674750000E-5
1.420090000E+9	1.667339000E-5
1.420093333E+9	1.677554000E-5
1.420096667E+9	1.694617000E-5
1.420100000E+9	1.766467000E-5
1.420103333E+9	1.665919000E-5
1.420106667E+9	1.662891000E-5
1.420110000E+9	1.649931000E-5
1.420113333E+9	1.645174000E-5
1.420116667E+9	1.685935000E-5
1.420120000E+9	1.664720000E-5
1.420123333E+9	1.708245000E-5
1.420126667E+9	1.650188000E-5
1.420130000E+9	1.697237000E-5
1.420133333E+9	1.653110000E-5
1.420136667E+9	1.662009000E-5
1.420140000E+9	1.655387000E-5
1.420143333E+9	1.710865000E-5
1.420146667E+9	1.751042000E-5
1.420150000E+9	1.639081000E-5
1.420153333E+9	1.660895000E-5
1.420156667E+9	1.673233000E-5
1.420160000E+9	1.657399000E-5
1.420163333E+9	1.691784000E-5
1.420166667E+9	1.647193000E-5
1.420170000E+9	1.694219000E-5
1.420173333E+9	1.654661000E-5
1.420176667E+9	1.667742000E-5
1.420180000E+9	1.646117000E-5
1.420183333E+9	1.626780000E-5
1.420186667E+9	1.659136000E-5
1.420190000E+9	1.709252000E-5
1.420193333E+9	1.718058000E-5
1.420196667E+9	1.680395000E-5
1.420200000E+9	1.645956000E-5
1.420203333E+9	1.671195000E-5
1.420206667E+9	1.652077000E-5
1.420210000E+9	1.668696000E-5
1.420213333E+9	1.665590000E-5
1.420216667E+9	1.692326000E-5
1.420220000E+9	1.684823000E-5
1.420223333E+9	1.658367000E-5
1.420226667E+9	1.645232000E-5
1.420230000E+9	1.648582000E-5
1.420233333E+9	1.658480000E-5
1.420236667E+9	1.651649000E-5
1.420240000E+9	1.747587000E-5
1.420243333E+9	1.679561000E-5
1.420246667E+9	1.677379000E-5
1.420250000E+9	1.674967000E-5
1.420253333E+9	1.666651000E-5
1.420256667E+9	1.681848000E-5
1.420260000E+9	1.687747000E-5
1.420263333E+9	1.709596000E-5
1.420266667E+9	1.709038000E-5
1.420270000E+9	1.665656000E-5
1.420273333E+9	1.663970000E-5
1.420276667E+9	1.659522000E-5
1.420280000E+9	1.696760000E-5
1.420283333E+9	1.656697000E-5
1.420286667E+9	1.759445000E-5
1.420290000E+9	1.672523000E-5
1.420293333E+9	1.692195000E-5
1.420296667E+9	1.776486000E-5
1.420300000E+9	1.668678000E-5
1.420303333E+9	1.672335000E-5
1.420306667E+9	1.708033000E-5
1.420310000E+9	1.728153000E-5
1.420313333E+9	1.687902000E-5
1.420316667E+9	1.678337000E-5
1.420320000E+9	1.731034000E-5
1.420323333E+9	1.671287000E-5
1.420326667E+9	1.950602000E-5
1.420330000E+9	2.139594000E-5
1.420333333E+9	1.846766000E-5
1.420336667E+9	1.713531000E-5
1.420340000E+9	1.641769000E-5
1.420343333E+9	1.651238000E-5
1.420346667E+9	1.649899000E-5
1.420350000E+9	1.655482000E-5
1.420353333E+9	1.644424000E-5
1.420356667E+9	1.688086000E-5
1.420360000E+9	1.696768000E-5
1.420363333E+9	1.688325000E-5
1.420366667E+9	1.710540000E-5
1.420370000E+9	1.655387000E-5
1.420373333E+9	1.668160000E-5
1.420376667E+9	1.709688000E-5
1.420380000E+9	1.750917000E-5
1.420383333E+9	1.665171000E-5
1.420386667E+9	1.668683000E-5
1.420390000E+9	1.708119000E-5
1.420393333E+9	1.688540000E-5
1.420396667E+9	1.688199000E-5
1.420400000E+9	1.680443000E-5
1.420403333E+9	1.701822000E-5
1.420406667E+9	1.750992000E-5
1.420410000E+9	1.732097000E-5
1.420413333E+9	1.736718000E-5
1.420416667E+9	1.726317000E-5
1.420420000E+9	1.743648000E-5
1.420423333E+9	1.773208000E-5
1.420426667E+9	1.814893000E-5
1.420430000E+9	1.778646000E-5
1.420433333E+9	1.757498000E-5
1.420436667E+9	1.806577000E-5
1.420440000E+9	1.807662000E-5
1.420443333E+9	1.827577000E-5
1.420446667E+9	1.873349000E-5
1.420450000E+9	1.905763000E-5
1.420453333E+9	1.892516000E-5
1.420456667E+9	1.921648000E-5
1.420460000E+9	1.937331000E-5
1.420463333E+9	1.922030000E-5
1.420466667E+9	1.942067000E-5
1.420470000E+9	1.926752000E-5
1.420473333E+9	1.960716000E-5
1.420476667E+9	1.915438000E-5
1.420480000E+9	1.953725000E-5
1.420483333E+9	1.953174000E-5
1.420486667E+9	1.917026000E-5
1.420490000E+9	1.941560000E-5
1.420493333E+9	1.918837000E-5
1.420496667E+9	1.957506000E-5
1.420500000E+9	1.947324000E-5
1.420503333E+9	1.919554000E-5
1.420506667E+9	1.891226000E-5
1.420510000E+9	1.944047000E-5
1.420513333E+9	1.928923000E-5
1.420516667E+9	1.897780000E-5
1.420520000E+9	1.959444000E-5
1.420523333E+9	1.892221000E-5
1.420526667E+9	1.902341000E-5
1.420530000E+9	1.867589000E-5
1.420533333E+9	1.865877000E-5
1.420536667E+9	1.835800000E-5
1.420540000E+9	1.859786000E-5
1.420543333E+9	1.882006000E-5
1.420546667E+9	1.819754000E-5
1.420550000E+9	1.840503000E-5
1.420553333E+9	1.790530000E-5
1.420556667E+9	1.766543000E-5
1.420560000E+9	1.763088000E-5
1.420563333E+9	1.793184000E-5
1.420566667E+9	1.830274000E-5
1.420570000E+9	1.759082000E-5
1.420573333E+9	1.733605000E-5
1.420576667E+9	1.741389000E-5
1.420580000E+9	1.745610000E-5
1.420583333E+9	1.755940000E-5
1.420586667E+9	1.747930000E-5
1.420590000E+9	1.798476000E-5
1.420593333E+9	1.727151000E-5
1.420596667E+9	1.696542000E-5
1.420600000E+9	1.725120000E-5
1.420603333E+9	1.772091000E-5
1.420606667E+9	1.712737000E-5
1.420610000E+9	1.760009000E-5
1.420613333E+9	1.858133000E-5
1.420616667E+9	1.715012000E-5
1.420620000E+9	2.252565000E-5
1.420623333E+9	2.327836000E-5
1.420626667E+9	1.780714000E-5
1.420630000E+9	1.681541000E-5
1.420633333E+9	1.677278000E-5
1.420636667E+9	1.792716000E-5
1.420640000E+9	1.683740000E-5
1.420643333E+9	1.692549000E-5
1.420646667E+9	1.701164000E-5
1.420650000E+9	1.680259000E-5
1.420653333E+9	1.661192000E-5
1.420656667E+9	1.654781000E-5
1.420660000E+9	1.712393000E-5
1.420663333E+9	1.642295000E-5
1.420666667E+9	1.655329000E-5
1.420670000E+9	1.681488000E-5
1.420673333E+9	1.676150000E-5
1.420676667E+9	1.693672000E-5
1.420680000E+9	1.698216000E-5
1.420683333E+9	1.677241000E-5
1.420686667E+9	1.652007000E-5
1.420690000E+9	1.678219000E-5
1.420693333E+9	1.681726000E-5
1.420696667E+9	1.665863000E-5
1.420700000E+9	1.659923000E-5
1.420703333E+9	1.706906000E-5
1.420706667E+9	1.720276000E-5
1.420710000E+9	1.687687000E-5
1.420713333E+9	1.660973000E-5
1.420716667E+9	1.674137000E-5
1.420720000E+9	1.651332000E-5
1.420723333E+9	1.657494000E-5
1.420726667E+9	1.659945000E-5
1.420730000E+9	1.679650000E-5
1.420733333E+9	1.641810000E-5
1.420736667E+9	1.669598000E-5
1.420740000E+9	1.673884000E-5
1.420743333E+9	1.635637000E-5
1.420746667E+9	1.659907000E-5
1.420750000E+9	1.687217000E-5
1.420753333E+9	1.717907000E-5
1.420756667E+9	1.682914000E-5
1.420760000E+9	1.635362000E-5
1.420763333E+9	1.670443000E-5
1.420766667E+9	1.645148000E-5
1.420770000E+9	1.628264000E-5
1.420773333E+9	1.641574000E-5
1.420776667E+9	1.696470000E-5
1.420780000E+9	1.645763000E-5
1.420783333E+9	1.677763000E-5
1.420786667E+9	1.700354000E-5
1.420790000E+9	1.673141000E-5
1.420793333E+9	1.654474000E-5
1.420796667E+9	1.720340000E-5
1.420800000E+9	1.717997000E-5
1.420803333E+9	1.672583000E-5
1.420806667E+9	1.659258000E-5
1.420810000E+9	1.665568000E-5
1.420813333E+9	1.660309000E-5
1.420816667E+9	1.681576000E-5
1.420820000E+9	1.665414000E-5
1.420823333E+9	1.678907000E-5
1.420826667E+9	1.680565000E-5
1.420830000E+9	1.661944000E-5
1.420833333E+9	1.637211000E-5
1.420836667E+9	1.670748000E-5
1.420840000E+9	1.670630000E-5
1.420843333E+9	1.699143000E-5
1.420846667E+9	1.697330000E-5
1.420850000E+9	1.643199000E-5
1.420853333E+9	1.677678000E-5
1.420856667E+9	1.639159000E-5
1.420860000E+9	1.647663000E-5
1.420863333E+9	1.669198000E-5
1.420866667E+9	1.691223000E-5
1.420870000E+9	1.684981000E-5
1.420873333E+9	1.682269000E-5
1.420876667E+9	1.661462000E-5
1.420880000E+9	1.656746000E-5
1.420883333E+9	1.747501000E-5
1.420886667E+9	1.706657000E-5
1.420890000E+9	1.709900000E-5
1.420893333E+9	1.701997000E-5
1.420896667E+9	1.717732000E-5
1.420900000E+9	1.713670000E-5
1.420903333E+9	1.760550000E-5
1.420906667E+9	1.849732000E-5
1.420910000E+9	1.697002000E-5
1.420913333E+9	3.298085000E-5
1.420916667E+9	2.878502000E-5
1.420920000E+9	1.902353000E-5
1.420923333E+9	1.679237000E-5
1.420926667E+9	1.643121000E-5
1.420930000E+9	1.697468000E-5
1.420933333E+9	1.662174000E-5
1.420936667E+9	1.695488000E-5
1.420940000E+9	1.746779000E-5
1.420943333E+9	1.635890000E-5
1.420946667E+9	1.641098000E-5
1.420950000E+9	1.682099000E-5
1.420953333E+9	1.660014000E-5
1.420956667E+9	1.662849000E-5
1.420960000E+9	1.656439000E-5
1.420963333E+9	1.699700000E-5
1.420966667E+9	1.676317000E-5
1.420970000E+9	1.648425000E-5
1.420973333E+9	1.670010000E-5
1.420976667E+9	1.675049000E-5
1.420980000E+9	1.679244000E-5
1.420983333E+9	1.723601000E-5
1.420986667E+9	1.738407000E-5
1.420990000E+9	1.708014000E-5
1.420993333E+9	1.668966000E-5
1.420996667E+9	1.656522000E-5
1.421000000E+9	1.689109000E-5
1.421003333E+9	1.679045000E-5
1.421006667E+9	1.660091000E-5
1.421010000E+9	1.676525000E-5
1.421013333E+9	1.663748000E-5
1.421016667E+9	1.693843000E-5
1.421020000E+9	1.686722000E-5
1.421023333E+9	1.677276000E-5
1.421026667E+9	1.655829000E-5
1.421030000E+9	1.693631000E-5
1.421033333E+9	1.735256000E-5
1.421036667E+9	1.672179000E-5
1.421040000E+9	1.687441000E-5
1.421043333E+9	1.695877000E-5
1.421046667E+9	1.685545000E-5
1.421050000E+9	1.685419000E-5
1.421053333E+9	1.666190000E-5
1.421056667E+9	1.688496000E-5
1.421060000E+9	1.683141000E-5
1.421063333E+9	1.641761000E-5
1.421066667E+9	1.683943000E-5
1.421070000E+9	1.674509000E-5
1.421073333E+9	1.684394000E-5
1.421076667E+9	1.709037000E-5
1.421080000E+9	1.729618000E-5
1.421083333E+9	1.659169000E-5
1.421086667E+9	1.665232000E-5
1.421090000E+9	1.674913000E-5
1.421093333E+9	1.685458000E-5
1.421096667E+9	1.687115000E-5
1.421100000E+9	1.689601000E-5
1.421103333E+9	1.715747000E-5
1.421106667E+9	1.681417000E-5
1.421110000E+9	1.643334000E-5
1.421113333E+9	1.695053000E-5
1.421116667E+9	1.682356000E-5
1.421120000E+9	1.704649000E-5
1.421123333E+9	1.702786000E-5
1.421126667E+9	1.705211000E-5
1.421130000E+9	1.692680000E-5
1.421133333E+9	1.689621000E-5
1.421136667E+9	1.660667000E-5
1.421140000E+9	1.687387000E-5
1.421143333E+9	1.721492000E-5
1.421146667E+9	1.704801000E-5
1.421150000E+9	1.700794000E-5
1.421153333E+9	1.697500000E-5
1.421156667E+9	1.696868000E-5
1.421160000E+9	1.694626000E-5
1.421163333E+9	1.718611000E-5
1.421166667E+9	1.685765000E-5
1.421170000E+9	1.747103000E-5
1.421173333E+9	1.736013000E-5
1.421176667E+9	1.769653000E-5
1.421180000E+9	1.836504000E-5
1.421183333E+9	1.712149000E-5
1.421186667E+9	1.698613000E-5
1.421190000E+9	1.703615000E-5
1.421193333E+9	1.688570000E-5
1.421196667E+9	1.710183000E-5
1.421200000E+9	1.715971000E-5
1.421203333E+9	1.683505000E-5
1.421206667E+9	2.413151000E-5
1.421210000E+9	2.102714000E-5
1.421213333E+9	1.756129000E-5
1.421216667E+9	1.720846000E-5
1.421220000E+9	1.735310000E-5
1.421223333E+9	1.667861000E-5
1.421226667E+9	1.691489000E-5
1.421230000E+9	1.670687000E-5
1.421233333E+9	1.676492000E-5
1.421236667E+9	1.672341000E-5
1.421240000E+9	1.693968000E-5
1.421243333E+9	1.703680000E-5
1.421246667E+9	1.688983000E-5
1.421250000E+9	1.667566000E-5
1.421253333E+9	1.695615000E-5
1.421256667E+9	1.682836000E-5
1.421260000E+9	1.667493000E-5
1.421263333E+9	1.699768000E-5
1.421266667E+9	1.731903000E-5
1.421270000E+9	1.691080000E-5
1.421273333E+9	1.713142000E-5
1.421276667E+9	1.704228000E-5
1.421280000E+9	1.684879000E-5
1.421283333E+9	1.676035000E-5
1.421286667E+9	1.710063000E-5
1.421290000E+9	1.727051000E-5
1.421293333E+9	1.673911000E-5
1.421296667E+9	1.680277000E-5
1.421300000E+9	1.695386000E-5
1.421303333E+9	1.665767000E-5
1.421306667E+9	1.702126000E-5
1.421310000E+9	1.732302000E-5
1.421313333E+9	1.723840000E-5
1.421316667E+9	1.700104000E-5
1.421320000E+9	1.679405000E-5
1.421323333E+9	1.683681000E-5
1.421326667E+9	1.692546000E-5
1.421330000E+9	1.718037000E-5
1.421333333E+9	1.707448000E-5
1.421336667E+9	1.725398000E-5
1.421340000E+9	1.719014000E-5
1.421343333E+9	1.825713000E-5
1.421346667E+9	2.289048000E-5
1.421350000E+9	1.973935000E-5
1.421353333E+9	1.724580000E-5
1.421356667E+9	1.734655000E-5
1.421360000E+9	1.769841000E-5
1.421363333E+9	1.721026000E-5
1.421366667E+9	1.770063000E-5
1.421370000E+9	1.707769000E-5
1.421373333E+9	1.702760000E-5
1.421376667E+9	1.671219000E-5
1.421380000E+9	1.698999000E-5
1.421383333E+9	1.707021000E-5
1.421386667E+9	1.703400000E-5
1.421390000E+9	1.691789000E-5
1.421393333E+9	1.702670000E-5
1.421396667E+9	1.665800000E-5
1.421400000E+9	1.678522000E-5
