Frequency, Hz	Amplitude, Volts
1.419400000E+9	1.683076000E-5
1.419403333E+9	1.654105000E-5
1.419406667E+9	1.638860000E-5
1.419410000E+9	1.636370000E-5
1.419413333E+9	1.631657000E-5
1.419416667E+9	1.644903000E-5
1.419420000E+9	1.629394000E-5
1.419423333E+9	1.658713000E-5
1.419426667E+9	1.642403000E-5
1.419430000E+9	1.670564000E-5
1.419433333E+9	1.700595000E-5
1.419436667E+9	1.663978000E-5
1.419440000E+9	1.802515000E-5
1.419443333E+9	1.701497000E-5
1.419446667E+9	1.678824000E-5
1.419450000E+9	1.740752000E-5
1.419453333E+9	1.690187000E-5
1.419456667E+9	1.614051000E-5
1.419460000E+9	1.643538000E-5
1.419463333E+9	1.640608000E-5
1.419466667E+9	1.642854000E-5
1.419470000E+9	1.637277000E-5
1.419473333E+9	1.643680000E-5
1.419476667E+9	1.668775000E-5
1.419480000E+9	1.646751000E-5
1.419483333E+9	1.650973000E-5
1.419486667E+9	1.667932000E-5
1.419490000E+9	1.672675000E-5
1.419493333E+9	1.622902000E-5
1.419496667E+9	1.619625000E-5
1.419500000E+9	1.651811000E-5
1.419503333E+9	1.659012000E-5
1.419506667E+9	1.651477000E-5
1.419510000E+9	1.657781000E-5
1.419513333E+9	1.676913000E-5
1.419516667E+9	1.633785000E-5
1.419520000E+9	1.654973000E-5
1.419523333E+9	1.686395000E-5
1.419526667E+9	1.632078000E-5
1.419530000E+9	1.636794000E-5
1.419533333E+9	1.633031000E-5
1.419536667E+9	1.663433000E-5
1.419540000E+9	1.655802000E-5
1.419543333E+9	1.678852000E-5
1.419546667E+9	1.637955000E-5
1.419550000E+9	1.642158000E-5
1.419553333E+9	1.623228000E-5
1.419556667E+9	1.649529000E-5
1.419560000E+9	1.629113000E-5
1.419563333E+9	1.635976000E-5
1.419566667E+9	1.647261000E-5
1.419570000E+9	1.620820000E-5
1.419573333E+9	1.633417000E-5
1.419576667E+9	1.645302000E-5
1.419580000E+9	1.645710000E-5
1.419583333E+9	1.644040000E-5
1.419586667E+9	1.652424000E-5
1.419590000E+9	1.650919000E-5
1.419593333E+9	1.640927000E-5
1.419596667E+9	1.676127000E-5
1.419600000E+9	1.675020000E-5
1.419603333E+9	1.628208000E-5
1.419606667E+9	1.658744000E-5
1.419610000E+9	1.664886000E-5
1.419613333E+9	1.660995000E-5
1.419616667E+9	1.622576000E-5
1.419620000E+9	1.647683000E-5
1.419623333E+9	1.645645000E-5
1.419626667E+9	1.651298000E-5
1.419630000E+9	1.638565000E-5
1.419633333E+9	1.664584000E-5
1.419636667E+9	1.662845000E-5
1.419640000E+9	1.651292000E-5
1.419643333E+9	1.661491000E-5
1.419646667E+9	1.648122000E-5
1.419650000E+9	1.639008000E-5
1.419653333E+9	1.639535000E-5
1.419656667E+9	1.655042000E-5
1.419660000E+9	1.621774000E-5
1.419663333E+9	1.663764000E-5
1.419666667E+9	1.635472000E-5
1.419670000E+9	1.603826000E-5
1.419673333E+9	1.653645000E-5
1.419676667E+9	1.650288000E-5
1.419680000E+9	1.657499000E-5
1.419683333E+9	1.631863000E-5
1.419686667E+9	1.628190000E-5
1.419690000E+9	1.636111000E-5
1.419693333E+9	1.629449000E-5
1.419696667E+9	1.632956000E-5
1.419700000E+9	1.627763000E-5
1.419703333E+9	1.660382000E-5
1.419706667E+9	1.660627000E-5
1.419710000E+9	1.664678000E-5
1.419713333E+9	1.631741000E-5
1.419716667E+9	1.654450000E-5
1.419720000E+9	1.660224000E-5
1.419723333E+9	1.635064000E-5
1.419726667E+9	1.666817000E-5
1.419730000E+9	1.668057000E-5
1.419733333E+9	1.841768000E-5
1.419736667E+9	1.654595000E-5
1.419740000E+9	1.646661000E-5
1.419743333E+9	1.703650000E-5
1.419746667E+9	1.629877000E-5
1.419750000E+9	1.648642000E-5
1.419753333E+9	1.678044000E-5
1.419756667E+9	1.660007000E-5
1.419760000E+9	1.682520000E-5
1.419763333E+9	1.646643000E-5
1.419766667E+9	1.622588000E-5
1.419770000E+9	1.646390000E-5
1.419773333E+9	1.636877000E-5
1.419776667E+9	1.637685000E-5
1.419780000E+9	1.670201000E-5
1.419783333E+9	1.667896000E-5
1.419786667E+9	1.634730000E-5
1.419790000E+9	1.634262000E-5
1.419793333E+9	1.618718000E-5
1.419796667E+9	1.634572000E-5
1.419800000E+9	1.617050000E-5
1.419803333E+9	1.633489000E-5
1.419806667E+9	1.626554000E-5
1.419810000E+9	1.643365000E-5
1.419813333E+9	1.626814000E-5
1.419816667E+9	1.613964000E-5
1.419820000E+9	1.627541000E-5
1.419823333E+9	1.646773000E-5
1.419826667E+9	1.623982000E-5
1.419830000E+9	1.613769000E-5
1.419833333E+9	1.664040000E-5
1.419836667E+9	1.632677000E-5
1.419840000E+9	1.632562000E-5
1.419843333E+9	1.660802000E-5
1.419846667E+9	1.647109000E-5
1.419850000E+9	1.657017000E-5
1.419853333E+9	1.650739000E-5
1.419856667E+9	1.672908000E-5
1.419860000E+9	1.615160000E-5
1.419863333E+9	1.632605000E-5
1.419866667E+9	1.661431000E-5
1.419870000E+9	1.668960000E-5
1.419873333E+9	1.670493000E-5
1.419876667E+9	1.653604000E-5
1.419880000E+9	1.655575000E-5
1.419883333E+9	1.645864000E-5
1.419886667E+9	1.630401000E-5
1.419890000E+9	1.608651000E-5
1.419893333E+9	1.657969000E-5
1.419896667E+9	1.638506000E-5
1.419900000E+9	1.665094000E-5
1.419903333E+9	1.634710000E-5
1.419906667E+9	1.624869000E-5
1.419910000E+9	1.634870000E-5
1.419913333E+9	1.642454000E-5
1.419916667E+9	1.642694000E-5
1.419920000E+9	1.630419000E-5
1.419923333E+9	1.668546000E-5
1.419926667E+9	1.646361000E-5
1.419930000E+9	1.644796000E-5
1.419933333E+9	1.662780000E-5
1.419936667E+9	1.640859000E-5
1.419940000E+9	1.636161000E-5
1.419943333E+9	1.604610000E-5
1.419946667E+9	1.648251000E-5
1.419950000E+9	1.645493000E-5
1.419953333E+9	1.612611000E-5
1.419956667E+9	1.608158000E-5
1.419960000E+9	1.636744000E-5
1.419963333E+9	1.668751000E-5
1.419966667E+9	1.614249000E-5
1.419970000E+9	1.627325000E-5
1.419973333E+9	1.613324000E-5
1.419976667E+9	1.641186000E-5
1.419980000E+9	1.658783000E-5
1.419983333E+9	1.649580000E-5
1.419986667E+9	1.629714000E-5
1.419990000E+9	1.642526000E-5
1.419993333E+9	1.624168000E-5
1.419996667E+9	1.637872000E-5
1.420000000E+9	1.725923000E-5
1.420003333E+9	1.850728000E-5
1.420006667E+9	1.603601000E-5
1.420010000E+9	1.625668000E-5
1.420013333E+9	1.621233000E-5
1.420016667E+9	1.636242000E-5
1.420020000E+9	1.635544000E-5
1.420023333E+9	1.633666000E-5
1.420026667E+9	1.741941000E-5
1.420030000E+9	1.668332000E-5
1.420033333E+9	1.653593000E-5
1.420036667E+9	1.688457000E-5
1.420040000E+9	1.626691000E-5
1.420043333E+9	1.607608000E-5
1.420046667E+9	1.620078000E-5
1.420050000E+9	1.671340000E-5
1.420053333E+9	1.635989000E-5
1.420056667E+9	1.600949000E-5
1.420060000E+9	1.632883000E-5
1.420063333E+9	1.628081000E-5
1.420066667E+9	1.594527000E-5
1.420070000E+9	1.612536000E-5
1.420073333E+9	1.606731000E-5
1.420076667E+9	1.615356000E-5
1.420080000E+9	1.616695000E-5
1.420083333E+9	1.636654000E-5
1.420086667E+9	1.621563000E-5
1.420090000E+9	1.603491000E-5
1.420093333E+9	1.595534000E-5
1.420096667E+9	1.606337000E-5
1.420100000E+9	1.651140000E-5
1.420103333E+9	1.632370000E-5
1.420106667E+9	1.621436000E-5
1.420110000E+9	1.640365000E-5
1.420113333E+9	1.606380000E-5
1.420116667E+9	1.595646000E-5
1.420120000E+9	1.638736000E-5
1.420123333E+9	1.612719000E-5
1.420126667E+9	1.658422000E-5
1.420130000E+9	1.620100000E-5
1.420133333E+9	1.625575000E-5
1.420136667E+9	1.623870000E-5
1.420140000E+9	1.620194000E-5
1.420143333E+9	1.589432000E-5
1.420146667E+9	1.637216000E-5
1.420150000E+9	1.613353000E-5
1.420153333E+9	1.644563000E-5
1.420156667E+9	1.636435000E-5
1.420160000E+9	1.628154000E-5
1.420163333E+9	1.625488000E-5
1.420166667E+9	1.632257000E-5
1.420170000E+9	1.648734000E-5
1.420173333E+9	1.635262000E-5
1.420176667E+9	1.609407000E-5
1.420180000E+9	1.599807000E-5
1.420183333E+9	1.606263000E-5
1.420186667E+9	1.616314000E-5
1.420190000E+9	1.609517000E-5
1.420193333E+9	1.645638000E-5
1.420196667E+9	1.612106000E-5
1.420200000E+9	1.615157000E-5
1.420203333E+9	1.631017000E-5
1.420206667E+9	1.610521000E-5
1.420210000E+9	1.596277000E-5
1.420213333E+9	1.641897000E-5
1.420216667E+9	1.614302000E-5
1.420220000E+9	1.606187000E-5
1.420223333E+9	1.633440000E-5
1.420226667E+9	1.613154000E-5
1.420230000E+9	1.638407000E-5
1.420233333E+9	1.608255000E-5
1.420236667E+9	1.626966000E-5
1.420240000E+9	1.593164000E-5
1.420243333E+9	1.601099000E-5
1.420246667E+9	1.638383000E-5
1.420250000E+9	1.616992000E-5
1.420253333E+9	1.606207000E-5
1.420256667E+9	1.641111000E-5
1.420260000E+9	1.675195000E-5
1.420263333E+9	1.607078000E-5
1.420266667E+9	1.665553000E-5
1.420270000E+9	1.614286000E-5
1.420273333E+9	1.644952000E-5
1.420276667E+9	1.618629000E-5
1.420280000E+9	1.596871000E-5
1.420283333E+9	1.631610000E-5
1.420286667E+9	1.675379000E-5
1.420290000E+9	1.604474000E-5
1.420293333E+9	1.642519000E-5
1.420296667E+9	1.736869000E-5
1.420300000E+9	1.665352000E-5
1.420303333E+9	1.628214000E-5
1.420306667E+9	1.628743000E-5
1.420310000E+9	1.686034000E-5
1.420313333E+9	1.647902000E-5
1.420316667E+9	1.644791000E-5
1.420320000E+9	1.718999000E-5
1.420323333E+9	1.620610000E-5
1.420326667E+9	1.675594000E-5
1.420330000E+9	1.688555000E-5
1.420333333E+9	1.638047000E-5
1.420336667E+9	1.654828000E-5
1.420340000E+9	1.657293000E-5
1.420343333E+9	1.668220000E-5
1.420346667E+9	1.649696000E-5
1.420350000E+9	1.601925000E-5
1.420353333E+9	1.655471000E-5
1.420356667E+9	1.632377000E-5
1.420360000E+9	1.640505000E-5
1.420363333E+9	1.637513000E-5
1.420366667E+9	1.670390000E-5
1.420370000E+9	1.659938000E-5
1.420373333E+9	1.637340000E-5
1.420376667E+9	1.677805000E-5
1.420380000E+9	1.670051000E-5
1.420383333E+9	1.684877000E-5
1.420386667E+9	1.691829000E-5
1.420390000E+9	1.727910000E-5
1.420393333E+9	1.724794000E-5
1.420396667E+9	1.725857000E-5
1.420400000E+9	1.753018000E-5
1.420403333E+9	1.743608000E-5
1.420406667E+9	1.757786000E-5
1.420410000E+9	1.788106000E-5
1.420413333E+9	1.766328000E-5
1.420416667E+9	1.778601000E-5
1.420420000E+9	1.818555000E-5
1.420423333E+9	1.845087000E-5
1.420426667E+9	1.827009000E-5
1.420430000E+9	1.831494000E-5
1.420433333E+9	1.840046000E-5
1.420436667E+9	1.878222000E-5
1.420440000E+9	1.854709000E-5
1.420443333E+9	1.865001000E-5
1.420446667E+9	1.880422000E-5
1.420450000E+9	1.898668000E-5
1.420453333E+9	1.904056000E-5
1.420456667E+9	1.891193000E-5
1.420460000E+9	1.928652000E-5
1.420463333E+9	1.920856000E-5
1.420466667E+9	1.951721000E-5
1.420470000E+9	1.881485000E-5
1.420473333E+9	1.925496000E-5
1.420476667E+9	1.898101000E-5
1.420480000E+9	1.910881000E-5
1.420483333E+9	1.881244000E-5
1.420486667E+9	1.896033000E-5
1.420490000E+9	1.899187000E-5
1.420493333E+9	1.884229000E-5
1.420496667E+9	1.860375000E-5
1.420500000E+9	1.825559000E-5
1.420503333E+9	1.853705000E-5
1.420506667E+9	1.829474000E-5
1.420510000E+9	1.778459000E-5
1.420513333E+9	1.817563000E-5
1.420516667E+9	1.792853000E-5
1.420520000E+9	1.763390000E-5
1.420523333E+9	1.766153000E-5
1.420526667E+9	1.731783000E-5
1.420530000E+9	1.705248000E-5
1.420533333E+9	1.706901000E-5
1.420536667E+9	1.701463000E-5
1.420540000E+9	1.664058000E-5
1.420543333E+9	1.692430000E-5
1.420546667E+9	1.692265000E-5
1.420550000E+9	1.702457000E-5
1.420553333E+9	1.691082000E-5
1.420556667E+9	1.675737000E-5
1.420560000E+9	1.658693000E-5
1.420563333E+9	1.666847000E-5
1.420566667E+9	1.685367000E-5
1.420570000E+9	1.658395000E-5
1.420573333E+9	1.654966000E-5
1.420576667E+9	1.679417000E-5
1.420580000E+9	1.646007000E-5
1.420583333E+9	1.643300000E-5
1.420586667E+9	1.643031000E-5
1.420590000E+9	1.829002000E-5
1.420593333E+9	1.675149000E-5
1.420596667E+9	1.658054000E-5
1.420600000E+9	1.667910000E-5
1.420603333E+9	1.761412000E-5
1.420606667E+9	1.675781000E-5
1.420610000E+9	1.664195000E-5
1.420613333E+9	1.731990000E-5
1.420616667E+9	1.669219000E-5
1.420620000E+9	1.702481000E-5
1.420623333E+9	1.702951000E-5
1.420626667E+9	1.630647000E-5
1.420630000E+9	1.665215000E-5
1.420633333E+9	1.653600000E-5
1.420636667E+9	1.735193000E-5
1.420640000E+9	1.697999000E-5
1.420643333E+9	1.618141000E-5
1.420646667E+9	1.621613000E-5
1.420650000E+9	1.630213000E-5
1.420653333E+9	1.595934000E-5
1.420656667E+9	1.598278000E-5
1.420660000E+9	1.624505000E-5
1.420663333E+9	1.619781000E-5
1.420666667E+9	1.648115000E-5
1.420670000E+9	1.620692000E-5
1.420673333E+9	1.634685000E-5
1.420676667E+9	1.645327000E-5
1.420680000E+9	1.650879000E-5
1.420683333E+9	1.624671000E-5
1.420686667E+9	1.611216000E-5
1.420690000E+9	1.653028000E-5
1.420693333E+9	1.627141000E-5
1.420696667E+9	1.667141000E-5
1.420700000E+9	1.662028000E-5
1.420703333E+9	1.619004000E-5
1.420706667E+9	1.633677000E-5
1.420710000E+9	1.619584000E-5
1.420713333E+9	1.591269000E-5
1.420716667E+9	1.615097000E-5
1.420720000E+9	1.633446000E-5
1.420723333E+9	1.596444000E-5
1.420726667E+9	1.660853000E-5
1.420730000E+9	1.632827000E-5
1.420733333E+9	1.623861000E-5
1.420736667E+9	1.608127000E-5
1.420740000E+9	1.609761000E-5
1.420743333E+9	1.648466000E-5
1.420746667E+9	1.647269000E-5
1.420750000E+9	1.619068000E-5
1.420753333E+9	1.640046000E-5
1.420756667E+9	1.634545000E-5
1.420760000E+9	1.618754000E-5
1.420763333E+9	1.596622000E-5
1.420766667E+9	1.626079000E-5
1.420770000E+9	1.616413000E-5
1.420773333E+9	1.622134000E-5
1.420776667E+9	1.613753000E-5
1.420780000E+9	1.629453000E-5
1.420783333E+9	1.626512000E-5
1.420786667E+9	1.650554000E-5
1.420790000E+9	1.613085000E-5
1.420793333E+9	1.630108000E-5
1.420796667E+9	1.653063000E-5
1.420800000E+9	1.646375000E-5
1.420803333E+9	1.665837000E-5
1.420806667E+9	1.670823000E-5
1.420810000E+9	1.654477000E-5
1.420813333E+9	1.595590000E-5
1.420816667E+9	1.610461000E-5
1.420820000E+9	1.629553000E-5
1.420823333E+9	1.639492000E-5
1.420826667E+9	1.647194000E-5
1.420830000E+9	1.608031000E-5
1.420833333E+9	1.641178000E-5
1.420836667E+9	1.625845000E-5
1.420840000E+9	1.626766000E-5
1.420843333E+9	1.653083000E-5
1.420846667E+9	1.641635000E-5
1.420850000E+9	1.653237000E-5
1.420853333E+9	1.614788000E-5
1.420856667E+9	1.627061000E-5
1.420860000E+9	1.652400000E-5
1.420863333E+9	1.620950000E-5
1.420866667E+9	1.619227000E-5
1.420870000E+9	1.642135000E-5
1.420873333E+9	1.656919000E-5
1.420876667E+9	1.616745000E-5
1.420880000E+9	1.625861000E-5
1.420883333E+9	2.210442000E-5
1.420886667E+9	1.998389000E-5
1.420890000E+9	1.639686000E-5
1.420893333E+9	1.625261000E-5
1.420896667E+9	1.754897000E-5
1.420900000E+9	1.685045000E-5
1.420903333E+9	1.750908000E-5
1.420906667E+9	1.940089000E-5
1.420910000E+9	1.633824000E-5
1.420913333E+9	1.813481000E-5
1.420916667E+9	1.761536000E-5
1.420920000E+9	1.659537000E-5
1.420923333E+9	1.628112000E-5
1.420926667E+9	1.692436000E-5
1.420930000E+9	1.670843000E-5
1.420933333E+9	1.657750000E-5
1.420936667E+9	1.618249000E-5
1.420940000E+9	1.648027000E-5
1.420943333E+9	1.610296000E-5
1.420946667E+9	1.588551000E-5
1.420950000E+9	1.596216000E-5
1.420953333E+9	1.616205000E-5
1.420956667E+9	1.643619000E-5
1.420960000E+9	1.622832000E-5
1.420963333E+9	1.624366000E-5
1.420966667E+9	1.642420000E-5
1.420970000E+9	1.667006000E-5
1.420973333E+9	1.648204000E-5
1.420976667E+9	1.638858000E-5
1.420980000E+9	1.645174000E-5
1.420983333E+9	1.632795000E-5
1.420986667E+9	1.693081000E-5
1.420990000E+9	1.669567000E-5
1.420993333E+9	1.639769000E-5
1.420996667E+9	1.608635000E-5
1.421000000E+9	1.614691000E-5
1.421003333E+9	1.636618000E-5
1.421006667E+9	1.646842000E-5
1.421010000E+9	1.639569000E-5
1.421013333E+9	1.597036000E-5
1.421016667E+9	1.613259000E-5
1.421020000E+9	1.634445000E-5
1.421023333E+9	1.634754000E-5
1.421026667E+9	1.610776000E-5
1.421030000E+9	1.620715000E-5
1.421033333E+9	1.662736000E-5
1.421036667E+9	1.648032000E-5
1.421040000E+9	1.651575000E-5
1.421043333E+9	1.640171000E-5
1.421046667E+9	1.649029000E-5
1.421050000E+9	1.628886000E-5
1.421053333E+9	1.603692000E-5
1.421056667E+9	1.662681000E-5
1.421060000E+9	1.640491000E-5
1.421063333E+9	1.646780000E-5
1.421066667E+9	1.607445000E-5
1.421070000E+9	1.611678000E-5
1.421073333E+9	1.629149000E-5
1.421076667E+9	1.643733000E-5
1.421080000E+9	1.677322000E-5
1.421083333E+9	1.643803000E-5
1.421086667E+9	1.588558000E-5
1.421090000E+9	1.629673000E-5
1.421093333E+9	1.633765000E-5
1.421096667E+9	1.651532000E-5
1.421100000E+9	1.677895000E-5
1.421103333E+9	1.653139000E-5
1.421106667E+9	1.679499000E-5
1.421110000E+9	1.656482000E-5
1.421113333E+9	1.652413000E-5
1.421116667E+9	1.679034000E-5
1.421120000E+9	1.652257000E-5
1.421123333E+9	1.652867000E-5
1.421126667E+9	1.640161000E-5
1.421130000E+9	1.647151000E-5
1.421133333E+9	1.646925000E-5
1.421136667E+9	1.658817000E-5
1.421140000E+9	1.622414000E-5
1.421143333E+9	1.656044000E-5
1.421146667E+9	1.618576000E-5
1.421150000E+9	1.647301000E-5
1.421153333E+9	1.627942000E-5
1.421156667E+9	1.623250000E-5
1.421160000E+9	1.648772000E-5
1.421163333E+9	1.648508000E-5
1.421166667E+9	1.634603000E-5
1.421170000E+9	1.665846000E-5
1.421173333E+9	1.639492000E-5
1.421176667E+9	1.880686000E-5
1.421180000E+9	2.163866000E-5
1.421183333E+9	1.680484000E-5
1.421186667E+9	1.636794000E-5
1.421190000E+9	1.684172000E-5
1.421193333E+9	1.654497000E-5
1.421196667E+9	1.690887000E-5
1.421200000E+9	1.707456000E-5
1.421203333E+9	1.619561000E-5
1.421206667E+9	1.703888000E-5
1.421210000E+9	1.698283000E-5
1.421213333E+9	1.650589000E-5
1.421216667E+9	1.661338000E-5
1.421220000E+9	1.621377000E-5
1.421223333E+9	1.658309000E-5
1.421226667E+9	1.615442000E-5
1.421230000E+9	1.627000000E-5
1.421233333E+9	1.629600000E-5
1.421236667E+9	1.645036000E-5
1.421240000E+9	1.650808000E-5
1.421243333E+9	1.651104000E-5
1.421246667E+9	1.656546000E-5
1.421250000E+9	1.645529000E-5
1.421253333E+9	1.648946000E-5
1.421256667E+9	1.678372000E-5
1.421260000E+9	1.649017000E-5
1.421263333E+9	1.669739000E-5
1.421266667E+9	1.659114000E-5
1.421270000E+9	1.645889000E-5
1.421273333E+9	1.644399000E-5
1.421276667E+9	1.633727000E-5
1.421280000E+9	1.645176000E-5
1.421283333E+9	1.636513000E-5
1.421286667E+9	1.640779000E-5
1.421290000E+9	1.639874000E-5
1.421293333E+9	1.657574000E-5
1.421296667E+9	1.674327000E-5
1.421300000E+9	1.641268000E-5
1.421303333E+9	1.668656000E-5
1.421306667E+9	1.646267000E-5
1.421310000E+9	1.662163000E-5
1.421313333E+9	1.684995000E-5
1.421316667E+9	1.663782000E-5
1.421320000E+9	1.674978000E-5
1.421323333E+9	1.640053000E-5
1.421326667E+9	1.655079000E-5
1.421330000E+9	1.641664000E-5
1.421333333E+9	1.630964000E-5
1.421336667E+9	1.706308000E-5
1.421340000E+9	1.668700000E-5
1.421343333E+9	1.662623000E-5
1.421346667E+9	1.809352000E-5
1.421350000E+9	1.695202000E-5
1.421353333E+9	1.675369000E-5
1.421356667E+9	1.677075000E-5
1.421360000E+9	1.690364000E-5
1.421363333E+9	1.667645000E-5
1.421366667E+9	1.696993000E-5
1.421370000E+9	1.635967000E-5
1.421373333E+9	1.672862000E-5
1.421376667E+9	1.659079000E-5
1.421380000E+9	1.651095000E-5
1.421383333E+9	1.653767000E-5
1.421386667E+9	1.639749000E-5
1.421390000E+9	1.667196000E-5
1.421393333E+9	1.664725000E-5
1.421396667E+9	1.642050000E-5
1.421400000E+9	1.647864000E-5
