Frequency, Hz	Amplitude, Volts
1.419400000E+9	1.584162000E-5
1.419403333E+9	1.589261000E-5
1.419406667E+9	1.571776000E-5
1.419410000E+9	1.581041000E-5
1.419413333E+9	1.614185000E-5
1.419416667E+9	1.559434000E-5
1.419420000E+9	1.566428000E-5
1.419423333E+9	1.563845000E-5
1.419426667E+9	1.539058000E-5
1.419430000E+9	1.579729000E-5
1.419433333E+9	1.554021000E-5
1.419436667E+9	1.574028000E-5
1.419440000E+9	1.651334000E-5
1.419443333E+9	1.607112000E-5
1.419446667E+9	1.632737000E-5
1.419450000E+9	1.926487000E-5
1.419453333E+9	1.648526000E-5
1.419456667E+9	1.593484000E-5
1.419460000E+9	1.563768000E-5
1.419463333E+9	1.576962000E-5
1.419466667E+9	1.600505000E-5
1.419470000E+9	1.567872000E-5
1.419473333E+9	1.556975000E-5
1.419476667E+9	1.557300000E-5
1.419480000E+9	1.565723000E-5
1.419483333E+9	1.516895000E-5
1.419486667E+9	1.559134000E-5
1.419490000E+9	1.565820000E-5
1.419493333E+9	1.551404000E-5
1.419496667E+9	1.562411000E-5
1.419500000E+9	1.565103000E-5
1.419503333E+9	1.571962000E-5
1.419506667E+9	1.529859000E-5
1.419510000E+9	1.563258000E-5
1.419513333E+9	1.589547000E-5
1.419516667E+9	1.559977000E-5
1.419520000E+9	1.565287000E-5
1.419523333E+9	1.569853000E-5
1.419526667E+9	1.553215000E-5
1.419530000E+9	1.568673000E-5
1.419533333E+9	1.561642000E-5
1.419536667E+9	1.562651000E-5
1.419540000E+9	1.581584000E-5
1.419543333E+9	1.557233000E-5
1.419546667E+9	1.593041000E-5
1.419550000E+9	1.551726000E-5
1.419553333E+9	1.548087000E-5
1.419556667E+9	1.572780000E-5
1.419560000E+9	1.562143000E-5
1.419563333E+9	1.558349000E-5
1.419566667E+9	1.592116000E-5
1.419570000E+9	1.583490000E-5
1.419573333E+9	1.561718000E-5
1.419576667E+9	1.581423000E-5
1.419580000E+9	1.528388000E-5
1.419583333E+9	1.556659000E-5
1.419586667E+9	1.573297000E-5
1.419590000E+9	1.579228000E-5
1.419593333E+9	1.571829000E-5
1.419596667E+9	1.534803000E-5
1.419600000E+9	1.624629000E-5
1.419603333E+9	1.549547000E-5
1.419606667E+9	1.569188000E-5
1.419610000E+9	1.567862000E-5
1.419613333E+9	1.554717000E-5
1.419616667E+9	1.558116000E-5
1.419620000E+9	1.561711000E-5
1.419623333E+9	1.556524000E-5
1.419626667E+9	1.569574000E-5
1.419630000E+9	1.566535000E-5
1.419633333E+9	1.554478000E-5
1.419636667E+9	1.538287000E-5
1.419640000E+9	1.542526000E-5
1.419643333E+9	1.557580000E-5
1.419646667E+9	1.587691000E-5
1.419650000E+9	1.566382000E-5
1.419653333E+9	1.556244000E-5
1.419656667E+9	1.549346000E-5
1.419660000E+9	1.563193000E-5
1.419663333E+9	1.546314000E-5
1.419666667E+9	1.558217000E-5
1.419670000E+9	1.554232000E-5
1.419673333E+9	1.565135000E-5
1.419676667E+9	1.550019000E-5
1.419680000E+9	1.585533000E-5
1.419683333E+9	1.575453000E-5
1.419686667E+9	1.541530000E-5
1.419690000E+9	1.514044000E-5
1.419693333E+9	1.531304000E-5
1.419696667E+9	1.587491000E-5
1.419700000E+9	1.566306000E-5
1.419703333E+9	1.564934000E-5
1.419706667E+9	1.581742000E-5
1.419710000E+9	1.560742000E-5
1.419713333E+9	1.580817000E-5
1.419716667E+9	1.551075000E-5
1.419720000E+9	1.554567000E-5
1.419723333E+9	1.541232000E-5
1.419726667E+9	1.562843000E-5
1.419730000E+9	1.563466000E-5
1.419733333E+9	1.764949000E-5
1.419736667E+9	1.616727000E-5
1.419740000E+9	1.620472000E-5
1.419743333E+9	1.863875000E-5
1.419746667E+9	1.637599000E-5
1.419750000E+9	1.605644000E-5
1.419753333E+9	1.579157000E-5
1.419756667E+9	1.563557000E-5
1.419760000E+9	1.541444000E-5
1.419763333E+9	1.537397000E-5
1.419766667E+9	1.561965000E-5
1.419770000E+9	1.581393000E-5
1.419773333E+9	1.555041000E-5
1.419776667E+9	1.540288000E-5
1.419780000E+9	1.527308000E-5
1.419783333E+9	1.580027000E-5
1.419786667E+9	1.542615000E-5
1.419790000E+9	1.564285000E-5
1.419793333E+9	1.556114000E-5
1.419796667E+9	1.559338000E-5
1.419800000E+9	1.549916000E-5
1.419803333E+9	1.558053000E-5
1.419806667E+9	1.565036000E-5
1.419810000E+9	1.582446000E-5
1.419813333E+9	1.550615000E-5
1.419816667E+9	1.539707000E-5
1.419820000E+9	1.539602000E-5
1.419823333E+9	1.576555000E-5
1.419826667E+9	1.557933000E-5
1.419830000E+9	1.563754000E-5
1.419833333E+9	1.567070000E-5
1.419836667E+9	1.577504000E-5
1.419840000E+9	1.537841000E-5
1.419843333E+9	1.534155000E-5
1.419846667E+9	1.552547000E-5
1.419850000E+9	1.559668000E-5
1.419853333E+9	1.564723000E-5
1.419856667E+9	1.554662000E-5
1.419860000E+9	1.557321000E-5
1.419863333E+9	1.565687000E-5
1.419866667E+9	1.581676000E-5
1.419870000E+9	1.566170000E-5
1.419873333E+9	1.554425000E-5
1.419876667E+9	1.537592000E-5
1.419880000E+9	1.540018000E-5
1.419883333E+9	1.529328000E-5
1.419886667E+9	1.565029000E-5
1.419890000E+9	1.536334000E-5
1.419893333E+9	1.543510000E-5
1.419896667E+9	1.596735000E-5
1.419900000E+9	1.556674000E-5
1.419903333E+9	1.549339000E-5
1.419906667E+9	1.544448000E-5
1.419910000E+9	1.549797000E-5
1.419913333E+9	1.561493000E-5
1.419916667E+9	1.546122000E-5
1.419920000E+9	1.531888000E-5
1.419923333E+9	1.570430000E-5
1.419926667E+9	1.523665000E-5
1.419930000E+9	1.534133000E-5
1.419933333E+9	1.551060000E-5
1.419936667E+9	1.577632000E-5
1.419940000E+9	1.558003000E-5
1.419943333E+9	1.561517000E-5
1.419946667E+9	1.519200000E-5
1.419950000E+9	1.535208000E-5
1.419953333E+9	1.544312000E-5
1.419956667E+9	1.548305000E-5
1.419960000E+9	1.566869000E-5
1.419963333E+9	1.571950000E-5
1.419966667E+9	1.518828000E-5
1.419970000E+9	1.534674000E-5
1.419973333E+9	1.547258000E-5
1.419976667E+9	1.554956000E-5
1.419980000E+9	1.598215000E-5
1.419983333E+9	1.544156000E-5
1.419986667E+9	1.552883000E-5
1.419990000E+9	1.563435000E-5
1.419993333E+9	1.565027000E-5
1.419996667E+9	1.563612000E-5
1.420000000E+9	1.664645000E-5
1.420003333E+9	1.786881000E-5
1.420006667E+9	1.597432000E-5
1.420010000E+9	1.602131000E-5
1.420013333E+9	1.520884000E-5
1.420016667E+9	1.573719000E-5
1.420020000E+9	1.578405000E-5
1.420023333E+9	1.565412000E-5
1.420026667E+9	1.655435000E-5
1.420030000E+9	1.554116000E-5
1.420033333E+9	1.699516000E-5
1.420036667E+9	1.801670000E-5
1.420040000E+9	1.620201000E-5
1.420043333E+9	1.590902000E-5
1.420046667E+9	1.615762000E-5
1.420050000E+9	1.620461000E-5
1.420053333E+9	1.562826000E-5
1.420056667E+9	1.594480000E-5
1.420060000E+9	1.628707000E-5
1.420063333E+9	1.612627000E-5
1.420066667E+9	1.611570000E-5
1.420070000E+9	1.621680000E-5
1.420073333E+9	1.589352000E-5
1.420076667E+9	1.622312000E-5
1.420080000E+9	1.600487000E-5
1.420083333E+9	1.630235000E-5
1.420086667E+9	1.638117000E-5
1.420090000E+9	1.614909000E-5
1.420093333E+9	1.630872000E-5
1.420096667E+9	1.628467000E-5
1.420100000E+9	1.655888000E-5
1.420103333E+9	1.643401000E-5
1.420106667E+9	1.647721000E-5
1.420110000E+9	1.644973000E-5
1.420113333E+9	1.650988000E-5
1.420116667E+9	1.639823000E-5
1.420120000E+9	1.649804000E-5
1.420123333E+9	1.686724000E-5
1.420126667E+9	1.678406000E-5
1.420130000E+9	1.644101000E-5
1.420133333E+9	1.655178000E-5
1.420136667E+9	1.678028000E-5
1.420140000E+9	1.672238000E-5
1.420143333E+9	1.712754000E-5
1.420146667E+9	1.691114000E-5
1.420150000E+9	1.706290000E-5
1.420153333E+9	1.668321000E-5
1.420156667E+9	1.682540000E-5
1.420160000E+9	1.709183000E-5
1.420163333E+9	1.669684000E-5
1.420166667E+9	1.673018000E-5
1.420170000E+9	1.713529000E-5
1.420173333E+9	1.676405000E-5
1.420176667E+9	1.708046000E-5
1.420180000E+9	1.687202000E-5
1.420183333E+9	1.688607000E-5
1.420186667E+9	1.684407000E-5
1.420190000E+9	1.697599000E-5
1.420193333E+9	1.639148000E-5
1.420196667E+9	1.697338000E-5
1.420200000E+9	1.651945000E-5
1.420203333E+9	1.640850000E-5
1.420206667E+9	1.670614000E-5
1.420210000E+9	1.657424000E-5
1.420213333E+9	1.659602000E-5
1.420216667E+9	1.680890000E-5
1.420220000E+9	1.651936000E-5
1.420223333E+9	1.668491000E-5
1.420226667E+9	1.673959000E-5
1.420230000E+9	1.683470000E-5
1.420233333E+9	1.657872000E-5
1.420236667E+9	1.677947000E-5
1.420240000E+9	1.664740000E-5
1.420243333E+9	1.666845000E-5
1.420246667E+9	1.683065000E-5
1.420250000E+9	1.691227000E-5
1.420253333E+9	1.679259000E-5
1.420256667E+9	1.692354000E-5
1.420260000E+9	1.674601000E-5
1.420263333E+9	1.713296000E-5
1.420266667E+9	1.700178000E-5
1.420270000E+9	1.694186000E-5
1.420273333E+9	1.683723000E-5
1.420276667E+9	1.709386000E-5
1.420280000E+9	1.672355000E-5
1.420283333E+9	1.698288000E-5
1.420286667E+9	1.715728000E-5
1.420290000E+9	1.723696000E-5
1.420293333E+9	1.664745000E-5
1.420296667E+9	1.705084000E-5
1.420300000E+9	1.710505000E-5
1.420303333E+9	1.725415000E-5
1.420306667E+9	1.713785000E-5
1.420310000E+9	1.682200000E-5
1.420313333E+9	1.725491000E-5
1.420316667E+9	1.724135000E-5
1.420320000E+9	1.745301000E-5
1.420323333E+9	1.713700000E-5
1.420326667E+9	1.805972000E-5
1.420330000E+9	1.931935000E-5
1.420333333E+9	1.786989000E-5
1.420336667E+9	1.748754000E-5
1.420340000E+9	1.729271000E-5
1.420343333E+9	1.738880000E-5
1.420346667E+9	1.780866000E-5
1.420350000E+9	1.731806000E-5
1.420353333E+9	1.761956000E-5
1.420356667E+9	1.731971000E-5
1.420360000E+9	1.747796000E-5
1.420363333E+9	1.739247000E-5
1.420366667E+9	1.732650000E-5
1.420370000E+9	1.737632000E-5
1.420373333E+9	1.747485000E-5
1.420376667E+9	1.756081000E-5
1.420380000E+9	1.692826000E-5
1.420383333E+9	1.707240000E-5
1.420386667E+9	1.649357000E-5
1.420390000E+9	1.584614000E-5
1.420393333E+9	1.653375000E-5
1.420396667E+9	1.592764000E-5
1.420400000E+9	1.610737000E-5
1.420403333E+9	1.607994000E-5
1.420406667E+9	1.607260000E-5
1.420410000E+9	1.565050000E-5
1.420413333E+9	1.591987000E-5
1.420416667E+9	1.588521000E-5
1.420420000E+9	1.616120000E-5
1.420423333E+9	1.532879000E-5
1.420426667E+9	1.570798000E-5
1.420430000E+9	1.571726000E-5
1.420433333E+9	1.574415000E-5
1.420436667E+9	1.571914000E-5
1.420440000E+9	1.573654000E-5
1.420443333E+9	1.542116000E-5
1.420446667E+9	1.569708000E-5
1.420450000E+9	1.564831000E-5
1.420453333E+9	1.590633000E-5
1.420456667E+9	1.560538000E-5
1.420460000E+9	1.569434000E-5
1.420463333E+9	1.541031000E-5
1.420466667E+9	1.575077000E-5
1.420470000E+9	1.585470000E-5
1.420473333E+9	1.598513000E-5
1.420476667E+9	1.543383000E-5
1.420480000E+9	1.580492000E-5
1.420483333E+9	1.555755000E-5
1.420486667E+9	1.566581000E-5
1.420490000E+9	1.594076000E-5
1.420493333E+9	1.584454000E-5
1.420496667E+9	1.573877000E-5
1.420500000E+9	1.563729000E-5
1.420503333E+9	1.558936000E-5
1.420506667E+9	1.585425000E-5
1.420510000E+9	1.531243000E-5
1.420513333E+9	1.566769000E-5
1.420516667E+9	1.573684000E-5
1.420520000E+9	1.551380000E-5
1.420523333E+9	1.530223000E-5
1.420526667E+9	1.547340000E-5
1.420530000E+9	1.578375000E-5
1.420533333E+9	1.572351000E-5
1.420536667E+9	1.539651000E-5
1.420540000E+9	1.562152000E-5
1.420543333E+9	1.551773000E-5
1.420546667E+9	1.562759000E-5
1.420550000E+9	1.602749000E-5
1.420553333E+9	1.541080000E-5
1.420556667E+9	1.561068000E-5
1.420560000E+9	1.542881000E-5
1.420563333E+9	1.576942000E-5
1.420566667E+9	1.550367000E-5
1.420570000E+9	1.569227000E-5
1.420573333E+9	1.591779000E-5
1.420576667E+9	1.586517000E-5
1.420580000E+9	1.586794000E-5
1.420583333E+9	1.578075000E-5
1.420586667E+9	1.573105000E-5
1.420590000E+9	1.694695000E-5
1.420593333E+9	1.617199000E-5
1.420596667E+9	1.564548000E-5
1.420600000E+9	1.551818000E-5
1.420603333E+9	1.626164000E-5
1.420606667E+9	1.659504000E-5
1.420610000E+9	1.621922000E-5
1.420613333E+9	1.712724000E-5
1.420616667E+9	1.626450000E-5
1.420620000E+9	1.829920000E-5
1.420623333E+9	1.848660000E-5
1.420626667E+9	1.661185000E-5
1.420630000E+9	1.610484000E-5
1.420633333E+9	1.616667000E-5
1.420636667E+9	1.605551000E-5
1.420640000E+9	1.635953000E-5
1.420643333E+9	1.667661000E-5
1.420646667E+9	1.639218000E-5
1.420650000E+9	1.596912000E-5
1.420653333E+9	1.591098000E-5
1.420656667E+9	1.613300000E-5
1.420660000E+9	1.594317000E-5
1.420663333E+9	1.577791000E-5
1.420666667E+9	1.587231000E-5
1.420670000E+9	1.579826000E-5
1.420673333E+9	1.582512000E-5
1.420676667E+9	1.574175000E-5
1.420680000E+9	1.572183000E-5
1.420683333E+9	1.561179000E-5
1.420686667E+9	1.561704000E-5
1.420690000E+9	1.557512000E-5
1.420693333E+9	1.569170000E-5
1.420696667E+9	1.608725000E-5
1.420700000E+9	1.564072000E-5
1.420703333E+9	1.559093000E-5
1.420706667E+9	1.544217000E-5
1.420710000E+9	1.611637000E-5
1.420713333E+9	1.579698000E-5
1.420716667E+9	1.560249000E-5
1.420720000E+9	1.565110000E-5
1.420723333E+9	1.541038000E-5
1.420726667E+9	1.545124000E-5
1.420730000E+9	1.572351000E-5
1.420733333E+9	1.574192000E-5
1.420736667E+9	1.544300000E-5
1.420740000E+9	1.583473000E-5
1.420743333E+9	1.585014000E-5
1.420746667E+9	1.555798000E-5
1.420750000E+9	1.552152000E-5
1.420753333E+9	1.592538000E-5
1.420756667E+9	1.605554000E-5
1.420760000E+9	1.552370000E-5
1.420763333E+9	1.563221000E-5
1.420766667E+9	1.562375000E-5
1.420770000E+9	1.520042000E-5
1.420773333E+9	1.568909000E-5
1.420776667E+9	1.532961000E-5
1.420780000E+9	1.529180000E-5
1.420783333E+9	1.543600000E-5
1.420786667E+9	1.541373000E-5
1.420790000E+9	1.564623000E-5
1.420793333E+9	1.628246000E-5
1.420796667E+9	1.553423000E-5
1.420800000E+9	1.560119000E-5
1.420803333E+9	1.540462000E-5
1.420806667E+9	1.532766000E-5
1.420810000E+9	1.546752000E-5
1.420813333E+9	1.545828000E-5
1.420816667E+9	1.517726000E-5
1.420820000E+9	1.549752000E-5
1.420823333E+9	1.533493000E-5
1.420826667E+9	1.556251000E-5
1.420830000E+9	1.536397000E-5
1.420833333E+9	1.525330000E-5
1.420836667E+9	1.517403000E-5
1.420840000E+9	1.566521000E-5
1.420843333E+9	1.525803000E-5
1.420846667E+9	1.531587000E-5
1.420850000E+9	1.520897000E-5
1.420853333E+9	1.516700000E-5
1.420856667E+9	1.508370000E-5
1.420860000E+9	1.498500000E-5
1.420863333E+9	1.502452000E-5
1.420866667E+9	1.554321000E-5
1.420870000E+9	1.551658000E-5
1.420873333E+9	1.497716000E-5
1.420876667E+9	1.533357000E-5
1.420880000E+9	1.550258000E-5
1.420883333E+9	1.720200000E-5
1.420886667E+9	1.605546000E-5
1.420890000E+9	1.508966000E-5
1.420893333E+9	1.527268000E-5
1.420896667E+9	1.563893000E-5
1.420900000E+9	1.587568000E-5
1.420903333E+9	1.662721000E-5
1.420906667E+9	1.899773000E-5
1.420910000E+9	1.567053000E-5
1.420913333E+9	2.247352000E-5
1.420916667E+9	2.130880000E-5
1.420920000E+9	1.622239000E-5
1.420923333E+9	1.549385000E-5
1.420926667E+9	1.599964000E-5
1.420930000E+9	1.559163000E-5
1.420933333E+9	1.521996000E-5
1.420936667E+9	1.505497000E-5
1.420940000E+9	1.563603000E-5
1.420943333E+9	1.615164000E-5
1.420946667E+9	1.529179000E-5
1.420950000E+9	1.529704000E-5
1.420953333E+9	1.523938000E-5
1.420956667E+9	1.513609000E-5
1.420960000E+9	1.528395000E-5
1.420963333E+9	1.508431000E-5
1.420966667E+9	1.512509000E-5
1.420970000E+9	1.536977000E-5
1.420973333E+9	1.505977000E-5
1.420976667E+9	1.521545000E-5
1.420980000E+9	1.552724000E-5
1.420983333E+9	1.557852000E-5
1.420986667E+9	1.566886000E-5
1.420990000E+9	1.512637000E-5
1.420993333E+9	1.530059000E-5
1.420996667E+9	1.527583000E-5
1.421000000E+9	1.517891000E-5
1.421003333E+9	1.532606000E-5
1.421006667E+9	1.525191000E-5
1.421010000E+9	1.533188000E-5
1.421013333E+9	1.503639000E-5
1.421016667E+9	1.528400000E-5
1.421020000E+9	1.518499000E-5
1.421023333E+9	1.542917000E-5
1.421026667E+9	1.512150000E-5
1.421030000E+9	1.556825000E-5
1.421033333E+9	1.510367000E-5
1.421036667E+9	1.532995000E-5
1.421040000E+9	1.549916000E-5
1.421043333E+9	1.526952000E-5
1.421046667E+9	1.549404000E-5
1.421050000E+9	1.538166000E-5
1.421053333E+9	1.578526000E-5
1.421056667E+9	1.526879000E-5
1.421060000E+9	1.526922000E-5
1.421063333E+9	1.504475000E-5
1.421066667E+9	1.513486000E-5
1.421070000E+9	1.513180000E-5
1.421073333E+9	1.516973000E-5
1.421076667E+9	1.528318000E-5
1.421080000E+9	1.508342000E-5
1.421083333E+9	1.507396000E-5
1.421086667E+9	1.518704000E-5
1.421090000E+9	1.549487000E-5
1.421093333E+9	1.586111000E-5
1.421096667E+9	1.526785000E-5
1.421100000E+9	1.553894000E-5
1.421103333E+9	1.531647000E-5
1.421106667E+9	1.518898000E-5
1.421110000E+9	1.520423000E-5
1.421113333E+9	1.501364000E-5
1.421116667E+9	1.540353000E-5
1.421120000E+9	1.552281000E-5
1.421123333E+9	1.495322000E-5
1.421126667E+9	1.524200000E-5
1.421130000E+9	1.547741000E-5
1.421133333E+9	1.544280000E-5
1.421136667E+9	1.544724000E-5
1.421140000E+9	1.560921000E-5
1.421143333E+9	1.512385000E-5
1.421146667E+9	1.546847000E-5
1.421150000E+9	1.548064000E-5
1.421153333E+9	1.532234000E-5
1.421156667E+9	1.542570000E-5
1.421160000E+9	1.497538000E-5
1.421163333E+9	1.561395000E-5
1.421166667E+9	1.536456000E-5
1.421170000E+9	1.549625000E-5
1.421173333E+9	1.548740000E-5
1.421176667E+9	1.547722000E-5
1.421180000E+9	1.604585000E-5
1.421183333E+9	1.513961000E-5
1.421186667E+9	1.535088000E-5
1.421190000E+9	1.545153000E-5
1.421193333E+9	1.555345000E-5
1.421196667E+9	1.577317000E-5
1.421200000E+9	1.581456000E-5
1.421203333E+9	1.540493000E-5
1.421206667E+9	1.838844000E-5
1.421210000E+9	1.720791000E-5
1.421213333E+9	1.523064000E-5
1.421216667E+9	1.541209000E-5
1.421220000E+9	1.529036000E-5
1.421223333E+9	1.527086000E-5
1.421226667E+9	1.523166000E-5
1.421230000E+9	1.537570000E-5
1.421233333E+9	1.539754000E-5
1.421236667E+9	1.510266000E-5
1.421240000E+9	1.543305000E-5
1.421243333E+9	1.544280000E-5
1.421246667E+9	1.516230000E-5
1.421250000E+9	1.544171000E-5
1.421253333E+9	1.521928000E-5
1.421256667E+9	1.540647000E-5
1.421260000E+9	1.564663000E-5
1.421263333E+9	1.533926000E-5
1.421266667E+9	1.522426000E-5
1.421270000E+9	1.539876000E-5
1.421273333E+9	1.518193000E-5
1.421276667E+9	1.542714000E-5
1.421280000E+9	1.535891000E-5
1.421283333E+9	1.533875000E-5
1.421286667E+9	1.541891000E-5
1.421290000E+9	1.457828000E-5
1.421293333E+9	1.554679000E-5
1.421296667E+9	1.545920000E-5
1.421300000E+9	1.543459000E-5
1.421303333E+9	1.528348000E-5
1.421306667E+9	1.520976000E-5
1.421310000E+9	1.500520000E-5
1.421313333E+9	1.558319000E-5
1.421316667E+9	1.514823000E-5
1.421320000E+9	1.533592000E-5
1.421323333E+9	1.582008000E-5
1.421326667E+9	1.543891000E-5
1.421330000E+9	1.530316000E-5
1.421333333E+9	1.491701000E-5
1.421336667E+9	1.525744000E-5
1.421340000E+9	1.538105000E-5
1.421343333E+9	1.550053000E-5
1.421346667E+9	1.540052000E-5
1.421350000E+9	1.536535000E-5
1.421353333E+9	1.529995000E-5
1.421356667E+9	1.562013000E-5
1.421360000E+9	1.544081000E-5
1.421363333E+9	1.533734000E-5
1.421366667E+9	1.621297000E-5
1.421370000E+9	1.554007000E-5
1.421373333E+9	1.512237000E-5
1.421376667E+9	1.497740000E-5
1.421380000E+9	1.549740000E-5
1.421383333E+9	1.586855000E-5
1.421386667E+9	1.519493000E-5
1.421390000E+9	1.530112000E-5
1.421393333E+9	1.560989000E-5
1.421396667E+9	1.543061000E-5
1.421400000E+9	1.540858000E-5
