Frequency, Hz	Amplitude, Volts
1.419400000E+9	2.175415000E-5
1.419403333E+9	2.163101000E-5
1.419406667E+9	2.113671000E-5
1.419410000E+9	2.139728000E-5
1.419413333E+9	2.166578000E-5
1.419416667E+9	2.134966000E-5
1.419420000E+9	2.131809000E-5
1.419423333E+9	2.109253000E-5
1.419426667E+9	2.059287000E-5
1.419430000E+9	2.165332000E-5
1.419433333E+9	2.190053000E-5
1.419436667E+9	2.179070000E-5
1.419440000E+9	2.272031000E-5
1.419443333E+9	2.197792000E-5
1.419446667E+9	2.154565000E-5
1.419450000E+9	2.416248000E-5
1.419453333E+9	2.721326000E-5
1.419456667E+9	2.465810000E-5
1.419460000E+9	2.146629000E-5
1.419463333E+9	2.138577000E-5
1.419466667E+9	2.141455000E-5
1.419470000E+9	2.160794000E-5
1.419473333E+9	2.127579000E-5
1.419476667E+9	2.110594000E-5
1.419480000E+9	2.114249000E-5
1.419483333E+9	2.114398000E-5
1.419486667E+9	2.106623000E-5
1.419490000E+9	2.172882000E-5
1.419493333E+9	2.174235000E-5
1.419496667E+9	2.156667000E-5
1.419500000E+9	2.122781000E-5
1.419503333E+9	2.141838000E-5
1.419506667E+9	2.099175000E-5
1.419510000E+9	2.098106000E-5
1.419513333E+9	2.148289000E-5
1.419516667E+9	2.159864000E-5
1.419520000E+9	2.160492000E-5
1.419523333E+9	2.131252000E-5
1.419526667E+9	2.147516000E-5
1.419530000E+9	2.119786000E-5
1.419533333E+9	2.139401000E-5
1.419536667E+9	2.156857000E-5
1.419540000E+9	2.178716000E-5
1.419543333E+9	2.112101000E-5
1.419546667E+9	2.144224000E-5
1.419550000E+9	2.115343000E-5
1.419553333E+9	2.117897000E-5
1.419556667E+9	2.135583000E-5
1.419560000E+9	2.130758000E-5
1.419563333E+9	2.119767000E-5
1.419566667E+9	2.149821000E-5
1.419570000E+9	2.152544000E-5
1.419573333E+9	2.161892000E-5
1.419576667E+9	2.068501000E-5
1.419580000E+9	2.115448000E-5
1.419583333E+9	2.141429000E-5
1.419586667E+9	2.175004000E-5
1.419590000E+9	2.184004000E-5
1.419593333E+9	2.127866000E-5
1.419596667E+9	2.079337000E-5
1.419600000E+9	2.108570000E-5
1.419603333E+9	2.115554000E-5
1.419606667E+9	2.139996000E-5
1.419610000E+9	2.147681000E-5
1.419613333E+9	2.148992000E-5
1.419616667E+9	2.105636000E-5
1.419620000E+9	2.149769000E-5
1.419623333E+9	2.153882000E-5
1.419626667E+9	2.105391000E-5
1.419630000E+9	2.134877000E-5
1.419633333E+9	2.153355000E-5
1.419636667E+9	2.120743000E-5
1.419640000E+9	2.140903000E-5
1.419643333E+9	2.129706000E-5
1.419646667E+9	2.147881000E-5
1.419650000E+9	2.113467000E-5
1.419653333E+9	2.145878000E-5
1.419656667E+9	2.102704000E-5
1.419660000E+9	2.111758000E-5
1.419663333E+9	2.151863000E-5
1.419666667E+9	2.117392000E-5
1.419670000E+9	2.124747000E-5
1.419673333E+9	2.150661000E-5
1.419676667E+9	2.188786000E-5
1.419680000E+9	2.097848000E-5
1.419683333E+9	2.102074000E-5
1.419686667E+9	2.148258000E-5
1.419690000E+9	2.057050000E-5
1.419693333E+9	2.123683000E-5
1.419696667E+9	2.091071000E-5
1.419700000E+9	2.098309000E-5
1.419703333E+9	2.105960000E-5
1.419706667E+9	2.079573000E-5
1.419710000E+9	2.131259000E-5
1.419713333E+9	2.093662000E-5
1.419716667E+9	2.109825000E-5
1.419720000E+9	2.122140000E-5
1.419723333E+9	2.280166000E-5
1.419726667E+9	2.227200000E-5
1.419730000E+9	2.152740000E-5
1.419733333E+9	2.516337000E-5
1.419736667E+9	2.201289000E-5
1.419740000E+9	2.191951000E-5
1.419743333E+9	2.431121000E-5
1.419746667E+9	2.749280000E-5
1.419750000E+9	2.307375000E-5
1.419753333E+9	2.327875000E-5
1.419756667E+9	2.176162000E-5
1.419760000E+9	2.134486000E-5
1.419763333E+9	2.145079000E-5
1.419766667E+9	2.190019000E-5
1.419770000E+9	2.233356000E-5
1.419773333E+9	2.182841000E-5
1.419776667E+9	2.084245000E-5
1.419780000E+9	2.102277000E-5
1.419783333E+9	2.108486000E-5
1.419786667E+9	2.095261000E-5
1.419790000E+9	2.090272000E-5
1.419793333E+9	2.152683000E-5
1.419796667E+9	2.136896000E-5
1.419800000E+9	2.105484000E-5
1.419803333E+9	2.128868000E-5
1.419806667E+9	2.102478000E-5
1.419810000E+9	2.118139000E-5
1.419813333E+9	2.104032000E-5
1.419816667E+9	2.168351000E-5
1.419820000E+9	2.164496000E-5
1.419823333E+9	2.122854000E-5
1.419826667E+9	2.078737000E-5
1.419830000E+9	2.095148000E-5
1.419833333E+9	2.103912000E-5
1.419836667E+9	2.136190000E-5
1.419840000E+9	2.129222000E-5
1.419843333E+9	2.125939000E-5
1.419846667E+9	2.070676000E-5
1.419850000E+9	2.106508000E-5
1.419853333E+9	2.111438000E-5
1.419856667E+9	2.076577000E-5
1.419860000E+9	2.126871000E-5
1.419863333E+9	2.152019000E-5
1.419866667E+9	2.140287000E-5
1.419870000E+9	2.220973000E-5
1.419873333E+9	2.150687000E-5
1.419876667E+9	2.080731000E-5
1.419880000E+9	2.055005000E-5
1.419883333E+9	2.117253000E-5
1.419886667E+9	2.116200000E-5
1.419890000E+9	2.098670000E-5
1.419893333E+9	2.108000000E-5
1.419896667E+9	2.128184000E-5
1.419900000E+9	2.095705000E-5
1.419903333E+9	2.103155000E-5
1.419906667E+9	2.140534000E-5
1.419910000E+9	2.102268000E-5
1.419913333E+9	2.177125000E-5
1.419916667E+9	2.153099000E-5
1.419920000E+9	2.140964000E-5
1.419923333E+9	2.161484000E-5
1.419926667E+9	2.091053000E-5
1.419930000E+9	2.116721000E-5
1.419933333E+9	2.125165000E-5
1.419936667E+9	2.143542000E-5
1.419940000E+9	2.134781000E-5
1.419943333E+9	2.113569000E-5
1.419946667E+9	2.075202000E-5
1.419950000E+9	2.095576000E-5
1.419953333E+9	2.138798000E-5
1.419956667E+9	2.131441000E-5
1.419960000E+9	2.132427000E-5
1.419963333E+9	2.098717000E-5
1.419966667E+9	2.148858000E-5
1.419970000E+9	2.125776000E-5
1.419973333E+9	2.088373000E-5
1.419976667E+9	2.104171000E-5
1.419980000E+9	2.250256000E-5
1.419983333E+9	2.130508000E-5
1.419986667E+9	2.146165000E-5
1.419990000E+9	2.119760000E-5
1.419993333E+9	2.130173000E-5
1.419996667E+9	2.120629000E-5
1.420000000E+9	2.167559000E-5
1.420003333E+9	2.174555000E-5
1.420006667E+9	2.140936000E-5
1.420010000E+9	2.106848000E-5
1.420013333E+9	2.139850000E-5
1.420016667E+9	2.123592000E-5
1.420020000E+9	2.156083000E-5
1.420023333E+9	2.138081000E-5
1.420026667E+9	2.221893000E-5
1.420030000E+9	2.109408000E-5
1.420033333E+9	2.168520000E-5
1.420036667E+9	2.300747000E-5
1.420040000E+9	2.637675000E-5
1.420043333E+9	2.232010000E-5
1.420046667E+9	2.146653000E-5
1.420050000E+9	2.177367000E-5
1.420053333E+9	2.131327000E-5
1.420056667E+9	2.094766000E-5
1.420060000E+9	2.114333000E-5
1.420063333E+9	2.100496000E-5
1.420066667E+9	2.060904000E-5
1.420070000E+9	2.052231000E-5
1.420073333E+9	2.113342000E-5
1.420076667E+9	2.120498000E-5
1.420080000E+9	2.111426000E-5
1.420083333E+9	2.100146000E-5
1.420086667E+9	2.124040000E-5
1.420090000E+9	2.021264000E-5
1.420093333E+9	2.109186000E-5
1.420096667E+9	2.094391000E-5
1.420100000E+9	2.085982000E-5
1.420103333E+9	2.115810000E-5
1.420106667E+9	2.130363000E-5
1.420110000E+9	2.130503000E-5
1.420113333E+9	2.124444000E-5
1.420116667E+9	2.116993000E-5
1.420120000E+9	2.082413000E-5
1.420123333E+9	2.102679000E-5
1.420126667E+9	2.057804000E-5
1.420130000E+9	2.100828000E-5
1.420133333E+9	2.107311000E-5
1.420136667E+9	2.120191000E-5
1.420140000E+9	2.115301000E-5
1.420143333E+9	2.107091000E-5
1.420146667E+9	2.085257000E-5
1.420150000E+9	2.149037000E-5
1.420153333E+9	2.097123000E-5
1.420156667E+9	2.116725000E-5
1.420160000E+9	2.107283000E-5
1.420163333E+9	2.129752000E-5
1.420166667E+9	2.122129000E-5
1.420170000E+9	2.124301000E-5
1.420173333E+9	2.052603000E-5
1.420176667E+9	2.113033000E-5
1.420180000E+9	2.075736000E-5
1.420183333E+9	2.086684000E-5
1.420186667E+9	2.119844000E-5
1.420190000E+9	2.091200000E-5
1.420193333E+9	2.164873000E-5
1.420196667E+9	2.161050000E-5
1.420200000E+9	2.091126000E-5
1.420203333E+9	2.096324000E-5
1.420206667E+9	2.068898000E-5
1.420210000E+9	2.086972000E-5
1.420213333E+9	2.121155000E-5
1.420216667E+9	2.085776000E-5
1.420220000E+9	2.083645000E-5
1.420223333E+9	2.111206000E-5
1.420226667E+9	2.126967000E-5
1.420230000E+9	2.112971000E-5
1.420233333E+9	2.102326000E-5
1.420236667E+9	2.137842000E-5
1.420240000E+9	2.105484000E-5
1.420243333E+9	2.119802000E-5
1.420246667E+9	2.121628000E-5
1.420250000E+9	2.109818000E-5
1.420253333E+9	2.124096000E-5
1.420256667E+9	2.124215000E-5
1.420260000E+9	2.101580000E-5
1.420263333E+9	2.115661000E-5
1.420266667E+9	2.151275000E-5
1.420270000E+9	2.106168000E-5
1.420273333E+9	2.085902000E-5
1.420276667E+9	2.144450000E-5
1.420280000E+9	2.088471000E-5
1.420283333E+9	2.159074000E-5
1.420286667E+9	2.136094000E-5
1.420290000E+9	2.102822000E-5
1.420293333E+9	2.119747000E-5
1.420296667E+9	2.215666000E-5
1.420300000E+9	2.065609000E-5
1.420303333E+9	2.105164000E-5
1.420306667E+9	2.142288000E-5
1.420310000E+9	2.229865000E-5
1.420313333E+9	2.107040000E-5
1.420316667E+9	2.114184000E-5
1.420320000E+9	2.226552000E-5
1.420323333E+9	2.100727000E-5
1.420326667E+9	2.224605000E-5
1.420330000E+9	2.430302000E-5
1.420333333E+9	2.552901000E-5
1.420336667E+9	2.174147000E-5
1.420340000E+9	2.153546000E-5
1.420343333E+9	2.109952000E-5
1.420346667E+9	2.111853000E-5
1.420350000E+9	2.142727000E-5
1.420353333E+9	2.140637000E-5
1.420356667E+9	2.094249000E-5
1.420360000E+9	2.131685000E-5
1.420363333E+9	2.112152000E-5
1.420366667E+9	2.114623000E-5
1.420370000E+9	2.100259000E-5
1.420373333E+9	2.109315000E-5
1.420376667E+9	2.107267000E-5
1.420380000E+9	2.118499000E-5
1.420383333E+9	2.140813000E-5
1.420386667E+9	2.111456000E-5
1.420390000E+9	2.138178000E-5
1.420393333E+9	2.147235000E-5
1.420396667E+9	2.138680000E-5
1.420400000E+9	2.133661000E-5
1.420403333E+9	2.091934000E-5
1.420406667E+9	2.089866000E-5
1.420410000E+9	2.098779000E-5
1.420413333E+9	2.082431000E-5
1.420416667E+9	2.135334000E-5
1.420420000E+9	2.113980000E-5
1.420423333E+9	2.166728000E-5
1.420426667E+9	2.154663000E-5
1.420430000E+9	2.147518000E-5
1.420433333E+9	2.141276000E-5
1.420436667E+9	2.125484000E-5
1.420440000E+9	2.093320000E-5
1.420443333E+9	2.124087000E-5
1.420446667E+9	2.122611000E-5
1.420450000E+9	2.122110000E-5
1.420453333E+9	2.101931000E-5
1.420456667E+9	2.121318000E-5
1.420460000E+9	2.079009000E-5
1.420463333E+9	2.067311000E-5
1.420466667E+9	2.101947000E-5
1.420470000E+9	2.141415000E-5
1.420473333E+9	2.150609000E-5
1.420476667E+9	2.158382000E-5
1.420480000E+9	2.106203000E-5
1.420483333E+9	2.159940000E-5
1.420486667E+9	2.110645000E-5
1.420490000E+9	2.141544000E-5
1.420493333E+9	2.107630000E-5
1.420496667E+9	2.080671000E-5
1.420500000E+9	2.143120000E-5
1.420503333E+9	2.089533000E-5
1.420506667E+9	2.120182000E-5
1.420510000E+9	2.100017000E-5
1.420513333E+9	2.117062000E-5
1.420516667E+9	2.149316000E-5
1.420520000E+9	2.119781000E-5
1.420523333E+9	2.088430000E-5
1.420526667E+9	2.101947000E-5
1.420530000E+9	2.086379000E-5
1.420533333E+9	2.082548000E-5
1.420536667E+9	2.086626000E-5
1.420540000E+9	2.082138000E-5
1.420543333E+9	2.097279000E-5
1.420546667E+9	2.084201000E-5
1.420550000E+9	2.085300000E-5
1.420553333E+9	2.119309000E-5
1.420556667E+9	2.113054000E-5
1.420560000E+9	2.097730000E-5
1.420563333E+9	2.112653000E-5
1.420566667E+9	2.054973000E-5
1.420570000E+9	2.116814000E-5
1.420573333E+9	2.094166000E-5
1.420576667E+9	2.107109000E-5
1.420580000E+9	2.115979000E-5
1.420583333E+9	2.102349000E-5
1.420586667E+9	2.052810000E-5
1.420590000E+9	2.208009000E-5
1.420593333E+9	2.092908000E-5
1.420596667E+9	2.068910000E-5
1.420600000E+9	2.163013000E-5
1.420603333E+9	2.186643000E-5
1.420606667E+9	2.100694000E-5
1.420610000E+9	2.160061000E-5
1.420613333E+9	2.239239000E-5
1.420616667E+9	2.155218000E-5
1.420620000E+9	2.334317000E-5
1.420623333E+9	2.509428000E-5
1.420626667E+9	2.709359000E-5
1.420630000E+9	2.131071000E-5
1.420633333E+9	2.162075000E-5
1.420636667E+9	2.100432000E-5
1.420640000E+9	2.101010000E-5
1.420643333E+9	2.129102000E-5
1.420646667E+9	2.068192000E-5
1.420650000E+9	2.090290000E-5
1.420653333E+9	2.056535000E-5
1.420656667E+9	2.124472000E-5
1.420660000E+9	2.150238000E-5
1.420663333E+9	2.126472000E-5
1.420666667E+9	2.102813000E-5
1.420670000E+9	2.066760000E-5
1.420673333E+9	2.096616000E-5
1.420676667E+9	2.065405000E-5
1.420680000E+9	2.063392000E-5
1.420683333E+9	2.081503000E-5
1.420686667E+9	2.048024000E-5
1.420690000E+9	2.100701000E-5
1.420693333E+9	2.064974000E-5
1.420696667E+9	2.107757000E-5
1.420700000E+9	2.119947000E-5
1.420703333E+9	2.078162000E-5
1.420706667E+9	2.123226000E-5
1.420710000E+9	2.086008000E-5
1.420713333E+9	2.061880000E-5
1.420716667E+9	2.085000000E-5
1.420720000E+9	2.076080000E-5
1.420723333E+9	2.104023000E-5
1.420726667E+9	2.141765000E-5
1.420730000E+9	2.106667000E-5
1.420733333E+9	2.035479000E-5
1.420736667E+9	2.075692000E-5
1.420740000E+9	2.064009000E-5
1.420743333E+9	2.091921000E-5
1.420746667E+9	2.148697000E-5
1.420750000E+9	2.119351000E-5
1.420753333E+9	2.114595000E-5
1.420756667E+9	2.117590000E-5
1.420760000E+9	2.139695000E-5
1.420763333E+9	2.065841000E-5
1.420766667E+9	2.097719000E-5
1.420770000E+9	2.073305000E-5
1.420773333E+9	2.068826000E-5
1.420776667E+9	2.099141000E-5
1.420780000E+9	2.127644000E-5
1.420783333E+9	2.083556000E-5
1.420786667E+9	2.084863000E-5
1.420790000E+9	2.087912000E-5
1.420793333E+9	2.108989000E-5
1.420796667E+9	2.123350000E-5
1.420800000E+9	2.127411000E-5
1.420803333E+9	2.121178000E-5
1.420806667E+9	2.056429000E-5
1.420810000E+9	2.108496000E-5
1.420813333E+9	2.073685000E-5
1.420816667E+9	2.093334000E-5
1.420820000E+9	2.117967000E-5
1.420823333E+9	2.086887000E-5
1.420826667E+9	2.064301000E-5
1.420830000E+9	2.072757000E-5
1.420833333E+9	2.125076000E-5
1.420836667E+9	2.115403000E-5
1.420840000E+9	2.069764000E-5
1.420843333E+9	2.072295000E-5
1.420846667E+9	2.107628000E-5
1.420850000E+9	2.090522000E-5
1.420853333E+9	2.077450000E-5
1.420856667E+9	2.094536000E-5
1.420860000E+9	2.124010000E-5
1.420863333E+9	2.059698000E-5
1.420866667E+9	2.037494000E-5
1.420870000E+9	2.053067000E-5
1.420873333E+9	2.115436000E-5
1.420876667E+9	2.099316000E-5
1.420880000E+9	2.059072000E-5
1.420883333E+9	2.305893000E-5
1.420886667E+9	2.274230000E-5
1.420890000E+9	2.115578000E-5
1.420893333E+9	2.098624000E-5
1.420896667E+9	2.091783000E-5
1.420900000E+9	2.112718000E-5
1.420903333E+9	2.264122000E-5
1.420906667E+9	2.412799000E-5
1.420910000E+9	2.088258000E-5
1.420913333E+9	2.895785000E-5
1.420916667E+9	3.186672000E-5
1.420920000E+9	3.749149000E-5
1.420923333E+9	2.252624000E-5
1.420926667E+9	2.385428000E-5
1.420930000E+9	2.118511000E-5
1.420933333E+9	2.113173000E-5
1.420936667E+9	2.088347000E-5
1.420940000E+9	2.118316000E-5
1.420943333E+9	2.131935000E-5
1.420946667E+9	2.100953000E-5
1.420950000E+9	2.065961000E-5
1.420953333E+9	2.098196000E-5
1.420956667E+9	2.098509000E-5
1.420960000E+9	2.117753000E-5
1.420963333E+9	2.097150000E-5
1.420966667E+9	2.141161000E-5
1.420970000E+9	2.067774000E-5
1.420973333E+9	2.094720000E-5
1.420976667E+9	2.082721000E-5
1.420980000E+9	2.136776000E-5
1.420983333E+9	2.495092000E-5
1.420986667E+9	2.348729000E-5
1.420990000E+9	2.120927000E-5
1.420993333E+9	2.220222000E-5
1.420996667E+9	2.270877000E-5
1.421000000E+9	2.162189000E-5
1.421003333E+9	2.208365000E-5
1.421006667E+9	2.148768000E-5
1.421010000E+9	2.128539000E-5
1.421013333E+9	2.056521000E-5
1.421016667E+9	2.117193000E-5
1.421020000E+9	2.059558000E-5
1.421023333E+9	2.092323000E-5
1.421026667E+9	2.152523000E-5
1.421030000E+9	2.125113000E-5
1.421033333E+9	2.078646000E-5
1.421036667E+9	2.066712000E-5
1.421040000E+9	2.135327000E-5
1.421043333E+9	2.131268000E-5
1.421046667E+9	2.087426000E-5
1.421050000E+9	2.113374000E-5
1.421053333E+9	2.116456000E-5
1.421056667E+9	2.094044000E-5
1.421060000E+9	2.070394000E-5
1.421063333E+9	2.059350000E-5
1.421066667E+9	2.107482000E-5
1.421070000E+9	2.145129000E-5
1.421073333E+9	2.043996000E-5
1.421076667E+9	2.063741000E-5
1.421080000E+9	2.047923000E-5
1.421083333E+9	2.098405000E-5
1.421086667E+9	2.100079000E-5
1.421090000E+9	2.097998000E-5
1.421093333E+9	2.082888000E-5
1.421096667E+9	2.127041000E-5
1.421100000E+9	2.087144000E-5
1.421103333E+9	2.105807000E-5
1.421106667E+9	2.094497000E-5
1.421110000E+9	2.075772000E-5
1.421113333E+9	2.094219000E-5
1.421116667E+9	2.099940000E-5
1.421120000E+9	2.123261000E-5
1.421123333E+9	2.089965000E-5
1.421126667E+9	2.106582000E-5
1.421130000E+9	2.105497000E-5
1.421133333E+9	2.126301000E-5
1.421136667E+9	2.080719000E-5
1.421140000E+9	2.126269000E-5
1.421143333E+9	2.078240000E-5
1.421146667E+9	2.101647000E-5
1.421150000E+9	2.061701000E-5
1.421153333E+9	2.077788000E-5
1.421156667E+9	2.129021000E-5
1.421160000E+9	2.082442000E-5
1.421163333E+9	2.090348000E-5
1.421166667E+9	2.075793000E-5
1.421170000E+9	2.084579000E-5
1.421173333E+9	2.108604000E-5
1.421176667E+9	2.234816000E-5
1.421180000E+9	2.351952000E-5
1.421183333E+9	2.092035000E-5
1.421186667E+9	2.095580000E-5
1.421190000E+9	2.098447000E-5
1.421193333E+9	2.105821000E-5
1.421196667E+9	2.127691000E-5
1.421200000E+9	2.149056000E-5
1.421203333E+9	2.087492000E-5
1.421206667E+9	2.451285000E-5
1.421210000E+9	2.547169000E-5
1.421213333E+9	2.663778000E-5
1.421216667E+9	2.172543000E-5
1.421220000E+9	2.186929000E-5
1.421223333E+9	2.111095000E-5
1.421226667E+9	2.064671000E-5
1.421230000E+9	2.100270000E-5
1.421233333E+9	2.089480000E-5
1.421236667E+9	2.111002000E-5
1.421240000E+9	2.076866000E-5
1.421243333E+9	2.129413000E-5
1.421246667E+9	2.078892000E-5
1.421250000E+9	2.127170000E-5
1.421253333E+9	2.086422000E-5
1.421256667E+9	2.092554000E-5
1.421260000E+9	2.106085000E-5
1.421263333E+9	2.129808000E-5
1.421266667E+9	2.094159000E-5
1.421270000E+9	2.126586000E-5
1.421273333E+9	2.094548000E-5
1.421276667E+9	2.071251000E-5
1.421280000E+9	2.062899000E-5
1.421283333E+9	2.054402000E-5
1.421286667E+9	2.113674000E-5
1.421290000E+9	2.089822000E-5
1.421293333E+9	2.091601000E-5
1.421296667E+9	2.121863000E-5
1.421300000E+9	2.125095000E-5
1.421303333E+9	2.099104000E-5
1.421306667E+9	2.126411000E-5
1.421310000E+9	2.097852000E-5
1.421313333E+9	2.077491000E-5
1.421316667E+9	2.107702000E-5
1.421320000E+9	2.080829000E-5
1.421323333E+9	2.094230000E-5
1.421326667E+9	2.065348000E-5
1.421330000E+9	2.121355000E-5
1.421333333E+9	2.089861000E-5
1.421336667E+9	2.076324000E-5
1.421340000E+9	2.132911000E-5
1.421343333E+9	2.061425000E-5
1.421346667E+9	2.110267000E-5
1.421350000E+9	2.089244000E-5
1.421353333E+9	2.081094000E-5
1.421356667E+9	2.126999000E-5
1.421360000E+9	2.148549000E-5
1.421363333E+9	2.148226000E-5
1.421366667E+9	2.238305000E-5
1.421370000E+9	2.107938000E-5
1.421373333E+9	2.082843000E-5
1.421376667E+9	2.082097000E-5
1.421380000E+9	2.105375000E-5
1.421383333E+9	2.130335000E-5
1.421386667E+9	2.093756000E-5
1.421390000E+9	2.115352000E-5
1.421393333E+9	2.119714000E-5
1.421396667E+9	2.063714000E-5
1.421400000E+9	2.115146000E-5
