Frequency, Hz	Amplitude, Volts
1.419400000E+9	1.464676000E-5
1.419403333E+9	1.474917000E-5
1.419406667E+9	1.468521000E-5
1.419410000E+9	1.498222000E-5
1.419413333E+9	1.598297000E-5
1.419416667E+9	1.536682000E-5
1.419420000E+9	1.455541000E-5
1.419423333E+9	1.460103000E-5
1.419426667E+9	1.462476000E-5
1.419430000E+9	1.480464000E-5
1.419433333E+9	1.497873000E-5
1.419436667E+9	1.474928000E-5
1.419440000E+9	1.483420000E-5
1.419443333E+9	1.502954000E-5
1.419446667E+9	1.486461000E-5
1.419450000E+9	1.505552000E-5
1.419453333E+9	1.494695000E-5
1.419456667E+9	1.464613000E-5
1.419460000E+9	1.469999000E-5
1.419463333E+9	1.493858000E-5
1.419466667E+9	1.473283000E-5
1.419470000E+9	1.446983000E-5
1.419473333E+9	1.459245000E-5
1.419476667E+9	1.466030000E-5
1.419480000E+9	1.451449000E-5
1.419483333E+9	1.498429000E-5
1.419486667E+9	1.472013000E-5
1.419490000E+9	1.476542000E-5
1.419493333E+9	1.463793000E-5
1.419496667E+9	1.475355000E-5
1.419500000E+9	1.458012000E-5
1.419503333E+9	1.457956000E-5
1.419506667E+9	1.460189000E-5
1.419510000E+9	1.481485000E-5
1.419513333E+9	1.481400000E-5
1.419516667E+9	1.460813000E-5
1.419520000E+9	1.490666000E-5
1.419523333E+9	1.488605000E-5
1.419526667E+9	1.452717000E-5
1.419530000E+9	1.479297000E-5
1.419533333E+9	1.476618000E-5
1.419536667E+9	1.475961000E-5
1.419540000E+9	1.500407000E-5
1.419543333E+9	1.470801000E-5
1.419546667E+9	1.459441000E-5
1.419550000E+9	1.487646000E-5
1.419553333E+9	1.462736000E-5
1.419556667E+9	1.436250000E-5
1.419560000E+9	1.478885000E-5
1.419563333E+9	1.466964000E-5
1.419566667E+9	1.481086000E-5
1.419570000E+9	1.455934000E-5
1.419573333E+9	1.435592000E-5
1.419576667E+9	1.459699000E-5
1.419580000E+9	1.455838000E-5
1.419583333E+9	1.471143000E-5
1.419586667E+9	1.463729000E-5
1.419590000E+9	1.466922000E-5
1.419593333E+9	1.468190000E-5
1.419596667E+9	1.483938000E-5
1.419600000E+9	1.491170000E-5
1.419603333E+9	1.511759000E-5
1.419606667E+9	1.485869000E-5
1.419610000E+9	1.454517000E-5
1.419613333E+9	1.454466000E-5
1.419616667E+9	1.458028000E-5
1.419620000E+9	1.499339000E-5
1.419623333E+9	1.485399000E-5
1.419626667E+9	1.504164000E-5
1.419630000E+9	1.478638000E-5
1.419633333E+9	1.466479000E-5
1.419636667E+9	1.469836000E-5
1.419640000E+9	1.452015000E-5
1.419643333E+9	1.454003000E-5
1.419646667E+9	1.470181000E-5
1.419650000E+9	1.477560000E-5
1.419653333E+9	1.489042000E-5
1.419656667E+9	1.484955000E-5
1.419660000E+9	1.478482000E-5
1.419663333E+9	1.474118000E-5
1.419666667E+9	1.516262000E-5
1.419670000E+9	1.463243000E-5
1.419673333E+9	1.465150000E-5
1.419676667E+9	1.491205000E-5
1.419680000E+9	1.460779000E-5
1.419683333E+9	1.478669000E-5
1.419686667E+9	1.489045000E-5
1.419690000E+9	1.467425000E-5
1.419693333E+9	1.489784000E-5
1.419696667E+9	1.482982000E-5
1.419700000E+9	1.494315000E-5
1.419703333E+9	1.484567000E-5
1.419706667E+9	1.511998000E-5
1.419710000E+9	1.474109000E-5
1.419713333E+9	1.482839000E-5
1.419716667E+9	1.471300000E-5
1.419720000E+9	1.472865000E-5
1.419723333E+9	1.477223000E-5
1.419726667E+9	1.499051000E-5
1.419730000E+9	1.475756000E-5
1.419733333E+9	1.556871000E-5
1.419736667E+9	1.465956000E-5
1.419740000E+9	1.457042000E-5
1.419743333E+9	1.479572000E-5
1.419746667E+9	1.510033000E-5
1.419750000E+9	1.521119000E-5
1.419753333E+9	1.551577000E-5
1.419756667E+9	1.470221000E-5
1.419760000E+9	1.460932000E-5
1.419763333E+9	1.467323000E-5
1.419766667E+9	1.464174000E-5
1.419770000E+9	1.478297000E-5
1.419773333E+9	1.487011000E-5
1.419776667E+9	1.460566000E-5
1.419780000E+9	1.539734000E-5
1.419783333E+9	1.497975000E-5
1.419786667E+9	1.437150000E-5
1.419790000E+9	1.439434000E-5
1.419793333E+9	1.459200000E-5
1.419796667E+9	1.436805000E-5
1.419800000E+9	1.480706000E-5
1.419803333E+9	1.519123000E-5
1.419806667E+9	1.488368000E-5
1.419810000E+9	1.458742000E-5
1.419813333E+9	1.446319000E-5
1.419816667E+9	1.452007000E-5
1.419820000E+9	1.479783000E-5
1.419823333E+9	1.494813000E-5
1.419826667E+9	1.480659000E-5
1.419830000E+9	1.478342000E-5
1.419833333E+9	1.459482000E-5
1.419836667E+9	1.455165000E-5
1.419840000E+9	1.458882000E-5
1.419843333E+9	1.493695000E-5
1.419846667E+9	1.463513000E-5
1.419850000E+9	1.462206000E-5
1.419853333E+9	1.475284000E-5
1.419856667E+9	1.444034000E-5
1.419860000E+9	1.508774000E-5
1.419863333E+9	1.506012000E-5
1.419866667E+9	1.478242000E-5
1.419870000E+9	1.468622000E-5
1.419873333E+9	1.480352000E-5
1.419876667E+9	1.445331000E-5
1.419880000E+9	1.461676000E-5
1.419883333E+9	1.476791000E-5
1.419886667E+9	1.448703000E-5
1.419890000E+9	1.524448000E-5
1.419893333E+9	1.486144000E-5
1.419896667E+9	1.436152000E-5
1.419900000E+9	1.481190000E-5
1.419903333E+9	1.488522000E-5
1.419906667E+9	1.460423000E-5
1.419910000E+9	1.456467000E-5
1.419913333E+9	1.478242000E-5
1.419916667E+9	1.470901000E-5
1.419920000E+9	1.493100000E-5
1.419923333E+9	1.463554000E-5
1.419926667E+9	1.461431000E-5
1.419930000E+9	1.462444000E-5
1.419933333E+9	1.448132000E-5
1.419936667E+9	1.484321000E-5
1.419940000E+9	1.486784000E-5
1.419943333E+9	1.485766000E-5
1.419946667E+9	1.476809000E-5
1.419950000E+9	1.483327000E-5
1.419953333E+9	1.483490000E-5
1.419956667E+9	1.460558000E-5
1.419960000E+9	1.475229000E-5
1.419963333E+9	1.489850000E-5
1.419966667E+9	1.485720000E-5
1.419970000E+9	1.435264000E-5
1.419973333E+9	1.474837000E-5
1.419976667E+9	1.501809000E-5
1.419980000E+9	1.560240000E-5
1.419983333E+9	1.485717000E-5
1.419986667E+9	1.503733000E-5
1.419990000E+9	1.469048000E-5
1.419993333E+9	1.453779000E-5
1.419996667E+9	1.474449000E-5
1.420000000E+9	1.592013000E-5
1.420003333E+9	1.611083000E-5
1.420006667E+9	1.463292000E-5
1.420010000E+9	1.437643000E-5
1.420013333E+9	1.484657000E-5
1.420016667E+9	1.469539000E-5
1.420020000E+9	1.464415000E-5
1.420023333E+9	1.465295000E-5
1.420026667E+9	1.464118000E-5
1.420030000E+9	1.488391000E-5
1.420033333E+9	1.502617000E-5
1.420036667E+9	1.464851000E-5
1.420040000E+9	1.489366000E-5
1.420043333E+9	1.484284000E-5
1.420046667E+9	1.472643000E-5
1.420050000E+9	1.495634000E-5
1.420053333E+9	1.486340000E-5
1.420056667E+9	1.457420000E-5
1.420060000E+9	1.489003000E-5
1.420063333E+9	1.439266000E-5
1.420066667E+9	1.446965000E-5
1.420070000E+9	1.461423000E-5
1.420073333E+9	1.462252000E-5
1.420076667E+9	1.480977000E-5
1.420080000E+9	1.480920000E-5
1.420083333E+9	1.468943000E-5
1.420086667E+9	1.475524000E-5
1.420090000E+9	1.477103000E-5
1.420093333E+9	1.465581000E-5
1.420096667E+9	1.445925000E-5
1.420100000E+9	1.462872000E-5
1.420103333E+9	1.476879000E-5
1.420106667E+9	1.485913000E-5
1.420110000E+9	1.463430000E-5
1.420113333E+9	1.488695000E-5
1.420116667E+9	1.504220000E-5
1.420120000E+9	1.456198000E-5
1.420123333E+9	1.503339000E-5
1.420126667E+9	1.476556000E-5
1.420130000E+9	1.467994000E-5
1.420133333E+9	1.469084000E-5
1.420136667E+9	1.493197000E-5
1.420140000E+9	1.465911000E-5
1.420143333E+9	1.500644000E-5
1.420146667E+9	1.462978000E-5
1.420150000E+9	1.457122000E-5
1.420153333E+9	1.477675000E-5
1.420156667E+9	1.462983000E-5
1.420160000E+9	1.490280000E-5
1.420163333E+9	1.457993000E-5
1.420166667E+9	1.467710000E-5
1.420170000E+9	1.513127000E-5
1.420173333E+9	1.464130000E-5
1.420176667E+9	1.466557000E-5
1.420180000E+9	1.464193000E-5
1.420183333E+9	1.462328000E-5
1.420186667E+9	1.460983000E-5
1.420190000E+9	1.474479000E-5
1.420193333E+9	1.436026000E-5
1.420196667E+9	1.478125000E-5
1.420200000E+9	1.485681000E-5
1.420203333E+9	1.475550000E-5
1.420206667E+9	1.459114000E-5
1.420210000E+9	1.457775000E-5
1.420213333E+9	1.483725000E-5
1.420216667E+9	1.446698000E-5
1.420220000E+9	1.458067000E-5
1.420223333E+9	1.463295000E-5
1.420226667E+9	1.481667000E-5
1.420230000E+9	1.502307000E-5
1.420233333E+9	1.447420000E-5
1.420236667E+9	1.482824000E-5
1.420240000E+9	1.498861000E-5
1.420243333E+9	1.462008000E-5
1.420246667E+9	1.467501000E-5
1.420250000E+9	1.463621000E-5
1.420253333E+9	1.469271000E-5
1.420256667E+9	1.479036000E-5
1.420260000E+9	1.461312000E-5
1.420263333E+9	1.496323000E-5
1.420266667E+9	1.577052000E-5
1.420270000E+9	1.500044000E-5
1.420273333E+9	1.492615000E-5
1.420276667E+9	1.472852000E-5
1.420280000E+9	1.453336000E-5
1.420283333E+9	1.469311000E-5
1.420286667E+9	1.471229000E-5
1.420290000E+9	1.476354000E-5
1.420293333E+9	1.508840000E-5
1.420296667E+9	1.637923000E-5
1.420300000E+9	1.515538000E-5
1.420303333E+9	1.499002000E-5
1.420306667E+9	1.470104000E-5
1.420310000E+9	1.535840000E-5
1.420313333E+9	1.482074000E-5
1.420316667E+9	1.453752000E-5
1.420320000E+9	1.493502000E-5
1.420323333E+9	1.466299000E-5
1.420326667E+9	1.490447000E-5
1.420330000E+9	1.487191000E-5
1.420333333E+9	1.519712000E-5
1.420336667E+9	1.482569000E-5
1.420340000E+9	1.450654000E-5
1.420343333E+9	1.483415000E-5
1.420346667E+9	1.488947000E-5
1.420350000E+9	1.494542000E-5
1.420353333E+9	1.485559000E-5
1.420356667E+9	1.480860000E-5
1.420360000E+9	1.469072000E-5
1.420363333E+9	1.495507000E-5
1.420366667E+9	1.493443000E-5
1.420370000E+9	1.456878000E-5
1.420373333E+9	1.462871000E-5
1.420376667E+9	1.505750000E-5
1.420380000E+9	1.490951000E-5
1.420383333E+9	1.484373000E-5
1.420386667E+9	1.507608000E-5
1.420390000E+9	1.477615000E-5
1.420393333E+9	1.509097000E-5
1.420396667E+9	1.488339000E-5
1.420400000E+9	1.470898000E-5
1.420403333E+9	1.509162000E-5
1.420406667E+9	1.482735000E-5
1.420410000E+9	1.493077000E-5
1.420413333E+9	1.488777000E-5
1.420416667E+9	1.525411000E-5
1.420420000E+9	1.512836000E-5
1.420423333E+9	1.531156000E-5
1.420426667E+9	1.516392000E-5
1.420430000E+9	1.544300000E-5
1.420433333E+9	1.526714000E-5
1.420436667E+9	1.530143000E-5
1.420440000E+9	1.536687000E-5
1.420443333E+9	1.589137000E-5
1.420446667E+9	1.573554000E-5
1.420450000E+9	1.604351000E-5
1.420453333E+9	1.631324000E-5
1.420456667E+9	1.615196000E-5
1.420460000E+9	1.668165000E-5
1.420463333E+9	1.661969000E-5
1.420466667E+9	1.656602000E-5
1.420470000E+9	1.639161000E-5
1.420473333E+9	1.635007000E-5
1.420476667E+9	1.630208000E-5
1.420480000E+9	1.656580000E-5
1.420483333E+9	1.652195000E-5
1.420486667E+9	1.651236000E-5
1.420490000E+9	1.683522000E-5
1.420493333E+9	1.642521000E-5
1.420496667E+9	1.699717000E-5
1.420500000E+9	1.650935000E-5
1.420503333E+9	1.612159000E-5
1.420506667E+9	1.639477000E-5
1.420510000E+9	1.627013000E-5
1.420513333E+9	1.600923000E-5
1.420516667E+9	1.628476000E-5
1.420520000E+9	1.633168000E-5
1.420523333E+9	1.605606000E-5
1.420526667E+9	1.587374000E-5
1.420530000E+9	1.604404000E-5
1.420533333E+9	1.591030000E-5
1.420536667E+9	1.609584000E-5
1.420540000E+9	1.576314000E-5
1.420543333E+9	1.578585000E-5
1.420546667E+9	1.595562000E-5
1.420550000E+9	1.585625000E-5
1.420553333E+9	1.589163000E-5
1.420556667E+9	1.592861000E-5
1.420560000E+9	1.570334000E-5
1.420563333E+9	1.558017000E-5
1.420566667E+9	1.601123000E-5
1.420570000E+9	1.535975000E-5
1.420573333E+9	1.600605000E-5
1.420576667E+9	1.586033000E-5
1.420580000E+9	1.587379000E-5
1.420583333E+9	1.567264000E-5
1.420586667E+9	1.547901000E-5
1.420590000E+9	1.559874000E-5
1.420593333E+9	1.547360000E-5
1.420596667E+9	1.541953000E-5
1.420600000E+9	1.556825000E-5
1.420603333E+9	1.597966000E-5
1.420606667E+9	1.584969000E-5
1.420610000E+9	1.577753000E-5
1.420613333E+9	1.556095000E-5
1.420616667E+9	1.554062000E-5
1.420620000E+9	1.533035000E-5
1.420623333E+9	1.569520000E-5
1.420626667E+9	1.591971000E-5
1.420630000E+9	1.533279000E-5
1.420633333E+9	1.581281000E-5
1.420636667E+9	1.558448000E-5
1.420640000E+9	1.563385000E-5
1.420643333E+9	1.556370000E-5
1.420646667E+9	1.663143000E-5
1.420650000E+9	1.583454000E-5
1.420653333E+9	1.578257000E-5
1.420656667E+9	1.546584000E-5
1.420660000E+9	1.538294000E-5
1.420663333E+9	1.586806000E-5
1.420666667E+9	1.572425000E-5
1.420670000E+9	1.580685000E-5
1.420673333E+9	1.601081000E-5
1.420676667E+9	1.560060000E-5
1.420680000E+9	1.562927000E-5
1.420683333E+9	1.574368000E-5
1.420686667E+9	1.614450000E-5
1.420690000E+9	1.589442000E-5
1.420693333E+9	1.604074000E-5
1.420696667E+9	1.619426000E-5
1.420700000E+9	1.581565000E-5
1.420703333E+9	1.610494000E-5
1.420706667E+9	1.614327000E-5
1.420710000E+9	1.587498000E-5
1.420713333E+9	1.609810000E-5
1.420716667E+9	1.589404000E-5
1.420720000E+9	1.598813000E-5
1.420723333E+9	1.623198000E-5
1.420726667E+9	1.581784000E-5
1.420730000E+9	1.620692000E-5
1.420733333E+9	1.619916000E-5
1.420736667E+9	1.588241000E-5
1.420740000E+9	1.590209000E-5
1.420743333E+9	1.585220000E-5
1.420746667E+9	1.616892000E-5
1.420750000E+9	1.599795000E-5
1.420753333E+9	1.624020000E-5
1.420756667E+9	1.641437000E-5
1.420760000E+9	1.654027000E-5
1.420763333E+9	1.619883000E-5
1.420766667E+9	1.610029000E-5
1.420770000E+9	1.614949000E-5
1.420773333E+9	1.561577000E-5
1.420776667E+9	1.592050000E-5
1.420780000E+9	1.591839000E-5
1.420783333E+9	1.610862000E-5
1.420786667E+9	1.590591000E-5
1.420790000E+9	1.593736000E-5
1.420793333E+9	1.641041000E-5
1.420796667E+9	1.692139000E-5
1.420800000E+9	1.566994000E-5
1.420803333E+9	1.550830000E-5
1.420806667E+9	1.561656000E-5
1.420810000E+9	1.549635000E-5
1.420813333E+9	1.548801000E-5
1.420816667E+9	1.541635000E-5
1.420820000E+9	1.538671000E-5
1.420823333E+9	1.546390000E-5
1.420826667E+9	1.541104000E-5
1.420830000E+9	1.512218000E-5
1.420833333E+9	1.550472000E-5
1.420836667E+9	1.549584000E-5
1.420840000E+9	1.522026000E-5
1.420843333E+9	1.519981000E-5
1.420846667E+9	1.503091000E-5
1.420850000E+9	1.487163000E-5
1.420853333E+9	1.527112000E-5
1.420856667E+9	1.536393000E-5
1.420860000E+9	1.502221000E-5
1.420863333E+9	1.514350000E-5
1.420866667E+9	1.530294000E-5
1.420870000E+9	1.556657000E-5
1.420873333E+9	1.523596000E-5
1.420876667E+9	1.529150000E-5
1.420880000E+9	1.502472000E-5
1.420883333E+9	1.770038000E-5
1.420886667E+9	1.713014000E-5
1.420890000E+9	1.536147000E-5
1.420893333E+9	1.508032000E-5
1.420896667E+9	1.548171000E-5
1.420900000E+9	1.542902000E-5
1.420903333E+9	1.501816000E-5
1.420906667E+9	1.538199000E-5
1.420910000E+9	1.508007000E-5
1.420913333E+9	1.551981000E-5
1.420916667E+9	1.566647000E-5
1.420920000E+9	1.574759000E-5
1.420923333E+9	1.549945000E-5
1.420926667E+9	1.548832000E-5
1.420930000E+9	1.542407000E-5
1.420933333E+9	1.498826000E-5
1.420936667E+9	1.539909000E-5
1.420940000E+9	1.508946000E-5
1.420943333E+9	1.582896000E-5
1.420946667E+9	1.544219000E-5
1.420950000E+9	1.536954000E-5
1.420953333E+9	1.525417000E-5
1.420956667E+9	1.503304000E-5
1.420960000E+9	1.524895000E-5
1.420963333E+9	1.507045000E-5
1.420966667E+9	1.477675000E-5
1.420970000E+9	1.531691000E-5
1.420973333E+9	1.543384000E-5
1.420976667E+9	1.521764000E-5
1.420980000E+9	1.495553000E-5
1.420983333E+9	1.527174000E-5
1.420986667E+9	1.481724000E-5
1.420990000E+9	1.532350000E-5
1.420993333E+9	1.507236000E-5
1.420996667E+9	1.504620000E-5
1.421000000E+9	1.471161000E-5
1.421003333E+9	1.491357000E-5
1.421006667E+9	1.508221000E-5
1.421010000E+9	1.503106000E-5
1.421013333E+9	1.511380000E-5
1.421016667E+9	1.464851000E-5
1.421020000E+9	1.510816000E-5
1.421023333E+9	1.486789000E-5
1.421026667E+9	1.512770000E-5
1.421030000E+9	1.491074000E-5
1.421033333E+9	1.469999000E-5
1.421036667E+9	1.507009000E-5
1.421040000E+9	1.517339000E-5
1.421043333E+9	1.483984000E-5
1.421046667E+9	1.486002000E-5
1.421050000E+9	1.521066000E-5
1.421053333E+9	1.490406000E-5
1.421056667E+9	1.549074000E-5
1.421060000E+9	1.505997000E-5
1.421063333E+9	1.481667000E-5
1.421066667E+9	1.495184000E-5
1.421070000E+9	1.430818000E-5
1.421073333E+9	1.496220000E-5
1.421076667E+9	1.491742000E-5
1.421080000E+9	1.490157000E-5
1.421083333E+9	1.469839000E-5
1.421086667E+9	1.490311000E-5
1.421090000E+9	1.489186000E-5
1.421093333E+9	1.552552000E-5
1.421096667E+9	1.525089000E-5
1.421100000E+9	1.466645000E-5
1.421103333E+9	1.518886000E-5
1.421106667E+9	1.496992000E-5
1.421110000E+9	1.491337000E-5
1.421113333E+9	1.499809000E-5
1.421116667E+9	1.478558000E-5
1.421120000E+9	1.489372000E-5
1.421123333E+9	1.481148000E-5
1.421126667E+9	1.484810000E-5
1.421130000E+9	1.501410000E-5
1.421133333E+9	1.488202000E-5
1.421136667E+9	1.497405000E-5
1.421140000E+9	1.472637000E-5
1.421143333E+9	1.478326000E-5
1.421146667E+9	1.480789000E-5
1.421150000E+9	1.431289000E-5
1.421153333E+9	1.502801000E-5
1.421156667E+9	1.495502000E-5
1.421160000E+9	1.483287000E-5
1.421163333E+9	1.507031000E-5
1.421166667E+9	1.461036000E-5
1.421170000E+9	1.510715000E-5
1.421173333E+9	1.463615000E-5
1.421176667E+9	1.652881000E-5
1.421180000E+9	1.904253000E-5
1.421183333E+9	1.483774000E-5
1.421186667E+9	1.473484000E-5
1.421190000E+9	1.509031000E-5
1.421193333E+9	1.483301000E-5
1.421196667E+9	1.491113000E-5
1.421200000E+9	1.495080000E-5
1.421203333E+9	1.509473000E-5
1.421206667E+9	1.526679000E-5
1.421210000E+9	1.481173000E-5
1.421213333E+9	1.479492000E-5
1.421216667E+9	1.480161000E-5
1.421220000E+9	1.483425000E-5
1.421223333E+9	1.458771000E-5
1.421226667E+9	1.462649000E-5
1.421230000E+9	1.487553000E-5
1.421233333E+9	1.458060000E-5
1.421236667E+9	1.472142000E-5
1.421240000E+9	1.473248000E-5
1.421243333E+9	1.522180000E-5
1.421246667E+9	1.488963000E-5
1.421250000E+9	1.496258000E-5
1.421253333E+9	1.489225000E-5
1.421256667E+9	1.461558000E-5
1.421260000E+9	1.499726000E-5
1.421263333E+9	1.473656000E-5
1.421266667E+9	1.508380000E-5
1.421270000E+9	1.502177000E-5
1.421273333E+9	1.449638000E-5
1.421276667E+9	1.459534000E-5
1.421280000E+9	1.506327000E-5
1.421283333E+9	1.491067000E-5
1.421286667E+9	1.477899000E-5
1.421290000E+9	1.453988000E-5
1.421293333E+9	1.484246000E-5
1.421296667E+9	1.488893000E-5
1.421300000E+9	1.487762000E-5
1.421303333E+9	1.441879000E-5
1.421306667E+9	1.468592000E-5
1.421310000E+9	1.482350000E-5
1.421313333E+9	1.464894000E-5
1.421316667E+9	1.479014000E-5
1.421320000E+9	1.488854000E-5
1.421323333E+9	1.461970000E-5
1.421326667E+9	1.474713000E-5
1.421330000E+9	1.480634000E-5
1.421333333E+9	1.472084000E-5
1.421336667E+9	1.485678000E-5
1.421340000E+9	1.449416000E-5
1.421343333E+9	1.464285000E-5
1.421346667E+9	1.483519000E-5
1.421350000E+9	1.466273000E-5
1.421353333E+9	1.507716000E-5
1.421356667E+9	1.508754000E-5
1.421360000E+9	1.473902000E-5
1.421363333E+9	1.493518000E-5
1.421366667E+9	1.530309000E-5
1.421370000E+9	1.478540000E-5
1.421373333E+9	1.498135000E-5
1.421376667E+9	1.477119000E-5
1.421380000E+9	1.467133000E-5
1.421383333E+9	1.476686000E-5
1.421386667E+9	1.514703000E-5
1.421390000E+9	1.473546000E-5
1.421393333E+9	1.507110000E-5
1.421396667E+9	1.466293000E-5
1.421400000E+9	1.498288000E-5
