Frequency, Hz	Amplitude, Volts
1.419400000E+9	1.780597000E-5
1.419403333E+9	2.066975000E-5
1.419406667E+9	1.996503000E-5
1.419410000E+9	1.823394000E-5
1.419413333E+9	1.840303000E-5
1.419416667E+9	1.805371000E-5
1.419420000E+9	1.814521000E-5
1.419423333E+9	1.757452000E-5
1.419426667E+9	1.890584000E-5
1.419430000E+9	1.827482000E-5
1.419433333E+9	1.781261000E-5
1.419436667E+9	1.793229000E-5
1.419440000E+9	1.805385000E-5
1.419443333E+9	1.767736000E-5
1.419446667E+9	1.800296000E-5
1.419450000E+9	2.199103000E-5
1.419453333E+9	1.953243000E-5
1.419456667E+9	1.811234000E-5
1.419460000E+9	1.782903000E-5
1.419463333E+9	1.789597000E-5
1.419466667E+9	1.763986000E-5
1.419470000E+9	1.797418000E-5
1.419473333E+9	1.882775000E-5
1.419476667E+9	1.888487000E-5
1.419480000E+9	1.784084000E-5
1.419483333E+9	1.770304000E-5
1.419486667E+9	1.731448000E-5
1.419490000E+9	1.756025000E-5
1.419493333E+9	1.817665000E-5
1.419496667E+9	2.061479000E-5
1.419500000E+9	1.963182000E-5
1.419503333E+9	1.814026000E-5
1.419506667E+9	1.761414000E-5
1.419510000E+9	1.742793000E-5
1.419513333E+9	1.775985000E-5
1.419516667E+9	1.806527000E-5
1.419520000E+9	1.903251000E-5
1.419523333E+9	1.861801000E-5
1.419526667E+9	1.800828000E-5
1.419530000E+9	1.753728000E-5
1.419533333E+9	1.754961000E-5
1.419536667E+9	1.778627000E-5
1.419540000E+9	1.786595000E-5
1.419543333E+9	2.027432000E-5
1.419546667E+9	1.931212000E-5
1.419550000E+9	1.759420000E-5
1.419553333E+9	1.781152000E-5
1.419556667E+9	1.773319000E-5
1.419560000E+9	1.761074000E-5
1.419563333E+9	1.745859000E-5
1.419566667E+9	1.895383000E-5
1.419570000E+9	1.843913000E-5
1.419573333E+9	1.822321000E-5
1.419576667E+9	1.786330000E-5
1.419580000E+9	1.775242000E-5
1.419583333E+9	1.755861000E-5
1.419586667E+9	1.786336000E-5
1.419590000E+9	2.018529000E-5
1.419593333E+9	1.863987000E-5
1.419596667E+9	1.787148000E-5
1.419600000E+9	1.774538000E-5
1.419603333E+9	1.756301000E-5
1.419606667E+9	1.758701000E-5
1.419610000E+9	1.737267000E-5
1.419613333E+9	1.872294000E-5
1.419616667E+9	1.821477000E-5
1.419620000E+9	1.746062000E-5
1.419623333E+9	1.763179000E-5
1.419626667E+9	1.770687000E-5
1.419630000E+9	1.796745000E-5
1.419633333E+9	1.781441000E-5
1.419636667E+9	2.016859000E-5
1.419640000E+9	1.916993000E-5
1.419643333E+9	1.776660000E-5
1.419646667E+9	1.725582000E-5
1.419650000E+9	1.772829000E-5
1.419653333E+9	1.783872000E-5
1.419656667E+9	1.781962000E-5
1.419660000E+9	1.887055000E-5
1.419663333E+9	1.821675000E-5
1.419666667E+9	1.766017000E-5
1.419670000E+9	1.746822000E-5
1.419673333E+9	1.764323000E-5
1.419676667E+9	1.756690000E-5
1.419680000E+9	1.793411000E-5
1.419683333E+9	2.011794000E-5
1.419686667E+9	1.891834000E-5
1.419690000E+9	1.775727000E-5
1.419693333E+9	1.769793000E-5
1.419696667E+9	1.763649000E-5
1.419700000E+9	1.798052000E-5
1.419703333E+9	1.794533000E-5
1.419706667E+9	1.880007000E-5
1.419710000E+9	1.814146000E-5
1.419713333E+9	1.758365000E-5
1.419716667E+9	1.723138000E-5
1.419720000E+9	1.748650000E-5
1.419723333E+9	1.774692000E-5
1.419726667E+9	1.762761000E-5
1.419730000E+9	1.998727000E-5
1.419733333E+9	1.919248000E-5
1.419736667E+9	1.781275000E-5
1.419740000E+9	1.788864000E-5
1.419743333E+9	1.880329000E-5
1.419746667E+9	1.775599000E-5
1.419750000E+9	1.805774000E-5
1.419753333E+9	1.875939000E-5
1.419756667E+9	1.793726000E-5
1.419760000E+9	1.758610000E-5
1.419763333E+9	1.801947000E-5
1.419766667E+9	1.762279000E-5
1.419770000E+9	1.802949000E-5
1.419773333E+9	1.783602000E-5
1.419776667E+9	1.994166000E-5
1.419780000E+9	1.876196000E-5
1.419783333E+9	1.796047000E-5
1.419786667E+9	1.785665000E-5
1.419790000E+9	1.788320000E-5
1.419793333E+9	1.765211000E-5
1.419796667E+9	1.770135000E-5
1.419800000E+9	1.866644000E-5
1.419803333E+9	1.797361000E-5
1.419806667E+9	1.728800000E-5
1.419810000E+9	1.766975000E-5
1.419813333E+9	1.756069000E-5
1.419816667E+9	1.736962000E-5
1.419820000E+9	1.800996000E-5
1.419823333E+9	2.020658000E-5
1.419826667E+9	1.896170000E-5
1.419830000E+9	1.804489000E-5
1.419833333E+9	1.788499000E-5
1.419836667E+9	1.792747000E-5
1.419840000E+9	1.753746000E-5
1.419843333E+9	1.767732000E-5
1.419846667E+9	1.865539000E-5
1.419850000E+9	1.795456000E-5
1.419853333E+9	1.781950000E-5
1.419856667E+9	1.752419000E-5
1.419860000E+9	1.723384000E-5
1.419863333E+9	1.778147000E-5
1.419866667E+9	1.804759000E-5
1.419870000E+9	1.998547000E-5
1.419873333E+9	1.894541000E-5
1.419876667E+9	1.801449000E-5
1.419880000E+9	1.772054000E-5
1.419883333E+9	1.774957000E-5
1.419886667E+9	1.760819000E-5
1.419890000E+9	1.770640000E-5
1.419893333E+9	1.909126000E-5
1.419896667E+9	1.839797000E-5
1.419900000E+9	1.737733000E-5
1.419903333E+9	1.742347000E-5
1.419906667E+9	1.781044000E-5
1.419910000E+9	1.751575000E-5
1.419913333E+9	1.777176000E-5
1.419916667E+9	1.944094000E-5
1.419920000E+9	1.845715000E-5
1.419923333E+9	1.778236000E-5
1.419926667E+9	1.785132000E-5
1.419930000E+9	1.714466000E-5
1.419933333E+9	1.756144000E-5
1.419936667E+9	1.762908000E-5
1.419940000E+9	1.861378000E-5
1.419943333E+9	1.823656000E-5
1.419946667E+9	1.742353000E-5
1.419950000E+9	1.743122000E-5
1.419953333E+9	1.770477000E-5
1.419956667E+9	1.778834000E-5
1.419960000E+9	1.771494000E-5
1.419963333E+9	1.999623000E-5
1.419966667E+9	1.864131000E-5
1.419970000E+9	1.744629000E-5
1.419973333E+9	1.777912000E-5
1.419976667E+9	1.769688000E-5
1.419980000E+9	2.031240000E-5
1.419983333E+9	1.799290000E-5
1.419986667E+9	1.855546000E-5
1.419990000E+9	1.814582000E-5
1.419993333E+9	1.801083000E-5
1.419996667E+9	1.776933000E-5
1.420000000E+9	1.786767000E-5
1.420003333E+9	1.777339000E-5
1.420006667E+9	1.793310000E-5
1.420010000E+9	1.983078000E-5
1.420013333E+9	1.807382000E-5
1.420016667E+9	1.760546000E-5
1.420020000E+9	1.767476000E-5
1.420023333E+9	1.728607000E-5
1.420026667E+9	1.760577000E-5
1.420030000E+9	1.782239000E-5
1.420033333E+9	1.876503000E-5
1.420036667E+9	1.853243000E-5
1.420040000E+9	1.760477000E-5
1.420043333E+9	1.724078000E-5
1.420046667E+9	1.733626000E-5
1.420050000E+9	1.753420000E-5
1.420053333E+9	1.766958000E-5
1.420056667E+9	1.956228000E-5
1.420060000E+9	1.839081000E-5
1.420063333E+9	1.732994000E-5
1.420066667E+9	1.732926000E-5
1.420070000E+9	1.743064000E-5
1.420073333E+9	1.770232000E-5
1.420076667E+9	1.782719000E-5
1.420080000E+9	1.832777000E-5
1.420083333E+9	1.758139000E-5
1.420086667E+9	1.766316000E-5
1.420090000E+9	1.715977000E-5
1.420093333E+9	1.760316000E-5
1.420096667E+9	1.724444000E-5
1.420100000E+9	1.758062000E-5
1.420103333E+9	1.955307000E-5
1.420106667E+9	1.821969000E-5
1.420110000E+9	1.755487000E-5
1.420113333E+9	1.761387000E-5
1.420116667E+9	1.739499000E-5
1.420120000E+9	1.708898000E-5
1.420123333E+9	1.743491000E-5
1.420126667E+9	1.845985000E-5
1.420130000E+9	1.763599000E-5
1.420133333E+9	1.743376000E-5
1.420136667E+9	1.726501000E-5
1.420140000E+9	1.746242000E-5
1.420143333E+9	1.721583000E-5
1.420146667E+9	1.786163000E-5
1.420150000E+9	1.876816000E-5
1.420153333E+9	1.821971000E-5
1.420156667E+9	1.730122000E-5
1.420160000E+9	1.716619000E-5
1.420163333E+9	1.728722000E-5
1.420166667E+9	1.735371000E-5
1.420170000E+9	1.755971000E-5
1.420173333E+9	1.808694000E-5
1.420176667E+9	1.744958000E-5
1.420180000E+9	1.706571000E-5
1.420183333E+9	1.713811000E-5
1.420186667E+9	1.754414000E-5
1.420190000E+9	1.735721000E-5
1.420193333E+9	1.744150000E-5
1.420196667E+9	1.931647000E-5
1.420200000E+9	1.792832000E-5
1.420203333E+9	1.721842000E-5
1.420206667E+9	1.751373000E-5
1.420210000E+9	1.702689000E-5
1.420213333E+9	1.700150000E-5
1.420216667E+9	1.776548000E-5
1.420220000E+9	1.796582000E-5
1.420223333E+9	1.760651000E-5
1.420226667E+9	1.737748000E-5
1.420230000E+9	1.726820000E-5
1.420233333E+9	1.758591000E-5
1.420236667E+9	1.775045000E-5
1.420240000E+9	1.766779000E-5
1.420243333E+9	1.859987000E-5
1.420246667E+9	1.820025000E-5
1.420250000E+9	1.722682000E-5
1.420253333E+9	1.770718000E-5
1.420256667E+9	1.725620000E-5
1.420260000E+9	1.727886000E-5
1.420263333E+9	1.755583000E-5
1.420266667E+9	1.782470000E-5
1.420270000E+9	1.733729000E-5
1.420273333E+9	1.731640000E-5
1.420276667E+9	1.728383000E-5
1.420280000E+9	1.757836000E-5
1.420283333E+9	1.736072000E-5
1.420286667E+9	1.776656000E-5
1.420290000E+9	1.908743000E-5
1.420293333E+9	1.822231000E-5
1.420296667E+9	1.757792000E-5
1.420300000E+9	1.736718000E-5
1.420303333E+9	1.716110000E-5
1.420306667E+9	1.736024000E-5
1.420310000E+9	1.779320000E-5
1.420313333E+9	1.814351000E-5
1.420316667E+9	1.755932000E-5
1.420320000E+9	1.748452000E-5
1.420323333E+9	1.749513000E-5
1.420326667E+9	1.739879000E-5
1.420330000E+9	1.801219000E-5
1.420333333E+9	1.781273000E-5
1.420336667E+9	1.882068000E-5
1.420340000E+9	1.796665000E-5
1.420343333E+9	1.785730000E-5
1.420346667E+9	1.744181000E-5
1.420350000E+9	1.733952000E-5
1.420353333E+9	1.733326000E-5
1.420356667E+9	1.765519000E-5
1.420360000E+9	1.829078000E-5
1.420363333E+9	1.765645000E-5
1.420366667E+9	1.773088000E-5
1.420370000E+9	1.731319000E-5
1.420373333E+9	1.724684000E-5
1.420376667E+9	1.746240000E-5
1.420380000E+9	1.787947000E-5
1.420383333E+9	1.920958000E-5
1.420386667E+9	1.810292000E-5
1.420390000E+9	1.757653000E-5
1.420393333E+9	1.737060000E-5
1.420396667E+9	1.773623000E-5
1.420400000E+9	1.737933000E-5
1.420403333E+9	1.749030000E-5
1.420406667E+9	1.777916000E-5
1.420410000E+9	1.739086000E-5
1.420413333E+9	1.761176000E-5
1.420416667E+9	1.742640000E-5
1.420420000E+9	1.746058000E-5
1.420423333E+9	1.731950000E-5
1.420426667E+9	1.797543000E-5
1.420430000E+9	1.904246000E-5
1.420433333E+9	1.775382000E-5
1.420436667E+9	1.762333000E-5
1.420440000E+9	1.793263000E-5
1.420443333E+9	1.775589000E-5
1.420446667E+9	1.750262000E-5
1.420450000E+9	1.792243000E-5
1.420453333E+9	1.832453000E-5
1.420456667E+9	1.803554000E-5
1.420460000E+9	1.824790000E-5
1.420463333E+9	1.780473000E-5
1.420466667E+9	1.817332000E-5
1.420470000E+9	1.840119000E-5
1.420473333E+9	1.895922000E-5
1.420476667E+9	2.030555000E-5
1.420480000E+9	1.938120000E-5
1.420483333E+9	1.845930000E-5
1.420486667E+9	1.855648000E-5
1.420490000E+9	1.934538000E-5
1.420493333E+9	1.863821000E-5
1.420496667E+9	1.858719000E-5
1.420500000E+9	1.939214000E-5
1.420503333E+9	1.910082000E-5
1.420506667E+9	1.918113000E-5
1.420510000E+9	1.929125000E-5
1.420513333E+9	1.920829000E-5
1.420516667E+9	1.914466000E-5
1.420520000E+9	1.966889000E-5
1.420523333E+9	2.082221000E-5
1.420526667E+9	1.953556000E-5
1.420530000E+9	1.897568000E-5
1.420533333E+9	1.888143000E-5
1.420536667E+9	1.917496000E-5
1.420540000E+9	1.950405000E-5
1.420543333E+9	1.928494000E-5
1.420546667E+9	1.979641000E-5
1.420550000E+9	1.940792000E-5
1.420553333E+9	1.907431000E-5
1.420556667E+9	1.868257000E-5
1.420560000E+9	1.937637000E-5
1.420563333E+9	1.925409000E-5
1.420566667E+9	1.941445000E-5
1.420570000E+9	2.056679000E-5
1.420573333E+9	1.948952000E-5
1.420576667E+9	1.891363000E-5
1.420580000E+9	1.911373000E-5
1.420583333E+9	1.913699000E-5
1.420586667E+9	1.925295000E-5
1.420590000E+9	2.004186000E-5
1.420593333E+9	2.012000000E-5
1.420596667E+9	1.958074000E-5
1.420600000E+9	1.886970000E-5
1.420603333E+9	1.928968000E-5
1.420606667E+9	1.891438000E-5
1.420610000E+9	1.901904000E-5
1.420613333E+9	1.965432000E-5
1.420616667E+9	2.024044000E-5
1.420620000E+9	2.005929000E-5
1.420623333E+9	1.965764000E-5
1.420626667E+9	1.935213000E-5
1.420630000E+9	1.864231000E-5
1.420633333E+9	1.882120000E-5
1.420636667E+9	1.865113000E-5
1.420640000E+9	1.959719000E-5
1.420643333E+9	1.905652000E-5
1.420646667E+9	1.835955000E-5
1.420650000E+9	1.867851000E-5
1.420653333E+9	1.807305000E-5
1.420656667E+9	1.860270000E-5
1.420660000E+9	1.839349000E-5
1.420663333E+9	1.998510000E-5
1.420666667E+9	1.884926000E-5
1.420670000E+9	1.819376000E-5
1.420673333E+9	1.810387000E-5
1.420676667E+9	1.789261000E-5
1.420680000E+9	1.755485000E-5
1.420683333E+9	1.809888000E-5
1.420686667E+9	1.843386000E-5
1.420690000E+9	1.825960000E-5
1.420693333E+9	1.796244000E-5
1.420696667E+9	1.759995000E-5
1.420700000E+9	1.782989000E-5
1.420703333E+9	1.790320000E-5
1.420706667E+9	1.813367000E-5
1.420710000E+9	1.909705000E-5
1.420713333E+9	1.801245000E-5
1.420716667E+9	1.758108000E-5
1.420720000E+9	1.719692000E-5
1.420723333E+9	1.765651000E-5
1.420726667E+9	1.738741000E-5
1.420730000E+9	1.782255000E-5
1.420733333E+9	1.841517000E-5
1.420736667E+9	1.745543000E-5
1.420740000E+9	1.779338000E-5
1.420743333E+9	1.755508000E-5
1.420746667E+9	1.770553000E-5
1.420750000E+9	1.753507000E-5
1.420753333E+9	1.774989000E-5
1.420756667E+9	1.885580000E-5
1.420760000E+9	1.795600000E-5
1.420763333E+9	1.760295000E-5
1.420766667E+9	1.743430000E-5
1.420770000E+9	1.776172000E-5
1.420773333E+9	1.717607000E-5
1.420776667E+9	1.766886000E-5
1.420780000E+9	1.764041000E-5
1.420783333E+9	1.767063000E-5
1.420786667E+9	1.709954000E-5
1.420790000E+9	1.717021000E-5
1.420793333E+9	1.780200000E-5
1.420796667E+9	1.761407000E-5
1.420800000E+9	1.796160000E-5
1.420803333E+9	1.879024000E-5
1.420806667E+9	1.774398000E-5
1.420810000E+9	1.717684000E-5
1.420813333E+9	1.745146000E-5
1.420816667E+9	1.715798000E-5
1.420820000E+9	1.726765000E-5
1.420823333E+9	1.774250000E-5
1.420826667E+9	1.793342000E-5
1.420830000E+9	1.761461000E-5
1.420833333E+9	1.729301000E-5
1.420836667E+9	1.713717000E-5
1.420840000E+9	1.739795000E-5
1.420843333E+9	1.782261000E-5
1.420846667E+9	1.758865000E-5
1.420850000E+9	1.859997000E-5
1.420853333E+9	1.752671000E-5
1.420856667E+9	1.694974000E-5
1.420860000E+9	1.740473000E-5
1.420863333E+9	1.777350000E-5
1.420866667E+9	1.739361000E-5
1.420870000E+9	1.734190000E-5
1.420873333E+9	1.829377000E-5
1.420876667E+9	1.759418000E-5
1.420880000E+9	1.778410000E-5
1.420883333E+9	1.783862000E-5
1.420886667E+9	1.793259000E-5
1.420890000E+9	1.772667000E-5
1.420893333E+9	1.782850000E-5
1.420896667E+9	1.887382000E-5
1.420900000E+9	1.738166000E-5
1.420903333E+9	1.759275000E-5
1.420906667E+9	1.739457000E-5
1.420910000E+9	1.747679000E-5
1.420913333E+9	2.070123000E-5
1.420916667E+9	1.935260000E-5
1.420920000E+9	1.833119000E-5
1.420923333E+9	1.767049000E-5
1.420926667E+9	1.784009000E-5
1.420930000E+9	1.732011000E-5
1.420933333E+9	1.757259000E-5
1.420936667E+9	1.746749000E-5
1.420940000E+9	1.767336000E-5
1.420943333E+9	1.873370000E-5
1.420946667E+9	1.736116000E-5
1.420950000E+9	1.725375000E-5
1.420953333E+9	1.724991000E-5
1.420956667E+9	1.716881000E-5
1.420960000E+9	1.727624000E-5
1.420963333E+9	1.743441000E-5
1.420966667E+9	1.787289000E-5
1.420970000E+9	1.745621000E-5
1.420973333E+9	1.740259000E-5
1.420976667E+9	1.732395000E-5
1.420980000E+9	1.709305000E-5
1.420983333E+9	1.735173000E-5
1.420986667E+9	1.748399000E-5
1.420990000E+9	1.895544000E-5
1.420993333E+9	1.801569000E-5
1.420996667E+9	1.720525000E-5
1.421000000E+9	1.739669000E-5
1.421003333E+9	1.699085000E-5
1.421006667E+9	1.723906000E-5
1.421010000E+9	1.730164000E-5
1.421013333E+9	1.844601000E-5
1.421016667E+9	1.776950000E-5
1.421020000E+9	1.725031000E-5
1.421023333E+9	1.727978000E-5
1.421026667E+9	1.720232000E-5
1.421030000E+9	1.728085000E-5
1.421033333E+9	1.729691000E-5
1.421036667E+9	1.868038000E-5
1.421040000E+9	1.775876000E-5
1.421043333E+9	1.756571000E-5
1.421046667E+9	1.743055000E-5
1.421050000E+9	1.761703000E-5
1.421053333E+9	1.723348000E-5
1.421056667E+9	1.750537000E-5
1.421060000E+9	1.803190000E-5
1.421063333E+9	1.713732000E-5
1.421066667E+9	1.760838000E-5
1.421070000E+9	1.727502000E-5
1.421073333E+9	1.724938000E-5
1.421076667E+9	1.728958000E-5
1.421080000E+9	1.763955000E-5
1.421083333E+9	1.849121000E-5
1.421086667E+9	1.804505000E-5
1.421090000E+9	1.730688000E-5
1.421093333E+9	1.739550000E-5
1.421096667E+9	1.716548000E-5
1.421100000E+9	1.782016000E-5
1.421103333E+9	1.784054000E-5
1.421106667E+9	1.822739000E-5
1.421110000E+9	1.788445000E-5
1.421113333E+9	1.765800000E-5
1.421116667E+9	1.755709000E-5
1.421120000E+9	1.746764000E-5
1.421123333E+9	1.757917000E-5
1.421126667E+9	1.778332000E-5
1.421130000E+9	1.892156000E-5
1.421133333E+9	1.769884000E-5
1.421136667E+9	1.740779000E-5
1.421140000E+9	1.735657000E-5
1.421143333E+9	1.761115000E-5
1.421146667E+9	1.764370000E-5
1.421150000E+9	1.757144000E-5
1.421153333E+9	1.804244000E-5
1.421156667E+9	1.783900000E-5
1.421160000E+9	1.749167000E-5
1.421163333E+9	1.775061000E-5
1.421166667E+9	1.736713000E-5
1.421170000E+9	1.732994000E-5
1.421173333E+9	1.793407000E-5
1.421176667E+9	1.857213000E-5
1.421180000E+9	1.778810000E-5
1.421183333E+9	1.748537000E-5
1.421186667E+9	1.761695000E-5
1.421190000E+9	1.744403000E-5
1.421193333E+9	1.716538000E-5
1.421196667E+9	1.714683000E-5
1.421200000E+9	1.806501000E-5
1.421203333E+9	1.771161000E-5
1.421206667E+9	1.882682000E-5
1.421210000E+9	1.828968000E-5
1.421213333E+9	1.769317000E-5
1.421216667E+9	1.769661000E-5
1.421220000E+9	1.768249000E-5
1.421223333E+9	1.868774000E-5
1.421226667E+9	1.754136000E-5
1.421230000E+9	1.741593000E-5
1.421233333E+9	1.733847000E-5
1.421236667E+9	1.749040000E-5
1.421240000E+9	1.741045000E-5
1.421243333E+9	1.761935000E-5
1.421246667E+9	1.776490000E-5
1.421250000E+9	1.750496000E-5
1.421253333E+9	1.713529000E-5
1.421256667E+9	1.729641000E-5
1.421260000E+9	1.743681000E-5
1.421263333E+9	1.761227000E-5
1.421266667E+9	1.798875000E-5
1.421270000E+9	1.850510000E-5
1.421273333E+9	1.748040000E-5
1.421276667E+9	1.734908000E-5
1.421280000E+9	1.757034000E-5
1.421283333E+9	1.735546000E-5
1.421286667E+9	1.735477000E-5
1.421290000E+9	1.735594000E-5
1.421293333E+9	1.798437000E-5
1.421296667E+9	1.748692000E-5
1.421300000E+9	1.710801000E-5
1.421303333E+9	1.726363000E-5
1.421306667E+9	1.747190000E-5
1.421310000E+9	1.738424000E-5
1.421313333E+9	1.773144000E-5
1.421316667E+9	1.844180000E-5
1.421320000E+9	1.740129000E-5
1.421323333E+9	1.782531000E-5
1.421326667E+9	1.735435000E-5
1.421330000E+9	1.724737000E-5
1.421333333E+9	1.739340000E-5
1.421336667E+9	1.734464000E-5
1.421340000E+9	1.765100000E-5
1.421343333E+9	1.721789000E-5
1.421346667E+9	1.714749000E-5
1.421350000E+9	1.723957000E-5
1.421353333E+9	1.753574000E-5
1.421356667E+9	1.735171000E-5
1.421360000E+9	1.768856000E-5
1.421363333E+9	1.831856000E-5
1.421366667E+9	1.757120000E-5
1.421370000E+9	1.705372000E-5
1.421373333E+9	1.750902000E-5
1.421376667E+9	1.706659000E-5
1.421380000E+9	1.736493000E-5
1.421383333E+9	1.753959000E-5
1.421386667E+9	1.764416000E-5
1.421390000E+9	1.759221000E-5
1.421393333E+9	1.743063000E-5
1.421396667E+9	1.732772000E-5
1.421400000E+9	1.773471000E-5
