Frequency, Hz	Amplitude, Volts
1.419400000E+9	1.921358000E-5
1.419403333E+9	1.858306000E-5
1.419406667E+9	1.884466000E-5
1.419410000E+9	1.844771000E-5
1.419413333E+9	1.894711000E-5
1.419416667E+9	1.886918000E-5
1.419420000E+9	1.881291000E-5
1.419423333E+9	1.912790000E-5
1.419426667E+9	1.833900000E-5
1.419430000E+9	1.863977000E-5
1.419433333E+9	1.921894000E-5
1.419436667E+9	1.859813000E-5
1.419440000E+9	1.879253000E-5
1.419443333E+9	1.991435000E-5
1.419446667E+9	1.960866000E-5
1.419450000E+9	1.950812000E-5
1.419453333E+9	2.121211000E-5
1.419456667E+9	1.984013000E-5
1.419460000E+9	1.880271000E-5
1.419463333E+9	1.903028000E-5
1.419466667E+9	1.906912000E-5
1.419470000E+9	1.867392000E-5
1.419473333E+9	1.872512000E-5
1.419476667E+9	1.856206000E-5
1.419480000E+9	1.839248000E-5
1.419483333E+9	1.867332000E-5
1.419486667E+9	1.896328000E-5
1.419490000E+9	1.964905000E-5
1.419493333E+9	1.927122000E-5
1.419496667E+9	1.850596000E-5
1.419500000E+9	1.888680000E-5
1.419503333E+9	1.862451000E-5
1.419506667E+9	1.874228000E-5
1.419510000E+9	1.883736000E-5
1.419513333E+9	1.904773000E-5
1.419516667E+9	1.901491000E-5
1.419520000E+9	1.840294000E-5
1.419523333E+9	1.808804000E-5
1.419526667E+9	1.871088000E-5
1.419530000E+9	1.897118000E-5
1.419533333E+9	1.877925000E-5
1.419536667E+9	1.972406000E-5
1.419540000E+9	1.931057000E-5
1.419543333E+9	1.861609000E-5
1.419546667E+9	1.879922000E-5
1.419550000E+9	1.861357000E-5
1.419553333E+9	1.843488000E-5
1.419556667E+9	1.821871000E-5
1.419560000E+9	1.885044000E-5
1.419563333E+9	1.873485000E-5
1.419566667E+9	1.865168000E-5
1.419570000E+9	1.855289000E-5
1.419573333E+9	1.854247000E-5
1.419576667E+9	1.839957000E-5
1.419580000E+9	1.892757000E-5
1.419583333E+9	1.954002000E-5
1.419586667E+9	1.931212000E-5
1.419590000E+9	1.870770000E-5
1.419593333E+9	1.860532000E-5
1.419596667E+9	1.875972000E-5
1.419600000E+9	1.818995000E-5
1.419603333E+9	1.856865000E-5
1.419606667E+9	1.885880000E-5
1.419610000E+9	1.856914000E-5
1.419613333E+9	1.865793000E-5
1.419616667E+9	1.858906000E-5
1.419620000E+9	1.883490000E-5
1.419623333E+9	1.869057000E-5
1.419626667E+9	1.874071000E-5
1.419630000E+9	1.922143000E-5
1.419633333E+9	1.879239000E-5
1.419636667E+9	1.873320000E-5
1.419640000E+9	1.862114000E-5
1.419643333E+9	1.860244000E-5
1.419646667E+9	1.827611000E-5
1.419650000E+9	1.856632000E-5
1.419653333E+9	1.861128000E-5
1.419656667E+9	1.861827000E-5
1.419660000E+9	1.853365000E-5
1.419663333E+9	1.877843000E-5
1.419666667E+9	1.856769000E-5
1.419670000E+9	1.879305000E-5
1.419673333E+9	1.851695000E-5
1.419676667E+9	1.965268000E-5
1.419680000E+9	1.894628000E-5
1.419683333E+9	1.854517000E-5
1.419686667E+9	1.819624000E-5
1.419690000E+9	1.881634000E-5
1.419693333E+9	1.860644000E-5
1.419696667E+9	1.854432000E-5
1.419700000E+9	1.857674000E-5
1.419703333E+9	1.850358000E-5
1.419706667E+9	1.815954000E-5
1.419710000E+9	1.834303000E-5
1.419713333E+9	1.827306000E-5
1.419716667E+9	1.858639000E-5
1.419720000E+9	1.856701000E-5
1.419723333E+9	1.960914000E-5
1.419726667E+9	1.926904000E-5
1.419730000E+9	1.834690000E-5
1.419733333E+9	1.873578000E-5
1.419736667E+9	1.839042000E-5
1.419740000E+9	1.925783000E-5
1.419743333E+9	1.905116000E-5
1.419746667E+9	2.137581000E-5
1.419750000E+9	1.962721000E-5
1.419753333E+9	1.871164000E-5
1.419756667E+9	1.832147000E-5
1.419760000E+9	1.819204000E-5
1.419763333E+9	1.839113000E-5
1.419766667E+9	1.870712000E-5
1.419770000E+9	1.965803000E-5
1.419773333E+9	1.895702000E-5
1.419776667E+9	1.854363000E-5
1.419780000E+9	1.849160000E-5
1.419783333E+9	1.837143000E-5
1.419786667E+9	1.833192000E-5
1.419790000E+9	1.859117000E-5
1.419793333E+9	1.888083000E-5
1.419796667E+9	1.816001000E-5
1.419800000E+9	1.841036000E-5
1.419803333E+9	1.823746000E-5
1.419806667E+9	1.839747000E-5
1.419810000E+9	1.857497000E-5
1.419813333E+9	1.866269000E-5
1.419816667E+9	1.884189000E-5
1.419820000E+9	1.889012000E-5
1.419823333E+9	1.857148000E-5
1.419826667E+9	1.829514000E-5
1.419830000E+9	1.832455000E-5
1.419833333E+9	1.840699000E-5
1.419836667E+9	1.844939000E-5
1.419840000E+9	1.910109000E-5
1.419843333E+9	1.875829000E-5
1.419846667E+9	1.856072000E-5
1.419850000E+9	1.841030000E-5
1.419853333E+9	1.827589000E-5
1.419856667E+9	1.834797000E-5
1.419860000E+9	1.841226000E-5
1.419863333E+9	1.941905000E-5
1.419866667E+9	1.921814000E-5
1.419870000E+9	1.808432000E-5
1.419873333E+9	1.823480000E-5
1.419876667E+9	1.816348000E-5
1.419880000E+9	1.833103000E-5
1.419883333E+9	1.837589000E-5
1.419886667E+9	1.854770000E-5
1.419890000E+9	1.866976000E-5
1.419893333E+9	1.835782000E-5
1.419896667E+9	1.855823000E-5
1.419900000E+9	1.822357000E-5
1.419903333E+9	1.836520000E-5
1.419906667E+9	1.852710000E-5
1.419910000E+9	1.903544000E-5
1.419913333E+9	1.873779000E-5
1.419916667E+9	1.819196000E-5
1.419920000E+9	1.838342000E-5
1.419923333E+9	1.849881000E-5
1.419926667E+9	1.849182000E-5
1.419930000E+9	1.843326000E-5
1.419933333E+9	1.848506000E-5
1.419936667E+9	1.870618000E-5
1.419940000E+9	1.877006000E-5
1.419943333E+9	1.838180000E-5
1.419946667E+9	1.828815000E-5
1.419950000E+9	1.837095000E-5
1.419953333E+9	1.838493000E-5
1.419956667E+9	1.911847000E-5
1.419960000E+9	1.890962000E-5
1.419963333E+9	1.850013000E-5
1.419966667E+9	1.817721000E-5
1.419970000E+9	1.827787000E-5
1.419973333E+9	1.837421000E-5
1.419976667E+9	1.827765000E-5
1.419980000E+9	1.861964000E-5
1.419983333E+9	1.781547000E-5
1.419986667E+9	1.848350000E-5
1.419990000E+9	1.821147000E-5
1.419993333E+9	1.835587000E-5
1.419996667E+9	1.844144000E-5
1.420000000E+9	1.839909000E-5
1.420003333E+9	1.933973000E-5
1.420006667E+9	1.877216000E-5
1.420010000E+9	1.806188000E-5
1.420013333E+9	1.852566000E-5
1.420016667E+9	1.815553000E-5
1.420020000E+9	1.871906000E-5
1.420023333E+9	1.849966000E-5
1.420026667E+9	1.872368000E-5
1.420030000E+9	1.825429000E-5
1.420033333E+9	1.872159000E-5
1.420036667E+9	1.891699000E-5
1.420040000E+9	2.113583000E-5
1.420043333E+9	1.883019000E-5
1.420046667E+9	1.843870000E-5
1.420050000E+9	1.906548000E-5
1.420053333E+9	1.886027000E-5
1.420056667E+9	1.847009000E-5
1.420060000E+9	1.847358000E-5
1.420063333E+9	1.826034000E-5
1.420066667E+9	1.813738000E-5
1.420070000E+9	1.816775000E-5
1.420073333E+9	1.790935000E-5
1.420076667E+9	1.857664000E-5
1.420080000E+9	1.805397000E-5
1.420083333E+9	1.854586000E-5
1.420086667E+9	1.807323000E-5
1.420090000E+9	1.778551000E-5
1.420093333E+9	1.840086000E-5
1.420096667E+9	1.895937000E-5
1.420100000E+9	1.886551000E-5
1.420103333E+9	1.830334000E-5
1.420106667E+9	1.814935000E-5
1.420110000E+9	1.830002000E-5
1.420113333E+9	1.854898000E-5
1.420116667E+9	1.844585000E-5
1.420120000E+9	1.823954000E-5
1.420123333E+9	1.850250000E-5
1.420126667E+9	1.794256000E-5
1.420130000E+9	1.843696000E-5
1.420133333E+9	1.850273000E-5
1.420136667E+9	1.850679000E-5
1.420140000E+9	1.848269000E-5
1.420143333E+9	1.919275000E-5
1.420146667E+9	1.910359000E-5
1.420150000E+9	1.833238000E-5
1.420153333E+9	1.802654000E-5
1.420156667E+9	1.835238000E-5
1.420160000E+9	1.826752000E-5
1.420163333E+9	1.825030000E-5
1.420166667E+9	1.835480000E-5
1.420170000E+9	1.861625000E-5
1.420173333E+9	1.813762000E-5
1.420176667E+9	1.833047000E-5
1.420180000E+9	1.791576000E-5
1.420183333E+9	1.856785000E-5
1.420186667E+9	1.894765000E-5
1.420190000E+9	1.932814000E-5
1.420193333E+9	1.887989000E-5
1.420196667E+9	1.868358000E-5
1.420200000E+9	1.829711000E-5
1.420203333E+9	1.825219000E-5
1.420206667E+9	1.856740000E-5
1.420210000E+9	1.839381000E-5
1.420213333E+9	1.828691000E-5
1.420216667E+9	1.864288000E-5
1.420220000E+9	1.835220000E-5
1.420223333E+9	1.836447000E-5
1.420226667E+9	1.827539000E-5
1.420230000E+9	1.838600000E-5
1.420233333E+9	1.832660000E-5
1.420236667E+9	1.893973000E-5
1.420240000E+9	1.897968000E-5
1.420243333E+9	1.841906000E-5
1.420246667E+9	1.869679000E-5
1.420250000E+9	1.860965000E-5
1.420253333E+9	1.870265000E-5
1.420256667E+9	1.869433000E-5
1.420260000E+9	1.874224000E-5
1.420263333E+9	1.870084000E-5
1.420266667E+9	1.867578000E-5
1.420270000E+9	1.868727000E-5
1.420273333E+9	1.909187000E-5
1.420276667E+9	1.927203000E-5
1.420280000E+9	1.972925000E-5
1.420283333E+9	2.008748000E-5
1.420286667E+9	1.945589000E-5
1.420290000E+9	1.966289000E-5
1.420293333E+9	1.911234000E-5
1.420296667E+9	1.929671000E-5
1.420300000E+9	1.915749000E-5
1.420303333E+9	1.951401000E-5
1.420306667E+9	1.960331000E-5
1.420310000E+9	1.943383000E-5
1.420313333E+9	1.962680000E-5
1.420316667E+9	1.911914000E-5
1.420320000E+9	1.915492000E-5
1.420323333E+9	1.891913000E-5
1.420326667E+9	1.945790000E-5
1.420330000E+9	2.015929000E-5
1.420333333E+9	2.213290000E-5
1.420336667E+9	1.967651000E-5
1.420340000E+9	1.904405000E-5
1.420343333E+9	1.875757000E-5
1.420346667E+9	1.887726000E-5
1.420350000E+9	1.881450000E-5
1.420353333E+9	1.907299000E-5
1.420356667E+9	1.894828000E-5
1.420360000E+9	1.899731000E-5
1.420363333E+9	1.881353000E-5
1.420366667E+9	1.900074000E-5
1.420370000E+9	1.860458000E-5
1.420373333E+9	1.903045000E-5
1.420376667E+9	1.937716000E-5
1.420380000E+9	1.894345000E-5
1.420383333E+9	1.858335000E-5
1.420386667E+9	1.852059000E-5
1.420390000E+9	1.841709000E-5
1.420393333E+9	1.854306000E-5
1.420396667E+9	1.866019000E-5
1.420400000E+9	1.882130000E-5
1.420403333E+9	1.842616000E-5
1.420406667E+9	1.849212000E-5
1.420410000E+9	1.838794000E-5
1.420413333E+9	1.833343000E-5
1.420416667E+9	1.848595000E-5
1.420420000E+9	1.868906000E-5
1.420423333E+9	1.883054000E-5
1.420426667E+9	1.894387000E-5
1.420430000E+9	1.844419000E-5
1.420433333E+9	1.868261000E-5
1.420436667E+9	1.852987000E-5
1.420440000E+9	1.838568000E-5
1.420443333E+9	1.836802000E-5
1.420446667E+9	1.852413000E-5
1.420450000E+9	1.850773000E-5
1.420453333E+9	1.873594000E-5
1.420456667E+9	1.827695000E-5
1.420460000E+9	1.823700000E-5
1.420463333E+9	1.837984000E-5
1.420466667E+9	1.858931000E-5
1.420470000E+9	1.896984000E-5
1.420473333E+9	1.916111000E-5
1.420476667E+9	1.836387000E-5
1.420480000E+9	1.838031000E-5
1.420483333E+9	1.836365000E-5
1.420486667E+9	1.832013000E-5
1.420490000E+9	1.865988000E-5
1.420493333E+9	1.847731000E-5
1.420496667E+9	1.852281000E-5
1.420500000E+9	1.795617000E-5
1.420503333E+9	1.808272000E-5
1.420506667E+9	1.839073000E-5
1.420510000E+9	1.827675000E-5
1.420513333E+9	1.866994000E-5
1.420516667E+9	1.907863000E-5
1.420520000E+9	1.871684000E-5
1.420523333E+9	1.809829000E-5
1.420526667E+9	1.823520000E-5
1.420530000E+9	1.818789000E-5
1.420533333E+9	1.829713000E-5
1.420536667E+9	1.804668000E-5
1.420540000E+9	1.846342000E-5
1.420543333E+9	1.844006000E-5
1.420546667E+9	1.828341000E-5
1.420550000E+9	1.850809000E-5
1.420553333E+9	1.832443000E-5
1.420556667E+9	1.819764000E-5
1.420560000E+9	1.828883000E-5
1.420563333E+9	1.872015000E-5
1.420566667E+9	1.825439000E-5
1.420570000E+9	1.795190000E-5
1.420573333E+9	1.800361000E-5
1.420576667E+9	1.821095000E-5
1.420580000E+9	1.808764000E-5
1.420583333E+9	1.822185000E-5
1.420586667E+9	1.794707000E-5
1.420590000E+9	1.863750000E-5
1.420593333E+9	1.816877000E-5
1.420596667E+9	1.802929000E-5
1.420600000E+9	1.799654000E-5
1.420603333E+9	1.906646000E-5
1.420606667E+9	1.942701000E-5
1.420610000E+9	1.869653000E-5
1.420613333E+9	1.839860000E-5
1.420616667E+9	1.835091000E-5
1.420620000E+9	1.913153000E-5
1.420623333E+9	2.009986000E-5
1.420626667E+9	2.310361000E-5
1.420630000E+9	1.872714000E-5
1.420633333E+9	1.851130000E-5
1.420636667E+9	1.818637000E-5
1.420640000E+9	1.798824000E-5
1.420643333E+9	1.803313000E-5
1.420646667E+9	1.839470000E-5
1.420650000E+9	1.823197000E-5
1.420653333E+9	1.814293000E-5
1.420656667E+9	1.863453000E-5
1.420660000E+9	1.872109000E-5
1.420663333E+9	1.811143000E-5
1.420666667E+9	1.775250000E-5
1.420670000E+9	1.807706000E-5
1.420673333E+9	1.772083000E-5
1.420676667E+9	1.826090000E-5
1.420680000E+9	1.829134000E-5
1.420683333E+9	1.814351000E-5
1.420686667E+9	1.816097000E-5
1.420690000E+9	1.819468000E-5
1.420693333E+9	1.843907000E-5
1.420696667E+9	1.802505000E-5
1.420700000E+9	1.837821000E-5
1.420703333E+9	1.878789000E-5
1.420706667E+9	1.847615000E-5
1.420710000E+9	1.824611000E-5
1.420713333E+9	1.843565000E-5
1.420716667E+9	1.787415000E-5
1.420720000E+9	1.819248000E-5
1.420723333E+9	1.804458000E-5
1.420726667E+9	1.815397000E-5
1.420730000E+9	1.828414000E-5
1.420733333E+9	1.851433000E-5
1.420736667E+9	1.833570000E-5
1.420740000E+9	1.817895000E-5
1.420743333E+9	1.814722000E-5
1.420746667E+9	1.845274000E-5
1.420750000E+9	1.881607000E-5
1.420753333E+9	1.816795000E-5
1.420756667E+9	1.802499000E-5
1.420760000E+9	1.846167000E-5
1.420763333E+9	1.776660000E-5
1.420766667E+9	1.802278000E-5
1.420770000E+9	1.802541000E-5
1.420773333E+9	1.805163000E-5
1.420776667E+9	1.814917000E-5
1.420780000E+9	1.808996000E-5
1.420783333E+9	1.803822000E-5
1.420786667E+9	1.762565000E-5
1.420790000E+9	1.811620000E-5
1.420793333E+9	1.828773000E-5
1.420796667E+9	1.849127000E-5
1.420800000E+9	1.817661000E-5
1.420803333E+9	1.823368000E-5
1.420806667E+9	1.792145000E-5
1.420810000E+9	1.815278000E-5
1.420813333E+9	1.820028000E-5
1.420816667E+9	1.842011000E-5
1.420820000E+9	1.836375000E-5
1.420823333E+9	1.850147000E-5
1.420826667E+9	1.820289000E-5
1.420830000E+9	1.814789000E-5
1.420833333E+9	1.809042000E-5
1.420836667E+9	1.791130000E-5
1.420840000E+9	1.828653000E-5
1.420843333E+9	1.868895000E-5
1.420846667E+9	1.820689000E-5
1.420850000E+9	1.814855000E-5
1.420853333E+9	1.794202000E-5
1.420856667E+9	1.813529000E-5
1.420860000E+9	1.853990000E-5
1.420863333E+9	1.796463000E-5
1.420866667E+9	1.801838000E-5
1.420870000E+9	1.789549000E-5
1.420873333E+9	1.791004000E-5
1.420876667E+9	1.777479000E-5
1.420880000E+9	1.826327000E-5
1.420883333E+9	1.841420000E-5
1.420886667E+9	1.828398000E-5
1.420890000E+9	1.867701000E-5
1.420893333E+9	1.828488000E-5
1.420896667E+9	1.877779000E-5
1.420900000E+9	1.961077000E-5
1.420903333E+9	1.806789000E-5
1.420906667E+9	1.818805000E-5
1.420910000E+9	1.820007000E-5
1.420913333E+9	2.116507000E-5
1.420916667E+9	2.393874000E-5
1.420920000E+9	3.007008000E-5
1.420923333E+9	1.866641000E-5
1.420926667E+9	1.880651000E-5
1.420930000E+9	1.825471000E-5
1.420933333E+9	1.870503000E-5
1.420936667E+9	1.869033000E-5
1.420940000E+9	1.826257000E-5
1.420943333E+9	1.810236000E-5
1.420946667E+9	1.781848000E-5
1.420950000E+9	1.815192000E-5
1.420953333E+9	1.786832000E-5
1.420956667E+9	1.815001000E-5
1.420960000E+9	1.833278000E-5
1.420963333E+9	1.805435000E-5
1.420966667E+9	1.831246000E-5
1.420970000E+9	1.802632000E-5
1.420973333E+9	1.822195000E-5
1.420976667E+9	1.821631000E-5
1.420980000E+9	1.836964000E-5
1.420983333E+9	1.871509000E-5
1.420986667E+9	1.869889000E-5
1.420990000E+9	1.823434000E-5
1.420993333E+9	1.805274000E-5
1.420996667E+9	1.846313000E-5
1.421000000E+9	1.822825000E-5
1.421003333E+9	1.852720000E-5
1.421006667E+9	1.847686000E-5
1.421010000E+9	1.807067000E-5
1.421013333E+9	1.809386000E-5
1.421016667E+9	1.817916000E-5
1.421020000E+9	1.789742000E-5
1.421023333E+9	1.808806000E-5
1.421026667E+9	1.826481000E-5
1.421030000E+9	1.848192000E-5
1.421033333E+9	1.837827000E-5
1.421036667E+9	1.838394000E-5
1.421040000E+9	1.781991000E-5
1.421043333E+9	1.813825000E-5
1.421046667E+9	1.811666000E-5
1.421050000E+9	1.832763000E-5
1.421053333E+9	1.835381000E-5
1.421056667E+9	1.783197000E-5
1.421060000E+9	1.810866000E-5
1.421063333E+9	1.781347000E-5
1.421066667E+9	1.794545000E-5
1.421070000E+9	1.812470000E-5
1.421073333E+9	1.835363000E-5
1.421076667E+9	1.866359000E-5
1.421080000E+9	1.811733000E-5
1.421083333E+9	1.842662000E-5
1.421086667E+9	1.820475000E-5
1.421090000E+9	1.796832000E-5
1.421093333E+9	1.796961000E-5
1.421096667E+9	1.825800000E-5
1.421100000E+9	1.799083000E-5
1.421103333E+9	1.822173000E-5
1.421106667E+9	1.814879000E-5
1.421110000E+9	1.856818000E-5
1.421113333E+9	1.815969000E-5
1.421116667E+9	1.816350000E-5
1.421120000E+9	1.841598000E-5
1.421123333E+9	1.836066000E-5
1.421126667E+9	1.825954000E-5
1.421130000E+9	1.821521000E-5
1.421133333E+9	1.844055000E-5
1.421136667E+9	1.830493000E-5
1.421140000E+9	1.836296000E-5
1.421143333E+9	1.837756000E-5
1.421146667E+9	1.827290000E-5
1.421150000E+9	1.813769000E-5
1.421153333E+9	1.838148000E-5
1.421156667E+9	1.848924000E-5
1.421160000E+9	1.805020000E-5
1.421163333E+9	1.816354000E-5
1.421166667E+9	1.785350000E-5
1.421170000E+9	1.873785000E-5
1.421173333E+9	1.823143000E-5
1.421176667E+9	1.842834000E-5
1.421180000E+9	1.862903000E-5
1.421183333E+9	1.782831000E-5
1.421186667E+9	1.850714000E-5
1.421190000E+9	1.849210000E-5
1.421193333E+9	1.878744000E-5
1.421196667E+9	1.853603000E-5
1.421200000E+9	1.832013000E-5
1.421203333E+9	1.808311000E-5
1.421206667E+9	1.937469000E-5
1.421210000E+9	2.000870000E-5
1.421213333E+9	2.209794000E-5
1.421216667E+9	1.875996000E-5
1.421220000E+9	1.839973000E-5
1.421223333E+9	1.833248000E-5
1.421226667E+9	1.819019000E-5
1.421230000E+9	1.810037000E-5
1.421233333E+9	1.833230000E-5
1.421236667E+9	1.824459000E-5
1.421240000E+9	1.803525000E-5
1.421243333E+9	1.793066000E-5
1.421246667E+9	1.842055000E-5
1.421250000E+9	1.819570000E-5
1.421253333E+9	1.793627000E-5
1.421256667E+9	1.837615000E-5
1.421260000E+9	1.845377000E-5
1.421263333E+9	1.877820000E-5
1.421266667E+9	1.884477000E-5
1.421270000E+9	1.847621000E-5
1.421273333E+9	1.801811000E-5
1.421276667E+9	1.890792000E-5
1.421280000E+9	1.825639000E-5
1.421283333E+9	1.820285000E-5
1.421286667E+9	1.837189000E-5
1.421290000E+9	1.841529000E-5
1.421293333E+9	1.830205000E-5
1.421296667E+9	1.801154000E-5
1.421300000E+9	1.869593000E-5
1.421303333E+9	1.827541000E-5
1.421306667E+9	1.846539000E-5
1.421310000E+9	1.844747000E-5
1.421313333E+9	1.807083000E-5
1.421316667E+9	1.832425000E-5
1.421320000E+9	1.814084000E-5
1.421323333E+9	1.811047000E-5
1.421326667E+9	1.827659000E-5
1.421330000E+9	1.847410000E-5
1.421333333E+9	1.996118000E-5
1.421336667E+9	1.989584000E-5
1.421340000E+9	1.849877000E-5
1.421343333E+9	1.884785000E-5
1.421346667E+9	1.856239000E-5
1.421350000E+9	1.811582000E-5
1.421353333E+9	1.919052000E-5
1.421356667E+9	1.893243000E-5
1.421360000E+9	1.846585000E-5
1.421363333E+9	1.833461000E-5
1.421366667E+9	1.867326000E-5
1.421370000E+9	1.833019000E-5
1.421373333E+9	1.783561000E-5
1.421376667E+9	1.861020000E-5
1.421380000E+9	1.814351000E-5
1.421383333E+9	1.832946000E-5
1.421386667E+9	1.838580000E-5
1.421390000E+9	1.847358000E-5
1.421393333E+9	1.801896000E-5
1.421396667E+9	1.822295000E-5
1.421400000E+9	1.919393000E-5
