Frequency, Hz	Amplitude, Volts
1.419400000E+9	1.543159000E-5
1.419403333E+9	1.561467000E-5
1.419406667E+9	1.605676000E-5
1.419410000E+9	1.562116000E-5
1.419413333E+9	1.620251000E-5
1.419416667E+9	1.593047000E-5
1.419420000E+9	1.587690000E-5
1.419423333E+9	1.592463000E-5
1.419426667E+9	1.570837000E-5
1.419430000E+9	1.591162000E-5
1.419433333E+9	1.608591000E-5
1.419436667E+9	1.570603000E-5
1.419440000E+9	1.711884000E-5
1.419443333E+9	1.599165000E-5
1.419446667E+9	1.616385000E-5
1.419450000E+9	1.882128000E-5
1.419453333E+9	1.615120000E-5
1.419456667E+9	1.589120000E-5
1.419460000E+9	1.577242000E-5
1.419463333E+9	1.545760000E-5
1.419466667E+9	1.564079000E-5
1.419470000E+9	1.566843000E-5
1.419473333E+9	1.550944000E-5
1.419476667E+9	1.564929000E-5
1.419480000E+9	1.587965000E-5
1.419483333E+9	1.559257000E-5
1.419486667E+9	1.600048000E-5
1.419490000E+9	1.604585000E-5
1.419493333E+9	1.567531000E-5
1.419496667E+9	1.599294000E-5
1.419500000E+9	1.578318000E-5
1.419503333E+9	1.584245000E-5
1.419506667E+9	1.601406000E-5
1.419510000E+9	1.600622000E-5
1.419513333E+9	1.590383000E-5
1.419516667E+9	1.573454000E-5
1.419520000E+9	1.580916000E-5
1.419523333E+9	1.610758000E-5
1.419526667E+9	1.597934000E-5
1.419530000E+9	1.541616000E-5
1.419533333E+9	1.565833000E-5
1.419536667E+9	1.581680000E-5
1.419540000E+9	1.577720000E-5
1.419543333E+9	1.570601000E-5
1.419546667E+9	1.572786000E-5
1.419550000E+9	1.590960000E-5
1.419553333E+9	1.575527000E-5
1.419556667E+9	1.558075000E-5
1.419560000E+9	1.566286000E-5
1.419563333E+9	1.554444000E-5
1.419566667E+9	1.556541000E-5
1.419570000E+9	1.592269000E-5
1.419573333E+9	1.605914000E-5
1.419576667E+9	1.572482000E-5
1.419580000E+9	1.577552000E-5
1.419583333E+9	1.563708000E-5
1.419586667E+9	1.579812000E-5
1.419590000E+9	1.583014000E-5
1.419593333E+9	1.591099000E-5
1.419596667E+9	1.597625000E-5
1.419600000E+9	1.612795000E-5
1.419603333E+9	1.555656000E-5
1.419606667E+9	1.536648000E-5
1.419610000E+9	1.567855000E-5
1.419613333E+9	1.563011000E-5
1.419616667E+9	1.585947000E-5
1.419620000E+9	1.559182000E-5
1.419623333E+9	1.540782000E-5
1.419626667E+9	1.592354000E-5
1.419630000E+9	1.569860000E-5
1.419633333E+9	1.572282000E-5
1.419636667E+9	1.550828000E-5
1.419640000E+9	1.602905000E-5
1.419643333E+9	1.558634000E-5
1.419646667E+9	1.555460000E-5
1.419650000E+9	1.579448000E-5
1.419653333E+9	1.564340000E-5
1.419656667E+9	1.558638000E-5
1.419660000E+9	1.573684000E-5
1.419663333E+9	1.581135000E-5
1.419666667E+9	1.578640000E-5
1.419670000E+9	1.561941000E-5
1.419673333E+9	1.562038000E-5
1.419676667E+9	1.571357000E-5
1.419680000E+9	1.546129000E-5
1.419683333E+9	1.554109000E-5
1.419686667E+9	1.571156000E-5
1.419690000E+9	1.572344000E-5
1.419693333E+9	1.600011000E-5
1.419696667E+9	1.589041000E-5
1.419700000E+9	1.577835000E-5
1.419703333E+9	1.554519000E-5
1.419706667E+9	1.612963000E-5
1.419710000E+9	1.593050000E-5
1.419713333E+9	1.603484000E-5
1.419716667E+9	1.553826000E-5
1.419720000E+9	1.566160000E-5
1.419723333E+9	1.589758000E-5
1.419726667E+9	1.601503000E-5
1.419730000E+9	1.566280000E-5
1.419733333E+9	1.704850000E-5
1.419736667E+9	1.646744000E-5
1.419740000E+9	1.620863000E-5
1.419743333E+9	1.865371000E-5
1.419746667E+9	1.652985000E-5
1.419750000E+9	1.640887000E-5
1.419753333E+9	1.567104000E-5
1.419756667E+9	1.588574000E-5
1.419760000E+9	1.565801000E-5
1.419763333E+9	1.561404000E-5
1.419766667E+9	1.591505000E-5
1.419770000E+9	1.558123000E-5
1.419773333E+9	1.589903000E-5
1.419776667E+9	1.551722000E-5
1.419780000E+9	1.598134000E-5
1.419783333E+9	1.575219000E-5
1.419786667E+9	1.553946000E-5
1.419790000E+9	1.557273000E-5
1.419793333E+9	1.581105000E-5
1.419796667E+9	1.546361000E-5
1.419800000E+9	1.551925000E-5
1.419803333E+9	1.576165000E-5
1.419806667E+9	1.528022000E-5
1.419810000E+9	1.576100000E-5
1.419813333E+9	1.595711000E-5
1.419816667E+9	1.559757000E-5
1.419820000E+9	1.546103000E-5
1.419823333E+9	1.555084000E-5
1.419826667E+9	1.561994000E-5
1.419830000E+9	1.570941000E-5
1.419833333E+9	1.564928000E-5
1.419836667E+9	1.543518000E-5
1.419840000E+9	1.581913000E-5
1.419843333E+9	1.557131000E-5
1.419846667E+9	1.553891000E-5
1.419850000E+9	1.556233000E-5
1.419853333E+9	1.585202000E-5
1.419856667E+9	1.542009000E-5
1.419860000E+9	1.557820000E-5
1.419863333E+9	1.577164000E-5
1.419866667E+9	1.569799000E-5
1.419870000E+9	1.586303000E-5
1.419873333E+9	1.539693000E-5
1.419876667E+9	1.564089000E-5
1.419880000E+9	1.567798000E-5
1.419883333E+9	1.578945000E-5
1.419886667E+9	1.575478000E-5
1.419890000E+9	1.597585000E-5
1.419893333E+9	1.571398000E-5
1.419896667E+9	1.597427000E-5
1.419900000E+9	1.552861000E-5
1.419903333E+9	1.556505000E-5
1.419906667E+9	1.529541000E-5
1.419910000E+9	1.543303000E-5
1.419913333E+9	1.568822000E-5
1.419916667E+9	1.584760000E-5
1.419920000E+9	1.603828000E-5
1.419923333E+9	1.582986000E-5
1.419926667E+9	1.571417000E-5
1.419930000E+9	1.589163000E-5
1.419933333E+9	1.563193000E-5
1.419936667E+9	1.528757000E-5
1.419940000E+9	1.556917000E-5
1.419943333E+9	1.583910000E-5
1.419946667E+9	1.574955000E-5
1.419950000E+9	1.569479000E-5
1.419953333E+9	1.551612000E-5
1.419956667E+9	1.567970000E-5
1.419960000E+9	1.550162000E-5
1.419963333E+9	1.563986000E-5
1.419966667E+9	1.583899000E-5
1.419970000E+9	1.572577000E-5
1.419973333E+9	1.546710000E-5
1.419976667E+9	1.551252000E-5
1.419980000E+9	1.584475000E-5
1.419983333E+9	1.554956000E-5
1.419986667E+9	1.581473000E-5
1.419990000E+9	1.582079000E-5
1.419993333E+9	1.565937000E-5
1.419996667E+9	1.552569000E-5
1.420000000E+9	1.711692000E-5
1.420003333E+9	1.825593000E-5
1.420006667E+9	1.584791000E-5
1.420010000E+9	1.612563000E-5
1.420013333E+9	1.587233000E-5
1.420016667E+9	1.553137000E-5
1.420020000E+9	1.587203000E-5
1.420023333E+9	1.591805000E-5
1.420026667E+9	1.642061000E-5
1.420030000E+9	1.596030000E-5
1.420033333E+9	1.681296000E-5
1.420036667E+9	1.800484000E-5
1.420040000E+9	1.607256000E-5
1.420043333E+9	1.586630000E-5
1.420046667E+9	1.615653000E-5
1.420050000E+9	1.610774000E-5
1.420053333E+9	1.609669000E-5
1.420056667E+9	1.606399000E-5
1.420060000E+9	1.568752000E-5
1.420063333E+9	1.628097000E-5
1.420066667E+9	1.615497000E-5
1.420070000E+9	1.639803000E-5
1.420073333E+9	1.615150000E-5
1.420076667E+9	1.632757000E-5
1.420080000E+9	1.664846000E-5
1.420083333E+9	1.644386000E-5
1.420086667E+9	1.647290000E-5
1.420090000E+9	1.643119000E-5
1.420093333E+9	1.657021000E-5
1.420096667E+9	1.668784000E-5
1.420100000E+9	1.689223000E-5
1.420103333E+9	1.669202000E-5
1.420106667E+9	1.630536000E-5
1.420110000E+9	1.634531000E-5
1.420113333E+9	1.626746000E-5
1.420116667E+9	1.644056000E-5
1.420120000E+9	1.690325000E-5
1.420123333E+9	1.717781000E-5
1.420126667E+9	1.686387000E-5
1.420130000E+9	1.666534000E-5
1.420133333E+9	1.686733000E-5
1.420136667E+9	1.667445000E-5
1.420140000E+9	1.691682000E-5
1.420143333E+9	1.707647000E-5
1.420146667E+9	1.666558000E-5
1.420150000E+9	1.669180000E-5
1.420153333E+9	1.688605000E-5
1.420156667E+9	1.673276000E-5
1.420160000E+9	1.714048000E-5
1.420163333E+9	1.677569000E-5
1.420166667E+9	1.662024000E-5
1.420170000E+9	1.686595000E-5
1.420173333E+9	1.688681000E-5
1.420176667E+9	1.641358000E-5
1.420180000E+9	1.658475000E-5
1.420183333E+9	1.685928000E-5
1.420186667E+9	1.707527000E-5
1.420190000E+9	1.679984000E-5
1.420193333E+9	1.649573000E-5
1.420196667E+9	1.725211000E-5
1.420200000E+9	1.686182000E-5
1.420203333E+9	1.660149000E-5
1.420206667E+9	1.668321000E-5
1.420210000E+9	1.663552000E-5
1.420213333E+9	1.705952000E-5
1.420216667E+9	1.683388000E-5
1.420220000E+9	1.695578000E-5
1.420223333E+9	1.702807000E-5
1.420226667E+9	1.668764000E-5
1.420230000E+9	1.694011000E-5
1.420233333E+9	1.689278000E-5
1.420236667E+9	1.693897000E-5
1.420240000E+9	1.671746000E-5
1.420243333E+9	1.683229000E-5
1.420246667E+9	1.700864000E-5
1.420250000E+9	1.678074000E-5
1.420253333E+9	1.705028000E-5
1.420256667E+9	1.710056000E-5
1.420260000E+9	1.699092000E-5
1.420263333E+9	1.689876000E-5
1.420266667E+9	1.752158000E-5
1.420270000E+9	1.683819000E-5
1.420273333E+9	1.709906000E-5
1.420276667E+9	1.740454000E-5
1.420280000E+9	1.708247000E-5
1.420283333E+9	1.685367000E-5
1.420286667E+9	1.702304000E-5
1.420290000E+9	1.734319000E-5
1.420293333E+9	1.732739000E-5
1.420296667E+9	1.729888000E-5
1.420300000E+9	1.742776000E-5
1.420303333E+9	1.736224000E-5
1.420306667E+9	1.725214000E-5
1.420310000E+9	1.697095000E-5
1.420313333E+9	1.703151000E-5
1.420316667E+9	1.709853000E-5
1.420320000E+9	1.775794000E-5
1.420323333E+9	1.712448000E-5
1.420326667E+9	1.786691000E-5
1.420330000E+9	1.982983000E-5
1.420333333E+9	1.761594000E-5
1.420336667E+9	1.806043000E-5
1.420340000E+9	1.759524000E-5
1.420343333E+9	1.795418000E-5
1.420346667E+9	1.782641000E-5
1.420350000E+9	1.758062000E-5
1.420353333E+9	1.787344000E-5
1.420356667E+9	1.802848000E-5
1.420360000E+9	1.784248000E-5
1.420363333E+9	1.763568000E-5
1.420366667E+9	1.780722000E-5
1.420370000E+9	1.778018000E-5
1.420373333E+9	1.784644000E-5
1.420376667E+9	1.729991000E-5
1.420380000E+9	1.706290000E-5
1.420383333E+9	1.694000000E-5
1.420386667E+9	1.696427000E-5
1.420390000E+9	1.684947000E-5
1.420393333E+9	1.650074000E-5
1.420396667E+9	1.659921000E-5
1.420400000E+9	1.622809000E-5
1.420403333E+9	1.609941000E-5
1.420406667E+9	1.626393000E-5
1.420410000E+9	1.597689000E-5
1.420413333E+9	1.619355000E-5
1.420416667E+9	1.593855000E-5
1.420420000E+9	1.641124000E-5
1.420423333E+9	1.578600000E-5
1.420426667E+9	1.598494000E-5
1.420430000E+9	1.573945000E-5
1.420433333E+9	1.567034000E-5
1.420436667E+9	1.566017000E-5
1.420440000E+9	1.578294000E-5
1.420443333E+9	1.591935000E-5
1.420446667E+9	1.574667000E-5
1.420450000E+9	1.595991000E-5
1.420453333E+9	1.596205000E-5
1.420456667E+9	1.610576000E-5
1.420460000E+9	1.602377000E-5
1.420463333E+9	1.541901000E-5
1.420466667E+9	1.569756000E-5
1.420470000E+9	1.582667000E-5
1.420473333E+9	1.566249000E-5
1.420476667E+9	1.592837000E-5
1.420480000E+9	1.609741000E-5
1.420483333E+9	1.607031000E-5
1.420486667E+9	1.592181000E-5
1.420490000E+9	1.590631000E-5
1.420493333E+9	1.583694000E-5
1.420496667E+9	1.587749000E-5
1.420500000E+9	1.586172000E-5
1.420503333E+9	1.578708000E-5
1.420506667E+9	1.601016000E-5
1.420510000E+9	1.595599000E-5
1.420513333E+9	1.582646000E-5
1.420516667E+9	1.547161000E-5
1.420520000E+9	1.603444000E-5
1.420523333E+9	1.631859000E-5
1.420526667E+9	1.605898000E-5
1.420530000E+9	1.582369000E-5
1.420533333E+9	1.585714000E-5
1.420536667E+9	1.605502000E-5
1.420540000E+9	1.588432000E-5
1.420543333E+9	1.582208000E-5
1.420546667E+9	1.575613000E-5
1.420550000E+9	1.602956000E-5
1.420553333E+9	1.627104000E-5
1.420556667E+9	1.589212000E-5
1.420560000E+9	1.623364000E-5
1.420563333E+9	1.596408000E-5
1.420566667E+9	1.590596000E-5
1.420570000E+9	1.614228000E-5
1.420573333E+9	1.607578000E-5
1.420576667E+9	1.580614000E-5
1.420580000E+9	1.584355000E-5
1.420583333E+9	1.602881000E-5
1.420586667E+9	1.610279000E-5
1.420590000E+9	1.767810000E-5
1.420593333E+9	1.648229000E-5
1.420596667E+9	1.615705000E-5
1.420600000E+9	1.606067000E-5
1.420603333E+9	1.612485000E-5
1.420606667E+9	1.651153000E-5
1.420610000E+9	1.649694000E-5
1.420613333E+9	1.730333000E-5
1.420616667E+9	1.613420000E-5
1.420620000E+9	1.869640000E-5
1.420623333E+9	1.919667000E-5
1.420626667E+9	1.662986000E-5
1.420630000E+9	1.642160000E-5
1.420633333E+9	1.625143000E-5
1.420636667E+9	1.624662000E-5
1.420640000E+9	1.661369000E-5
1.420643333E+9	1.613484000E-5
1.420646667E+9	1.628485000E-5
1.420650000E+9	1.579896000E-5
1.420653333E+9	1.601301000E-5
1.420656667E+9	1.612926000E-5
1.420660000E+9	1.612205000E-5
1.420663333E+9	1.583209000E-5
1.420666667E+9	1.604390000E-5
1.420670000E+9	1.599951000E-5
1.420673333E+9	1.620925000E-5
1.420676667E+9	1.578992000E-5
1.420680000E+9	1.647563000E-5
1.420683333E+9	1.616079000E-5
1.420686667E+9	1.639542000E-5
1.420690000E+9	1.577751000E-5
1.420693333E+9	1.619973000E-5
1.420696667E+9	1.591557000E-5
1.420700000E+9	1.615199000E-5
1.420703333E+9	1.610077000E-5
1.420706667E+9	1.610344000E-5
1.420710000E+9	1.609087000E-5
1.420713333E+9	1.568385000E-5
1.420716667E+9	1.576906000E-5
1.420720000E+9	1.599879000E-5
1.420723333E+9	1.589069000E-5
1.420726667E+9	1.573976000E-5
1.420730000E+9	1.592547000E-5
1.420733333E+9	1.578075000E-5
1.420736667E+9	1.585977000E-5
1.420740000E+9	1.589092000E-5
1.420743333E+9	1.558910000E-5
1.420746667E+9	1.564982000E-5
1.420750000E+9	1.620294000E-5
1.420753333E+9	1.572095000E-5
1.420756667E+9	1.623401000E-5
1.420760000E+9	1.610238000E-5
1.420763333E+9	1.577329000E-5
1.420766667E+9	1.585258000E-5
1.420770000E+9	1.569203000E-5
1.420773333E+9	1.556097000E-5
1.420776667E+9	1.549429000E-5
1.420780000E+9	1.574740000E-5
1.420783333E+9	1.626025000E-5
1.420786667E+9	1.604594000E-5
1.420790000E+9	1.606969000E-5
1.420793333E+9	1.669180000E-5
1.420796667E+9	1.625418000E-5
1.420800000E+9	1.566576000E-5
1.420803333E+9	1.549960000E-5
1.420806667E+9	1.541608000E-5
1.420810000E+9	1.548269000E-5
1.420813333E+9	1.566303000E-5
1.420816667E+9	1.577244000E-5
1.420820000E+9	1.560744000E-5
1.420823333E+9	1.579909000E-5
1.420826667E+9	1.579582000E-5
1.420830000E+9	1.560883000E-5
1.420833333E+9	1.556391000E-5
1.420836667E+9	1.570537000E-5
1.420840000E+9	1.559167000E-5
1.420843333E+9	1.560958000E-5
1.420846667E+9	1.560232000E-5
1.420850000E+9	1.528212000E-5
1.420853333E+9	1.560739000E-5
1.420856667E+9	1.572825000E-5
1.420860000E+9	1.575677000E-5
1.420863333E+9	1.566650000E-5
1.420866667E+9	1.545704000E-5
1.420870000E+9	1.575065000E-5
1.420873333E+9	1.554652000E-5
1.420876667E+9	1.546423000E-5
1.420880000E+9	1.527677000E-5
1.420883333E+9	1.822293000E-5
1.420886667E+9	1.684627000E-5
1.420890000E+9	1.587364000E-5
1.420893333E+9	1.557413000E-5
1.420896667E+9	1.585214000E-5
1.420900000E+9	1.608045000E-5
1.420903333E+9	1.676026000E-5
1.420906667E+9	1.880475000E-5
1.420910000E+9	1.591554000E-5
1.420913333E+9	2.334322000E-5
1.420916667E+9	2.238212000E-5
1.420920000E+9	1.561507000E-5
1.420923333E+9	1.543229000E-5
1.420926667E+9	1.628977000E-5
1.420930000E+9	1.577878000E-5
1.420933333E+9	1.542861000E-5
1.420936667E+9	1.588363000E-5
1.420940000E+9	1.577317000E-5
1.420943333E+9	1.615059000E-5
1.420946667E+9	1.565227000E-5
1.420950000E+9	1.572660000E-5
1.420953333E+9	1.543310000E-5
1.420956667E+9	1.564206000E-5
1.420960000E+9	1.548373000E-5
1.420963333E+9	1.555694000E-5
1.420966667E+9	1.552308000E-5
1.420970000E+9	1.571695000E-5
1.420973333E+9	1.569812000E-5
1.420976667E+9	1.567440000E-5
1.420980000E+9	1.599372000E-5
1.420983333E+9	1.607763000E-5
1.420986667E+9	1.578439000E-5
1.420990000E+9	1.572817000E-5
1.420993333E+9	1.515842000E-5
1.420996667E+9	1.547160000E-5
1.421000000E+9	1.567772000E-5
1.421003333E+9	1.579060000E-5
1.421006667E+9	1.561634000E-5
1.421010000E+9	1.578145000E-5
1.421013333E+9	1.574806000E-5
1.421016667E+9	1.599228000E-5
1.421020000E+9	1.545031000E-5
1.421023333E+9	1.546971000E-5
1.421026667E+9	1.568459000E-5
1.421030000E+9	1.539178000E-5
1.421033333E+9	1.561731000E-5
1.421036667E+9	1.550176000E-5
1.421040000E+9	1.554874000E-5
1.421043333E+9	1.565574000E-5
1.421046667E+9	1.554043000E-5
1.421050000E+9	1.563281000E-5
1.421053333E+9	1.594933000E-5
1.421056667E+9	1.529765000E-5
1.421060000E+9	1.525062000E-5
1.421063333E+9	1.559393000E-5
1.421066667E+9	1.533894000E-5
1.421070000E+9	1.570889000E-5
1.421073333E+9	1.574823000E-5
1.421076667E+9	1.560079000E-5
1.421080000E+9	1.560888000E-5
1.421083333E+9	1.572770000E-5
1.421086667E+9	1.570260000E-5
1.421090000E+9	1.591660000E-5
1.421093333E+9	1.616370000E-5
1.421096667E+9	1.556948000E-5
1.421100000E+9	1.514260000E-5
1.421103333E+9	1.577445000E-5
1.421106667E+9	1.546754000E-5
1.421110000E+9	1.563124000E-5
1.421113333E+9	1.549033000E-5
1.421116667E+9	1.554220000E-5
1.421120000E+9	1.545781000E-5
1.421123333E+9	1.530941000E-5
1.421126667E+9	1.557635000E-5
1.421130000E+9	1.561773000E-5
1.421133333E+9	1.549063000E-5
1.421136667E+9	1.571188000E-5
1.421140000E+9	1.559975000E-5
1.421143333E+9	1.543469000E-5
1.421146667E+9	1.547679000E-5
1.421150000E+9	1.533848000E-5
1.421153333E+9	1.535500000E-5
1.421156667E+9	1.567330000E-5
1.421160000E+9	1.532860000E-5
1.421163333E+9	1.564340000E-5
1.421166667E+9	1.589137000E-5
1.421170000E+9	1.556220000E-5
1.421173333E+9	1.546112000E-5
1.421176667E+9	1.645602000E-5
1.421180000E+9	1.741546000E-5
1.421183333E+9	1.540765000E-5
1.421186667E+9	1.536906000E-5
1.421190000E+9	1.556256000E-5
1.421193333E+9	1.550379000E-5
1.421196667E+9	1.613496000E-5
1.421200000E+9	1.633173000E-5
1.421203333E+9	1.595616000E-5
1.421206667E+9	1.866783000E-5
1.421210000E+9	1.769478000E-5
1.421213333E+9	1.549482000E-5
1.421216667E+9	1.564945000E-5
1.421220000E+9	1.594100000E-5
1.421223333E+9	1.579285000E-5
1.421226667E+9	1.544342000E-5
1.421230000E+9	1.563392000E-5
1.421233333E+9	1.569212000E-5
1.421236667E+9	1.573197000E-5
1.421240000E+9	1.602186000E-5
1.421243333E+9	1.586257000E-5
1.421246667E+9	1.542278000E-5
1.421250000E+9	1.541828000E-5
1.421253333E+9	1.574308000E-5
1.421256667E+9	1.553915000E-5
1.421260000E+9	1.550140000E-5
1.421263333E+9	1.587763000E-5
1.421266667E+9	1.555140000E-5
1.421270000E+9	1.544305000E-5
1.421273333E+9	1.548047000E-5
1.421276667E+9	1.571067000E-5
1.421280000E+9	1.554954000E-5
1.421283333E+9	1.550411000E-5
1.421286667E+9	1.562074000E-5
1.421290000E+9	1.564057000E-5
1.421293333E+9	1.546986000E-5
1.421296667E+9	1.550925000E-5
1.421300000E+9	1.584614000E-5
1.421303333E+9	1.548914000E-5
1.421306667E+9	1.541217000E-5
1.421310000E+9	1.564606000E-5
1.421313333E+9	1.542895000E-5
1.421316667E+9	1.542101000E-5
1.421320000E+9	1.548262000E-5
1.421323333E+9	1.534559000E-5
1.421326667E+9	1.540454000E-5
1.421330000E+9	1.519270000E-5
1.421333333E+9	1.554062000E-5
1.421336667E+9	1.548492000E-5
1.421340000E+9	1.566337000E-5
1.421343333E+9	1.517003000E-5
1.421346667E+9	1.526314000E-5
1.421350000E+9	1.560114000E-5
1.421353333E+9	1.603294000E-5
1.421356667E+9	1.678595000E-5
1.421360000E+9	1.599626000E-5
1.421363333E+9	1.570736000E-5
1.421366667E+9	1.683032000E-5
1.421370000E+9	1.557198000E-5
1.421373333E+9	1.539325000E-5
1.421376667E+9	1.526391000E-5
1.421380000E+9	1.581633000E-5
1.421383333E+9	1.578545000E-5
1.421386667E+9	1.561227000E-5
1.421390000E+9	1.586522000E-5
1.421393333E+9	1.544914000E-5
1.421396667E+9	1.519572000E-5
1.421400000E+9	1.552172000E-5
