Frequency, Hz	Amplitude, Volts
1.419400000E+9	1.520406000E-5
1.419403333E+9	1.514525000E-5
1.419406667E+9	1.480714000E-5
1.419410000E+9	1.482080000E-5
1.419413333E+9	1.628898000E-5
1.419416667E+9	1.553372000E-5
1.419420000E+9	1.499707000E-5
1.419423333E+9	1.518673000E-5
1.419426667E+9	1.497568000E-5
1.419430000E+9	1.474894000E-5
1.419433333E+9	1.492330000E-5
1.419436667E+9	1.466732000E-5
1.419440000E+9	1.490419000E-5
1.419443333E+9	1.521363000E-5
1.419446667E+9	1.508487000E-5
1.419450000E+9	1.497711000E-5
1.419453333E+9	1.537139000E-5
1.419456667E+9	1.515758000E-5
1.419460000E+9	1.518499000E-5
1.419463333E+9	1.484010000E-5
1.419466667E+9	1.471984000E-5
1.419470000E+9	1.510723000E-5
1.419473333E+9	1.484280000E-5
1.419476667E+9	1.482030000E-5
1.419480000E+9	1.470055000E-5
1.419483333E+9	1.492009000E-5
1.419486667E+9	1.491313000E-5
1.419490000E+9	1.510451000E-5
1.419493333E+9	1.467246000E-5
1.419496667E+9	1.528126000E-5
1.419500000E+9	1.490897000E-5
1.419503333E+9	1.529541000E-5
1.419506667E+9	1.498410000E-5
1.419510000E+9	1.489442000E-5
1.419513333E+9	1.485345000E-5
1.419516667E+9	1.485149000E-5
1.419520000E+9	1.489398000E-5
1.419523333E+9	1.517896000E-5
1.419526667E+9	1.511340000E-5
1.419530000E+9	1.505993000E-5
1.419533333E+9	1.457665000E-5
1.419536667E+9	1.477787000E-5
1.419540000E+9	1.474530000E-5
1.419543333E+9	1.514146000E-5
1.419546667E+9	1.509994000E-5
1.419550000E+9	1.489892000E-5
1.419553333E+9	1.477195000E-5
1.419556667E+9	1.492689000E-5
1.419560000E+9	1.502999000E-5
1.419563333E+9	1.491534000E-5
1.419566667E+9	1.489760000E-5
1.419570000E+9	1.483204000E-5
1.419573333E+9	1.477528000E-5
1.419576667E+9	1.469210000E-5
1.419580000E+9	1.474719000E-5
1.419583333E+9	1.493718000E-5
1.419586667E+9	1.503783000E-5
1.419590000E+9	1.486027000E-5
1.419593333E+9	1.502532000E-5
1.419596667E+9	1.469429000E-5
1.419600000E+9	1.458693000E-5
1.419603333E+9	1.546283000E-5
1.419606667E+9	1.468455000E-5
1.419610000E+9	1.468905000E-5
1.419613333E+9	1.492284000E-5
1.419616667E+9	1.491237000E-5
1.419620000E+9	1.503000000E-5
1.419623333E+9	1.472934000E-5
1.419626667E+9	1.471195000E-5
1.419630000E+9	1.503571000E-5
1.419633333E+9	1.484758000E-5
1.419636667E+9	1.484967000E-5
1.419640000E+9	1.512104000E-5
1.419643333E+9	1.501679000E-5
1.419646667E+9	1.517788000E-5
1.419650000E+9	1.490427000E-5
1.419653333E+9	1.475087000E-5
1.419656667E+9	1.495409000E-5
1.419660000E+9	1.497709000E-5
1.419663333E+9	1.504683000E-5
1.419666667E+9	1.521097000E-5
1.419670000E+9	1.488468000E-5
1.419673333E+9	1.459694000E-5
1.419676667E+9	1.516130000E-5
1.419680000E+9	1.487102000E-5
1.419683333E+9	1.507199000E-5
1.419686667E+9	1.506504000E-5
1.419690000E+9	1.468608000E-5
1.419693333E+9	1.477917000E-5
1.419696667E+9	1.474070000E-5
1.419700000E+9	1.504987000E-5
1.419703333E+9	1.452822000E-5
1.419706667E+9	1.531694000E-5
1.419710000E+9	1.526703000E-5
1.419713333E+9	1.466087000E-5
1.419716667E+9	1.492512000E-5
1.419720000E+9	1.494657000E-5
1.419723333E+9	1.504413000E-5
1.419726667E+9	1.505092000E-5
1.419730000E+9	1.479765000E-5
1.419733333E+9	1.541710000E-5
1.419736667E+9	1.523387000E-5
1.419740000E+9	1.480930000E-5
1.419743333E+9	1.486719000E-5
1.419746667E+9	1.487253000E-5
1.419750000E+9	1.538301000E-5
1.419753333E+9	1.521390000E-5
1.419756667E+9	1.484914000E-5
1.419760000E+9	1.463102000E-5
1.419763333E+9	1.479911000E-5
1.419766667E+9	1.510866000E-5
1.419770000E+9	1.498403000E-5
1.419773333E+9	1.485076000E-5
1.419776667E+9	1.501303000E-5
1.419780000E+9	1.525687000E-5
1.419783333E+9	1.560655000E-5
1.419786667E+9	1.494783000E-5
1.419790000E+9	1.484266000E-5
1.419793333E+9	1.504565000E-5
1.419796667E+9	1.493466000E-5
1.419800000E+9	1.496409000E-5
1.419803333E+9	1.518209000E-5
1.419806667E+9	1.479006000E-5
1.419810000E+9	1.490432000E-5
1.419813333E+9	1.499687000E-5
1.419816667E+9	1.515663000E-5
1.419820000E+9	1.484184000E-5
1.419823333E+9	1.473743000E-5
1.419826667E+9	1.473775000E-5
1.419830000E+9	1.503561000E-5
1.419833333E+9	1.517549000E-5
1.419836667E+9	1.474952000E-5
1.419840000E+9	1.510834000E-5
1.419843333E+9	1.524132000E-5
1.419846667E+9	1.491662000E-5
1.419850000E+9	1.502883000E-5
1.419853333E+9	1.492397000E-5
1.419856667E+9	1.490998000E-5
1.419860000E+9	1.489272000E-5
1.419863333E+9	1.534205000E-5
1.419866667E+9	1.496928000E-5
1.419870000E+9	1.532690000E-5
1.419873333E+9	1.510682000E-5
1.419876667E+9	1.528256000E-5
1.419880000E+9	1.501949000E-5
1.419883333E+9	1.488127000E-5
1.419886667E+9	1.499585000E-5
1.419890000E+9	1.482263000E-5
1.419893333E+9	1.478385000E-5
1.419896667E+9	1.496598000E-5
1.419900000E+9	1.542782000E-5
1.419903333E+9	1.506908000E-5
1.419906667E+9	1.488267000E-5
1.419910000E+9	1.491098000E-5
1.419913333E+9	1.521746000E-5
1.419916667E+9	1.470993000E-5
1.419920000E+9	1.489715000E-5
1.419923333E+9	1.493405000E-5
1.419926667E+9	1.497393000E-5
1.419930000E+9	1.474039000E-5
1.419933333E+9	1.485965000E-5
1.419936667E+9	1.503126000E-5
1.419940000E+9	1.510607000E-5
1.419943333E+9	1.497563000E-5
1.419946667E+9	1.502231000E-5
1.419950000E+9	1.491512000E-5
1.419953333E+9	1.492667000E-5
1.419956667E+9	1.489326000E-5
1.419960000E+9	1.499600000E-5
1.419963333E+9	1.481659000E-5
1.419966667E+9	1.475198000E-5
1.419970000E+9	1.486309000E-5
1.419973333E+9	1.469587000E-5
1.419976667E+9	1.530060000E-5
1.419980000E+9	1.540234000E-5
1.419983333E+9	1.488865000E-5
1.419986667E+9	1.485152000E-5
1.419990000E+9	1.492876000E-5
1.419993333E+9	1.495435000E-5
1.419996667E+9	1.505843000E-5
1.420000000E+9	1.563234000E-5
1.420003333E+9	1.712316000E-5
1.420006667E+9	1.471930000E-5
1.420010000E+9	1.487142000E-5
1.420013333E+9	1.505372000E-5
1.420016667E+9	1.500561000E-5
1.420020000E+9	1.482728000E-5
1.420023333E+9	1.474093000E-5
1.420026667E+9	1.487664000E-5
1.420030000E+9	1.452374000E-5
1.420033333E+9	1.521042000E-5
1.420036667E+9	1.517128000E-5
1.420040000E+9	1.514610000E-5
1.420043333E+9	1.475032000E-5
1.420046667E+9	1.471053000E-5
1.420050000E+9	1.533744000E-5
1.420053333E+9	1.491197000E-5
1.420056667E+9	1.490609000E-5
1.420060000E+9	1.502362000E-5
1.420063333E+9	1.483508000E-5
1.420066667E+9	1.464870000E-5
1.420070000E+9	1.472958000E-5
1.420073333E+9	1.490311000E-5
1.420076667E+9	1.487545000E-5
1.420080000E+9	1.475793000E-5
1.420083333E+9	1.476681000E-5
1.420086667E+9	1.511649000E-5
1.420090000E+9	1.475654000E-5
1.420093333E+9	1.506093000E-5
1.420096667E+9	1.466470000E-5
1.420100000E+9	1.486190000E-5
1.420103333E+9	1.477508000E-5
1.420106667E+9	1.506938000E-5
1.420110000E+9	1.506088000E-5
1.420113333E+9	1.495220000E-5
1.420116667E+9	1.492135000E-5
1.420120000E+9	1.473715000E-5
1.420123333E+9	1.525238000E-5
1.420126667E+9	1.513830000E-5
1.420130000E+9	1.464677000E-5
1.420133333E+9	1.490725000E-5
1.420136667E+9	1.508461000E-5
1.420140000E+9	1.487814000E-5
1.420143333E+9	1.462977000E-5
1.420146667E+9	1.475641000E-5
1.420150000E+9	1.468150000E-5
1.420153333E+9	1.486045000E-5
1.420156667E+9	1.505099000E-5
1.420160000E+9	1.492969000E-5
1.420163333E+9	1.522402000E-5
1.420166667E+9	1.507014000E-5
1.420170000E+9	1.486769000E-5
1.420173333E+9	1.466059000E-5
1.420176667E+9	1.486309000E-5
1.420180000E+9	1.510992000E-5
1.420183333E+9	1.477489000E-5
1.420186667E+9	1.488927000E-5
1.420190000E+9	1.499901000E-5
1.420193333E+9	1.506450000E-5
1.420196667E+9	1.467033000E-5
1.420200000E+9	1.540151000E-5
1.420203333E+9	1.473429000E-5
1.420206667E+9	1.470562000E-5
1.420210000E+9	1.467620000E-5
1.420213333E+9	1.482570000E-5
1.420216667E+9	1.526812000E-5
1.420220000E+9	1.487890000E-5
1.420223333E+9	1.484319000E-5
1.420226667E+9	1.495895000E-5
1.420230000E+9	1.485113000E-5
1.420233333E+9	1.498275000E-5
1.420236667E+9	1.495479000E-5
1.420240000E+9	1.472918000E-5
1.420243333E+9	1.481353000E-5
1.420246667E+9	1.495180000E-5
1.420250000E+9	1.489573000E-5
1.420253333E+9	1.481703000E-5
1.420256667E+9	1.506271000E-5
1.420260000E+9	1.492192000E-5
1.420263333E+9	1.485842000E-5
1.420266667E+9	1.524026000E-5
1.420270000E+9	1.478315000E-5
1.420273333E+9	1.496205000E-5
1.420276667E+9	1.484069000E-5
1.420280000E+9	1.484161000E-5
1.420283333E+9	1.482806000E-5
1.420286667E+9	1.501808000E-5
1.420290000E+9	1.495166000E-5
1.420293333E+9	1.483217000E-5
1.420296667E+9	1.676494000E-5
1.420300000E+9	1.511418000E-5
1.420303333E+9	1.513087000E-5
1.420306667E+9	1.500674000E-5
1.420310000E+9	1.535530000E-5
1.420313333E+9	1.511530000E-5
1.420316667E+9	1.481677000E-5
1.420320000E+9	1.472326000E-5
1.420323333E+9	1.485508000E-5
1.420326667E+9	1.488676000E-5
1.420330000E+9	1.499532000E-5
1.420333333E+9	1.518835000E-5
1.420336667E+9	1.474635000E-5
1.420340000E+9	1.514571000E-5
1.420343333E+9	1.473345000E-5
1.420346667E+9	1.515015000E-5
1.420350000E+9	1.497860000E-5
1.420353333E+9	1.489804000E-5
1.420356667E+9	1.442801000E-5
1.420360000E+9	1.461797000E-5
1.420363333E+9	1.485050000E-5
1.420366667E+9	1.474965000E-5
1.420370000E+9	1.498976000E-5
1.420373333E+9	1.517746000E-5
1.420376667E+9	1.527943000E-5
1.420380000E+9	1.498561000E-5
1.420383333E+9	1.503365000E-5
1.420386667E+9	1.520386000E-5
1.420390000E+9	1.505947000E-5
1.420393333E+9	1.474831000E-5
1.420396667E+9	1.475660000E-5
1.420400000E+9	1.519231000E-5
1.420403333E+9	1.482578000E-5
1.420406667E+9	1.480373000E-5
1.420410000E+9	1.503381000E-5
1.420413333E+9	1.518708000E-5
1.420416667E+9	1.534401000E-5
1.420420000E+9	1.530553000E-5
1.420423333E+9	1.527761000E-5
1.420426667E+9	1.522850000E-5
1.420430000E+9	1.534335000E-5
1.420433333E+9	1.536857000E-5
1.420436667E+9	1.578697000E-5
1.420440000E+9	1.564385000E-5
1.420443333E+9	1.535599000E-5
1.420446667E+9	1.586944000E-5
1.420450000E+9	1.617338000E-5
1.420453333E+9	1.617052000E-5
1.420456667E+9	1.584988000E-5
1.420460000E+9	1.643940000E-5
1.420463333E+9	1.654087000E-5
1.420466667E+9	1.664599000E-5
1.420470000E+9	1.682745000E-5
1.420473333E+9	1.704337000E-5
1.420476667E+9	1.674332000E-5
1.420480000E+9	1.672972000E-5
1.420483333E+9	1.692384000E-5
1.420486667E+9	1.657612000E-5
1.420490000E+9	1.710843000E-5
1.420493333E+9	1.677239000E-5
1.420496667E+9	1.699850000E-5
1.420500000E+9	1.695494000E-5
1.420503333E+9	1.667727000E-5
1.420506667E+9	1.637765000E-5
1.420510000E+9	1.653281000E-5
1.420513333E+9	1.650170000E-5
1.420516667E+9	1.669037000E-5
1.420520000E+9	1.639681000E-5
1.420523333E+9	1.642421000E-5
1.420526667E+9	1.622339000E-5
1.420530000E+9	1.619653000E-5
1.420533333E+9	1.624223000E-5
1.420536667E+9	1.615710000E-5
1.420540000E+9	1.593988000E-5
1.420543333E+9	1.584722000E-5
1.420546667E+9	1.584470000E-5
1.420550000E+9	1.592917000E-5
1.420553333E+9	1.604862000E-5
1.420556667E+9	1.581466000E-5
1.420560000E+9	1.577885000E-5
1.420563333E+9	1.588992000E-5
1.420566667E+9	1.592015000E-5
1.420570000E+9	1.581996000E-5
1.420573333E+9	1.582145000E-5
1.420576667E+9	1.577083000E-5
1.420580000E+9	1.590913000E-5
1.420583333E+9	1.572408000E-5
1.420586667E+9	1.582734000E-5
1.420590000E+9	1.565472000E-5
1.420593333E+9	1.558258000E-5
1.420596667E+9	1.540850000E-5
1.420600000E+9	1.582844000E-5
1.420603333E+9	1.591098000E-5
1.420606667E+9	1.587484000E-5
1.420610000E+9	1.620585000E-5
1.420613333E+9	1.576361000E-5
1.420616667E+9	1.565648000E-5
1.420620000E+9	1.580963000E-5
1.420623333E+9	1.582190000E-5
1.420626667E+9	1.596281000E-5
1.420630000E+9	1.600030000E-5
1.420633333E+9	1.567399000E-5
1.420636667E+9	1.594431000E-5
1.420640000E+9	1.571917000E-5
1.420643333E+9	1.590010000E-5
1.420646667E+9	1.661646000E-5
1.420650000E+9	1.595949000E-5
1.420653333E+9	1.579157000E-5
1.420656667E+9	1.570886000E-5
1.420660000E+9	1.576979000E-5
1.420663333E+9	1.600637000E-5
1.420666667E+9	1.594121000E-5
1.420670000E+9	1.569489000E-5
1.420673333E+9	1.592293000E-5
1.420676667E+9	1.607858000E-5
1.420680000E+9	1.559182000E-5
1.420683333E+9	1.608773000E-5
1.420686667E+9	1.604599000E-5
1.420690000E+9	1.569356000E-5
1.420693333E+9	1.580432000E-5
1.420696667E+9	1.589025000E-5
1.420700000E+9	1.627676000E-5
1.420703333E+9	1.629977000E-5
1.420706667E+9	1.629614000E-5
1.420710000E+9	1.617350000E-5
1.420713333E+9	1.670586000E-5
1.420716667E+9	1.664378000E-5
1.420720000E+9	1.689690000E-5
1.420723333E+9	1.658263000E-5
1.420726667E+9	1.623756000E-5
1.420730000E+9	1.659748000E-5
1.420733333E+9	1.623934000E-5
1.420736667E+9	1.618102000E-5
1.420740000E+9	1.634588000E-5
1.420743333E+9	1.621424000E-5
1.420746667E+9	1.614313000E-5
1.420750000E+9	1.627574000E-5
1.420753333E+9	1.591566000E-5
1.420756667E+9	1.655929000E-5
1.420760000E+9	1.682995000E-5
1.420763333E+9	1.596410000E-5
1.420766667E+9	1.605288000E-5
1.420770000E+9	1.645325000E-5
1.420773333E+9	1.590422000E-5
1.420776667E+9	1.589219000E-5
1.420780000E+9	1.616207000E-5
1.420783333E+9	1.612306000E-5
1.420786667E+9	1.601097000E-5
1.420790000E+9	1.602423000E-5
1.420793333E+9	1.622106000E-5
1.420796667E+9	1.680216000E-5
1.420800000E+9	1.602344000E-5
1.420803333E+9	1.594982000E-5
1.420806667E+9	1.569367000E-5
1.420810000E+9	1.550639000E-5
1.420813333E+9	1.585030000E-5
1.420816667E+9	1.563674000E-5
1.420820000E+9	1.535572000E-5
1.420823333E+9	1.546051000E-5
1.420826667E+9	1.539889000E-5
1.420830000E+9	1.543820000E-5
1.420833333E+9	1.575779000E-5
1.420836667E+9	1.533788000E-5
1.420840000E+9	1.531237000E-5
1.420843333E+9	1.524331000E-5
1.420846667E+9	1.563947000E-5
1.420850000E+9	1.543229000E-5
1.420853333E+9	1.505681000E-5
1.420856667E+9	1.515867000E-5
1.420860000E+9	1.538397000E-5
1.420863333E+9	1.495737000E-5
1.420866667E+9	1.525166000E-5
1.420870000E+9	1.542954000E-5
1.420873333E+9	1.551552000E-5
1.420876667E+9	1.506374000E-5
1.420880000E+9	1.507254000E-5
1.420883333E+9	1.874425000E-5
1.420886667E+9	1.805786000E-5
1.420890000E+9	1.506820000E-5
1.420893333E+9	1.526637000E-5
1.420896667E+9	1.580295000E-5
1.420900000E+9	1.543896000E-5
1.420903333E+9	1.524204000E-5
1.420906667E+9	1.611680000E-5
1.420910000E+9	1.562774000E-5
1.420913333E+9	1.601686000E-5
1.420916667E+9	1.611005000E-5
1.420920000E+9	1.574989000E-5
1.420923333E+9	1.518471000E-5
1.420926667E+9	1.552573000E-5
1.420930000E+9	1.554551000E-5
1.420933333E+9	1.543029000E-5
1.420936667E+9	1.552738000E-5
1.420940000E+9	1.557976000E-5
1.420943333E+9	1.620575000E-5
1.420946667E+9	1.620927000E-5
1.420950000E+9	1.523299000E-5
1.420953333E+9	1.527730000E-5
1.420956667E+9	1.522463000E-5
1.420960000E+9	1.505228000E-5
1.420963333E+9	1.525324000E-5
1.420966667E+9	1.562431000E-5
1.420970000E+9	1.527180000E-5
1.420973333E+9	1.526076000E-5
1.420976667E+9	1.504613000E-5
1.420980000E+9	1.512961000E-5
1.420983333E+9	1.524507000E-5
1.420986667E+9	1.524587000E-5
1.420990000E+9	1.555678000E-5
1.420993333E+9	1.527663000E-5
1.420996667E+9	1.512121000E-5
1.421000000E+9	1.512275000E-5
1.421003333E+9	1.516580000E-5
1.421006667E+9	1.509755000E-5
1.421010000E+9	1.511072000E-5
1.421013333E+9	1.514192000E-5
1.421016667E+9	1.514324000E-5
1.421020000E+9	1.551874000E-5
1.421023333E+9	1.501112000E-5
1.421026667E+9	1.482503000E-5
1.421030000E+9	1.503391000E-5
1.421033333E+9	1.471862000E-5
1.421036667E+9	1.494571000E-5
1.421040000E+9	1.518296000E-5
1.421043333E+9	1.528964000E-5
1.421046667E+9	1.515193000E-5
1.421050000E+9	1.498684000E-5
1.421053333E+9	1.478365000E-5
1.421056667E+9	1.562006000E-5
1.421060000E+9	1.523548000E-5
1.421063333E+9	1.468513000E-5
1.421066667E+9	1.500385000E-5
1.421070000E+9	1.497702000E-5
1.421073333E+9	1.497359000E-5
1.421076667E+9	1.501423000E-5
1.421080000E+9	1.519025000E-5
1.421083333E+9	1.500113000E-5
1.421086667E+9	1.473382000E-5
1.421090000E+9	1.488978000E-5
1.421093333E+9	1.539663000E-5
1.421096667E+9	1.561183000E-5
1.421100000E+9	1.498242000E-5
1.421103333E+9	1.493920000E-5
1.421106667E+9	1.482585000E-5
1.421110000E+9	1.511911000E-5
1.421113333E+9	1.492863000E-5
1.421116667E+9	1.495195000E-5
1.421120000E+9	1.510357000E-5
1.421123333E+9	1.500501000E-5
1.421126667E+9	1.471098000E-5
1.421130000E+9	1.516811000E-5
1.421133333E+9	1.488068000E-5
1.421136667E+9	1.521306000E-5
1.421140000E+9	1.492823000E-5
1.421143333E+9	1.482836000E-5
1.421146667E+9	1.495794000E-5
1.421150000E+9	1.466605000E-5
1.421153333E+9	1.505835000E-5
1.421156667E+9	1.466774000E-5
1.421160000E+9	1.511540000E-5
1.421163333E+9	1.495003000E-5
1.421166667E+9	1.500435000E-5
1.421170000E+9	1.507366000E-5
1.421173333E+9	1.473017000E-5
1.421176667E+9	1.732348000E-5
1.421180000E+9	2.019669000E-5
1.421183333E+9	1.487610000E-5
1.421186667E+9	1.489861000E-5
1.421190000E+9	1.514325000E-5
1.421193333E+9	1.506607000E-5
1.421196667E+9	1.490622000E-5
1.421200000E+9	1.467083000E-5
1.421203333E+9	1.490306000E-5
1.421206667E+9	1.539823000E-5
1.421210000E+9	1.497961000E-5
1.421213333E+9	1.500968000E-5
1.421216667E+9	1.509304000E-5
1.421220000E+9	1.482123000E-5
1.421223333E+9	1.510569000E-5
1.421226667E+9	1.473250000E-5
1.421230000E+9	1.480046000E-5
1.421233333E+9	1.477816000E-5
1.421236667E+9	1.498673000E-5
1.421240000E+9	1.492420000E-5
1.421243333E+9	1.525458000E-5
1.421246667E+9	1.501527000E-5
1.421250000E+9	1.496453000E-5
1.421253333E+9	1.501320000E-5
1.421256667E+9	1.475582000E-5
1.421260000E+9	1.480846000E-5
1.421263333E+9	1.505190000E-5
1.421266667E+9	1.486340000E-5
1.421270000E+9	1.490791000E-5
1.421273333E+9	1.501722000E-5
1.421276667E+9	1.491478000E-5
1.421280000E+9	1.505474000E-5
1.421283333E+9	1.509463000E-5
1.421286667E+9	1.484261000E-5
1.421290000E+9	1.514270000E-5
1.421293333E+9	1.479947000E-5
1.421296667E+9	1.492417000E-5
1.421300000E+9	1.491645000E-5
1.421303333E+9	1.467124000E-5
1.421306667E+9	1.504022000E-5
1.421310000E+9	1.475725000E-5
1.421313333E+9	1.475535000E-5
1.421316667E+9	1.489266000E-5
1.421320000E+9	1.489771000E-5
1.421323333E+9	1.478730000E-5
1.421326667E+9	1.482214000E-5
1.421330000E+9	1.485707000E-5
1.421333333E+9	1.485952000E-5
1.421336667E+9	1.502908000E-5
1.421340000E+9	1.473693000E-5
1.421343333E+9	1.492817000E-5
1.421346667E+9	1.503514000E-5
1.421350000E+9	1.490671000E-5
1.421353333E+9	1.535095000E-5
1.421356667E+9	1.541452000E-5
1.421360000E+9	1.516810000E-5
1.421363333E+9	1.491650000E-5
1.421366667E+9	1.513178000E-5
1.421370000E+9	1.499155000E-5
1.421373333E+9	1.477489000E-5
1.421376667E+9	1.496951000E-5
1.421380000E+9	1.489997000E-5
1.421383333E+9	1.494995000E-5
1.421386667E+9	1.502106000E-5
1.421390000E+9	1.507792000E-5
1.421393333E+9	1.519679000E-5
1.421396667E+9	1.492794000E-5
1.421400000E+9	1.483265000E-5
