Frequency, Hz	Amplitude, Volts
1.419400000E+9	1.703517000E-5
1.419403333E+9	1.725464000E-5
1.419406667E+9	1.689473000E-5
1.419410000E+9	1.730082000E-5
1.419413333E+9	1.689816000E-5
1.419416667E+9	1.715758000E-5
1.419420000E+9	1.734205000E-5
1.419423333E+9	1.714730000E-5
1.419426667E+9	1.689651000E-5
1.419430000E+9	1.701766000E-5
1.419433333E+9	1.749828000E-5
1.419436667E+9	1.724071000E-5
1.419440000E+9	1.710307000E-5
1.419443333E+9	1.686722000E-5
1.419446667E+9	1.746534000E-5
1.419450000E+9	1.743441000E-5
1.419453333E+9	1.701854000E-5
1.419456667E+9	1.701971000E-5
1.419460000E+9	1.701646000E-5
1.419463333E+9	1.684368000E-5
1.419466667E+9	1.709348000E-5
1.419470000E+9	1.715977000E-5
1.419473333E+9	1.732180000E-5
1.419476667E+9	1.695084000E-5
1.419480000E+9	1.702682000E-5
1.419483333E+9	1.727578000E-5
1.419486667E+9	1.674921000E-5
1.419490000E+9	1.700328000E-5
1.419493333E+9	1.712348000E-5
1.419496667E+9	1.710561000E-5
1.419500000E+9	1.725794000E-5
1.419503333E+9	1.703716000E-5
1.419506667E+9	1.695397000E-5
1.419510000E+9	1.700716000E-5
1.419513333E+9	1.682276000E-5
1.419516667E+9	1.709958000E-5
1.419520000E+9	1.704528000E-5
1.419523333E+9	1.698327000E-5
1.419526667E+9	1.722188000E-5
1.419530000E+9	1.691091000E-5
1.419533333E+9	1.697496000E-5
1.419536667E+9	1.701133000E-5
1.419540000E+9	1.732022000E-5
1.419543333E+9	1.708900000E-5
1.419546667E+9	1.729254000E-5
1.419550000E+9	1.695235000E-5
1.419553333E+9	1.666611000E-5
1.419556667E+9	1.689317000E-5
1.419560000E+9	1.717432000E-5
1.419563333E+9	1.740391000E-5
1.419566667E+9	1.694513000E-5
1.419570000E+9	1.714707000E-5
1.419573333E+9	1.703527000E-5
1.419576667E+9	1.675999000E-5
1.419580000E+9	1.712340000E-5
1.419583333E+9	1.657900000E-5
1.419586667E+9	1.709508000E-5
1.419590000E+9	1.689007000E-5
1.419593333E+9	1.732690000E-5
1.419596667E+9	1.673930000E-5
1.419600000E+9	1.710634000E-5
1.419603333E+9	1.703489000E-5
1.419606667E+9	1.691026000E-5
1.419610000E+9	1.686934000E-5
1.419613333E+9	1.709973000E-5
1.419616667E+9	1.668211000E-5
1.419620000E+9	1.712070000E-5
1.419623333E+9	1.718565000E-5
1.419626667E+9	1.680947000E-5
1.419630000E+9	1.689165000E-5
1.419633333E+9	1.689039000E-5
1.419636667E+9	1.676536000E-5
1.419640000E+9	1.697429000E-5
1.419643333E+9	1.684489000E-5
1.419646667E+9	1.661205000E-5
1.419650000E+9	1.697915000E-5
1.419653333E+9	1.711408000E-5
1.419656667E+9	1.704739000E-5
1.419660000E+9	1.693021000E-5
1.419663333E+9	1.664098000E-5
1.419666667E+9	1.696984000E-5
1.419670000E+9	1.696954000E-5
1.419673333E+9	1.692904000E-5
1.419676667E+9	1.680790000E-5
1.419680000E+9	1.654601000E-5
1.419683333E+9	1.669957000E-5
1.419686667E+9	1.662986000E-5
1.419690000E+9	1.714255000E-5
1.419693333E+9	1.666548000E-5
1.419696667E+9	1.690534000E-5
1.419700000E+9	1.692443000E-5
1.419703333E+9	1.690729000E-5
1.419706667E+9	1.666424000E-5
1.419710000E+9	1.688091000E-5
1.419713333E+9	1.657464000E-5
1.419716667E+9	1.698134000E-5
1.419720000E+9	1.703650000E-5
1.419723333E+9	1.668260000E-5
1.419726667E+9	1.680596000E-5
1.419730000E+9	1.697207000E-5
1.419733333E+9	1.720461000E-5
1.419736667E+9	1.701431000E-5
1.419740000E+9	1.690376000E-5
1.419743333E+9	1.750525000E-5
1.419746667E+9	1.691726000E-5
1.419750000E+9	1.657885000E-5
1.419753333E+9	1.655415000E-5
1.419756667E+9	1.711239000E-5
1.419760000E+9	1.700860000E-5
1.419763333E+9	1.661794000E-5
1.419766667E+9	1.672770000E-5
1.419770000E+9	1.692274000E-5
1.419773333E+9	1.696125000E-5
1.419776667E+9	1.705239000E-5
1.419780000E+9	1.713905000E-5
1.419783333E+9	1.716557000E-5
1.419786667E+9	1.724451000E-5
1.419790000E+9	1.673009000E-5
1.419793333E+9	1.682441000E-5
1.419796667E+9	1.692609000E-5
1.419800000E+9	1.672728000E-5
1.419803333E+9	1.645363000E-5
1.419806667E+9	1.681124000E-5
1.419810000E+9	1.707902000E-5
1.419813333E+9	1.704883000E-5
1.419816667E+9	1.666047000E-5
1.419820000E+9	1.685451000E-5
1.419823333E+9	1.654018000E-5
1.419826667E+9	1.687814000E-5
1.419830000E+9	1.669888000E-5
1.419833333E+9	1.706698000E-5
1.419836667E+9	1.695019000E-5
1.419840000E+9	1.676965000E-5
1.419843333E+9	1.678030000E-5
1.419846667E+9	1.674288000E-5
1.419850000E+9	1.659610000E-5
1.419853333E+9	1.722674000E-5
1.419856667E+9	1.667764000E-5
1.419860000E+9	1.706657000E-5
1.419863333E+9	1.694364000E-5
1.419866667E+9	1.664106000E-5
1.419870000E+9	1.726520000E-5
1.419873333E+9	1.666182000E-5
1.419876667E+9	1.646055000E-5
1.419880000E+9	1.687636000E-5
1.419883333E+9	1.700869000E-5
1.419886667E+9	1.663411000E-5
1.419890000E+9	1.690863000E-5
1.419893333E+9	1.680618000E-5
1.419896667E+9	1.694186000E-5
1.419900000E+9	1.691405000E-5
1.419903333E+9	1.690447000E-5
1.419906667E+9	1.685095000E-5
1.419910000E+9	1.680646000E-5
1.419913333E+9	1.680345000E-5
1.419916667E+9	1.677168000E-5
1.419920000E+9	1.694052000E-5
1.419923333E+9	1.649890000E-5
1.419926667E+9	1.649797000E-5
1.419930000E+9	1.634998000E-5
1.419933333E+9	1.660406000E-5
1.419936667E+9	1.642050000E-5
1.419940000E+9	1.672535000E-5
1.419943333E+9	1.686998000E-5
1.419946667E+9	1.653818000E-5
1.419950000E+9	1.643910000E-5
1.419953333E+9	1.665689000E-5
1.419956667E+9	1.661267000E-5
1.419960000E+9	1.668357000E-5
1.419963333E+9	1.628893000E-5
1.419966667E+9	1.636589000E-5
1.419970000E+9	1.675239000E-5
1.419973333E+9	1.678407000E-5
1.419976667E+9	1.662367000E-5
1.419980000E+9	1.721256000E-5
1.419983333E+9	1.670351000E-5
1.419986667E+9	1.648624000E-5
1.419990000E+9	1.653360000E-5
1.419993333E+9	1.698178000E-5
1.419996667E+9	1.663572000E-5
1.420000000E+9	1.687443000E-5
1.420003333E+9	1.686985000E-5
1.420006667E+9	1.647690000E-5
1.420010000E+9	1.653399000E-5
1.420013333E+9	1.646092000E-5
1.420016667E+9	1.662902000E-5
1.420020000E+9	1.659637000E-5
1.420023333E+9	1.643626000E-5
1.420026667E+9	1.632804000E-5
1.420030000E+9	1.646478000E-5
1.420033333E+9	1.681720000E-5
1.420036667E+9	1.690046000E-5
1.420040000E+9	1.675978000E-5
1.420043333E+9	1.641796000E-5
1.420046667E+9	1.644894000E-5
1.420050000E+9	1.617293000E-5
1.420053333E+9	1.645110000E-5
1.420056667E+9	1.627325000E-5
1.420060000E+9	1.626902000E-5
1.420063333E+9	1.642539000E-5
1.420066667E+9	1.672308000E-5
1.420070000E+9	1.631805000E-5
1.420073333E+9	1.661643000E-5
1.420076667E+9	1.653593000E-5
1.420080000E+9	1.650277000E-5
1.420083333E+9	1.652671000E-5
1.420086667E+9	1.644952000E-5
1.420090000E+9	1.636506000E-5
1.420093333E+9	1.643863000E-5
1.420096667E+9	1.657858000E-5
1.420100000E+9	1.635504000E-5
1.420103333E+9	1.653384000E-5
1.420106667E+9	1.653081000E-5
1.420110000E+9	1.683852000E-5
1.420113333E+9	1.650680000E-5
1.420116667E+9	1.667021000E-5
1.420120000E+9	1.626973000E-5
1.420123333E+9	1.667700000E-5
1.420126667E+9	1.667694000E-5
1.420130000E+9	1.684616000E-5
1.420133333E+9	1.653077000E-5
1.420136667E+9	1.661166000E-5
1.420140000E+9	1.634065000E-5
1.420143333E+9	1.660506000E-5
1.420146667E+9	1.643363000E-5
1.420150000E+9	1.638304000E-5
1.420153333E+9	1.633259000E-5
1.420156667E+9	1.687332000E-5
1.420160000E+9	1.615286000E-5
1.420163333E+9	1.615893000E-5
1.420166667E+9	1.636952000E-5
1.420170000E+9	1.662685000E-5
1.420173333E+9	1.664526000E-5
1.420176667E+9	1.637919000E-5
1.420180000E+9	1.681789000E-5
1.420183333E+9	1.672098000E-5
1.420186667E+9	1.664857000E-5
1.420190000E+9	1.648249000E-5
1.420193333E+9	1.647867000E-5
1.420196667E+9	1.646475000E-5
1.420200000E+9	1.640484000E-5
1.420203333E+9	1.634122000E-5
1.420206667E+9	1.681840000E-5
1.420210000E+9	1.635777000E-5
1.420213333E+9	1.624394000E-5
1.420216667E+9	1.663240000E-5
1.420220000E+9	1.637462000E-5
1.420223333E+9	1.631596000E-5
1.420226667E+9	1.647430000E-5
1.420230000E+9	1.644413000E-5
1.420233333E+9	1.628936000E-5
1.420236667E+9	1.659165000E-5
1.420240000E+9	1.642016000E-5
1.420243333E+9	1.636206000E-5
1.420246667E+9	1.636242000E-5
1.420250000E+9	1.618016000E-5
1.420253333E+9	1.623007000E-5
1.420256667E+9	1.651602000E-5
1.420260000E+9	1.629576000E-5
1.420263333E+9	1.638232000E-5
1.420266667E+9	1.655288000E-5
1.420270000E+9	1.668738000E-5
1.420273333E+9	1.648099000E-5
1.420276667E+9	1.646858000E-5
1.420280000E+9	1.635748000E-5
1.420283333E+9	1.626788000E-5
1.420286667E+9	1.652830000E-5
1.420290000E+9	1.644208000E-5
1.420293333E+9	1.643276000E-5
1.420296667E+9	1.641841000E-5
1.420300000E+9	1.633985000E-5
1.420303333E+9	1.618009000E-5
1.420306667E+9	1.652978000E-5
1.420310000E+9	1.675581000E-5
1.420313333E+9	1.653863000E-5
1.420316667E+9	1.641513000E-5
1.420320000E+9	1.645232000E-5
1.420323333E+9	1.649639000E-5
1.420326667E+9	1.670729000E-5
1.420330000E+9	1.719360000E-5
1.420333333E+9	1.620452000E-5
1.420336667E+9	1.622205000E-5
1.420340000E+9	1.671254000E-5
1.420343333E+9	1.614531000E-5
1.420346667E+9	1.634251000E-5
1.420350000E+9	1.629920000E-5
1.420353333E+9	1.646697000E-5
1.420356667E+9	1.663417000E-5
1.420360000E+9	1.657164000E-5
1.420363333E+9	1.609708000E-5
1.420366667E+9	1.665348000E-5
1.420370000E+9	1.629099000E-5
1.420373333E+9	1.668332000E-5
1.420376667E+9	1.644901000E-5
1.420380000E+9	1.647145000E-5
1.420383333E+9	1.650616000E-5
1.420386667E+9	1.667504000E-5
1.420390000E+9	1.674979000E-5
1.420393333E+9	1.667141000E-5
1.420396667E+9	1.669153000E-5
1.420400000E+9	1.636363000E-5
1.420403333E+9	1.624239000E-5
1.420406667E+9	1.650230000E-5
1.420410000E+9	1.634840000E-5
1.420413333E+9	1.659489000E-5
1.420416667E+9	1.668288000E-5
1.420420000E+9	1.666816000E-5
1.420423333E+9	1.642304000E-5
1.420426667E+9	1.632739000E-5
1.420430000E+9	1.692356000E-5
1.420433333E+9	1.635757000E-5
1.420436667E+9	1.643291000E-5
1.420440000E+9	1.652108000E-5
1.420443333E+9	1.657681000E-5
1.420446667E+9	1.672719000E-5
1.420450000E+9	1.634824000E-5
1.420453333E+9	1.664086000E-5
1.420456667E+9	1.670029000E-5
1.420460000E+9	1.696592000E-5
1.420463333E+9	1.696425000E-5
1.420466667E+9	1.701908000E-5
1.420470000E+9	1.735605000E-5
1.420473333E+9	1.718681000E-5
1.420476667E+9	1.717566000E-5
1.420480000E+9	1.769057000E-5
1.420483333E+9	1.752333000E-5
1.420486667E+9	1.719434000E-5
1.420490000E+9	1.774196000E-5
1.420493333E+9	1.797103000E-5
1.420496667E+9	1.793539000E-5
1.420500000E+9	1.800436000E-5
1.420503333E+9	1.797914000E-5
1.420506667E+9	1.790892000E-5
1.420510000E+9	1.842873000E-5
1.420513333E+9	1.863375000E-5
1.420516667E+9	1.853259000E-5
1.420520000E+9	1.838146000E-5
1.420523333E+9	1.826417000E-5
1.420526667E+9	1.808202000E-5
1.420530000E+9	1.842735000E-5
1.420533333E+9	1.847548000E-5
1.420536667E+9	1.825681000E-5
1.420540000E+9	1.847293000E-5
1.420543333E+9	1.820987000E-5
1.420546667E+9	1.809954000E-5
1.420550000E+9	1.799575000E-5
1.420553333E+9	1.791858000E-5
1.420556667E+9	1.803748000E-5
1.420560000E+9	1.769810000E-5
1.420563333E+9	1.789683000E-5
1.420566667E+9	1.761482000E-5
1.420570000E+9	1.755765000E-5
1.420573333E+9	1.818735000E-5
1.420576667E+9	1.793901000E-5
1.420580000E+9	1.796740000E-5
1.420583333E+9	1.798990000E-5
1.420586667E+9	1.761401000E-5
1.420590000E+9	1.835040000E-5
1.420593333E+9	1.771167000E-5
1.420596667E+9	1.798182000E-5
1.420600000E+9	1.815146000E-5
1.420603333E+9	1.784474000E-5
1.420606667E+9	1.768223000E-5
1.420610000E+9	1.824499000E-5
1.420613333E+9	1.793245000E-5
1.420616667E+9	1.764614000E-5
1.420620000E+9	1.839917000E-5
1.420623333E+9	1.820487000E-5
1.420626667E+9	1.825321000E-5
1.420630000E+9	1.801093000E-5
1.420633333E+9	1.799478000E-5
1.420636667E+9	1.789153000E-5
1.420640000E+9	1.832288000E-5
1.420643333E+9	1.810222000E-5
1.420646667E+9	1.821339000E-5
1.420650000E+9	1.836980000E-5
1.420653333E+9	1.825886000E-5
1.420656667E+9	1.817525000E-5
1.420660000E+9	1.804339000E-5
1.420663333E+9	1.804574000E-5
1.420666667E+9	1.820487000E-5
1.420670000E+9	1.802131000E-5
1.420673333E+9	1.814000000E-5
1.420676667E+9	1.826887000E-5
1.420680000E+9	1.744418000E-5
1.420683333E+9	1.806918000E-5
1.420686667E+9	1.789029000E-5
1.420690000E+9	1.730559000E-5
1.420693333E+9	1.733270000E-5
1.420696667E+9	1.783471000E-5
1.420700000E+9	1.765087000E-5
1.420703333E+9	1.743508000E-5
1.420706667E+9	1.707568000E-5
1.420710000E+9	1.728263000E-5
1.420713333E+9	1.697291000E-5
1.420716667E+9	1.712587000E-5
1.420720000E+9	1.707169000E-5
1.420723333E+9	1.705117000E-5
1.420726667E+9	1.698275000E-5
1.420730000E+9	1.675277000E-5
1.420733333E+9	1.701020000E-5
1.420736667E+9	1.709433000E-5
1.420740000E+9	1.685297000E-5
1.420743333E+9	1.708301000E-5
1.420746667E+9	1.683727000E-5
1.420750000E+9	1.685747000E-5
1.420753333E+9	1.708539000E-5
1.420756667E+9	1.677525000E-5
1.420760000E+9	1.690945000E-5
1.420763333E+9	1.674332000E-5
1.420766667E+9	1.639036000E-5
1.420770000E+9	1.645956000E-5
1.420773333E+9	1.636585000E-5
1.420776667E+9	1.660031000E-5
1.420780000E+9	1.666113000E-5
1.420783333E+9	1.650795000E-5
1.420786667E+9	1.674970000E-5
1.420790000E+9	1.652388000E-5
1.420793333E+9	1.643966000E-5
1.420796667E+9	1.659484000E-5
1.420800000E+9	1.641886000E-5
1.420803333E+9	1.638821000E-5
1.420806667E+9	1.653989000E-5
1.420810000E+9	1.676844000E-5
1.420813333E+9	1.671678000E-5
1.420816667E+9	1.626155000E-5
1.420820000E+9	1.633993000E-5
1.420823333E+9	1.659996000E-5
1.420826667E+9	1.673711000E-5
1.420830000E+9	1.601556000E-5
1.420833333E+9	1.613434000E-5
1.420836667E+9	1.653261000E-5
1.420840000E+9	1.594734000E-5
1.420843333E+9	1.621084000E-5
1.420846667E+9	1.623914000E-5
1.420850000E+9	1.645844000E-5
1.420853333E+9	1.636151000E-5
1.420856667E+9	1.619675000E-5
1.420860000E+9	1.625222000E-5
1.420863333E+9	1.627456000E-5
1.420866667E+9	1.663797000E-5
1.420870000E+9	1.617274000E-5
1.420873333E+9	1.607246000E-5
1.420876667E+9	1.617013000E-5
1.420880000E+9	1.642771000E-5
1.420883333E+9	1.666748000E-5
1.420886667E+9	1.656395000E-5
1.420890000E+9	1.621288000E-5
1.420893333E+9	1.586900000E-5
1.420896667E+9	1.644404000E-5
1.420900000E+9	1.670417000E-5
1.420903333E+9	1.650939000E-5
1.420906667E+9	1.670223000E-5
1.420910000E+9	1.645866000E-5
1.420913333E+9	1.793613000E-5
1.420916667E+9	1.733379000E-5
1.420920000E+9	1.639751000E-5
1.420923333E+9	1.639367000E-5
1.420926667E+9	1.629857000E-5
1.420930000E+9	1.603132000E-5
1.420933333E+9	1.618853000E-5
1.420936667E+9	1.628224000E-5
1.420940000E+9	1.630366000E-5
1.420943333E+9	1.639679000E-5
1.420946667E+9	1.630595000E-5
1.420950000E+9	1.631461000E-5
1.420953333E+9	1.615717000E-5
1.420956667E+9	1.617038000E-5
1.420960000E+9	1.619881000E-5
1.420963333E+9	1.598138000E-5
1.420966667E+9	1.641513000E-5
1.420970000E+9	1.626404000E-5
1.420973333E+9	1.641722000E-5
1.420976667E+9	1.656166000E-5
1.420980000E+9	1.621960000E-5
1.420983333E+9	1.636600000E-5
1.420986667E+9	1.620386000E-5
1.420990000E+9	1.615533000E-5
1.420993333E+9	1.657393000E-5
1.420996667E+9	1.610567000E-5
1.421000000E+9	1.594954000E-5
1.421003333E+9	1.617565000E-5
1.421006667E+9	1.623875000E-5
1.421010000E+9	1.617052000E-5
1.421013333E+9	1.583091000E-5
1.421016667E+9	1.617279000E-5
1.421020000E+9	1.601927000E-5
1.421023333E+9	1.599128000E-5
1.421026667E+9	1.602798000E-5
1.421030000E+9	1.610049000E-5
1.421033333E+9	1.617084000E-5
1.421036667E+9	1.622204000E-5
1.421040000E+9	1.636842000E-5
1.421043333E+9	1.617782000E-5
1.421046667E+9	1.631318000E-5
1.421050000E+9	1.587290000E-5
1.421053333E+9	1.615258000E-5
1.421056667E+9	1.614395000E-5
1.421060000E+9	1.622287000E-5
1.421063333E+9	1.592288000E-5
1.421066667E+9	1.624801000E-5
1.421070000E+9	1.605138000E-5
1.421073333E+9	1.642504000E-5
1.421076667E+9	1.625397000E-5
1.421080000E+9	1.610146000E-5
1.421083333E+9	1.601996000E-5
1.421086667E+9	1.645324000E-5
1.421090000E+9	1.641904000E-5
1.421093333E+9	1.611798000E-5
1.421096667E+9	1.644583000E-5
1.421100000E+9	1.642806000E-5
1.421103333E+9	1.639636000E-5
1.421106667E+9	1.626838000E-5
1.421110000E+9	1.646484000E-5
1.421113333E+9	1.622847000E-5
1.421116667E+9	1.594532000E-5
1.421120000E+9	1.619520000E-5
1.421123333E+9	1.638211000E-5
1.421126667E+9	1.633031000E-5
1.421130000E+9	1.631436000E-5
1.421133333E+9	1.621634000E-5
1.421136667E+9	1.661644000E-5
1.421140000E+9	1.640644000E-5
1.421143333E+9	1.613980000E-5
1.421146667E+9	1.626061000E-5
1.421150000E+9	1.592931000E-5
1.421153333E+9	1.606378000E-5
1.421156667E+9	1.645790000E-5
1.421160000E+9	1.628319000E-5
1.421163333E+9	1.637076000E-5
1.421166667E+9	1.668942000E-5
1.421170000E+9	1.656153000E-5
1.421173333E+9	1.630872000E-5
1.421176667E+9	1.636391000E-5
1.421180000E+9	1.611120000E-5
1.421183333E+9	1.639137000E-5
1.421186667E+9	1.605510000E-5
1.421190000E+9	1.639837000E-5
1.421193333E+9	1.633096000E-5
1.421196667E+9	1.614802000E-5
1.421200000E+9	1.636269000E-5
1.421203333E+9	1.602300000E-5
1.421206667E+9	1.691242000E-5
1.421210000E+9	1.667808000E-5
1.421213333E+9	1.614061000E-5
1.421216667E+9	1.657592000E-5
1.421220000E+9	1.674888000E-5
1.421223333E+9	1.613780000E-5
1.421226667E+9	1.597290000E-5
1.421230000E+9	1.640891000E-5
1.421233333E+9	1.605849000E-5
1.421236667E+9	1.632243000E-5
1.421240000E+9	1.644926000E-5
1.421243333E+9	1.633966000E-5
1.421246667E+9	1.622788000E-5
1.421250000E+9	1.605986000E-5
1.421253333E+9	1.623307000E-5
1.421256667E+9	1.630743000E-5
1.421260000E+9	1.630169000E-5
1.421263333E+9	1.625775000E-5
1.421266667E+9	1.627011000E-5
1.421270000E+9	1.587651000E-5
1.421273333E+9	1.632257000E-5
1.421276667E+9	1.616603000E-5
1.421280000E+9	1.613526000E-5
1.421283333E+9	1.615430000E-5
1.421286667E+9	1.655353000E-5
1.421290000E+9	1.634545000E-5
1.421293333E+9	1.657017000E-5
1.421296667E+9	1.608150000E-5
1.421300000E+9	1.650502000E-5
1.421303333E+9	1.599948000E-5
1.421306667E+9	1.622473000E-5
1.421310000E+9	1.607156000E-5
1.421313333E+9	1.629662000E-5
1.421316667E+9	1.626768000E-5
1.421320000E+9	1.621935000E-5
1.421323333E+9	1.632612000E-5
1.421326667E+9	1.611156000E-5
1.421330000E+9	1.636794000E-5
1.421333333E+9	1.664409000E-5
1.421336667E+9	1.627758000E-5
1.421340000E+9	1.595110000E-5
1.421343333E+9	1.632248000E-5
1.421346667E+9	1.652850000E-5
1.421350000E+9	1.640551000E-5
1.421353333E+9	1.622768000E-5
1.421356667E+9	1.612384000E-5
1.421360000E+9	1.599050000E-5
1.421363333E+9	1.631519000E-5
1.421366667E+9	1.708434000E-5
1.421370000E+9	1.605087000E-5
1.421373333E+9	1.616676000E-5
1.421376667E+9	1.614068000E-5
1.421380000E+9	1.608312000E-5
1.421383333E+9	1.616621000E-5
1.421386667E+9	1.613099000E-5
1.421390000E+9	1.598215000E-5
1.421393333E+9	1.622310000E-5
1.421396667E+9	1.605544000E-5
1.421400000E+9	1.617217000E-5
