Frequency, Hz	Amplitude, Volts
1.419400000E+9	2.679177000E-5
1.419403333E+9	2.641068000E-5
1.419406667E+9	2.692808000E-5
1.419410000E+9	2.672211000E-5
1.419413333E+9	2.639132000E-5
1.419416667E+9	2.670278000E-5
1.419420000E+9	2.658025000E-5
1.419423333E+9	2.649462000E-5
1.419426667E+9	2.616796000E-5
1.419430000E+9	2.648171000E-5
1.419433333E+9	2.762515000E-5
1.419436667E+9	2.702867000E-5
1.419440000E+9	2.685049000E-5
1.419443333E+9	2.632490000E-5
1.419446667E+9	2.693304000E-5
1.419450000E+9	2.773584000E-5
1.419453333E+9	2.932058000E-5
1.419456667E+9	2.799270000E-5
1.419460000E+9	2.679856000E-5
1.419463333E+9	2.678050000E-5
1.419466667E+9	2.714683000E-5
1.419470000E+9	2.678344000E-5
1.419473333E+9	2.652192000E-5
1.419476667E+9	2.658387000E-5
1.419480000E+9	2.607970000E-5
1.419483333E+9	2.670179000E-5
1.419486667E+9	2.695899000E-5
1.419490000E+9	2.632227000E-5
1.419493333E+9	2.646412000E-5
1.419496667E+9	2.650835000E-5
1.419500000E+9	2.616831000E-5
1.419503333E+9	2.608669000E-5
1.419506667E+9	2.691542000E-5
1.419510000E+9	2.657234000E-5
1.419513333E+9	2.639949000E-5
1.419516667E+9	2.615495000E-5
1.419520000E+9	2.719029000E-5
1.419523333E+9	2.658857000E-5
1.419526667E+9	2.782353000E-5
1.419530000E+9	2.609861000E-5
1.419533333E+9	2.755360000E-5
1.419536667E+9	2.663728000E-5
1.419540000E+9	2.631603000E-5
1.419543333E+9	2.591620000E-5
1.419546667E+9	2.587486000E-5
1.419550000E+9	2.659581000E-5
1.419553333E+9	2.625830000E-5
1.419556667E+9	2.623629000E-5
1.419560000E+9	2.635422000E-5
1.419563333E+9	2.786144000E-5
1.419566667E+9	2.759917000E-5
1.419570000E+9	2.638512000E-5
1.419573333E+9	2.612742000E-5
1.419576667E+9	2.581476000E-5
1.419580000E+9	2.663339000E-5
1.419583333E+9	2.640477000E-5
1.419586667E+9	2.650445000E-5
1.419590000E+9	2.620430000E-5
1.419593333E+9	2.667061000E-5
1.419596667E+9	2.620079000E-5
1.419600000E+9	2.656549000E-5
1.419603333E+9	2.916486000E-5
1.419606667E+9	2.769430000E-5
1.419610000E+9	2.637550000E-5
1.419613333E+9	2.728572000E-5
1.419616667E+9	2.575025000E-5
1.419620000E+9	2.585328000E-5
1.419623333E+9	2.626280000E-5
1.419626667E+9	2.680713000E-5
1.419630000E+9	2.601438000E-5
1.419633333E+9	2.615458000E-5
1.419636667E+9	2.640135000E-5
1.419640000E+9	2.648054000E-5
1.419643333E+9	2.972045000E-5
1.419646667E+9	2.620614000E-5
1.419650000E+9	2.592053000E-5
1.419653333E+9	2.646427000E-5
1.419656667E+9	2.615696000E-5
1.419660000E+9	2.652670000E-5
1.419663333E+9	2.635799000E-5
1.419666667E+9	2.619435000E-5
1.419670000E+9	2.645346000E-5
1.419673333E+9	2.646444000E-5
1.419676667E+9	2.640355000E-5
1.419680000E+9	2.774552000E-5
1.419683333E+9	2.841733000E-5
1.419686667E+9	2.604354000E-5
1.419690000E+9	2.576532000E-5
1.419693333E+9	2.639254000E-5
1.419696667E+9	2.613686000E-5
1.419700000E+9	2.649508000E-5
1.419703333E+9	2.607550000E-5
1.419706667E+9	2.595661000E-5
1.419710000E+9	2.608838000E-5
1.419713333E+9	2.611133000E-5
1.419716667E+9	2.583211000E-5
1.419720000E+9	2.760050000E-5
1.419723333E+9	2.822197000E-5
1.419726667E+9	2.803395000E-5
1.419730000E+9	2.677947000E-5
1.419733333E+9	2.929053000E-5
1.419736667E+9	2.684153000E-5
1.419740000E+9	2.690789000E-5
1.419743333E+9	2.828367000E-5
1.419746667E+9	3.016817000E-5
1.419750000E+9	2.723888000E-5
1.419753333E+9	2.685868000E-5
1.419756667E+9	2.647031000E-5
1.419760000E+9	2.851187000E-5
1.419763333E+9	2.704019000E-5
1.419766667E+9	2.666745000E-5
1.419770000E+9	2.679627000E-5
1.419773333E+9	2.581031000E-5
1.419776667E+9	2.664948000E-5
1.419780000E+9	2.671757000E-5
1.419783333E+9	2.605784000E-5
1.419786667E+9	2.606422000E-5
1.419790000E+9	2.659473000E-5
1.419793333E+9	2.663719000E-5
1.419796667E+9	2.666769000E-5
1.419800000E+9	2.687526000E-5
1.419803333E+9	2.610251000E-5
1.419806667E+9	2.590465000E-5
1.419810000E+9	2.666801000E-5
1.419813333E+9	2.671892000E-5
1.419816667E+9	2.624335000E-5
1.419820000E+9	2.643737000E-5
1.419823333E+9	2.650323000E-5
1.419826667E+9	2.582601000E-5
1.419830000E+9	2.735081000E-5
1.419833333E+9	2.665349000E-5
1.419836667E+9	2.645965000E-5
1.419840000E+9	2.646880000E-5
1.419843333E+9	2.624150000E-5
1.419846667E+9	2.596813000E-5
1.419850000E+9	2.589163000E-5
1.419853333E+9	2.639230000E-5
1.419856667E+9	2.645058000E-5
1.419860000E+9	2.649470000E-5
1.419863333E+9	2.694331000E-5
1.419866667E+9	2.632103000E-5
1.419870000E+9	2.601981000E-5
1.419873333E+9	2.588625000E-5
1.419876667E+9	2.631522000E-5
1.419880000E+9	2.570942000E-5
1.419883333E+9	2.592963000E-5
1.419886667E+9	2.612496000E-5
1.419890000E+9	2.607581000E-5
1.419893333E+9	2.630771000E-5
1.419896667E+9	2.629636000E-5
1.419900000E+9	2.622793000E-5
1.419903333E+9	2.636282000E-5
1.419906667E+9	2.616747000E-5
1.419910000E+9	2.617489000E-5
1.419913333E+9	2.610148000E-5
1.419916667E+9	2.634526000E-5
1.419920000E+9	2.604685000E-5
1.419923333E+9	2.643975000E-5
1.419926667E+9	2.638755000E-5
1.419930000E+9	2.642925000E-5
1.419933333E+9	2.560629000E-5
1.419936667E+9	2.613689000E-5
1.419940000E+9	2.618805000E-5
1.419943333E+9	2.582236000E-5
1.419946667E+9	2.627616000E-5
1.419950000E+9	2.606608000E-5
1.419953333E+9	2.616296000E-5
1.419956667E+9	2.712338000E-5
1.419960000E+9	2.564638000E-5
1.419963333E+9	2.635605000E-5
1.419966667E+9	2.572518000E-5
1.419970000E+9	2.639769000E-5
1.419973333E+9	2.619274000E-5
1.419976667E+9	2.674680000E-5
1.419980000E+9	2.762815000E-5
1.419983333E+9	2.624510000E-5
1.419986667E+9	2.607412000E-5
1.419990000E+9	2.670759000E-5
1.419993333E+9	2.689297000E-5
1.419996667E+9	2.744060000E-5
1.420000000E+9	2.613497000E-5
1.420003333E+9	2.659426000E-5
1.420006667E+9	2.600467000E-5
1.420010000E+9	2.591253000E-5
1.420013333E+9	2.547796000E-5
1.420016667E+9	2.633881000E-5
1.420020000E+9	2.770720000E-5
1.420023333E+9	2.594356000E-5
1.420026667E+9	2.677692000E-5
1.420030000E+9	2.589751000E-5
1.420033333E+9	2.883652000E-5
1.420036667E+9	2.840376000E-5
1.420040000E+9	3.113251000E-5
1.420043333E+9	2.772978000E-5
1.420046667E+9	2.645195000E-5
1.420050000E+9	2.622344000E-5
1.420053333E+9	2.579127000E-5
1.420056667E+9	2.592186000E-5
1.420060000E+9	2.594028000E-5
1.420063333E+9	2.573950000E-5
1.420066667E+9	2.600742000E-5
1.420070000E+9	2.610354000E-5
1.420073333E+9	3.032571000E-5
1.420076667E+9	2.615725000E-5
1.420080000E+9	2.616466000E-5
1.420083333E+9	2.607034000E-5
1.420086667E+9	2.559878000E-5
1.420090000E+9	2.642559000E-5
1.420093333E+9	2.587017000E-5
1.420096667E+9	2.592178000E-5
1.420100000E+9	2.565866000E-5
1.420103333E+9	2.659812000E-5
1.420106667E+9	2.597246000E-5
1.420110000E+9	2.704672000E-5
1.420113333E+9	2.933379000E-5
1.420116667E+9	2.624066000E-5
1.420120000E+9	2.547273000E-5
1.420123333E+9	2.568332000E-5
1.420126667E+9	2.624386000E-5
1.420130000E+9	2.665530000E-5
1.420133333E+9	2.586302000E-5
1.420136667E+9	2.620174000E-5
1.420140000E+9	2.569619000E-5
1.420143333E+9	2.634274000E-5
1.420146667E+9	2.562027000E-5
1.420150000E+9	2.744554000E-5
1.420153333E+9	2.843983000E-5
1.420156667E+9	2.611543000E-5
1.420160000E+9	2.610248000E-5
1.420163333E+9	2.556036000E-5
1.420166667E+9	2.596793000E-5
1.420170000E+9	2.590493000E-5
1.420173333E+9	2.590818000E-5
1.420176667E+9	2.627942000E-5
1.420180000E+9	2.660060000E-5
1.420183333E+9	2.588981000E-5
1.420186667E+9	2.598082000E-5
1.420190000E+9	2.800863000E-5
1.420193333E+9	2.616299000E-5
1.420196667E+9	2.582763000E-5
1.420200000E+9	2.580323000E-5
1.420203333E+9	2.538280000E-5
1.420206667E+9	2.672740000E-5
1.420210000E+9	2.601715000E-5
1.420213333E+9	2.612149000E-5
1.420216667E+9	2.557532000E-5
1.420220000E+9	2.642135000E-5
1.420223333E+9	2.558965000E-5
1.420226667E+9	2.588944000E-5
1.420230000E+9	2.694615000E-5
1.420233333E+9	2.573207000E-5
1.420236667E+9	2.568527000E-5
1.420240000E+9	2.609987000E-5
1.420243333E+9	2.531506000E-5
1.420246667E+9	2.681911000E-5
1.420250000E+9	2.597525000E-5
1.420253333E+9	2.594581000E-5
1.420256667E+9	2.565855000E-5
1.420260000E+9	2.591984000E-5
1.420263333E+9	2.632100000E-5
1.420266667E+9	2.686087000E-5
1.420270000E+9	2.636887000E-5
1.420273333E+9	2.565742000E-5
1.420276667E+9	2.605097000E-5
1.420280000E+9	2.651639000E-5
1.420283333E+9	2.654289000E-5
1.420286667E+9	2.592852000E-5
1.420290000E+9	2.599368000E-5
1.420293333E+9	2.552390000E-5
1.420296667E+9	2.603290000E-5
1.420300000E+9	2.608142000E-5
1.420303333E+9	2.612728000E-5
1.420306667E+9	2.598555000E-5
1.420310000E+9	2.642370000E-5
1.420313333E+9	2.663415000E-5
1.420316667E+9	2.595424000E-5
1.420320000E+9	2.617150000E-5
1.420323333E+9	2.524642000E-5
1.420326667E+9	2.683566000E-5
1.420330000E+9	2.811557000E-5
1.420333333E+9	3.133229000E-5
1.420336667E+9	2.622215000E-5
1.420340000E+9	2.637492000E-5
1.420343333E+9	2.577378000E-5
1.420346667E+9	2.629076000E-5
1.420350000E+9	2.615248000E-5
1.420353333E+9	2.627627000E-5
1.420356667E+9	2.569926000E-5
1.420360000E+9	2.574241000E-5
1.420363333E+9	2.558176000E-5
1.420366667E+9	2.558083000E-5
1.420370000E+9	2.538233000E-5
1.420373333E+9	2.572204000E-5
1.420376667E+9	2.580830000E-5
1.420380000E+9	2.580580000E-5
1.420383333E+9	2.605669000E-5
1.420386667E+9	2.677104000E-5
1.420390000E+9	2.618897000E-5
1.420393333E+9	2.597896000E-5
1.420396667E+9	2.585353000E-5
1.420400000E+9	2.561810000E-5
1.420403333E+9	2.558128000E-5
1.420406667E+9	2.578360000E-5
1.420410000E+9	2.572716000E-5
1.420413333E+9	2.612588000E-5
1.420416667E+9	2.567315000E-5
1.420420000E+9	2.587966000E-5
1.420423333E+9	2.633797000E-5
1.420426667E+9	2.721323000E-5
1.420430000E+9	2.582701000E-5
1.420433333E+9	2.610678000E-5
1.420436667E+9	2.541540000E-5
1.420440000E+9	2.534318000E-5
1.420443333E+9	2.533947000E-5
1.420446667E+9	2.634552000E-5
1.420450000E+9	2.657001000E-5
1.420453333E+9	2.558058000E-5
1.420456667E+9	2.552895000E-5
1.420460000E+9	2.595937000E-5
1.420463333E+9	2.747774000E-5
1.420466667E+9	2.711356000E-5
1.420470000E+9	2.540050000E-5
1.420473333E+9	2.562063000E-5
1.420476667E+9	2.594732000E-5
1.420480000E+9	2.655951000E-5
1.420483333E+9	2.561444000E-5
1.420486667E+9	2.580470000E-5
1.420490000E+9	2.598036000E-5
1.420493333E+9	2.590656000E-5
1.420496667E+9	2.570880000E-5
1.420500000E+9	2.600613000E-5
1.420503333E+9	2.956491000E-5
1.420506667E+9	2.648775000E-5
1.420510000E+9	2.544008000E-5
1.420513333E+9	2.582530000E-5
1.420516667E+9	2.519192000E-5
1.420520000E+9	2.625770000E-5
1.420523333E+9	2.607011000E-5
1.420526667E+9	2.554973000E-5
1.420530000E+9	2.550830000E-5
1.420533333E+9	2.593134000E-5
1.420536667E+9	2.540720000E-5
1.420540000E+9	2.663295000E-5
1.420543333E+9	2.905176000E-5
1.420546667E+9	2.630485000E-5
1.420550000E+9	2.628672000E-5
1.420553333E+9	2.561860000E-5
1.420556667E+9	2.551959000E-5
1.420560000E+9	2.613078000E-5
1.420563333E+9	2.620557000E-5
1.420566667E+9	2.526225000E-5
1.420570000E+9	2.594159000E-5
1.420573333E+9	2.602870000E-5
1.420576667E+9	2.668836000E-5
1.420580000E+9	2.827929000E-5
1.420583333E+9	2.834005000E-5
1.420586667E+9	2.550144000E-5
1.420590000E+9	2.591751000E-5
1.420593333E+9	2.621602000E-5
1.420596667E+9	2.557024000E-5
1.420600000E+9	2.565224000E-5
1.420603333E+9	2.657249000E-5
1.420606667E+9	2.722139000E-5
1.420610000E+9	2.600034000E-5
1.420613333E+9	2.615024000E-5
1.420616667E+9	2.587676000E-5
1.420620000E+9	3.049627000E-5
1.420623333E+9	3.096359000E-5
1.420626667E+9	3.555502000E-5
1.420630000E+9	2.624899000E-5
1.420633333E+9	2.662707000E-5
1.420636667E+9	2.617995000E-5
1.420640000E+9	2.579793000E-5
1.420643333E+9	2.566100000E-5
1.420646667E+9	2.531870000E-5
1.420650000E+9	2.573899000E-5
1.420653333E+9	2.517655000E-5
1.420656667E+9	2.612278000E-5
1.420660000E+9	2.751436000E-5
1.420663333E+9	2.569023000E-5
1.420666667E+9	2.570158000E-5
1.420670000E+9	2.586046000E-5
1.420673333E+9	2.580949000E-5
1.420676667E+9	2.572772000E-5
1.420680000E+9	2.640935000E-5
1.420683333E+9	2.624752000E-5
1.420686667E+9	2.593408000E-5
1.420690000E+9	2.572145000E-5
1.420693333E+9	2.574386000E-5
1.420696667E+9	2.583568000E-5
1.420700000E+9	2.725225000E-5
1.420703333E+9	2.551598000E-5
1.420706667E+9	2.535843000E-5
1.420710000E+9	2.535887000E-5
1.420713333E+9	2.542601000E-5
1.420716667E+9	2.582275000E-5
1.420720000E+9	2.606167000E-5
1.420723333E+9	2.540681000E-5
1.420726667E+9	2.576365000E-5
1.420730000E+9	2.512254000E-5
1.420733333E+9	2.527082000E-5
1.420736667E+9	2.614723000E-5
1.420740000E+9	2.590658000E-5
1.420743333E+9	2.575372000E-5
1.420746667E+9	2.564571000E-5
1.420750000E+9	2.542612000E-5
1.420753333E+9	2.598661000E-5
1.420756667E+9	2.575092000E-5
1.420760000E+9	2.605855000E-5
1.420763333E+9	2.575310000E-5
1.420766667E+9	2.557906000E-5
1.420770000E+9	2.586961000E-5
1.420773333E+9	2.564506000E-5
1.420776667E+9	2.530169000E-5
1.420780000E+9	2.573309000E-5
1.420783333E+9	2.577386000E-5
1.420786667E+9	2.518509000E-5
1.420790000E+9	2.584190000E-5
1.420793333E+9	2.618429000E-5
1.420796667E+9	2.614863000E-5
1.420800000E+9	2.566030000E-5
1.420803333E+9	2.551911000E-5
1.420806667E+9	2.557895000E-5
1.420810000E+9	2.533931000E-5
1.420813333E+9	2.563625000E-5
1.420816667E+9	2.631629000E-5
1.420820000E+9	2.560671000E-5
1.420823333E+9	2.604900000E-5
1.420826667E+9	2.551987000E-5
1.420830000E+9	2.559370000E-5
1.420833333E+9	2.549254000E-5
1.420836667E+9	2.559044000E-5
1.420840000E+9	2.622232000E-5
1.420843333E+9	2.570671000E-5
1.420846667E+9	2.547169000E-5
1.420850000E+9	2.534807000E-5
1.420853333E+9	2.569850000E-5
1.420856667E+9	2.555295000E-5
1.420860000E+9	2.541666000E-5
1.420863333E+9	2.589549000E-5
1.420866667E+9	2.570708000E-5
1.420870000E+9	2.623093000E-5
1.420873333E+9	2.731435000E-5
1.420876667E+9	2.670396000E-5
1.420880000E+9	2.650998000E-5
1.420883333E+9	2.661629000E-5
1.420886667E+9	2.616379000E-5
1.420890000E+9	2.588918000E-5
1.420893333E+9	2.661848000E-5
1.420896667E+9	2.841386000E-5
1.420900000E+9	2.988412000E-5
1.420903333E+9	2.594980000E-5
1.420906667E+9	2.669379000E-5
1.420910000E+9	2.557322000E-5
1.420913333E+9	3.280040000E-5
1.420916667E+9	3.834024000E-5
1.420920000E+9	5.145761000E-5
1.420923333E+9	2.791873000E-5
1.420926667E+9	3.568079000E-5
1.420930000E+9	3.005117000E-5
1.420933333E+9	2.738717000E-5
1.420936667E+9	2.656966000E-5
1.420940000E+9	2.625900000E-5
1.420943333E+9	2.595424000E-5
1.420946667E+9	2.567379000E-5
1.420950000E+9	2.577420000E-5
1.420953333E+9	2.615673000E-5
1.420956667E+9	2.669795000E-5
1.420960000E+9	2.594325000E-5
1.420963333E+9	2.563709000E-5
1.420966667E+9	2.544922000E-5
1.420970000E+9	2.591663000E-5
1.420973333E+9	2.817438000E-5
1.420976667E+9	2.544064000E-5
1.420980000E+9	2.586375000E-5
1.420983333E+9	2.550460000E-5
1.420986667E+9	2.602830000E-5
1.420990000E+9	2.546725000E-5
1.420993333E+9	2.563796000E-5
1.420996667E+9	2.579328000E-5
1.421000000E+9	2.508472000E-5
1.421003333E+9	2.607504000E-5
1.421006667E+9	2.706945000E-5
1.421010000E+9	2.715720000E-5
1.421013333E+9	2.830644000E-5
1.421016667E+9	2.603296000E-5
1.421020000E+9	2.592514000E-5
1.421023333E+9	2.582474000E-5
1.421026667E+9	2.598646000E-5
1.421030000E+9	2.582111000E-5
1.421033333E+9	2.566447000E-5
1.421036667E+9	2.536519000E-5
1.421040000E+9	2.564531000E-5
1.421043333E+9	2.494246000E-5
1.421046667E+9	2.536313000E-5
1.421050000E+9	2.819713000E-5
1.421053333E+9	2.679383000E-5
1.421056667E+9	2.569630000E-5
1.421060000E+9	2.560761000E-5
1.421063333E+9	2.583336000E-5
1.421066667E+9	2.573210000E-5
1.421070000E+9	2.562223000E-5
1.421073333E+9	2.641790000E-5
1.421076667E+9	2.575386000E-5
1.421080000E+9	2.564250000E-5
1.421083333E+9	2.569421000E-5
1.421086667E+9	2.577729000E-5
1.421090000E+9	2.909709000E-5
1.421093333E+9	2.581558000E-5
1.421096667E+9	2.543788000E-5
1.421100000E+9	2.565407000E-5
1.421103333E+9	2.553613000E-5
1.421106667E+9	2.603021000E-5
1.421110000E+9	2.588071000E-5
1.421113333E+9	2.577907000E-5
1.421116667E+9	2.578841000E-5
1.421120000E+9	2.603965000E-5
1.421123333E+9	2.508428000E-5
1.421126667E+9	2.621668000E-5
1.421130000E+9	2.747572000E-5
1.421133333E+9	2.616770000E-5
1.421136667E+9	2.587423000E-5
1.421140000E+9	2.618245000E-5
1.421143333E+9	2.667173000E-5
1.421146667E+9	2.610595000E-5
1.421150000E+9	2.584400000E-5
1.421153333E+9	2.587793000E-5
1.421156667E+9	2.571781000E-5
1.421160000E+9	2.600825000E-5
1.421163333E+9	2.595533000E-5
1.421166667E+9	2.667987000E-5
1.421170000E+9	2.685034000E-5
1.421173333E+9	2.606505000E-5
1.421176667E+9	2.578669000E-5
1.421180000E+9	2.526769000E-5
1.421183333E+9	2.568561000E-5
1.421186667E+9	2.510699000E-5
1.421190000E+9	2.618676000E-5
1.421193333E+9	2.674013000E-5
1.421196667E+9	2.563445000E-5
1.421200000E+9	2.559982000E-5
1.421203333E+9	2.575423000E-5
1.421206667E+9	3.075556000E-5
1.421210000E+9	3.561003000E-5
1.421213333E+9	3.762927000E-5
1.421216667E+9	2.619786000E-5
1.421220000E+9	2.663284000E-5
1.421223333E+9	2.619541000E-5
1.421226667E+9	2.598686000E-5
1.421230000E+9	2.584559000E-5
1.421233333E+9	2.641729000E-5
1.421236667E+9	2.617627000E-5
1.421240000E+9	2.567721000E-5
1.421243333E+9	2.546616000E-5
1.421246667E+9	2.568110000E-5
1.421250000E+9	2.601013000E-5
1.421253333E+9	2.573089000E-5
1.421256667E+9	2.576617000E-5
1.421260000E+9	2.555697000E-5
1.421263333E+9	2.556185000E-5
1.421266667E+9	2.619139000E-5
1.421270000E+9	2.540954000E-5
1.421273333E+9	2.613388000E-5
1.421276667E+9	3.232422000E-5
1.421280000E+9	2.729792000E-5
1.421283333E+9	2.575055000E-5
1.421286667E+9	2.594017000E-5
1.421290000E+9	2.592426000E-5
1.421293333E+9	2.575576000E-5
1.421296667E+9	2.656595000E-5
1.421300000E+9	2.589518000E-5
1.421303333E+9	2.607558000E-5
1.421306667E+9	2.622494000E-5
1.421310000E+9	2.623594000E-5
1.421313333E+9	2.511859000E-5
1.421316667E+9	2.547558000E-5
1.421320000E+9	2.564861000E-5
1.421323333E+9	2.619435000E-5
1.421326667E+9	2.561531000E-5
1.421330000E+9	2.584366000E-5
1.421333333E+9	2.638292000E-5
1.421336667E+9	2.638234000E-5
1.421340000E+9	2.782946000E-5
1.421343333E+9	3.168669000E-5
1.421346667E+9	2.919206000E-5
1.421350000E+9	2.664922000E-5
1.421353333E+9	2.639488000E-5
1.421356667E+9	2.711174000E-5
1.421360000E+9	2.734006000E-5
1.421363333E+9	2.754513000E-5
1.421366667E+9	2.863912000E-5
1.421370000E+9	2.659517000E-5
1.421373333E+9	2.782160000E-5
1.421376667E+9	2.626837000E-5
1.421380000E+9	2.602078000E-5
1.421383333E+9	2.632973000E-5
1.421386667E+9	2.588378000E-5
1.421390000E+9	2.593618000E-5
1.421393333E+9	2.588623000E-5
1.421396667E+9	2.648499000E-5
1.421400000E+9	2.639961000E-5
