Frequency, Hz	Amplitude, Volts
1.419400000E+9	2.451802000E-5
1.419403333E+9	2.434161000E-5
1.419406667E+9	2.413151000E-5
1.419410000E+9	2.338154000E-5
1.419413333E+9	2.362802000E-5
1.419416667E+9	2.386937000E-5
1.419420000E+9	2.450564000E-5
1.419423333E+9	2.421876000E-5
1.419426667E+9	2.379482000E-5
1.419430000E+9	2.436447000E-5
1.419433333E+9	2.393062000E-5
1.419436667E+9	2.390000000E-5
1.419440000E+9	2.445481000E-5
1.419443333E+9	2.513377000E-5
1.419446667E+9	2.413957000E-5
1.419450000E+9	2.491082000E-5
1.419453333E+9	2.561883000E-5
1.419456667E+9	2.479901000E-5
1.419460000E+9	2.451468000E-5
1.419463333E+9	2.420890000E-5
1.419466667E+9	2.453105000E-5
1.419470000E+9	2.402078000E-5
1.419473333E+9	2.354981000E-5
1.419476667E+9	2.412354000E-5
1.419480000E+9	2.444877000E-5
1.419483333E+9	2.353908000E-5
1.419486667E+9	2.412351000E-5
1.419490000E+9	2.509318000E-5
1.419493333E+9	2.419420000E-5
1.419496667E+9	2.436128000E-5
1.419500000E+9	2.481816000E-5
1.419503333E+9	2.397296000E-5
1.419506667E+9	2.390389000E-5
1.419510000E+9	2.468207000E-5
1.419513333E+9	2.416028000E-5
1.419516667E+9	2.373919000E-5
1.419520000E+9	2.414978000E-5
1.419523333E+9	2.390735000E-5
1.419526667E+9	2.411086000E-5
1.419530000E+9	2.361371000E-5
1.419533333E+9	2.458603000E-5
1.419536667E+9	2.460972000E-5
1.419540000E+9	2.470897000E-5
1.419543333E+9	2.457281000E-5
1.419546667E+9	2.424976000E-5
1.419550000E+9	2.405158000E-5
1.419553333E+9	2.367957000E-5
1.419556667E+9	2.350641000E-5
1.419560000E+9	2.405295000E-5
1.419563333E+9	2.414177000E-5
1.419566667E+9	2.431455000E-5
1.419570000E+9	2.387378000E-5
1.419573333E+9	2.442881000E-5
1.419576667E+9	2.393527000E-5
1.419580000E+9	2.378417000E-5
1.419583333E+9	2.416805000E-5
1.419586667E+9	2.394620000E-5
1.419590000E+9	2.366016000E-5
1.419593333E+9	2.399550000E-5
1.419596667E+9	2.432619000E-5
1.419600000E+9	2.397683000E-5
1.419603333E+9	2.421310000E-5
1.419606667E+9	2.391512000E-5
1.419610000E+9	2.416649000E-5
1.419613333E+9	2.408763000E-5
1.419616667E+9	2.404910000E-5
1.419620000E+9	2.366575000E-5
1.419623333E+9	2.440077000E-5
1.419626667E+9	2.424933000E-5
1.419630000E+9	2.485716000E-5
1.419633333E+9	2.512110000E-5
1.419636667E+9	2.456024000E-5
1.419640000E+9	2.386657000E-5
1.419643333E+9	2.437983000E-5
1.419646667E+9	2.438074000E-5
1.419650000E+9	2.422038000E-5
1.419653333E+9	2.451425000E-5
1.419656667E+9	2.434401000E-5
1.419660000E+9	2.406896000E-5
1.419663333E+9	2.428928000E-5
1.419666667E+9	2.472444000E-5
1.419670000E+9	2.448748000E-5
1.419673333E+9	2.411763000E-5
1.419676667E+9	2.520933000E-5
1.419680000E+9	2.437819000E-5
1.419683333E+9	2.377083000E-5
1.419686667E+9	2.403914000E-5
1.419690000E+9	2.453514000E-5
1.419693333E+9	2.404970000E-5
1.419696667E+9	2.416723000E-5
1.419700000E+9	2.390486000E-5
1.419703333E+9	2.365465000E-5
1.419706667E+9	2.372960000E-5
1.419710000E+9	2.401672000E-5
1.419713333E+9	2.377941000E-5
1.419716667E+9	2.416062000E-5
1.419720000E+9	2.431388000E-5
1.419723333E+9	2.455247000E-5
1.419726667E+9	2.439753000E-5
1.419730000E+9	2.444550000E-5
1.419733333E+9	2.739701000E-5
1.419736667E+9	2.429939000E-5
1.419740000E+9	2.385533000E-5
1.419743333E+9	2.397522000E-5
1.419746667E+9	2.550049000E-5
1.419750000E+9	2.466620000E-5
1.419753333E+9	2.464717000E-5
1.419756667E+9	2.439932000E-5
1.419760000E+9	2.436393000E-5
1.419763333E+9	2.403576000E-5
1.419766667E+9	2.401735000E-5
1.419770000E+9	2.471654000E-5
1.419773333E+9	2.371702000E-5
1.419776667E+9	2.366359000E-5
1.419780000E+9	2.406148000E-5
1.419783333E+9	2.460607000E-5
1.419786667E+9	2.341790000E-5
1.419790000E+9	2.437940000E-5
1.419793333E+9	2.470227000E-5
1.419796667E+9	2.429394000E-5
1.419800000E+9	2.396219000E-5
1.419803333E+9	2.431532000E-5
1.419806667E+9	2.358186000E-5
1.419810000E+9	2.427054000E-5
1.419813333E+9	2.463039000E-5
1.419816667E+9	2.453154000E-5
1.419820000E+9	2.406973000E-5
1.419823333E+9	2.419806000E-5
1.419826667E+9	2.362924000E-5
1.419830000E+9	2.435898000E-5
1.419833333E+9	2.420438000E-5
1.419836667E+9	2.380645000E-5
1.419840000E+9	2.383664000E-5
1.419843333E+9	2.389573000E-5
1.419846667E+9	2.388901000E-5
1.419850000E+9	2.420412000E-5
1.419853333E+9	2.419960000E-5
1.419856667E+9	2.371754000E-5
1.419860000E+9	2.413642000E-5
1.419863333E+9	2.505915000E-5
1.419866667E+9	2.419373000E-5
1.419870000E+9	2.384360000E-5
1.419873333E+9	2.361734000E-5
1.419876667E+9	2.382677000E-5
1.419880000E+9	2.343443000E-5
1.419883333E+9	2.413875000E-5
1.419886667E+9	2.414620000E-5
1.419890000E+9	2.374060000E-5
1.419893333E+9	2.385004000E-5
1.419896667E+9	2.383632000E-5
1.419900000E+9	2.328222000E-5
1.419903333E+9	2.408567000E-5
1.419906667E+9	2.414339000E-5
1.419910000E+9	2.436115000E-5
1.419913333E+9	2.418847000E-5
1.419916667E+9	2.460285000E-5
1.419920000E+9	2.370785000E-5
1.419923333E+9	2.352513000E-5
1.419926667E+9	2.352355000E-5
1.419930000E+9	2.449595000E-5
1.419933333E+9	2.367149000E-5
1.419936667E+9	2.404614000E-5
1.419940000E+9	2.390711000E-5
1.419943333E+9	2.350992000E-5
1.419946667E+9	2.407789000E-5
1.419950000E+9	2.438397000E-5
1.419953333E+9	2.360111000E-5
1.419956667E+9	2.410175000E-5
1.419960000E+9	2.396470000E-5
1.419963333E+9	2.361005000E-5
1.419966667E+9	2.399866000E-5
1.419970000E+9	2.398976000E-5
1.419973333E+9	2.358047000E-5
1.419976667E+9	2.380886000E-5
1.419980000E+9	2.372772000E-5
1.419983333E+9	2.428269000E-5
1.419986667E+9	2.393558000E-5
1.419990000E+9	2.420621000E-5
1.419993333E+9	2.420699000E-5
1.419996667E+9	2.414964000E-5
1.420000000E+9	2.510109000E-5
1.420003333E+9	2.498075000E-5
1.420006667E+9	2.401026000E-5
1.420010000E+9	2.439959000E-5
1.420013333E+9	2.351260000E-5
1.420016667E+9	2.421312000E-5
1.420020000E+9	2.409807000E-5
1.420023333E+9	2.382036000E-5
1.420026667E+9	2.437683000E-5
1.420030000E+9	2.387797000E-5
1.420033333E+9	2.377558000E-5
1.420036667E+9	2.407200000E-5
1.420040000E+9	2.479422000E-5
1.420043333E+9	2.417116000E-5
1.420046667E+9	2.392691000E-5
1.420050000E+9	2.427435000E-5
1.420053333E+9	2.389158000E-5
1.420056667E+9	2.360015000E-5
1.420060000E+9	2.373742000E-5
1.420063333E+9	2.402104000E-5
1.420066667E+9	2.377939000E-5
1.420070000E+9	2.373244000E-5
1.420073333E+9	2.416638000E-5
1.420076667E+9	2.360448000E-5
1.420080000E+9	2.376934000E-5
1.420083333E+9	2.394618000E-5
1.420086667E+9	2.374936000E-5
1.420090000E+9	2.354252000E-5
1.420093333E+9	2.381482000E-5
1.420096667E+9	2.404181000E-5
1.420100000E+9	2.362774000E-5
1.420103333E+9	2.362903000E-5
1.420106667E+9	2.373330000E-5
1.420110000E+9	2.338799000E-5
1.420113333E+9	2.339099000E-5
1.420116667E+9	2.373854000E-5
1.420120000E+9	2.367503000E-5
1.420123333E+9	2.412566000E-5
1.420126667E+9	2.400989000E-5
1.420130000E+9	2.387283000E-5
1.420133333E+9	2.385797000E-5
1.420136667E+9	2.353409000E-5
1.420140000E+9	2.329309000E-5
1.420143333E+9	2.452400000E-5
1.420146667E+9	2.362143000E-5
1.420150000E+9	2.363890000E-5
1.420153333E+9	2.386432000E-5
1.420156667E+9	2.377020000E-5
1.420160000E+9	2.398180000E-5
1.420163333E+9	2.334424000E-5
1.420166667E+9	2.393950000E-5
1.420170000E+9	2.301586000E-5
1.420173333E+9	2.363217000E-5
1.420176667E+9	2.356486000E-5
1.420180000E+9	2.338624000E-5
1.420183333E+9	2.353802000E-5
1.420186667E+9	2.407351000E-5
1.420190000E+9	2.448520000E-5
1.420193333E+9	2.354701000E-5
1.420196667E+9	2.363799000E-5
1.420200000E+9	2.356388000E-5
1.420203333E+9	2.339975000E-5
1.420206667E+9	2.337987000E-5
1.420210000E+9	2.343891000E-5
1.420213333E+9	2.382426000E-5
1.420216667E+9	2.438132000E-5
1.420220000E+9	2.360922000E-5
1.420223333E+9	2.357565000E-5
1.420226667E+9	2.377719000E-5
1.420230000E+9	2.399176000E-5
1.420233333E+9	2.369297000E-5
1.420236667E+9	2.450219000E-5
1.420240000E+9	2.350106000E-5
1.420243333E+9	2.310447000E-5
1.420246667E+9	2.321881000E-5
1.420250000E+9	2.386261000E-5
1.420253333E+9	2.379506000E-5
1.420256667E+9	2.384224000E-5
1.420260000E+9	2.415065000E-5
1.420263333E+9	2.442237000E-5
1.420266667E+9	2.388311000E-5
1.420270000E+9	2.320309000E-5
1.420273333E+9	2.389287000E-5
1.420276667E+9	2.357143000E-5
1.420280000E+9	2.415381000E-5
1.420283333E+9	2.429712000E-5
1.420286667E+9	2.373137000E-5
1.420290000E+9	2.391536000E-5
1.420293333E+9	2.395401000E-5
1.420296667E+9	2.356489000E-5
1.420300000E+9	2.393606000E-5
1.420303333E+9	2.425232000E-5
1.420306667E+9	2.335722000E-5
1.420310000E+9	2.434227000E-5
1.420313333E+9	2.378344000E-5
1.420316667E+9	2.354001000E-5
1.420320000E+9	2.400942000E-5
1.420323333E+9	2.393919000E-5
1.420326667E+9	2.401202000E-5
1.420330000E+9	2.486931000E-5
1.420333333E+9	2.442698000E-5
1.420336667E+9	2.382115000E-5
1.420340000E+9	2.380306000E-5
1.420343333E+9	2.407440000E-5
1.420346667E+9	2.376923000E-5
1.420350000E+9	2.328455000E-5
1.420353333E+9	2.367484000E-5
1.420356667E+9	2.385156000E-5
1.420360000E+9	2.299010000E-5
1.420363333E+9	2.316902000E-5
1.420366667E+9	2.348721000E-5
1.420370000E+9	2.330406000E-5
1.420373333E+9	2.384595000E-5
1.420376667E+9	2.397175000E-5
1.420380000E+9	2.378114000E-5
1.420383333E+9	2.406489000E-5
1.420386667E+9	2.338834000E-5
1.420390000E+9	2.360629000E-5
1.420393333E+9	2.412494000E-5
1.420396667E+9	2.322434000E-5
1.420400000E+9	2.331497000E-5
1.420403333E+9	2.381537000E-5
1.420406667E+9	2.367796000E-5
1.420410000E+9	2.391176000E-5
1.420413333E+9	2.351410000E-5
1.420416667E+9	2.389772000E-5
1.420420000E+9	2.381257000E-5
1.420423333E+9	2.382326000E-5
1.420426667E+9	2.351622000E-5
1.420430000E+9	2.389538000E-5
1.420433333E+9	2.347765000E-5
1.420436667E+9	2.407874000E-5
1.420440000E+9	2.368652000E-5
1.420443333E+9	2.332887000E-5
1.420446667E+9	2.352448000E-5
1.420450000E+9	2.377276000E-5
1.420453333E+9	2.341234000E-5
1.420456667E+9	2.375768000E-5
1.420460000E+9	2.342054000E-5
1.420463333E+9	2.348799000E-5
1.420466667E+9	2.449953000E-5
1.420470000E+9	2.432368000E-5
1.420473333E+9	2.414781000E-5
1.420476667E+9	2.310267000E-5
1.420480000E+9	2.372009000E-5
1.420483333E+9	2.385999000E-5
1.420486667E+9	2.322906000E-5
1.420490000E+9	2.347775000E-5
1.420493333E+9	2.328889000E-5
1.420496667E+9	2.357607000E-5
1.420500000E+9	2.426406000E-5
1.420503333E+9	2.388801000E-5
1.420506667E+9	2.384161000E-5
1.420510000E+9	2.418743000E-5
1.420513333E+9	2.370301000E-5
1.420516667E+9	2.409257000E-5
1.420520000E+9	2.357979000E-5
1.420523333E+9	2.370411000E-5
1.420526667E+9	2.352484000E-5
1.420530000E+9	2.343436000E-5
1.420533333E+9	2.335614000E-5
1.420536667E+9	2.372686000E-5
1.420540000E+9	2.408479000E-5
1.420543333E+9	2.408786000E-5
1.420546667E+9	2.382860000E-5
1.420550000E+9	2.350081000E-5
1.420553333E+9	2.341180000E-5
1.420556667E+9	2.369672000E-5
1.420560000E+9	2.364723000E-5
1.420563333E+9	2.414302000E-5
1.420566667E+9	2.403553000E-5
1.420570000E+9	2.388049000E-5
1.420573333E+9	2.370713000E-5
1.420576667E+9	2.398249000E-5
1.420580000E+9	2.364253000E-5
1.420583333E+9	2.336637000E-5
1.420586667E+9	2.361034000E-5
1.420590000E+9	2.382102000E-5
1.420593333E+9	2.398257000E-5
1.420596667E+9	2.368257000E-5
1.420600000E+9	2.328312000E-5
1.420603333E+9	2.439972000E-5
1.420606667E+9	2.439635000E-5
1.420610000E+9	2.413085000E-5
1.420613333E+9	2.377545000E-5
1.420616667E+9	2.363134000E-5
1.420620000E+9	2.399777000E-5
1.420623333E+9	2.445744000E-5
1.420626667E+9	2.435489000E-5
1.420630000E+9	2.359297000E-5
1.420633333E+9	2.413247000E-5
1.420636667E+9	2.390402000E-5
1.420640000E+9	2.340694000E-5
1.420643333E+9	2.311955000E-5
1.420646667E+9	2.362875000E-5
1.420650000E+9	2.346311000E-5
1.420653333E+9	2.350852000E-5
1.420656667E+9	2.406484000E-5
1.420660000E+9	2.401469000E-5
1.420663333E+9	2.361607000E-5
1.420666667E+9	2.410228000E-5
1.420670000E+9	2.357555000E-5
1.420673333E+9	2.345021000E-5
1.420676667E+9	2.379997000E-5
1.420680000E+9	2.377834000E-5
1.420683333E+9	2.382933000E-5
1.420686667E+9	2.392287000E-5
1.420690000E+9	2.347855000E-5
1.420693333E+9	2.328913000E-5
1.420696667E+9	2.337284000E-5
1.420700000E+9	2.366707000E-5
1.420703333E+9	2.374242000E-5
1.420706667E+9	2.323278000E-5
1.420710000E+9	2.361415000E-5
1.420713333E+9	2.302961000E-5
1.420716667E+9	2.346103000E-5
1.420720000E+9	2.338804000E-5
1.420723333E+9	2.343374000E-5
1.420726667E+9	2.360158000E-5
1.420730000E+9	2.356783000E-5
1.420733333E+9	2.359549000E-5
1.420736667E+9	2.351611000E-5
1.420740000E+9	2.348819000E-5
1.420743333E+9	2.390263000E-5
1.420746667E+9	2.395186000E-5
1.420750000E+9	2.426718000E-5
1.420753333E+9	2.396914000E-5
1.420756667E+9	2.411703000E-5
1.420760000E+9	2.416609000E-5
1.420763333E+9	2.346020000E-5
1.420766667E+9	2.365938000E-5
1.420770000E+9	2.383389000E-5
1.420773333E+9	2.406743000E-5
1.420776667E+9	2.339918000E-5
1.420780000E+9	2.307182000E-5
1.420783333E+9	2.337887000E-5
1.420786667E+9	2.359909000E-5
1.420790000E+9	2.330621000E-5
1.420793333E+9	2.378516000E-5
1.420796667E+9	2.403318000E-5
1.420800000E+9	2.370684000E-5
1.420803333E+9	2.324177000E-5
1.420806667E+9	2.342026000E-5
1.420810000E+9	2.368158000E-5
1.420813333E+9	2.373387000E-5
1.420816667E+9	2.317834000E-5
1.420820000E+9	2.352427000E-5
1.420823333E+9	2.330547000E-5
1.420826667E+9	2.329746000E-5
1.420830000E+9	2.342484000E-5
1.420833333E+9	2.334811000E-5
1.420836667E+9	2.301702000E-5
1.420840000E+9	2.331323000E-5
1.420843333E+9	2.397936000E-5
1.420846667E+9	2.375408000E-5
1.420850000E+9	2.321825000E-5
1.420853333E+9	2.373411000E-5
1.420856667E+9	2.319842000E-5
1.420860000E+9	2.336991000E-5
1.420863333E+9	2.373929000E-5
1.420866667E+9	2.354877000E-5
1.420870000E+9	2.400762000E-5
1.420873333E+9	2.313760000E-5
1.420876667E+9	2.364603000E-5
1.420880000E+9	2.333289000E-5
1.420883333E+9	2.339382000E-5
1.420886667E+9	2.412486000E-5
1.420890000E+9	2.414850000E-5
1.420893333E+9	2.350718000E-5
1.420896667E+9	2.493282000E-5
1.420900000E+9	2.392768000E-5
1.420903333E+9	2.391171000E-5
1.420906667E+9	2.377427000E-5
1.420910000E+9	2.346865000E-5
1.420913333E+9	2.389281000E-5
1.420916667E+9	2.441047000E-5
1.420920000E+9	2.445272000E-5
1.420923333E+9	2.380860000E-5
1.420926667E+9	2.515152000E-5
1.420930000E+9	2.353600000E-5
1.420933333E+9	2.326477000E-5
1.420936667E+9	2.398236000E-5
1.420940000E+9	2.340450000E-5
1.420943333E+9	2.385284000E-5
1.420946667E+9	2.350891000E-5
1.420950000E+9	2.377986000E-5
1.420953333E+9	2.361692000E-5
1.420956667E+9	2.330161000E-5
1.420960000E+9	2.373330000E-5
1.420963333E+9	2.350790000E-5
1.420966667E+9	2.342790000E-5
1.420970000E+9	2.383080000E-5
1.420973333E+9	2.380980000E-5
1.420976667E+9	2.383862000E-5
1.420980000E+9	2.409762000E-5
1.420983333E+9	2.338062000E-5
1.420986667E+9	2.391339000E-5
1.420990000E+9	2.332318000E-5
1.420993333E+9	2.321682000E-5
1.420996667E+9	2.328519000E-5
1.421000000E+9	2.389764000E-5
1.421003333E+9	2.349916000E-5
1.421006667E+9	2.327805000E-5
1.421010000E+9	2.397630000E-5
1.421013333E+9	2.357001000E-5
1.421016667E+9	2.351792000E-5
1.421020000E+9	2.332664000E-5
1.421023333E+9	2.395010000E-5
1.421026667E+9	2.368433000E-5
1.421030000E+9	2.428909000E-5
1.421033333E+9	2.370689000E-5
1.421036667E+9	2.348190000E-5
1.421040000E+9	2.367861000E-5
1.421043333E+9	2.350697000E-5
1.421046667E+9	2.392431000E-5
1.421050000E+9	2.347061000E-5
1.421053333E+9	2.346935000E-5
1.421056667E+9	2.296958000E-5
1.421060000E+9	2.310092000E-5
1.421063333E+9	2.348636000E-5
1.421066667E+9	2.349309000E-5
1.421070000E+9	2.335824000E-5
1.421073333E+9	2.371165000E-5
1.421076667E+9	2.363254000E-5
1.421080000E+9	2.335311000E-5
1.421083333E+9	2.385638000E-5
1.421086667E+9	2.388266000E-5
1.421090000E+9	2.333935000E-5
1.421093333E+9	2.404593000E-5
1.421096667E+9	2.348621000E-5
1.421100000E+9	2.362898000E-5
1.421103333E+9	2.432272000E-5
1.421106667E+9	2.352634000E-5
1.421110000E+9	2.318147000E-5
1.421113333E+9	2.406862000E-5
1.421116667E+9	2.360580000E-5
1.421120000E+9	2.378296000E-5
1.421123333E+9	2.369000000E-5
1.421126667E+9	2.405924000E-5
1.421130000E+9	2.386214000E-5
1.421133333E+9	2.363467000E-5
1.421136667E+9	2.359057000E-5
1.421140000E+9	2.395851000E-5
1.421143333E+9	2.408350000E-5
1.421146667E+9	2.371384000E-5
1.421150000E+9	2.337371000E-5
1.421153333E+9	2.392970000E-5
1.421156667E+9	2.396969000E-5
1.421160000E+9	2.409101000E-5
1.421163333E+9	2.407298000E-5
1.421166667E+9	2.449375000E-5
1.421170000E+9	2.355376000E-5
1.421173333E+9	2.378516000E-5
1.421176667E+9	2.341406000E-5
1.421180000E+9	2.350494000E-5
1.421183333E+9	2.302309000E-5
1.421186667E+9	2.360349000E-5
1.421190000E+9	2.427984000E-5
1.421193333E+9	2.352293000E-5
1.421196667E+9	2.383425000E-5
1.421200000E+9	2.372858000E-5
1.421203333E+9	2.361205000E-5
1.421206667E+9	2.387744000E-5
1.421210000E+9	2.407250000E-5
1.421213333E+9	2.337330000E-5
1.421216667E+9	2.424217000E-5
1.421220000E+9	2.460988000E-5
1.421223333E+9	2.398657000E-5
1.421226667E+9	2.357221000E-5
1.421230000E+9	2.374002000E-5
1.421233333E+9	2.352869000E-5
1.421236667E+9	2.302397000E-5
1.421240000E+9	2.371957000E-5
1.421243333E+9	2.359207000E-5
1.421246667E+9	2.371113000E-5
1.421250000E+9	2.402292000E-5
1.421253333E+9	2.403320000E-5
1.421256667E+9	2.370194000E-5
1.421260000E+9	2.449547000E-5
1.421263333E+9	2.424931000E-5
1.421266667E+9	2.434692000E-5
1.421270000E+9	2.352414000E-5
1.421273333E+9	2.363557000E-5
1.421276667E+9	2.406478000E-5
1.421280000E+9	2.392620000E-5
1.421283333E+9	2.432921000E-5
1.421286667E+9	2.418573000E-5
1.421290000E+9	2.425154000E-5
1.421293333E+9	2.441551000E-5
1.421296667E+9	2.363921000E-5
1.421300000E+9	2.373531000E-5
1.421303333E+9	2.355868000E-5
1.421306667E+9	2.394970000E-5
1.421310000E+9	2.387349000E-5
1.421313333E+9	2.313603000E-5
1.421316667E+9	2.352412000E-5
1.421320000E+9	2.450168000E-5
1.421323333E+9	2.358976000E-5
1.421326667E+9	2.388896000E-5
1.421330000E+9	2.419452000E-5
1.421333333E+9	2.515207000E-5
1.421336667E+9	2.393162000E-5
1.421340000E+9	2.424885000E-5
1.421343333E+9	2.541113000E-5
1.421346667E+9	2.493553000E-5
1.421350000E+9	2.408715000E-5
1.421353333E+9	2.411655000E-5
1.421356667E+9	2.449289000E-5
1.421360000E+9	2.476280000E-5
1.421363333E+9	2.394302000E-5
1.421366667E+9	2.513666000E-5
1.421370000E+9	2.412418000E-5
1.421373333E+9	2.392531000E-5
1.421376667E+9	2.409051000E-5
1.421380000E+9	2.399118000E-5
1.421383333E+9	2.427296000E-5
1.421386667E+9	2.410556000E-5
1.421390000E+9	2.395120000E-5
1.421393333E+9	2.432360000E-5
1.421396667E+9	2.379328000E-5
1.421400000E+9	2.499054000E-5
