Frequency, Hz	Amplitude, Volts
1.419400000E+9	1.916498000E-5
1.419403333E+9	1.849371000E-5
1.419406667E+9	1.818635000E-5
1.419410000E+9	1.847599000E-5
1.419413333E+9	1.894312000E-5
1.419416667E+9	1.831755000E-5
1.419420000E+9	1.822705000E-5
1.419423333E+9	1.830324000E-5
1.419426667E+9	1.774901000E-5
1.419430000E+9	1.813172000E-5
1.419433333E+9	1.862433000E-5
1.419436667E+9	1.835460000E-5
1.419440000E+9	1.870221000E-5
1.419443333E+9	1.857138000E-5
1.419446667E+9	1.958528000E-5
1.419450000E+9	2.146867000E-5
1.419453333E+9	1.897159000E-5
1.419456667E+9	1.897593000E-5
1.419460000E+9	1.816436000E-5
1.419463333E+9	1.826399000E-5
1.419466667E+9	1.900662000E-5
1.419470000E+9	1.795611000E-5
1.419473333E+9	1.803551000E-5
1.419476667E+9	1.815593000E-5
1.419480000E+9	1.832296000E-5
1.419483333E+9	1.824391000E-5
1.419486667E+9	1.834565000E-5
1.419490000E+9	1.854094000E-5
1.419493333E+9	1.942423000E-5
1.419496667E+9	1.796201000E-5
1.419500000E+9	1.811781000E-5
1.419503333E+9	1.793001000E-5
1.419506667E+9	1.832544000E-5
1.419510000E+9	1.856909000E-5
1.419513333E+9	1.808734000E-5
1.419516667E+9	1.825379000E-5
1.419520000E+9	1.828938000E-5
1.419523333E+9	1.851329000E-5
1.419526667E+9	1.828390000E-5
1.419530000E+9	1.801376000E-5
1.419533333E+9	1.830466000E-5
1.419536667E+9	1.841819000E-5
1.419540000E+9	1.876938000E-5
1.419543333E+9	1.810290000E-5
1.419546667E+9	1.791901000E-5
1.419550000E+9	1.817551000E-5
1.419553333E+9	1.813943000E-5
1.419556667E+9	1.796010000E-5
1.419560000E+9	1.852617000E-5
1.419563333E+9	1.850970000E-5
1.419566667E+9	1.776689000E-5
1.419570000E+9	1.764777000E-5
1.419573333E+9	1.793743000E-5
1.419576667E+9	1.791311000E-5
1.419580000E+9	1.829683000E-5
1.419583333E+9	1.870702000E-5
1.419586667E+9	1.932332000E-5
1.419590000E+9	1.854047000E-5
1.419593333E+9	1.850911000E-5
1.419596667E+9	1.808919000E-5
1.419600000E+9	1.799189000E-5
1.419603333E+9	1.793413000E-5
1.419606667E+9	1.808619000E-5
1.419610000E+9	1.864886000E-5
1.419613333E+9	1.823173000E-5
1.419616667E+9	1.814676000E-5
1.419620000E+9	1.816580000E-5
1.419623333E+9	1.796394000E-5
1.419626667E+9	1.787970000E-5
1.419630000E+9	1.845144000E-5
1.419633333E+9	1.913687000E-5
1.419636667E+9	1.783355000E-5
1.419640000E+9	1.785383000E-5
1.419643333E+9	1.797635000E-5
1.419646667E+9	1.803044000E-5
1.419650000E+9	1.794754000E-5
1.419653333E+9	1.834293000E-5
1.419656667E+9	1.834454000E-5
1.419660000E+9	1.807410000E-5
1.419663333E+9	1.811190000E-5
1.419666667E+9	1.797101000E-5
1.419670000E+9	1.809300000E-5
1.419673333E+9	1.838642000E-5
1.419676667E+9	1.862658000E-5
1.419680000E+9	1.883416000E-5
1.419683333E+9	1.785975000E-5
1.419686667E+9	1.811485000E-5
1.419690000E+9	1.800936000E-5
1.419693333E+9	1.826973000E-5
1.419696667E+9	1.775690000E-5
1.419700000E+9	1.803319000E-5
1.419703333E+9	1.825661000E-5
1.419706667E+9	1.997900000E-5
1.419710000E+9	1.955897000E-5
1.419713333E+9	1.807938000E-5
1.419716667E+9	1.815678000E-5
1.419720000E+9	1.806008000E-5
1.419723333E+9	1.865877000E-5
1.419726667E+9	1.923435000E-5
1.419730000E+9	1.810487000E-5
1.419733333E+9	1.865216000E-5
1.419736667E+9	1.796961000E-5
1.419740000E+9	1.879039000E-5
1.419743333E+9	2.142751000E-5
1.419746667E+9	1.910380000E-5
1.419750000E+9	1.848599000E-5
1.419753333E+9	1.819650000E-5
1.419756667E+9	1.838071000E-5
1.419760000E+9	1.827541000E-5
1.419763333E+9	1.781645000E-5
1.419766667E+9	1.744073000E-5
1.419770000E+9	1.857737000E-5
1.419773333E+9	1.872360000E-5
1.419776667E+9	1.821497000E-5
1.419780000E+9	1.807970000E-5
1.419783333E+9	1.776706000E-5
1.419786667E+9	1.806781000E-5
1.419790000E+9	1.795288000E-5
1.419793333E+9	1.842280000E-5
1.419796667E+9	1.811365000E-5
1.419800000E+9	1.745807000E-5
1.419803333E+9	1.782866000E-5
1.419806667E+9	1.812880000E-5
1.419810000E+9	1.782958000E-5
1.419813333E+9	1.807886000E-5
1.419816667E+9	1.880461000E-5
1.419820000E+9	1.914185000E-5
1.419823333E+9	1.796613000E-5
1.419826667E+9	1.781570000E-5
1.419830000E+9	1.797381000E-5
1.419833333E+9	1.768790000E-5
1.419836667E+9	1.784068000E-5
1.419840000E+9	1.846859000E-5
1.419843333E+9	1.838019000E-5
1.419846667E+9	1.793509000E-5
1.419850000E+9	1.802533000E-5
1.419853333E+9	1.812927000E-5
1.419856667E+9	1.798233000E-5
1.419860000E+9	1.791055000E-5
1.419863333E+9	1.810010000E-5
1.419866667E+9	1.854383000E-5
1.419870000E+9	1.872543000E-5
1.419873333E+9	1.816057000E-5
1.419876667E+9	1.816723000E-5
1.419880000E+9	1.790961000E-5
1.419883333E+9	1.812040000E-5
1.419886667E+9	1.824553000E-5
1.419890000E+9	1.825333000E-5
1.419893333E+9	1.794376000E-5
1.419896667E+9	1.818076000E-5
1.419900000E+9	1.783537000E-5
1.419903333E+9	1.751073000E-5
1.419906667E+9	1.768243000E-5
1.419910000E+9	1.862365000E-5
1.419913333E+9	1.867628000E-5
1.419916667E+9	1.817847000E-5
1.419920000E+9	1.849361000E-5
1.419923333E+9	1.786665000E-5
1.419926667E+9	1.803523000E-5
1.419930000E+9	1.812193000E-5
1.419933333E+9	1.784918000E-5
1.419936667E+9	1.811960000E-5
1.419940000E+9	1.787227000E-5
1.419943333E+9	1.814140000E-5
1.419946667E+9	1.826832000E-5
1.419950000E+9	1.776318000E-5
1.419953333E+9	1.774153000E-5
1.419956667E+9	1.849554000E-5
1.419960000E+9	1.875280000E-5
1.419963333E+9	1.824197000E-5
1.419966667E+9	1.800355000E-5
1.419970000E+9	1.795343000E-5
1.419973333E+9	1.791502000E-5
1.419976667E+9	1.777573000E-5
1.419980000E+9	1.853819000E-5
1.419983333E+9	1.820837000E-5
1.419986667E+9	1.810475000E-5
1.419990000E+9	1.836397000E-5
1.419993333E+9	1.791854000E-5
1.419996667E+9	1.785793000E-5
1.420000000E+9	2.311604000E-5
1.420003333E+9	3.027046000E-5
1.420006667E+9	1.882184000E-5
1.420010000E+9	1.769093000E-5
1.420013333E+9	1.813921000E-5
1.420016667E+9	1.780299000E-5
1.420020000E+9	1.827306000E-5
1.420023333E+9	1.744816000E-5
1.420026667E+9	1.812147000E-5
1.420030000E+9	1.786610000E-5
1.420033333E+9	1.896079000E-5
1.420036667E+9	2.016111000E-5
1.420040000E+9	1.873261000E-5
1.420043333E+9	1.778668000E-5
1.420046667E+9	1.780241000E-5
1.420050000E+9	1.883031000E-5
1.420053333E+9	1.944175000E-5
1.420056667E+9	1.777348000E-5
1.420060000E+9	1.803022000E-5
1.420063333E+9	1.755358000E-5
1.420066667E+9	1.774827000E-5
1.420070000E+9	1.755969000E-5
1.420073333E+9	1.768204000E-5
1.420076667E+9	1.789502000E-5
1.420080000E+9	1.776503000E-5
1.420083333E+9	1.790037000E-5
1.420086667E+9	1.802856000E-5
1.420090000E+9	1.742201000E-5
1.420093333E+9	1.760187000E-5
1.420096667E+9	1.770479000E-5
1.420100000E+9	1.826560000E-5
1.420103333E+9	1.770358000E-5
1.420106667E+9	1.768415000E-5
1.420110000E+9	1.816241000E-5
1.420113333E+9	1.816344000E-5
1.420116667E+9	1.801467000E-5
1.420120000E+9	1.770321000E-5
1.420123333E+9	1.805694000E-5
1.420126667E+9	1.791126000E-5
1.420130000E+9	1.731254000E-5
1.420133333E+9	1.770063000E-5
1.420136667E+9	1.777206000E-5
1.420140000E+9	1.778125000E-5
1.420143333E+9	1.857688000E-5
1.420146667E+9	1.904619000E-5
1.420150000E+9	1.783024000E-5
1.420153333E+9	1.764699000E-5
1.420156667E+9	1.775488000E-5
1.420160000E+9	1.789913000E-5
1.420163333E+9	1.784203000E-5
1.420166667E+9	1.792407000E-5
1.420170000E+9	1.784738000E-5
1.420173333E+9	1.768719000E-5
1.420176667E+9	1.741066000E-5
1.420180000E+9	1.805663000E-5
1.420183333E+9	1.822641000E-5
1.420186667E+9	1.794340000E-5
1.420190000E+9	1.827502000E-5
1.420193333E+9	1.847682000E-5
1.420196667E+9	1.777284000E-5
1.420200000E+9	1.753174000E-5
1.420203333E+9	1.753378000E-5
1.420206667E+9	1.727466000E-5
1.420210000E+9	1.766273000E-5
1.420213333E+9	1.787115000E-5
1.420216667E+9	1.803909000E-5
1.420220000E+9	1.808538000E-5
1.420223333E+9	1.763785000E-5
1.420226667E+9	1.794817000E-5
1.420230000E+9	1.781347000E-5
1.420233333E+9	1.764533000E-5
1.420236667E+9	1.825764000E-5
1.420240000E+9	1.831130000E-5
1.420243333E+9	1.784832000E-5
1.420246667E+9	1.764163000E-5
1.420250000E+9	1.759649000E-5
1.420253333E+9	1.749674000E-5
1.420256667E+9	1.745058000E-5
1.420260000E+9	1.785046000E-5
1.420263333E+9	1.821889000E-5
1.420266667E+9	1.800369000E-5
1.420270000E+9	1.780114000E-5
1.420273333E+9	1.770576000E-5
1.420276667E+9	1.787340000E-5
1.420280000E+9	1.750173000E-5
1.420283333E+9	1.815202000E-5
1.420286667E+9	1.834398000E-5
1.420290000E+9	1.752046000E-5
1.420293333E+9	1.841234000E-5
1.420296667E+9	2.163369000E-5
1.420300000E+9	1.821527000E-5
1.420303333E+9	1.769985000E-5
1.420306667E+9	1.792773000E-5
1.420310000E+9	1.872414000E-5
1.420313333E+9	1.845357000E-5
1.420316667E+9	1.820421000E-5
1.420320000E+9	1.840652000E-5
1.420323333E+9	1.806450000E-5
1.420326667E+9	1.891841000E-5
1.420330000E+9	2.021790000E-5
1.420333333E+9	1.940283000E-5
1.420336667E+9	1.829801000E-5
1.420340000E+9	1.833206000E-5
1.420343333E+9	1.837397000E-5
1.420346667E+9	1.862107000E-5
1.420350000E+9	1.821097000E-5
1.420353333E+9	1.850441000E-5
1.420356667E+9	1.850638000E-5
1.420360000E+9	1.839755000E-5
1.420363333E+9	1.865548000E-5
1.420366667E+9	1.853901000E-5
1.420370000E+9	1.896941000E-5
1.420373333E+9	1.879856000E-5
1.420376667E+9	1.948783000E-5
1.420380000E+9	1.997711000E-5
1.420383333E+9	1.927971000E-5
1.420386667E+9	1.937803000E-5
1.420390000E+9	1.932483000E-5
1.420393333E+9	1.915023000E-5
1.420396667E+9	2.012676000E-5
1.420400000E+9	1.985856000E-5
1.420403333E+9	1.982867000E-5
1.420406667E+9	1.968559000E-5
1.420410000E+9	1.957107000E-5
1.420413333E+9	1.951121000E-5
1.420416667E+9	2.003984000E-5
1.420420000E+9	1.959635000E-5
1.420423333E+9	1.979661000E-5
1.420426667E+9	2.080185000E-5
1.420430000E+9	1.977975000E-5
1.420433333E+9	2.024951000E-5
1.420436667E+9	2.009265000E-5
1.420440000E+9	2.030546000E-5
1.420443333E+9	2.006844000E-5
1.420446667E+9	2.037234000E-5
1.420450000E+9	2.037901000E-5
1.420453333E+9	1.974655000E-5
1.420456667E+9	2.013920000E-5
1.420460000E+9	1.995497000E-5
1.420463333E+9	1.996297000E-5
1.420466667E+9	2.003185000E-5
1.420470000E+9	2.031938000E-5
1.420473333E+9	2.029465000E-5
1.420476667E+9	1.959900000E-5
1.420480000E+9	1.943409000E-5
1.420483333E+9	1.969428000E-5
1.420486667E+9	1.934916000E-5
1.420490000E+9	1.944790000E-5
1.420493333E+9	1.942052000E-5
1.420496667E+9	1.915534000E-5
1.420500000E+9	1.902165000E-5
1.420503333E+9	1.877663000E-5
1.420506667E+9	1.883352000E-5
1.420510000E+9	1.875636000E-5
1.420513333E+9	1.862576000E-5
1.420516667E+9	1.899575000E-5
1.420520000E+9	1.906142000E-5
1.420523333E+9	1.833469000E-5
1.420526667E+9	1.829926000E-5
1.420530000E+9	1.832924000E-5
1.420533333E+9	1.818721000E-5
1.420536667E+9	1.808796000E-5
1.420540000E+9	1.825377000E-5
1.420543333E+9	1.824019000E-5
1.420546667E+9	1.809642000E-5
1.420550000E+9	1.825096000E-5
1.420553333E+9	1.785820000E-5
1.420556667E+9	1.754838000E-5
1.420560000E+9	1.791535000E-5
1.420563333E+9	1.856157000E-5
1.420566667E+9	1.845156000E-5
1.420570000E+9	1.769185000E-5
1.420573333E+9	1.759263000E-5
1.420576667E+9	1.787729000E-5
1.420580000E+9	1.775911000E-5
1.420583333E+9	1.739287000E-5
1.420586667E+9	1.802644000E-5
1.420590000E+9	2.343621000E-5
1.420593333E+9	1.972243000E-5
1.420596667E+9	1.801726000E-5
1.420600000E+9	1.820945000E-5
1.420603333E+9	1.864773000E-5
1.420606667E+9	1.845217000E-5
1.420610000E+9	1.830864000E-5
1.420613333E+9	1.874032000E-5
1.420616667E+9	1.800719000E-5
1.420620000E+9	1.984148000E-5
1.420623333E+9	2.015537000E-5
1.420626667E+9	1.871653000E-5
1.420630000E+9	1.762107000E-5
1.420633333E+9	1.786291000E-5
1.420636667E+9	1.852560000E-5
1.420640000E+9	1.812537000E-5
1.420643333E+9	1.789377000E-5
1.420646667E+9	1.753763000E-5
1.420650000E+9	1.775605000E-5
1.420653333E+9	1.769220000E-5
1.420656667E+9	1.772772000E-5
1.420660000E+9	1.820631000E-5
1.420663333E+9	1.755425000E-5
1.420666667E+9	1.744905000E-5
1.420670000E+9	1.759450000E-5
1.420673333E+9	1.802016000E-5
1.420676667E+9	1.740601000E-5
1.420680000E+9	1.786973000E-5
1.420683333E+9	1.754599000E-5
1.420686667E+9	1.747938000E-5
1.420690000E+9	1.752856000E-5
1.420693333E+9	1.755354000E-5
1.420696667E+9	1.779094000E-5
1.420700000E+9	1.750675000E-5
1.420703333E+9	1.807019000E-5
1.420706667E+9	1.818927000E-5
1.420710000E+9	1.741349000E-5
1.420713333E+9	1.720584000E-5
1.420716667E+9	1.749726000E-5
1.420720000E+9	1.752335000E-5
1.420723333E+9	1.786146000E-5
1.420726667E+9	1.770034000E-5
1.420730000E+9	1.741532000E-5
1.420733333E+9	1.761828000E-5
1.420736667E+9	1.749628000E-5
1.420740000E+9	1.789056000E-5
1.420743333E+9	1.764666000E-5
1.420746667E+9	1.805780000E-5
1.420750000E+9	1.798804000E-5
1.420753333E+9	1.803436000E-5
1.420756667E+9	1.761225000E-5
1.420760000E+9	1.730431000E-5
1.420763333E+9	1.762261000E-5
1.420766667E+9	1.773681000E-5
1.420770000E+9	1.779471000E-5
1.420773333E+9	1.747236000E-5
1.420776667E+9	1.776771000E-5
1.420780000E+9	1.730437000E-5
1.420783333E+9	1.728574000E-5
1.420786667E+9	1.739950000E-5
1.420790000E+9	1.729727000E-5
1.420793333E+9	1.776886000E-5
1.420796667E+9	1.800863000E-5
1.420800000E+9	1.869620000E-5
1.420803333E+9	1.798905000E-5
1.420806667E+9	1.779715000E-5
1.420810000E+9	1.747614000E-5
1.420813333E+9	1.729801000E-5
1.420816667E+9	1.752675000E-5
1.420820000E+9	1.752458000E-5
1.420823333E+9	1.770382000E-5
1.420826667E+9	1.749178000E-5
1.420830000E+9	1.799012000E-5
1.420833333E+9	1.764823000E-5
1.420836667E+9	1.752027000E-5
1.420840000E+9	1.786701000E-5
1.420843333E+9	1.817070000E-5
1.420846667E+9	1.812525000E-5
1.420850000E+9	1.752669000E-5
1.420853333E+9	1.745079000E-5
1.420856667E+9	1.774406000E-5
1.420860000E+9	1.735912000E-5
1.420863333E+9	1.768470000E-5
1.420866667E+9	1.772910000E-5
1.420870000E+9	1.750204000E-5
1.420873333E+9	1.759682000E-5
1.420876667E+9	1.738115000E-5
1.420880000E+9	1.802198000E-5
1.420883333E+9	3.053872000E-5
1.420886667E+9	2.826042000E-5
1.420890000E+9	1.799486000E-5
1.420893333E+9	1.796039000E-5
1.420896667E+9	1.825247000E-5
1.420900000E+9	1.812748000E-5
1.420903333E+9	1.785185000E-5
1.420906667E+9	1.879546000E-5
1.420910000E+9	1.762672000E-5
1.420913333E+9	2.402980000E-5
1.420916667E+9	2.284551000E-5
1.420920000E+9	2.080372000E-5
1.420923333E+9	1.759649000E-5
1.420926667E+9	1.829616000E-5
1.420930000E+9	1.841681000E-5
1.420933333E+9	1.766460000E-5
1.420936667E+9	1.757290000E-5
1.420940000E+9	1.823500000E-5
1.420943333E+9	1.771916000E-5
1.420946667E+9	1.739764000E-5
1.420950000E+9	1.772311000E-5
1.420953333E+9	1.748209000E-5
1.420956667E+9	1.792899000E-5
1.420960000E+9	1.769239000E-5
1.420963333E+9	1.789330000E-5
1.420966667E+9	1.808003000E-5
1.420970000E+9	1.787754000E-5
1.420973333E+9	1.738130000E-5
1.420976667E+9	1.745568000E-5
1.420980000E+9	1.744734000E-5
1.420983333E+9	1.803238000E-5
1.420986667E+9	1.814383000E-5
1.420990000E+9	1.769511000E-5
1.420993333E+9	1.765343000E-5
1.420996667E+9	1.788781000E-5
1.421000000E+9	1.771795000E-5
1.421003333E+9	1.800284000E-5
1.421006667E+9	1.738893000E-5
1.421010000E+9	1.780620000E-5
1.421013333E+9	1.798251000E-5
1.421016667E+9	1.739298000E-5
1.421020000E+9	1.785167000E-5
1.421023333E+9	1.742446000E-5
1.421026667E+9	1.766846000E-5
1.421030000E+9	1.817400000E-5
1.421033333E+9	1.767034000E-5
1.421036667E+9	1.746380000E-5
1.421040000E+9	1.796866000E-5
1.421043333E+9	1.751234000E-5
1.421046667E+9	1.779869000E-5
1.421050000E+9	1.759082000E-5
1.421053333E+9	1.794646000E-5
1.421056667E+9	1.770574000E-5
1.421060000E+9	1.767719000E-5
1.421063333E+9	1.760419000E-5
1.421066667E+9	1.775607000E-5
1.421070000E+9	1.797189000E-5
1.421073333E+9	1.796424000E-5
1.421076667E+9	1.813943000E-5
1.421080000E+9	1.784660000E-5
1.421083333E+9	1.791384000E-5
1.421086667E+9	1.774118000E-5
1.421090000E+9	1.779355000E-5
1.421093333E+9	1.772208000E-5
1.421096667E+9	1.769855000E-5
1.421100000E+9	1.774351000E-5
1.421103333E+9	1.761115000E-5
1.421106667E+9	1.766708000E-5
1.421110000E+9	1.798800000E-5
1.421113333E+9	1.764021000E-5
1.421116667E+9	1.786889000E-5
1.421120000E+9	1.787688000E-5
1.421123333E+9	1.825964000E-5
1.421126667E+9	1.791948000E-5
1.421130000E+9	1.763824000E-5
1.421133333E+9	1.790725000E-5
1.421136667E+9	1.834970000E-5
1.421140000E+9	1.789504000E-5
1.421143333E+9	1.816494000E-5
1.421146667E+9	1.768505000E-5
1.421150000E+9	1.755154000E-5
1.421153333E+9	1.785022000E-5
1.421156667E+9	1.807321000E-5
1.421160000E+9	1.783708000E-5
1.421163333E+9	1.785863000E-5
1.421166667E+9	1.772542000E-5
1.421170000E+9	1.790009000E-5
1.421173333E+9	1.791942000E-5
1.421176667E+9	2.301935000E-5
1.421180000E+9	2.954450000E-5
1.421183333E+9	1.806809000E-5
1.421186667E+9	1.797718000E-5
1.421190000E+9	1.786928000E-5
1.421193333E+9	1.795314000E-5
1.421196667E+9	1.770751000E-5
1.421200000E+9	1.781958000E-5
1.421203333E+9	1.855010000E-5
1.421206667E+9	2.045440000E-5
1.421210000E+9	1.949157000E-5
1.421213333E+9	1.882729000E-5
1.421216667E+9	1.826851000E-5
1.421220000E+9	1.829745000E-5
1.421223333E+9	1.763444000E-5
1.421226667E+9	1.730410000E-5
1.421230000E+9	1.761859000E-5
1.421233333E+9	1.767567000E-5
1.421236667E+9	1.767039000E-5
1.421240000E+9	1.765319000E-5
1.421243333E+9	1.783821000E-5
1.421246667E+9	1.769317000E-5
1.421250000E+9	1.761935000E-5
1.421253333E+9	1.790815000E-5
1.421256667E+9	1.770928000E-5
1.421260000E+9	1.815064000E-5
1.421263333E+9	1.877575000E-5
1.421266667E+9	1.864718000E-5
1.421270000E+9	2.000587000E-5
1.421273333E+9	1.910940000E-5
1.421276667E+9	1.807511000E-5
1.421280000E+9	1.826353000E-5
1.421283333E+9	1.804501000E-5
1.421286667E+9	1.828199000E-5
1.421290000E+9	1.800956000E-5
1.421293333E+9	1.764614000E-5
1.421296667E+9	1.785812000E-5
1.421300000E+9	1.767043000E-5
1.421303333E+9	1.751871000E-5
1.421306667E+9	1.785579000E-5
1.421310000E+9	1.894653000E-5
1.421313333E+9	1.839127000E-5
1.421316667E+9	1.838541000E-5
1.421320000E+9	1.780471000E-5
1.421323333E+9	1.801710000E-5
1.421326667E+9	1.796700000E-5
1.421330000E+9	1.848023000E-5
1.421333333E+9	2.032377000E-5
1.421336667E+9	2.641816000E-5
1.421340000E+9	2.342612000E-5
1.421343333E+9	1.901614000E-5
1.421346667E+9	1.867617000E-5
1.421350000E+9	1.839020000E-5
1.421353333E+9	1.806658000E-5
1.421356667E+9	1.843419000E-5
1.421360000E+9	1.836522000E-5
1.421363333E+9	1.811399000E-5
1.421366667E+9	1.811149000E-5
1.421370000E+9	1.756669000E-5
1.421373333E+9	1.806222000E-5
1.421376667E+9	1.783271000E-5
1.421380000E+9	1.845426000E-5
1.421383333E+9	1.839941000E-5
1.421386667E+9	1.810801000E-5
1.421390000E+9	1.826345000E-5
1.421393333E+9	1.823446000E-5
1.421396667E+9	1.785530000E-5
1.421400000E+9	1.856987000E-5
