Frequency, Hz	Amplitude, Volts
1.419400000E+9	1.792596000E-5
1.419403333E+9	1.794222000E-5
1.419406667E+9	1.757450000E-5
1.419410000E+9	1.797947000E-5
1.419413333E+9	1.747349000E-5
1.419416667E+9	1.777479000E-5
1.419420000E+9	1.787376000E-5
1.419423333E+9	1.771797000E-5
1.419426667E+9	1.774632000E-5
1.419430000E+9	1.762010000E-5
1.419433333E+9	1.780411000E-5
1.419436667E+9	1.788630000E-5
1.419440000E+9	1.782331000E-5
1.419443333E+9	1.773674000E-5
1.419446667E+9	1.784934000E-5
1.419450000E+9	1.756545000E-5
1.419453333E+9	1.798206000E-5
1.419456667E+9	1.773827000E-5
1.419460000E+9	1.768959000E-5
1.419463333E+9	1.754919000E-5
1.419466667E+9	1.758344000E-5
1.419470000E+9	1.756482000E-5
1.419473333E+9	1.780002000E-5
1.419476667E+9	1.767858000E-5
1.419480000E+9	1.763307000E-5
1.419483333E+9	1.782255000E-5
1.419486667E+9	1.753424000E-5
1.419490000E+9	1.739995000E-5
1.419493333E+9	1.734527000E-5
1.419496667E+9	1.767195000E-5
1.419500000E+9	1.790906000E-5
1.419503333E+9	1.750687000E-5
1.419506667E+9	1.801085000E-5
1.419510000E+9	1.794464000E-5
1.419513333E+9	1.791323000E-5
1.419516667E+9	1.773012000E-5
1.419520000E+9	1.770485000E-5
1.419523333E+9	1.776876000E-5
1.419526667E+9	1.778947000E-5
1.419530000E+9	1.800484000E-5
1.419533333E+9	1.758037000E-5
1.419536667E+9	1.821033000E-5
1.419540000E+9	1.765895000E-5
1.419543333E+9	1.742068000E-5
1.419546667E+9	1.770281000E-5
1.419550000E+9	1.765839000E-5
1.419553333E+9	1.747930000E-5
1.419556667E+9	1.733693000E-5
1.419560000E+9	1.739812000E-5
1.419563333E+9	1.767757000E-5
1.419566667E+9	1.780694000E-5
1.419570000E+9	1.774609000E-5
1.419573333E+9	1.750929000E-5
1.419576667E+9	1.737561000E-5
1.419580000E+9	1.756517000E-5
1.419583333E+9	1.786872000E-5
1.419586667E+9	1.776484000E-5
1.419590000E+9	1.750750000E-5
1.419593333E+9	1.777075000E-5
1.419596667E+9	1.758425000E-5
1.419600000E+9	1.773642000E-5
1.419603333E+9	1.794055000E-5
1.419606667E+9	1.738468000E-5
1.419610000E+9	1.777791000E-5
1.419613333E+9	1.772033000E-5
1.419616667E+9	1.727288000E-5
1.419620000E+9	1.723431000E-5
1.419623333E+9	1.766811000E-5
1.419626667E+9	1.754348000E-5
1.419630000E+9	1.744744000E-5
1.419633333E+9	1.784597000E-5
1.419636667E+9	1.790045000E-5
1.419640000E+9	1.785810000E-5
1.419643333E+9	1.746179000E-5
1.419646667E+9	1.761439000E-5
1.419650000E+9	1.761617000E-5
1.419653333E+9	1.756283000E-5
1.419656667E+9	1.786048000E-5
1.419660000E+9	1.767476000E-5
1.419663333E+9	1.762800000E-5
1.419666667E+9	1.778764000E-5
1.419670000E+9	1.773915000E-5
1.419673333E+9	1.734702000E-5
1.419676667E+9	1.763793000E-5
1.419680000E+9	1.760225000E-5
1.419683333E+9	1.752135000E-5
1.419686667E+9	1.771128000E-5
1.419690000E+9	1.773981000E-5
1.419693333E+9	1.726780000E-5
1.419696667E+9	1.730255000E-5
1.419700000E+9	1.752604000E-5
1.419703333E+9	1.792664000E-5
1.419706667E+9	1.739766000E-5
1.419710000E+9	1.747424000E-5
1.419713333E+9	1.776747000E-5
1.419716667E+9	1.722338000E-5
1.419720000E+9	1.753197000E-5
1.419723333E+9	1.755339000E-5
1.419726667E+9	1.796763000E-5
1.419730000E+9	1.791399000E-5
1.419733333E+9	1.944457000E-5
1.419736667E+9	1.818010000E-5
1.419740000E+9	1.776176000E-5
1.419743333E+9	1.785258000E-5
1.419746667E+9	1.759259000E-5
1.419750000E+9	1.778436000E-5
1.419753333E+9	1.782670000E-5
1.419756667E+9	1.751823000E-5
1.419760000E+9	1.787597000E-5
1.419763333E+9	1.747996000E-5
1.419766667E+9	1.747736000E-5
1.419770000E+9	1.781203000E-5
1.419773333E+9	1.751542000E-5
1.419776667E+9	1.761677000E-5
1.419780000E+9	1.775189000E-5
1.419783333E+9	1.737453000E-5
1.419786667E+9	1.748873000E-5
1.419790000E+9	1.787491000E-5
1.419793333E+9	1.782825000E-5
1.419796667E+9	1.793720000E-5
1.419800000E+9	1.762660000E-5
1.419803333E+9	1.764963000E-5
1.419806667E+9	1.725487000E-5
1.419810000E+9	1.776028000E-5
1.419813333E+9	1.812229000E-5
1.419816667E+9	1.775051000E-5
1.419820000E+9	1.767994000E-5
1.419823333E+9	1.748249000E-5
1.419826667E+9	1.758929000E-5
1.419830000E+9	1.799164000E-5
1.419833333E+9	1.795091000E-5
1.419836667E+9	1.748765000E-5
1.419840000E+9	1.780511000E-5
1.419843333E+9	1.751611000E-5
1.419846667E+9	1.791706000E-5
1.419850000E+9	1.765649000E-5
1.419853333E+9	1.742374000E-5
1.419856667E+9	1.764711000E-5
1.419860000E+9	1.762802000E-5
1.419863333E+9	1.805986000E-5
1.419866667E+9	1.789074000E-5
1.419870000E+9	1.796207000E-5
1.419873333E+9	1.761525000E-5
1.419876667E+9	1.775626000E-5
1.419880000E+9	1.764027000E-5
1.419883333E+9	1.773792000E-5
1.419886667E+9	1.740905000E-5
1.419890000E+9	1.782502000E-5
1.419893333E+9	1.793990000E-5
1.419896667E+9	1.796077000E-5
1.419900000E+9	1.789434000E-5
1.419903333E+9	1.769363000E-5
1.419906667E+9	1.761662000E-5
1.419910000E+9	1.767100000E-5
1.419913333E+9	1.821361000E-5
1.419916667E+9	1.808301000E-5
1.419920000E+9	1.770621000E-5
1.419923333E+9	1.762753000E-5
1.419926667E+9	1.749384000E-5
1.419930000E+9	1.760944000E-5
1.419933333E+9	1.773199000E-5
1.419936667E+9	1.764614000E-5
1.419940000E+9	1.762774000E-5
1.419943333E+9	1.766134000E-5
1.419946667E+9	1.770973000E-5
1.419950000E+9	1.752121000E-5
1.419953333E+9	1.751379000E-5
1.419956667E+9	1.747572000E-5
1.419960000E+9	1.771716000E-5
1.419963333E+9	1.747562000E-5
1.419966667E+9	1.762608000E-5
1.419970000E+9	1.752733000E-5
1.419973333E+9	1.798287000E-5
1.419976667E+9	1.732408000E-5
1.419980000E+9	1.761002000E-5
1.419983333E+9	1.783998000E-5
1.419986667E+9	1.784597000E-5
1.419990000E+9	1.821249000E-5
1.419993333E+9	1.758232000E-5
1.419996667E+9	1.751108000E-5
1.420000000E+9	1.805052000E-5
1.420003333E+9	1.777450000E-5
1.420006667E+9	1.747027000E-5
1.420010000E+9	1.765624000E-5
1.420013333E+9	1.709998000E-5
1.420016667E+9	1.763016000E-5
1.420020000E+9	1.755587000E-5
1.420023333E+9	1.775757000E-5
1.420026667E+9	1.755050000E-5
1.420030000E+9	1.762117000E-5
1.420033333E+9	1.742879000E-5
1.420036667E+9	1.750958000E-5
1.420040000E+9	1.778041000E-5
1.420043333E+9	1.730975000E-5
1.420046667E+9	1.794746000E-5
1.420050000E+9	1.783598000E-5
1.420053333E+9	1.796578000E-5
1.420056667E+9	1.752650000E-5
1.420060000E+9	1.800327000E-5
1.420063333E+9	1.737880000E-5
1.420066667E+9	1.747518000E-5
1.420070000E+9	1.775217000E-5
1.420073333E+9	1.750521000E-5
1.420076667E+9	1.748796000E-5
1.420080000E+9	1.746611000E-5
1.420083333E+9	1.777487000E-5
1.420086667E+9	1.730511000E-5
1.420090000E+9	1.767166000E-5
1.420093333E+9	1.776032000E-5
1.420096667E+9	1.767950000E-5
1.420100000E+9	1.761238000E-5
1.420103333E+9	1.779586000E-5
1.420106667E+9	1.771153000E-5
1.420110000E+9	1.778791000E-5
1.420113333E+9	1.817561000E-5
1.420116667E+9	1.795375000E-5
1.420120000E+9	1.776102000E-5
1.420123333E+9	1.829088000E-5
1.420126667E+9	1.779721000E-5
1.420130000E+9	1.803925000E-5
1.420133333E+9	1.787421000E-5
1.420136667E+9	1.809910000E-5
1.420140000E+9	1.758135000E-5
1.420143333E+9	1.768484000E-5
1.420146667E+9	1.789958000E-5
1.420150000E+9	1.817098000E-5
1.420153333E+9	1.756864000E-5
1.420156667E+9	1.782834000E-5
1.420160000E+9	1.765843000E-5
1.420163333E+9	1.817320000E-5
1.420166667E+9	1.805026000E-5
1.420170000E+9	1.798198000E-5
1.420173333E+9	1.817741000E-5
1.420176667E+9	1.797442000E-5
1.420180000E+9	1.794193000E-5
1.420183333E+9	1.780067000E-5
1.420186667E+9	1.819083000E-5
1.420190000E+9	1.800424000E-5
1.420193333E+9	1.807726000E-5
1.420196667E+9	1.799472000E-5
1.420200000E+9	1.804672000E-5
1.420203333E+9	1.822995000E-5
1.420206667E+9	1.801961000E-5
1.420210000E+9	1.809709000E-5
1.420213333E+9	1.836199000E-5
1.420216667E+9	1.857113000E-5
1.420220000E+9	1.860499000E-5
1.420223333E+9	1.841523000E-5
1.420226667E+9	1.850411000E-5
1.420230000E+9	1.867662000E-5
1.420233333E+9	1.865726000E-5
1.420236667E+9	1.876000000E-5
1.420240000E+9	1.906830000E-5
1.420243333E+9	1.871333000E-5
1.420246667E+9	1.871189000E-5
1.420250000E+9	1.866543000E-5
1.420253333E+9	1.914952000E-5
1.420256667E+9	1.900526000E-5
1.420260000E+9	1.873962000E-5
1.420263333E+9	1.881733000E-5
1.420266667E+9	1.887399000E-5
1.420270000E+9	1.858823000E-5
1.420273333E+9	1.886292000E-5
1.420276667E+9	1.887921000E-5
1.420280000E+9	1.847041000E-5
1.420283333E+9	1.906539000E-5
1.420286667E+9	1.899875000E-5
1.420290000E+9	1.870523000E-5
1.420293333E+9	1.877665000E-5
1.420296667E+9	1.845557000E-5
1.420300000E+9	1.899054000E-5
1.420303333E+9	1.862306000E-5
1.420306667E+9	1.904004000E-5
1.420310000E+9	1.905899000E-5
1.420313333E+9	1.932317000E-5
1.420316667E+9	1.918483000E-5
1.420320000E+9	1.945486000E-5
1.420323333E+9	1.945819000E-5
1.420326667E+9	1.943740000E-5
1.420330000E+9	1.972456000E-5
1.420333333E+9	1.915898000E-5
1.420336667E+9	1.924821000E-5
1.420340000E+9	1.941895000E-5
1.420343333E+9	1.888259000E-5
1.420346667E+9	1.857193000E-5
1.420350000E+9	1.823880000E-5
1.420353333E+9	1.813176000E-5
1.420356667E+9	1.824581000E-5
1.420360000E+9	1.786022000E-5
1.420363333E+9	1.783547000E-5
1.420366667E+9	1.772605000E-5
1.420370000E+9	1.751642000E-5
1.420373333E+9	1.797458000E-5
1.420376667E+9	1.786462000E-5
1.420380000E+9	1.776213000E-5
1.420383333E+9	1.776141000E-5
1.420386667E+9	1.763249000E-5
1.420390000E+9	1.776236000E-5
1.420393333E+9	1.788078000E-5
1.420396667E+9	1.766723000E-5
1.420400000E+9	1.735858000E-5
1.420403333E+9	1.764761000E-5
1.420406667E+9	1.762351000E-5
1.420410000E+9	1.769060000E-5
1.420413333E+9	1.765544000E-5
1.420416667E+9	1.782478000E-5
1.420420000E+9	1.781913000E-5
1.420423333E+9	1.770451000E-5
1.420426667E+9	1.775158000E-5
1.420430000E+9	1.788915000E-5
1.420433333E+9	1.791077000E-5
1.420436667E+9	1.743353000E-5
1.420440000E+9	1.799415000E-5
1.420443333E+9	1.758274000E-5
1.420446667E+9	1.777875000E-5
1.420450000E+9	1.801142000E-5
1.420453333E+9	1.784429000E-5
1.420456667E+9	1.751692000E-5
1.420460000E+9	1.771218000E-5
1.420463333E+9	1.763167000E-5
1.420466667E+9	1.785577000E-5
1.420470000E+9	1.791336000E-5
1.420473333E+9	1.757836000E-5
1.420476667E+9	1.782443000E-5
1.420480000E+9	1.837680000E-5
1.420483333E+9	1.805010000E-5
1.420486667E+9	1.762722000E-5
1.420490000E+9	1.807900000E-5
1.420493333E+9	1.777590000E-5
1.420496667E+9	1.821247000E-5
1.420500000E+9	1.821527000E-5
1.420503333E+9	1.774735000E-5
1.420506667E+9	1.789565000E-5
1.420510000E+9	1.762705000E-5
1.420513333E+9	1.793743000E-5
1.420516667E+9	1.770459000E-5
1.420520000E+9	1.799962000E-5
1.420523333E+9	1.744843000E-5
1.420526667E+9	1.751446000E-5
1.420530000E+9	1.794382000E-5
1.420533333E+9	1.749107000E-5
1.420536667E+9	1.792074000E-5
1.420540000E+9	1.738767000E-5
1.420543333E+9	1.791521000E-5
1.420546667E+9	1.794563000E-5
1.420550000E+9	1.754637000E-5
1.420553333E+9	1.736278000E-5
1.420556667E+9	1.772348000E-5
1.420560000E+9	1.743325000E-5
1.420563333E+9	1.748898000E-5
1.420566667E+9	1.717845000E-5
1.420570000E+9	1.736533000E-5
1.420573333E+9	1.769554000E-5
1.420576667E+9	1.748614000E-5
1.420580000E+9	1.711684000E-5
1.420583333E+9	1.703351000E-5
1.420586667E+9	1.772416000E-5
1.420590000E+9	1.754416000E-5
1.420593333E+9	1.732720000E-5
1.420596667E+9	1.763624000E-5
1.420600000E+9	1.738662000E-5
1.420603333E+9	1.751288000E-5
1.420606667E+9	1.793401000E-5
1.420610000E+9	1.775589000E-5
1.420613333E+9	1.734062000E-5
1.420616667E+9	1.749726000E-5
1.420620000E+9	1.735519000E-5
1.420623333E+9	1.719462000E-5
1.420626667E+9	1.778703000E-5
1.420630000E+9	1.710876000E-5
1.420633333E+9	1.758595000E-5
1.420636667E+9	1.756324000E-5
1.420640000E+9	1.717203000E-5
1.420643333E+9	1.731285000E-5
1.420646667E+9	1.696036000E-5
1.420650000E+9	1.743294000E-5
1.420653333E+9	1.710888000E-5
1.420656667E+9	1.707384000E-5
1.420660000E+9	1.772241000E-5
1.420663333E+9	1.743912000E-5
1.420666667E+9	1.745548000E-5
1.420670000E+9	1.737249000E-5
1.420673333E+9	1.740210000E-5
1.420676667E+9	1.730148000E-5
1.420680000E+9	1.781780000E-5
1.420683333E+9	1.767298000E-5
1.420686667E+9	1.720015000E-5
1.420690000E+9	1.723355000E-5
1.420693333E+9	1.716108000E-5
1.420696667E+9	1.762113000E-5
1.420700000E+9	1.819588000E-5
1.420703333E+9	1.728925000E-5
1.420706667E+9	1.735544000E-5
1.420710000E+9	1.773420000E-5
1.420713333E+9	1.719590000E-5
1.420716667E+9	1.685969000E-5
1.420720000E+9	1.720332000E-5
1.420723333E+9	1.731511000E-5
1.420726667E+9	1.701784000E-5
1.420730000E+9	1.729588000E-5
1.420733333E+9	1.744211000E-5
1.420736667E+9	1.719375000E-5
1.420740000E+9	1.745198000E-5
1.420743333E+9	1.753665000E-5
1.420746667E+9	1.751565000E-5
1.420750000E+9	1.722084000E-5
1.420753333E+9	1.721311000E-5
1.420756667E+9	1.667354000E-5
1.420760000E+9	1.744688000E-5
1.420763333E+9	1.713717000E-5
1.420766667E+9	1.733171000E-5
1.420770000E+9	1.712367000E-5
1.420773333E+9	1.738573000E-5
1.420776667E+9	1.748737000E-5
1.420780000E+9	1.698708000E-5
1.420783333E+9	1.721617000E-5
1.420786667E+9	1.727260000E-5
1.420790000E+9	1.720489000E-5
1.420793333E+9	1.738578000E-5
1.420796667E+9	1.724798000E-5
1.420800000E+9	1.744046000E-5
1.420803333E+9	1.708301000E-5
1.420806667E+9	1.686245000E-5
1.420810000E+9	1.735165000E-5
1.420813333E+9	1.717175000E-5
1.420816667E+9	1.694104000E-5
1.420820000E+9	1.710890000E-5
1.420823333E+9	1.729451000E-5
1.420826667E+9	1.735062000E-5
1.420830000E+9	1.711701000E-5
1.420833333E+9	1.710031000E-5
1.420836667E+9	1.735213000E-5
1.420840000E+9	1.739613000E-5
1.420843333E+9	1.731117000E-5
1.420846667E+9	1.720843000E-5
1.420850000E+9	1.744251000E-5
1.420853333E+9	1.739659000E-5
1.420856667E+9	1.753181000E-5
1.420860000E+9	1.723617000E-5
1.420863333E+9	1.743549000E-5
1.420866667E+9	1.719334000E-5
1.420870000E+9	1.728441000E-5
1.420873333E+9	1.726473000E-5
1.420876667E+9	1.717207000E-5
1.420880000E+9	1.713017000E-5
1.420883333E+9	1.731617000E-5
1.420886667E+9	1.718148000E-5
1.420890000E+9	1.697621000E-5
1.420893333E+9	1.710657000E-5
1.420896667E+9	1.765800000E-5
1.420900000E+9	1.771136000E-5
1.420903333E+9	1.780747000E-5
1.420906667E+9	1.747205000E-5
1.420910000E+9	1.749034000E-5
1.420913333E+9	1.761254000E-5
1.420916667E+9	1.798397000E-5
1.420920000E+9	1.778719000E-5
1.420923333E+9	1.733504000E-5
1.420926667E+9	1.847064000E-5
1.420930000E+9	1.747539000E-5
1.420933333E+9	1.731853000E-5
1.420936667E+9	1.770059000E-5
1.420940000E+9	1.749789000E-5
1.420943333E+9	1.690685000E-5
1.420946667E+9	1.716809000E-5
1.420950000E+9	1.757956000E-5
1.420953333E+9	1.706380000E-5
1.420956667E+9	1.731865000E-5
1.420960000E+9	1.758842000E-5
1.420963333E+9	1.711891000E-5
1.420966667E+9	1.735371000E-5
1.420970000E+9	1.792690000E-5
1.420973333E+9	1.722750000E-5
1.420976667E+9	1.718360000E-5
1.420980000E+9	1.758122000E-5
1.420983333E+9	1.749292000E-5
1.420986667E+9	1.763315000E-5
1.420990000E+9	1.781424000E-5
1.420993333E+9	1.735413000E-5
1.420996667E+9	1.739667000E-5
1.421000000E+9	1.708504000E-5
1.421003333E+9	1.736116000E-5
1.421006667E+9	1.702394000E-5
1.421010000E+9	1.778709000E-5
1.421013333E+9	1.731714000E-5
1.421016667E+9	1.724648000E-5
1.421020000E+9	1.711604000E-5
1.421023333E+9	1.699234000E-5
1.421026667E+9	1.727561000E-5
1.421030000E+9	1.735477000E-5
1.421033333E+9	1.748360000E-5
1.421036667E+9	1.720805000E-5
1.421040000E+9	1.786112000E-5
1.421043333E+9	1.742647000E-5
1.421046667E+9	1.735112000E-5
1.421050000E+9	1.687775000E-5
1.421053333E+9	1.753888000E-5
1.421056667E+9	1.741580000E-5
1.421060000E+9	1.765254000E-5
1.421063333E+9	1.755662000E-5
1.421066667E+9	1.752358000E-5
1.421070000E+9	1.735453000E-5
1.421073333E+9	1.714619000E-5
1.421076667E+9	1.748084000E-5
1.421080000E+9	1.766031000E-5
1.421083333E+9	1.709429000E-5
1.421086667E+9	1.764180000E-5
1.421090000E+9	1.733438000E-5
1.421093333E+9	1.746476000E-5
1.421096667E+9	1.774585000E-5
1.421100000E+9	1.753177000E-5
1.421103333E+9	1.742766000E-5
1.421106667E+9	1.761345000E-5
1.421110000E+9	1.733396000E-5
1.421113333E+9	1.768049000E-5
1.421116667E+9	1.777130000E-5
1.421120000E+9	1.752358000E-5
1.421123333E+9	1.753965000E-5
1.421126667E+9	1.741735000E-5
1.421130000E+9	1.772973000E-5
1.421133333E+9	1.783263000E-5
1.421136667E+9	1.765903000E-5
1.421140000E+9	1.725762000E-5
1.421143333E+9	1.739675000E-5
1.421146667E+9	1.764831000E-5
1.421150000E+9	1.760689000E-5
1.421153333E+9	1.759004000E-5
1.421156667E+9	1.777307000E-5
1.421160000E+9	1.767509000E-5
1.421163333E+9	1.772613000E-5
1.421166667E+9	1.771144000E-5
1.421170000E+9	1.725241000E-5
1.421173333E+9	1.768097000E-5
1.421176667E+9	1.738712000E-5
1.421180000E+9	1.740252000E-5
1.421183333E+9	1.779393000E-5
1.421186667E+9	1.763284000E-5
1.421190000E+9	1.749904000E-5
1.421193333E+9	1.748558000E-5
1.421196667E+9	1.743618000E-5
1.421200000E+9	1.753127000E-5
1.421203333E+9	1.746380000E-5
1.421206667E+9	1.783153000E-5
1.421210000E+9	1.778002000E-5
1.421213333E+9	1.745328000E-5
1.421216667E+9	1.748247000E-5
1.421220000E+9	1.778221000E-5
1.421223333E+9	1.712641000E-5
1.421226667E+9	1.748884000E-5
1.421230000E+9	1.726945000E-5
1.421233333E+9	1.753235000E-5
1.421236667E+9	1.775318000E-5
1.421240000E+9	1.734917000E-5
1.421243333E+9	1.738390000E-5
1.421246667E+9	1.744232000E-5
1.421250000E+9	1.740657000E-5
1.421253333E+9	1.758325000E-5
1.421256667E+9	1.761699000E-5
1.421260000E+9	1.760861000E-5
1.421263333E+9	1.761244000E-5
1.421266667E+9	1.756858000E-5
1.421270000E+9	1.769975000E-5
1.421273333E+9	1.717599000E-5
1.421276667E+9	1.758699000E-5
1.421280000E+9	1.733128000E-5
1.421283333E+9	1.747800000E-5
1.421286667E+9	1.734961000E-5
1.421290000E+9	1.763239000E-5
1.421293333E+9	1.776800000E-5
1.421296667E+9	1.772975000E-5
1.421300000E+9	1.789086000E-5
1.421303333E+9	1.748777000E-5
1.421306667E+9	1.736568000E-5
1.421310000E+9	1.718541000E-5
1.421313333E+9	1.771408000E-5
1.421316667E+9	1.725288000E-5
1.421320000E+9	1.747462000E-5
1.421323333E+9	1.733720000E-5
1.421326667E+9	1.755036000E-5
1.421330000E+9	1.765876000E-5
1.421333333E+9	1.747944000E-5
1.421336667E+9	1.760975000E-5
1.421340000E+9	1.744104000E-5
1.421343333E+9	1.773167000E-5
1.421346667E+9	1.766289000E-5
1.421350000E+9	1.754185000E-5
1.421353333E+9	1.709861000E-5
1.421356667E+9	1.735192000E-5
1.421360000E+9	1.742355000E-5
1.421363333E+9	1.788445000E-5
1.421366667E+9	1.944602000E-5
1.421370000E+9	1.797351000E-5
1.421373333E+9	1.752473000E-5
1.421376667E+9	1.728404000E-5
1.421380000E+9	1.756339000E-5
1.421383333E+9	1.757809000E-5
1.421386667E+9	1.782811000E-5
1.421390000E+9	1.739088000E-5
1.421393333E+9	1.782169000E-5
1.421396667E+9	1.766364000E-5
1.421400000E+9	1.752204000E-5
