Frequency, Hz	Amplitude, Volts
1.419400000E+9	1.526530000E-5
1.419403333E+9	1.526610000E-5
1.419406667E+9	1.529026000E-5
1.419410000E+9	1.510196000E-5
1.419413333E+9	1.622460000E-5
1.419416667E+9	1.557558000E-5
1.419420000E+9	1.513516000E-5
1.419423333E+9	1.514031000E-5
1.419426667E+9	1.535398000E-5
1.419430000E+9	1.537403000E-5
1.419433333E+9	1.544627000E-5
1.419436667E+9	1.533087000E-5
1.419440000E+9	1.554621000E-5
1.419443333E+9	1.533478000E-5
1.419446667E+9	1.569936000E-5
1.419450000E+9	1.794051000E-5
1.419453333E+9	1.616291000E-5
1.419456667E+9	1.513750000E-5
1.419460000E+9	1.517379000E-5
1.419463333E+9	1.530366000E-5
1.419466667E+9	1.536550000E-5
1.419470000E+9	1.491802000E-5
1.419473333E+9	1.512302000E-5
1.419476667E+9	1.541220000E-5
1.419480000E+9	1.489379000E-5
1.419483333E+9	1.509699000E-5
1.419486667E+9	1.530390000E-5
1.419490000E+9	1.551496000E-5
1.419493333E+9	1.512297000E-5
1.419496667E+9	1.519824000E-5
1.419500000E+9	1.540407000E-5
1.419503333E+9	1.517000000E-5
1.419506667E+9	1.531028000E-5
1.419510000E+9	1.514601000E-5
1.419513333E+9	1.529886000E-5
1.419516667E+9	1.482949000E-5
1.419520000E+9	1.516525000E-5
1.419523333E+9	1.532857000E-5
1.419526667E+9	1.524535000E-5
1.419530000E+9	1.517469000E-5
1.419533333E+9	1.535533000E-5
1.419536667E+9	1.554720000E-5
1.419540000E+9	1.546080000E-5
1.419543333E+9	1.526222000E-5
1.419546667E+9	1.518719000E-5
1.419550000E+9	1.534542000E-5
1.419553333E+9	1.505207000E-5
1.419556667E+9	1.505901000E-5
1.419560000E+9	1.507391000E-5
1.419563333E+9	1.532988000E-5
1.419566667E+9	1.556693000E-5
1.419570000E+9	1.536814000E-5
1.419573333E+9	1.524620000E-5
1.419576667E+9	1.521156000E-5
1.419580000E+9	1.530669000E-5
1.419583333E+9	1.486825000E-5
1.419586667E+9	1.511619000E-5
1.419590000E+9	1.529955000E-5
1.419593333E+9	1.540715000E-5
1.419596667E+9	1.521391000E-5
1.419600000E+9	1.552603000E-5
1.419603333E+9	1.555528000E-5
1.419606667E+9	1.503378000E-5
1.419610000E+9	1.513564000E-5
1.419613333E+9	1.506503000E-5
1.419616667E+9	1.521007000E-5
1.419620000E+9	1.530101000E-5
1.419623333E+9	1.549002000E-5
1.419626667E+9	1.528328000E-5
1.419630000E+9	1.524125000E-5
1.419633333E+9	1.516375000E-5
1.419636667E+9	1.540434000E-5
1.419640000E+9	1.550789000E-5
1.419643333E+9	1.521111000E-5
1.419646667E+9	1.517973000E-5
1.419650000E+9	1.528950000E-5
1.419653333E+9	1.540085000E-5
1.419656667E+9	1.515378000E-5
1.419660000E+9	1.499784000E-5
1.419663333E+9	1.494009000E-5
1.419666667E+9	1.543966000E-5
1.419670000E+9	1.533168000E-5
1.419673333E+9	1.509803000E-5
1.419676667E+9	1.548082000E-5
1.419680000E+9	1.516353000E-5
1.419683333E+9	1.527995000E-5
1.419686667E+9	1.499700000E-5
1.419690000E+9	1.534372000E-5
1.419693333E+9	1.563179000E-5
1.419696667E+9	1.542150000E-5
1.419700000E+9	1.530756000E-5
1.419703333E+9	1.522200000E-5
1.419706667E+9	1.525116000E-5
1.419710000E+9	1.550750000E-5
1.419713333E+9	1.536559000E-5
1.419716667E+9	1.513438000E-5
1.419720000E+9	1.524430000E-5
1.419723333E+9	1.556360000E-5
1.419726667E+9	1.535614000E-5
1.419730000E+9	1.516540000E-5
1.419733333E+9	1.552445000E-5
1.419736667E+9	1.540356000E-5
1.419740000E+9	1.610606000E-5
1.419743333E+9	1.747838000E-5
1.419746667E+9	1.540850000E-5
1.419750000E+9	1.558662000E-5
1.419753333E+9	1.531070000E-5
1.419756667E+9	1.525689000E-5
1.419760000E+9	1.529667000E-5
1.419763333E+9	1.534227000E-5
1.419766667E+9	1.542204000E-5
1.419770000E+9	1.552175000E-5
1.419773333E+9	1.524028000E-5
1.419776667E+9	1.530788000E-5
1.419780000E+9	1.536127000E-5
1.419783333E+9	1.523988000E-5
1.419786667E+9	1.534975000E-5
1.419790000E+9	1.531980000E-5
1.419793333E+9	1.510355000E-5
1.419796667E+9	1.527454000E-5
1.419800000E+9	1.539051000E-5
1.419803333E+9	1.503636000E-5
1.419806667E+9	1.531454000E-5
1.419810000E+9	1.522449000E-5
1.419813333E+9	1.523034000E-5
1.419816667E+9	1.543112000E-5
1.419820000E+9	1.537014000E-5
1.419823333E+9	1.522158000E-5
1.419826667E+9	1.533348000E-5
1.419830000E+9	1.494023000E-5
1.419833333E+9	1.519578000E-5
1.419836667E+9	1.523626000E-5
1.419840000E+9	1.517729000E-5
1.419843333E+9	1.518941000E-5
1.419846667E+9	1.524460000E-5
1.419850000E+9	1.520476000E-5
1.419853333E+9	1.542900000E-5
1.419856667E+9	1.516377000E-5
1.419860000E+9	1.559406000E-5
1.419863333E+9	1.544542000E-5
1.419866667E+9	1.554824000E-5
1.419870000E+9	1.527358000E-5
1.419873333E+9	1.516112000E-5
1.419876667E+9	1.579743000E-5
1.419880000E+9	1.532441000E-5
1.419883333E+9	1.538248000E-5
1.419886667E+9	1.552470000E-5
1.419890000E+9	1.542270000E-5
1.419893333E+9	1.542016000E-5
1.419896667E+9	1.538645000E-5
1.419900000E+9	1.552779000E-5
1.419903333E+9	1.506556000E-5
1.419906667E+9	1.490326000E-5
1.419910000E+9	1.512396000E-5
1.419913333E+9	1.526064000E-5
1.419916667E+9	1.539360000E-5
1.419920000E+9	1.550734000E-5
1.419923333E+9	1.516159000E-5
1.419926667E+9	1.507026000E-5
1.419930000E+9	1.528616000E-5
1.419933333E+9	1.513946000E-5
1.419936667E+9	1.541730000E-5
1.419940000E+9	1.556509000E-5
1.419943333E+9	1.539047000E-5
1.419946667E+9	1.519580000E-5
1.419950000E+9	1.541953000E-5
1.419953333E+9	1.495960000E-5
1.419956667E+9	1.545562000E-5
1.419960000E+9	1.512453000E-5
1.419963333E+9	1.533505000E-5
1.419966667E+9	1.536149000E-5
1.419970000E+9	1.552002000E-5
1.419973333E+9	1.521062000E-5
1.419976667E+9	1.530210000E-5
1.419980000E+9	1.551039000E-5
1.419983333E+9	1.553349000E-5
1.419986667E+9	1.501870000E-5
1.419990000E+9	1.547109000E-5
1.419993333E+9	1.535473000E-5
1.419996667E+9	1.507115000E-5
1.420000000E+9	1.528576000E-5
1.420003333E+9	1.523573000E-5
1.420006667E+9	1.521336000E-5
1.420010000E+9	1.557846000E-5
1.420013333E+9	1.506347000E-5
1.420016667E+9	1.510524000E-5
1.420020000E+9	1.531195000E-5
1.420023333E+9	1.516547000E-5
1.420026667E+9	1.547899000E-5
1.420030000E+9	1.530840000E-5
1.420033333E+9	1.607853000E-5
1.420036667E+9	1.703547000E-5
1.420040000E+9	1.537441000E-5
1.420043333E+9	1.541456000E-5
1.420046667E+9	1.564874000E-5
1.420050000E+9	1.570803000E-5
1.420053333E+9	1.524577000E-5
1.420056667E+9	1.515050000E-5
1.420060000E+9	1.529914000E-5
1.420063333E+9	1.542495000E-5
1.420066667E+9	1.516645000E-5
1.420070000E+9	1.501156000E-5
1.420073333E+9	1.495008000E-5
1.420076667E+9	1.497518000E-5
1.420080000E+9	1.530825000E-5
1.420083333E+9	1.505912000E-5
1.420086667E+9	1.512943000E-5
1.420090000E+9	1.549324000E-5
1.420093333E+9	1.541644000E-5
1.420096667E+9	1.537926000E-5
1.420100000E+9	1.485903000E-5
1.420103333E+9	1.504679000E-5
1.420106667E+9	1.525315000E-5
1.420110000E+9	1.521101000E-5
1.420113333E+9	1.519568000E-5
1.420116667E+9	1.522660000E-5
1.420120000E+9	1.490570000E-5
1.420123333E+9	1.539321000E-5
1.420126667E+9	1.538640000E-5
1.420130000E+9	1.510091000E-5
1.420133333E+9	1.513611000E-5
1.420136667E+9	1.532263000E-5
1.420140000E+9	1.517944000E-5
1.420143333E+9	1.516209000E-5
1.420146667E+9	1.507929000E-5
1.420150000E+9	1.502683000E-5
1.420153333E+9	1.526838000E-5
1.420156667E+9	1.533741000E-5
1.420160000E+9	1.567546000E-5
1.420163333E+9	1.533483000E-5
1.420166667E+9	1.513195000E-5
1.420170000E+9	1.528912000E-5
1.420173333E+9	1.507282000E-5
1.420176667E+9	1.519013000E-5
1.420180000E+9	1.522835000E-5
1.420183333E+9	1.531319000E-5
1.420186667E+9	1.503766000E-5
1.420190000E+9	1.542756000E-5
1.420193333E+9	1.505002000E-5
1.420196667E+9	1.566992000E-5
1.420200000E+9	1.540813000E-5
1.420203333E+9	1.491925000E-5
1.420206667E+9	1.489536000E-5
1.420210000E+9	1.506968000E-5
1.420213333E+9	1.538365000E-5
1.420216667E+9	1.528966000E-5
1.420220000E+9	1.488819000E-5
1.420223333E+9	1.539407000E-5
1.420226667E+9	1.559466000E-5
1.420230000E+9	1.517648000E-5
1.420233333E+9	1.539578000E-5
1.420236667E+9	1.502776000E-5
1.420240000E+9	1.502443000E-5
1.420243333E+9	1.509079000E-5
1.420246667E+9	1.507097000E-5
1.420250000E+9	1.531287000E-5
1.420253333E+9	1.536994000E-5
1.420256667E+9	1.555273000E-5
1.420260000E+9	1.546867000E-5
1.420263333E+9	1.517588000E-5
1.420266667E+9	1.545370000E-5
1.420270000E+9	1.530938000E-5
1.420273333E+9	1.546436000E-5
1.420276667E+9	1.552740000E-5
1.420280000E+9	1.535217000E-5
1.420283333E+9	1.526999000E-5
1.420286667E+9	1.552370000E-5
1.420290000E+9	1.534831000E-5
1.420293333E+9	1.543498000E-5
1.420296667E+9	1.609103000E-5
1.420300000E+9	1.549257000E-5
1.420303333E+9	1.528986000E-5
1.420306667E+9	1.531040000E-5
1.420310000E+9	1.606286000E-5
1.420313333E+9	1.557820000E-5
1.420316667E+9	1.569977000E-5
1.420320000E+9	1.607106000E-5
1.420323333E+9	1.556859000E-5
1.420326667E+9	1.663736000E-5
1.420330000E+9	1.726823000E-5
1.420333333E+9	1.599470000E-5
1.420336667E+9	1.565801000E-5
1.420340000E+9	1.589675000E-5
1.420343333E+9	1.613925000E-5
1.420346667E+9	1.657905000E-5
1.420350000E+9	1.585679000E-5
1.420353333E+9	1.639103000E-5
1.420356667E+9	1.652854000E-5
1.420360000E+9	1.698406000E-5
1.420363333E+9	1.693077000E-5
1.420366667E+9	1.699620000E-5
1.420370000E+9	1.663548000E-5
1.420373333E+9	1.688609000E-5
1.420376667E+9	1.725838000E-5
1.420380000E+9	1.761776000E-5
1.420383333E+9	1.773588000E-5
1.420386667E+9	1.755724000E-5
1.420390000E+9	1.742688000E-5
1.420393333E+9	1.787336000E-5
1.420396667E+9	1.784168000E-5
1.420400000E+9	1.798903000E-5
1.420403333E+9	1.809974000E-5
1.420406667E+9	1.808947000E-5
1.420410000E+9	1.785761000E-5
1.420413333E+9	1.770580000E-5
1.420416667E+9	1.804705000E-5
1.420420000E+9	1.787299000E-5
1.420423333E+9	1.806136000E-5
1.420426667E+9	1.802042000E-5
1.420430000E+9	1.795531000E-5
1.420433333E+9	1.743740000E-5
1.420436667E+9	1.761035000E-5
1.420440000E+9	1.758865000E-5
1.420443333E+9	1.797205000E-5
1.420446667E+9	1.787095000E-5
1.420450000E+9	1.818302000E-5
1.420453333E+9	1.828476000E-5
1.420456667E+9	1.771035000E-5
1.420460000E+9	1.774392000E-5
1.420463333E+9	1.761379000E-5
1.420466667E+9	1.752698000E-5
1.420470000E+9	1.725815000E-5
1.420473333E+9	1.741196000E-5
1.420476667E+9	1.717922000E-5
1.420480000E+9	1.748723000E-5
1.420483333E+9	1.726196000E-5
1.420486667E+9	1.706226000E-5
1.420490000E+9	1.692260000E-5
1.420493333E+9	1.669222000E-5
1.420496667E+9	1.693590000E-5
1.420500000E+9	1.698477000E-5
1.420503333E+9	1.675386000E-5
1.420506667E+9	1.665592000E-5
1.420510000E+9	1.627797000E-5
1.420513333E+9	1.650426000E-5
1.420516667E+9	1.668933000E-5
1.420520000E+9	1.672135000E-5
1.420523333E+9	1.610666000E-5
1.420526667E+9	1.613688000E-5
1.420530000E+9	1.663821000E-5
1.420533333E+9	1.667687000E-5
1.420536667E+9	1.635940000E-5
1.420540000E+9	1.639627000E-5
1.420543333E+9	1.602207000E-5
1.420546667E+9	1.626523000E-5
1.420550000E+9	1.625104000E-5
1.420553333E+9	1.652273000E-5
1.420556667E+9	1.628326000E-5
1.420560000E+9	1.615762000E-5
1.420563333E+9	1.610945000E-5
1.420566667E+9	1.584649000E-5
1.420570000E+9	1.627340000E-5
1.420573333E+9	1.597817000E-5
1.420576667E+9	1.616401000E-5
1.420580000E+9	1.653094000E-5
1.420583333E+9	1.591049000E-5
1.420586667E+9	1.574465000E-5
1.420590000E+9	1.714952000E-5
1.420593333E+9	1.622922000E-5
1.420596667E+9	1.595739000E-5
1.420600000E+9	1.588459000E-5
1.420603333E+9	1.648466000E-5
1.420606667E+9	1.625317000E-5
1.420610000E+9	1.632282000E-5
1.420613333E+9	1.604726000E-5
1.420616667E+9	1.607585000E-5
1.420620000E+9	1.823554000E-5
1.420623333E+9	1.810719000E-5
1.420626667E+9	1.607175000E-5
1.420630000E+9	1.601936000E-5
1.420633333E+9	1.595242000E-5
1.420636667E+9	1.631696000E-5
1.420640000E+9	1.607779000E-5
1.420643333E+9	1.657599000E-5
1.420646667E+9	1.676195000E-5
1.420650000E+9	1.590333000E-5
1.420653333E+9	1.593176000E-5
1.420656667E+9	1.600823000E-5
1.420660000E+9	1.600835000E-5
1.420663333E+9	1.616150000E-5
1.420666667E+9	1.606328000E-5
1.420670000E+9	1.578082000E-5
1.420673333E+9	1.592435000E-5
1.420676667E+9	1.582642000E-5
1.420680000E+9	1.590982000E-5
1.420683333E+9	1.578141000E-5
1.420686667E+9	1.593348000E-5
1.420690000E+9	1.569842000E-5
1.420693333E+9	1.586813000E-5
1.420696667E+9	1.607888000E-5
1.420700000E+9	1.596545000E-5
1.420703333E+9	1.584146000E-5
1.420706667E+9	1.595461000E-5
1.420710000E+9	1.580343000E-5
1.420713333E+9	1.579221000E-5
1.420716667E+9	1.580284000E-5
1.420720000E+9	1.610139000E-5
1.420723333E+9	1.609229000E-5
1.420726667E+9	1.608100000E-5
1.420730000E+9	1.597706000E-5
1.420733333E+9	1.576707000E-5
1.420736667E+9	1.602659000E-5
1.420740000E+9	1.591169000E-5
1.420743333E+9	1.619515000E-5
1.420746667E+9	1.623292000E-5
1.420750000E+9	1.592452000E-5
1.420753333E+9	1.617215000E-5
1.420756667E+9	1.694571000E-5
1.420760000E+9	1.632669000E-5
1.420763333E+9	1.614320000E-5
1.420766667E+9	1.624164000E-5
1.420770000E+9	1.620856000E-5
1.420773333E+9	1.632750000E-5
1.420776667E+9	1.651762000E-5
1.420780000E+9	1.658772000E-5
1.420783333E+9	1.648510000E-5
1.420786667E+9	1.659593000E-5
1.420790000E+9	1.626204000E-5
1.420793333E+9	1.744487000E-5
1.420796667E+9	1.701426000E-5
1.420800000E+9	1.640792000E-5
1.420803333E+9	1.638462000E-5
1.420806667E+9	1.605149000E-5
1.420810000E+9	1.602684000E-5
1.420813333E+9	1.606477000E-5
1.420816667E+9	1.648285000E-5
1.420820000E+9	1.609483000E-5
1.420823333E+9	1.612550000E-5
1.420826667E+9	1.595214000E-5
1.420830000E+9	1.629058000E-5
1.420833333E+9	1.608577000E-5
1.420836667E+9	1.620493000E-5
1.420840000E+9	1.596954000E-5
1.420843333E+9	1.611821000E-5
1.420846667E+9	1.578124000E-5
1.420850000E+9	1.570658000E-5
1.420853333E+9	1.577580000E-5
1.420856667E+9	1.565192000E-5
1.420860000E+9	1.613388000E-5
1.420863333E+9	1.569398000E-5
1.420866667E+9	1.585068000E-5
1.420870000E+9	1.615632000E-5
1.420873333E+9	1.598487000E-5
1.420876667E+9	1.577524000E-5
1.420880000E+9	1.552285000E-5
1.420883333E+9	1.693912000E-5
1.420886667E+9	1.659165000E-5
1.420890000E+9	1.584755000E-5
1.420893333E+9	1.539754000E-5
1.420896667E+9	1.553952000E-5
1.420900000E+9	1.570020000E-5
1.420903333E+9	1.585845000E-5
1.420906667E+9	1.650060000E-5
1.420910000E+9	1.559192000E-5
1.420913333E+9	2.177807000E-5
1.420916667E+9	1.924162000E-5
1.420920000E+9	1.619845000E-5
1.420923333E+9	1.547462000E-5
1.420926667E+9	1.541994000E-5
1.420930000E+9	1.557377000E-5
1.420933333E+9	1.555157000E-5
1.420936667E+9	1.568041000E-5
1.420940000E+9	1.561047000E-5
1.420943333E+9	1.642007000E-5
1.420946667E+9	1.574384000E-5
1.420950000E+9	1.545187000E-5
1.420953333E+9	1.558631000E-5
1.420956667E+9	1.562665000E-5
1.420960000E+9	1.526356000E-5
1.420963333E+9	1.543202000E-5
1.420966667E+9	1.552567000E-5
1.420970000E+9	1.542978000E-5
1.420973333E+9	1.563032000E-5
1.420976667E+9	1.521118000E-5
1.420980000E+9	1.549416000E-5
1.420983333E+9	1.540764000E-5
1.420986667E+9	1.561013000E-5
1.420990000E+9	1.547002000E-5
1.420993333E+9	1.552315000E-5
1.420996667E+9	1.535304000E-5
1.421000000E+9	1.512170000E-5
1.421003333E+9	1.551545000E-5
1.421006667E+9	1.539342000E-5
1.421010000E+9	1.550528000E-5
1.421013333E+9	1.523938000E-5
1.421016667E+9	1.565983000E-5
1.421020000E+9	1.576524000E-5
1.421023333E+9	1.562738000E-5
1.421026667E+9	1.501318000E-5
1.421030000E+9	1.496448000E-5
1.421033333E+9	1.521420000E-5
1.421036667E+9	1.542353000E-5
1.421040000E+9	1.542043000E-5
1.421043333E+9	1.520635000E-5
1.421046667E+9	1.523103000E-5
1.421050000E+9	1.522145000E-5
1.421053333E+9	1.580604000E-5
1.421056667E+9	1.557226000E-5
1.421060000E+9	1.532576000E-5
1.421063333E+9	1.527511000E-5
1.421066667E+9	1.541066000E-5
1.421070000E+9	1.521975000E-5
1.421073333E+9	1.472785000E-5
1.421076667E+9	1.529772000E-5
1.421080000E+9	1.523713000E-5
1.421083333E+9	1.515458000E-5
1.421086667E+9	1.530539000E-5
1.421090000E+9	1.547183000E-5
1.421093333E+9	1.613951000E-5
1.421096667E+9	1.561961000E-5
1.421100000E+9	1.570287000E-5
1.421103333E+9	1.540593000E-5
1.421106667E+9	1.553250000E-5
1.421110000E+9	1.506442000E-5
1.421113333E+9	1.504595000E-5
1.421116667E+9	1.527994000E-5
1.421120000E+9	1.502716000E-5
1.421123333E+9	1.543722000E-5
1.421126667E+9	1.561570000E-5
1.421130000E+9	1.576046000E-5
1.421133333E+9	1.535334000E-5
1.421136667E+9	1.562493000E-5
1.421140000E+9	1.538544000E-5
1.421143333E+9	1.546076000E-5
1.421146667E+9	1.534633000E-5
1.421150000E+9	1.519694000E-5
1.421153333E+9	1.573691000E-5
1.421156667E+9	1.572264000E-5
1.421160000E+9	1.524011000E-5
1.421163333E+9	1.528141000E-5
1.421166667E+9	1.550338000E-5
1.421170000E+9	1.521844000E-5
1.421173333E+9	1.525277000E-5
1.421176667E+9	1.609688000E-5
1.421180000E+9	1.706297000E-5
1.421183333E+9	1.519720000E-5
1.421186667E+9	1.540170000E-5
1.421190000E+9	1.561388000E-5
1.421193333E+9	1.560360000E-5
1.421196667E+9	1.505526000E-5
1.421200000E+9	1.537281000E-5
1.421203333E+9	1.571731000E-5
1.421206667E+9	1.793200000E-5
1.421210000E+9	1.644933000E-5
1.421213333E+9	1.536916000E-5
1.421216667E+9	1.566628000E-5
1.421220000E+9	1.663141000E-5
1.421223333E+9	1.615224000E-5
1.421226667E+9	1.525885000E-5
1.421230000E+9	1.550423000E-5
1.421233333E+9	1.535265000E-5
1.421236667E+9	1.499726000E-5
1.421240000E+9	1.516555000E-5
1.421243333E+9	1.550755000E-5
1.421246667E+9	1.543444000E-5
1.421250000E+9	1.544481000E-5
1.421253333E+9	1.519010000E-5
1.421256667E+9	1.530909000E-5
1.421260000E+9	1.521331000E-5
1.421263333E+9	1.532811000E-5
1.421266667E+9	1.527578000E-5
1.421270000E+9	1.553637000E-5
1.421273333E+9	1.525433000E-5
1.421276667E+9	1.523851000E-5
1.421280000E+9	1.579049000E-5
1.421283333E+9	1.562548000E-5
1.421286667E+9	1.610958000E-5
1.421290000E+9	1.640632000E-5
1.421293333E+9	1.559634000E-5
1.421296667E+9	1.552527000E-5
1.421300000E+9	1.506681000E-5
1.421303333E+9	1.517833000E-5
1.421306667E+9	1.511772000E-5
1.421310000E+9	1.506536000E-5
1.421313333E+9	1.537639000E-5
1.421316667E+9	1.554971000E-5
1.421320000E+9	1.531159000E-5
1.421323333E+9	1.515827000E-5
1.421326667E+9	1.517618000E-5
1.421330000E+9	1.499947000E-5
1.421333333E+9	1.536100000E-5
1.421336667E+9	1.532057000E-5
1.421340000E+9	1.508209000E-5
1.421343333E+9	1.536597000E-5
1.421346667E+9	1.539085000E-5
1.421350000E+9	1.538872000E-5
1.421353333E+9	1.647156000E-5
1.421356667E+9	1.771235000E-5
1.421360000E+9	1.585303000E-5
1.421363333E+9	1.546742000E-5
1.421366667E+9	1.599257000E-5
1.421370000E+9	1.549584000E-5
1.421373333E+9	1.548353000E-5
1.421376667E+9	1.559435000E-5
1.421380000E+9	1.542810000E-5
1.421383333E+9	1.562296000E-5
1.421386667E+9	1.526114000E-5
1.421390000E+9	1.551669000E-5
1.421393333E+9	1.554872000E-5
1.421396667E+9	1.494437000E-5
1.421400000E+9	1.546020000E-5
