Frequency, Hz	Amplitude, Volts
1.419400000E+9	1.542089000E-5
1.419403333E+9	1.548210000E-5
1.419406667E+9	1.541229000E-5
1.419410000E+9	1.555250000E-5
1.419413333E+9	1.585317000E-5
1.419416667E+9	1.566265000E-5
1.419420000E+9	1.558831000E-5
1.419423333E+9	1.517238000E-5
1.419426667E+9	1.530800000E-5
1.419430000E+9	1.542349000E-5
1.419433333E+9	1.582469000E-5
1.419436667E+9	1.524117000E-5
1.419440000E+9	1.535412000E-5
1.419443333E+9	1.535506000E-5
1.419446667E+9	1.535670000E-5
1.419450000E+9	1.565233000E-5
1.419453333E+9	1.567366000E-5
1.419456667E+9	1.569096000E-5
1.419460000E+9	1.533235000E-5
1.419463333E+9	1.537097000E-5
1.419466667E+9	1.531309000E-5
1.419470000E+9	1.517884000E-5
1.419473333E+9	1.549563000E-5
1.419476667E+9	1.553809000E-5
1.419480000E+9	1.553598000E-5
1.419483333E+9	1.559177000E-5
1.419486667E+9	1.507006000E-5
1.419490000E+9	1.541681000E-5
1.419493333E+9	1.521388000E-5
1.419496667E+9	1.541434000E-5
1.419500000E+9	1.559434000E-5
1.419503333E+9	1.555164000E-5
1.419506667E+9	1.528026000E-5
1.419510000E+9	1.550930000E-5
1.419513333E+9	1.531661000E-5
1.419516667E+9	1.561315000E-5
1.419520000E+9	1.549026000E-5
1.419523333E+9	1.560898000E-5
1.419526667E+9	1.523508000E-5
1.419530000E+9	1.591479000E-5
1.419533333E+9	1.549380000E-5
1.419536667E+9	1.528731000E-5
1.419540000E+9	1.569699000E-5
1.419543333E+9	1.533483000E-5
1.419546667E+9	1.547041000E-5
1.419550000E+9	1.545604000E-5
1.419553333E+9	1.534999000E-5
1.419556667E+9	1.501250000E-5
1.419560000E+9	1.530709000E-5
1.419563333E+9	1.529991000E-5
1.419566667E+9	1.528861000E-5
1.419570000E+9	1.565304000E-5
1.419573333E+9	1.548961000E-5
1.419576667E+9	1.526860000E-5
1.419580000E+9	1.518993000E-5
1.419583333E+9	1.516725000E-5
1.419586667E+9	1.506792000E-5
1.419590000E+9	1.562996000E-5
1.419593333E+9	1.567731000E-5
1.419596667E+9	1.546813000E-5
1.419600000E+9	1.531274000E-5
1.419603333E+9	1.579805000E-5
1.419606667E+9	1.574491000E-5
1.419610000E+9	1.544688000E-5
1.419613333E+9	1.550605000E-5
1.419616667E+9	1.510796000E-5
1.419620000E+9	1.523431000E-5
1.419623333E+9	1.555598000E-5
1.419626667E+9	1.526622000E-5
1.419630000E+9	1.519160000E-5
1.419633333E+9	1.520399000E-5
1.419636667E+9	1.534588000E-5
1.419640000E+9	1.538333000E-5
1.419643333E+9	1.537423000E-5
1.419646667E+9	1.519759000E-5
1.419650000E+9	1.549992000E-5
1.419653333E+9	1.477497000E-5
1.419656667E+9	1.515987000E-5
1.419660000E+9	1.508154000E-5
1.419663333E+9	1.507083000E-5
1.419666667E+9	1.549533000E-5
1.419670000E+9	1.546290000E-5
1.419673333E+9	1.540388000E-5
1.419676667E+9	1.524286000E-5
1.419680000E+9	1.549211000E-5
1.419683333E+9	1.526724000E-5
1.419686667E+9	1.511503000E-5
1.419690000E+9	1.528343000E-5
1.419693333E+9	1.559309000E-5
1.419696667E+9	1.546339000E-5
1.419700000E+9	1.527945000E-5
1.419703333E+9	1.506245000E-5
1.419706667E+9	1.546326000E-5
1.419710000E+9	1.540436000E-5
1.419713333E+9	1.509471000E-5
1.419716667E+9	1.561126000E-5
1.419720000E+9	1.537102000E-5
1.419723333E+9	1.509208000E-5
1.419726667E+9	1.534401000E-5
1.419730000E+9	1.523864000E-5
1.419733333E+9	1.559331000E-5
1.419736667E+9	1.511543000E-5
1.419740000E+9	1.529667000E-5
1.419743333E+9	1.581354000E-5
1.419746667E+9	1.526438000E-5
1.419750000E+9	1.546895000E-5
1.419753333E+9	1.580487000E-5
1.419756667E+9	1.572530000E-5
1.419760000E+9	1.569251000E-5
1.419763333E+9	1.543105000E-5
1.419766667E+9	1.498239000E-5
1.419770000E+9	1.525771000E-5
1.419773333E+9	1.531869000E-5
1.419776667E+9	1.511078000E-5
1.419780000E+9	1.552813000E-5
1.419783333E+9	1.525898000E-5
1.419786667E+9	1.509647000E-5
1.419790000E+9	1.536935000E-5
1.419793333E+9	1.537453000E-5
1.419796667E+9	1.511475000E-5
1.419800000E+9	1.500683000E-5
1.419803333E+9	1.551475000E-5
1.419806667E+9	1.524286000E-5
1.419810000E+9	1.523906000E-5
1.419813333E+9	1.550367000E-5
1.419816667E+9	1.548108000E-5
1.419820000E+9	1.558693000E-5
1.419823333E+9	1.557334000E-5
1.419826667E+9	1.534069000E-5
1.419830000E+9	1.554000000E-5
1.419833333E+9	1.534276000E-5
1.419836667E+9	1.533384000E-5
1.419840000E+9	1.530370000E-5
1.419843333E+9	1.532946000E-5
1.419846667E+9	1.536059000E-5
1.419850000E+9	1.556589000E-5
1.419853333E+9	1.536120000E-5
1.419856667E+9	1.528366000E-5
1.419860000E+9	1.529550000E-5
1.419863333E+9	1.546350000E-5
1.419866667E+9	1.553412000E-5
1.419870000E+9	1.510662000E-5
1.419873333E+9	1.510231000E-5
1.419876667E+9	1.507992000E-5
1.419880000E+9	1.534522000E-5
1.419883333E+9	1.548977000E-5
1.419886667E+9	1.525685000E-5
1.419890000E+9	1.545968000E-5
1.419893333E+9	1.529313000E-5
1.419896667E+9	1.527687000E-5
1.419900000E+9	1.546871000E-5
1.419903333E+9	1.566948000E-5
1.419906667E+9	1.509233000E-5
1.419910000E+9	1.528569000E-5
1.419913333E+9	1.526729000E-5
1.419916667E+9	1.533150000E-5
1.419920000E+9	1.510445000E-5
1.419923333E+9	1.515228000E-5
1.419926667E+9	1.527524000E-5
1.419930000E+9	1.532306000E-5
1.419933333E+9	1.549628000E-5
1.419936667E+9	1.541948000E-5
1.419940000E+9	1.549448000E-5
1.419943333E+9	1.557208000E-5
1.419946667E+9	1.522045000E-5
1.419950000E+9	1.528254000E-5
1.419953333E+9	1.518006000E-5
1.419956667E+9	1.486939000E-5
1.419960000E+9	1.531486000E-5
1.419963333E+9	1.532145000E-5
1.419966667E+9	1.534787000E-5
1.419970000E+9	1.558210000E-5
1.419973333E+9	1.552946000E-5
1.419976667E+9	1.557673000E-5
1.419980000E+9	1.642919000E-5
1.419983333E+9	1.543451000E-5
1.419986667E+9	1.538237000E-5
1.419990000E+9	1.520675000E-5
1.419993333E+9	1.571640000E-5
1.419996667E+9	1.528455000E-5
1.420000000E+9	1.617842000E-5
1.420003333E+9	1.729848000E-5
1.420006667E+9	1.559757000E-5
1.420010000E+9	1.550462000E-5
1.420013333E+9	1.531684000E-5
1.420016667E+9	1.571612000E-5
1.420020000E+9	1.549548000E-5
1.420023333E+9	1.538929000E-5
1.420026667E+9	1.554109000E-5
1.420030000E+9	1.541764000E-5
1.420033333E+9	1.544386000E-5
1.420036667E+9	1.541552000E-5
1.420040000E+9	1.537436000E-5
1.420043333E+9	1.516247000E-5
1.420046667E+9	1.523837000E-5
1.420050000E+9	1.567538000E-5
1.420053333E+9	1.576390000E-5
1.420056667E+9	1.504683000E-5
1.420060000E+9	1.487375000E-5
1.420063333E+9	1.524440000E-5
1.420066667E+9	1.531819000E-5
1.420070000E+9	1.516209000E-5
1.420073333E+9	1.520451000E-5
1.420076667E+9	1.516209000E-5
1.420080000E+9	1.532379000E-5
1.420083333E+9	1.525533000E-5
1.420086667E+9	1.542253000E-5
1.420090000E+9	1.491224000E-5
1.420093333E+9	1.542719000E-5
1.420096667E+9	1.554872000E-5
1.420100000E+9	1.532697000E-5
1.420103333E+9	1.540914000E-5
1.420106667E+9	1.526801000E-5
1.420110000E+9	1.530207000E-5
1.420113333E+9	1.505283000E-5
1.420116667E+9	1.520279000E-5
1.420120000E+9	1.500127000E-5
1.420123333E+9	1.527950000E-5
1.420126667E+9	1.520384000E-5
1.420130000E+9	1.492233000E-5
1.420133333E+9	1.549911000E-5
1.420136667E+9	1.552160000E-5
1.420140000E+9	1.514157000E-5
1.420143333E+9	1.484155000E-5
1.420146667E+9	1.512853000E-5
1.420150000E+9	1.522570000E-5
1.420153333E+9	1.497594000E-5
1.420156667E+9	1.509283000E-5
1.420160000E+9	1.563198000E-5
1.420163333E+9	1.529100000E-5
1.420166667E+9	1.565211000E-5
1.420170000E+9	1.540554000E-5
1.420173333E+9	1.494168000E-5
1.420176667E+9	1.525324000E-5
1.420180000E+9	1.552680000E-5
1.420183333E+9	1.551734000E-5
1.420186667E+9	1.541297000E-5
1.420190000E+9	1.503266000E-5
1.420193333E+9	1.542678000E-5
1.420196667E+9	1.511387000E-5
1.420200000E+9	1.541405000E-5
1.420203333E+9	1.538615000E-5
1.420206667E+9	1.511380000E-5
1.420210000E+9	1.516207000E-5
1.420213333E+9	1.495192000E-5
1.420216667E+9	1.516726000E-5
1.420220000E+9	1.519433000E-5
1.420223333E+9	1.529721000E-5
1.420226667E+9	1.521635000E-5
1.420230000E+9	1.515693000E-5
1.420233333E+9	1.546803000E-5
1.420236667E+9	1.495627000E-5
1.420240000E+9	1.553925000E-5
1.420243333E+9	1.536478000E-5
1.420246667E+9	1.503218000E-5
1.420250000E+9	1.527813000E-5
1.420253333E+9	1.496486000E-5
1.420256667E+9	1.505263000E-5
1.420260000E+9	1.515773000E-5
1.420263333E+9	1.522799000E-5
1.420266667E+9	1.546173000E-5
1.420270000E+9	1.531822000E-5
1.420273333E+9	1.522317000E-5
1.420276667E+9	1.543815000E-5
1.420280000E+9	1.546015000E-5
1.420283333E+9	1.517261000E-5
1.420286667E+9	1.529479000E-5
1.420290000E+9	1.517469000E-5
1.420293333E+9	1.527628000E-5
1.420296667E+9	1.579268000E-5
1.420300000E+9	1.528824000E-5
1.420303333E+9	1.529342000E-5
1.420306667E+9	1.524321000E-5
1.420310000E+9	1.552499000E-5
1.420313333E+9	1.535800000E-5
1.420316667E+9	1.519959000E-5
1.420320000E+9	1.553352000E-5
1.420323333E+9	1.549380000E-5
1.420326667E+9	1.525350000E-5
1.420330000E+9	1.532978000E-5
1.420333333E+9	1.554299000E-5
1.420336667E+9	1.530154000E-5
1.420340000E+9	1.532239000E-5
1.420343333E+9	1.542963000E-5
1.420346667E+9	1.548584000E-5
1.420350000E+9	1.553263000E-5
1.420353333E+9	1.537735000E-5
1.420356667E+9	1.508580000E-5
1.420360000E+9	1.502320000E-5
1.420363333E+9	1.507474000E-5
1.420366667E+9	1.553398000E-5
1.420370000E+9	1.526193000E-5
1.420373333E+9	1.539825000E-5
1.420376667E+9	1.538407000E-5
1.420380000E+9	1.538721000E-5
1.420383333E+9	1.517444000E-5
1.420386667E+9	1.521978000E-5
1.420390000E+9	1.520041000E-5
1.420393333E+9	1.496617000E-5
1.420396667E+9	1.487945000E-5
1.420400000E+9	1.572844000E-5
1.420403333E+9	1.534863000E-5
1.420406667E+9	1.546506000E-5
1.420410000E+9	1.517669000E-5
1.420413333E+9	1.522658000E-5
1.420416667E+9	1.528860000E-5
1.420420000E+9	1.552009000E-5
1.420423333E+9	1.559074000E-5
1.420426667E+9	1.536097000E-5
1.420430000E+9	1.541344000E-5
1.420433333E+9	1.544227000E-5
1.420436667E+9	1.571412000E-5
1.420440000E+9	1.560204000E-5
1.420443333E+9	1.515486000E-5
1.420446667E+9	1.550367000E-5
1.420450000E+9	1.550840000E-5
1.420453333E+9	1.531896000E-5
1.420456667E+9	1.556075000E-5
1.420460000E+9	1.584256000E-5
1.420463333E+9	1.568011000E-5
1.420466667E+9	1.545000000E-5
1.420470000E+9	1.565584000E-5
1.420473333E+9	1.617686000E-5
1.420476667E+9	1.574159000E-5
1.420480000E+9	1.633247000E-5
1.420483333E+9	1.635125000E-5
1.420486667E+9	1.687656000E-5
1.420490000E+9	1.685132000E-5
1.420493333E+9	1.690933000E-5
1.420496667E+9	1.695006000E-5
1.420500000E+9	1.739785000E-5
1.420503333E+9	1.717417000E-5
1.420506667E+9	1.707527000E-5
1.420510000E+9	1.699100000E-5
1.420513333E+9	1.713563000E-5
1.420516667E+9	1.690785000E-5
1.420520000E+9	1.691373000E-5
1.420523333E+9	1.699708000E-5
1.420526667E+9	1.704144000E-5
1.420530000E+9	1.703605000E-5
1.420533333E+9	1.708573000E-5
1.420536667E+9	1.678044000E-5
1.420540000E+9	1.721563000E-5
1.420543333E+9	1.732022000E-5
1.420546667E+9	1.694855000E-5
1.420550000E+9	1.684879000E-5
1.420553333E+9	1.691234000E-5
1.420556667E+9	1.696263000E-5
1.420560000E+9	1.695712000E-5
1.420563333E+9	1.681425000E-5
1.420566667E+9	1.695604000E-5
1.420570000E+9	1.691002000E-5
1.420573333E+9	1.694409000E-5
1.420576667E+9	1.626916000E-5
1.420580000E+9	1.669493000E-5
1.420583333E+9	1.675300000E-5
1.420586667E+9	1.654871000E-5
1.420590000E+9	1.704352000E-5
1.420593333E+9	1.655751000E-5
1.420596667E+9	1.660488000E-5
1.420600000E+9	1.633397000E-5
1.420603333E+9	1.660164000E-5
1.420606667E+9	1.657920000E-5
1.420610000E+9	1.661378000E-5
1.420613333E+9	1.701101000E-5
1.420616667E+9	1.631254000E-5
1.420620000E+9	1.636104000E-5
1.420623333E+9	1.645452000E-5
1.420626667E+9	1.644545000E-5
1.420630000E+9	1.671432000E-5
1.420633333E+9	1.716602000E-5
1.420636667E+9	1.669728000E-5
1.420640000E+9	1.705484000E-5
1.420643333E+9	1.699460000E-5
1.420646667E+9	1.698809000E-5
1.420650000E+9	1.787888000E-5
1.420653333E+9	1.675644000E-5
1.420656667E+9	1.730122000E-5
1.420660000E+9	1.713777000E-5
1.420663333E+9	1.699217000E-5
1.420666667E+9	1.736894000E-5
1.420670000E+9	1.744954000E-5
1.420673333E+9	1.745192000E-5
1.420676667E+9	1.721750000E-5
1.420680000E+9	1.750952000E-5
1.420683333E+9	1.748806000E-5
1.420686667E+9	1.724855000E-5
1.420690000E+9	1.729506000E-5
1.420693333E+9	1.743828000E-5
1.420696667E+9	1.711230000E-5
1.420700000E+9	1.709887000E-5
1.420703333E+9	1.677541000E-5
1.420706667E+9	1.705129000E-5
1.420710000E+9	1.689868000E-5
1.420713333E+9	1.651352000E-5
1.420716667E+9	1.681615000E-5
1.420720000E+9	1.638793000E-5
1.420723333E+9	1.651834000E-5
1.420726667E+9	1.629090000E-5
1.420730000E+9	1.664775000E-5
1.420733333E+9	1.656386000E-5
1.420736667E+9	1.645922000E-5
1.420740000E+9	1.628673000E-5
1.420743333E+9	1.644491000E-5
1.420746667E+9	1.641891000E-5
1.420750000E+9	1.580781000E-5
1.420753333E+9	1.616619000E-5
1.420756667E+9	1.599797000E-5
1.420760000E+9	1.684833000E-5
1.420763333E+9	1.654099000E-5
1.420766667E+9	1.584384000E-5
1.420770000E+9	1.630273000E-5
1.420773333E+9	1.606549000E-5
1.420776667E+9	1.624813000E-5
1.420780000E+9	1.584718000E-5
1.420783333E+9	1.589537000E-5
1.420786667E+9	1.556690000E-5
1.420790000E+9	1.600698000E-5
1.420793333E+9	1.582910000E-5
1.420796667E+9	1.637826000E-5
1.420800000E+9	1.641113000E-5
1.420803333E+9	1.551746000E-5
1.420806667E+9	1.527524000E-5
1.420810000E+9	1.571450000E-5
1.420813333E+9	1.579535000E-5
1.420816667E+9	1.585199000E-5
1.420820000E+9	1.577840000E-5
1.420823333E+9	1.553700000E-5
1.420826667E+9	1.568252000E-5
1.420830000E+9	1.576617000E-5
1.420833333E+9	1.551572000E-5
1.420836667E+9	1.567299000E-5
1.420840000E+9	1.547533000E-5
1.420843333E+9	1.538015000E-5
1.420846667E+9	1.555632000E-5
1.420850000E+9	1.547058000E-5
1.420853333E+9	1.523744000E-5
1.420856667E+9	1.542292000E-5
1.420860000E+9	1.539954000E-5
1.420863333E+9	1.573264000E-5
1.420866667E+9	1.537480000E-5
1.420870000E+9	1.574633000E-5
1.420873333E+9	1.574533000E-5
1.420876667E+9	1.510619000E-5
1.420880000E+9	1.521533000E-5
1.420883333E+9	1.723847000E-5
1.420886667E+9	1.618674000E-5
1.420890000E+9	1.530124000E-5
1.420893333E+9	1.553018000E-5
1.420896667E+9	1.567855000E-5
1.420900000E+9	1.575119000E-5
1.420903333E+9	1.544205000E-5
1.420906667E+9	1.581126000E-5
1.420910000E+9	1.578190000E-5
1.420913333E+9	1.533976000E-5
1.420916667E+9	1.573019000E-5
1.420920000E+9	1.578654000E-5
1.420923333E+9	1.561591000E-5
1.420926667E+9	1.555494000E-5
1.420930000E+9	1.554690000E-5
1.420933333E+9	1.518068000E-5
1.420936667E+9	1.526273000E-5
1.420940000E+9	1.560054000E-5
1.420943333E+9	1.512755000E-5
1.420946667E+9	1.598636000E-5
1.420950000E+9	1.536068000E-5
1.420953333E+9	1.544059000E-5
1.420956667E+9	1.506053000E-5
1.420960000E+9	1.489326000E-5
1.420963333E+9	1.535353000E-5
1.420966667E+9	1.529127000E-5
1.420970000E+9	1.546232000E-5
1.420973333E+9	1.526744000E-5
1.420976667E+9	1.530405000E-5
1.420980000E+9	1.514324000E-5
1.420983333E+9	1.538367000E-5
1.420986667E+9	1.549108000E-5
1.420990000E+9	1.507996000E-5
1.420993333E+9	1.494427000E-5
1.420996667E+9	1.498405000E-5
1.421000000E+9	1.529726000E-5
1.421003333E+9	1.539984000E-5
1.421006667E+9	1.525183000E-5
1.421010000E+9	1.545275000E-5
1.421013333E+9	1.509672000E-5
1.421016667E+9	1.526329000E-5
1.421020000E+9	1.528663000E-5
1.421023333E+9	1.530030000E-5
1.421026667E+9	1.512302000E-5
1.421030000E+9	1.538198000E-5
1.421033333E+9	1.540726000E-5
1.421036667E+9	1.493230000E-5
1.421040000E+9	1.489712000E-5
1.421043333E+9	1.518860000E-5
1.421046667E+9	1.524580000E-5
1.421050000E+9	1.522254000E-5
1.421053333E+9	1.512316000E-5
1.421056667E+9	1.539727000E-5
1.421060000E+9	1.567879000E-5
1.421063333E+9	1.529750000E-5
1.421066667E+9	1.502030000E-5
1.421070000E+9	1.516861000E-5
1.421073333E+9	1.521508000E-5
1.421076667E+9	1.477074000E-5
1.421080000E+9	1.525985000E-5
1.421083333E+9	1.535252000E-5
1.421086667E+9	1.501808000E-5
1.421090000E+9	1.513835000E-5
1.421093333E+9	1.530887000E-5
1.421096667E+9	1.605517000E-5
1.421100000E+9	1.521209000E-5
1.421103333E+9	1.512302000E-5
1.421106667E+9	1.522840000E-5
1.421110000E+9	1.501870000E-5
1.421113333E+9	1.543807000E-5
1.421116667E+9	1.511092000E-5
1.421120000E+9	1.514324000E-5
1.421123333E+9	1.509564000E-5
1.421126667E+9	1.534965000E-5
1.421130000E+9	1.518346000E-5
1.421133333E+9	1.547340000E-5
1.421136667E+9	1.524005000E-5
1.421140000E+9	1.519578000E-5
1.421143333E+9	1.524533000E-5
1.421146667E+9	1.488901000E-5
1.421150000E+9	1.514250000E-5
1.421153333E+9	1.502464000E-5
1.421156667E+9	1.533215000E-5
1.421160000E+9	1.512190000E-5
1.421163333E+9	1.522242000E-5
1.421166667E+9	1.513247000E-5
1.421170000E+9	1.527558000E-5
1.421173333E+9	1.542604000E-5
1.421176667E+9	1.628596000E-5
1.421180000E+9	1.730143000E-5
1.421183333E+9	1.505319000E-5
1.421186667E+9	1.520715000E-5
1.421190000E+9	1.559593000E-5
1.421193333E+9	1.559141000E-5
1.421196667E+9	1.516550000E-5
1.421200000E+9	1.517893000E-5
1.421203333E+9	1.514324000E-5
1.421206667E+9	1.481752000E-5
1.421210000E+9	1.533020000E-5
1.421213333E+9	1.506657000E-5
1.421216667E+9	1.498721000E-5
1.421220000E+9	1.489016000E-5
1.421223333E+9	1.514307000E-5
1.421226667E+9	1.503355000E-5
1.421230000E+9	1.514497000E-5
1.421233333E+9	1.508568000E-5
1.421236667E+9	1.502446000E-5
1.421240000E+9	1.505340000E-5
1.421243333E+9	1.518778000E-5
1.421246667E+9	1.525759000E-5
1.421250000E+9	1.517343000E-5
1.421253333E+9	1.512755000E-5
1.421256667E+9	1.535810000E-5
1.421260000E+9	1.528717000E-5
1.421263333E+9	1.515896000E-5
1.421266667E+9	1.531304000E-5
1.421270000E+9	1.536719000E-5
1.421273333E+9	1.511387000E-5
1.421276667E+9	1.514091000E-5
1.421280000E+9	1.538318000E-5
1.421283333E+9	1.551143000E-5
1.421286667E+9	1.534980000E-5
1.421290000E+9	1.507183000E-5
1.421293333E+9	1.480046000E-5
1.421296667E+9	1.485364000E-5
1.421300000E+9	1.511055000E-5
1.421303333E+9	1.495277000E-5
1.421306667E+9	1.504148000E-5
1.421310000E+9	1.502789000E-5
1.421313333E+9	1.503159000E-5
1.421316667E+9	1.487071000E-5
1.421320000E+9	1.517773000E-5
1.421323333E+9	1.500613000E-5
1.421326667E+9	1.472116000E-5
1.421330000E+9	1.515538000E-5
1.421333333E+9	1.495228000E-5
1.421336667E+9	1.509324000E-5
1.421340000E+9	1.516442000E-5
1.421343333E+9	1.489504000E-5
1.421346667E+9	1.496599000E-5
1.421350000E+9	1.515658000E-5
1.421353333E+9	1.538713000E-5
1.421356667E+9	1.510607000E-5
1.421360000E+9	1.527153000E-5
1.421363333E+9	1.489058000E-5
1.421366667E+9	1.560508000E-5
1.421370000E+9	1.519824000E-5
1.421373333E+9	1.528646000E-5
1.421376667E+9	1.531096000E-5
1.421380000E+9	1.482593000E-5
1.421383333E+9	1.490247000E-5
1.421386667E+9	1.510370000E-5
1.421390000E+9	1.474261000E-5
1.421393333E+9	1.509271000E-5
1.421396667E+9	1.494201000E-5
1.421400000E+9	1.497229000E-5
