Frequency, Hz	Amplitude, Volts
1.419400000E+9	1.789887000E-5
1.419403333E+9	1.753805000E-5
1.419406667E+9	1.781739000E-5
1.419410000E+9	1.800936000E-5
1.419413333E+9	1.930848000E-5
1.419416667E+9	1.821043000E-5
1.419420000E+9	1.776365000E-5
1.419423333E+9	1.758906000E-5
1.419426667E+9	1.726575000E-5
1.419430000E+9	1.769618000E-5
1.419433333E+9	1.783281000E-5
1.419436667E+9	1.750656000E-5
1.419440000E+9	1.771035000E-5
1.419443333E+9	1.771760000E-5
1.419446667E+9	1.896745000E-5
1.419450000E+9	2.365938000E-5
1.419453333E+9	1.810646000E-5
1.419456667E+9	1.768699000E-5
1.419460000E+9	1.729269000E-5
1.419463333E+9	1.723119000E-5
1.419466667E+9	1.703115000E-5
1.419470000E+9	1.762261000E-5
1.419473333E+9	1.765820000E-5
1.419476667E+9	1.751796000E-5
1.419480000E+9	1.758162000E-5
1.419483333E+9	1.718920000E-5
1.419486667E+9	1.754015000E-5
1.419490000E+9	1.815150000E-5
1.419493333E+9	1.763882000E-5
1.419496667E+9	1.790670000E-5
1.419500000E+9	1.739056000E-5
1.419503333E+9	1.745646000E-5
1.419506667E+9	1.770430000E-5
1.419510000E+9	1.761488000E-5
1.419513333E+9	1.729983000E-5
1.419516667E+9	1.723607000E-5
1.419520000E+9	1.717618000E-5
1.419523333E+9	1.721164000E-5
1.419526667E+9	1.730810000E-5
1.419530000E+9	1.721245000E-5
1.419533333E+9	1.720406000E-5
1.419536667E+9	1.741616000E-5
1.419540000E+9	1.816003000E-5
1.419543333E+9	1.741641000E-5
1.419546667E+9	1.736951000E-5
1.419550000E+9	1.759029000E-5
1.419553333E+9	1.706702000E-5
1.419556667E+9	1.712186000E-5
1.419560000E+9	1.705784000E-5
1.419563333E+9	1.697330000E-5
1.419566667E+9	1.729691000E-5
1.419570000E+9	1.734927000E-5
1.419573333E+9	1.731405000E-5
1.419576667E+9	1.708329000E-5
1.419580000E+9	1.734780000E-5
1.419583333E+9	1.716289000E-5
1.419586667E+9	1.737474000E-5
1.419590000E+9	1.725718000E-5
1.419593333E+9	1.727377000E-5
1.419596667E+9	1.727476000E-5
1.419600000E+9	1.703716000E-5
1.419603333E+9	1.754352000E-5
1.419606667E+9	1.728085000E-5
1.419610000E+9	1.746296000E-5
1.419613333E+9	1.759731000E-5
1.419616667E+9	1.712446000E-5
1.419620000E+9	1.695123000E-5
1.419623333E+9	1.742605000E-5
1.419626667E+9	1.753513000E-5
1.419630000E+9	1.730462000E-5
1.419633333E+9	1.734694000E-5
1.419636667E+9	1.714538000E-5
1.419640000E+9	1.706762000E-5
1.419643333E+9	1.749682000E-5
1.419646667E+9	1.739745000E-5
1.419650000E+9	1.742741000E-5
1.419653333E+9	1.742844000E-5
1.419656667E+9	1.720657000E-5
1.419660000E+9	1.736692000E-5
1.419663333E+9	1.735256000E-5
1.419666667E+9	1.740523000E-5
1.419670000E+9	1.722073000E-5
1.419673333E+9	1.703695000E-5
1.419676667E+9	1.718263000E-5
1.419680000E+9	1.722379000E-5
1.419683333E+9	1.764924000E-5
1.419686667E+9	1.703431000E-5
1.419690000E+9	1.756465000E-5
1.419693333E+9	1.714139000E-5
1.419696667E+9	1.713730000E-5
1.419700000E+9	1.685354000E-5
1.419703333E+9	1.672602000E-5
1.419706667E+9	1.778014000E-5
1.419710000E+9	1.709902000E-5
1.419713333E+9	1.704307000E-5
1.419716667E+9	1.737849000E-5
1.419720000E+9	1.729163000E-5
1.419723333E+9	1.708241000E-5
1.419726667E+9	1.780256000E-5
1.419730000E+9	1.767119000E-5
1.419733333E+9	1.715634000E-5
1.419736667E+9	1.737897000E-5
1.419740000E+9	1.920679000E-5
1.419743333E+9	2.293929000E-5
1.419746667E+9	1.759756000E-5
1.419750000E+9	1.701850000E-5
1.419753333E+9	1.719870000E-5
1.419756667E+9	1.693248000E-5
1.419760000E+9	1.752808000E-5
1.419763333E+9	1.767746000E-5
1.419766667E+9	1.711844000E-5
1.419770000E+9	1.722894000E-5
1.419773333E+9	1.749330000E-5
1.419776667E+9	1.729315000E-5
1.419780000E+9	1.700531000E-5
1.419783333E+9	1.687421000E-5
1.419786667E+9	1.711750000E-5
1.419790000E+9	1.727811000E-5
1.419793333E+9	1.691986000E-5
1.419796667E+9	1.711198000E-5
1.419800000E+9	1.713491000E-5
1.419803333E+9	1.729417000E-5
1.419806667E+9	1.691931000E-5
1.419810000E+9	1.715193000E-5
1.419813333E+9	1.719190000E-5
1.419816667E+9	1.680600000E-5
1.419820000E+9	1.767692000E-5
1.419823333E+9	1.717741000E-5
1.419826667E+9	1.702807000E-5
1.419830000E+9	1.702540000E-5
1.419833333E+9	1.697414000E-5
1.419836667E+9	1.673575000E-5
1.419840000E+9	1.679178000E-5
1.419843333E+9	1.707009000E-5
1.419846667E+9	1.736827000E-5
1.419850000E+9	1.706689000E-5
1.419853333E+9	1.705140000E-5
1.419856667E+9	1.708487000E-5
1.419860000E+9	1.721717000E-5
1.419863333E+9	1.732390000E-5
1.419866667E+9	1.745541000E-5
1.419870000E+9	1.750892000E-5
1.419873333E+9	1.688032000E-5
1.419876667E+9	1.692713000E-5
1.419880000E+9	1.711198000E-5
1.419883333E+9	1.719535000E-5
1.419886667E+9	1.691565000E-5
1.419890000E+9	1.719928000E-5
1.419893333E+9	1.691775000E-5
1.419896667E+9	1.696464000E-5
1.419900000E+9	1.702594000E-5
1.419903333E+9	1.703070000E-5
1.419906667E+9	1.704219000E-5
1.419910000E+9	1.723946000E-5
1.419913333E+9	1.737498000E-5
1.419916667E+9	1.742031000E-5
1.419920000E+9	1.717002000E-5
1.419923333E+9	1.720865000E-5
1.419926667E+9	1.684254000E-5
1.419930000E+9	1.661327000E-5
1.419933333E+9	1.703444000E-5
1.419936667E+9	1.731039000E-5
1.419940000E+9	1.699320000E-5
1.419943333E+9	1.713444000E-5
1.419946667E+9	1.716759000E-5
1.419950000E+9	1.690182000E-5
1.419953333E+9	1.688140000E-5
1.419956667E+9	1.700985000E-5
1.419960000E+9	1.722251000E-5
1.419963333E+9	1.732446000E-5
1.419966667E+9	1.716796000E-5
1.419970000E+9	1.692315000E-5
1.419973333E+9	1.710086000E-5
1.419976667E+9	1.684785000E-5
1.419980000E+9	1.790092000E-5
1.419983333E+9	1.700421000E-5
1.419986667E+9	1.706310000E-5
1.419990000E+9	1.744859000E-5
1.419993333E+9	1.677659000E-5
1.419996667E+9	1.675781000E-5
1.420000000E+9	1.831468000E-5
1.420003333E+9	1.962426000E-5
1.420006667E+9	1.754901000E-5
1.420010000E+9	1.698661000E-5
1.420013333E+9	1.677319000E-5
1.420016667E+9	1.693713000E-5
1.420020000E+9	1.684274000E-5
1.420023333E+9	1.688644000E-5
1.420026667E+9	1.705720000E-5
1.420030000E+9	1.677002000E-5
1.420033333E+9	1.888767000E-5
1.420036667E+9	2.102924000E-5
1.420040000E+9	1.714349000E-5
1.420043333E+9	1.687687000E-5
1.420046667E+9	1.701710000E-5
1.420050000E+9	1.697047000E-5
1.420053333E+9	1.696004000E-5
1.420056667E+9	1.691331000E-5
1.420060000E+9	1.694664000E-5
1.420063333E+9	1.712017000E-5
1.420066667E+9	1.691396000E-5
1.420070000E+9	1.688896000E-5
1.420073333E+9	1.738552000E-5
1.420076667E+9	1.693856000E-5
1.420080000E+9	1.670439000E-5
1.420083333E+9	1.707619000E-5
1.420086667E+9	1.663937000E-5
1.420090000E+9	1.666307000E-5
1.420093333E+9	1.685162000E-5
1.420096667E+9	1.682012000E-5
1.420100000E+9	1.701437000E-5
1.420103333E+9	1.712709000E-5
1.420106667E+9	1.674658000E-5
1.420110000E+9	1.631707000E-5
1.420113333E+9	1.677317000E-5
1.420116667E+9	1.659741000E-5
1.420120000E+9	1.661250000E-5
1.420123333E+9	1.681061000E-5
1.420126667E+9	1.709271000E-5
1.420130000E+9	1.639121000E-5
1.420133333E+9	1.704734000E-5
1.420136667E+9	1.699829000E-5
1.420140000E+9	1.681766000E-5
1.420143333E+9	1.677370000E-5
1.420146667E+9	1.682936000E-5
1.420150000E+9	1.699075000E-5
1.420153333E+9	1.651972000E-5
1.420156667E+9	1.671263000E-5
1.420160000E+9	1.659682000E-5
1.420163333E+9	1.689927000E-5
1.420166667E+9	1.682171000E-5
1.420170000E+9	1.685791000E-5
1.420173333E+9	1.682596000E-5
1.420176667E+9	1.655173000E-5
1.420180000E+9	1.704305000E-5
1.420183333E+9	1.632286000E-5
1.420186667E+9	1.687862000E-5
1.420190000E+9	1.698960000E-5
1.420193333E+9	1.728918000E-5
1.420196667E+9	1.722131000E-5
1.420200000E+9	1.683394000E-5
1.420203333E+9	1.674661000E-5
1.420206667E+9	1.669992000E-5
1.420210000E+9	1.680797000E-5
1.420213333E+9	1.690915000E-5
1.420216667E+9	1.719726000E-5
1.420220000E+9	1.670542000E-5
1.420223333E+9	1.654575000E-5
1.420226667E+9	1.666534000E-5
1.420230000E+9	1.695935000E-5
1.420233333E+9	1.643749000E-5
1.420236667E+9	1.695283000E-5
1.420240000E+9	1.698882000E-5
1.420243333E+9	1.676501000E-5
1.420246667E+9	1.684176000E-5
1.420250000E+9	1.668577000E-5
1.420253333E+9	1.671056000E-5
1.420256667E+9	1.702841000E-5
1.420260000E+9	1.695760000E-5
1.420263333E+9	1.649940000E-5
1.420266667E+9	1.647084000E-5
1.420270000E+9	1.663331000E-5
1.420273333E+9	1.681864000E-5
1.420276667E+9	1.649777000E-5
1.420280000E+9	1.674038000E-5
1.420283333E+9	1.652903000E-5
1.420286667E+9	1.693453000E-5
1.420290000E+9	1.688421000E-5
1.420293333E+9	1.653905000E-5
1.420296667E+9	1.838663000E-5
1.420300000E+9	1.691355000E-5
1.420303333E+9	1.682847000E-5
1.420306667E+9	1.680176000E-5
1.420310000E+9	1.679454000E-5
1.420313333E+9	1.679880000E-5
1.420316667E+9	1.669602000E-5
1.420320000E+9	1.698769000E-5
1.420323333E+9	1.662710000E-5
1.420326667E+9	1.966934000E-5
1.420330000E+9	2.055614000E-5
1.420333333E+9	1.768396000E-5
1.420336667E+9	1.705196000E-5
1.420340000E+9	1.664508000E-5
1.420343333E+9	1.671173000E-5
1.420346667E+9	1.648517000E-5
1.420350000E+9	1.678376000E-5
1.420353333E+9	1.713696000E-5
1.420356667E+9	1.662303000E-5
1.420360000E+9	1.680122000E-5
1.420363333E+9	1.704591000E-5
1.420366667E+9	1.675312000E-5
1.420370000E+9	1.683937000E-5
1.420373333E+9	1.703112000E-5
1.420376667E+9	1.703228000E-5
1.420380000E+9	1.713538000E-5
1.420383333E+9	1.691554000E-5
1.420386667E+9	1.699855000E-5
1.420390000E+9	1.701637000E-5
1.420393333E+9	1.685897000E-5
1.420396667E+9	1.705664000E-5
1.420400000E+9	1.678951000E-5
1.420403333E+9	1.685660000E-5
1.420406667E+9	1.712476000E-5
1.420410000E+9	1.700425000E-5
1.420413333E+9	1.695959000E-5
1.420416667E+9	1.733158000E-5
1.420420000E+9	1.725127000E-5
1.420423333E+9	1.730403000E-5
1.420426667E+9	1.734757000E-5
1.420430000E+9	1.767398000E-5
1.420433333E+9	1.786077000E-5
1.420436667E+9	1.743070000E-5
1.420440000E+9	1.804474000E-5
1.420443333E+9	1.779201000E-5
1.420446667E+9	1.819134000E-5
1.420450000E+9	1.824489000E-5
1.420453333E+9	1.810487000E-5
1.420456667E+9	1.874806000E-5
1.420460000E+9	1.886568000E-5
1.420463333E+9	1.868565000E-5
1.420466667E+9	1.895313000E-5
1.420470000E+9	1.852861000E-5
1.420473333E+9	1.901852000E-5
1.420476667E+9	1.892422000E-5
1.420480000E+9	1.921780000E-5
1.420483333E+9	1.937999000E-5
1.420486667E+9	1.910405000E-5
1.420490000E+9	1.939078000E-5
1.420493333E+9	1.949108000E-5
1.420496667E+9	1.922359000E-5
1.420500000E+9	1.964284000E-5
1.420503333E+9	1.991875000E-5
1.420506667E+9	1.913260000E-5
1.420510000E+9	1.927355000E-5
1.420513333E+9	1.906229000E-5
1.420516667E+9	1.921536000E-5
1.420520000E+9	1.959147000E-5
1.420523333E+9	1.878202000E-5
1.420526667E+9	1.914927000E-5
1.420530000E+9	1.881564000E-5
1.420533333E+9	1.911175000E-5
1.420536667E+9	1.911467000E-5
1.420540000E+9	1.879454000E-5
1.420543333E+9	1.852271000E-5
1.420546667E+9	1.827830000E-5
1.420550000E+9	1.870080000E-5
1.420553333E+9	1.839077000E-5
1.420556667E+9	1.821657000E-5
1.420560000E+9	1.802375000E-5
1.420563333E+9	1.819710000E-5
1.420566667E+9	1.835161000E-5
1.420570000E+9	1.825233000E-5
1.420573333E+9	1.806208000E-5
1.420576667E+9	1.748683000E-5
1.420580000E+9	1.780597000E-5
1.420583333E+9	1.743974000E-5
1.420586667E+9	1.743932000E-5
1.420590000E+9	1.831775000E-5
1.420593333E+9	1.818004000E-5
1.420596667E+9	1.737312000E-5
1.420600000E+9	1.710170000E-5
1.420603333E+9	1.753863000E-5
1.420606667E+9	1.747884000E-5
1.420610000E+9	1.736591000E-5
1.420613333E+9	1.794845000E-5
1.420616667E+9	1.710572000E-5
1.420620000E+9	2.250498000E-5
1.420623333E+9	2.175971000E-5
1.420626667E+9	1.731975000E-5
1.420630000E+9	1.703340000E-5
1.420633333E+9	1.674764000E-5
1.420636667E+9	1.717990000E-5
1.420640000E+9	1.679119000E-5
1.420643333E+9	1.678842000E-5
1.420646667E+9	1.687526000E-5
1.420650000E+9	1.675794000E-5
1.420653333E+9	1.655980000E-5
1.420656667E+9	1.711230000E-5
1.420660000E+9	1.689939000E-5
1.420663333E+9	1.659085000E-5
1.420666667E+9	1.687991000E-5
1.420670000E+9	1.685452000E-5
1.420673333E+9	1.691119000E-5
1.420676667E+9	1.664566000E-5
1.420680000E+9	1.678993000E-5
1.420683333E+9	1.687132000E-5
1.420686667E+9	1.682478000E-5
1.420690000E+9	1.710337000E-5
1.420693333E+9	1.667557000E-5
1.420696667E+9	1.657757000E-5
1.420700000E+9	1.663391000E-5
1.420703333E+9	1.669629000E-5
1.420706667E+9	1.709938000E-5
1.420710000E+9	1.700234000E-5
1.420713333E+9	1.658023000E-5
1.420716667E+9	1.662865000E-5
1.420720000E+9	1.654686000E-5
1.420723333E+9	1.653967000E-5
1.420726667E+9	1.676455000E-5
1.420730000E+9	1.648734000E-5
1.420733333E+9	1.698109000E-5
1.420736667E+9	1.686759000E-5
1.420740000E+9	1.672864000E-5
1.420743333E+9	1.669596000E-5
1.420746667E+9	1.687799000E-5
1.420750000E+9	1.661272000E-5
1.420753333E+9	1.643711000E-5
1.420756667E+9	1.640295000E-5
1.420760000E+9	1.671526000E-5
1.420763333E+9	1.669609000E-5
1.420766667E+9	1.659021000E-5
1.420770000E+9	1.678411000E-5
1.420773333E+9	1.686967000E-5
1.420776667E+9	1.688103000E-5
1.420780000E+9	1.678389000E-5
1.420783333E+9	1.652272000E-5
1.420786667E+9	1.653415000E-5
1.420790000E+9	1.669477000E-5
1.420793333E+9	1.696682000E-5
1.420796667E+9	1.659990000E-5
1.420800000E+9	1.686439000E-5
1.420803333E+9	1.690783000E-5
1.420806667E+9	1.654915000E-5
1.420810000E+9	1.675119000E-5
1.420813333E+9	1.687323000E-5
1.420816667E+9	1.655253000E-5
1.420820000E+9	1.663368000E-5
1.420823333E+9	1.687599000E-5
1.420826667E+9	1.675774000E-5
1.420830000E+9	1.675730000E-5
1.420833333E+9	1.644793000E-5
1.420836667E+9	1.664263000E-5
1.420840000E+9	1.671372000E-5
1.420843333E+9	1.672682000E-5
1.420846667E+9	1.667830000E-5
1.420850000E+9	1.648354000E-5
1.420853333E+9	1.675885000E-5
1.420856667E+9	1.656067000E-5
1.420860000E+9	1.653446000E-5
1.420863333E+9	1.672668000E-5
1.420866667E+9	1.658182000E-5
1.420870000E+9	1.655653000E-5
1.420873333E+9	1.670009000E-5
1.420876667E+9	1.668526000E-5
1.420880000E+9	1.644005000E-5
1.420883333E+9	1.821841000E-5
1.420886667E+9	1.739040000E-5
1.420890000E+9	1.665824000E-5
1.420893333E+9	1.705803000E-5
1.420896667E+9	1.704608000E-5
1.420900000E+9	1.669966000E-5
1.420903333E+9	1.709834000E-5
1.420906667E+9	1.787442000E-5
1.420910000E+9	1.673355000E-5
1.420913333E+9	3.027039000E-5
1.420916667E+9	2.534445000E-5
1.420920000E+9	1.762523000E-5
1.420923333E+9	1.667528000E-5
1.420926667E+9	1.672634000E-5
1.420930000E+9	1.691227000E-5
1.420933333E+9	1.671322000E-5
1.420936667E+9	1.644655000E-5
1.420940000E+9	1.686296000E-5
1.420943333E+9	1.689239000E-5
1.420946667E+9	1.663857000E-5
1.420950000E+9	1.689228000E-5
1.420953333E+9	1.682236000E-5
1.420956667E+9	1.654248000E-5
1.420960000E+9	1.672304000E-5
1.420963333E+9	1.718284000E-5
1.420966667E+9	1.664469000E-5
1.420970000E+9	1.662008000E-5
1.420973333E+9	1.669248000E-5
1.420976667E+9	1.648616000E-5
1.420980000E+9	1.648233000E-5
1.420983333E+9	1.691966000E-5
1.420986667E+9	1.681251000E-5
1.420990000E+9	1.676072000E-5
1.420993333E+9	1.668863000E-5
1.420996667E+9	1.638698000E-5
1.421000000E+9	1.685129000E-5
1.421003333E+9	1.676444000E-5
1.421006667E+9	1.691576000E-5
1.421010000E+9	1.686624000E-5
1.421013333E+9	1.663366000E-5
1.421016667E+9	1.655646000E-5
1.421020000E+9	1.655947000E-5
1.421023333E+9	1.670495000E-5
1.421026667E+9	1.660623000E-5
1.421030000E+9	1.659850000E-5
1.421033333E+9	1.687228000E-5
1.421036667E+9	1.653224000E-5
1.421040000E+9	1.655584000E-5
1.421043333E+9	1.647372000E-5
1.421046667E+9	1.695190000E-5
1.421050000E+9	1.678033000E-5
1.421053333E+9	1.652620000E-5
1.421056667E+9	1.660632000E-5
1.421060000E+9	1.670199000E-5
1.421063333E+9	1.682494000E-5
1.421066667E+9	1.665113000E-5
1.421070000E+9	1.686176000E-5
1.421073333E+9	1.655742000E-5
1.421076667E+9	1.672748000E-5
1.421080000E+9	1.677269000E-5
1.421083333E+9	1.681667000E-5
1.421086667E+9	1.656031000E-5
1.421090000E+9	1.665846000E-5
1.421093333E+9	1.693525000E-5
1.421096667E+9	1.678241000E-5
1.421100000E+9	1.673024000E-5
1.421103333E+9	1.693862000E-5
1.421106667E+9	1.678028000E-5
1.421110000E+9	1.691034000E-5
1.421113333E+9	1.692098000E-5
1.421116667E+9	1.682618000E-5
1.421120000E+9	1.679229000E-5
1.421123333E+9	1.664319000E-5
1.421126667E+9	1.704303000E-5
1.421130000E+9	1.697461000E-5
1.421133333E+9	1.690610000E-5
1.421136667E+9	1.696289000E-5
1.421140000E+9	1.705102000E-5
1.421143333E+9	1.656293000E-5
1.421146667E+9	1.671496000E-5
1.421150000E+9	1.702078000E-5
1.421153333E+9	1.683952000E-5
1.421156667E+9	1.697241000E-5
1.421160000E+9	1.663389000E-5
1.421163333E+9	1.629929000E-5
1.421166667E+9	1.671768000E-5
1.421170000E+9	1.653538000E-5
1.421173333E+9	1.686584000E-5
1.421176667E+9	1.804580000E-5
1.421180000E+9	1.962984000E-5
1.421183333E+9	1.669239000E-5
1.421186667E+9	1.687165000E-5
1.421190000E+9	1.685328000E-5
1.421193333E+9	1.686574000E-5
1.421196667E+9	1.705320000E-5
1.421200000E+9	1.708644000E-5
1.421203333E+9	1.711434000E-5
1.421206667E+9	2.283874000E-5
1.421210000E+9	1.979083000E-5
1.421213333E+9	1.679666000E-5
1.421216667E+9	1.683937000E-5
1.421220000E+9	1.745464000E-5
1.421223333E+9	1.677136000E-5
1.421226667E+9	1.653738000E-5
1.421230000E+9	1.654078000E-5
1.421233333E+9	1.673411000E-5
1.421236667E+9	1.654372000E-5
1.421240000E+9	1.692245000E-5
1.421243333E+9	1.667804000E-5
1.421246667E+9	1.668079000E-5
1.421250000E+9	1.684411000E-5
1.421253333E+9	1.704653000E-5
1.421256667E+9	1.689744000E-5
1.421260000E+9	1.678665000E-5
1.421263333E+9	1.691567000E-5
1.421266667E+9	1.692713000E-5
1.421270000E+9	1.668643000E-5
1.421273333E+9	1.627879000E-5
1.421276667E+9	1.681709000E-5
1.421280000E+9	1.695194000E-5
1.421283333E+9	1.667032000E-5
1.421286667E+9	1.688703000E-5
1.421290000E+9	1.663664000E-5
1.421293333E+9	1.691780000E-5
1.421296667E+9	1.700307000E-5
1.421300000E+9	1.711091000E-5
1.421303333E+9	1.667392000E-5
1.421306667E+9	1.655155000E-5
1.421310000E+9	1.698395000E-5
1.421313333E+9	1.684548000E-5
1.421316667E+9	1.691814000E-5
1.421320000E+9	1.690803000E-5
1.421323333E+9	1.680373000E-5
1.421326667E+9	1.706258000E-5
1.421330000E+9	1.692559000E-5
1.421333333E+9	1.721668000E-5
1.421336667E+9	1.701306000E-5
1.421340000E+9	1.681813000E-5
1.421343333E+9	1.700793000E-5
1.421346667E+9	1.833029000E-5
1.421350000E+9	1.783766000E-5
1.421353333E+9	1.734704000E-5
1.421356667E+9	1.849801000E-5
1.421360000E+9	1.762304000E-5
1.421363333E+9	1.770061000E-5
1.421366667E+9	1.749956000E-5
1.421370000E+9	1.685615000E-5
1.421373333E+9	1.658539000E-5
1.421376667E+9	1.722665000E-5
1.421380000E+9	1.656344000E-5
1.421383333E+9	1.711220000E-5
1.421386667E+9	1.682188000E-5
1.421390000E+9	1.688978000E-5
1.421393333E+9	1.669098000E-5
1.421396667E+9	1.706901000E-5
1.421400000E+9	1.686845000E-5
