Frequency, Hz	Amplitude, Volts
1.419400000E+9	1.533739000E-5
1.419403333E+9	1.510868000E-5
1.419406667E+9	1.494288000E-5
1.419410000E+9	1.517416000E-5
1.419413333E+9	1.573561000E-5
1.419416667E+9	1.559944000E-5
1.419420000E+9	1.496056000E-5
1.419423333E+9	1.499260000E-5
1.419426667E+9	1.497521000E-5
1.419430000E+9	1.487204000E-5
1.419433333E+9	1.490205000E-5
1.419436667E+9	1.534554000E-5
1.419440000E+9	1.556722000E-5
1.419443333E+9	1.527465000E-5
1.419446667E+9	1.617199000E-5
1.419450000E+9	1.678577000E-5
1.419453333E+9	1.593960000E-5
1.419456667E+9	1.522854000E-5
1.419460000E+9	1.516648000E-5
1.419463333E+9	1.494227000E-5
1.419466667E+9	1.504110000E-5
1.419470000E+9	1.513797000E-5
1.419473333E+9	1.494417000E-5
1.419476667E+9	1.518228000E-5
1.419480000E+9	1.530049000E-5
1.419483333E+9	1.503088000E-5
1.419486667E+9	1.499814000E-5
1.419490000E+9	1.536228000E-5
1.419493333E+9	1.479269000E-5
1.419496667E+9	1.502099000E-5
1.419500000E+9	1.494412000E-5
1.419503333E+9	1.485417000E-5
1.419506667E+9	1.531866000E-5
1.419510000E+9	1.520329000E-5
1.419513333E+9	1.489541000E-5
1.419516667E+9	1.521051000E-5
1.419520000E+9	1.504618000E-5
1.419523333E+9	1.513612000E-5
1.419526667E+9	1.498395000E-5
1.419530000E+9	1.508671000E-5
1.419533333E+9	1.498125000E-5
1.419536667E+9	1.513391000E-5
1.419540000E+9	1.515827000E-5
1.419543333E+9	1.498884000E-5
1.419546667E+9	1.514307000E-5
1.419550000E+9	1.489320000E-5
1.419553333E+9	1.509438000E-5
1.419556667E+9	1.527764000E-5
1.419560000E+9	1.511526000E-5
1.419563333E+9	1.503518000E-5
1.419566667E+9	1.512994000E-5
1.419570000E+9	1.516347000E-5
1.419573333E+9	1.498818000E-5
1.419576667E+9	1.523096000E-5
1.419580000E+9	1.525727000E-5
1.419583333E+9	1.512840000E-5
1.419586667E+9	1.522264000E-5
1.419590000E+9	1.507979000E-5
1.419593333E+9	1.484403000E-5
1.419596667E+9	1.492625000E-5
1.419600000E+9	1.506822000E-5
1.419603333E+9	1.518643000E-5
1.419606667E+9	1.525196000E-5
1.419610000E+9	1.528311000E-5
1.419613333E+9	1.507100000E-5
1.419616667E+9	1.509954000E-5
1.419620000E+9	1.506005000E-5
1.419623333E+9	1.500454000E-5
1.419626667E+9	1.524098000E-5
1.419630000E+9	1.480061000E-5
1.419633333E+9	1.504374000E-5
1.419636667E+9	1.504367000E-5
1.419640000E+9	1.503462000E-5
1.419643333E+9	1.502593000E-5
1.419646667E+9	1.490471000E-5
1.419650000E+9	1.496251000E-5
1.419653333E+9	1.483528000E-5
1.419656667E+9	1.523429000E-5
1.419660000E+9	1.494811000E-5
1.419663333E+9	1.519166000E-5
1.419666667E+9	1.468840000E-5
1.419670000E+9	1.524159000E-5
1.419673333E+9	1.476754000E-5
1.419676667E+9	1.515451000E-5
1.419680000E+9	1.492127000E-5
1.419683333E+9	1.502881000E-5
1.419686667E+9	1.501755000E-5
1.419690000E+9	1.493558000E-5
1.419693333E+9	1.504116000E-5
1.419696667E+9	1.471193000E-5
1.419700000E+9	1.507287000E-5
1.419703333E+9	1.479096000E-5
1.419706667E+9	1.543802000E-5
1.419710000E+9	1.540505000E-5
1.419713333E+9	1.514089000E-5
1.419716667E+9	1.538309000E-5
1.419720000E+9	1.514996000E-5
1.419723333E+9	1.528417000E-5
1.419726667E+9	1.512109000E-5
1.419730000E+9	1.480724000E-5
1.419733333E+9	1.595543000E-5
1.419736667E+9	1.502390000E-5
1.419740000E+9	1.586933000E-5
1.419743333E+9	1.634526000E-5
1.419746667E+9	1.559456000E-5
1.419750000E+9	1.553374000E-5
1.419753333E+9	1.559679000E-5
1.419756667E+9	1.511219000E-5
1.419760000E+9	1.451105000E-5
1.419763333E+9	1.491350000E-5
1.419766667E+9	1.484737000E-5
1.419770000E+9	1.522812000E-5
1.419773333E+9	1.494928000E-5
1.419776667E+9	1.502505000E-5
1.419780000E+9	1.517346000E-5
1.419783333E+9	1.513805000E-5
1.419786667E+9	1.575394000E-5
1.419790000E+9	1.538186000E-5
1.419793333E+9	1.495351000E-5
1.419796667E+9	1.495757000E-5
1.419800000E+9	1.508570000E-5
1.419803333E+9	1.516612000E-5
1.419806667E+9	1.518218000E-5
1.419810000E+9	1.509062000E-5
1.419813333E+9	1.514031000E-5
1.419816667E+9	1.524194000E-5
1.419820000E+9	1.495218000E-5
1.419823333E+9	1.471903000E-5
1.419826667E+9	1.514689000E-5
1.419830000E+9	1.523183000E-5
1.419833333E+9	1.502916000E-5
1.419836667E+9	1.499786000E-5
1.419840000E+9	1.522252000E-5
1.419843333E+9	1.502235000E-5
1.419846667E+9	1.515932000E-5
1.419850000E+9	1.463785000E-5
1.419853333E+9	1.493825000E-5
1.419856667E+9	1.496176000E-5
1.419860000E+9	1.488957000E-5
1.419863333E+9	1.499977000E-5
1.419866667E+9	1.506400000E-5
1.419870000E+9	1.518186000E-5
1.419873333E+9	1.483691000E-5
1.419876667E+9	1.482484000E-5
1.419880000E+9	1.486789000E-5
1.419883333E+9	1.520760000E-5
1.419886667E+9	1.480805000E-5
1.419890000E+9	1.498913000E-5
1.419893333E+9	1.491676000E-5
1.419896667E+9	1.455098000E-5
1.419900000E+9	1.537759000E-5
1.419903333E+9	1.539749000E-5
1.419906667E+9	1.479014000E-5
1.419910000E+9	1.503218000E-5
1.419913333E+9	1.519553000E-5
1.419916667E+9	1.501278000E-5
1.419920000E+9	1.495075000E-5
1.419923333E+9	1.498958000E-5
1.419926667E+9	1.482430000E-5
1.419930000E+9	1.493533000E-5
1.419933333E+9	1.470833000E-5
1.419936667E+9	1.482811000E-5
1.419940000E+9	1.502972000E-5
1.419943333E+9	1.476346000E-5
1.419946667E+9	1.511171000E-5
1.419950000E+9	1.481830000E-5
1.419953333E+9	1.495755000E-5
1.419956667E+9	1.494155000E-5
1.419960000E+9	1.531642000E-5
1.419963333E+9	1.460990000E-5
1.419966667E+9	1.519954000E-5
1.419970000E+9	1.524435000E-5
1.419973333E+9	1.522013000E-5
1.419976667E+9	1.527546000E-5
1.419980000E+9	1.605378000E-5
1.419983333E+9	1.501361000E-5
1.419986667E+9	1.489967000E-5
1.419990000E+9	1.507515000E-5
1.419993333E+9	1.516478000E-5
1.419996667E+9	1.487829000E-5
1.420000000E+9	1.581067000E-5
1.420003333E+9	1.742282000E-5
1.420006667E+9	1.491491000E-5
1.420010000E+9	1.507002000E-5
1.420013333E+9	1.518856000E-5
1.420016667E+9	1.531762000E-5
1.420020000E+9	1.503687000E-5
1.420023333E+9	1.505531000E-5
1.420026667E+9	1.520835000E-5
1.420030000E+9	1.495860000E-5
1.420033333E+9	1.617038000E-5
1.420036667E+9	1.598685000E-5
1.420040000E+9	1.538559000E-5
1.420043333E+9	1.498650000E-5
1.420046667E+9	1.500421000E-5
1.420050000E+9	1.525831000E-5
1.420053333E+9	1.499305000E-5
1.420056667E+9	1.496843000E-5
1.420060000E+9	1.488305000E-5
1.420063333E+9	1.489256000E-5
1.420066667E+9	1.472760000E-5
1.420070000E+9	1.501913000E-5
1.420073333E+9	1.481491000E-5
1.420076667E+9	1.493840000E-5
1.420080000E+9	1.498836000E-5
1.420083333E+9	1.515541000E-5
1.420086667E+9	1.493718000E-5
1.420090000E+9	1.479365000E-5
1.420093333E+9	1.497260000E-5
1.420096667E+9	1.526203000E-5
1.420100000E+9	1.499221000E-5
1.420103333E+9	1.490538000E-5
1.420106667E+9	1.505264000E-5
1.420110000E+9	1.474144000E-5
1.420113333E+9	1.494314000E-5
1.420116667E+9	1.513858000E-5
1.420120000E+9	1.479638000E-5
1.420123333E+9	1.510707000E-5
1.420126667E+9	1.507714000E-5
1.420130000E+9	1.494041000E-5
1.420133333E+9	1.504129000E-5
1.420136667E+9	1.497757000E-5
1.420140000E+9	1.497951000E-5
1.420143333E+9	1.493490000E-5
1.420146667E+9	1.485294000E-5
1.420150000E+9	1.465313000E-5
1.420153333E+9	1.495412000E-5
1.420156667E+9	1.532690000E-5
1.420160000E+9	1.518953000E-5
1.420163333E+9	1.520650000E-5
1.420166667E+9	1.488654000E-5
1.420170000E+9	1.500828000E-5
1.420173333E+9	1.492771000E-5
1.420176667E+9	1.463555000E-5
1.420180000E+9	1.469489000E-5
1.420183333E+9	1.477223000E-5
1.420186667E+9	1.487509000E-5
1.420190000E+9	1.504357000E-5
1.420193333E+9	1.517599000E-5
1.420196667E+9	1.514610000E-5
1.420200000E+9	1.530620000E-5
1.420203333E+9	1.466877000E-5
1.420206667E+9	1.485395000E-5
1.420210000E+9	1.487031000E-5
1.420213333E+9	1.474662000E-5
1.420216667E+9	1.520369000E-5
1.420220000E+9	1.505106000E-5
1.420223333E+9	1.525821000E-5
1.420226667E+9	1.477891000E-5
1.420230000E+9	1.532211000E-5
1.420233333E+9	1.484150000E-5
1.420236667E+9	1.529261000E-5
1.420240000E+9	1.518246000E-5
1.420243333E+9	1.493418000E-5
1.420246667E+9	1.481080000E-5
1.420250000E+9	1.510272000E-5
1.420253333E+9	1.512124000E-5
1.420256667E+9	1.475530000E-5
1.420260000E+9	1.469564000E-5
1.420263333E+9	1.496309000E-5
1.420266667E+9	1.505245000E-5
1.420270000E+9	1.458036000E-5
1.420273333E+9	1.480384000E-5
1.420276667E+9	1.453163000E-5
1.420280000E+9	1.498245000E-5
1.420283333E+9	1.505291000E-5
1.420286667E+9	1.479667000E-5
1.420290000E+9	1.499857000E-5
1.420293333E+9	1.528046000E-5
1.420296667E+9	1.586053000E-5
1.420300000E+9	1.525766000E-5
1.420303333E+9	1.500647000E-5
1.420306667E+9	1.500903000E-5
1.420310000E+9	1.525227000E-5
1.420313333E+9	1.533444000E-5
1.420316667E+9	1.474751000E-5
1.420320000E+9	1.524592000E-5
1.420323333E+9	1.507297000E-5
1.420326667E+9	1.597653000E-5
1.420330000E+9	1.561906000E-5
1.420333333E+9	1.498571000E-5
1.420336667E+9	1.499053000E-5
1.420340000E+9	1.456769000E-5
1.420343333E+9	1.451805000E-5
1.420346667E+9	1.507598000E-5
1.420350000E+9	1.516255000E-5
1.420353333E+9	1.475842000E-5
1.420356667E+9	1.504342000E-5
1.420360000E+9	1.518358000E-5
1.420363333E+9	1.493764000E-5
1.420366667E+9	1.520241000E-5
1.420370000E+9	1.475608000E-5
1.420373333E+9	1.492204000E-5
1.420376667E+9	1.503251000E-5
1.420380000E+9	1.501911000E-5
1.420383333E+9	1.499562000E-5
1.420386667E+9	1.486658000E-5
1.420390000E+9	1.486613000E-5
1.420393333E+9	1.489259000E-5
1.420396667E+9	1.530171000E-5
1.420400000E+9	1.525823000E-5
1.420403333E+9	1.492463000E-5
1.420406667E+9	1.508290000E-5
1.420410000E+9	1.478498000E-5
1.420413333E+9	1.534111000E-5
1.420416667E+9	1.519865000E-5
1.420420000E+9	1.490776000E-5
1.420423333E+9	1.502156000E-5
1.420426667E+9	1.485779000E-5
1.420430000E+9	1.514284000E-5
1.420433333E+9	1.492489000E-5
1.420436667E+9	1.494887000E-5
1.420440000E+9	1.520264000E-5
1.420443333E+9	1.537050000E-5
1.420446667E+9	1.537762000E-5
1.420450000E+9	1.533365000E-5
1.420453333E+9	1.548523000E-5
1.420456667E+9	1.539005000E-5
1.420460000E+9	1.605505000E-5
1.420463333E+9	1.590708000E-5
1.420466667E+9	1.583571000E-5
1.420470000E+9	1.646900000E-5
1.420473333E+9	1.628115000E-5
1.420476667E+9	1.671915000E-5
1.420480000E+9	1.669763000E-5
1.420483333E+9	1.650073000E-5
1.420486667E+9	1.637867000E-5
1.420490000E+9	1.666587000E-5
1.420493333E+9	1.642730000E-5
1.420496667E+9	1.673702000E-5
1.420500000E+9	1.701616000E-5
1.420503333E+9	1.681530000E-5
1.420506667E+9	1.635816000E-5
1.420510000E+9	1.655929000E-5
1.420513333E+9	1.672232000E-5
1.420516667E+9	1.645609000E-5
1.420520000E+9	1.649699000E-5
1.420523333E+9	1.631485000E-5
1.420526667E+9	1.652930000E-5
1.420530000E+9	1.641145000E-5
1.420533333E+9	1.690473000E-5
1.420536667E+9	1.648606000E-5
1.420540000E+9	1.644287000E-5
1.420543333E+9	1.657419000E-5
1.420546667E+9	1.640832000E-5
1.420550000E+9	1.629054000E-5
1.420553333E+9	1.639029000E-5
1.420556667E+9	1.638756000E-5
1.420560000E+9	1.637135000E-5
1.420563333E+9	1.606140000E-5
1.420566667E+9	1.629088000E-5
1.420570000E+9	1.615732000E-5
1.420573333E+9	1.630264000E-5
1.420576667E+9	1.563869000E-5
1.420580000E+9	1.562514000E-5
1.420583333E+9	1.583132000E-5
1.420586667E+9	1.546764000E-5
1.420590000E+9	1.581772000E-5
1.420593333E+9	1.551026000E-5
1.420596667E+9	1.550566000E-5
1.420600000E+9	1.525632000E-5
1.420603333E+9	1.559819000E-5
1.420606667E+9	1.552113000E-5
1.420610000E+9	1.589359000E-5
1.420613333E+9	1.558306000E-5
1.420616667E+9	1.555188000E-5
1.420620000E+9	1.762585000E-5
1.420623333E+9	1.671858000E-5
1.420626667E+9	1.615423000E-5
1.420630000E+9	1.537089000E-5
1.420633333E+9	1.555183000E-5
1.420636667E+9	1.559345000E-5
1.420640000E+9	1.574313000E-5
1.420643333E+9	1.589615000E-5
1.420646667E+9	1.657534000E-5
1.420650000E+9	1.612058000E-5
1.420653333E+9	1.590717000E-5
1.420656667E+9	1.571916000E-5
1.420660000E+9	1.587801000E-5
1.420663333E+9	1.586689000E-5
1.420666667E+9	1.590368000E-5
1.420670000E+9	1.590647000E-5
1.420673333E+9	1.587545000E-5
1.420676667E+9	1.612949000E-5
1.420680000E+9	1.609492000E-5
1.420683333E+9	1.625268000E-5
1.420686667E+9	1.631902000E-5
1.420690000E+9	1.645463000E-5
1.420693333E+9	1.641839000E-5
1.420696667E+9	1.618208000E-5
1.420700000E+9	1.639362000E-5
1.420703333E+9	1.636837000E-5
1.420706667E+9	1.631603000E-5
1.420710000E+9	1.635594000E-5
1.420713333E+9	1.669090000E-5
1.420716667E+9	1.649736000E-5
1.420720000E+9	1.656158000E-5
1.420723333E+9	1.642167000E-5
1.420726667E+9	1.617776000E-5
1.420730000E+9	1.652885000E-5
1.420733333E+9	1.610809000E-5
1.420736667E+9	1.617137000E-5
1.420740000E+9	1.606630000E-5
1.420743333E+9	1.618654000E-5
1.420746667E+9	1.615827000E-5
1.420750000E+9	1.618400000E-5
1.420753333E+9	1.592505000E-5
1.420756667E+9	1.634924000E-5
1.420760000E+9	1.683211000E-5
1.420763333E+9	1.606321000E-5
1.420766667E+9	1.605775000E-5
1.420770000E+9	1.558306000E-5
1.420773333E+9	1.609867000E-5
1.420776667E+9	1.592936000E-5
1.420780000E+9	1.604654000E-5
1.420783333E+9	1.595383000E-5
1.420786667E+9	1.609384000E-5
1.420790000E+9	1.609425000E-5
1.420793333E+9	1.638822000E-5
1.420796667E+9	1.656931000E-5
1.420800000E+9	1.575517000E-5
1.420803333E+9	1.590736000E-5
1.420806667E+9	1.589559000E-5
1.420810000E+9	1.571997000E-5
1.420813333E+9	1.574833000E-5
1.420816667E+9	1.566581000E-5
1.420820000E+9	1.553045000E-5
1.420823333E+9	1.585140000E-5
1.420826667E+9	1.538726000E-5
1.420830000E+9	1.550251000E-5
1.420833333E+9	1.560177000E-5
1.420836667E+9	1.565400000E-5
1.420840000E+9	1.535230000E-5
1.420843333E+9	1.518539000E-5
1.420846667E+9	1.520551000E-5
1.420850000E+9	1.540414000E-5
1.420853333E+9	1.509006000E-5
1.420856667E+9	1.519270000E-5
1.420860000E+9	1.560840000E-5
1.420863333E+9	1.519769000E-5
1.420866667E+9	1.520792000E-5
1.420870000E+9	1.539702000E-5
1.420873333E+9	1.520373000E-5
1.420876667E+9	1.514961000E-5
1.420880000E+9	1.556112000E-5
1.420883333E+9	1.714154000E-5
1.420886667E+9	1.652937000E-5
1.420890000E+9	1.509622000E-5
1.420893333E+9	1.520021000E-5
1.420896667E+9	1.548033000E-5
1.420900000E+9	1.540233000E-5
1.420903333E+9	1.538585000E-5
1.420906667E+9	1.604800000E-5
1.420910000E+9	1.583056000E-5
1.420913333E+9	2.107440000E-5
1.420916667E+9	1.794831000E-5
1.420920000E+9	1.641908000E-5
1.420923333E+9	1.527465000E-5
1.420926667E+9	1.543735000E-5
1.420930000E+9	1.526756000E-5
1.420933333E+9	1.536785000E-5
1.420936667E+9	1.516011000E-5
1.420940000E+9	1.537524000E-5
1.420943333E+9	1.584849000E-5
1.420946667E+9	1.619006000E-5
1.420950000E+9	1.532382000E-5
1.420953333E+9	1.521470000E-5
1.420956667E+9	1.539044000E-5
1.420960000E+9	1.532771000E-5
1.420963333E+9	1.540199000E-5
1.420966667E+9	1.559269000E-5
1.420970000E+9	1.577838000E-5
1.420973333E+9	1.533741000E-5
1.420976667E+9	1.510873000E-5
1.420980000E+9	1.526858000E-5
1.420983333E+9	1.561010000E-5
1.420986667E+9	1.536054000E-5
1.420990000E+9	1.525799000E-5
1.420993333E+9	1.508252000E-5
1.420996667E+9	1.486255000E-5
1.421000000E+9	1.502050000E-5
1.421003333E+9	1.527891000E-5
1.421006667E+9	1.475842000E-5
1.421010000E+9	1.513725000E-5
1.421013333E+9	1.498821000E-5
1.421016667E+9	1.496422000E-5
1.421020000E+9	1.513830000E-5
1.421023333E+9	1.518004000E-5
1.421026667E+9	1.475530000E-5
1.421030000E+9	1.495335000E-5
1.421033333E+9	1.531324000E-5
1.421036667E+9	1.478967000E-5
1.421040000E+9	1.503334000E-5
1.421043333E+9	1.528262000E-5
1.421046667E+9	1.494957000E-5
1.421050000E+9	1.530531000E-5
1.421053333E+9	1.500080000E-5
1.421056667E+9	1.527563000E-5
1.421060000E+9	1.513903000E-5
1.421063333E+9	1.479682000E-5
1.421066667E+9	1.502634000E-5
1.421070000E+9	1.460370000E-5
1.421073333E+9	1.458677000E-5
1.421076667E+9	1.512399000E-5
1.421080000E+9	1.513679000E-5
1.421083333E+9	1.498887000E-5
1.421086667E+9	1.469519000E-5
1.421090000E+9	1.486371000E-5
1.421093333E+9	1.551170000E-5
1.421096667E+9	1.548844000E-5
1.421100000E+9	1.487359000E-5
1.421103333E+9	1.480615000E-5
1.421106667E+9	1.477966000E-5
1.421110000E+9	1.489470000E-5
1.421113333E+9	1.484566000E-5
1.421116667E+9	1.510080000E-5
1.421120000E+9	1.493551000E-5
1.421123333E+9	1.483484000E-5
1.421126667E+9	1.531634000E-5
1.421130000E+9	1.476404000E-5
1.421133333E+9	1.523168000E-5
1.421136667E+9	1.483099000E-5
1.421140000E+9	1.491368000E-5
1.421143333E+9	1.491460000E-5
1.421146667E+9	1.478417000E-5
1.421150000E+9	1.491974000E-5
1.421153333E+9	1.464359000E-5
1.421156667E+9	1.489037000E-5
1.421160000E+9	1.497341000E-5
1.421163333E+9	1.471801000E-5
1.421166667E+9	1.486283000E-5
1.421170000E+9	1.496387000E-5
1.421173333E+9	1.496286000E-5
1.421176667E+9	1.623497000E-5
1.421180000E+9	1.819636000E-5
1.421183333E+9	1.484375000E-5
1.421186667E+9	1.471295000E-5
1.421190000E+9	1.471397000E-5
1.421193333E+9	1.505613000E-5
1.421196667E+9	1.508188000E-5
1.421200000E+9	1.455204000E-5
1.421203333E+9	1.510884000E-5
1.421206667E+9	1.739178000E-5
1.421210000E+9	1.546051000E-5
1.421213333E+9	1.495353000E-5
1.421216667E+9	1.480039000E-5
1.421220000E+9	1.486446000E-5
1.421223333E+9	1.498115000E-5
1.421226667E+9	1.505514000E-5
1.421230000E+9	1.471415000E-5
1.421233333E+9	1.474151000E-5
1.421236667E+9	1.465095000E-5
1.421240000E+9	1.489320000E-5
1.421243333E+9	1.519637000E-5
1.421246667E+9	1.450466000E-5
1.421250000E+9	1.480555000E-5
1.421253333E+9	1.436308000E-5
1.421256667E+9	1.469169000E-5
1.421260000E+9	1.482814000E-5
1.421263333E+9	1.467821000E-5
1.421266667E+9	1.515801000E-5
1.421270000E+9	1.495573000E-5
1.421273333E+9	1.460367000E-5
1.421276667E+9	1.494509000E-5
1.421280000E+9	1.506366000E-5
1.421283333E+9	1.469300000E-5
1.421286667E+9	1.474243000E-5
1.421290000E+9	1.472984000E-5
1.421293333E+9	1.481475000E-5
1.421296667E+9	1.491012000E-5
1.421300000E+9	1.459803000E-5
1.421303333E+9	1.457978000E-5
1.421306667E+9	1.480852000E-5
1.421310000E+9	1.491545000E-5
1.421313333E+9	1.444078000E-5
1.421316667E+9	1.493028000E-5
1.421320000E+9	1.502071000E-5
1.421323333E+9	1.490638000E-5
1.421326667E+9	1.491018000E-5
1.421330000E+9	1.478086000E-5
1.421333333E+9	1.461618000E-5
1.421336667E+9	1.445968000E-5
1.421340000E+9	1.462244000E-5
1.421343333E+9	1.448932000E-5
1.421346667E+9	1.465404000E-5
1.421350000E+9	1.455926000E-5
1.421353333E+9	1.496713000E-5
1.421356667E+9	1.505731000E-5
1.421360000E+9	1.471602000E-5
1.421363333E+9	1.485488000E-5
1.421366667E+9	1.511082000E-5
1.421370000E+9	1.472181000E-5
1.421373333E+9	1.468585000E-5
1.421376667E+9	1.457638000E-5
1.421380000E+9	1.486985000E-5
1.421383333E+9	1.479388000E-5
1.421386667E+9	1.451537000E-5
1.421390000E+9	1.500533000E-5
1.421393333E+9	1.507284000E-5
1.421396667E+9	1.492296000E-5
1.421400000E+9	1.481922000E-5
