12.8828
11.7105
16.0259
8.08427
9.07581
2.34246
3.54843
4.48834
2.14925
-1.13353
4.47695
-1.30866
0.811948
-3.73603
-4.8618
1.67169
1.71708
5.93649
-5.16885
-0.937117
-4.19799
-2.34056
-12.042
-2.59143
-7.54893
-5.90214
-9.01149
-8.00332
-11.8047
-8.04009
-10.6435
-9.18969
-9.47283
-14.3426
-12.7052
-16.3046
-13.4912
-17.1364
-15.6432
-17.4221
-10.4724
-13.835
-15.3245
-16.2953
-13.4951
-12.3912
-14.7035
-14.2211
-12.9828
-12.273
-11.972
-12.3543
-5.2638
15.0149
35.3871
38.9801
35.9752
28.699
16.8121
8.73495
5.74091
12.6925
7.57348
12.9446
27.4657
27.9882
26.2342
24.1095
23.0752
21.7854
16.9812
7.50927
-3.42641
-0.771996
-2.19496
20.0638
2.10507
4.11761
2.05973
1.86212
-7.65635
-9.30813
-6.91928
-7.73451
-7.83097
-9.20356
-8.77031
-8.07856
-6.68393
-7.83341
3.92326
-4.60353
-5.20309
-4.85029
-5.09352
-2.39878
-6.51591
-5.15649
-0.624773
1.93913
