4.14142
4.59916
17.2052
-3.20944
-0.896272
-2.2314
-4.75353
-0.246791
-1.9238
-3.86814
0.021542
-4.26652
-4.82577
-3.72487
-5.89147
3.52554
-3.53194
-2.76824
-4.46951
-5.24038
-9.74225
-6.92733
-11.7746
-6.1454
-8.97907
-9.51932
-5.74672
-6.63087
-5.51481
-0.158905
-1.70799
16.2144
14.9238
19.1066
19.3066
19.4606
23.0561
22.2542
25.7138
30.2366
32.6227
39.7359
35.536
35.0922
36.7674
38.2493
49.2262
46.9338
30.9446
9.40845
-4.47394
-3.54647
0.530198
-2.13973
-1.22317
3.22574
7.89506
6.39877
4.24233
11.0715
18.576
12.5121
11.0013
2.87238
3.0969
-4.12515
-4.73699
-6.79678
-3.06568
-10.2919
-8.06159
-10.0831
-8.28319
-8.67561
-8.844
-0.400605
2.25133
-9.00559
-2.24878
-5.47132
-2.32939
-6.21447
-7.49629
-5.33681
4.30551
0.0475033
3.22169
-1.68935
1.41641
0.806515
17.6748
-1.41515
1.10875
1.03666
4.47962
-1.61466
3.36057
4.14941
3.7418
6.19544
