11.7226
10.4998
13.2916
8.48051
8.98328
2.84582
5.91424
6.45884
5.18379
4.6658
0.0787669
1.3481
2.7359
-2.00565
-0.13323
-1.101
-1.39654
-0.720504
-1.67078
-3.18758
-7.16131
-8.3962
-8.21062
-4.52976
-6.58727
-6.62697
-10.7704
-7.66621
-7.61831
-8.04793
-11.4814
-8.66552
-9.23429
-16.1266
-14.3596
-13.8378
-15.5274
-17.7144
-17.4391
-15.5805
-12.8551
-16.3867
-19.507
-12.4394
-15.4718
-12.3518
-11.7406
-13.7291
-18.3922
-16.3567
-16.0737
-11.0855
-9.13383
1.5645
26.564
31.0102
35.6459
33.4154
24.1165
8.60996
5.65063
3.48095
8.91793
11.6223
20.4999
25.1747
24.4371
28.524
33.227
28.5124
14.855
3.83189
2.10901
3.58239
4.55871
13.3535
-0.751093
7.83497
0.979592
-2.817
-7.57923
-5.55619
-5.92049
-6.74658
-6.64617
-15.2088
-9.4198
-6.05953
-13.7527
-8.18133
-0.642002
-8.45329
-4.32072
-5.4501
0.470782
-8.16977
-2.15339
-1.60354
-0.842028
1.69608
