6.56388
5.30597
2.05455
4.27474
4.74205
6.82869
2.7981
3.88999
2.99531
1.69029
0.756342
0.462103
1.36815
1.31663
-0.85973
-1.32018
3.27297
10.3205
1.03577
3.32537
-3.72964
-3.3364
-5.85976
-1.90195
-6.59216
-2.70846
-8.53633
-12.4762
-6.17624
-6.2423
-12.3103
-5.80735
-5.17823
-11.3104
-8.2349
-11.1752
-10.7953
-13.1212
-11.7551
-3.65089
-7.32726
-9.15407
-6.875
-8.77753
-6.4985
3.38236
15.1047
29.8184
54.6843
72.894
80.8308
75.6482
61.03
43.3586
38.3773
22.244
21.7805
12.424
10.004
12.616
17.9785
14.7601
12.1664
7.45198
13.4895
12.8556
15.9567
24.1633
20.4295
22.0135
16.2588
6.18011
2.37969
-0.95075
-4.07973
6.64442
-3.01708
0.426233
-2.31694
0.292893
-7.97895
-7.27987
-7.81689
-9.25631
-6.49134
-6.86298
-2.43229
-4.85632
-4.74021
-2.23815
6.65284
-4.11435
-8.62444
-3.28204
2.1797
-4.83904
-5.99299
2.47459
1.32591
-0.30303
