15.1768
8.89442
12.721
8.38283
8.04895
3.21321
5.3562
4.8721
4.12814
-0.253397
1.54412
-0.937486
1.51388
0.258234
-6.1304
1.98238
2.87863
1.17563
-4.28894
0.31044
-4.56903
-7.07524
-8.24498
-4.29442
-8.80017
-8.94936
-9.29391
-7.28835
-8.21766
-11.3561
-8.30818
-7.52991
-8.40789
-14.4504
-10.6646
-12.0426
-16.3978
-16.4094
-11.9361
-18.6527
-16.6
-16.2383
-15.3555
-13.4107
-14.0546
-8.97377
-8.74495
-11.5219
-10.9123
-9.75431
-4.81484
10.8733
37.3109
46.8074
50.0199
36.3377
25.6485
17.8512
18.4757
13.6313
16.8032
23.5243
16.0486
17.3733
14.5669
17.2488
21.2951
14.9537
18.2399
26.5437
11.7322
9.9945
1.00629
5.87316
6.15025
31.2899
-0.11435
5.39354
-2.78334
2.04798
-5.11265
-6.60239
-7.82286
-5.73492
-10.0175
-8.63772
-6.16655
-4.41469
-11.7816
-8.04212
-9.44071
-3.6984
-7.23649
-5.3198
-3.22232
-4.19283
-2.74327
-0.358401
-0.898648
-0.0560934
