13.6305
9.05733
11.2141
7.90003
8.54322
2.54256
6.09504
7.59635
2.89349
7.60926
-1.36226
-1.11588
-1.95461
-2.02137
0.873415
2.08684
-2.5055
7.50923
-2.02476
-3.7897
-4.05057
-5.93103
-8.88628
-7.42013
-4.5386
-6.09417
-15.4762
-12.1327
-8.59112
-6.61752
-12.0949
-9.31534
-9.17576
-11.2638
-15.6062
-15.9171
-13.6727
-12.2718
-12.5543
-15.2531
-14.402
-12.8834
-14.8179
-17.6689
-15.661
-10.6362
-7.06758
-10.968
-13.2394
5.38204
12.0145
35.2791
46.399
50.8912
42.4102
33.8204
24.5625
22.6842
11.9344
5.44315
9.39289
21.0062
19.2746
18.8958
22.3724
14.465
13.0871
10.2239
13.2224
20.1471
17.3291
16.6878
12.6253
8.26232
8.33823
29.4983
4.39385
-3.81978
-0.396593
1.22897
-8.40432
-7.17608
-5.31273
-9.18328
-13.7827
-12.8362
-8.85808
-6.77725
-6.08723
-5.32016
-2.21735
-3.59221
-3.88887
-7.87571
-8.15672
-4.00038
-1.23569
-2.78662
-2.60186
0.217584
