-3.61553
-5.67904
-0.110021
1.15936
-8.10519
-6.34962
-7.11191
-4.33438
-3.85572
-12.1477
-2.64569
-12.2835
5.22411
10.2324
2.56196
-0.542897
-10.7052
11.6325
4.36318
7.22932
1.2416
0.538905
8.59675
17.7931
3.14235
11.2871
-3.70748
8.88962
-4.05659
7.03934
1.58739
8.81705
6.86604
0.853908
-6.43987
-1.3315
-0.356316
11.7404
11.7728
16.5464
27.6377
33.5703
48.3449
58.5178
58.7468
64.6559
68.0209
44.8496
17.4444
20.864
21.2691
20.9306
12.471
14.1722
12.2732
13.5755
6.03631
11.9156
10.1587
4.91482
17.8541
17.9073
6.70517
-7.81662
-6.39263
-0.745031
-5.47617
0.889477
-8.27561
4.9321
-2.4531
-7.02169
-3.89768
-3.17303
3.32511
0.191715
1.40528
-6.37992
-10.978
5.17374
-4.01721
-9.26619
-8.88365
-6.93005
-6.45944
-10.6888
7.80593
-6.6834
4.65984
-1.43476
2.34607
-1.04566
-14.7417
-1.62076
-6.31809
-2.21588
28.5133
5.28423
-12.4899
4.25834
