7.38388
8.3161
7.35127
4.48145
2.97775
2.4539
5.12922
2.20755
3.77007
0.189801
1.19598
2.39617
1.10487
-1.74391
0.491191
-0.327702
1.54777
2.98991
-0.13513
-3.09069
-3.67208
-5.81545
-5.71852
1.09272
-1.22814
-7.66328
-6.53035
-4.85221
-5.93724
-5.74258
-8.55216
-6.3417
-3.87297
-12.8747
-8.33308
-13.6771
-11.6648
-12.9315
-9.91516
-9.99332
-14.0997
-11.7238
-12.2424
-7.47655
-9.04558
-3.347
1.00508
18.2118
41.7955
66.8251
77.0111
71.9783
75.7762
58.7079
45.0183
30.9185
24.1228
19.1431
12.5776
10.8375
15.3974
12.3048
16.6225
8.55231
5.97267
5.44094
10.2237
11.8448
18.0859
27.4733
18.0339
14.555
5.38981
8.68293
1.59466
17.1973
0.331191
-2.30782
-6.57578
-4.47924
-6.39105
-8.27052
-5.74326
-11.5937
-2.69692
-7.05439
-2.70014
-2.23845
-8.02942
-5.5019
-4.72764
-6.51888
-4.55658
-5.21384
4.57448
-6.87001
-6.59308
0.943575
7.50107
-0.113934
