2.52917
-1.88864
5.00083
-4.55562
-1.57678
2.51748
1.31315
-1.13725
-8.80401
3.17965
-2.95923
15.073
-1.78699
-4.32284
-1.59596
-8.90663
12.6235
-8.22874
1.95971
9.02737
-5.78161
-1.09357
-8.69085
0.617738
6.83794
-3.01405
2.17551
1.49648
-6.57425
2.4064
-6.06924
4.70358
6.65468
10.1997
-5.82683
-0.394758
-3.87042
-0.398473
-9.72907
2.8399
-6.92599
4.44211
-7.74769
10.1617
-1.62542
4.97692
6.02433
2.02542
-1.57718
0.205118
2.92601
2.59922
7.20043
7.48849
-1.52896
6.96368
5.89783
-5.84617
0.77322
-0.167717
4.28139
0.486047
-1.90252
2.25673
-2.25059
-2.66195
-3.52352
-7.98821
7.34424
-0.563229
4.86446
-3.01806
2.91724
-1.00208
3.53871
0.764157
14.7773
-5.13932
-0.0695766
-1.12249
2.81698
-3.54333
-2.53148
-6.99559
2.30516
-0.586016
1.94057
-0.652725
-2.06808
4.06539
11.8976
-4.83662
-8.43259
-4.24256
-0.150484
-7.84642
6.08233
4.07386
2.4945
-6.35003
