-2.18684
-5.84186
2.09956
5.17222
1.94269
1.14452
0.705393
0.374453
-2.28093
-0.736773
-0.779722
-7.87213
-3.58223
-3.68853
1.70119
3.66871
14.9223
2.30484
-1.04233
-3.14897
-5.45301
0.882664
2.69375
12.4799
-2.40799
-0.616655
-3.57862
-1.07101
1.72365
0.477027
7.62042
0.961857
-4.02043
-5.00487
2.78514
-2.95795
-6.02153
-3.77854
-0.481277
5.79395
-7.89011
-5.44652
-1.45746
-2.89557
1.00151
4.01538
13.0868
22.8995
37.7539
53.7802
71.7729
83.7996
89.1628
85.7548
57.6539
43.7696
20.2489
6.42236
6.39109
-0.746874
22.109
9.99986
-3.62881
-1.41877
3.90816
-3.05231
-7.79048
1.96201
-3.01305
-4.18868
4.63104
-9.18853
-2.23296
-6.36411
6.69969
35.4638
13.6459
-2.15378
-3.33254
-3.68747
-5.76928
-3.97517
-1.36411
-1.98539
-3.50017
-3.12907
4.84031
-0.00963782
0.356774
1.21843
15.2117
-5.34866
-6.3452
4.58895
-2.55654
-3.5331
-0.491356
-0.41987
3.29984
-3.56918
