9.7029
14.4179
11.7812
7.5238
10.8071
4.49966
7.00593
6.10119
2.79439
4.41161
1.55432
3.05247
2.11547
-1.66806
-2.95965
-1.36905
-2.73111
0.455366
-2.46903
-0.854154
-7.95458
-4.58265
-8.32123
-8.88359
-10.9296
-6.09272
-14.4526
-6.91528
-8.02586
-8.37606
-10.2396
-9.89725
-10.7004
-13.9607
-16.6691
-18.215
-15.4007
-13.9032
-18.66
-16.102
-15.4886
-16.7116
-17.7651
-15.8782
-19.9772
-14.3258
-17.6587
-14.6664
-17.2609
-15.8122
-13.5269
-14.8179
-11.6572
0.655217
25.1608
41.3876
32.3468
37.936
37.6549
22.448
20.5441
21.3096
45.0893
41.1739
48.335
37.5147
26.6939
11.7471
12.9496
6.63872
-0.345932
3.60248
-1.64748
5.17711
-3.2513
2.08098
-4.94709
-5.70482
-8.93674
-6.10129
-7.57714
-7.70653
-6.77976
-7.81751
-6.67162
-5.86979
-6.2583
-5.78506
-4.58917
-0.475171
4.8303
-7.18906
-11.7391
-3.15931
-5.71016
-2.47912
-0.809652
-3.54616
-2.31588
4.27874
