-0.0655609
3.84735
8.71642
3.22753
3.22928
6.74779
0.36053
2.94873
1.80899
-0.792114
-0.358561
-1.9221
2.56652
-2.46027
-4.13992
-1.87074
1.30328
9.00931
-5.17645
1.16217
-3.23466
-7.0661
-5.72098
-4.34776
-5.51277
-5.19451
-6.73021
-8.90082
-6.20619
-3.41001
-3.88215
-0.654796
-4.52361
-6.11569
-2.02902
-0.906115
1.36698
7.31874
14.7202
22.4077
23.2062
29.8142
30.1621
45.3132
35.1564
46.68
52.3437
64.9163
59.5507
41.3253
24.4067
13.4431
11.7225
7.14135
7.83913
1.84753
2.18495
-0.689052
-4.28866
4.14937
11.734
10.9324
14.5429
17.9397
20.4498
10.5896
9.86628
8.51577
4.76833
6.89849
-2.81033
-1.78678
-5.20769
0.913382
-2.78475
9.86772
-2.75589
-2.64052
-8.04684
-7.00893
-6.55194
-6.66476
-7.29962
-5.68716
-3.49575
-9.5044
-0.925196
-1.69611
-4.91463
-4.89368
-2.64986
-0.706169
1.93546
-1.86352
-0.478855
-1.52403
1.66304
10.8778
4.39185
1.75421
