6.0298
3.1647
8.96092
8.02371
6.48059
7.50959
-2.03605
4.18805
2.33385
2.72749
3.7878
-2.77532
-1.34384
-2.24329
-3.53397
-4.53448
0.200081
-3.44425
-2.63583
-2.40467
-0.0168658
-4.75947
-1.77335
-2.88681
0.405926
-6.84951
-7.73321
-4.44735
-1.71017
-5.28341
-6.07862
-10.4691
-5.76678
-5.17147
-4.15537
-11.6815
-9.22326
-11.005
-14.2559
-13.0654
-9.5671
-10.109
-12.1391
-9.81732
-7.94545
-10.6171
-6.81275
-13.4051
-10.6252
-5.61246
-9.32397
-3.36085
-4.1769
17.0062
33.4379
45.1468
57.7379
50.8458
49.1176
38.3478
43.8057
47.9661
49.5667
42.9307
31.8326
18.0618
5.49787
3.03097
5.45178
4.16626
-4.17409
-3.04364
-5.29234
-8.35472
-5.36364
-3.73088
-4.42352
-6.38845
-7.35727
-2.75741
-3.47493
-7.79055
-5.38443
-3.73994
-4.76999
-2.37551
-0.261735
-3.3709
-3.86631
-1.16821
-2.27964
-1.92004
2.29034
-4.59674
3.11139
-4.96116
0.699435
-1.89466
6.31487
0.374363
