-10.4145
-0.308718
-3.49711
-0.326932
-0.911469
10.0756
12.433
7.61621
3.77233
2.53982
-2.18476
1.7748
-3.85529
0.814684
-3.55491
-7.75468
12.3512
23.4464
-3.87215
-3.70088
-2.25277
-2.32687
-10.2333
-7.12167
-2.74218
-12.0328
-0.275289
-10.4535
-3.49027
3.39226
-10.2895
4.48622
3.76447
-1.44255
-2.52963
2.74549
7.00105
-9.58536
-13.9481
-3.19246
-7.26421
-6.14997
-5.01444
-1.32173
0.655056
5.40026
11.3749
2.27967
-9.38121
2.72277
1.50127
-2.69519
1.73241
1.99638
-2.62257
4.00662
-2.92975
2.24285
-3.01822
2.34573
12.6702
25.6566
5.5041
13.8524
7.57784
2.03077
-2.11307
7.45575
-3.00747
4.52651
8.52182
1.40831
-3.84865
2.1095
7.4494
19.7744
12.6677
-4.72154
-5.37589
-3.79011
-4.88713
-6.1386
-12.8059
-5.88489
-0.946085
-8.66484
-5.45103
-1.54166
-2.71832
-5.22399
-5.37161
-9.51926
-4.24572
-6.97936
-9.50629
2.27625
9.1942
15.1565
1.95114
10.8621
