9.32147
0.989145
-3.65159
1.97562
0.118566
0.654827
8.65318
2.70687
2.35588
6.43774
-0.360857
-8.37565
-4.50259
-2.22537
1.53749
3.3815
-3.71262
11.0496
1.28034
-0.252958
-5.90889
6.26569
-0.0859877
-0.191073
-3.10088
3.355
-0.986265
-2.22388
-4.66696
-3.99983
-3.84924
-3.54583
-5.96809
-12.4983
-6.97897
-7.67844
-10.1704
-16.1553
-10.4493
-8.04167
-8.88446
-8.4886
-10.5109
-10.7921
-4.90703
-5.02071
1.24109
-13.1447
-8.43934
-4.96892
-4.63763
-4.88262
4.13499
28.4273
37.8191
51.4961
56.6453
55.5378
60.073
62.8194
57.9649
57.0653
40.8752
29.4307
19.5268
12.3508
1.14196
0.651527
-2.16779
-9.85652
0.740065
-3.78772
-2.91119
-5.12472
-3.14295
4.21811
3.01707
-0.776148
-4.376
-9.67439
-5.99568
-9.10213
-4.5705
0.818577
5.60225
-3.25422
7.54276
0.453054
1.95719
-0.448674
-1.38997
0.977328
2.82473
-0.207659
-0.645649
1.91771
-3.69135
-4.49193
-3.92671
-2.05729
