-0.833281
-0.128311
3.73562
-6.88018
-4.78757
-3.07384
-5.28225
-4.89006
-0.378611
3.50558
-3.73046
1.93992
-6.59414
3.61975
-7.58343
-6.153
2.69867
10.3809
-10.5582
6.84483
4.96891
4.75776
5.44721
4.26637
-0.112852
4.67407
-0.214236
-1.89484
0.566167
2.41973
-0.203177
-1.63976
11.3553
1.31729
0.0115073
-1.431
8.97713
17.4612
10.2636
24.3056
29.3262
44.0558
57.3224
54.8209
62.0598
57.0313
44.5352
29.6122
23.5077
16.5477
16.1819
14.8721
9.52041
7.76462
3.52317
6.51786
-1.08069
-0.781134
0.972431
-4.44156
5.143
-0.372373
-0.715198
-6.89895
-1.29206
-2.55174
-6.98733
-1.72512
-7.91951
-3.7843
-5.80405
-8.71598
-2.68841
-4.65996
4.30622
11.0643
5.81871
-9.46976
-3.26018
-3.81059
1.97589
-2.66811
-7.45007
-6.78504
-0.940362
0.66312
4.75678
-4.04543
0.108271
0.35161
5.73312
1.56932
0.182162
2.59671
0.697879
2.62009
1.34369
7.71327
3.69496
0.554852
