13.6738
11.4192
14.7042
12.0427
6.19101
4.3363
7.08264
4.73214
7.13853
4.42404
2.73943
-1.33801
-1.44254
-1.54852
-0.166597
1.00189
0.64907
2.83394
-8.27936
-9.95316
-5.51681
-8.50729
-11.0606
-8.99299
-5.36541
-11.6477
-6.36202
-14.4054
-12.1546
-3.53433
-11.0674
-8.22682
-9.28312
-16.6189
-10.8645
-17.2763
-14.7478
-20.0393
-19.2439
-17.3396
-16.0579
-16.5688
-13.81
-13.6594
-12.0218
-14.492
-15.2755
-14.4942
-16.1581
-15.4272
-16.5344
-13.3742
-10.9908
-1.83162
27.3022
39.4794
42.1237
42.1863
34.5981
25.7617
24.0711
30.7332
48.2383
56.1336
52.3438
33.5333
24.848
16.7241
18.1316
9.41184
1.87316
-3.91807
-4.1493
-2.77645
-7.80487
3.22929
-4.96089
-12.7745
-10.1234
-8.01855
-11.9932
-8.10563
-8.67532
-5.99142
-3.3961
-8.21363
-5.11394
-2.00725
-3.48213
0.0449145
1.60706
-7.19324
-4.18408
-4.9615
-1.44403
-5.94204
0.0416893
-2.60478
-4.61168
4.85561
