7.12995
0.335673
14.5952
2.09226
-3.52918
-0.804811
-1.04681
-0.103612
1.42958
-3.77533
0.154859
-4.15796
-3.72766
-5.14871
-5.38199
-2.0011
-0.66278
4.94594
-7.1352
-6.6701
-6.00331
-4.24751
-8.48156
-5.53106
-8.30845
-8.62556
-9.67233
-10.9292
-9.55209
-3.88331
-1.19178
1.00009
3.98731
10.8366
13.8843
21.478
27.5443
35.4383
36.4024
33.3123
25.9207
28.8709
32.4914
38.0744
38.4377
44.2806
51.274
55.6429
54.9254
22.4464
5.72454
-1.15362
-2.93502
-2.14679
0.221881
-3.52491
-6.46577
-3.01597
-0.915594
0.630859
23.432
24.0218
17.469
4.40096
1.26672
0.967433
-2.76681
4.47888
-4.31778
-5.73879
-6.56438
-7.50065
-9.61744
-10.8469
-9.191
7.49762
1.73443
-10.2422
-10.1391
-2.8593
-7.90644
-5.77212
-0.391498
-8.44764
-3.15125
-4.25768
-1.6099
0.645775
1.09975
6.3099
5.3334
-1.14407
1.64367
2.79271
0.805558
1.13534
3.84714
6.92907
1.52465
9.9275
