9.99555
-0.435457
31.8271
4.25319
-4.25802
-7.0763
-5.5533
-5.40057
-7.91583
-8.79804
1.52293
-11.3467
-9.67686
3.98955
-7.09372
-3.13086
5.33358
29.4279
-3.86708
5.62587
-10.6275
-7.82621
-2.3655
-5.22906
-3.55887
3.11483
-14.0519
-8.87417
-0.358573
-3.46279
6.99907
11.1439
18.9319
-0.551727
-1.18956
-0.368308
-3.79734
-4.36433
-4.75108
2.05986
-2.69622
-0.794118
-3.93286
4.75858
-7.62899
9.66258
10.3258
-0.965253
-0.782537
1.11447
2.95868
12.2222
2.02283
18.7288
8.62073
4.65512
1.95098
4.21276
2.69882
2.04923
10.8878
22.6872
3.29941
4.17412
4.58635
5.26738
-2.75661
-6.05084
1.30684
4.34229
-4.88969
-0.495213
-2.71993
1.91267
-3.15418
25.0885
9.12785
8.37744
-2.51739
0.276881
-2.03843
-5.8967
0.609858
-9.35379
0.445769
-1.83583
-2.47656
-4.611
2.29504
-9.94843
4.0347
-4.58802
-3.87653
-6.25284
-2.27776
-9.4474
-6.12599
23.7106
3.07085
0.0135701
