4.06912
6.11436
19.8616
4.15664
9.36559
5.66319
6.223
2.57684
-0.480828
1.22934
1.50668
1.56335
-6.14262
-2.5011
0.470854
-2.65003
-0.196856
-1.49611
-5.45802
-0.382455
-3.67139
-4.05878
-0.362677
-1.76825
-2.2122
-8.48476
-1.76564
-4.35313
-8.93718
-10.6041
-6.53036
-3.74622
-13.2975
-13.1064
-12.2525
-15.4548
-12.8127
-14.904
-19.2418
-12.8005
-19.7151
-22.2029
-19.5049
-13.6483
-13.3798
-16.1017
-6.18977
-22.7151
-15.0505
-15.701
-8.06022
-12.7045
-10.9329
7.30443
22.7195
45.3077
44.6995
47.1473
33.5155
34.338
31.4297
49.1499
45.7033
56.3826
46.1888
28.3809
25.1342
12.8719
1.45338
3.54068
-2.60847
-5.92321
-5.76894
-8.90064
-8.45283
-8.37579
-6.61431
-8.22081
-6.70462
-5.36379
-7.23377
-9.7249
-9.67536
-6.17576
-5.67402
-1.74571
-2.34781
-1.48992
1.99222
1.69707
-4.76649
-3.50856
-3.15309
1.8848
-3.87271
-2.79786
-1.98377
-0.302927
1.19168
3.64275
