-13.952
-17.3663
12.3068
0.764662
-8.95397
-6.14453
-5.61098
-0.102383
-0.742547
8.60048
-2.48376
6.41213
4.89158
4.46769
6.19099
-0.986256
27.838
42.6676
-4.77334
4.36358
-5.04859
2.90925
-2.28728
4.7454
-5.76666
-8.77142
-4.07069
-11.1322
-9.78133
-16.0355
-3.78023
22.5118
27.2477
-7.84231
-10.295
-13.9446
-15.6008
-14.9763
-11.2436
-19.293
-20.7366
-8.5592
-18.2698
-7.53231
-25.3237
4.25965
44.3796
-6.26005
-8.13498
-5.50544
8.6007
-8.70207
-0.142142
2.83629
-8.50191
1.16774
2.56199
0.11064
-6.6143
2.79006
13.9574
2.70352
-6.02534
6.89852
-10.7352
1.45443
-1.28063
-1.31998
8.79838
10.3545
18.7633
18.6177
10.7397
-3.03961
2.11859
14.9566
-3.58144
-12.1258
-1.26299
7.18061
-16.2272
-10.6921
-12.4032
-8.63097
-11.2958
-12.1064
-9.99066
-5.09091
-8.57778
-4.37773
76.5617
3.46059
-5.61827
-11.3403
-7.7663
-12.0131
5.57073
-1.47575
-1.38076
9.55166
