-1.40412
-2.25891
1.08505
-3.69948
-0.264709
3.08969
-0.440734
-2.76598
-3.7969
-4.80884
-4.50028
0.438882
-2.13745
-2.92788
-2.54026
0.478785
0.538813
9.14336
2.04398
4.12991
-2.38425
1.15215
1.65982
2.51302
1.21011
2.02402
-2.3672
-1.98415
3.29786
3.25629
6.22209
10.898
3.54604
-4.42795
1.40687
-4.69987
0.474463
1.01505
-4.27971
-2.87234
-5.56067
-1.06758
3.52017
-2.33119
4.15819
4.01657
5.26577
-0.181134
0.112221
0.137966
9.45026
21.546
58.7622
85.6992
92.1655
92.5437
79.0427
66.9705
51.6347
38.5375
29.8797
17.3572
6.50731
7.31342
5.78259
-1.10073
-1.18091
0.555471
-2.56655
-2.48068
-1.08616
-5.70079
-4.98938
-2.37694
3.81498
14.2778
-1.92569
-5.77161
-7.27461
-2.4111
-3.01553
-4.83547
-9.70148
-2.07724
-1.29375
-3.18131
-8.24493
0.966814
-4.6393
-1.18894
3.64239
-0.676577
-12.22
-5.76172
-6.87001
-11.203
-2.44018
43.4802
17.4511
0.807786
