-12.3486
-13.6156
24.9015
-0.637751
1.85677
-2.48295
-4.84997
-8.56459
4.25322
11.5903
10.0827
8.91588
11.4379
3.11267
10.9687
-8.59638
13.9529
26.8432
-10.7886
-3.85533
-3.9898
5.93575
-10.2246
-9.12381
-9.12512
-8.38199
-14.4363
-10.8123
-11.0658
-8.12813
-15.4046
1.9382
14.4303
-4.2289
-2.73775
-2.89615
-3.38782
-12.207
-17.6624
-3.14391
-12.1836
-3.19364
-7.53659
-8.58545
-14.1631
4.48749
9.94974
-5.4681
-9.59846
-0.838522
-13.2868
-18.2091
-7.0135
-8.47705
-9.22703
-4.45949
-7.24044
-3.45274
2.63724
-15.9471
13.8822
26.4485
7.49039
10.2531
9.55038
3.97502
1.03879
15.6169
14.1191
6.05115
14.1276
4.12757
4.38106
-0.0450554
7.9404
16.4193
6.69919
-6.59404
-6.63187
5.8441
-5.77471
-6.86985
0.668323
-12.6202
-7.75916
-8.60138
-6.99596
-9.17781
-18.9289
-7.33645
4.29638
-13.1966
-11.21
-4.95283
-1.37931
-8.24564
19.9752
5.20419
9.97302
9.71294
