2.19042
-0.355886
22.9997
3.16334
1.46844
-1.37495
-1.60342
-3.54633
-0.910938
-4.91046
-5.07949
-5.22778
-5.72154
-4.33176
-8.03723
-1.45536
-1.63667
-2.50574
-7.64728
-10.1879
-9.05561
-5.28043
-7.79601
-7.33005
-6.09714
-7.3388
-10.2379
-2.63533
0.732677
2.39061
5.52502
12.6563
14.2921
14.476
17.7513
18.7311
24.3468
20.9211
24.5952
32.2627
35.4741
38.0753
36.506
34.3447
34.3232
36.9692
46.278
44.1115
27.7172
3.2
-4.78354
-4.48433
-2.84536
-5.08136
3.6208
7.77461
5.28735
2.56569
2.79461
4.69783
17.4903
13.805
12.8989
-1.86491
-3.00552
-2.56416
-3.39126
-2.89741
-8.2058
-8.98285
-2.7686
-10.1166
-7.56199
-8.0923
-9.21779
-7.39355
-0.757297
0.297135
-2.45617
-2.21071
-3.15661
-6.18303
-4.68458
-1.22321
1.89997
-3.09235
-0.808839
-3.86753
1.46797
2.90938
20.3308
2.1194
3.12084
-0.722121
2.32763
2.16336
1.77778
6.49602
-0.884553
3.47427
