4.4247
1.82261
8.64674
3.31107
4.27111
-0.202112
-1.20197
-0.0246035
2.34567
1.19084
1.12964
-2.23856
-4.43427
-3.63157
-4.82505
1.34753
9.02126
13.5831
-3.91341
-5.77231
-4.99027
-4.15422
-4.5762
-2.52169
-4.62651
1.62953
-3.09661
-5.83812
-6.09816
0.695407
-2.86269
1.07782
-3.76969
-9.33296
-6.29872
-4.15754
-4.31532
-3.92668
-1.48534
3.52255
5.12625
12.3034
17.0877
34.3777
43.8516
53.9546
58.9231
66.9864
70.3483
59.4562
43.4756
32.1614
21.7813
20.2118
18.2521
8.65479
1.63718
2.43177
-1.19041
-2.02987
10.6621
14.8331
8.76397
8.4092
15.3209
16.0273
18.9463
24.5092
12.9458
10.6753
2.53554
-0.250335
-5.64472
-7.93396
-8.91246
44.5272
6.77855
-6.15825
-11.5875
-13.8966
-8.99113
-13.0919
-7.92358
-14.9308
-7.39466
-12.455
-10.0308
-16.9616
-13.0495
-12.7072
16.0233
5.14998
-11.1858
-6.7789
-1.71876
-4.31478
-2.43039
28.4247
22.4158
-1.62043
