-8.1117
-17.4218
8.97686
-16.3024
-12.1765
-13.5671
-19.7786
-17.1514
-11.8122
-7.4213
-6.78127
-3.51876
-4.93108
-8.72072
-12.0157
-9.09745
34.6607
33.9594
4.59958
5.36137
7.34425
6.23561
1.91048
-0.257616
2.84466
20.167
-4.61364
4.49089
7.6793
11.265
26.834
22.7192
24.8401
14.5562
9.6544
3.60662
8.65745
20.6082
7.32817
25.2792
14.4551
13.4869
5.1319
10.6336
21.9736
23.6556
24.648
15.7806
17.8729
15.9879
5.76383
11.7952
18.3591
20.9275
11.8819
1.90793
10.7967
15.443
2.30376
2.47918
27.2754
22.8895
1.77314
-2.10536
-6.7788
-0.283938
0.879114
0.996059
-5.66866
-6.16739
-6.06489
-4.07872
-12.6806
-27.8273
6.51331
58.1598
26.6613
-17.5024
-24.7429
-15.8984
-15.8877
-10.0616
-31.1272
-14.0841
-28.6464
-19.0963
-4.33014
-30.1383
-29.7599
-25.8704
18.0829
-15.6895
-44.5585
-35.4953
-30.7379
-21.6626
-6.2677
-13.9894
14.0897
-23.6027
