-141.384
-130.665
-97.9024
-103.036
-94.727
-91.4731
-48.7814
-68.8448
-49.647
-33.5725
-35.6908
-24.2883
-14.3659
3.59221
6.74081
10.7272
24.0286
53.3246
48.7629
49.4324
66.2141
59.6205
63.3087
54.1276
66.1384
70.7468
84.6504
70.5529
87.0882
104.356
107.92
110.452
113.12
106.958
107.62
110.009
111.521
129.48
104.79
98.6482
117.787
103.149
104.227
126.459
116.785
99.1369
127.378
103.38
96.9288
97.0623
96.0481
97.5053
76.4034
103.358
85.6758
79.9086
69.6895
68.463
55.3513
66.0069
68.6853
46.2351
23.9607
26.9235
12.7972
5.58921
-7.27978
-6.2962
-36.6481
-19.2451
-41.7227
-52.3267
-44.3181
-68.1065
-56.1225
-69.8989
-57.4997
-93.0285
-119.548
-120.498
-145.556
-152.862
-155.86
-165.379
-155.143
-194.324
-193.46
-161.122
-176.316
-197.874
-128.306
-166.458
-178.914
-34.3689
62.1525
40.694
226.557
1183.24
304.087
149.954
