11.3988
9.08542
14.4315
6.7349
8.21221
5.10149
5.8175
7.53893
2.86
-2.20528
0.293074
0.414036
3.24628
-2.625
-1.3685
3.72355
1.89477
13.2627
-6.45563
-4.59498
-1.46273
-6.90328
-9.97542
-9.08097
-8.32503
-7.26556
-14.6263
-9.43771
-8.15133
-9.97227
-12.8822
-10.0262
-6.77635
-14.1184
-13.1366
-15.6038
-13.6482
-14.9853
-16.7443
-12.3974
-12.3776
-11.0425
-16.1494
-16.3488
-11.4698
-14.0075
-10.5509
-14.2511
-14.7448
-18.1019
-16.9931
-15.1022
-13.5675
1.57707
23.7213
31.2015
32.3543
29.7208
20.5922
7.45857
11.7709
7.0057
13.7799
18.7134
27.1808
31.0521
36.3909
28.0017
29.2714
15.9705
8.51311
1.40948
-0.484906
0.310908
-2.18465
8.98663
-2.72053
0.463923
-0.368667
0.175635
-11.4358
-9.75394
-8.36117
-7.39067
-4.13712
-10.0816
-8.34822
-8.088
-3.54897
-4.67297
6.98124
-7.38304
-3.22778
-5.17392
-4.88432
-2.38126
-4.58239
-5.12762
0.724695
-0.23556
