-21.0516
-9.31641
-11.332
-18.8548
-9.73999
-5.68188
-9.77203
-11.034
-4.3275
-13.3855
-11.1498
1.44779
-7.37618
-0.738957
-9.28917
-8.78816
20.5724
6.2186
10.1046
7.77145
9.70322
2.98971
-1.40149
6.8483
4.83875
15.0004
15.5884
2.28277
25.5729
17.503
21.3827
26.574
18.5057
21.7756
9.33807
9.56216
6.65664
12.2516
7.51718
11.3404
11.8713
11.9775
19.6153
25.7197
18.7139
23.9495
26.5802
24.2136
14.8921
16.9064
11.0184
20.1829
15.5519
15.9593
18.765
2.45266
7.50691
5.18465
7.501
-0.89625
8.35843
17.522
2.64601
7.03839
1.01804
-9.11688
-3.07923
1.80364
0.221423
-0.774336
4.88835
-0.980654
-12.8232
-13.9192
7.00427
17.0891
3.48406
-12.3637
-22.2086
-15.5795
-21.6665
-15.5338
-37.2875
-22.9651
-34.9284
-30.5423
-30.9269
-19.912
-21.8998
-29.5289
-27.7906
-44.2899
-39.7183
-36.2743
-21.3311
5.43797
83.8631
157.607
50.7992
53.9241
