4.07725
-2.72806
17.2541
-0.967687
3.88009
0.322511
2.49224
-7.53153
-5.02653
5.85755
2.82059
-13.5245
-3.70766
-6.05351
-11.1788
-1.46431
11.4
-5.33836
4.11666
-7.83834
5.93399
-5.65288
-1.85007
6.3408
2.89182
1.76992
-1.10206
0.614267
-2.02705
2.25373
-8.59147
4.74438
4.99908
-1.25675
4.69656
1.11816
-5.80858
-1.56293
4.16999
12.2748
0.62873
6.78673
8.30136
16.7471
24.6861
17.8609
15.4063
14.0584
16.2202
-0.614047
7.6367
7.31342
2.77575
12.6114
7.81241
7.18487
2.67891
6.94041
3.93369
1.28285
14.2051
8.67733
1.69059
1.09525
1.30256
3.91321
-0.55279
4.54314
-2.02633
-3.14865
-6.35012
0.267504
-1.10401
1.46586
7.54374
14.3842
17.6378
2.5479
-4.15066
-6.36902
-4.04191
-3.70599
-6.85702
5.04503
-5.21664
-9.17144
3.3962
-0.968695
-3.39738
-2.80306
-1.06646
-3.69112
-7.70362
0.827256
1.35494
-2.16467
5.50568
3.37682
10.2811
-5.31385
