9.34823
3.0326
6.0449
2.43185
2.52219
-0.66766
0.444217
-4.10843
3.18288
0.679824
-0.679275
-2.7508
3.51387
3.38083
-5.96132
-0.242595
1.03653
8.83118
0.45046
-3.52898
-2.45065
0.416437
-8.04894
-5.43048
-7.68592
-5.83954
-5.57409
-8.99093
-10.0223
-8.44342
-3.98289
-7.57572
-3.39339
-0.955265
-0.95874
2.59213
4.27942
12.8863
17.5112
24.268
24.2332
28.6299
36.7255
36.6996
35.3019
43.3536
49.2154
59.9435
58.5518
39.6854
27.0979
15.9707
12.7423
5.05858
8.80425
-0.442286
-4.83491
-1.70618
2.14207
-0.297965
8.62277
11.1844
14.3422
12.2037
16.7839
11.8169
9.67599
9.14383
4.78827
1.15938
0.116461
-2.60767
-8.11391
-0.957481
0.605033
16.9986
0.613116
-14.3623
-5.07968
-1.30926
-5.32361
-6.58586
-1.19155
-8.20187
3.76486
-7.80719
-5.1268
-0.130674
-3.50636
-6.77366
-13.0747
-2.66381
-4.69074
-4.16355
0.545669
-1.08047
-0.0228465
14.5922
9.72534
4.7226
