2.12484
-1.00869
6.26913
1.19213
-4.94044
6.23694
0.870138
-0.471908
-1.3863
-2.44382
-2.49145
2.38572
0.0992767
-0.927054
-1.8949
0.854737
9.00043
4.12119
-4.05905
-3.36186
-3.07622
-0.779369
-3.58613
1.70961
-2.69973
-6.80569
-1.67599
-8.90089
-7.93048
-7.2892
-6.14059
-0.832809
1.29275
-0.590603
0.894736
-0.0981142
11.3298
14.95
20.3503
30.1952
29.5611
31.7204
26.8042
30.7111
43.3339
43.2974
61.3692
64.0463
63.351
35.887
21.7663
12.1054
6.39333
6.22129
-0.14231
3.55062
0.948565
-2.90854
-2.77506
8.357
-1.43613
16.6888
5.80646
16.4535
9.07408
10.3464
8.91935
5.93436
-1.95313
1.39993
0.128198
-1.21644
-5.06577
-5.57518
-11.1377
12.3994
-3.4229
-6.95968
-6.24347
-6.11833
-2.12388
-9.23634
-3.39634
-6.44607
5.50472
-6.80445
-3.48611
-9.52662
1.2475
-3.84316
-5.38917
-3.18988
2.65874
-4.91432
4.43192
-0.703857
2.30098
11.8791
9.45878
4.07114
