-4.42184
-8.05692
16.294
-1.26417
-6.19612
0.993075
-11.9308
-10.558
-1.1599
-2.1774
-4.98445
-0.476809
0.936384
-2.9606
-5.76936
-5.44578
15.7491
19.7578
9.14425
-4.13951
-3.68491
-2.34857
1.59998
2.46054
6.21867
5.6903
1.87225
1.69676
5.26434
-0.123204
3.89633
5.13173
5.01827
-6.49375
2.759
-0.318766
0.311412
-4.86887
-0.0289677
5.12163
0.284669
0.0270024
4.39763
6.8403
11.6263
19.4314
41.7811
46.9232
57.2026
61.186
67.2914
76.3946
72.4896
60.2994
28.4482
20.0797
10.587
13.2513
11.7665
-8.05358
5.48932
12.1206
3.61686
0.288994
-6.12822
-2.25641
-4.50929
5.64067
-4.52631
-1.66537
-1.70032
-0.844173
-3.40981
-3.95114
4.31365
1.7304
5.18037
1.07275
-2.88189
7.90642
-9.92571
-3.61541
-0.179156
-4.58223
-2.04448
-5.53829
-1.84138
-6.25621
0.788693
-0.482567
-2.77303
-4.3694
-12.8523
5.2489
1.94538
2.41223
-0.985068
-0.43344
0.0256539
-4.61045
