14.436
12.1677
14.3376
7.41154
6.39609
5.90849
3.78496
3.88384
1.73589
4.05633
0.017002
-3.6375
-2.74663
-2.76108
0.708632
0.101388
-0.77305
5.93439
-6.97047
0.652029
-7.02891
-6.49936
-6.72207
-2.66629
-4.40518
-9.16255
-10.556
-7.28443
-5.23379
-10.3956
-10.4367
-6.03287
-9.02059
-13.7016
-11.5034
-15.2991
-16.3235
-14.9071
-16.7539
-12.0641
-12.8994
-15.4803
-12.7898
-13.5835
-11.7801
-9.01483
-10.8338
-16.3753
-11.0238
-3.41953
10.4006
25.345
48.0732
46.5965
43.8826
36.9988
33.891
23.9287
12.3444
7.59486
14.518
15.484
15.1783
19.7234
18.8695
18.7174
15.4856
15.9759
18.7038
16.5658
13.3592
11.656
10.2535
11.1384
7.77797
24.4774
6.98737
-1.9799
-4.96519
-2.18326
-11.4611
-7.86755
-5.87555
-9.03698
-13.3052
-9.59575
-5.62646
-2.10468
-6.07475
-5.02735
0.552302
-9.75707
-6.03024
-4.15376
-1.33603
-7.34713
-6.39107
2.34817
-1.90117
-0.247739
