-0.185352
-9.02812
21.0896
-6.24914
-2.64586
-4.4044
-7.11703
-4.48368
0.259174
-4.94292
1.92496
-6.86763
-4.46323
-5.91933
-9.91539
-3.91546
21.3262
27.5236
12.0336
-1.79999
-5.42477
6.07677
-3.46528
8.42637
-0.787988
0.571716
-2.18677
-6.80229
-1.3688
-0.985971
-1.58532
14.2027
2.52063
-0.0391332
-3.37358
-4.7581
-1.77425
-5.69245
-2.84677
-1.19725
-3.64916
-6.2847
3.91637
2.11339
4.1786
5.09114
23.2558
-6.95114
1.78137
1.92101
15.4427
35.6218
69.408
93.0601
95.4404
88.132
75.1225
52.517
32.0976
23.2657
33.6729
23.6075
0.350356
-0.624825
-1.2421
1.81808
-6.73558
-1.41762
-9.37411
-0.958759
-1.9825
-5.67865
-4.04857
-3.75547
7.54849
37.912
0.0725354
-9.55063
-5.5494
2.59759
-4.06702
-1.0217
-2.03565
-4.1085
-3.01869
-3.0043
-0.64566
2.01747
6.87543
2.85331
11.9934
-4.70844
-4.09017
-0.215755
-3.7448
-0.333472
-1.5013
5.87781
5.5177
-4.88872
