4.99776
-1.83873
5.62539
5.43625
-1.21451
0.502986
3.23304
-3.39904
0.448083
-3.70777
-1.70171
-0.901613
-0.0663466
-0.259735
-5.23174
3.93291
4.60037
15.8304
-1.15415
5.07763
3.27348
2.18164
-3.63359
1.01001
-0.128659
-0.586713
-6.70035
-8.72015
-3.37477
-8.32403
-5.48376
-9.60685
-7.35285
-4.75375
-4.15811
-3.65407
-7.65981
-8.67804
-6.81199
-5.32119
-8.39665
-5.52456
-2.24661
-7.50304
0.651076
12.5428
18.446
41.8741
59.6288
82.6556
82.607
68.4189
52.4775
39.8707
38.8703
25.1999
20.2224
16.5777
12.5292
14.108
9.78585
0.265204
5.77467
9.99299
14.3607
12.5826
19.757
26.4524
16.7275
10.5566
17.5494
3.20958
-5.05452
-6.44371
-5.71485
24.781
0.832332
-2.60148
-9.51989
-4.78115
-10.7835
-17.7111
-14.2192
-12.8955
-3.0622
-11.7443
-10.6576
-12.8209
-11.3739
-14.0174
5.46187
-4.03099
-10.5707
-11.1373
2.03505
0.747803
3.40776
29.59
11.943
6.88328
