-0.294615
-3.98266
4.20032
-4.7759
-4.64468
2.19209
-5.78857
-2.88468
-5.74593
-2.45457
-1.25905
-7.84045
-8.05465
-4.92298
-5.85169
-6.70943
3.33073
16.0254
-3.55172
-1.04723
-4.02903
2.76688
2.51184
11.4967
7.43312
0.171669
1.74001
3.20536
1.82774
2.86374
11.4204
5.23827
8.06038
3.93312
3.71277
8.40923
11.9712
12.6357
14.74
21.5837
19.1135
26.6716
37.1181
44.2818
37.5435
50.2789
56.6047
43.2074
10.3734
3.71547
-0.0869545
1.24888
1.89457
3.78595
11.6308
5.1047
11.664
4.23879
5.58812
-3.12895
9.92369
3.42925
-14.6274
-6.66743
-5.90511
-6.91846
-11.6485
-2.0692
-6.41903
-6.73923
-8.37019
-4.02256
-7.49259
-6.30866
-5.05015
23.1388
10.1268
-2.0029
-7.58283
-6.01678
-2.68979
-5.28845
1.67409
-7.92112
1.77477
-0.151249
4.14571
-7.48747
0.680596
3.19504
4.01244
-3.05509
-4.75498
0.364121
2.90124
3.73384
4.1555
9.27754
8.19819
7.23368
