-9.94756
-2.69545
-15.2227
-8.73834
-4.77685
-7.60208
-9.47331
-9.01623
-8.92164
-7.2516
-2.55266
3.8107
1.0042
2.51528
1.38623
-1.93891
7.85958
-4.56541
10.8377
5.48998
6.3554
10.2792
8.28593
7.30258
8.59007
-2.43346
5.93188
8.95636
3.28203
13.1322
3.7254
8.38157
5.47176
9.26332
4.54474
4.21413
16.4476
13.3402
16.7311
23.8044
38.2721
46.2694
59.1403
55.6534
66.8011
71.0503
48.9487
36.4692
28.9573
24.3275
26.2098
17.9839
15.6231
15.1497
19.1201
10.0425
14.897
9.41269
6.86316
2.07908
7.77289
4.78552
-10.0214
2.35107
1.64076
-0.937879
-3.84751
-0.382734
-6.61672
-5.52754
-6.97491
-6.53181
-16.5736
-2.64629
-2.46098
-5.72807
-3.59844
-6.92614
-6.09577
-0.236608
-8.87966
-2.52626
-11.1756
-2.8275
-14.2129
-2.78687
3.54026
-9.77401
-5.82791
-11.3287
-15.8016
-13.0283
-15.6461
-18.1544
0.79984
5.88757
17.5639
18.7848
11.0744
19.994
