-3.43284
-4.95074
-2.6319
-2.55296
-1.73136
-2.89617
1.79447
-1.26431
-1.04676
-4.98021
-2.41708
-6.92234
-1.93729
-5.11263
-12.7532
-9.53512
3.89928
-1.6006
2.26593
4.21629
3.46254
4.60148
5.19818
9.84431
2.59192
3.69938
3.53463
1.74668
0.363322
6.14707
8.5545
5.73587
6.7586
5.40789
11.3334
6.72271
12.4095
9.63354
20.4901
21.8888
19.0158
30.3436
40.801
31.006
42.8697
52.5999
54.9238
41.404
10.9001
4.5977
4.50255
3.22337
6.99577
3.30834
13.8737
10.4474
8.65308
7.89336
-1.87379
-0.636454
-3.3535
-2.13316
0.859145
-8.59974
-11.4338
-6.80062
-5.31344
-7.19225
-8.33575
-5.4253
-6.03146
-5.51172
-7.59535
-7.94769
-10.2157
13.2342
3.69797
-7.88715
-3.06941
1.45157
-6.4304
-4.62902
-3.20341
-1.17831
-9.04672
-0.744094
-2.22809
-4.30613
3.25459
3.5838
13.8353
5.01647
-2.57335
-4.9735
7.60328
4.68355
5.2079
6.75349
10.8221
2.4755
