10.6923
8.55757
15.9925
10.0752
10.026
3.20996
5.11765
3.91392
4.39123
4.1507
4.52127
-2.86016
2.12516
-2.66471
-0.931983
-1.45963
-4.31479
0.340587
-1.95494
1.34147
-4.55293
-5.96834
-6.95461
-6.27788
-4.87647
-3.24474
-9.2834
-11.9547
-9.46741
-10.9126
-11.9162
-9.36301
-7.75631
-16.0106
-15.709
-16.737
-15.5099
-15.0807
-16.1233
-15.019
-13.8522
-15.3647
-16.3513
-12.1184
-18.8843
-10.5832
-12.5419
-16.5876
-16.1073
-13.6558
-17.2819
-15.6594
-12.556
4.15799
25.9071
30.3084
33.066
31.3335
23.3647
15.1904
10.6347
0.793158
8.26615
13.3938
18.8518
24.9475
30.6274
29.7323
36.1564
22.9509
14.443
5.68447
1.30807
3.77781
3.99768
12.9429
-1.31857
1.5058
-3.86496
-2.44214
-7.40191
-6.14032
-8.51085
-8.10042
-8.95194
-11.232
-4.18459
-7.89648
-5.46627
-8.98335
-0.414246
-6.90463
-4.18197
-1.3245
-5.41826
-7.68995
-2.58735
0.596614
-2.91259
1.30855
