-1.38785
2.43172
8.77011
2.32828
-0.385344
-0.31936
-13.28
1.9197
-6.9821
8.12171
1.04484
7.66078
0.97791
-8.46341
-8.15941
-1.99212
9.81662
5.24968
-5.94891
0.204995
-3.62944
-0.55343
-9.71668
12.1095
-3.27778
-4.34043
-2.84904
13.7073
-3.19138
1.26894
-9.53892
4.54469
1.91776
0.578497
-6.43521
-5.44736
3.2502
5.48709
-0.182864
4.97942
-1.17937
6.72273
-2.82467
14.2752
1.31429
11.8926
8.9877
6.79242
4.65176
5.18503
1.42656
0.79103
-0.287545
-7.55674
-3.84442
7.31155
4.48051
-2.02595
6.45643
6.09089
10.3624
7.83061
1.05474
-2.33781
0.831869
2.58336
1.44005
-5.97589
7.19846
3.25935
0.504936
2.63226
11.2147
-3.49661
-2.97882
4.65931
6.24782
-6.67081
1.10468
-6.85572
-2.23724
7.23734
-0.761518
1.44235
-0.122932
-12.7982
4.02774
-3.5184
-0.477212
3.04073
-9.29464
-4.49207
-7.96467
-3.04246
-6.60138
2.0851
4.91728
5.42156
4.88416
3.51757
