0.405977
-3.97116
0.253816
-5.39064
-0.740599
0.836946
-3.33997
-10.1063
-0.199759
-2.50703
-3.50938
-3.67367
-5.28683
-2.88121
0.930149
-2.699
4.96859
2.66638
2.83513
7.09119
5.31885
7.22635
-1.45603
6.09854
0.456329
5.09588
2.99879
-4.43502
3.66106
2.25898
-1.52205
-3.23169
5.60963
3.93949
6.10307
7.44099
2.01035
13.5614
9.85496
19.5405
20.552
25.1213
45.0524
42.3851
41.0306
46.9752
52.6147
36.9082
10.8009
10.8566
4.38766
8.84009
10.3959
9.78169
15.0375
16.8104
4.40549
2.84299
1.51598
-0.945684
3.64877
0.574862
-3.36512
-6.51737
-5.39426
-5.79611
-10.2002
-5.77017
-8.51822
-7.28414
-7.15976
-2.86799
-8.06509
-4.57748
-4.4986
8.07032
7.36217
-0.68069
1.42137
-3.20776
-6.91322
-1.22856
-6.73409
-2.12713
2.92806
6.58439
2.96309
4.50916
5.14509
6.46962
8.77995
4.27039
-2.8498
1.74313
8.69428
2.12535
-2.566
0.244193
-3.09137
1.10979
