1.03097
6.27473
16.2235
-0.687153
2.46357
-0.904255
3.38139
-2.41487
-4.80103
-3.86939
-1.84716
-2.58516
-4.84398
-6.75759
-6.77095
-0.110101
-3.02532
4.74958
-8.36119
-2.76481
-7.88136
-11.1178
-6.00824
-6.00003
-11.2444
-6.41187
-7.48048
-9.61203
-7.5377
-8.07119
-1.21248
8.73231
10.1001
16.4329
24.0832
25.3918
22.5384
22.6867
22.7757
29.4649
28.909
36.7579
31.8529
36.3985
42.0492
37.3665
47.2239
44.3067
32.7354
9.0129
5.05901
-1.10492
-5.10932
2.62706
3.58985
0.461223
3.10998
3.72287
3.42905
8.30837
18.3344
11.8059
13.6013
4.13156
2.09265
-0.246512
-4.68631
-3.30817
-9.06717
-7.96116
-7.26145
-5.44249
-12.7801
-7.1594
-1.2475
-2.63248
-0.551918
-2.63542
-2.93114
-2.58147
-5.25319
-6.20785
2.21622
-4.36972
0.523043
-4.35523
-0.255137
1.86712
-3.84437
-0.596306
13.0785
-0.0732067
0.00698499
0.40819
-0.596381
1.16287
1.33226
4.164
7.1679
6.88075
