0.624615
-3.52991
-2.70545
-4.95028
-0.593978
-3.65279
3.1195
2.11926
-5.15609
-1.55219
-4.03409
-1.1481
-3.25163
-2.3142
-0.910082
-0.279866
11.8414
6.85289
2.30732
1.88156
2.5122
4.23326
-3.84886
8.4474
0.838819
-1.73041
-2.51353
1.84537
2.04053
-0.588763
-2.57981
10.1007
4.80308
-0.850444
-3.43361
0.594141
-2.34317
0.314191
-3.29331
-1.69019
-1.77494
-4.96274
0.156593
1.47593
-0.431123
6.37131
10.7402
6.1452
7.17489
13.418
36.8843
62.4321
90.4098
105.678
98.6077
75.3671
44.7055
28.1912
11.8341
15.6117
21.8135
2.94783
2.3292
1.00538
3.12583
0.582708
-5.61856
-0.296036
-2.10498
-2.72686
-1.71635
-0.633657
-1.58311
-4.15603
-0.532384
9.04482
4.47155
-4.23549
-4.20897
0.979053
-5.58295
-7.15644
-3.35417
-4.93777
-1.46678
-2.02599
-1.20437
2.04045
0.21715
2.47456
5.55972
-0.403099
-5.36635
-5.17554
-3.94488
-1.1832
1.38473
15.4911
9.69707
-0.731079
