-0.845212
-12.1054
18.4783
4.20395
-2.33524
-7.1632
-7.35556
-7.26719
-12.823
-4.85232
-0.661994
1.56857
-2.11875
-6.86729
-5.89794
-4.52611
23.3928
42.8716
3.04465
1.94921
6.4833
-6.23609
1.39012
-5.84383
-12.8685
-2.1588
-2.23458
-7.20802
-6.30235
-11.7016
11.1194
15.9956
18.8497
-2.09429
0.395503
-4.08697
0.680589
-2.16475
-10.8858
-6.38244
0.391052
-0.681381
4.21103
11.263
-0.453469
-2.73388
37.5656
7.85152
7.16663
2.86972
-4.56828
4.61269
9.14896
3.4632
4.98185
6.11471
-5.7995
0.684779
-7.93307
-0.831703
9.41425
20.4656
0.380158
-8.17062
-0.101436
1.70253
-5.38761
-3.9756
-2.73181
-0.0794609
-3.96045
5.28143
-1.29773
-7.24189
15.5968
28.3139
12.6972
-0.220226
-3.47999
6.09118
-8.85107
-8.85841
-5.89469
-14.7918
-11.7847
-11.1103
-4.22383
-3.66604
-3.54386
3.23308
1.78241
-3.16397
-10.1656
-2.66973
-4.48229
-3.42035
10.9873
21.785
15.7295
-2.9039
