10.2756
10.4653
11.0532
10.6899
9.42363
7.92221
3.85461
1.45692
5.05244
2.40494
3.28485
1.14465
2.65656
-1.28082
-4.67513
-0.815839
-3.65714
13.5494
-5.51547
-5.0325
-2.22896
-6.96996
-6.72311
-5.15912
-9.07812
-12.2939
-11.6809
-9.55298
-6.50677
-6.60256
-10.7938
-15.3218
-5.00061
-11.8828
-16.8006
-15.8119
-12.4714
-16.2393
-15.8946
-15.5774
-12.174
-13.282
-16.278
-11.5694
-16.0145
-11.1809
-8.89214
-13.5393
-18.7793
-12.122
-13.0892
-14.4873
-11.509
1.62389
25.8515
33.0004
28.9792
25.8126
22.476
13.1945
8.94642
13.3202
5.77455
16.3048
21.3516
29.0644
31.9154
26.3048
23.4742
27.4611
10.9001
6.58334
0.0656542
-1.01703
1.90812
12.6854
1.0122
-1.00099
1.15332
-0.500777
-4.11437
-8.86824
-8.11186
-4.56743
-4.40293
-13.2
-5.47962
-2.15054
-4.67638
-7.10394
-1.00361
-11.5081
-1.16798
-7.89651
-4.53191
-3.12178
-3.59019
-3.39658
-0.681954
-2.13887
