3.89205
5.54568
12.8834
0.444295
1.22266
-1.98518
-2.77866
1.78189
-5.36035
-5.71208
-4.39157
-4.71606
-4.06319
-5.25842
-5.31459
-1.14636
-7.00078
-7.96988
-9.40636
-0.633707
-7.21255
-10.7538
-8.59426
-4.77273
-0.939743
-5.99157
0.825971
-6.76871
1.69299
7.17805
15.3032
9.26099
20.4939
11.66
13.4414
12.799
18.1664
17.3644
26.7664
34.2072
38.3489
40.4847
39.0544
36.5097
41.7716
33.1163
51.2198
49.1536
23.493
2.54901
-3.88457
-2.71214
2.15198
-2.22424
2.70457
1.52876
8.01761
7.44684
6.34345
-1.06408
11.0797
12.8834
6.02261
-3.34299
-1.17958
-2.11724
-5.99199
-10.7125
-8.70676
-5.26744
-6.81973
-4.2914
-9.37557
-4.4026
-0.571261
-6.43479
-7.78832
-6.36162
-1.23444
2.49053
2.19765
-4.78932
-4.11142
-3.57039
3.55215
-3.16189
0.645796
-2.35906
1.76561
2.5204
17.7265
2.63215
-0.702137
-2.32819
2.01036
7.74985
2.43303
6.59493
-4.92231
5.64688
