9.89754
7.96998
16.0082
7.95036
7.54386
6.26686
5.09306
5.21014
4.92639
3.11526
4.85097
0.242448
-1.48142
-2.20123
-4.6112
2.65685
2.62905
5.67195
-8.10559
0.779758
-2.16954
-6.88934
-8.10654
-9.38246
-12.1459
-5.30151
-13.6629
-12.1982
-7.44324
-9.6696
-8.70176
-5.95485
-9.31439
-16.2738
-12.4306
-14.4226
-13.8837
-15.3123
-14.8032
-15.7677
-16.2491
-11.9704
-15.3621
-21.8538
-16.0282
-13.5303
-12.5569
-19.7943
-15.3756
-15.8815
-12.6373
-16.613
-4.69174
22.3069
33.9719
36.953
32.6921
29.2076
20.3193
4.20414
4.21592
8.02177
16.4327
14.4416
26.2957
31.4663
28.1961
20.5954
16.3403
24.694
11.9333
6.22815
-4.16554
-2.04029
-4.76376
18.5984
5.41959
0.282515
4.31647
-0.798245
-6.81562
-6.3269
-2.16155
-9.39151
-9.30959
-8.06278
-4.32398
-7.89764
-5.92134
-5.26278
-8.21834
-5.29741
-7.20421
-2.9326
-3.21001
-5.72159
-2.80626
-3.63168
-1.21277
2.23065
