-2.14661
-12.8763
20.1384
-0.845153
7.00834
-1.05248
-3.06655
9.69463
-3.85272
-5.44937
-9.19702
5.5943
-8.00054
0.721567
-8.92521
-2.50451
3.38575
1.418
-7.99801
4.1518
0.917892
0.154202
-0.617838
5.86994
-0.817648
13.0759
6.94946
4.12568
-10.5273
3.13443
2.00069
0.68506
11.8885
-1.61032
-9.12959
-4.19022
0.163606
-8.61186
-6.75174
6.73329
-2.87038
3.39171
0.0847283
3.47164
-4.85319
10.9135
5.84413
8.35863
-2.05099
-1.49365
0.129461
1.98824
3.6101
1.64158
-1.44408
3.44376
-6.05776
-3.49477
6.90493
6.06251
1.14843
10.9972
-2.80332
-0.196205
-0.430376
1.08372
-8.85084
1.82134
-0.308074
2.48072
-0.280752
-8.82502
2.90134
-2.5901
5.58116
9.06375
20.8712
-2.19268
-5.81412
1.54845
-4.24505
-0.490214
-2.626
-8.6029
4.23792
-5.23927
3.38483
-1.40062
0.512756
5.02546
3.38137
-1.01725
-0.913847
3.9665
7.3858
-17.7717
8.49218
-11.247
-1.07889
2.02472
