-22.0837
-3.63321
-5.92466
0.682351
-11.4102
-0.39955
-15.3158
-5.50681
-6.64946
-6.12611
8.10512
-0.406596
3.67883
-1.42829
-7.88941
-1.21259
24.9567
2.79806
-1.42626
10.7137
-3.82503
9.6653
5.38426
3.79742
1.98443
6.76528
11.7361
1.59726
4.86122
1.53848
3.6147
9.39279
2.90288
7.69799
7.86609
7.43939
9.8077
1.99244
4.77014
4.90584
8.67249
6.89695
16.4826
13.7378
7.65139
27.3638
4.60326
11.5575
14.4064
22.9487
15.3373
9.11717
16.735
2.08101
17.8663
9.65302
6.85699
1.1704
-1.95306
2.99332
22.538
1.7799
16.0541
-0.801864
-0.232916
-10.1645
2.55423
-5.51193
-0.489346
7.76841
-3.07126
-1.8945
-4.60053
4.29041
-11.4124
8.29787
-5.76251
-8.56329
-2.93637
-11.1632
-12.9209
-11.2377
-13.0171
-23.5124
-13.8103
-15.4685
-14.3882
-18.424
-13.8153
-7.96135
-7.09814
-10.6132
-19.0938
3.67876
-4.49778
8.42232
29.7374
50.2407
39.8713
19.9854
