14.8056
11.6744
13.8933
10.5629
7.73779
1.44334
6.52792
4.9504
1.93178
1.23418
1.74595
2.2809
0.198331
0.043547
-8.78145
1.95252
-0.371059
3.39421
-2.74057
-3.79847
-2.77789
-9.32554
-9.05997
-8.0546
-9.94328
-3.81041
-10.9029
-5.43058
-9.6603
-9.03574
-13.302
-7.35629
-7.25591
-19.4974
-17.0587
-11.8024
-12.9103
-13.0551
-14.5778
-11.9042
-13.2272
-15.1559
-14.4605
-13.931
-17.0786
-12.7685
-8.34637
-15.6995
-18.6404
-20.1415
-14.7961
-13.2913
-13.0495
-1.63318
22.3828
37.4103
31.4815
28.747
21.2887
14.7799
9.01667
16.2409
18.4122
19.773
24.0413
32.3264
29.6687
27.0092
29.4948
28.302
7.97709
-0.701491
0.543642
-0.18752
-1.55614
12.5867
-0.200206
-2.93096
-0.987486
-4.80948
-9.12854
-10.2548
-8.26012
-15.3382
-8.67575
-8.90633
-3.45137
-9.90279
-2.65215
-0.29984
-1.18528
-6.63171
-0.492193
-5.98068
-6.69563
-5.27956
-2.56064
-2.16117
1.59008
1.60975
