7.12234
0.0966377
3.81179
0.238776
-1.19906
1.1031
4.14202
-1.42749
2.26854
-0.801641
0.657415
1.8223
0.792678
-4.11039
0.158116
-9.01394
10.203
9.60786
-0.840661
1.87103
-2.10983
-1.19576
-6.29724
-2.26331
-2.07235
-2.71719
-4.23283
-2.88919
-3.33484
-4.06501
-3.28433
0.216364
-2.26233
-9.33968
-3.50375
-6.95119
-5.01806
-4.80694
-8.73445
-7.26847
-3.15434
-0.041307
1.77129
6.89118
19.9561
30.4998
54.1703
61.3748
70.9786
80.7689
69.0576
47.4303
36.4288
24.3432
22.5446
17.9732
9.07018
6.13687
1.42109
6.69771
6.66276
6.54223
4.96315
11.1308
13.3095
14.2463
21.9189
22.2665
14.6131
7.98444
7.37897
2.85505
-6.47312
1.52556
-3.5824
16.3793
-3.23823
-6.33776
-6.86125
-7.87182
-7.00998
-8.20952
-10.1598
-11.7465
-0.506463
-11.5006
-4.46033
-15.483
-10.2678
-12.9649
-10.0205
-6.10069
-9.71118
-4.9903
7.72791
-2.23965
1.28031
30.177
19.2744
2.85041
