-2.61341
0.752127
4.0179
-3.64551
-9.31435
-4.4321
4.55122
-4.99761
-2.64982
-2.30278
-3.34006
7.10576
-5.66477
3.6629
-7.19527
-4.42339
1.42116
8.96461
6.19714
-2.13777
3.74594
4.79768
1.37788
7.37221
3.58238
1.74202
-1.14331
-3.90117
-3.11471
0.856288
-3.26179
10.7036
8.00635
-1.0093
6.17833
-5.70756
0.151402
3.74235
-0.722011
12.5018
8.83977
28.2856
39.3633
58.0623
67.0693
74.178
68.0143
40.2565
28.9455
18.1947
10.557
14.6653
11.3517
9.53242
3.8484
4.47347
5.4829
2.31748
6.35123
-1.72648
-2.96849
6.73328
-0.830351
3.34675
-1.20766
-1.3424
-2.8549
0.198815
-2.0467
4.0086
-7.43074
-4.40363
-3.11337
-5.16801
2.68915
2.09777
5.57022
-6.87287
0.352409
-3.57649
-10.0807
-3.04773
-5.06165
-2.9001
-0.383932
-6.23301
5.75901
-0.894585
1.85139
0.860187
0.08333
0.996266
-2.05451
13.9631
-2.09925
0.885268
1.38368
4.52144
1.69529
-3.01195
