15.0045
10.8747
9.4315
6.64441
7.59172
10.5393
5.84658
5.3079
3.49086
1.61807
1.9041
-3.33135
-3.88739
-2.69611
-0.503527
2.72618
0.567892
6.43486
-3.96667
-6.80587
-5.23272
-5.87309
-7.40071
0.30792
-10.3902
-5.86923
-10.811
-10.1387
-12.239
-9.82269
-8.51604
-8.10348
-10.1836
-11.3387
-11.8688
-11.2866
-17.2329
-15.7734
-13.6877
-14.716
-11.5912
-16.3756
-13.1298
-11.4226
-12.1077
-14.7495
-14.0306
-11.9185
-16.5801
-16.3968
-15.542
-10.0988
-9.18429
-0.226923
24.5242
34.6304
26.6851
24.4203
19.3704
16.7027
7.89659
5.3359
5.33632
11.7746
18.0302
24.9283
26.9654
26.773
25.4644
29.9863
9.91761
6.50212
1.78105
6.21101
1.79624
14.3233
10.2472
3.32577
-0.71101
-2.14744
-8.81213
-9.43348
-9.16616
-8.91164
-4.58124
-11.294
-8.5042
-10.9707
-5.30492
-6.1018
0.794125
-4.33065
0.426123
-4.46601
-6.29506
-6.50982
-3.97446
-1.25184
1.37752
-4.8722
