7.04055
-1.70093
7.34669
0.0190814
-2.18525
-4.21974
-1.23584
7.40291
-2.78084
5.89316
0.611877
1.44145
-6.53617
-10.5182
-1.2965
-11.8503
10.6079
9.19195
-2.51933
-2.96618
-3.83734
9.28089
3.57396
-2.46242
-1.5674
0.106714
-2.27869
-5.82932
1.09215
4.44784
5.1226
4.20824
1.48978
-7.06218
-8.23739
-3.76294
-3.78586
-7.17899
-10.2878
-9.00312
-9.33898
-4.21933
-12.088
-5.98316
9.61577
-3.95511
-5.33934
-5.12525
-7.17355
6.19325
-1.0228
6.62405
22.5191
53.0391
61.4459
79.9945
88.2648
79.9901
74.9276
59.1203
52.1061
41.0237
20.5503
7.43502
3.05635
-0.930166
-1.24832
-2.58139
-5.40034
-2.91185
6.40575
-4.17864
1.35606
-8.62139
-0.743038
6.08464
2.86376
-1.69222
-0.501337
4.21737
-2.75344
-3.68866
0.465192
-2.97992
-6.58499
2.27664
5.28125
1.59188
3.20587
7.79527
12.7446
-0.878032
-2.78926
2.70246
-1.9033
-9.14454
1.55598
5.40189
-5.01922
-13.0229
