10.9808
13.8813
13.6536
9.32801
7.74873
6.29368
4.2164
5.93531
3.10478
5.54641
2.85291
3.75432
-0.0527909
-2.42515
-0.677467
-3.28497
-0.418168
1.23091
-7.05358
-8.39225
-8.76052
-4.10645
-4.85823
-9.80793
-9.31954
-3.75839
-9.41736
-13.3905
-10.0642
-3.52443
-12.868
-12.8862
-9.37001
-16.7668
-15.6673
-16.4255
-9.78267
-17.083
-21.2477
-19.4205
-22.366
-17.1852
-16.1626
-15.091
-16.2126
-17.3897
-14.0098
-17.9096
-17.4814
-16.5685
-16.8742
-13.5562
-10.7574
0.97561
28.2063
41.3968
36.6701
42.8607
43.1673
17.5089
22.681
30.6651
47.5205
51.4119
45.9767
35.8627
25.4867
13.8357
22.8917
8.19053
3.6956
-1.91761
0.964239
-5.66519
-13.4835
-2.59733
-3.6529
-7.84031
-9.39268
-7.8398
-7.93197
-9.23575
-8.24438
-8.34213
-4.18466
-9.18432
1.1708
-3.68975
-6.01258
-2.41247
-1.29621
-4.3702
-2.85726
-5.06904
-4.48956
-2.8936
-2.13613
-1.79067
-1.17567
3.38919
