-2.49038
-2.65642
12.9244
0.27937
-13.6778
-4.83073
-5.12838
-9.65592
-0.953261
-9.16079
-8.09717
1.01127
0.903194
-5.30869
0.484896
-4.4933
10.2089
-0.889025
8.70542
8.61582
-3.75584
12.2001
0.161624
4.08382
-3.3773
6.66257
0.939878
0.846708
3.83959
7.92065
2.44501
6.33227
6.68529
-3.24154
-1.25384
6.44514
2.4406
-0.0309007
-5.98965
4.51187
1.95039
8.0844
5.18069
8.99096
15.2889
14.0481
23.4925
14.1264
16.4769
23.4704
18.6373
14.9661
22.8563
19.8825
7.37183
9.58024
15.0099
16.4747
13.6124
7.74583
3.35694
24.727
-0.362446
2.99957
2.74284
-6.42302
3.883
4.25418
-1.28039
0.95036
-2.15581
4.26902
5.36378
-6.98142
1.1436
9.6974
0.153176
-2.80956
-9.85809
8.50426
-6.9323
0.360968
-7.59632
-2.43044
-14.9066
-26.8442
-10.8354
-2.41399
-8.12209
-7.8971
-1.66199
-11.2161
-15.1044
-9.45327
-5.06178
-5.7688
19.5837
18.6661
2.25251
7.48074
