5.28147
3.65772
5.4633
-1.79805
2.13936
-5.79863
-1.63049
-2.33024
-4.13265
2.08091
-4.40032
5.48387
-8.61865
-1.01545
-2.59051
12.7837
10.2406
-5.56332
-2.22304
-0.676672
-4.33163
-4.12412
-0.736949
5.84936
-0.182664
-0.72656
-0.770808
-6.0453
1.22897
4.44005
0.961784
13.9517
3.75715
-7.85561
-2.802
-2.69425
-9.99559
-4.06556
-8.38208
1.76797
-7.71659
-2.04769
-2.41721
3.63174
-6.77223
2.80935
0.15295
7.68195
15.4157
36.2941
59.2943
80.1343
95.9842
97.6814
83.1422
57.4119
25.95
12.8418
5.82207
4.10724
6.83603
-0.677127
-2.29923
4.02377
-0.732885
-4.59884
2.3721
-3.61857
0.992226
-4.90556
-3.01267
-2.47984
-5.10883
-2.24393
3.20619
40.7904
3.86441
-6.00483
0.476486
1.21395
1.98306
-0.262705
-5.81455
1.53767
-0.960511
-0.853133
3.20469
-2.07155
2.05514
3.62063
9.42107
-5.22391
-8.20865
-5.65802
3.04833
-0.522827
2.16014
1.80484
-5.71828
-4.22076
