4.62001
0.9417
3.37979
-0.775149
-0.860101
-1.17512
2.73407
-3.86261
-0.252786
-4.25604
0.842135
2.76757
-1.84723
-2.92172
-2.05841
4.06231
-0.264049
1.01882
-1.80594
1.85008
-0.453789
-3.52686
-4.20764
4.69404
0.193944
-5.89422
-1.32969
-4.76011
0.154372
1.14735
-1.07661
0.398797
1.0328
-7.20066
-2.95611
-4.53446
-0.224984
2.32042
0.294749
5.34128
3.28066
4.50252
8.6256
18.0743
35.2268
44.2314
58.4342
67.9129
77.1601
74.5611
57.888
42.4027
30.6631
27.7519
23.8897
15.4547
10.3963
12.5399
1.51807
0.519165
8.15566
7.64577
11.2953
14.6004
16.4758
22.2267
24.2987
22.8705
15.9002
12.8324
6.20389
-0.0334719
-5.96463
-5.57627
-11.4846
6.34006
-8.85893
-5.38228
-12.1805
-8.87871
-13.4356
-12.533
-10.5923
-14.6031
-15.7454
-18.4268
-10.8478
-15.9978
-16.9244
-13.1526
6.20732
-9.33275
-11.8384
-12.2043
-3.80683
-5.47887
7.02467
60.3168
33.4108
6.9746
