4.15805
7.7415
10.123
-3.33237
4.06853
4.14747
1.15488
-1.01887
-1.25906
0.704908
-3.33625
-5.63088
-4.1871
-4.04762
-4.1269
-1.10933
3.62762
7.87119
-6.04626
-6.63558
-8.1439
-10.7664
-9.22191
-8.47705
-3.7723
-11.9418
-6.69951
-8.72218
-10.7674
-6.96697
-4.76083
1.01591
1.97942
6.18837
18.3379
16.5816
28.7663
27.6727
26.1594
28.1798
25.9151
30.197
30.4648
37.681
38.6705
39.9225
55.0718
61.686
57.9309
27.541
4.45583
-3.11693
-1.87499
-6.5828
-0.392078
-4.4529
2.24858
-0.211049
2.47309
3.61307
21.1706
21.398
7.86314
2.81054
8.06216
2.79915
-0.705328
0.116174
-3.90538
2.44708
-8.42171
-5.08348
-8.17667
-6.69385
-2.85287
0.609486
-6.36842
-1.34337
-4.76984
-1.34733
1.04694
-6.30155
-3.19181
-4.73277
3.29478
-4.79066
-3.72873
-4.71053
-1.50825
-0.6039
9.20144
4.44977
3.84042
2.0671
1.21779
1.56232
-1.94061
1.55657
1.51987
6.54278
