4.43377
0.360077
9.78651
0.937389
3.49964
3.86077
0.753815
-3.76508
2.56155
-4.71294
-3.29531
-2.59154
-4.39262
-2.97486
-5.64881
-0.316445
6.41422
9.14629
-4.82974
-4.30847
-6.16456
-7.87745
-5.60227
-5.37964
-9.57112
-5.53894
-6.13559
-9.04579
-8.90954
-3.15576
-6.96947
-2.93279
-3.63467
3.17331
14.6065
17.3794
21.3527
26.905
30.0934
34.9506
26.5074
30.7208
25.5537
37.0286
37.0663
38.3932
47.0953
62.0882
57.6698
32.8101
11.9944
2.21669
-3.47062
-6.50818
0.160188
-2.31371
-2.5232
-0.812332
3.25731
8.87574
15.0669
11.6425
9.65196
6.78996
8.67987
5.24249
1.18343
5.09935
-0.444805
5.44917
-1.68116
-6.06503
-7.23958
-6.0508
-10.1104
-4.86047
-6.5893
-10.3948
-7.01647
1.51745
-3.18343
-7.14803
-4.42873
-4.94538
1.47557
-7.09856
2.09353
0.441537
4.66566
-2.32808
3.56776
-1.04923
-2.09975
-3.84273
2.24185
2.5341
2.74377
7.34641
7.61515
5.27777
