-4.59582
-0.150209
33.8099
-4.21279
-12.8874
-0.738628
-2.43704
-10.9367
-5.46283
-10.9198
-4.24127
-2.40192
-11.6975
-5.64598
-7.91693
-6.86997
55.8305
49.8642
17.3506
-5.83394
-1.96327
1.46244
-3.20755
-1.61442
-7.13147
-13.0903
-1.99743
-8.45136
-18.3589
-17.8405
-22.7844
47.5709
22.4298
-12.6838
-10.886
0.087736
-9.05539
-6.60481
-6.54566
-21.254
-13.2628
-8.4554
-9.2534
-6.9261
-6.64457
8.32926
23.7207
-4.01123
-22.0701
-5.99804
1.34213
2.30738
-10.6635
-5.75957
-1.5552
10.4081
1.64721
-3.09152
-14.8758
-19.149
34.2338
62.2517
-12.0373
-10.2439
-15.1491
-5.56734
-4.57623
-1.17743
-23.4468
-18.4612
2.88994
-17.0684
-14.196
-18.1146
-8.12316
116.37
60.0381
-11.4533
-6.13915
12.441
19.6662
-10.7242
8.12004
-8.04794
-9.36303
-3.09202
0.484178
-3.86948
-2.1432
-2.20444
70.4437
3.03769
-19.8427
9.83775
-6.76261
-13.313
-3.62647
-13.4544
-11.4138
-20.6261
