12.3201
15.2701
16.2873
5.53763
6.04236
4.24941
4.39684
-0.33808
1.14213
3.50231
4.09448
2.50627
1.28737
-0.119811
-0.155572
-1.6395
-1.90837
7.68564
-3.01064
-2.7613
-6.67945
-5.80565
-5.39515
-6.72515
-10.8022
-6.57617
-10.7366
-9.02327
-15.1679
-11.289
-9.14481
-9.34386
-12.0726
-14.9939
-14.2918
-15.8036
-10.2029
-16.8348
-14.7029
-12.8824
-16.8145
-13.2253
-13.5739
-13.004
-18.7922
-18.4431
-6.06822
-14.0585
-19.5734
-17.9049
-15.8151
-15.5458
-12.1723
-2.70363
28.3424
43.4374
40.2574
30.9883
36.8289
25.9577
24.1986
22.4967
18.9496
41.8575
47.45
41.1222
27.2326
19.7045
15.2939
8.19697
-0.539031
1.97479
1.1295
4.63786
-0.735857
10.4178
-1.11087
-9.75825
-10.4966
-9.10845
-12.3977
-7.5501
-6.5206
-9.97524
-0.911168
-6.01993
-7.01759
-4.95587
-4.19415
-0.384716
-0.554106
-8.06687
-4.30977
-2.29235
-7.41144
-3.69763
-1.77154
-1.30663
2.30976
0.558384
