8.60918
9.51962
13.8546
6.63703
7.14006
4.4202
6.71871
3.62746
0.882107
1.61124
3.12887
4.70473
0.20658
2.47199
0.756806
2.5537
0.105026
4.78755
-4.35073
-10.9625
-11.436
-4.82492
-7.89213
-4.03576
-7.18956
-7.7115
-9.34418
-6.73734
-7.88814
-4.90107
-13.2867
-9.93868
-8.60332
-14.1958
-12.9451
-9.97725
-11.1115
-13.3868
-12.1107
-16.5473
-15.2652
-14.2152
-14.2727
-13.6698
-14.5063
-10.5895
-10.2805
-13.2378
-13.4225
-9.91272
-9.43738
0.0573425
20.2323
38.4703
43.6368
31.1195
24.1813
18.1177
14.6716
9.39764
13.3782
10.2915
12.0295
14.1429
20.84
22.421
24.6541
26.1276
26.0382
19.707
9.03604
4.76998
-2.28075
1.00986
2.96854
4.24462
6.82616
4.41551
-0.154094
-2.76546
-7.35927
-5.60578
-1.73345
-8.63886
-9.07593
-5.3542
-5.43936
-8.95387
-3.79976
-4.26681
-2.06285
-8.96035
-3.04726
-4.3905
-3.40056
-6.66918
-4.15891
-2.72438
1.4265
-0.223226
