-3.87751
-11.3251
16.6315
-7.46409
-4.04171
-3.38565
4.4562
-4.29436
-8.47697
2.41842
-1.00178
3.58096
-2.26002
-0.854685
-5.64225
-5.20416
12.0114
17.09
-13.7026
1.9323
1.5219
4.71255
0.101225
-5.4798
5.12656
1.78574
6.57766
-2.19148
-2.22772
2.4762
-3.73404
5.35886
2.9115
0.474254
0.694357
2.49292
1.74092
10.8274
3.76421
3.70275
14.1968
17.5895
40.7227
54.869
52.3822
67.502
82.8062
42.8406
35.1256
16.9167
12.3626
12.1108
4.18548
7.91204
11.4268
8.0305
7.30796
3.26869
6.15336
7.74042
8.36942
3.69749
3.95178
-2.28106
-1.24373
1.29821
-3.17678
-3.53846
1.76784
-1.43556
-6.56409
-9.64943
-3.4482
-8.70522
-2.8162
37.4126
16.066
-4.78685
-9.49957
-0.79615
-9.25781
-6.25669
-9.76583
-0.669678
-9.64907
-2.36091
-1.94671
-10.2701
-1.57667
3.108
-0.293626
-2.14456
-8.73949
-8.54574
0.187821
6.73367
16.0393
6.53098
2.25447
-6.24153
