-1.36383
-1.63788
19.5147
0.561235
-8.22864
3.7898
-4.14823
-5.28271
-3.05543
-2.39226
-3.58927
6.88267
-3.2175
1.82649
-1.4858
-6.67838
-3.46308
11.964
-4.48103
-2.07782
0.268869
-0.373894
3.3557
-10.4614
0.462627
2.48162
2.34469
4.81139
0.292813
-2.89254
-5.13519
7.52939
11.0148
-3.82432
-9.36693
-1.50975
0.895689
9.71912
0.435495
15.5032
3.97248
5.52564
14.7806
21.7368
48.7471
43.1311
35.8188
24.733
26.9137
13.5565
9.2595
16.6838
8.632
14.4298
8.40816
-1.51007
-1.60617
5.56861
0.882918
-1.12444
0.402857
10.8667
0.992925
-3.67119
-0.074691
5.71905
1.53015
3.13818
-4.88812
-3.88957
-1.25648
-0.646032
0.426905
-7.56198
4.74612
1.97588
13.0833
-6.65872
-1.94542
6.27214
0.195173
-0.500721
-6.20506
-3.85827
-4.54508
-2.92864
1.31174
1.19028
-2.42957
5.32497
2.85163
-2.6238
-7.21331
8.31044
-3.91085
0.12631
-3.87225
10.9681
-1.21313
-5.81146
