17.2887
8.14298
16.7134
4.93536
5.85384
5.2111
7.72407
2.23125
0.964301
-0.450184
4.13732
-1.68376
-0.238381
1.41646
-6.43156
-1.62019
3.17952
1.76047
-4.04564
0.0150531
-5.07545
-4.05254
-7.69823
-7.36892
-5.82738
-10.3354
-7.80902
-7.82776
-7.96089
-8.30038
-7.89178
-5.09199
-9.89888
-20.2489
-12.4499
-15.6127
-13.4835
-10.5291
-15.1037
-13.9502
-14.375
-12.5473
-15.2754
-13.9979
-13.6314
-13.1217
-11.6659
-9.05407
-11.1402
-4.59921
3.13749
24.2614
43.8097
47.3911
43.6231
38.0728
24.9747
23.2598
9.00028
10.1419
21.1632
26.6083
23.6388
19.2774
19.1946
14.0876
16.5015
18.8631
24.0137
16.2443
10.2576
11.1034
1.66293
1.20715
7.3397
19.7763
0.445993
5.88357
-6.29854
5.55476
-4.62113
-10.038
-7.25048
-8.51292
-3.63747
-7.94583
-1.29384
-7.02622
-10.5837
-7.2279
-3.46852
-2.26735
-4.72214
-5.76292
-6.14678
-5.31409
-4.60961
-4.00128
-2.18974
3.83194
