10.8502
8.07774
12.7503
10.0222
7.92606
4.88965
1.72448
3.52847
2.64445
0.792196
-2.6569
1.29182
-0.606405
-6.12033
-8.21713
4.47465
-1.71769
0.199928
-1.22429
-4.07388
-7.97289
-2.3709
-2.14279
3.12533
-2.9617
-6.32478
-4.01052
-9.29671
-9.01719
-2.72692
-8.28937
-9.83404
-13.4353
-13.4557
-9.01687
-11.0771
-20.2027
-13.8479
-15.3922
-16.2962
-15.4209
-15.804
-14.1067
-6.1627
-10.725
-11.7535
-2.0749
-17.6968
-14.9594
-13.0047
-5.81961
-10.5189
-5.8336
12.8815
27.2333
44.8476
55.5803
45.5916
40.9319
39.7297
35.0356
48.7399
52.3049
51.9234
44.9678
28.0425
17.1351
11.4739
6.48594
0.805683
0.445035
-3.204
-5.47897
-11.4673
-9.89484
-3.42189
-10.2038
-12.62
-3.02939
-6.69495
-5.45085
-7.76854
-7.83601
-7.1917
-5.27478
0.838805
-0.375999
-2.94966
0.37074
3.24072
-2.73165
-4.15355
0.49153
4.1676
-1.13936
-0.837185
-0.966209
-3.60357
-2.80815
-2.6239
