-1.30025
3.19383
0.908733
-1.92658
1.61036
-1.62979
3.51352
2.02953
1.89252
-2.44223
0.87321
1.54353
1.98082
-1.40615
-2.06558
1.54461
5.91177
3.31522
6.37614
-2.13015
-3.57402
2.28857
-0.310379
-2.65634
0.21745
-4.85598
-6.11824
-3.24843
-0.607667
3.55595
2.52069
3.16723
-5.18421
-5.50303
-3.49513
-6.98808
-4.07971
-6.08935
-7.23926
-7.25411
-5.62844
-1.15528
-2.62208
1.84998
-2.20755
-1.21328
5.23907
1.56349
0.116062
2.18794
8.8584
9.41172
36.1553
72.7494
83.6681
88.7442
83.3669
73.5685
57.1442
49.9145
36.7533
17.8912
5.69056
5.08846
3.26258
4.05458
3.76593
-0.757836
-3.6624
-0.281746
0.381801
-0.102043
-3.19631
-1.68379
-3.22289
16.7145
1.82391
0.809531
-0.489422
-1.11302
-0.0997998
-1.09702
2.90324
-3.13272
0.745751
1.68494
3.01819
4.55521
-1.2637
4.26836
4.25869
-3.97871
2.07152
-5.12617
1.73904
-2.84968
-3.65242
-4.75147
-2.67818
-3.98816
