11.2652
9.24293
10.1895
4.58661
6.3278
5.89082
5.80622
5.7257
1.24429
4.02989
2.23826
1.0547
2.66751
2.653
1.73062
-0.626359
-2.05172
1.34463
-5.98668
-0.0433078
-6.11245
-7.28654
-1.98855
-4.45796
-5.72522
-3.22784
-7.58055
-9.25351
-6.71396
-11.5717
-9.69739
-13.7585
-12.5564
-15.2315
-13.2715
-13.862
-14.2727
-15.8777
-10.9112
-12.6354
-16.6
-13.6277
-12.3606
-9.28648
-14.7803
-12.64
-11.7454
-11.4557
-11.9236
-13.6277
-5.77073
0.545231
23.7649
41.0326
39.5023
33.6536
23.4261
14.837
16.5865
17.3149
19.5407
10.0974
21.9621
9.85327
18.8805
19.0045
23.1263
21.8022
29.4905
26.4106
18.0965
6.788
-1.11614
3.17254
3.17457
10.5898
4.89083
3.00202
-4.44212
0.467099
-6.01889
-11.1307
-7.65056
-9.36451
-11.3671
-9.4651
-3.83272
-9.94316
-5.75285
-6.19156
-1.93659
-5.5075
-6.68677
-2.87717
-4.94932
-6.32003
-1.19306
0.240434
-0.1326
1.82759
