11.194
8.50708
13.6951
6.87785
6.44646
6.58561
4.87415
3.98814
1.01493
1.06025
-3.15438
-0.881585
2.00337
1.10059
-2.89273
-0.833418
2.19616
-0.903797
-4.56824
1.11863
-2.7196
-6.83989
-3.15707
0.307739
-7.5026
-4.21639
-8.64703
-7.11289
-9.59614
-7.84963
-10.9746
-11.2075
-9.55477
-13.6706
-13.48
-11.2706
-10.9339
-15.783
-12.3082
-13.1273
-12.8163
-13.8489
-15.0634
-13.5967
-13.2329
-9.67498
-15.1973
-15.6154
-14.117
-13.6532
-10.7474
-1.07887
13.2216
41.2071
46.0157
38.3237
26.8061
14.9225
12.7016
8.06094
14.0786
13.9856
10.2256
15.2361
13.7767
31.5579
33.5878
23.622
20.5519
20.8371
12.2122
2.66787
-1.72162
-2.69014
-3.73911
13.2044
5.14206
-0.138118
-1.65156
-0.97835
-4.65055
-7.86675
-6.34217
-9.9117
-2.73131
-7.7674
-5.61494
-9.99954
-4.61197
-5.24049
-3.73502
-7.35843
-3.30202
-4.56135
-2.49765
-5.9981
-4.30265
1.96983
0.471875
1.73549
