8.02155
11.3441
10.1505
4.21588
9.41221
5.66167
9.55188
3.36356
1.15128
0.955742
3.5967
1.53706
4.78118
0.653664
-2.71636
2.76462
-3.16035
0.103507
-7.71154
-3.0829
-2.49312
-4.12039
-9.43991
-2.86287
-7.27874
-6.06207
-8.31214
-14.4497
-4.85066
-4.76397
-8.02928
-7.92623
-13.2685
-15.8211
-11.6293
-10.0758
-13.2463
-13.1036
-17.9187
-15.1109
-12.0275
-10.6578
-19.0763
-12.8746
-15.4644
-11.5487
-14.6617
-13.8916
-15.4086
-12.1675
-10.2716
0.819251
20.9627
41.1663
45.2401
31.5761
20.7147
13.4651
17.8102
11.8974
15.1915
15.5735
9.92582
18.2158
20.0691
17.7565
24.0652
23.5037
25.9907
27.7502
12.343
10.4581
-1.53714
-4.18957
-1.49423
8.03363
5.76755
6.54349
-3.67074
0.702894
-8.16689
-6.67698
-6.64597
-6.86625
-10.0272
-10.4012
-4.94939
-7.08273
-2.74688
-2.81882
-8.24597
-7.33103
-5.63418
-2.00192
-4.78079
-2.60967
-1.7803
1.17861
0.461599
-3.76005
