-19.6331
-6.91511
-7.57094
-8.4351
-4.84329
-3.53541
-8.70508
-0.240904
-5.67016
-1.94191
-10.173
3.03044
-1.46106
2.04914
-11.5834
-4.85972
4.48972
-0.707256
14.7385
11.5717
9.71462
3.03088
1.59648
13.759
10.6023
9.02372
1.19775
11.739
5.15766
1.63763
7.20334
5.15164
5.13874
8.14746
13.3457
2.80252
11.2931
15.5819
20.6286
16.9258
39.587
50.2492
54.1645
64.6577
58.2302
70.2371
59.4813
31.3833
28.693
26.1286
24.2488
12.9568
14.9853
6.66732
12.6738
10.8002
5.26788
1.54565
1.98751
-1.09507
5.18218
-0.548469
-0.81855
0.991178
-11.9877
-10.8126
-2.11126
-2.91742
-2.93645
-7.51815
2.26747
-13.2104
-4.8061
-3.82079
-4.25883
7.90446
3.43754
-11.6839
-9.47374
-1.81906
-8.7878
-6.40479
-16.53
0.61573
-18.5205
-3.09882
-3.56465
-13.9581
-4.95615
-10.8749
-11.466
-14.8302
-16.5222
-15.1429
2.77209
10.5639
21.2788
9.69225
10.8672
17.7832
