-3.59985
-4.16166
30.1309
-1.97545
5.32819
0.417388
-5.51757
-12.3414
-9.55569
-2.03257
-7.2551
7.35488
-6.94995
-2.21553
-3.14296
0.681962
14.3555
14.4757
-2.59267
-3.90826
-0.347915
1.37955
-3.45049
-6.30441
-2.93555
1.9623
-5.54958
-4.2894
1.77626
6.42263
-0.420998
7.30258
10.1762
-6.54894
-6.75776
0.416374
-10.1483
6.45771
-0.463745
10.0551
9.03522
15.8545
34.581
24.9413
36.4223
26.0708
50.9994
30.5591
34.2661
40.633
39.9859
30.3186
21.5858
17.7085
6.24561
14.0842
-4.64726
2.96775
1.2357
-7.82323
15.5324
8.81647
-0.691589
-0.789681
-6.4148
3.11699
-4.8655
4.08416
-3.85817
-3.07194
-1.72045
-2.83022
-2.38558
-7.93
7.59782
25.8423
8.73654
-1.61246
-4.367
-1.24666
0.602206
-0.507512
-1.62986
-0.160958
-1.71561
-3.30388
2.40011
-1.13462
5.73029
8.11974
9.68713
4.1502
-5.29994
-4.24125
-4.09735
-2.3166
-4.20946
-5.85311
0.429703
-2.26832
