2.77577
1.62015
19.2934
-3.96213
-1.7038
-5.28746
-3.31332
-0.151738
-5.95653
-3.63428
-5.7475
-7.92138
-4.86476
-2.92034
-10.4357
-4.74482
-1.33781
9.52876
-9.37584
-7.40934
-5.94048
-3.60468
-5.54897
-0.13155
1.11452
1.99694
-3.13703
2.77672
4.62405
17.3264
5.26787
9.96461
9.37557
10.9727
10.1979
5.48386
14.116
15.6437
18.7508
26.5709
31.1288
32.9908
34.6998
43.6204
43.9911
46.5747
47.9508
42.8189
11.5128
-1.70492
0.327974
-7.18078
-1.66443
4.02966
7.64368
1.50073
-2.67248
7.7903
7.79257
4.69059
7.4696
1.29871
-0.0854086
-7.53865
-4.85156
-10.2088
-8.4594
-1.91822
-9.36873
-9.2879
-12.4184
-5.58225
-7.17686
-9.44119
-7.15979
46.149
5.09854
-4.18435
-6.12795
2.09662
-6.02938
-11.0272
-3.75178
-0.651972
1.15712
-4.62106
-6.07178
-1.2075
-1.56665
0.270542
17.8656
-0.851467
0.720814
-6.59362
-0.392985
3.82066
4.27955
4.32318
3.97294
7.01359
