-44.8307
-36.0136
-26.5196
-25.7441
-28.2498
-28.0143
-14.3018
-23.2299
-17.8257
-7.0071
-7.00587
-0.962083
-9.85424
4.84882
-0.694165
0.374808
15.1169
23.6479
5.60862
15.8658
13.8305
13.538
26.6075
22.4855
25.0431
22.2299
24.6566
23.5614
14.5786
20.7068
38.7115
21.4235
30.5146
28.9364
40.9293
24.0777
21.9438
35.1562
25.1692
27.6143
27.2649
42.9222
28.3328
41.1739
42.5502
32.3488
32.3439
42.7833
32.7915
33.2993
26.6611
44.1644
19.0377
24.3299
35.0623
29.648
22.95
31.3256
12.3285
16.3265
15.3637
4.39066
17.5855
3.05223
-2.00712
-0.20494
-6.3844
-7.45093
-1.95135
-15.4052
-26.7902
-3.96521
-14.4211
-28.1753
6.00131
9.74256
-18.8093
-14.6013
-34.003
-33.2012
-36.5679
-26.8374
-60.1226
-56.0987
-39.347
-56.8641
-46.6657
-64.8085
-62.2365
-56.5226
-44.99
-44.7186
-36.834
-13.0176
33.3129
38.9698
45.1598
123.194
234.995
83.5165
