2.94496
0.689441
0.175971
-6.8185
-2.10344
-1.64524
-6.51499
-6.80031
-4.94015
-5.96606
0.0157215
-3.12533
-3.94324
6.45657
-3.20821
3.05456
4.37312
-0.12069
0.725808
4.11665
-2.69043
2.04463
3.33525
-2.08597
5.47911
3.29004
4.48183
4.63498
5.75378
2.09981
-2.32279
8.23175
7.46204
0.73363
-1.16464
5.56477
-1.57196
-2.72968
-0.62257
1.54844
3.37629
5.14748
2.84262
8.15154
13.4216
16.5382
22.5173
4.27521
5.84814
9.63337
22.6532
5.56175
1.38154
11.6325
4.8175
2.76155
3.32858
5.79753
6.02732
1.14957
3.94752
10.1546
4.37169
-0.17089
3.25954
1.00212
7.63449
-1.22181
0.039459
3.17591
5.81441
-6.10862
3.97264
-0.526802
2.93136
8.05588
-8.37976
-2.9246
-1.56381
1.94383
-4.55715
-3.54441
-5.34239
-12.4279
-6.30046
-7.75128
-11.7485
-11.4604
-10.258
-16.6409
-18.6146
-1.96039
-7.3358
-4.64312
-11.1953
2.3733
7.94226
24.0644
38.3979
20.5344
