14.1103
7.68059
17.9287
5.23893
7.19773
2.66219
7.4462
3.60228
1.50668
3.96586
3.12818
1.25031
0.578736
2.45055
1.04105
0.887498
-3.70792
3.25546
-1.93625
-5.15948
-5.65431
-3.32868
-8.32386
-5.39589
-8.16334
-7.85478
-10.7385
-9.40184
-12.2054
-8.83394
-8.24275
-8.20689
-9.01279
-17.2572
-15.1855
-17.0464
-11.9587
-17.3084
-13.1722
-12.2629
-14.6807
-15.9586
-15.857
-19.0499
-9.1008
-12.7258
-5.72796
-12.7917
-11.3145
-9.47923
-3.70345
18.3984
35.6376
41.6073
46.7611
35.2404
21.9251
20.1162
14.8274
19.0268
16.9396
21.8925
24.6697
18.3355
17.7532
15.7641
16.8657
21.1909
25.9039
22.8197
13.8681
11.7653
3.90168
7.35653
6.12997
21.6651
4.06973
-5.87729
-5.84427
1.2971
-4.58257
-6.10194
-6.57734
-12.2608
-6.50928
-9.95936
-6.8368
-5.15842
-1.94156
-3.27852
-9.25432
-7.54768
-7.94916
-4.78687
-2.76145
-3.96737
-6.87565
0.0646805
-0.264267
-0.782315
