0.488842
-3.02265
14.8641
-2.83077
-1.31329
-5.75322
0.767232
-2.38478
-3.3297
-0.00191992
-3.66117
0.458343
-1.7644
3.3197
-12.1691
-11.8951
7.02485
35.4241
-4.32524
-5.50397
-2.18317
-3.6097
-8.95665
-2.31041
-8.00976
2.86405
3.67218
-2.31774
-0.423572
2.70747
10.3063
18.9543
18.2511
-9.33146
-9.09098
1.18797
-7.8422
-0.605848
-1.81818
2.04122
-8.26634
0.723824
3.06004
3.34133
2.82403
0.0241999
19.0188
7.58423
2.26103
10.9187
-0.37098
15.1983
3.70071
4.91398
5.57334
6.59195
-4.07609
-2.84746
-2.54602
-5.17355
27.7747
14.709
-3.03434
-0.211582
-10.0579
-3.86521
-4.74284
3.43508
-4.32194
0.717085
-1.70938
-1.54802
-6.4453
-7.93807
1.70159
7.0622
10.7804
0.737707
-0.137265
10.8291
15.7494
-1.99625
5.11672
-7.96841
-3.60949
-3.5006
1.69819
-2.37122
-7.03087
-0.25519
13.2914
3.58221
-1.67659
0.385831
-5.87478
0.918188
-6.59921
-1.53881
2.47169
-0.0105925
