1.1714
1.15028
10.4829
-4.31198
7.23142
-3.19546
-2.1939
-7.52026
4.15851
0.044006
-0.634262
-1.26836
-2.26323
-2.40053
-7.64119
1.51365
12.2381
-7.9955
5.53692
2.45683
-0.556934
6.08785
4.96858
3.07822
-1.02835
-1.1096
-2.91291
-3.50361
5.81059
0.00899884
2.9852
-0.488632
-5.19474
-10.2457
-4.14856
-8.13416
-4.47108
-4.7397
-9.66845
-5.88394
-4.61776
-5.67287
-4.57486
-7.61106
-0.542058
-1.59913
-1.51074
-2.69249
-6.26984
-4.10887
4.54468
9.37719
25.6996
63.3212
66.3833
85.7189
93.9831
75.8075
68.1416
45.3958
44.3689
25.2345
8.23798
3.53237
3.15613
-0.750372
-1.34492
-0.539847
2.18402
-2.93959
-0.42208
-5.15004
0.189048
-5.95065
4.67147
22.783
7.61832
1.04873
-2.52432
1.41779
-1.14312
-4.38513
-2.51869
-4.95706
-2.81713
2.62239
1.91463
-1.98044
-1.98752
8.2864
12.623
3.29675
1.3781
-3.55899
1.06459
-8.26296
-2.34555
-4.85966
-4.03786
-2.55673
