5.89897
3.53427
8.24431
6.89771
1.8799
-1.43981
3.64808
3.7196
4.90701
1.73738
1.07542
-2.08001
2.33857
0.77893
-3.40459
-2.23231
0.786899
12.406
-2.86463
-0.638384
-3.90339
4.42374
-2.54246
-2.62037
-7.01135
-4.56871
-11.9683
-10.912
-5.04103
-6.25839
-6.83347
-6.21624
-3.98014
-5.96876
-6.05642
-12.8235
-8.00672
-11.7031
-8.18751
-8.10301
-6.65048
-5.42198
-5.79751
-8.57932
-4.17886
4.24793
13.7144
35.381
49.0359
77.993
82.3504
70.5611
56.4227
37.5508
34.2311
18.8569
16.348
14.1137
6.97628
6.41832
10.9175
17.8064
4.34926
6.04629
10.5511
15.1229
15.4808
23.7349
16.4156
22.8127
12.9228
7.98139
-2.72424
-1.5317
-9.51663
29.165
9.21277
-4.9847
-7.18547
-6.03275
-5.43418
-6.78894
-11.713
-10.347
-3.15964
-8.67812
-6.45568
-6.24753
-5.9857
-3.76423
1.94797
-5.18066
-7.7003
-7.66621
3.54054
-6.25632
-1.0144
14.203
3.1559
-2.40864
