-27.5466
-0.14627
79.8048
-19.6394
-36.0274
-7.84436
-16.3065
-10.1128
-23.7691
-35.0253
-20.7824
-6.26721
-11.9985
-10.7804
-34.3413
-14.2256
167.922
48.8767
7.12899
-0.815282
-17.5928
4.91623
-12.8859
58.9803
-0.542138
-4.79982
-18.659
-8.86358
-11.073
15.3924
-1.13433
70.3206
2.94954
-10.6848
-35.0786
5.9861
-35.1235
-2.16038
-12.5881
-14.1044
6.71785
-0.289933
3.07436
-15.0227
-8.52268
37.2038
65.3552
-6.78554
-24.7453
13.9589
-13.7013
-18.0268
-1.02557
-13.7239
-24.8979
-13.2254
-11.229
-14.0592
-20.4061
12.202
89.3472
3.4695
-7.92298
5.56562
-7.58172
-7.33755
-5.48699
13.3896
-9.90412
1.16746
0.689133
-23.7462
-17.6974
-22.0089
18.2826
72.247
6.53805
-2.74569
-7.6224
-7.55562
12.2667
-20.356
-15.7761
-25.5758
-3.15379
4.13076
-0.434419
-21.453
-14.0551
-13.0666
34.742
-22.5223
-17.9088
10.6494
-4.68752
-6.43065
5.57234
48.6724
18.5315
-1.87553
