4.81702
-3.62463
11.7289
-0.895407
-15.2886
-1.80952
-1.93437
-8.10201
-7.63514
-7.67653
5.1598
-7.19904
0.694901
-7.4187
-2.16022
-1.84779
5.3053
8.9132
1.08998
3.91941
-4.51833
-2.51133
2.95941
5.14242
13.0502
0.228499
5.7087
-0.00873633
-2.56296
5.47564
10.5829
9.55736
6.18162
-0.781555
-0.869095
-6.14921
0.240065
8.09757
0.795243
2.17275
-1.1169
-2.28692
2.33006
5.26427
15.2528
6.12329
24.2918
34.9502
49.8502
64.6879
72.0317
90.7485
90.0214
79.802
51.3348
38.161
23.3231
6.92359
10.5501
-2.55888
31.9738
33.5388
-1.22167
7.09736
-0.231622
-1.04282
-1.54261
-5.11828
-11.9461
-10.8584
-2.76326
-13.9154
-0.556344
-4.12143
2.66243
39.202
12.7318
-5.78587
-6.00037
-6.33261
-5.28361
-9.02145
-5.44354
-7.29548
-4.22803
-6.14401
4.35233
-4.91061
-6.4344
-5.44226
16.7591
-15.0534
-10.0417
-3.02686
-3.14405
1.01563
21.8162
10.9435
-1.53546
-3.05714
