-4.30196
0.288337
8.99601
-2.19326
5.47826
1.65405
-2.07358
-1.04293
1.15075
-1.81871
-1.80823
-4.34902
1.29696
-0.181415
-2.68363
2.1193
1.37789
6.95922
1.22734
3.83487
-0.213955
3.52224
-3.04475
2.55562
-0.80291
-4.37903
-5.56589
-3.83571
-1.06201
0.829166
-2.07696
-1.9095
-3.04828
-5.27488
-6.57986
-4.21173
-4.09641
-7.03738
-2.33688
-1.49192
1.01926
5.82193
8.26084
21.0422
34.5841
47.9334
58.9254
67.3749
72.8495
69.2591
51.7494
38.6076
30.3638
20.0558
23.7275
9.78395
6.58912
1.40407
-0.427005
-2.44744
4.69291
3.14115
9.23402
10.4692
17.8331
20.6463
21.0305
25.2095
13.6104
18.356
-1.68703
-2.00345
-4.36993
-1.166
-5.57412
10.2852
-4.61264
-10.0062
-10.891
-11.1274
-10.703
-8.02518
-12.9724
-16.1463
-4.54533
-13.6172
-9.13768
-6.75246
-13.3828
-11.4637
3.24398
-13.2772
-14.0681
-9.04016
-6.71156
-5.13177
4.93914
47.9433
26.6774
9.18437
