1.77057
1.44106
8.54084
4.05213
1.33428
0.201175
2.46518
6.98633
-1.85178
-11.9892
-0.240228
0.392221
-3.1904
-4.25364
-0.800517
-3.3667
0.624809
2.99227
-9.89692
-4.44913
-8.43769
-4.99058
-10.3524
-8.07021
-6.81677
-12.2465
-13.8419
-10.1192
-11.1528
-8.33261
-3.87256
5.66977
8.25132
16.0551
24.2383
28.6053
31.0189
25.3604
26.8185
28.9585
34.7492
34.2598
29.0495
34.234
41.5529
37.1971
51.0735
52.0212
42.1859
9.22549
-2.80673
-6.36625
-1.17269
-4.7564
-3.31955
-3.66754
-2.42914
2.55184
2.43137
2.62332
29.6672
23.8582
5.90082
8.84152
5.09687
-2.30886
3.84028
-4.40156
-7.09849
-5.36212
-7.92839
-6.28041
-9.55914
-3.80651
-5.56829
-2.1291
-3.9083
-3.00083
-6.00925
-2.06306
-7.40397
-6.98412
-5.6748
-2.99025
-1.70792
-2.97173
-4.41871
-0.245303
-1.77594
7.37692
9.26254
1.11894
-0.325668
0.244024
2.03754
2.0429
1.41183
3.72226
7.1009
7.59616
