7.13926
3.91222
10.0725
4.7622
1.59538
-0.452881
-1.81011
-1.12945
-3.42956
-3.63317
-2.28956
-1.17538
-5.73868
-4.83419
-9.21196
-1.32753
8.32769
16.9913
-8.44612
-8.19444
-10.6837
-6.28571
-13.2454
-4.284
-7.63218
-12.9335
-9.6021
-12.8171
-10.5852
-9.50953
-11.2855
7.13826
7.50681
10.6634
22.4035
22.0534
30.8029
32.3318
25.6309
27.8834
23.4119
30.4744
26.5479
32.922
41.1201
39.7955
58.7048
57.9867
47.982
26.8372
3.96946
-0.117699
-3.19072
-6.18331
2.51578
1.24486
0.642526
3.51657
8.93575
9.51605
25.9895
29.5722
15.9504
5.28532
1.95528
3.75722
2.01541
-4.37103
-9.13382
-9.03285
-9.85365
-9.27652
-11.3674
-7.5685
-7.41788
10.7101
5.31492
-3.63153
-4.28341
-2.78041
-9.90153
-6.33589
-0.885869
-8.28569
1.85492
-5.71658
1.09003
-4.95955
2.10866
5.13528
12.5801
2.40234
0.412272
2.79796
-0.503799
2.22654
-1.98593
0.617478
2.84601
8.48973
