-4.19144
-2.88993
12.5572
-0.864932
-2.85246
-1.27445
3.12659
0.752358
-5.32578
-0.949133
-7.16963
-3.83467
-5.98
-3.72454
0.20411
-7.19148
-1.99078
12.4697
-1.12989
1.60376
0.117463
4.97399
-3.40089
1.75652
4.45626
0.174775
0.224499
-0.277575
-4.32701
2.6006
2.93641
2.62956
3.47904
3.6365
5.14071
2.81231
5.13484
9.81313
14.4626
19.5892
36.8799
52.0249
55.4632
54.7001
50.128
62.3428
55.5412
24.4207
18.2964
8.37042
11.2058
5.58272
8.39535
4.06591
5.11378
5.11411
0.684213
4.71569
2.0881
-2.95214
-1.21813
1.21713
-6.94585
-3.12576
-5.69603
-5.91904
-12.3282
-4.80573
-1.75747
-4.61588
-3.32659
-8.08274
-4.59925
-8.66333
-6.96391
20.5117
26.1837
-0.509158
-3.98212
2.27385
-1.36508
-1.67976
-3.3878
-2.90461
4.84499
-0.310265
1.57883
2.07158
-0.204294
-4.17482
4.371
-0.771552
-2.68709
3.4272
7.54146
-2.21684
0.568935
5.29478
-4.22709
-0.420846
