1.61708
0.168505
-4.71853
2.33839
-6.05883
-2.85891
-3.73318
-1.31364
-3.78639
-5.29797
-1.45699
-5.98185
-3.14835
-3.84822
-3.82656
-3.66191
3.50449
5.58522
0.0887575
1.18546
-1.66288
6.71499
3.68653
5.55336
2.98946
0.651511
1.19232
-5.25644
1.76995
5.84735
-2.96015
8.34123
6.36429
5.99933
10.9572
6.6257
6.90047
13.5801
21.6613
27.093
38.1779
48.8829
47.9176
55.8468
47.4887
44.0605
59.2033
38.1237
17.837
9.12832
5.57912
10.8873
8.96936
9.08297
7.84855
7.50181
1.85266
5.16462
-4.63164
-7.24095
0.583638
-1.90817
-4.42057
-4.65132
-5.66069
-4.47364
-7.01338
-4.51826
-4.49155
-7.53731
-3.35441
-3.30163
-6.27216
-3.88397
-1.28779
4.37922
5.9885
-2.83282
-5.35191
-5.19045
-5.14955
-3.98831
-7.19717
-3.23883
0.408986
0.874047
3.295
1.39365
0.394162
-2.17387
6.39051
-0.366017
-2.99703
3.879
1.25365
2.7161
0.372325
8.95267
9.39871
4.10828
