-4.80537
0.700615
4.898
5.51535
-7.06721
-12.18
21.4243
-19.1419
-17.3064
-4.09723
-5.66767
-11.4045
-14.3198
-2.41511
-13.5033
-14.8671
5.53727
32.2575
13.897
8.63069
7.71308
15.1317
-0.0172844
5.97898
-6.57455
2.46506
0.523452
6.64762
-2.94851
23.7511
-2.96944
18.3464
22.4006
-3.53739
-1.86774
-6.7756
0.152041
-6.86925
-2.14748
-0.0527175
-1.68927
-10.0288
1.00091
13.2987
8.16281
14.3668
-5.53332
9.62682
-13.7554
11.1497
-7.14068
13.0814
-4.64336
-16.0983
3.17378
-17.1944
-3.74809
-1.45236
1.81631
-3.2539
2.39209
18.6351
-16.7677
-9.54694
4.51813
-17.3361
-11.266
-5.48747
-7.80925
-2.20888
-9.37274
-11.288
-10.1673
18.2105
15.471
21.1411
58.8085
10.2826
-11.8277
-9.6454
20.1699
-7.91027
-28.2259
-5.47522
-18.8074
-9.05245
-19.968
4.92762
12.6656
-32.9307
-4.83291
9.95521
-16.0372
-20.5369
-7.14
-12.0334
-3.84782
27.2321
67.5293
-2.16261
