17.4825
12.3829
16.4227
9.25518
8.70805
7.76909
6.27477
2.18021
0.0613389
3.75778
0.587714
2.40334
-0.263578
-5.30785
-1.3116
3.06548
-3.22126
1.49518
-10.1496
-2.83206
-1.54884
-4.1776
-9.13885
-8.88033
-10.282
-7.12465
-12.9033
-10.3367
-10.5228
-5.40727
-17.16
-9.33299
-8.37332
-18.2115
-18.0522
-15.5991
-12.1391
-17.3533
-14.3262
-15.3486
-16.3497
-13.7592
-16.2551
-15.6162
-16.5191
-15.1395
-12.0814
-14.7226
-18.6936
-15.3224
-15.7014
-15.2409
-13.3774
-0.522945
21.9511
34.6646
35.3369
39.0239
41.8669
26.7067
17.6329
27.2277
33.4886
46.8238
47.9667
44.925
28.1597
16.8414
13.6461
11.8012
3.59577
2.85056
-0.483404
0.697996
-6.23554
4.92791
-2.90085
-7.69273
-7.51168
-7.65185
-8.61424
-12.067
-7.37291
-7.41187
-3.81349
-8.5743
-4.17174
-7.91436
-5.58545
-8.5783
6.75115
-2.82287
-2.06311
-8.3819
-8.91351
0.534661
-5.48663
-1.31285
-4.59902
7.49028
