8.92916
9.24708
13.6847
7.31357
6.92838
6.21572
6.81405
5.57766
5.43165
0.0388632
3.33794
3.43741
3.64496
-0.914434
-4.41283
-0.414418
-1.11785
3.32592
-6.37096
-0.715232
-1.82598
-5.27857
-6.13213
-6.76895
-9.7044
-13.1208
-7.08034
-9.91605
-4.06905
-9.0781
-6.88224
-11.2467
-14.9085
-15.2338
-10.728
-14.6368
-13.7096
-16.6277
-13.0516
-13.1355
-11.0989
-12.5376
-16.1596
-13.6631
-19.2977
-11.5975
-10.489
-13.6962
-12.6283
-8.26167
-2.59846
8.31565
34.7058
46.9087
42.273
35.477
23.4637
20.4556
8.6855
15.0025
15.2549
18.4039
20.6049
13.1404
17.427
13.6312
21.0263
20.6448
26.6629
19.248
16.8687
5.51222
3.05802
0.180519
1.23782
28.9518
2.86602
7.68136
-1.45913
-3.35758
-9.12277
-7.40729
-2.32644
-6.09036
-5.29603
-6.82344
-5.89494
-11.6347
-5.75681
-7.15137
-1.43433
-9.23082
-3.75453
-5.91759
-4.34863
-2.56139
-3.91512
-6.54737
-1.51052
0.770184
