-17.7017
-2.76605
-8.87992
-9.93044
-3.62932
-2.15684
-6.46048
-3.92478
-10.5706
-7.10176
-4.21531
-5.19062
7.21594
16.8372
-5.9476
0.221445
20.3864
7.53871
0.292604
15.3576
12.2301
-1.7822
4.04708
-12.3523
9.34172
0.678032
8.75175
1.77091
1.02558
3.32697
1.82736
14.7383
6.29264
6.89307
5.23833
0.563033
11.143
-2.88796
2.90613
1.11673
7.72685
9.93587
8.24977
-2.79102
17.8646
22.1173
11.6346
6.63072
12.8738
1.13525
2.96712
6.66307
12.2473
0.321128
11.6164
13.3405
7.05084
9.93625
5.6995
5.46177
22.768
1.47613
5.79285
-0.317796
5.0745
-9.97753
-2.43423
-2.83392
-4.46458
12.4982
-11.6578
1.37118
-12.354
1.7467
6.06643
18.3532
-8.2138
-5.46149
-2.78417
-18.5568
-13.4666
-14.1406
-17.3782
-15.9269
-18.4753
-10.7803
-3.76872
-10.018
-0.257732
-13.0907
-6.1693
-5.96753
-10.7698
-3.63935
14.184
5.89761
18.9942
31.0289
33.3781
14.5789
