5.33788
-7.23546
13.2522
-9.9403
-3.28367
-4.36024
-0.246954
-3.96463
-7.73272
3.9059
-1.76315
-9.64812
-3.55945
1.82522
0.0766589
-1.80308
12.7184
7.51092
-9.42256
0.643558
-6.89918
-5.49341
5.55345
10.322
5.02339
4.85085
5.0838
0.609525
-0.532906
12.7131
11.4215
0.675338
-2.75436
-3.85697
-3.74217
5.99207
-2.81824
-3.31289
-1.28731
11.8365
-4.79817
4.19165
-1.71919
5.03435
1.07939
12.5771
16.8107
24.5223
39.0422
67.2345
75.4815
87.7888
92.4134
86.8038
62.7464
40.5101
23.7946
11.3034
-2.02033
-0.440206
28.4641
23.0004
1.95541
-1.06335
-3.97286
-3.32899
-5.16064
4.22696
-5.01618
-10.2308
-5.63501
-4.61574
1.12078
-8.81695
2.88755
32.2258
8.48713
-2.74834
-3.74139
-1.2741
-5.01894
-5.64753
-4.50469
-1.43
-4.27009
-5.89206
2.19696
-2.68861
-2.82643
-1.74612
11.9527
-10.858
-10.2154
12.4999
-1.36519
-5.91335
7.52366
16.4089
-4.29725
2.60246
