9.63355
6.69033
8.54271
6.30547
4.75693
3.65852
8.11323
4.99809
0.130483
1.05298
4.24137
3.97272
3.97769
-0.694694
-1.59268
-6.39162
7.88223
-2.024
-7.07227
1.30773
-6.20797
-2.66772
-2.10736
-1.56937
-3.09079
-10.5239
-7.79548
-13.8658
-12.4994
-11.973
-14.7785
-3.6698
-7.10539
-7.5157
-15.6049
-12.5076
-9.21744
-13.1083
-15.9264
-13.2616
-18.9055
-14.0252
-17.5114
-10.6462
-10.1654
-10.644
-15.3695
-14.2949
-11.0354
-9.16672
-11.8935
-10.7796
-1.63157
11.2494
29.044
52.1317
50.1747
49.9172
44.495
43.8038
42.8801
60.1536
53.4855
56.6272
45.0066
27.5826
21.1221
8.39773
-1.65017
-2.52058
-2.73334
-5.53479
-10.1256
-7.68835
-4.4793
2.02032
-5.84307
-6.149
-8.59651
-3.9429
-6.0263
-9.68835
-6.08171
-3.26945
-7.82225
-5.89997
-1.49163
-3.05802
-4.21421
0.36102
0.178986
-2.03606
1.58694
0.731818
-7.86667
-3.54699
1.25419
0.712973
0.530992
-0.241319
