6.22384
2.93054
11.0256
2.92372
4.75113
7.59526
3.46837
2.72615
2.05408
-0.158124
4.43527
1.33213
-0.945946
-0.806957
-3.643
1.2125
2.24795
1.56928
-2.407
-2.97975
-3.64461
-2.85109
-9.83021
-2.19923
-4.35621
-5.65436
-7.3977
-6.55776
-4.30084
-1.66197
-5.23854
-5.31638
-7.78299
-8.70166
-8.9343
-6.81451
-7.78533
-12.4184
-9.54406
-3.46158
-8.11776
-6.59224
-6.00668
-5.18641
-5.18339
1.05062
12.1448
20.9362
47.1824
71.8535
84.5194
73.872
67.7288
54.1334
36.6357
31.497
22.9658
15.6253
10.6179
10.5487
14.1113
14.3537
8.93442
6.04138
9.2812
11.2529
17.1627
20.431
22.9493
26.1009
16.6899
11.497
3.43166
5.25326
-3.62356
5.38259
-7.23736
-6.0076
-6.22238
-6.64501
-5.20228
-11.1979
-7.40869
-4.83389
-8.22516
-4.23975
-4.48648
-7.66445
-7.0059
-4.81235
5.61802
-2.27055
-4.11836
-3.14208
3.49703
-0.588051
-0.702558
-0.410361
1.50828
-0.161426
