-19.5667
-0.0792563
33.3503
-4.19824
-7.89321
-23.4898
2.77702
-11.0982
-12.66
1.17831
-26.6128
14.9462
-19.8642
-12.7335
-19.8965
-10.8365
72.8826
59.3551
21.6065
-22.9687
-6.52274
6.54984
-15.346
58.975
-4.01432
25.9724
7.733
-23.8682
-19.3889
1.3283
-3.98215
29.0117
9.34957
-24.3852
-12.2386
-10.8209
-12.6485
-4.40909
-10.1849
-15.212
-27.3208
-4.51988
-8.19932
-16.8423
-12.4845
18.1992
51.8311
-5.65741
-18.2768
0.201656
-25.0416
-4.15058
2.52388
9.40995
-8.81999
8.66622
-4.62765
-3.75237
-3.3795
-18.7294
85.0573
39.3566
-6.24811
2.27468
-12.3642
-17.2344
-9.5764
-7.17675
-9.03559
-18.1179
5.2968
-13.4982
-5.22609
-12.2622
4.08851
38.9719
14.6864
-6.71211
-5.02204
26.8456
14.6499
4.85052
-17.6766
-7.56296
-6.42634
-9.235
1.49008
-3.63875
-1.03769
39.3717
59.1188
-13.0024
-9.12441
12.7643
-4.85147
-9.87239
-9.5777
-10.1257
-22.571
-3.13299
