14.8548
6.81904
19.6376
5.82848
7.03614
4.64878
8.55428
-1.31064
4.69072
1.5427
0.216749
1.17116
-0.304916
4.77662
-2.84446
1.90325
-2.63733
2.19617
-3.07521
0.297532
-6.63439
-5.37608
-9.10446
-12.9011
-9.89323
-3.78036
-6.92438
-12.6093
-8.43241
-9.47902
-16.7149
-9.41876
-11.554
-14.9116
-9.2765
-15.0859
-15.3962
-14.8011
-14.7184
-16.0358
-12.9046
-12.2655
-17.3302
-10.7635
-14.7639
-11.4463
-11.9317
-15.6742
-17.7605
-14.1076
-12.9202
-13.896
-9.33751
2.83135
30.024
43.8785
50.4082
40.3493
38.3815
33.5957
25.7566
38.829
53.148
54.7209
48.065
30.9018
28.6573
15.8837
14.6114
-0.58227
-1.99065
-4.51646
-5.22242
-7.83371
-12.3717
1.58053
-4.43564
-8.85274
-3.44875
-2.29522
-8.22721
-6.30279
-5.61943
-6.14173
-7.82982
-6.63585
-0.750472
-7.17873
-0.194149
-5.99126
-4.64475
-5.80696
-1.35179
-0.617488
-0.213525
-2.65056
-5.85443
-3.24747
0.00586364
4.19282
