-1.04466
0.0511121
-0.276663
8.14947
-8.18675
-3.96034
2.7705
-1.22837
-4.22582
2.10493
-2.68602
9.03342
-10.0804
-7.479
-5.52334
2.04852
12.957
1.92809
7.21033
3.58482
0.490983
-10.9563
1.77184
-1.06916
-2.41137
-1.93524
4.21934
10.2721
-0.0565966
3.01575
-1.7682
7.09062
5.1283
1.8342
-2.24458
-0.329018
-9.42562
-5.45867
-7.47991
5.24384
-8.02629
7.5086
-1.65162
2.75536
9.30086
7.22129
3.88184
-4.69281
7.82658
7.05112
2.60484
-2.28029
7.89427
5.22836
2.04456
7.17672
4.46469
5.07917
3.83951
1.82736
1.14687
-1.99759
-2.1765
-4.17757
-3.5674
0.738517
-2.21401
-2.56142
3.66287
0.925077
12.169
-3.21459
1.27023
-0.251472
6.1421
11.4749
13.9537
-4.45939
-7.20283
-1.14034
-11.3151
1.79018
-5.64978
-10.67
-3.46741
-8.13544
2.79029
-2.50683
6.93769
0.846606
4.31632
-4.28329
-4.38347
-2.61906
3.2773
-2.8325
-2.54634
1.85144
11.2349
2.42543
