9.22138
7.07848
9.16068
8.27356
3.12395
1.82445
2.57378
2.57205
-1.77296
0.400932
-0.784399
-0.761508
-1.65843
-3.65037
0.584011
2.46447
6.51505
10.363
-5.85931
0.221901
-2.54501
-5.32234
-4.38945
-3.69767
-3.71412
-3.80666
-7.13426
-5.7593
-10.3656
-6.24208
-6.76128
-0.415233
-4.71446
-12.0673
-13.8256
-8.38403
-12.5367
-12.7946
-13.2929
-7.69459
-12.0342
-11.8112
-11.5128
-9.29465
-11.4466
-2.69905
12.1537
10.6296
30.059
46.856
68.9036
67.4362
65.0677
58.9149
48.9546
35.7329
21.2274
13.1086
8.53267
13.6919
22.0373
27.4543
23.2008
11.0933
12.6766
4.74856
6.51525
12.0392
16.0412
19.2052
19.4044
15.3205
8.93432
4.50221
5.65271
22.7265
-6.9746
-4.77191
-3.09349
-6.88334
-8.35131
-6.89104
-7.67261
-13.142
-3.7113
-9.46298
-8.72779
-11.4252
-5.67601
0.0176155
6.05427
-8.03685
-6.99226
-3.55287
-0.738896
-5.70006
0.437283
5.9284
2.46569
0.423944
