-6.53435
-1.35791
11.6471
3.62714
-21.7688
-12.0916
-11.398
-8.08311
-5.88746
-0.992727
-2.73213
-0.165014
-1.50199
-1.07963
-0.672631
-2.62325
13.21
9.4977
2.53687
1.52924
-4.34558
-0.279303
0.776553
-0.28386
11.1397
1.68892
-1.81695
1.79085
0.820895
14.6749
18.7268
20.3394
12.8396
1.05476
1.23532
0.927109
1.92638
8.75732
10.5778
15.2094
24.8577
34.4449
45.1575
55.7889
58.3256
58.9597
51.2937
33.0656
28.5294
16.0451
19.1927
14.8283
4.5423
8.79554
8.05876
6.52273
4.29949
0.0732668
3.95427
-8.72793
6.86773
5.63341
-6.42337
-2.47442
-6.31303
-3.43339
-8.13631
-8.99376
-2.55183
-6.66642
0.674505
-2.15267
-1.94936
-2.77122
-3.00284
1.04073
1.08583
-8.6898
-5.65643
0.0558169
-7.55638
-6.377
-6.07
-7.31425
-5.45585
-2.886
-2.36345
-3.5189
-0.947991
-2.09802
-6.57448
1.2059
-7.13612
-5.30497
-0.203656
11.0736
28.5698
11.3291
9.01958
5.85024
