13.8468
10.3442
15.8799
9.14642
6.58476
4.94242
5.23997
3.39341
1.3346
2.16351
2.53604
0.883463
0.905633
-1.57897
-1.08516
0.654421
-1.23551
4.88624
-8.14633
-4.42624
-7.36025
-5.67578
-4.94169
-1.85112
-5.36998
-6.74697
-8.33817
-10.7518
-13.3409
-11.0679
-12.9674
-9.05392
-4.56901
-17.3252
-11.0693
-14.9798
-14.3211
-13.205
-13.7351
-15.2545
-15.2233
-12.5047
-12.5688
-14.6483
-15.7386
-12.5413
-9.67618
-15.7207
-15.3947
-14.362
-13.1376
-13.8436
-4.15504
12.515
36.2886
35.9562
35.4233
33.1317
20.4573
11.8305
8.08989
14.1841
12.6384
10.2081
20.5946
28.0023
24.3051
22.0162
25.1376
23.9188
10.8869
6.48629
-0.771998
-0.353984
-11.1645
28.493
12.5022
2.63936
-1.95119
-1.44592
-3.92164
-9.20164
-3.38926
-8.48202
-3.57938
-6.71847
-7.30032
-7.03412
-3.98939
-4.78394
2.44343
-9.59977
-9.56496
-5.36331
-4.70332
-8.05725
-5.40722
-3.89003
-0.312252
1.31704
