-1.63211
1.03633
-1.37567
-0.570949
-2.35361
-3.15952
-4.49168
-0.832271
5.62709
4.34183
-4.05714
0.739215
9.32871
1.21846
1.80111
-2.05561
17.9703
29.7982
5.21736
-5.87953
-9.04603
-0.371287
-4.84992
-0.591338
-9.10356
-4.82134
-7.02071
-5.3129
-5.70281
-0.943353
-9.33424
8.797
12.0322
-13.8445
-1.15224
-7.92854
-7.60002
-6.31812
-3.55802
-10.5533
-11.0599
-8.52232
-5.6381
-2.05365
-8.12095
6.82641
20.9176
-9.60606
0.534675
6.39555
-3.53862
-2.99161
-7.01125
4.65366
1.49994
-3.56315
-8.38153
5.75726
-7.45136
-4.14581
-5.16259
-4.15699
-7.00464
1.90114
0.75525
2.37439
4.71861
1.45087
-4.26704
4.52814
8.32342
-1.20337
7.01269
-0.530764
3.33377
48.1883
21.9936
-10.2139
1.20587
-5.21392
-6.00345
-6.16001
-10.9521
-13.5506
-4.04072
-4.75468
-1.50453
-4.25064
-6.26575
-2.23929
18.9516
-12.3041
-10.0523
4.00666
-1.34631
2.73809
-1.60903
3.26119
-7.70126
7.74316
