4.69422
2.91243
-1.95617
1.79516
3.00216
-1.1415
-2.27606
0.0688035
-1.35653
-2.40109
2.66073
-0.979755
-2.53935
-5.08114
0.883235
4.52531
5.84011
14.8956
2.28858
-1.12363
-4.49546
0.766654
-2.78069
-0.523342
0.439399
-2.65855
-1.24263
-4.30839
-2.44487
0.851527
1.04857
0.797593
-0.595667
-4.58946
-4.55284
-6.85053
-6.85678
-6.53622
-6.50021
-4.42108
-7.41185
-5.21424
-4.31732
-7.77099
-6.61185
-3.06598
7.34588
-1.02442
-7.14142
2.87549
5.01128
8.31615
32.699
62.2918
77.8573
91.121
88.8083
80.7525
67.3959
58.75
35.2959
19.5054
3.98534
4.94786
5.22282
3.0744
-3.09228
-1.8551
-5.22515
0.0341139
0.217406
-2.27015
-4.56217
-1.65176
3.35618
24.4721
4.51204
0.409281
-2.58817
-0.00356491
-1.01612
-1.81992
4.39734
-4.42863
2.62045
0.94444
2.57324
-1.81137
1.36052
4.37821
15.0958
-2.60116
-1.85024
-0.137605
1.18699
-8.37403
0.546922
-6.27116
-5.74859
-6.79162
