3.70356
4.01603
-1.15941
-3.09711
4.76704
-2.48392
5.37258
5.98985
-1.84418
-1.45765
-1.28812
4.19537
-3.29688
-0.211055
-2.75992
-1.81509
-0.141147
0.699478
5.14472
-3.58714
-3.0192
2.46133
-0.0273464
4.89646
-0.339036
2.6503
-4.30669
-5.23251
1.92894
0.673938
0.459416
-0.0125861
1.0966
-5.04789
-6.03392
-9.32587
-10.0157
-8.27041
-3.26569
-4.46722
-5.28646
-9.88705
-0.59032
-4.76713
-3.39272
-7.15586
7.31314
-4.0687
-2.03539
-1.79856
3.0518
2.47231
21.0742
44.1665
65.8436
69.7366
81.6489
88.6276
83.1763
60.9997
52.9428
40.8429
13.6247
17.4441
4.17601
1.20226
-0.573038
2.11377
-3.89213
-3.11077
2.48501
-4.85324
1.57868
-2.54192
3.28928
5.6023
-2.56176
-0.222008
-3.4495
1.31935
-2.75715
-3.4485
0.9735
-0.865371
0.20479
-0.374924
5.39096
5.09567
2.49818
4.75163
8.73013
2.59268
-2.04508
-4.17987
-2.25268
-2.19811
-4.39767
0.839272
-3.32118
-9.34381
