10.4458
5.05343
8.20096
2.04397
5.98292
0.85359
7.72835
4.29671
1.64128
-0.414502
7.41742
0.0992945
-3.58127
1.07966
-6.72232
-3.63677
-3.43253
6.34334
-1.3078
-5.18002
-4.78582
-4.35396
-6.20018
-2.40901
0.21579
-4.16005
-4.55325
-11.546
-5.90929
-2.60311
-3.347
-5.16598
-3.89277
-8.33581
-8.0722
-11.1483
-8.21648
-7.99573
-11.322
-9.1481
-11.9493
-9.77665
-7.29884
-7.53803
-6.41498
0.442373
13.4076
17.8593
48.838
70.2126
85.6611
77.343
67.4014
57.7683
42.528
31.8828
17.4851
11.2575
12.4438
13.8189
19.3488
10.3444
15.8584
6.16366
3.56075
7.91646
13.8361
20.8661
15.1543
23.656
18.2968
13.0576
4.1657
0.44364
-6.03929
11.6092
1.62828
-1.55401
-9.1593
-0.404589
-4.45713
-8.22362
-9.97304
-10.0536
-2.71241
-8.40437
-5.42207
-5.43986
-5.45681
-5.94001
3.57538
-6.60775
-5.16793
-4.24595
5.61402
-0.424335
-2.66621
1.58653
2.78716
-1.43878
