11.6325
7.8524
15.8309
7.52228
8.76646
7.33015
5.74833
5.34055
2.75876
1.73794
4.93487
1.04609
-3.57742
0.668543
-1.30825
-0.947245
1.47705
0.800448
-3.59614
-2.94029
-6.60814
-4.01658
-6.55778
-4.27033
-2.77024
-6.27872
-12.7376
-10.7823
-12.1001
-12.6427
-9.28001
-9.05544
-11.3722
-14.2281
-15.7417
-14.973
-12.1309
-14.2833
-15.2591
-15.4376
-13.3655
-14.6504
-15.6263
-18.063
-18.0612
-10.1676
-9.91753
-14.9855
-10.9611
-14.2799
-9.91341
-13.8607
-4.78349
9.50002
34.6726
34.6535
37.0461
33.2405
28.1948
7.9506
6.2667
4.77864
4.80738
11.5425
16.0674
21.8272
32.3023
22.7771
26.6628
22.9244
17.3831
6.30469
4.55274
-1.11378
-1.32801
34.3053
7.89907
4.20983
-2.61365
-3.64863
-6.37853
-6.27846
-7.97728
-9.67399
-7.08035
-9.19099
-5.96171
-10.6743
-8.45045
-5.1927
4.31336
-4.99017
-5.95625
-8.146
-2.60524
-9.70788
-6.15919
-2.91695
-0.475749
0.522811
