-16.532
-14.3678
19.6484
-15.3252
-2.10326
-8.87848
-5.80107
-12.7492
-5.76191
-7.36739
-7.02388
0.200162
-3.97397
-2.00987
-11.9827
-19.8674
29.8656
8.84307
1.38985
11.4333
8.16129
10.0695
9.45104
16.5651
-1.40295
8.99413
-0.368749
2.60658
0.113342
2.63624
19.1335
16.1694
20.4808
-1.57369
5.70454
1.91882
-6.30268
11.7397
-2.22003
-7.61118
7.87123
10.768
9.29372
12.7021
28.6385
18.6064
13.6545
13.0655
17.106
18.0701
19.2154
18.6794
11.796
22.5302
18.5304
9.87186
8.26726
7.40857
5.38678
-0.786865
23.9536
32.8558
-0.0451891
7.54572
-1.05999
-2.38713
-2.11721
-6.62646
-4.37322
-5.64409
-0.46709
-6.52929
-5.75111
-15.4455
4.36084
41.4838
28.0993
-15.5119
-19.0504
2.84952
-12.9993
-4.03577
-6.55401
-19.0653
-14.2635
-20.8436
-6.9569
-21.5049
-13.6309
-16.2931
-2.51959
-17.8482
-17.9501
-17.4909
-15.0003
-20.5729
-7.53335
-2.10934
-15.7673
-22.9319
