-4.8775
-7.14811
21.2392
-4.69245
-2.16719
-7.61909
-3.64225
-1.89972
-4.26927
-1.71082
-2.97241
0.222101
0.468263
-7.65918
-1.67978
-1.84841
11.279
6.05191
2.02367
1.61794
-1.77102
1.70301
-0.612299
4.24727
3.44289
6.70538
-0.742058
-2.59843
-0.592027
5.83895
0.835731
6.77549
2.4775
0.0787911
-3.20192
-1.35644
-5.00317
4.57952
1.3943
0.511188
0.897115
-2.12436
-3.86973
-1.96546
-1.65714
2.41317
23.8296
3.32884
4.13343
17.3389
20.4703
48.1673
86.0923
102.094
102.557
81.8238
51.2604
40.1697
25.6954
16.3388
28.2776
19.2335
1.898
1.92945
-1.06749
-0.778876
-0.787391
0.573625
-5.67456
0.00922983
2.22135
-3.44313
-6.39319
-1.61627
-0.866203
11.6015
4.91658
-6.18959
-3.01022
3.68438
-3.91929
-4.50796
-6.33289
-7.02747
-1.2925
-0.510382
0.743466
-3.95967
-2.50217
-0.134472
9.69052
-6.96729
-4.48122
-7.446
1.03755
-1.64254
2.09778
18.1208
8.96833
1.35098
