5.26349
-0.437199
-2.55356
-3.00124
-1.53433
-2.07107
-4.61962
-1.6045
-5.90052
-6.06667
1.01318
-5.08596
-2.73539
-5.92505
-5.68882
-2.74476
-5.77425
4.87443
-3.60962
-10.8328
-3.66698
-0.411935
-2.96132
8.20359
12.0734
8.50211
2.78511
-0.719369
7.1553
4.02052
5.76839
11.7516
8.18079
5.62124
10.2132
9.41566
10.2448
16.4557
17.551
15.5731
18.9193
33.1707
35.2382
43.1962
44.8386
54.6262
58.089
44.3602
19.1916
0.272762
2.72922
2.65808
0.285271
1.58356
13.6119
2.00078
7.48558
8.25582
6.93352
-0.860442
4.41338
-6.88299
-2.85761
-9.56177
-5.98889
-9.07
-9.89417
-2.77678
-10.0779
-7.77945
-7.62316
-9.49222
-9.20374
-4.61309
-3.93928
19.0797
4.26695
-5.86286
-8.68464
2.07534
-4.27284
-5.08648
1.93616
-2.74483
-4.83142
-6.83964
3.09857
-3.19309
-0.848725
1.23071
11.2754
0.726631
1.81612
-0.119022
3.25277
0.067901
6.64714
5.53463
5.31659
9.21562
