1.67785
3.10419
3.14919
-1.02465
1.46124
-0.984934
3.31195
-1.54554
2.47936
-8.74842
1.05847
2.47939
-0.478003
-4.38316
0.925081
1.85199
5.42838
4.72338
0.228397
-1.60835
-2.76414
4.15369
0.423369
0.558411
-2.28702
-2.09168
-0.0134966
-7.62154
0.287859
-0.743672
-5.53974
3.26732
1.01999
-6.68606
-1.95013
-1.74173
-4.51143
-3.14947
-4.00506
-0.124013
-4.43706
0.881499
2.17202
0.466892
-4.02006
-0.452138
5.01614
-3.60634
-1.12615
7.16936
9.5599
17.1269
42.9498
68.7199
80.0726
96.7497
81.7551
69.2494
59.8693
32.9815
29.7592
15.2068
7.04867
7.4618
-1.10998
-0.794042
5.07679
-2.44086
-4.65831
-4.19927
1.00142
2.72552
-1.00323
-1.35109
5.98464
16.0998
-0.249879
-6.00877
0.558855
3.30843
1.68756
-1.06278
-3.02305
-4.53754
-2.02211
4.28548
3.79795
-2.15552
2.47299
1.8591
2.51719
-0.437703
-1.95644
4.00004
-4.16855
-2.28061
-5.62955
-1.02177
-1.01774
-1.81311
