11.4753
13.9533
18.6024
5.83465
5.65806
2.95217
4.2636
1.75248
1.50599
4.02698
1.9816
-1.54242
0.0666707
2.52689
-0.993443
-3.0172
-0.146404
12.2061
-0.348552
-2.60831
-6.6333
-6.13646
-9.48803
-7.4191
-9.02905
-5.08831
-10.9091
-13.3876
-9.37414
-7.67836
-8.34626
-7.01846
-9.9618
-14.4793
-14.9737
-12.4004
-18.1205
-16.3996
-14.1961
-13.6755
-16.9294
-18.8285
-12.9277
-14.3507
-21.925
-16.5837
-8.99064
-16.1485
-21.2378
-19.5362
-13.0346
-13.8087
-12.6219
3.68102
29.3873
38.0159
31.1048
30.9444
19.0575
5.58199
5.51903
0.350665
4.58108
13.5692
21.1446
15.9089
22.066
30.1788
35.8761
32.3291
15.46
11.4914
0.709079
-1.16048
0.848643
9.83542
4.14327
-1.32595
-0.963351
0.969106
-2.55898
-9.09321
-10.5167
-3.84808
-7.17427
-10.7364
-8.75911
-7.96275
-5.8108
-6.99005
8.86061
-4.69539
-1.57348
-6.84813
-9.849
-5.25494
-2.83114
-4.54145
-2.92789
-1.41589
