-4.72858
-14.3204
-14.8129
-1.05298
-4.66114
5.84347
-2.86681
-3.41738
0.648534
3.73517
-3.91985
-7.9196
3.75085
-0.303467
-0.654716
-1.50572
-5.021
-2.68236
-4.42665
15.1352
-1.57916
12.2235
-7.71007
7.13635
-3.65821
6.37037
-0.78979
10.0399
0.344369
9.16121
8.43387
16.414
4.64969
8.75198
18.068
1.27185
1.79716
4.03937
-1.2314
-6.50165
6.85138
15.1721
4.71513
11.7817
16.4662
25.7397
19.5759
8.92634
18.0171
12.3755
10.09
3.70409
8.48099
9.25291
10.05
11.1854
4.98909
-4.57112
4.83051
6.26663
-0.384243
0.207172
5.14163
-0.905006
2.14926
2.94618
-2.06304
4.23761
-5.93689
-2.73648
-7.71249
0.569686
-12.5535
-1.79094
-0.473539
1.44604
-18.1649
6.31027
-1.69231
-6.67259
-2.99175
-7.42891
-11.9631
-8.27206
-9.3944
-5.24472
-11.5726
-15.2498
0.477527
-13.051
-25.6962
-6.92089
-20.615
-1.02183
1.27192
-1.43996
20.9237
42.1881
47.1845
12.5329
