-6.33506
-6.2797
-8.67308
-10.6476
-9.4561
-2.73496
-9.88995
-2.36686
-8.09378
2.00595
1.72034
3.82313
-3.32949
4.36806
-6.17886
-4.17041
13.058
14.2018
1.98992
8.1961
-1.57519
1.46878
4.7557
-0.863246
6.94897
7.30823
7.99454
-1.16666
0.130709
3.567
5.5103
20.7447
2.8656
1.61343
4.53782
8.44463
-1.59099
2.75793
5.57721
1.50402
12.7347
10.5543
2.40992
16.2015
8.47203
26.7855
14.2056
10.9728
20.2735
17.0962
5.2655
13.7705
8.10693
3.17623
7.78428
15.9032
3.27805
5.44477
-7.39859
0.117882
5.6545
12.4272
3.94359
1.36444
2.622
1.70556
-6.11418
-0.582483
-1.51615
5.2681
-4.4478
-4.81887
-9.23097
10.7339
-10.9005
21.9468
0.197993
9.10201
-17.1896
-8.41337
-10.4893
-10.476
-22.107
-16.3731
-16.6096
-8.26129
-14.2179
-18.8055
-14.0576
-8.36087
0.415609
-13.5424
-22.4485
6.71793
-13.2955
-6.85758
28.0246
64.5771
36.99
17.3115
