-0.3788
-2.90566
27.0662
-4.92877
0.859742
-1.31461
-8.76316
-6.74668
-6.51526
-11.0227
-3.87143
0.693836
-2.15725
-6.72233
-4.61539
-0.813218
2.38764
9.63481
3.20498
0.0902344
-1.99259
-1.92856
-6.4124
2.60062
0.0626551
7.96161
-3.43587
0.544452
-1.05597
9.47673
6.66487
5.11279
11.6841
-5.55087
-0.332262
4.59071
-1.9833
5.02398
1.80178
1.44892
13.1554
16.2112
19.1803
36.6698
48.2891
35.1891
55.5371
46.0518
43.2408
48.2697
45.0206
58.5641
35.1665
28.6179
17.271
7.94468
4.59812
5.64127
-3.27547
-1.17509
13.5038
14.6572
3.94553
4.25953
-1.35857
2.49433
-3.01742
1.02824
-4.52013
-0.69191
0.525786
-4.45048
-4.91622
-7.04089
1.30703
-1.05817
12.1448
-3.22152
-5.12082
2.93626
-4.35117
1.41536
-2.78366
-6.90643
-0.486487
-5.13969
2.00748
-7.8355
-0.290872
3.2368
2.18645
-3.72834
-9.15583
3.60747
-9.3017
-1.60409
9.51455
-11.6826
0.742282
-8.29223
