-2.21434
-1.46297
6.07379
-3.03545
3.89615
-5.28796
-3.53996
-6.21772
-1.74866
3.00157
1.08791
-1.32858
-5.28855
0.459925
-5.64633
-9.4492
15.6326
25.676
5.84459
2.60927
-2.27088
1.24874
-5.5049
4.45671
-6.90186
9.63141
-1.77698
-2.4217
-4.28222
4.08379
-7.61283
3.9409
2.98079
-0.048133
-4.36035
-10.7755
-0.941127
0.860823
0.30166
12.1435
3.94655
16.6168
18.9304
17.7426
25.2977
25.7509
33.7045
20.4353
24.4405
21.1677
25.9959
21.1886
14.1385
11.8562
2.08918
10.0965
3.39123
0.245874
-4.42924
-9.31284
14.5259
11.5487
1.86184
-1.3916
-3.7353
-4.13482
6.58827
6.31866
-9.17586
-1.28091
-3.18087
-5.59174
0.165918
-3.8665
4.07301
8.00009
14.2064
-4.21392
-1.6665
4.97662
1.12136
-3.58765
-0.692955
-0.931117
-5.55132
1.165
8.48361
6.10348
-0.318646
-4.51307
-1.19604
1.67572
-2.06323
1.46167
-5.9942
3.91363
-4.61425
-4.63982
4.16423
-1.19022
