-168.459
-153.274
-106.258
-127.062
-104.542
-97.5375
-66.2311
-82.6554
-48.904
-34.2404
-36.5285
-16.4262
-6.92442
13.8817
8.59142
9.94489
35.0163
42.3383
57.8655
62.7262
60.6124
66.3469
68.218
61.2518
88.0871
76.5248
105.758
104.639
97.0078
121.912
117.656
133.406
132.789
114.478
114.426
107.064
128.71
131.382
113.396
136.12
145.722
130.835
126.132
115.57
135.953
117.827
128.289
108.718
116.194
105.765
123.554
101.174
93.4455
129.197
76.9878
91.5943
103.087
76.2166
55.1303
53.6159
50.073
75.2918
25.6378
38.1318
2.22473
-1.00576
-11.3154
-11.1405
-48.0253
-39.8677
-36.6779
-67.4514
-58.0388
-85.8772
-66.078
-98.7527
-94.7017
-121.15
-139.925
-157.654
-123.466
-198.617
-206.741
-212.247
-195.842
-233.764
-205.161
-166.405
-192.761
-203.128
-88.2661
-102.354
-128.045
210.665
272.873
135.262
337.273
718.071
289.895
151.273
