3.82685
-5.1484
12.1874
-1.04586
-5.80854
-1.65331
-8.62555
-7.317
-3.10368
-6.58844
0.00655789
0.536421
-2.69087
-3.41191
-7.8766
-1.46256
9.91445
9.02101
1.72192
1.24697
3.69147
-1.92351
2.72436
11.9459
-12.3833
3.00283
-1.12181
6.05576
-3.27122
-2.43221
3.21466
5.91386
10.2231
-0.381056
5.76176
0.922961
0.870864
0.687917
1.8298
0.532946
11.5212
12.6217
19.7455
27.5528
43.2732
52.0599
49.5607
49.9155
56.3265
52.0697
50.3584
59.6855
46.4258
27.2652
17.4154
5.05364
3.21599
8.13004
0.803476
1.40095
14.5544
10.6262
4.12545
1.3644
-2.95422
-1.50856
-1.04939
-0.177392
-1.94128
-2.37329
-3.41144
-2.2822
-5.95229
-4.48656
3.99563
4.30166
10.2378
-0.365507
0.70444
3.71298
-0.0419884
-4.50889
-12.0669
-1.80337
-5.04843
-6.76727
5.74043
-6.58376
-1.56285
-0.102199
1.4447
-8.97983
-9.87842
-3.25775
-10.0214
-5.10554
14.4147
-2.94108
0.241217
-5.17103
