2.46926
-0.663298
1.37407
-1.12562
-1.72471
-2.70924
0.738962
5.51921
-6.53756
-2.28621
-1.6286
0.613559
-0.978337
0.830297
-0.172113
4.83435
4.2581
13.5337
0.131873
4.82095
0.158288
-2.02055
-4.23387
-5.37421
-0.429337
-3.11564
-1.25938
0.172459
-4.30344
-1.59264
-4.284
1.7077
0.237318
-2.40969
-8.51687
-3.82924
-3.63578
-4.31605
-5.04516
0.0919421
-3.08259
3.76554
3.31647
11.7647
21.1996
35.5936
55.4089
62.5075
81.4399
72.0987
61.2701
42.4175
32.5312
24.5426
24.3078
14.7086
7.57687
7.86804
4.32396
4.90268
7.68361
11.472
5.26898
7.90093
14.7081
19.5289
24.8046
22.0028
14.3005
9.50228
5.89127
3.25849
-7.72427
-5.65071
-8.68364
19.8207
-0.375189
-2.07911
-8.4852
-12.7972
-12.1398
-10.9852
-15.9575
-11.9589
-6.16649
-17.2441
-9.73206
-16.6956
-15.6775
-13.2165
-2.26166
-8.61301
-11.7828
-13.0192
-0.117792
2.85925
6.26744
40.587
26.6272
14.1594
