6.30277
4.57194
10.9757
-0.793649
1.75355
-1.36251
2.75096
2.00554
-1.4972
-0.799487
-3.57451
-4.12026
-6.52537
-3.37507
-8.15163
0.458149
9.59825
6.88908
-3.5058
-5.60711
-6.99564
-4.56132
-5.84068
-3.36097
-8.39849
-5.6699
-7.53775
-10.0134
-9.67586
-5.67142
-0.655621
0.371401
-0.0835303
-0.71676
5.88246
9.4087
21.0267
24.9791
26.0041
29.7209
25.0649
31.63
31.7875
39.547
37.0485
34.9529
52.2418
55.7673
56.3783
27.7919
19.0968
5.00716
0.335571
-1.32088
-0.277374
3.08792
2.16829
-1.03311
-0.876133
6.29054
13.9243
15.9606
16.1701
10.8949
10.6778
3.02236
5.99577
0.849274
0.287419
-6.42732
-2.04257
-7.88355
-4.11125
-5.82719
-6.29171
-7.15728
-4.61044
-6.3446
-6.25877
-2.49599
-1.19848
-4.8525
0.0762574
-3.62062
3.37978
-3.98446
2.69102
1.83732
-0.481731
-1.47257
-2.20562
0.948631
0.571626
-1.18801
5.20663
-5.10952
0.576499
6.03224
6.76125
3.50435
