8.83657
8.75142
13.84
3.51758
7.93387
6.61075
8.71432
5.03303
3.37387
4.63465
3.14944
-2.51473
-1.54947
1.20534
-3.76622
0.365132
-1.53128
11.2984
-5.47329
-2.41922
-3.4879
-3.81326
-12.3079
-5.57915
-8.2027
-4.29016
-11.0433
-9.97374
-10.5263
-9.71612
-6.30069
-7.19207
-9.87743
-15.3497
-11.7533
-15.6079
-13.6721
-16.1794
-12.7676
-15.8464
-12.7249
-16.3167
-16.6667
-12.1841
-11.8092
-8.94954
-13.0073
-15.7057
-18.4349
-19.6233
-14.8299
-11.533
-15.5036
-3.37083
24.3544
36.9073
35.4135
26.5299
20.1073
12.0506
8.33465
0.969564
10.545
19.2532
21.7515
26.9083
26.4133
32.5231
34.301
21.3404
11.604
0.182256
-3.31222
1.69365
4.80198
8.6496
2.05345
-4.59331
-2.76983
-4.36919
-6.53628
-6.16367
-10.4969
-8.67803
-8.24147
-10.1277
-6.22998
-5.98605
-4.9557
-4.52015
-8.26393
-5.04955
-2.85968
-3.0235
-5.56043
-0.990697
-1.60759
-1.64739
2.26962
0.749941
