5.3882
2.12557
11.3753
-3.36314
-4.52096
-3.63936
-5.08424
-7.33091
-7.00344
-4.40012
-3.94054
-5.86309
-7.51045
-6.4682
-6.51167
-5.49929
-1.02974
1.67573
-4.62391
-6.7901
-5.23861
0.637863
1.36285
0.420472
0.819316
0.550691
3.43758
2.78047
8.31538
9.6221
5.24345
14.7516
12.6606
6.64859
12.8085
12.8031
15.1739
21.6845
18.8509
22.0356
26.492
35.1377
38.0295
41.4035
47.8249
48.283
55.1045
48.829
14.1209
0.679965
-2.26839
-0.256048
-1.4647
4.97392
5.9137
9.04002
4.53601
6.49383
5.54525
7.36026
8.02013
2.78418
0.863498
-6.18683
-5.7202
-10.1498
-7.49143
-5.78846
-10.1354
-7.62716
-7.59124
-4.19291
-7.99817
-6.20375
-6.20838
-2.82395
-0.962952
-4.93238
-8.59346
-0.963891
-3.09446
-5.42827
-1.09427
-2.35345
3.89072
-2.55967
-3.49231
-1.79401
2.58728
2.50051
7.56644
-0.228238
2.15688
8.26334
1.67262
6.31842
2.93946
3.32664
6.13626
8.65089
