-35.2758
-22.2261
-12.5479
-16.3999
-24.5186
-22.1488
-14.2411
-18.5712
-8.06961
-16.2911
4.0097
-4.66077
7.72645
-6.06626
-4.34391
0.979977
-2.11968
15.7626
-0.0348325
11.4242
7.58715
4.9137
19.0552
13.9828
15.2498
18.7693
14.6905
15.2937
28.8004
18.5152
24.7986
40.6569
36.7979
19.9615
18.0354
17.4412
17.5059
19.5467
8.52054
9.82886
24.8202
14.924
16.7229
24.7598
27.4177
29.4629
22.3042
33.7967
18.4556
20.7796
24.1189
17.0812
16.4144
18.2544
24.3828
13.1813
3.2892
7.54434
16.8343
-4.6222
15.7349
38.9788
9.37918
6.25241
-1.15644
0.681536
4.918
-8.5499
-3.32762
2.03598
4.16351
-21.9888
-15.9776
-1.43377
-7.41008
2.68049
-10.4494
-13.3177
-26.1778
-16.5832
-36.86
-34.0642
-33.8496
-47.1759
-39.9169
-31.5885
-39.9886
-51.7007
-42.4312
-52.8185
-35.9065
-51.5172
-55.7687
-32.7214
-8.83762
23.3876
110.939
234.929
76.4895
53.5934
