5.7321
8.48352
6.35169
4.93471
1.21779
4.67648
5.29769
4.17859
0.00252153
1.87082
-2.5221
-1.09718
2.92459
-1.11636
-0.894948
-2.38162
5.13306
0.779415
-5.58729
-2.97511
-6.03831
-0.342421
-1.48517
-2.38297
-0.669712
-6.49546
-9.24063
-8.16163
-2.52076
-4.98367
-4.355
-3.22287
-10.029
-11.4687
-9.24763
-7.25867
-6.08452
-11.7434
-9.97628
-7.10671
-9.09297
-13.0977
-13.1818
-11.4392
-9.79205
-9.51667
-10.1575
-10.7666
-9.66168
-8.45344
-7.22174
-2.862
-0.342447
10.1598
28.5742
44.9083
51.3576
47.7696
42.0303
49.6359
44.6266
49.5178
48.6289
45.7374
32.4116
23.1062
13.5446
8.6649
-0.789152
-0.0260956
-7.02561
-10.3795
-7.04741
-5.72292
-1.36715
-4.38584
-9.41757
-9.225
-3.82382
-3.22234
-8.12098
-7.61336
-5.82263
-6.4359
-2.79306
-4.82558
-2.09627
-2.86913
-1.01429
0.343819
5.16606
-2.69347
2.28018
-0.611588
-2.26033
-1.24632
0.273768
0.391148
3.58531
-1.18916
