-49.4418
-45.6289
-36.0339
-39.4229
-34.5742
-25.9456
-19.3045
-17.395
-25.1958
-10.5944
-8.83944
-8.10018
-8.21718
-2.86552
-11.3446
-2.75556
15.4302
29.8434
13.5571
20.034
16.7763
20.5284
22.0772
23.6132
23.5871
26.4817
28.5588
38.957
27.2066
32.3826
44.0326
42.2012
35.508
41.3106
52.2467
37.2995
31.9145
37.9017
38.9991
37.989
42.6411
51.7497
42.861
54.4044
36.6828
45.2493
50.2742
44.4347
47.1017
41.7227
39.8549
57.7991
46.4883
34.8258
50.9302
25.6592
25.6177
18.6714
26.0622
20.7831
24.4856
34.959
18.6042
0.602044
12.5285
-2.84932
-2.47698
-16.9258
-8.19598
-10.3959
-15.7423
-29.783
-11.1651
-23.8157
-2.72758
-6.50604
-34.0551
-33.1038
-51.1497
-47.372
-46.0259
-41.9607
-49.0804
-60.2588
-48.241
-54.5841
-74.8405
-86.8421
-68.1297
-60.5134
-56.7778
-46.9651
-47.7703
-15.8082
31.2517
66.6901
66.7176
131.678
276.247
110.093
