-12.8302
-9.26017
-20.9159
-14.5507
-13.4563
-11.0903
-8.19341
-5.79699
-9.65022
-6.77058
8.49425
1.88907
1.35334
-4.53769
-12.072
-3.02155
32.8736
17.8027
7.32115
-0.0811688
9.77335
-0.965978
-0.663414
7.64158
8.72766
6.25209
6.15786
-0.681972
10.8219
13.1355
26.7502
20.713
7.41435
13.7206
4.5841
6.71401
1.64423
12.3327
4.00834
8.99966
13.045
18.9358
21.9782
0.709242
8.40007
20.0915
18.4654
4.93542
15.4609
22.1486
6.7859
9.24417
12.9124
2.55675
13.6651
1.59551
7.63667
6.0848
3.54023
-0.393545
8.0743
0.201911
2.06008
2.20849
-6.41751
-7.80599
4.94455
-5.17063
-9.5606
-7.30549
4.07059
-2.54151
-7.56717
3.44349
9.10297
20.025
16.8477
-0.408102
-18.7938
-12.3682
-16.1397
-16.7804
-32.1538
-12.6139
-22.0193
-35.4798
-24.6845
-40.5641
-17.1459
-30.5003
-11.0764
-28.2697
-36.0437
-26.695
-7.99482
19.9487
57.904
122.111
44.2091
32.8602
