4.48213
5.98374
7.06966
6.72793
7.92299
0.685157
5.07491
3.99073
2.19753
1.49885
-0.0756245
-0.505663
0.584353
2.57812
1.10981
-0.103059
3.13738
-3.25319
-4.26182
-2.92025
-6.79071
0.442882
-8.01981
0.439115
-1.34429
-5.57496
-7.52089
-6.36877
-8.09049
-5.97557
-4.31478
-5.75413
-8.26592
-13.47
-7.97558
-10.966
-9.35911
-9.00579
-11.3195
-11.2533
-12.077
-13.029
-9.95486
-12.252
-7.78508
-8.95964
-7.1097
-9.30683
-4.94354
-9.62042
-4.2937
-3.9859
-0.761847
11.3902
35.1732
48.6979
54.6492
47.959
50.0805
50.0586
47.0319
49.2152
54.2418
44.6305
29.1878
21.4911
7.77944
6.73157
1.05469
-5.13173
-3.64327
-4.17267
-4.93117
-9.82995
-7.09521
5.50822
-4.53265
-8.30057
-5.21662
0.452882
-3.60364
-5.87959
-1.72544
-8.73049
-2.70884
-3.30196
-1.64346
-0.589739
-3.67245
-2.14981
1.63422
0.0436565
-2.08001
-3.00115
-1.27082
-3.03422
-0.857159
0.460554
3.45113
-3.31584
