2.70162
3.87295
8.90936
0.808314
-2.18542
-0.287978
-1.26112
-0.633342
2.10779
2.81712
0.74717
2.37625
-2.09101
-4.07126
-1.01687
-2.1799
3.75896
-0.0632375
2.12026
-1.74567
-3.98152
2.6345
-0.0621756
2.77996
-3.51006
0.845024
-2.39245
-3.14555
0.905513
-0.436274
-1.60981
2.60373
-6.36568
-7.39785
-2.43365
-9.48541
-8.04439
-5.92664
-7.63154
-2.1414
-5.24586
-4.50877
-4.29745
-5.21838
-5.9486
-2.2318
2.76538
-6.28234
-5.10472
-1.73097
6.14145
2.5664
21.291
36.365
59.2421
72.4972
78.0735
80.5429
75.109
61.3361
56.195
40.9283
22.2063
13.3984
7.63146
6.69447
-1.66138
2.49415
-2.40081
-0.449304
-3.11824
-0.269525
-3.70066
-0.306719
-1.14723
9.3834
7.70984
-6.02058
2.65819
-4.83593
-1.70645
-7.1596
-2.01782
0.742954
2.84026
1.75535
0.299397
0.593373
3.51194
2.34917
5.25245
-1.1816
-5.03496
-1.28829
-2.46773
-3.496
-5.19602
-1.64137
0.883925
-2.91071
