-10.3563
-9.63781
-5.64774
-6.85422
-12.9077
-4.09763
-11.4479
-13.5225
-1.07917
4.17591
-4.92757
7.29924
5.93707
7.34691
-2.73661
-4.66178
13.0988
13.6835
4.08648
2.06703
5.61575
1.1082
6.87286
2.34578
1.39027
14.0033
0.141122
2.81326
4.90289
9.37426
-1.15243
0.469457
20.287
1.41662
-4.94508
-1.52439
13.6464
7.69829
12.7993
23.3234
25.8337
41.0235
49.44
59.795
67.4877
68.5942
61.3091
37.5086
30.5637
22.1233
15.73
16.6718
7.74722
20.3634
10.2013
10.8976
2.10379
5.45508
3.09181
3.35022
6.91559
10.7216
-4.33894
-0.441643
-0.669363
-1.88082
-6.37621
2.10772
0.868308
-0.891861
-4.98558
-10.8532
0.75533
-3.74844
4.40477
-1.4524
2.9987
-11.1739
-10.6744
-3.51307
-11.2708
-2.2351
-6.01189
-4.46854
-12.1995
-11.0337
-5.77338
-13.3068
-10.2061
-3.39748
-0.631199
-9.75211
-12.379
3.06532
-7.84319
2.02653
20.2394
16.5415
3.69622
20.0485
