-31.6028
-19.0688
8.9001
5.45516
-13.0567
-13.983
-5.57414
-4.03677
-6.65757
-6.88392
-1.861
4.07639
-4.23327
-2.12174
-1.53052
-7.58343
9.24288
24.8184
4.09411
18.9742
-3.51533
-1.99619
7.69002
2.09177
-3.13321
1.41877
4.16148
7.92612
5.9694
8.69321
8.70645
23.0252
26.762
8.51783
7.7814
12.4272
12.2276
-1.69705
1.56826
4.61232
15.1455
7.76362
4.61965
7.50537
5.71802
12.7807
21.3118
25.6594
11.1389
11.7682
4.47528
5.59547
7.98942
9.49129
4.14779
7.50942
-4.23194
3.65198
-5.31636
-3.23904
19.832
17.9301
4.97666
4.05689
-0.378481
-4.58615
-8.89234
-7.81441
-9.2694
1.69253
-5.76914
-10.7395
-3.96965
5.72271
-2.58197
25.6772
-4.91325
-5.94788
-13.1598
-2.01511
-14.3076
-13.4686
-20.3065
-23.8174
-15.7724
-12.3414
-23.7502
-24.0945
-21.5004
-14.4534
-19.4227
-7.92462
-23.3202
-17.5041
2.27294
-0.11702
32.6262
83.2616
55.7355
26.8515
