7.80171
1.88643
7.57513
0.15108
-1.41551
-0.317704
3.49738
-0.496189
0.550734
1.56263
-1.05074
1.148
-2.11052
-1.53558
-4.78973
-0.307973
11.797
10.1576
-5.63407
-1.51132
-7.76302
-2.53462
-2.05094
-4.26375
-0.026642
-4.78422
-3.31548
-7.92668
-7.10205
0.14765
-3.42416
2.23423
-3.12462
-2.13915
-8.38534
-8.11994
-4.69251
0.346319
-0.0568838
2.75518
10.9982
19.0424
26.0349
40.6476
42.3425
47.9487
61.8246
65.709
63.9453
52.5325
33.5612
22.3397
16.9509
15.355
17.5691
7.11697
4.43981
1.23548
-4.39459
0.438734
9.02383
18.6123
12.4407
10.2275
18.1575
18.7965
15.1367
14.3054
9.28553
11.9347
1.5308
-1.58367
-4.3351
-3.98006
-8.29686
13.0722
0.593853
-1.19429
-6.48899
-6.15718
-10.9267
-7.01714
-7.72174
-9.9049
-4.97047
-9.73724
-7.31831
-10.0838
-5.92149
-0.702482
5.873
-2.62718
-7.91918
-7.22132
-0.509795
-2.31146
-4.10489
16.9261
19.6761
2.5006
