16.0764
10.9087
12.6803
7.38277
6.60002
8.93224
8.98245
4.50681
3.61733
2.3315
5.2563
-1.263
-4.02
-2.8768
-1.22715
-3.40576
-4.88051
2.84532
-5.89123
-6.76599
-6.06662
-2.89482
-6.06441
-9.72875
-7.49209
-7.97391
-10.1991
-11.3737
-7.05837
-7.69479
-6.94829
-7.42206
-9.96429
-16.932
-12.515
-14.4973
-15.4041
-20.8439
-12.0525
-13.0231
-17.4736
-17.1682
-17.5898
-14.7236
-13.0425
-14.5193
-11.7855
-12.9693
-15.8412
-20.1653
-13.0055
-8.84767
-10.8243
-0.869753
30.2047
43.8472
39.2491
41.4078
33.9358
30.4571
26.5114
28.881
46.8299
50.6737
53.6672
37.2211
24.8017
15.7034
12.478
3.43584
-1.1671
0.282862
-6.60336
-3.21766
-7.84196
1.59207
-2.61834
-3.96681
-8.63596
-10.8425
-6.56561
-7.64255
-8.84845
-7.78069
-7.81079
-7.04046
-4.14864
-6.76354
-4.78411
-0.464586
-6.07755
-6.33085
-1.31767
0.630707
-0.550893
-4.46739
-3.22154
0.530197
5.95315
-2.97456
