1.63987
-6.38892
1.7967
1.31115
2.27423
1.01913
2.58433
-2.0747
-3.19341
-13.4345
-5.52378
1.51887
0.855354
-2.81476
-5.24999
-4.58514
5.12487
4.53689
-1.18622
4.57401
0.0409032
2.73194
-1.52222
-0.103087
3.82611
-3.99671
0.780871
-0.397589
-2.79071
0.414812
1.65503
-0.6693
7.7761
2.7826
9.41376
3.70304
8.68823
11.3277
17.4681
24.3603
38.7691
47.5999
57.6593
54.7456
55.5118
57.8644
59.3072
27.6986
21.0132
13.5396
21.8795
9.03835
6.94508
-4.74688
5.33543
4.23836
-0.123444
-0.0139335
-4.53315
-10.0321
1.28023
-1.91001
-8.21467
-3.37266
-3.36339
-4.69683
-8.54508
-0.608368
-2.94852
-6.39813
-5.52981
-6.64165
-4.76148
-0.867561
-2.34353
14.7475
14.5575
-5.10736
-3.30502
2.44821
-4.62197
-2.74131
-5.65248
-2.57324
-3.82416
3.79497
1.81637
1.85108
1.97138
2.96972
4.12569
-3.33061
-4.19154
3.06688
2.42182
-4.46891
3.33623
0.251474
7.23901
1.42382
