-14.0981
-5.64147
14.0312
-1.58755
3.19483
0.908491
5.33464
2.82
-6.65687
-3.46942
-8.31964
3.72485
-6.6892
8.93286
-6.93452
-4.27747
7.79668
1.32575
-1.88499
2.29369
5.15778
4.5764
-11.6223
9.08209
2.29441
3.28893
2.27682
2.15005
2.97633
-1.77088
-3.91907
2.73759
11.5922
1.08794
4.40342
-2.93853
-7.23533
-5.46768
-10.545
-6.55244
-1.85567
12.7668
3.98509
17.2681
21.3843
20.8721
21.1659
12.1641
13.4131
8.31986
5.83049
14.5074
10.8127
8.0343
9.42013
18.1854
4.75085
1.13063
8.79526
7.02688
4.473
12.3882
0.970005
-4.61911
-0.467152
4.04643
-3.37338
-1.17068
-2.98182
-0.750126
-2.20448
4.07673
-2.8305
-6.36756
4.31577
7.72476
13.5945
-4.09504
-4.20443
-5.0408
-0.55364
-3.22601
-10.0261
-1.11084
2.81583
-1.6651
-1.54819
-6.7396
2.68854
1.74106
11.6481
-2.67669
-2.88863
1.97188
1.99675
0.472543
1.72006
1.5058
2.66676
-4.29922
