9.6561
7.35094
7.77849
13.6537
5.75867
-0.486905
5.25506
-2.57926
2.722
2.0679
1.49768
7.46028
-1.13255
1.32051
-1.07105
0.27728
1.44014
-4.53827
-8.96832
-0.632097
-3.11034
-5.35355
0.580577
-1.52513
-5.19722
-4.10466
-7.03755
-9.1444
-8.06354
-5.64279
-11.2495
-3.41624
-10.1618
-10.4962
-11.0533
-17.2207
-13.8527
-19.4347
-15.3455
-14.9219
-14.7774
-17.3396
-13.8534
-15.5141
-16.2306
-12.0058
-11.6326
-15.7136
-11.4207
-14.102
-10.9779
-6.52762
-6.82988
8.82623
27.327
49.3572
54.6511
47.338
33.6
36.4008
33.7907
43.3228
48.6508
52.8702
41.9193
30.2591
21.452
20.02
9.90794
-1.57653
0.838945
-6.50385
-9.03798
-7.74426
-12.0687
-3.95974
-11.5261
-11.3657
-10.5402
-4.18736
-9.27748
-10.0246
-8.27145
-3.304
-3.10938
-5.18903
2.05222
2.63532
3.04344
-1.34409
-5.81955
-0.23778
-5.2718
-1.33364
-0.156872
1.11297
-1.62456
-0.395851
-4.22536
2.46759
