-1.81586
0.888209
27.448
0.93995
-0.753304
-0.83788
-6.84609
-2.64257
-5.13658
2.08453
-4.74982
4.62797
-6.85423
-0.683559
-9.34457
-1.53855
13.2563
15.6775
7.96724
-4.36472
-8.23702
-7.94859
-6.97808
4.6743
-0.906011
-8.62735
-1.53757
1.1995
-2.1114
-2.88963
-7.96957
9.05992
3.45233
-7.1337
-5.70414
0.284034
-5.43917
2.95353
4.89429
10.708
13.7538
21.322
27.0934
30.9591
30.8954
31.3367
46.135
33.3141
27.2725
33.2869
32.724
30.1804
23.6753
14.436
10.2249
3.47856
-0.00361323
3.69914
-4.54723
-4.12076
18.016
3.88597
-1.26732
5.75091
-2.34571
0.107323
-1.13932
2.75322
-0.125626
-1.38416
-10.5897
5.13977
-0.270514
-0.138885
-1.28858
15.2932
8.18395
4.95391
1.95617
12.6188
3.73348
2.46003
-1.9864
-2.99525
1.60895
0.620209
0.679458
-5.27621
1.16187
1.84941
-2.93783
0.820392
-1.4808
3.40615
-2.75814
-5.11958
-5.76683
-3.09861
-5.78563
-0.365714
