-2.9149
-1.47178
1.91261
-6.46957
7.45741
-3.25165
-3.27849
-11.0714
-0.391931
-3.49992
-2.41286
-1.79652
0.83484
-0.762387
-5.90744
-5.43862
5.21092
5.39839
0.312726
1.19321
-2.1841
8.15039
-5.02839
0.0442439
1.33099
-3.50258
2.75792
-1.28692
-1.80259
4.19562
5.95866
6.23411
8.84666
8.25496
4.43793
7.41227
10.1303
15.9998
15.6893
31.3527
33.844
52.335
54.5285
47.1834
46.6063
47.4785
55.6194
36.445
20.1335
8.54403
9.94338
4.10017
15.7137
14.675
11.8571
4.15916
1.5026
-1.72927
1.55276
-5.82054
-2.98712
-4.8678
-7.28827
-6.47596
-9.15577
-7.35097
-7.11273
-4.17408
-0.414373
-7.53525
-6.539
-9.47496
-3.7187
-6.81803
-3.48106
14.3212
15.8202
-2.21022
-4.00729
-3.86276
-9.8372
-7.12122
-1.28969
-2.40084
-0.0959756
-2.30309
-0.837217
-2.38364
4.56843
1.97753
9.47219
11.7025
-5.21707
0.630682
-1.57064
5.14861
3.26718
3.01193
9.48626
-1.4988
