-142.539
-122.19
-108.031
-97.8206
-87.4133
-79.0919
-67.543
-55.6656
-28.8118
-41.2466
-28.4386
-15.6722
-14.4599
3.58314
5.09896
14.1712
25.7614
43.2276
41.6756
42.2878
54.8832
56.5561
61.5448
62.3008
66.5157
72.2526
79.9844
86.6852
86.9836
104.669
94.5031
111.792
112.179
97.7424
93.7088
89.0563
98.4493
102.756
103.941
121.347
116.302
111.653
103.567
111.107
119.879
102.482
119.859
108.46
97.6958
97.836
97.8193
94.8933
81.2311
75.9278
81.907
75.7051
63.0711
67.6365
46.9239
43.213
43.5661
85.1231
30.0553
43.3009
11.6744
12.5743
-4.19131
4.86722
-17.9364
-15.5367
-23.1483
-36.3504
-37.9823
-53.2618
-46.6937
-54.5069
-51.5666
-72.0447
-111.841
-116.859
-127.243
-135.257
-136.715
-158.996
-165.033
-187.135
-202.366
-193.232
-208.892
-225.957
-182.46
-199.834
-230.867
-138.836
-6.66211
59.4146
260.889
1328.61
378.222
157.4
