7.16782
6.17032
13.6597
10.2078
8.56298
8.64208
3.69873
1.12772
4.03386
4.59094
1.6506
1.38207
4.35149
-0.273132
-2.76191
6.83969
-2.48978
6.23258
-8.09693
-1.96287
-5.01208
-2.41675
-4.9053
-6.87512
-11.6817
-3.32659
-10.8844
-12.6452
-5.8194
-8.06367
-17.6665
-10.9383
-12.2157
-13.3224
-13.2595
-15.4803
-11.7305
-14.3955
-12.9538
-17.4442
-17.2202
-16.3049
-15.1646
-10.8156
-20.2767
-11.2203
-13.7368
-16.2049
-14.9653
-10.848
-7.18789
-8.23278
2.73308
32.4343
52.427
41.793
31.3696
13.2202
7.90532
3.29967
6.93973
5.59567
12.6817
13.9504
23.2111
32.6105
30.2699
26.592
26.3278
23.0897
13.2564
4.2421
-1.25629
-0.857753
-5.84398
7.96746
1.34843
3.00536
-2.0781
-1.71606
-5.16105
-7.28154
-8.20623
-6.38347
-12.1911
-9.52286
-4.00145
-5.92047
-5.27537
-3.73117
0.0429808
-7.1813
-1.95655
0.427439
-9.36972
-4.03866
-2.2783
-2.51707
-3.42506
0.985898
