-20.4227
-12.6027
4.72156
-8.45001
-0.712154
-3.60731
-5.00916
-5.5931
-4.91334
-10.8633
-5.70364
15.2413
6.66846
17.3777
2.31515
-10.4035
9.7243
10.7331
2.35155
10.8256
10.1859
2.6419
-0.837779
-8.99441
-4.13318
8.79235
-4.1184
1.37029
-3.06763
9.97785
24.631
7.23814
13.0032
0.51168
-0.389713
-10.6101
2.28129
-0.0423347
-9.36739
0.47844
-4.51426
5.04259
-9.01932
5.60526
9.76777
6.91454
22.159
1.4281
-11.5443
-0.149107
-0.454279
3.47272
-5.21214
7.03485
-7.48944
14.9954
-5.93023
4.33465
10.6011
0.417805
12.5731
19.0788
-6.70262
4.01818
-3.03592
-10.3462
-7.70418
12.7574
3.83317
-7.419
-9.28877
-17.6525
-7.7868
-6.04328
9.7182
8.78784
7.86093
-7.01723
-1.95405
-9.52768
-5.82908
-0.632422
-12.2115
-14.5127
-5.62411
-3.0813
-1.39609
1.40197
4.01636
-9.49852
-1.1011
-5.03075
-3.27902
8.47273
11.2643
-13.0034
14.2883
9.09581
18.7413
5.39939
