7.06201
5.63475
7.48698
1.82256
6.40886
1.8379
3.66894
2.65423
4.54958
-0.752855
2.23116
-0.968461
-0.598979
-2.58119
-0.715025
0.181485
8.7354
10.9427
-2.85188
-0.0990542
-7.2877
-3.1067
-6.14765
-3.29252
-3.74675
-8.00965
-7.8272
-7.12402
-9.35635
-6.19505
-6.08845
-1.46038
1.72639
-11.0715
-12.3981
-7.14641
-12.654
-12.2357
-15.0551
-9.83876
-7.93569
-11.518
-13.0505
-6.59195
-13.0968
-1.665
11.4688
15.4414
40.1565
65.8909
73.3896
68.6133
63.7078
61.5242
50.073
33.6181
18.7025
16.6588
14.371
9.73164
24.5765
23.7976
21.8702
10.248
3.98811
7.85157
6.55973
12.825
14.7271
20.3883
10.2625
11.2152
8.29106
3.55497
3.01501
35.451
1.6577
-6.21786
-5.39408
-4.85034
-7.82679
-12.38
-5.74759
-9.97136
-4.74673
-8.21327
-2.47844
-3.64776
-6.82185
-6.03708
1.65045
-10.9881
-6.12737
-7.65153
-3.64873
-6.4586
-2.43116
10.149
5.66148
2.53835
