11.8238
9.81854
19.7997
4.69828
5.52164
4.44196
3.91789
3.59398
5.44973
0.406378
2.36224
-3.83875
3.45114
1.48802
-3.85994
1.99541
1.48195
3.26716
-3.0276
-4.40688
-6.60884
-4.59739
-6.66337
-3.1136
-8.86167
-8.59794
-10.0963
-10.3494
-9.91826
-6.69444
-11.3835
-10.2568
-10.0954
-10.7688
-12.4185
-15.7877
-14.4203
-11.1034
-12.6377
-16.6163
-14.7329
-12.7973
-17.199
-13.3933
-14.1759
-9.13087
-9.29136
-11.3914
-11.3806
0.452708
7.59507
33.7963
48.1412
42.9171
43.8301
39.2493
30.551
19.5309
18.3607
14.3226
13.849
15.5296
20.407
20.3718
14.8824
9.77419
14.7176
15.5903
16.8904
27.0672
17.5033
13.3228
9.68942
5.38746
5.67826
20.3301
6.30676
-7.06758
-3.76409
1.49891
-7.33519
-4.03357
-7.36663
-2.3869
-10.8411
-14.5559
-9.31835
-7.44402
-1.2553
-3.83716
-3.16232
-5.52131
-1.53184
-8.43465
-3.91138
-5.16304
-3.99641
-0.709334
-2.72054
-0.960749
