5.06135
-4.20851
14.5704
-0.912476
-11.2816
-2.77993
-3.17888
-6.92769
-3.51432
-10.9843
-7.92628
-8.63002
-2.5132
-8.02516
-4.86828
7.48482
7.44032
12.0132
-4.25819
-1.18654
3.70812
1.2382
8.16729
8.71247
8.45567
2.6751
2.73247
-0.261901
0.478963
1.1473
7.37674
13.2032
8.78289
-2.32095
1.47059
-6.1872
7.65615
-7.04047
2.66925
15.6734
-1.04855
-7.70357
-4.70186
1.25499
14.8694
16.661
33.7763
43.0213
48.9456
63.2174
72.2813
89.0204
76.9504
83.2052
47.5696
28.082
18.7841
11.5728
8.47109
-0.4991
33.2251
23.6354
-3.40705
-5.74337
-3.87556
2.91759
-4.75466
-16.3806
-8.46433
-5.79333
1.02337
-6.57841
-6.45798
-7.73689
3.98035
48.7474
21.9621
-1.99082
-4.00478
-0.721744
-7.14411
-11.8755
-11.3504
-1.06407
-9.01787
-6.426
-1.38568
-6.65845
-6.96076
5.77519
21.6161
-11.5116
-14.1462
-8.09413
-8.71316
11.1878
12.1723
16.3697
-1.14764
-4.85289
