-0.549734
2.34536
12.7521
5.73583
-4.85753
-3.55008
3.84272
6.60934
-1.86498
-8.5535
-7.53411
-5.49742
2.41684
-5.01162
-1.8377
-4.73645
8.97354
11.4648
0.443285
8.52209
1.26732
-7.31393
-5.78271
0.7539
-9.29214
-3.368
-2.97029
-3.82011
0.0861622
-1.59558
-7.86777
4.69604
3.80495
2.68861
-2.75198
-11.0009
5.10224
1.27222
0.337101
-7.46665
-1.14978
5.2
1.53559
8.64531
6.61577
12.4403
12.0965
11.5349
-1.13954
3.16055
2.44237
0.581279
-3.12803
9.69993
6.30883
7.14945
11.3751
8.11955
5.53209
1.19932
12.6045
19.5103
7.54066
10.3517
2.63637
5.19652
-0.464461
3.81863
-1.22763
13.7759
5.42008
-1.30702
-1.5914
-5.90823
13.3782
14.6519
13.539
0.0648309
-3.43841
-0.310141
-2.65789
-5.51228
-5.07839
-5.73042
-19.5779
-15.0268
-11.243
-4.84702
-5.1207
-4.7677
1.87446
-6.30131
-11.017
-8.81706
-4.19035
-2.4532
11.1055
27.2896
12.3338
0.809243
