-1.25982
-6.78761
4.55622
3.0004
-4.74964
0.362068
-5.22215
-0.294849
-4.97846
-4.09623
-3.54802
0.317707
2.36309
0.0975275
-1.13559
-8.20425
0.627372
5.27235
0.653431
0.221927
3.92262
0.0180889
1.45405
6.95952
-2.08763
-2.14507
-1.45913
-6.13077
-1.61206
4.61744
-0.45384
15.1677
10.1484
-1.50496
4.92079
0.277789
9.59348
12.1588
12.4667
23.8455
34.9488
54.9575
56.6308
48.9888
48.463
55.4122
64.5278
29.0105
15.4681
14.8519
12.4223
11.013
10.5353
6.39819
6.28189
7.36616
-2.38192
-1.77381
-1.66524
-2.73231
-0.522998
4.77783
-3.7653
-1.50664
-7.90321
-3.78062
-6.48172
-0.855981
-1.0663
-4.68065
-1.46371
-6.85049
-5.77555
-4.21075
-7.36154
7.76698
1.02289
-4.97403
-2.70507
2.77577
-6.63319
-2.29634
-4.18088
1.21205
-1.39036
-1.35311
2.0676
-1.00213
5.44395
1.48483
10.8239
1.29855
1.43065
0.826684
1.34326
-2.4239
4.20959
6.28972
3.90781
-3.0365
