-9.70737
-3.87013
30.9792
-9.20862
-14.0578
-3.30445
-3.64987
-4.57837
-5.78221
-13.3686
-2.21566
-0.719114
1.65616
0.221522
-8.90699
-5.28509
28.1639
25.4497
-9.06341
-2.91096
-3.27754
0.395893
1.32489
4.50152
4.04752
0.714458
-1.55785
-6.51419
6.41577
4.23367
9.05333
17.4677
4.11526
-5.26384
-9.01089
-0.34702
-2.75118
7.24424
-6.58615
2.70721
-2.18583
9.10695
2.42998
1.2205
21.5202
28.6871
46.312
9.3853
10.4144
17.7242
12.9125
8.7718
16.4186
14.8652
9.62805
11.058
5.7637
0.180199
-1.26239
1.32158
38.0117
34.3715
-3.81096
4.207
-2.05118
-1.93607
-2.67557
9.1398
-0.382548
-10.2583
-10.228
-10.1398
-1.31891
-9.2585
-2.82815
64.1454
14.8907
-15.4286
-16.1458
5.14186
-8.62488
-11.2831
-8.57303
-9.12771
-8.90591
-5.9979
-1.97882
-3.55518
-8.81952
-2.39754
30.8404
-10.0791
-12.0571
5.58833
-8.05189
-2.98707
-11.989
0.861267
-13.6913
-16.8602
