11.2098
9.66965
13.4461
6.04342
3.69906
6.96171
6.3603
2.8886
3.64863
4.40422
5.68668
0.884385
0.753623
1.5485
-2.03887
1.50465
-1.60226
6.47385
-4.31448
-0.196378
-6.70046
-6.11392
-5.41277
-4.33741
-5.53601
-7.44637
-9.69382
-15.4996
-12.1181
-11.3622
-13.2315
-8.54779
-10.8196
-15.3046
-12.5352
-13.3654
-16.1557
-14.2959
-17.4667
-14.1374
-15.9925
-14.0169
-15.4984
-16.4071
-15.7729
-10.0946
-10.5252
-14.4071
-14.447
-12.5835
-11.2489
-8.20657
4.78356
25.2217
41.5481
37.0706
40.5685
26.97
10.4858
2.30136
4.29353
5.65026
15.7105
20.652
25.1028
33.2335
33.5693
25.7334
22.0741
20.1121
9.29756
3.48114
-1.308
-0.910615
-5.53371
5.00545
5.33764
5.05142
-4.71941
-1.52269
-6.49596
-6.71713
-8.46008
-5.23065
-4.08065
-7.48421
-7.06619
-10.5998
-4.68773
-6.09882
0.819049
-6.97273
-5.13323
-1.10153
-6.60695
-5.23679
-4.09898
-3.12459
-0.376366
2.89032
