4.30479
-1.47303
2.70518
6.59098
-6.74396
-10.6699
-0.564759
-1.2229
-7.80565
1.39894
0.0564572
-10.7961
-2.76781
-1.5141
-2.43748
-3.64509
15.405
12.4537
12.5424
4.74201
2.629
3.27463
-3.38266
11.7309
-0.0385005
0.606418
-3.48773
1.56661
-0.325507
-1.43981
0.470315
-0.936359
0.644859
-6.02613
-1.37127
-2.41046
-7.68557
-3.96272
-2.66273
12.6484
8.44096
9.13214
17.1262
15.0871
20.6942
18.37
20.9124
22.7534
19.7324
25.4729
22.0759
21.2948
7.48642
24.3758
2.42278
6.7599
3.27169
0.457308
4.28423
-14.4322
9.38396
22.7095
-6.48555
2.81079
-0.407578
-4.46512
1.71126
-0.331157
-0.352396
-1.10094
2.52384
-6.62847
-6.01752
-6.39228
1.55687
4.87052
5.38851
-6.26968
-0.344628
16.9507
4.3053
0.0397168
1.52712
-4.09347
-3.29418
2.11179
11.1804
-2.91047
5.01405
0.422947
5.06776
2.79087
-8.7559
7.66744
-4.11715
-2.96482
-8.20059
0.775043
1.50969
-6.06636
