5.83549
5.31403
12.1424
1.05941
0.638241
1.38411
-0.43093
4.34715
0.679256
2.73449
2.59603
-1.22182
-3.39506
2.27489
-4.69011
-2.90857
-0.69637
6.2499
-5.49225
-4.44681
-1.42917
-4.18109
-4.16216
-2.35259
-4.95087
-4.69213
-4.62485
-8.71716
-8.75548
-4.98329
-1.84438
1.18522
1.71523
-8.89678
-6.53033
-6.50846
-1.90708
3.93226
8.44596
13.9173
18.3234
32.3588
37.8746
41.5718
39.1792
48.8643
50.7061
61.2877
64.7835
45.1435
27.534
17.2519
16.2622
14.0388
13.1192
7.78019
1.10159
-7.27967
-1.56
1.34371
4.41587
3.16763
17.2716
16.0689
15.7662
12.4787
12.3265
13.4268
6.13411
14.4808
0.753255
1.40926
-1.83102
-4.36644
-6.26135
12.4545
-4.4831
-6.50762
-2.40404
-4.91182
-5.87714
-6.88701
-0.787168
-10.4406
-4.40059
-8.84763
-8.4661
-5.87372
-3.50469
-2.85881
-2.32146
-4.62647
-4.53207
-6.09861
1.42102
-1.87331
0.137048
18.8206
5.98653
1.76494
