-18.828
-12.2344
-11.6038
-10.3228
-5.36241
1.19108
-7.75154
-14.2108
-1.21646
-3.63304
2.41922
4.4271
3.84524
6.90952
-1.18044
0.704684
13.2185
3.09431
6.75913
20.1515
6.25635
5.97764
-4.66373
11.3125
1.18209
0.408509
3.29554
1.18673
-0.676556
-4.37844
3.51374
18.9467
10.9185
8.17728
6.73217
10.0779
12.0927
-6.37135
6.60881
8.6085
10.492
9.01694
5.78176
4.06759
10.9343
33.9128
7.34207
5.9213
18.7081
14.5054
2.67491
8.0966
1.54579
6.96503
11.393
4.40132
6.43568
-1.00852
2.19218
3.68197
2.72203
3.11329
12.5159
1.85504
-2.97902
-9.72219
-2.61231
-2.51024
-3.76756
6.16718
-1.96958
-1.44582
-11.4996
-12.7798
0.570203
9.85199
-13.9831
-1.45741
-11.3776
-7.92151
-5.00507
-12.4979
-14.9957
-19.5318
-7.19626
-7.50442
-15.1731
-17.8378
-11.4465
-0.935556
-11.9934
-4.17315
-10.9547
-1.37845
6.5156
4.75504
18.8381
39.5289
37.7449
19.4286
