-10.6408
-9.5204
30.5976
1.84377
-7.08425
1.45104
-3.96325
-9.75041
-0.905113
5.90179
3.89561
10.7149
7.42608
1.73076
4.62019
0.163025
-3.23118
46.1548
-7.17519
-13.5053
2.13774
2.50534
-8.06109
-5.01358
-1.44437
-0.737771
-13.6415
-6.76142
-12.7513
-7.67873
-2.50318
15.7007
21.2559
-17.4702
-7.92928
-15.4098
-12.5401
-16.847
-10.749
-10.1981
-10.2304
-5.59365
-10.2969
-4.42346
-3.33222
-0.526329
1.80634
1.39924
-5.76112
-7.65725
1.17003
-15.4071
-5.35299
-7.94927
-16.6047
2.41609
-1.97622
-9.60773
-7.23178
1.45172
5.10841
44.9009
-10.7562
12.6607
-3.77082
-7.70945
-6.73625
6.22991
3.923
1.18999
10.0421
1.04502
0.356816
-4.37935
12.1705
73.0172
23.4402
-9.56603
-0.965508
5.16693
-4.79067
-11.7086
-0.370109
-17.2165
1.82261
-6.98694
-0.491198
-3.82754
-6.20912
-10.2345
27.0553
-3.6012
-5.52056
-5.01373
0.972941
-8.34993
-2.46163
-2.87424
-3.2757
-7.33466
