-1.06589
-2.74486
3.49815
-2.5356
-0.64103
-5.28779
0.927685
-2.15317
-5.34163
-0.515269
-5.1594
-0.502938
1.10067
-0.789131
-3.47482
3.23221
6.87083
3.70619
2.87685
0.923864
1.80919
0.897269
-4.34183
4.10957
-0.854397
-0.729724
1.08875
-1.90677
-0.361423
6.1655
-0.800771
13.1331
7.16335
-1.24571
1.03483
0.123925
0.00351783
-1.04573
-6.02637
-0.907651
0.437537
0.840795
-0.125216
5.97138
5.48859
8.45871
5.7911
8.4135
6.91455
21.1988
41.8395
73.2708
88.4629
99.6805
95.8183
72.1669
43.0369
16.6812
13.4915
14.7876
21.4719
12.7859
-0.00859445
-2.25211
2.87083
-6.78694
1.96302
-0.693827
-6.79385
-5.01982
-1.31322
-1.56867
-5.47497
-4.18872
5.61475
13.6926
4.75559
-3.4406
-5.36602
0.632477
-4.23661
-2.86839
-4.44006
-2.41886
-0.0312942
-1.35867
2.64924
0.108347
-9.89228
0.71545
13.2327
-5.94304
-4.63548
-1.19607
-0.235752
-4.93966
6.90612
8.80734
8.25775
0.230079
