0.241606
-6.81808
26.4792
-5.97701
-1.13004
-0.409136
-1.03828
-1.1256
0.162936
-2.00118
-0.318004
-1.13336
2.36701
-0.812986
-1.54314
-2.06817
7.10597
6.66307
-2.02754
-9.6962
4.12421
4.38166
-1.73266
0.082611
2.28326
-2.26135
-5.50904
-4.02986
-12.0844
-6.97065
0.740317
7.56502
12.5562
-1.81672
2.28625
-4.84305
-5.22222
-6.27629
-2.59497
-3.39597
-2.0932
-7.33796
-0.0448849
-0.729609
-1.1116
12.7312
39.1915
7.77834
1.69182
17.8852
4.26281
0.5689
-3.62181
4.47414
4.19327
7.38268
5.38365
2.96604
-4.11855
-2.72473
20.8962
21.314
1.74939
-5.72511
-1.91485
-1.88998
-3.46165
-4.71709
-14.4194
-3.56995
-5.27457
-10.2348
-6.00464
-7.14857
-9.21015
103.103
41.8602
-8.38638
0.544093
-1.67159
-4.57108
-7.07708
-9.45475
-5.17194
-2.21788
-8.12935
-8.02887
-4.65222
-2.35481
-6.82803
42.1206
0.252832
-8.74599
-1.88722
-8.32834
0.730216
-4.06583
-9.66521
4.8686
-8.04228
