2.81596
0.754175
10.0467
-0.203258
3.56244
8.33067
0.576576
4.99421
2.39254
0.492758
-0.774755
4.27196
-1.70279
-6.11433
2.49727
0.0819784
4.31281
0.194543
-5.91999
-2.45754
-7.46459
1.35042
2.51677
3.48267
-5.5247
2.40439
-4.71799
-2.33501
-1.66694
-6.38134
-4.17067
-2.79958
-5.7845
-11.14
-9.9206
-8.43317
-12.2251
-15.138
-8.82748
-9.07159
-8.08168
-11.3751
-6.04013
-10.8846
-8.51727
-4.25097
-1.63683
-10.8124
-6.74028
-2.5632
-7.14295
-4.17937
0.337185
24.312
39.6808
54.9375
53.1133
57.1863
51.2237
57.0487
51.8446
48.3849
46.1641
31.2141
18.8941
15.2747
7.70659
-0.170095
0.190513
1.66482
-1.25831
-6.06631
-7.53415
-6.17455
-5.83894
1.48647
-0.0226348
-3.30914
0.9491
-3.37876
-9.04175
-1.99864
2.42822
-0.999729
-4.59896
3.36013
2.78886
-3.2446
-6.26961
-2.99272
7.2997
-4.32331
3.92013
2.30074
-2.37724
-0.95556
-4.85837
-5.26896
1.46205
-3.89698
