5.2453
3.80886
2.03017
1.36932
-2.55613
-5.86649
-4.31845
0.0736081
-4.05047
-5.00436
-2.58161
2.01795
-8.10289
-6.86899
-5.81547
-6.47833
3.28977
4.95595
-8.68469
-4.19163
-9.24408
-10.7732
-11.0384
-4.41674
-2.38008
-3.45925
1.50105
4.00711
9.45488
11.1298
13.094
7.96706
11.0562
15.2998
10.2419
14.6989
19.3496
20.2385
25.5828
28.0814
30.3965
34.4827
36.6491
40.7544
41.5604
42.5299
50.0138
39.3263
20.279
-4.02999
-1.41902
-3.84036
-1.8488
-0.816366
5.98721
0.0132034
2.64939
2.4438
-0.643939
2.75139
10.8078
14.9999
5.00217
-1.30597
-5.55263
-7.21163
-4.21285
-7.41911
-12.4773
-4.93856
-9.22416
-5.29384
-11.4764
-9.33268
-9.3878
6.1449
-3.34583
-2.39204
-4.97334
-5.12257
-1.01059
-5.51395
-4.97918
-5.49038
0.87744
-1.05877
3.41249
-0.908053
1.80387
-0.790904
12.1953
2.38488
-3.47952
-1.84537
2.57107
6.788
2.46657
8.31115
6.7561
10.3437
