-0.0878345
-2.15586
9.48981
-5.67536
-3.3072
-11.5159
-0.810839
-8.7233
-5.01145
-11.1854
-1.32201
4.00899
-8.1042
-10.9553
-6.33441
-8.20371
6.72906
17.4875
8.78208
1.05034
-3.3016
-5.74271
2.44247
-0.248512
6.82517
-0.554918
5.0878
9.68308
7.49022
12.8629
11.2256
29.6388
23.5147
4.56922
-2.18316
-1.80858
-3.50513
-7.23269
-5.91772
-13.9908
-0.0998345
-8.81686
-9.95546
-1.80356
-3.46782
-4.59858
23.2803
-3.13586
-2.28598
-3.15496
-4.37207
-2.5346
-10.9263
-12.5982
-5.07103
-16.1814
-14.7174
-10.4715
-17.8042
-10.0073
-6.02721
7.15716
-17.7621
-9.24775
-9.42933
-13.1951
-12.5109
-10.2327
-15.004
-7.25963
-18.623
-10.5944
-10.0862
-10.5967
-2.13705
62.2455
24.811
-8.52424
-12.8563
-0.558669
4.35749
-0.63384
3.85431
1.34418
6.08127
-8.45523
6.66046
-1.11256
-2.56874
-3.26728
21.4034
-2.55637
-8.19225
-6.50358
-7.85078
7.57917
5.68235
8.43871
8.01556
-5.94875
