12.1545
8.54154
9.2442
7.40478
4.4193
4.32493
5.87521
2.22816
3.21727
1.19036
2.14882
2.29548
0.97403
0.980914
-1.82447
-3.47704
4.15339
14.8182
-4.00617
-2.53858
-6.73407
-4.94892
-7.24301
-8.19938
-8.44922
-7.34071
-10.366
-9.6828
-5.07255
-7.07169
-11.0768
-6.82309
-7.41085
-12.8542
-12.7362
-15.0714
-14.6597
-12.5384
-15.0829
-17.9438
-15.5727
-15.086
-16.4835
-16.7497
-20.7348
-11.9921
-7.53353
-16.108
-19.5031
-15.8076
-9.26936
-13.6096
-11.011
2.66775
28.3992
33.4221
33.6119
33.546
26.1232
12.6944
1.9987
2.5824
11.6008
11.1466
16.194
20.1611
22.9469
23.1704
25.9273
28.1942
14.4974
8.48604
0.92129
0.870858
2.59752
8.76121
-3.09725
2.02196
-1.4738
1.45461
-7.54036
-6.9665
-4.49285
-7.34166
-5.17372
-12.6971
-5.01172
-10.294
-6.50233
-6.36168
13.2684
-4.22771
-8.88015
-8.25295
-4.29085
-5.00852
-5.37142
-4.59194
-0.286309
4.18795
