-9.66013
-10.9207
-0.447826
-9.89475
-16.3864
-4.22375
-6.40164
-9.12734
-2.83763
-9.0429
-4.23756
7.60875
-2.20618
-10.5218
-7.27008
1.56195
6.57774
38.4828
-4.2726
13.2255
6.36911
3.84829
3.68982
7.95239
-1.40447
8.4569
5.34266
-0.764203
2.5041
-6.69808
15.319
17.9253
16.4688
8.72663
4.36825
5.71911
6.51588
2.2756
2.02376
12.1911
15.2487
8.27191
0.19216
8.48697
8.06941
17.02
21.4705
15.843
5.12462
24.7706
4.95362
5.60856
11.4606
10.1159
12.2668
6.92668
5.08139
2.14902
-2.12639
7.72534
23.2659
32.0831
8.30591
-7.53105
-0.644478
0.595583
0.885714
-1.07612
-5.75308
6.34079
4.7519
-5.30393
-7.47631
1.48821
-2.06577
11.945
-13.0172
-4.23804
-9.29602
-9.74965
-6.76568
-14.9127
-12.0688
-22.7367
-29.0548
-19.9221
-19.2754
-14.9391
-10.1559
-15.6808
13.5213
-10.463
-15.7019
-6.13824
3.3941
-4.2209
30.9818
67.6341
33.481
19.7889
