8.8641
10.7372
10.8652
8.81863
11.9327
7.50891
4.70399
1.25473
4.13855
1.82229
1.10927
0.596471
0.0156451
4.58855
-4.92112
0.52142
-2.3034
1.59215
-1.58731
0.54899
-4.9394
-2.81755
-7.43705
-7.23049
-8.20306
-4.77408
-7.92536
-11.768
-11.1997
-10.2474
-11.9693
-14.8515
-7.82341
-12.0677
-12.0615
-17.1196
-9.18937
-13.9272
-13.8446
-16.4251
-12.8186
-11.7411
-9.81859
-8.46062
-7.88302
-13.411
-12.4356
-18.6096
-12.7317
-12.5564
-1.26014
5.35283
33.0216
39.6964
41.0104
37.2239
22.6849
18.5009
15.8005
15.583
16.3833
17.7299
19.9314
12.1335
18.4863
19.2246
22.2072
22.2159
27.6973
23.4423
19.129
4.99743
-1.09218
1.2717
0.225606
17.8771
3.29522
-4.52997
-1.43587
-1.22286
-2.24286
-5.33173
-6.24323
-8.71225
-3.73849
-9.25989
-7.12304
-7.2049
-6.75866
-3.72319
-3.44401
-7.05193
-4.82668
-1.93676
-6.98224
-4.60932
-2.15794
-6.67714
0.866567
1.8546
