12.905
-4.88028
20.1064
-2.712
2.5669
-4.25109
-7.27705
-12.8332
-1.48222
2.46071
-5.68973
-5.93502
0.848105
-8.78787
-4.61009
-5.316
4.93858
1.68632
8.55187
2.7531
-0.000830859
-1.57741
-0.0608765
-6.94069
4.63764
9.78404
-3.56025
-9.53813
0.675025
6.91242
4.79916
-2.2319
7.6021
2.13117
-2.81537
-0.132064
-3.4777
4.38996
-0.231277
10.7525
5.59419
17.9825
34.0916
38.5273
48.6572
48.9736
49.0054
47.5914
47.4065
51.0065
47.2171
31.2668
35.5131
24.806
11.4141
12.9225
9.95289
8.31446
10.0437
-1.9945
10.0587
14.0311
2.91975
0.813497
-8.66213
0.373091
-1.4167
3.92011
-6.85653
-4.44792
0.119906
-3.75238
-1.38685
-4.04003
7.1264
4.36491
12.2052
0.0607545
-5.51229
6.94429
-0.688703
0.6443
-3.43947
-0.805746
-7.34884
-1.24953
11.1242
0.258925
6.06675
2.50839
3.55362
-1.15615
0.18636
3.21895
-7.69784
-13.6371
0.19169
-6.4674
-8.04045
-5.0264
