10.1168
11.2988
12.9958
6.11525
6.27919
6.4207
3.77353
1.8683
3.82645
5.13886
3.58964
3.13205
0.376181
4.40658
-4.22971
0.749886
-1.39025
3.11945
-3.13837
-3.38549
-4.81884
-4.70005
-5.22239
-7.40438
-9.45995
-6.49173
-8.07369
-11.7616
-8.93915
-8.18451
-11.1148
-11.63
-12.9751
-12.5012
-10.1239
-12.5863
-17.3335
-15.6258
-15.2942
-14.5742
-15.6312
-14.0441
-18.6269
-16.4021
-17.5602
-15.4921
-12.0638
-16.147
-14.2382
-11.1653
-13.7566
-8.34114
4.34843
27.6414
47.3102
42.0038
36.2097
21.1908
11.1852
0.444866
6.7547
8.82751
5.77218
15.5024
28.2742
27.6178
35.8393
28.5355
20.027
23.6135
15.0532
2.18891
-2.66007
-5.14725
-1.90326
9.73978
8.05959
4.63112
-2.60118
0.278135
-6.31869
-8.47391
-8.91386
-7.3725
-6.1467
-4.59004
-4.01716
-8.81984
-3.79561
-8.83642
-5.51639
-5.33914
-5.46988
-3.79478
-7.02568
-6.23094
-6.24231
0.964478
0.261827
3.12389
