-20.0869
-30.1528
-7.14217
-29.1591
-5.08825
0.282712
-3.68836
-7.59877
4.18882
2.00207
-4.62972
10.5102
7.52991
-3.66541
9.78374
-6.7646
13.2112
24.1209
0.282151
-11.3591
4.69231
5.36984
2.09753
11.0385
4.31315
13.4482
7.64751
6.5484
-0.553908
4.45393
0.934096
32.0311
24.4178
-3.1604
6.13962
-0.882611
14.3424
-0.137006
2.44766
18.581
4.95994
11.3333
-5.90221
12.8809
0.263166
19.5002
7.8788
-2.05928
10.3858
-0.356835
12.5029
-1.05129
15.6799
14.2808
-2.86453
24.4539
-2.47813
14.9618
21.2547
10.0861
19.5267
29.2648
-6.10969
15.3538
13.0101
-1.66036
4.12901
3.90947
-0.524692
0.83107
-13.0909
-13.3008
-7.11561
-5.72937
-6.11482
19.1323
19.0794
-20.3455
0.73682
-5.02342
-14.4832
-20.3536
-28.5068
-33.3114
-26.5775
-31.2088
-14.4698
-21.3161
-27.233
-24.6145
-14.5638
-31.9802
-24.3115
-13.0479
10.811
-11.2043
48.5518
100.411
64.0774
27.194
