4.05369
-1.32777
8.49161
-1.81542
-2.041
-6.90784
-6.34311
-4.06403
-2.12251
-4.31857
-3.17673
-6.87206
-8.29375
-5.69426
-8.44095
-6.67535
8.33266
0.665182
-6.012
-3.57197
-1.1857
1.8267
-6.28388
7.54889
6.30025
6.41282
0.673951
4.96697
7.16854
4.04371
4.84867
11.5252
11.6438
4.87116
11.2667
6.26496
11.625
13.802
16.721
15.1377
17.2422
31.2062
37.6443
44.9333
45.6634
49.7981
62.3947
37.7642
12.2869
-2.44569
1.48293
-0.631847
4.97431
3.48864
9.17367
2.96557
2.99108
6.34658
3.30657
-0.186825
7.20385
0.729661
-15.9049
-7.13652
-8.98474
-6.50223
-7.19143
-0.183358
-5.25448
-1.82793
-11.769
-4.06223
-8.13822
-7.41993
0.981927
19.5377
-1.04041
0.735622
-5.99682
-2.61915
-6.08307
-6.85882
1.05771
2.67143
-4.97037
-6.99411
-0.838905
-0.850674
-3.54163
-1.01107
4.20194
4.84982
-5.86679
2.5888
3.34198
7.05577
2.93411
5.24375
6.20935
8.8291
