32.292
-6.76158
1.51817
-7.23732
3.56914
2.05682
-0.516722
-2.16349
-3.30997
-2.7993
6.00755
-0.190421
-1.4171
0.024225
-4.04144
-0.822758
-2.54085
0.676751
0.247315
-3.92317
5.74127
-0.831042
-9.88873
12.9015
-8.66465
-7.64593
-0.808683
-1.35198
-0.28337
13.2503
0.492572
-6.36097
-6.7904
-9.41914
-4.01122
-7.53388
-9.54146
-13.1662
-0.650188
-11.3331
-6.45629
-1.27301
-12.3091
-4.52392
-4.00212
-2.19378
5.23487
-7.92032
-3.31594
-6.6208
-2.06456
-7.67222
14.784
13.6481
35.9407
58.5955
63.1108
70.4857
60.9236
64.161
64.053
55.6584
43.0486
21.5101
4.92872
8.66077
9.60712
-1.72471
-8.60141
0.106452
-6.79747
-10.7866
-1.84508
-2.26624
-9.05338
1.48992
5.64246
-0.420127
2.69921
-2.07322
-6.34477
3.42945
0.26931
6.77207
-5.62889
-2.20019
14.2062
-1.88762
5.13464
-2.46108
8.01243
-2.91859
1.09149
-4.15461
-5.40316
-4.08437
1.16385
-0.502699
-13.557
-2.05155
