-2.28329
1.7044
7.25142
4.86842
2.35093
2.84482
1.82566
2.16432
-1.46767
0.278953
0.631921
0.835656
-2.81277
1.2517
-3.62808
1.43717
5.63463
8.67821
-1.81347
0.648953
-2.97558
-5.74177
-0.636256
3.41569
-2.36817
-3.4294
-4.38263
-7.99001
-3.58884
-3.39764
-1.48573
-4.67285
-4.61571
-5.00802
-5.71488
-6.68267
-7.57969
-10.9166
-8.93843
-4.24525
-4.61865
-5.03801
-6.918
3.21888
8.59709
20.3231
34.5373
51.9164
69.8896
75.5977
80.0306
53.0044
40.9282
33.5723
22.1855
18.6503
12.9494
10.4751
5.23851
-3.55303
10.3717
6.10236
9.08198
7.67942
11.4754
17.2986
18.0502
25.5136
20.537
9.90597
7.892
5.45015
-3.52695
-3.58501
-3.12183
14.4461
-6.34842
3.37941
-9.90697
-9.58601
-6.42023
-10.4894
-7.98135
-12.8155
-2.38572
-11.2125
-9.63533
-10.0351
-9.39958
-8.71156
-3.83953
-8.52054
-7.56175
-8.1008
11.0249
-4.53271
-5.37203
32.5232
15.2677
3.75514
