2.72719
-6.34079
2.81638
-3.1965
-2.73041
-3.66441
-2.9735
-1.58829
-4.12502
-6.12184
-3.27901
-7.54571
-7.04221
-0.256298
-5.36548
-6.35164
4.85226
6.98889
-3.07132
4.07431
-1.77381
6.32882
4.75185
10.9791
4.07574
4.07574
0.500293
5.2593
5.16707
6.00951
5.57285
4.0186
-0.543672
6.48979
5.85741
6.48544
7.03655
5.65786
11.3756
18.4801
24.6563
26.6845
43.4033
43.4672
43.4178
42.0691
69.525
39.509
7.27912
2.79783
2.61407
-0.187734
0.739083
6.70291
14.8583
14.7621
10.3344
7.30676
-3.98859
-1.44556
-0.806232
7.369
1.77008
-6.06822
-5.58287
-7.18207
-2.80417
-8.36212
-3.53036
-11.3521
-8.04853
-6.27766
-8.6913
-8.20318
-0.295854
9.76308
4.23362
-8.07849
-5.40598
-3.31298
-2.49017
-4.18087
-4.83972
-1.75937
2.37658
1.854
3.6387
-1.6469
3.68965
8.19996
13.4152
0.765255
-2.39692
-0.59098
-0.449463
4.1184
1.0488
6.02218
7.57335
-0.467686
