-61.3752
-50.6107
-21.2337
-49.81
-34.0147
-43.5791
-25.775
-18.4706
-16.7662
-17.6004
-2.91674
9.41552
8.06964
0.339321
-0.1708
5.38555
22.0252
38.4008
15.8776
23.9762
14.6845
21.0632
14.5859
31.6272
9.49092
40.2496
26.1503
27.1785
6.79871
45.1358
49.2832
37.8141
47.3634
19.8497
23.0339
21.5002
25.5302
37.7
17.2535
3.20798
17.4426
32.3822
20.5484
42.9367
41.5403
32.3205
42.0193
27.6141
24.5916
16.9054
26.3768
7.4968
14.4041
36.4542
4.03493
37.0963
16.5795
29.3936
5.43214
22.7229
29.4157
58.6227
7.60808
17.9808
13.4962
14.0323
7.4324
10.8265
6.15213
-13.308
-5.4644
-20.5538
-23.2005
-32.2197
-29.7769
25.1081
1.18146
-32.5635
-36.9327
-51.1181
-38.0558
-37.0297
-70.5419
-73.2421
-48.7116
-78.412
-70.5272
-90.9589
-107.539
-91.2358
-44.462
-68.4257
-100.665
-56.1384
42.2441
22.7821
134.166
275.173
205.601
130.315
