2.20948
-2.54832
33.765
-2.48558
-9.67592
-9.54039
-10.7658
-3.54811
1.2134
-4.21091
0.798721
-3.1688
-2.48308
-5.95559
-4.79139
0.120785
0.618492
18.0795
5.37113
-4.4813
-4.13556
-3.11322
2.42401
1.35511
4.22019
5.90879
-1.26016
-1.01999
-0.961096
2.02291
1.59369
8.15686
-3.48296
-2.12227
-3.47524
0.840211
1.20917
-7.79627
-0.842002
5.91699
2.43396
-7.45051
-0.171251
-0.125726
3.43081
-2.19219
16.2083
4.04997
-3.1554
1.2806
18.8747
33.7679
67.6558
97.3137
91.9594
94.4936
71.3879
54.296
40.1713
20.7256
34.3853
28.2034
5.08264
2.38864
-5.76949
-9.43372
0.981696
0.300427
-2.67253
-0.391765
-7.91588
-0.455207
2.78306
-1.08263
4.83236
32.4501
-0.790545
4.71992
-3.27667
-1.20218
-3.94523
-1.16761
-8.38744
-8.41257
-5.36549
-1.72594
2.2939
6.09489
1.32318
4.77377
4.71178
-1.34747
-5.96523
5.73149
-5.31198
-5.5489
-1.02082
6.6009
7.13926
-7.22028
