5.5459
8.01242
1.50587
1.56717
3.91366
0.493838
-3.86225
-3.81151
-1.7892
-1.64933
-2.60356
1.757
-0.277239
-4.12455
0.456157
0.937871
-1.22163
-0.8863
-1.45361
-0.410729
-1.1306
2.52276
0.764056
1.17894
-1.5173
-2.79941
0.402033
-1.50084
2.40431
2.96234
8.90648
-2.56584
-5.51901
-6.38895
-4.60083
-3.34029
-8.7224
-7.72115
-7.25158
-6.2979
-6.52509
-7.76693
-4.17563
-9.52444
-2.69893
-1.04563
-2.24615
-6.78042
-6.59381
0.55653
-6.68078
2.93256
21.3415
38.1803
56.4702
70.112
77.3941
74.1083
73.4265
68.3644
55.4393
36.3673
27.2997
14.9463
3.46579
3.50053
-1.14903
3.46323
-1.0362
-2.54212
1.07463
-3.82622
-4.20335
-3.41848
-10.6918
5.85018
4.28358
0.327872
-2.27447
1.36401
-3.46779
-3.99729
-1.40598
-0.381912
-3.40263
0.437494
1.46495
0.872709
6.10244
-0.546173
3.89236
-2.45207
-1.08642
-1.40969
-2.33824
-2.46198
1.62696
-7.73783
5.89346
-3.11139
