4.39866
0.729227
15.9056
-1.84577
-4.18308
1.59908
-3.25804
-2.9462
-6.42778
5.12233
-8.75438
-1.15115
-5.36239
1.81449
-0.673895
-6.76495
6.64524
4.5882
-1.56299
5.03997
-4.14201
1.79673
-2.18705
-6.8563
-1.56347
1.35016
3.24496
1.57579
-0.591235
6.81625
-6.64332
0.179223
-1.56801
-1.3806
2.13186
0.469255
3.22139
-6.12998
-0.515584
-0.975396
-0.195593
-0.50974
9.3071
3.56972
6.75051
4.23723
10.0054
1.12676
-2.24463
8.29446
0.387715
2.55676
3.71725
5.69241
6.90555
4.90351
3.705
4.82892
2.77327
3.48215
12.5967
10.6109
1.42271
7.73973
1.71683
-2.01244
-3.17806
-0.945792
3.4576
8.49988
-2.91843
-5.17972
13.0598
-5.08515
20.0032
19.2086
6.32666
2.14679
-10.196
0.591383
-7.91601
-8.01212
-4.5274
-8.10929
-4.44694
-0.553873
-7.49338
-9.16325
-5.1785
0.0733951
-5.10736
-9.59729
-5.71375
-0.254341
-2.68847
4.2727
-2.15785
19.5138
3.82168
5.91226
