-3.05821
-0.535092
21.2028
-12.8061
-6.06953
-9.77696
-0.874963
-12.0622
-9.59351
-6.02452
-5.15462
3.83941
-2.36728
-10.1629
1.90571
-5.90214
24.0877
22.6345
-4.11157
-3.49563
3.57806
-0.662911
1.38757
12.8808
1.82149
1.75934
2.35667
-5.51989
4.39489
5.25208
9.96945
22.0777
10.3491
-9.35704
-3.7544
-6.75412
-3.54317
-3.11905
-7.13455
-2.68493
-12.2242
-9.17039
-4.05339
18.2546
26.6085
23.1644
38.6779
16.1151
12.3907
8.45013
18.885
11.857
7.87363
10.363
8.43211
4.40372
4.07871
6.82089
2.51611
5.16842
29.1808
33.1539
-7.2446
-1.28482
-0.153677
-8.56645
-8.93717
-6.76288
-2.09802
-9.94474
-3.75116
-5.79482
-10.9849
-10.925
4.20733
72.3439
18.5657
-0.195024
-6.80892
-5.80433
-7.25876
-2.50424
-10.7441
-11.2814
-7.56586
0.938038
-5.08942
-5.55637
-6.80794
-4.6547
30.9188
-11.236
-11.1479
-4.7321
-2.79897
-3.21083
1.71585
1.70669
4.24749
-10.8643
