-3.55657
2.54474
0.688055
-3.03946
-2.39803
0.701056
-0.235935
-0.940846
-4.75083
0.978482
1.35051
1.65571
1.08108
-2.17829
-2.60576
2.2713
4.34471
6.56871
1.61747
1.19767
-3.9877
-1.14975
5.22374
4.42757
1.04484
1.65563
4.53976
-2.8195
-0.12656
0.95996
-4.54465
6.35129
-1.61343
-5.43832
-5.84387
-2.09282
-0.262024
-2.2267
-0.0937515
-4.85637
-3.73438
-2.74862
-4.2682
2.79188
-1.77323
4.27656
12.3205
5.00667
8.2021
25.1119
46.0005
73.2007
88.8961
102.315
91.1758
64.3299
33.3871
18.6268
12.1451
6.27475
14.5093
10.8639
-4.57509
-0.00348405
2.11486
-3.10516
-2.45928
-0.278654
-6.17224
-0.440904
1.65185
-1.46201
-0.290845
-0.94965
4.28499
26.237
4.87747
-7.60389
-0.249468
2.01499
-5.99768
-2.84084
-1.78911
-5.19965
-2.99512
6.19655
0.310165
-5.62957
2.16853
6.03542
6.91423
-7.00932
-0.0298749
-2.04204
-2.85946
0.755295
-0.61898
3.78571
2.58989
-3.66394
