12.839
8.91448
8.41026
5.50905
10.5463
7.14612
2.44667
3.49554
5.02406
4.5254
0.26084
-2.14469
0.311213
-3.58424
-3.42095
6.05257
2.11088
9.43966
-3.23772
-3.23734
-6.74692
-6.10517
-12.1806
-7.44648
-7.23863
-8.3644
-10.3279
-10.3735
-6.33968
-8.88381
-9.8047
-8.10789
-4.60302
-12.5578
-11.2152
-13.0032
-10.5958
-14.0829
-11.3499
-14.1265
-16.4239
-15.2659
-15.8389
-10.1582
-10.9505
-7.34013
-9.13493
-9.96862
-3.28528
1.14253
22.6809
45.1333
48.2405
50.5114
44.6499
30.7743
27.9731
22.7477
15.922
7.77161
11.4746
23.439
24.332
14.4855
13.8006
13.4006
11.7805
10.0009
15.9451
22.0579
22.4208
20.0978
10.6402
3.76368
1.70447
22.6456
3.46549
1.3532
-1.45819
-2.03612
-6.99445
-10.3226
-3.13581
-12.4363
-12.1909
-9.1632
-5.07029
-12.1935
-7.35363
-8.80637
-0.486221
-4.64294
-4.88295
-4.64911
-4.25055
-1.44424
-1.96509
-3.55404
-1.71955
4.58171
