10.8934
4.31296
10.7876
9.09888
11.1105
3.96421
3.36795
2.60244
-1.79209
-2.55403
3.09794
0.710819
0.93767
2.81058
2.18658
-2.87907
0.646716
-7.10633
-7.71775
-2.50412
-4.15096
-2.8723
-4.64753
-0.780333
-5.20493
-8.10519
-8.76885
-12.9374
-4.42288
-0.248271
-7.21408
0.0772363
-11.6284
-14.6968
-9.09516
-10.9406
-13.598
-11.4198
-14.0649
-12.5908
-11.7024
-12.7765
-13.8513
-14.79
-12.8849
-8.34046
-3.5019
-7.59077
-11.9392
-9.80452
-5.57299
-5.57506
2.24817
12.8011
27.8915
51.9313
51.198
50.9493
43.6259
46.3474
41.2611
59.0382
50.5434
51.1605
41.6053
26.2039
16.5981
8.55752
1.8154
-2.10439
-1.92922
-2.98022
-5.48158
-9.16207
-5.2656
-4.18578
-8.11615
-11.2936
-8.36241
-2.64014
-5.94531
-4.33184
-5.3661
-9.02974
-4.84758
-4.13542
-2.95803
2.01298
-0.174388
0.154507
5.23232
-3.37159
-1.62787
-0.791991
-4.52626
0.578104
1.02145
-7.23392
-0.92389
2.41201
