5.37781
5.71723
4.83078
5.18399
4.67758
4.53743
3.53587
-0.958991
3.70263
2.05017
0.23329
0.328567
0.555707
-1.18694
-1.7431
1.21729
11.4065
13.4271
-2.16089
0.400884
-4.90601
-4.35865
-5.85844
-2.39938
-8.15886
-6.16256
-9.95803
-8.81841
-4.48125
-8.30844
-5.12577
-2.08065
-6.66177
-9.85301
-12.3756
-10.2195
-8.80382
-13.9809
-9.95187
-12.9277
-11.2895
-12.0658
-10.3113
-10.3612
-7.66913
-1.62756
14.4542
5.82284
35.968
53.6807
68.9636
67.0941
68.7477
59.5724
48.1976
37.4094
17.4798
11.7874
9.17471
14.0957
22.52
21.6972
18.9408
11.9616
9.6367
4.25568
6.49932
10.6685
13.4267
14.6064
13.6403
16.3895
6.3989
5.03427
8.48299
24.7071
1.5222
-5.75782
-3.09937
-2.62144
-6.80385
-7.39789
-8.47372
-10.4546
-3.93938
-5.41858
-4.86402
-8.96001
-5.10109
-5.42125
-0.177915
-4.66364
-4.41695
-5.94641
-1.53736
-6.73817
-1.09187
5.40616
6.41415
-1.52884
