5.03974
4.79628
8.07736
5.35142
5.88798
0.568116
1.93465
9.45196
3.91485
4.66982
1.23256
-1.62114
2.29052
-4.41998
-3.12107
-0.538042
4.94397
10.1633
-4.12145
-2.55548
-3.78667
-4.53374
-8.47483
1.62782
-7.64071
-12.2378
-12.2636
-9.82691
-5.73569
-3.30063
-9.24176
3.85267
-2.9888
-8.12503
-11.4145
-8.59485
-5.93383
-13.15
-10.5588
-7.44176
-9.72778
-6.30158
-12.4037
-10.0318
-11.7794
1.63055
2.97404
22.0145
46.5908
66.9398
69.6555
73.6712
69.3941
64.4057
50.9943
29.7215
20.0314
15.9925
11.5488
15.5721
23.6684
26.0898
19.4064
9.67076
3.7032
5.10779
7.44873
21.737
16.8252
23.1763
19.4451
7.39881
3.51948
1.75657
3.43415
29.5452
-2.98354
1.15975
-3.15138
-5.82198
-8.89635
-8.81479
-9.98439
-10.2774
-2.91174
-8.7823
-6.34284
-7.39338
-11.398
-8.96119
5.80646
-9.90792
-6.93522
-7.96808
-4.51878
-3.54105
-3.78699
5.75818
13.2907
2.97786
