-6.14255
-1.60919
8.52197
-0.71904
-4.23177
-1.45554
-3.75045
-4.57881
-1.11073
-10.8285
0.70918
-0.859369
-7.93905
-7.00987
-5.53515
-1.96714
2.565
4.4168
-1.27232
1.96034
-3.64807
6.08438
-3.95237
13.1128
2.84579
7.96203
3.87174
1.96741
2.67061
0.762747
7.14052
2.65986
7.39955
6.57619
2.46465
6.88099
5.99242
11.9707
16.3977
23.9802
21.4516
34.9313
38.5841
40.7193
44.5957
40.2621
53.2631
45.0559
16.8826
4.38904
4.84014
3.17314
3.98722
6.65663
12.7185
13.5353
7.83934
5.00304
-0.928356
-4.08704
-3.57409
5.92755
-10.5718
-6.93133
-5.50023
-6.00268
-6.3414
-3.09735
-4.67887
-8.78885
-3.11765
-5.5712
-7.74641
-6.22302
-0.576964
27.4091
2.5979
-3.44077
-3.10325
-7.53932
-0.755201
-1.99676
0.156177
-5.99121
0.632964
-6.94591
0.819898
-5.17947
-1.79124
-4.6958
4.24126
-1.25643
-2.2645
1.76906
4.25315
4.78504
0.861528
9.97908
8.97622
8.02292
