-1.60636
-5.49981
1.33119
-2.39396
-3.75451
0.959853
-0.915402
-0.351455
-7.04837
3.28127
2.97504
4.70098
-0.746575
1.43875
3.53654
-4.53139
17.7426
35.7206
-0.774664
2.24959
-5.34533
-0.488341
-11.4139
3.16497
-4.58593
-2.05244
-12.2966
0.0527677
-0.263786
-4.53374
4.78172
10.3341
9.57274
-11.6118
-7.96169
-9.87805
-5.03224
-17.3556
-11.1455
3.21687
-5.69946
-9.02579
-5.11073
-1.55396
-3.06193
7.43692
29.1626
1.21654
-7.28115
-10.6123
-1.56954
-5.18545
-5.47269
-2.21949
-7.91516
3.20499
-1.63347
-7.7592
-6.23845
0.73474
13.1887
33.7423
-7.21405
4.63195
2.16234
2.06823
11.5335
0.878627
3.10456
-0.52007
-1.41016
-0.454198
6.78175
-6.9794
-1.84715
60.2629
17.6527
-6.00459
-10.7163
-4.9438
-4.19699
-9.08725
-6.13274
-12.6561
-1.5434
-5.80504
-14.1483
-7.28048
-7.35005
-1.72961
31.8129
-7.14573
-5.94306
-3.82543
2.31375
-5.03595
6.51771
1.93589
-0.891203
2.34038
