6.41303
3.67773
0.569659
-0.672367
1.85813
1.33697
2.8008
-1.56309
1.11473
-3.68073
4.52808
2.36923
-2.00251
-1.01468
-0.921172
2.19436
3.86032
12.3055
-4.53865
-0.456415
-3.23253
-2.59531
-7.56698
0.553736
-3.77992
-4.61924
-0.255948
-8.07001
-3.81801
-0.350059
-0.714571
2.31895
-3.38129
-6.02796
-10.6152
-7.16872
-5.74053
-6.86286
-4.50639
1.14514
-2.41616
0.785331
0.0890536
9.40605
16.669
25.9648
35.0532
60.6567
74.3744
77.2033
77.1377
52.6084
43.0089
30.8595
27.6537
18.2619
10.3243
8.94473
4.7384
0.619326
7.43661
-1.97728
0.819187
9.10575
15.2451
19.641
21.6576
32.1072
19.3559
11.9302
1.56037
-3.22618
-1.6996
-1.66567
-5.38779
12.3114
-7.35391
-7.91275
-6.32206
-5.87497
-7.06552
-10.2831
-6.64517
-10.641
4.57561
-11.7417
-8.5223
-15.2125
-12.4239
-7.94847
-8.66809
-9.98654
-8.88772
-3.95869
8.92819
-7.54454
1.44494
34.3276
16.1624
0.704374
