-9.33389
-13.8565
23.1892
-0.768256
-6.82664
-2.89415
-9.33587
5.09017
0.167097
0.0812877
-0.562582
14.0543
7.97752
7.46789
8.97593
-7.81679
18.7916
42.1684
-9.8999
12.3256
6.442
-6.94688
-18.283
1.77356
-14.7557
-3.70119
-1.36574
-13.4067
-15.2203
-4.8502
-7.41346
3.23611
10.8837
-11.9426
-9.2446
-10.5601
-10.1716
-22.3826
-27.3319
-12.5687
-11.6004
1.637
-5.83449
-14.7645
-16.8095
-1.54194
-1.9347
-15.6713
-20.5739
-10.2636
-13.1065
-25.2702
-0.587342
-12.436
-6.64033
-14.4341
-4.13589
-5.29558
-0.71584
-11.4047
4.44844
6.07081
-8.50678
18.9599
12.3786
-3.25576
0.441162
17.3258
9.78642
-1.54479
18.5318
15.9237
9.93821
0.131789
8.29579
33.0049
14.464
-1.54153
-14.8212
-8.58698
-13.9771
-15.4261
3.37068
-15.1521
-10.0838
-5.30064
0.879587
0.980556
-14.1412
-10.4607
20.7877
-1.56487
-18.5691
-6.05527
-3.09157
-22.3135
8.85033
8.12066
14.9114
3.61174
