8.80166
8.894
10.924
5.84533
5.61799
4.25115
4.40112
6.90275
4.06231
6.11691
-2.18467
4.81293
2.57588
-4.31276
-3.28892
-6.87186
0.717678
7.26743
-2.88369
-3.95472
-3.23389
-2.8625
-9.76102
-9.90952
-5.29309
-5.05676
-8.85323
-11.7501
-6.15441
-2.69877
-5.45568
-3.69642
-6.07405
-11.4747
-10.5791
-19.8516
-11.485
-11.7727
-10.4755
-6.8768
-12.5107
-10.1682
-11.5003
-16.1164
-12.0419
-4.17502
0.61201
2.26014
10.075
29.1734
49.7878
58.3262
53.182
61.0475
56.8792
38.876
25.9784
20.4597
8.29553
5.64265
16.2971
18.3331
24.0861
19.6474
12.2136
3.75348
5.83025
5.13888
11.1101
22.289
28.0928
17.6604
11.0499
3.91918
4.06677
19.5645
3.8437
-5.14865
-4.05651
4.14864
-7.42416
-8.07151
-5.51089
-7.24418
-10.7163
-10.8079
-5.49071
-7.1853
-4.49785
-5.8013
2.37331
-4.80041
-5.47942
-5.53699
1.727
-4.14536
-3.5803
-5.00348
-2.04346
1.87749
