7.86954
5.60237
14.0465
-0.367527
0.795662
-1.30047
-1.0687
-0.305496
1.60744
0.203439
-1.93526
-6.254
-6.68756
-4.16848
-6.14198
-2.74402
-3.45221
-6.93849
-11.1336
-6.07554
-6.77579
-11.0693
-9.8024
-11.199
-6.81124
-3.13891
-11.1499
-7.33323
-1.05814
1.39701
1.89122
9.25649
12.0362
19.7017
22.8507
17.8566
21.2958
20.801
26.7183
28.5855
35.1368
39.8466
33.3017
37.176
30.9482
32.1135
50.0936
46.2236
24.9074
7.0222
-3.19938
-7.87947
-5.08336
-3.42157
4.93247
1.02089
4.38874
2.69641
3.051
6.63303
13.8205
10.8734
13.5074
3.13861
0.950577
-0.00434673
5.05382
-1.91085
-11.6591
-2.06785
-12.8397
-6.02975
-12.3832
-7.30007
-2.74674
-0.738391
-2.53409
-7.41926
-6.30599
2.16262
-3.60534
-3.05203
-3.51031
-2.76521
-1.9483
-3.77516
-3.02252
0.34054
3.54708
-1.26081
8.12878
-1.93099
-2.98101
1.77626
0.116087
0.135149
6.42454
3.85138
8.35661
8.33447
