-3.3025
0.817292
6.91567
-0.224196
-4.457
-2.11859
-0.255438
-3.08231
0.419052
-1.6674
-2.93609
0.676614
-1.16359
-2.67039
-3.98379
9.89278
7.31939
0.0733546
3.0072
-4.13638
-1.39586
-1.06712
5.41925
6.57207
-1.15202
-6.45983
4.23554
0.864862
-1.18083
-1.23758
2.41017
8.01637
-0.183418
-7.00888
-2.05251
-0.991725
3.17296
-4.94104
-3.31386
-2.79593
-5.67461
-2.85824
-1.77596
-3.08454
-1.75764
6.17525
4.40804
6.8587
12.7792
28.4233
48.7424
78.9736
97.741
101.216
86.2238
60.6298
30.4641
13.994
5.87604
4.81119
14.5084
2.47952
-1.18479
1.29125
-6.84007
-1.3414
-1.58888
-0.844954
-0.215574
-4.305
0.160613
-1.08835
0.405932
-2.69459
6.87681
32.3689
-1.30813
-3.05238
-3.87469
3.1324
-6.59171
-2.2064
-0.38583
2.0943
-6.0608
-3.0398
-4.27133
-3.37746
-5.78929
-1.49342
14.2061
-4.54465
-2.7159
2.22382
-1.63965
-2.91863
0.124616
9.91992
0.835325
-1.00896
