8.74298
10.4484
16.2949
11.6652
6.15979
4.87468
7.32017
4.18475
5.5129
-0.122215
4.54024
3.64524
0.621122
1.01572
0.578901
-0.770357
-2.28787
4.11218
-7.77372
-2.43713
-6.71722
-5.11149
-9.37639
-7.95756
-6.25669
-5.86213
-15.424
-12.7623
-5.71967
-9.4292
-10.396
-14.1076
-13.1517
-15.9316
-14.053
-14.304
-13.6751
-17.781
-15.3654
-14.1916
-15.9619
-13.6997
-14.2239
-16.849
-19.1717
-15.9122
-21.0198
-20.1442
-18.9182
-15.7139
-13.8601
-12.5635
-14.6447
1.0464
23.6582
36.5266
40.8478
32.7203
33.4525
25.5704
14.8667
13.4907
27.5602
30.8686
39.7169
41.2064
36.8671
21.9658
12.7943
14.1469
4.81052
-2.82012
-0.939973
1.38538
-0.64419
19.0506
5.27716
-13.2874
-6.86081
-6.20643
-5.89842
-9.80512
-11.4319
-7.4132
-4.72795
-10.2622
-6.56945
-11.7315
-5.48806
-4.87726
-2.04007
-3.71244
-5.32283
-6.73316
-5.42964
0.0717912
1.00472
-1.4668
-1.39659
2.31422
