-25.4705
-24.4766
-8.21167
-23.8956
-23.342
-26.5437
-14.5503
-6.23079
-9.78093
-13.2106
-6.44398
0.648772
-6.91887
-1.8897
-3.08535
1.51268
9.24357
3.6858
10.7915
27.96
12.6087
5.03268
16.4535
3.853
14.4651
16.971
13.7642
15.0224
19.2247
24.4047
26.4486
31.9916
29.858
18.49
7.37229
29.5578
12.0528
11.2638
7.66477
14.4776
14.2917
22.6509
31.9352
34.9548
15.9258
26.2936
26.2912
19.8858
19.6149
29.3152
22.3431
19.7572
25.3565
10.0493
25.0407
11.5506
8.06891
8.76689
3.67559
11.541
16.0089
10.6738
13.343
6.47242
-3.83937
-4.28424
-0.789567
0.962845
3.72545
-9.90228
0.572137
-7.42481
-26.0158
6.00762
-4.80642
-4.7128
1.9311
-9.27386
-20.947
-37.0999
-20.4982
-28.6506
-33.0695
-49.7251
-37.0722
-35.642
-36.7097
-44.1391
-41.7151
-42.8717
-24.2806
-48.4266
-51.3119
-39.3577
-20.4864
36.3633
101.466
219.2
65.4428
52.9194
