-44.2253
-45.5292
-35.2523
-22.5615
-40.1993
-25.7113
-29.3498
-8.90117
-24.2184
-12.0276
-5.9444
-12.1364
5.31517
2.6255
2.52464
-0.457778
27.2717
30.3846
2.16292
18.9752
20.1714
16.4909
9.86633
25.286
22.7812
16.8466
18.2958
20.0475
28.0123
29.7355
36.9976
45.6144
42.0584
25.5884
40.7431
29.8624
29.149
32.9535
32.3629
24.5137
34.9887
39.1309
39.5831
32.11
43.1984
45.214
31.3473
30.6528
42.6754
43.2918
31.0262
44.3076
26.9811
36.6731
36.3672
30.3292
27.3988
16.0246
11.7203
22.4674
12.0694
11.9625
12.0016
15.8135
5.91287
0.57528
2.6766
0.240038
-8.91989
2.38154
-13.7998
-15.274
-21.6683
-20.5301
-16.532
-29.5644
-26.0411
-30.9241
-42.2232
-41.0559
-40.4032
-49.3185
-45.0011
-60.414
-53.6544
-40.9554
-59.2952
-66.4081
-52.1122
-55.3631
-64.0874
-40.3701
-40.4024
-5.79856
19.7557
47.9796
70.5856
129.118
243.981
91.9536
