14.2964
14.2146
18.1768
6.36878
7.63658
8.1646
4.77027
2.41453
3.01625
1.9278
0.9966
-1.37096
-0.312346
-0.28588
0.585695
1.90408
0.625632
2.85239
-4.0803
-1.52388
-5.39938
-8.10966
-7.35669
-8.8201
-10.3511
-6.16036
-10.974
-11.8238
-9.41744
-8.66407
-13.1323
-13.6846
-11.045
-17.9843
-12.4355
-15.8746
-13.2938
-17.0824
-15.1617
-11.6324
-21.5955
-15.8989
-16.176
-14.3553
-19.6342
-14.9492
-4.32597
-15.3389
-17.9261
-15.5774
-17.9459
-13.5412
-14.8989
-7.01418
21.1002
38.1276
33.82
32.3925
25.0575
15.8697
16.3688
20.5133
10.9903
24.6868
28.308
37.908
34.1061
26.5657
28.3591
14.8258
2.11481
1.2367
0.302046
2.63579
2.52403
25.7849
4.50671
-0.443987
-4.44586
-3.85397
-7.81618
-10.5916
-8.81847
-10.3011
-4.56443
-9.03657
-7.08788
-8.05905
-4.53869
-5.22655
0.920335
-5.25687
0.0498805
-5.90773
-7.1797
-8.75122
-2.25799
-2.28523
-4.78828
-0.325475
