0.731786
0.231959
6.77599
-7.45081
6.90692
-2.07116
-2.01189
-3.71847
-2.29951
-0.411151
-3.24194
-0.106537
-4.16823
-7.94373
-1.30646
1.49049
13.3868
8.26949
8.72462
-0.0769547
-2.03197
-1.71368
-1.64639
-5.43672
-2.16162
2.44476
1.88039
1.41789
2.72312
-1.27971
5.32574
9.23207
-2.36737
-6.33428
-1.125
-0.477952
-6.26326
-3.10821
-2.49038
-0.657677
-4.82115
-8.38672
-7.59192
-4.0743
3.92936
4.07721
10.4618
15.6359
25.3895
47.0031
67.4835
78.9788
93.0842
90.9803
63.4564
47.658
21.1699
6.35184
8.85297
-1.29372
19.8632
9.40444
-4.1035
-3.83176
-4.77268
-1.83115
-6.91366
-0.611488
-2.69992
-4.4823
4.00238
-2.34581
0.0586425
-6.80369
4.34934
34.2088
10.998
-1.74401
-1.04082
4.28343
-6.8364
-1.78234
-7.40002
-3.05252
2.72334
0.555045
-0.398108
-2.47896
2.40101
5.11676
12.0376
0.748723
-4.98287
-0.491638
-1.58547
-0.869872
-4.48482
-3.36713
2.93943
-3.95047
