8.10961
13.1193
12.001
8.20282
7.90225
8.00243
6.7763
4.47807
4.39724
3.13056
4.94012
5.20846
1.49311
-3.0392
-1.23313
3.78017
-3.49746
2.4654
-7.63558
-0.584475
-5.40687
-8.8889
-8.47057
-8.15602
-6.52014
-7.30031
-8.59495
-10.3403
-10.0442
-10.3168
-12.8461
-12.0304
-15.4941
-15.1572
-12.5061
-16.0371
-15.713
-15.3778
-20.2199
-12.4695
-11.6029
-14.6644
-15.5306
-13.9136
-17.9905
-14.0964
-9.00522
-15.9101
-17.3295
-14.0135
-15.0492
-15.0691
-10.9618
0.575475
19.4015
39.8115
38.8206
34.0766
28.3081
21.8391
17.8822
21.2863
20.9623
33.3711
37.8142
39.5618
32.6605
24.3949
22.5789
11.9595
1.03192
-2.91982
1.97026
7.28934
-0.883097
13.6962
1.84308
-3.56944
-9.17238
-5.08564
-10.9372
-11.7695
-8.74335
-7.09178
-4.99491
-6.8415
-10.0085
-8.44575
-7.31029
-6.35004
3.93161
-6.55813
-5.51422
-2.14785
-4.2586
-4.59067
-4.61095
-0.488114
1.93886
0.0476759
