5.99362
1.19318
11.4052
-4.60202
5.96965
-0.885518
-7.60314
-4.89292
-7.81339
-3.49357
-0.623327
-1.80786
0.74942
-1.16565
0.665902
-7.96788
5.7423
1.33629
6.8141
-4.21537
-2.47644
-1.11328
-1.60538
4.05138
-1.1652
4.14878
-0.707068
-0.725228
2.65419
7.69955
3.66532
1.30393
0.603973
2.85812
-4.81762
-5.33954
-2.8183
-4.18857
-4.30686
2.84396
0.0328717
-4.80573
-0.275882
-6.31757
-0.880787
-0.744659
16.4298
-2.34571
4.14306
7.07594
7.80196
24.1317
49.6693
73.5459
91.694
94.7457
84.0861
61.2535
45.9867
25.0873
26.5667
17.8843
2.70341
2.15353
2.53161
1.42762
-1.11166
-3.53245
0.765598
-1.68401
0.46279
-1.74791
-2.91655
-3.78077
1.66338
25.3785
3.3014
0.515556
-1.30969
-3.16784
-0.389944
-4.58195
-4.67845
-2.54114
-1.66899
1.30899
2.2511
1.0663
-8.99101
-0.76298
2.25612
-3.428
-1.15008
-5.17834
-1.93366
-2.22841
2.1023
6.99907
8.95187
-3.6357
