8.31583
10.9925
14.8683
4.23195
6.89126
3.81308
4.42682
3.28091
2.0967
2.9142
2.73314
2.66895
0.815937
3.40861
-1.36584
1.6379
-1.28119
2.21073
-2.7448
4.9811
-2.53308
-7.64524
-5.32161
-4.72057
-4.9934
-5.07722
-9.4597
-10.376
-7.67462
-9.56585
-13.0508
-10.2258
-13.1976
-17.0214
-11.8886
-12.7783
-15.8012
-22.2934
-15.1337
-17.1042
-14.8727
-14.762
-17.9295
-18.3835
-11.6685
-9.17844
-12.8096
-14.8036
-13.6163
-12.3259
-14.6046
-8.71464
-1.40462
20.0811
41.358
39.6625
39.3412
28.3912
13.9173
5.23918
3.78808
9.82215
13.9029
12.4255
22.9535
28.2954
28.0761
29.8692
20.0109
23.4094
13.869
7.42185
-5.17202
-3.60311
-1.69508
12.8212
4.01437
1.71088
3.27412
-2.48253
-3.10417
-9.10214
-7.16167
-9.59764
-2.67641
-6.71757
-3.79257
-9.51341
-6.95933
-5.48128
-1.49937
-8.06886
-3.13845
-3.73771
-2.86721
-3.60784
-5.3818
-3.43167
-1.94963
0.00178498
