-10.0252
-14.0583
6.30743
-6.58435
-8.74293
-9.31759
-18.0897
-6.6568
-5.76907
-9.45262
-2.06083
-8.81449
-1.29221
-2.58316
-0.675577
5.372
-1.83465
0.503807
4.16967
1.0539
1.98325
4.81095
9.4859
19.2091
7.64569
18.4562
10.0263
7.17228
10.3593
20.4963
21.4731
12.7763
7.15708
7.53635
2.66636
-0.295944
5.62705
2.76166
10.5861
11.974
11.8281
8.61624
15.8531
28.9261
48.1205
47.2602
56.351
64.0551
70.6924
66.7989
60.8285
61.8047
57.813
42.5992
28.794
15.4251
15.0881
14.7702
4.92137
6.42528
24.5246
19.277
-2.56552
-3.17181
-2.08772
3.15524
-4.01949
-10.3423
-5.86579
-9.52725
-8.33659
-6.65118
-6.81613
-7.29712
4.24961
15.1591
10.2584
-5.66181
-11.2417
-8.08729
-10.5342
1.07972
-20.1451
-11.6005
-9.50634
-16.3862
-12.2598
-20.072
-17.7373
-23.0052
2.27571
-8.52921
-24.1853
-24.8263
2.52754
5.05343
31.0358
37.9014
39.0057
24.7205
