3.91007
0.228457
5.05359
0.882839
-1.81529
0.530908
-5.26273
-5.21871
-4.83371
-6.57325
-2.47334
-7.1764
-4.92699
-6.14853
-6.29664
-1.81052
-8.40617
-1.6076
-2.74048
-0.353079
-7.41018
-3.47396
-1.53439
5.30849
0.410838
3.6187
2.57568
-0.505539
11.2535
9.11445
8.31393
9.72081
10.3672
10.3815
10.7502
15.3339
9.66249
14.4257
17.3124
22.8698
27.1718
30.1481
34.7131
47.2075
48.4834
48.1228
54.9321
45.5864
13.7249
-1.05912
0.51849
-0.289829
-0.823058
5.68543
3.21964
7.86245
3.53528
2.78555
9.74875
4.86183
5.10108
7.17357
0.271259
-5.78804
-6.51711
-6.54973
-6.13115
-4.97055
-4.33816
-2.35701
-6.04771
-6.50863
-5.06701
-3.30683
-4.35184
-6.27547
-5.01952
-2.94561
-4.23361
-0.180147
-4.94098
-9.568
-2.16911
-4.17819
3.86064
-2.41682
0.613515
-0.299971
-1.62356
-3.00817
0.320178
2.37195
1.57368
0.702537
3.31191
6.55563
1.71228
9.01955
11.0052
8.43697
