-32.0309
-13.7868
84.6899
-19.0084
-6.36154
-8.29168
-6.48237
-7.42162
-24.0118
-12.5797
-16.482
16.6746
2.21412
-4.85684
-23.6801
-43.1944
91.6211
62.039
8.27732
13.9595
-10.7822
-4.98152
-30.4124
45.8513
-10.5077
0.188028
-7.79281
-25.404
-10.6572
-15.2244
-2.88126
78.5817
8.56903
-13.233
-16.6115
-3.67405
-20.275
-21.4824
-15.7144
-15.1363
-13.556
-12.8523
-23.3479
-14.6886
-5.26534
20.2963
35.8741
-10.4264
-17.628
2.48504
-9.39757
-2.28613
1.26188
-6.32173
-6.69525
-2.76126
-4.29698
-5.96297
-17.4573
-3.30985
68.1703
41.487
-14.1599
2.68105
-20.3073
2.89082
-5.34126
-1.88271
-10.6098
6.14652
-3.1351
-8.22704
-21.1262
-1.24068
27.9838
70.0969
11.2983
-12.8481
1.29028
0.0781518
6.05683
-7.78952
-13.4067
-12.8273
-15.3727
-2.12015
5.25407
-8.78495
-0.384143
24.3761
65.5122
-6.83823
-28.9006
8.92077
-18.2438
-3.44934
-15.7464
3.23141
-2.1929
-4.91561
