6.08084
-4.73862
14.8392
-0.537876
-8.15308
-6.71921
-7.36518
-1.73729
-4.52739
-2.62659
-3.59229
1.87347
2.7958
-9.60505
0.538718
6.48889
16.0612
1.91621
2.10507
-0.840863
-1.38474
-5.81456
-2.72674
0.234168
1.16773
-2.37885
-5.35624
-0.650781
9.6575
1.77403
1.89724
3.2855
0.506896
-0.642204
2.26687
3.18835
-2.77025
2.53741
3.12574
8.99696
-1.16155
-4.82743
-7.06102
7.86625
27.3215
17.5245
37.7495
49.6655
54.643
59.7859
62.7547
52.2431
62.7808
47.74
31.9203
18.9561
16.8687
10.9861
6.92581
3.89253
3.10294
8.69054
-0.292221
2.60934
-3.96767
2.63334
-4.27743
7.22802
-4.59006
-4.80007
-0.486542
2.18413
0.861999
-5.59798
1.36282
4.06602
9.48351
2.92831
-1.21534
4.1895
-4.53218
-2.39529
-1.85265
-10.618
1.10874
-3.09404
1.2604
2.09632
-4.506
-1.89147
-5.71244
1.60127
-6.47746
-1.64076
-5.53739
-0.591559
-4.73037
0.840577
7.8201
-6.74151
