-2.22661
-5.14866
11.023
1.12159
-10.6682
-3.02972
-8.32514
-7.32522
-2.17309
7.03397
0.317239
-1.27345
-4.70382
-2.10697
-1.23414
0.48442
18.1318
-0.436677
5.27774
-0.60272
1.2201
2.18585
-1.51787
-2.39836
3.12047
3.87378
1.75651
-3.20753
0.426324
6.23917
4.84217
2.11205
0.862734
-1.91632
0.589447
5.02136
-2.47086
-0.187564
2.43986
-3.90397
1.45759
-0.391942
6.20649
1.71524
23.6811
28.5472
40.9304
46.3009
59.9949
63.1466
68.5947
67.142
68.7366
41.4434
29.4452
19.7667
19.2691
8.01479
2.35321
-2.94265
-0.449205
5.1456
-0.513943
-0.852405
0.626043
-1.14763
-5.32761
1.24733
-1.45618
-1.33985
0.896098
-2.55873
-5.35201
-10.9949
4.27148
8.47835
13.3031
-2.75826
0.262368
2.09161
-3.3271
-6.03085
-5.05184
-6.96518
-1.90946
-3.14353
3.00153
-0.187682
-2.98944
-0.699125
6.58285
-1.92665
-6.95733
-7.09848
-4.86117
-0.904209
-0.823992
0.480321
11.9827
-0.641146
