0.883846
4.11826
14.012
3.50251
2.60558
-3.69289
-0.122652
0.394807
-1.68399
1.51965
4.3673
-5.81397
-4.36097
-5.44751
-2.94465
-8.56179
-2.9931
-4.72078
-6.84536
-5.42562
-10.0062
-4.30649
-11.8206
-7.91198
-6.94752
-6.06496
-11.0321
-9.06373
-4.07882
-5.50221
-4.78525
15.3615
19.5839
10.9732
19.7325
26.0675
20.7436
21.0522
23.8341
31.1829
32.0576
35.6164
33.1533
36.8194
33.8281
31.7671
44.4878
50.9253
34.1477
10.7634
-3.40491
-4.06919
-5.05444
-5.12714
5.02817
4.66082
6.00365
0.931892
9.84962
4.19375
18.38
23.6862
12.8105
2.60386
2.02056
0.789426
-0.135589
-6.68871
-8.38368
-5.3626
-4.65814
-9.42665
-13.3328
-4.3792
-7.50595
6.62944
0.134989
-3.53887
-5.92741
-1.43797
-3.82622
-9.50567
-0.837708
-2.45294
-10.0296
-4.939
-0.403492
0.951578
-1.25281
3.0041
15.2733
-1.56568
1.05754
1.07621
0.879959
6.1661
-0.0947589
4.89263
3.30843
8.56227
