12.0814
9.75108
16.8961
10.6389
5.4938
4.82471
7.68142
8.71215
1.4912
2.92614
3.08026
0.418829
0.527986
1.59504
-2.19598
1.65579
-2.13852
5.14111
-5.00749
-7.96139
-4.01416
-7.85866
-7.97041
-8.08455
-4.27755
-10.7
-10.8355
-10.7322
-10.4878
-13.944
-13.8415
-8.81564
-12.4671
-16.6677
-11.413
-11.1534
-15.9215
-17.327
-14.8312
-16.7671
-12.1491
-15.3549
-17.8975
-17.7122
-18.2408
-15.3779
-5.70995
-22.4325
-16.2067
-15.3474
-16.4004
-16.4374
-11.2501
-1.2456
20.6051
37.4047
35.563
30.4658
23.6942
16.9719
15.1432
22.8063
17.683
27.824
36.3068
32.4456
35.7713
26.964
18.5727
16.6838
8.19018
0.0817069
-0.751759
4.02753
0.468618
20.2225
2.95323
-4.72084
-5.11234
-3.79613
-10.5256
-9.61653
-9.43728
-10.7357
-10.4378
-5.91293
-4.39777
-8.83917
-5.5841
-2.55302
-2.21946
-6.67422
-4.57676
-4.91228
-6.22312
-4.09369
-2.7465
-3.50438
2.69025
0.183286
