1.52336
-0.681054
9.24434
0.605126
-0.463836
0.734745
2.863
3.53742
-2.35019
-1.25648
-0.677827
-0.00549721
-0.312365
-3.01857
4.41278
-1.5875
6.56141
-0.79851
3.15474
-0.389913
0.829122
-1.49871
-3.07377
6.71877
0.291522
-3.47643
-6.42315
-10.0049
4.83755
5.2279
2.5145
-1.79195
-6.22725
-11.9546
-9.51778
-7.72053
-6.85262
-10.5588
-8.63621
-8.50875
-9.21256
-10.7733
-12.71
-7.51358
-7.02326
-1.26599
3.66333
-5.25768
-1.92506
-5.21093
-1.30719
3.10421
7.70228
26.9986
46.3965
56.0826
69.5129
72.7192
66.7414
68.2738
51.9684
54.4359
35.0813
21.0835
12.1004
2.50956
0.281678
2.03822
1.01153
-5.09555
-5.91379
-3.11458
-5.60967
-9.51934
1.64674
3.07982
2.55774
-4.23662
2.78788
-0.10615
-3.59748
-2.2456
-1.05461
-3.78253
3.33888
5.8619
-1.93843
0.142534
5.43195
-0.567259
-1.59327
4.3991
-2.95325
-1.10731
-5.02986
-4.924
-0.614238
-2.49679
1.85318
-2.73123
