10.3792
9.06154
6.67917
5.37037
7.49366
2.45173
4.75919
7.49908
4.17196
3.63058
4.43255
-2.89817
2.70984
0.176302
-3.15547
-3.90164
-1.75235
3.25231
-2.74142
-5.20662
-3.43157
-1.66919
-5.80042
-9.00102
-4.59259
-7.83235
-6.12983
-9.01823
-6.49378
-6.09291
-7.08917
-6.22032
-6.25614
-15.0698
-6.53474
-12.3818
-12.1526
-10.568
-14.384
-12.0224
-15.3223
-9.34753
-13.2182
-9.10459
-16.6891
-9.39485
-9.6684
-0.328824
4.627
21.9954
40.2764
50.0262
54.5088
51.781
45.1233
34.9211
28.2348
18.1739
8.34444
5.28259
16.036
13.7274
16.9106
16.7331
14.2601
9.37169
9.61372
8.12805
17.3776
21.4562
22.9101
14.0392
7.36357
8.66529
9.96029
3.55194
2.50978
1.69634
-3.18449
-4.84215
-10.6858
-7.81258
-8.848
-10.8407
-2.82359
-5.94309
-1.7787
-4.98268
-8.0362
-3.57543
-0.248711
-5.76827
-4.40147
-0.24773
-1.65329
-3.61229
-4.60062
-3.08143
-1.1163
0.284433
