-46.3706
-43.852
-50.1984
-30.2742
-28.3099
-33.6626
-29.0782
-13.3188
-21.5937
-16.7199
-14.1892
-5.04253
3.33767
6.83936
1.70804
2.39915
19.443
22.6117
5.77078
20.4479
18.4155
19.714
14.5164
28.215
24.5665
28.8955
22.5077
38.807
25.995
20.6684
42.3157
44.2437
38.978
36.1191
39.6181
30.265
36.3276
45.0542
45.4197
46.8604
45.3431
50.2757
37.9066
31.8926
48.3401
50.8192
33.9492
38.8319
41.2096
47.2263
40.6991
54.5751
34.5109
30.3634
41.8365
25.4876
21.0378
23.0648
13.0577
18.1887
24.3362
27.0128
25.6817
6.98009
-4.60006
-5.58883
-0.411649
-12.4471
-12.2927
-10.8302
-3.83165
-10.4612
-23.4407
-19.077
2.22555
-20.0203
-32.5115
-30.0326
-39.1879
-46.9751
-45.1285
-50.0233
-59.6651
-64.925
-59.3906
-48.4513
-81.8178
-79.6462
-52.3637
-61.9286
-64.8528
-39.9281
-59.2285
3.78315
28.4068
64.4734
69.6989
151.704
252.089
107.01
