-19.1821
-28.647
-8.36879
-22.3334
-14.5142
-15.3587
-9.65377
-13.9723
-21.0974
-4.94871
-0.437267
-14.0315
0.64728
4.09478
-1.13098
-0.347341
8.24872
12.8036
0.173999
4.77253
6.63769
10.9846
4.0671
11.152
10.0236
11.8944
11.1987
9.28897
13.8828
11.6637
38.2434
34.3436
24.5388
27.0577
20.2194
22.6342
20.6931
19.0418
15.0528
23.8147
25.7352
17.4235
22.1286
20.8083
29.3162
26.6224
40.6638
28.5134
24.6321
29.7035
15.8683
28.3461
22.6735
24.2977
26.0719
10.0788
12.6769
16.6199
3.24157
6.24973
10.9297
9.84152
4.26981
8.86349
20.7974
0.303094
-3.64985
-2.39999
-10.1363
4.63173
-4.13006
-7.31492
-13.8339
-15.6757
-5.37833
3.23887
-9.6957
-13.9928
-27.5663
-24.4501
-32.3526
-26.1218
-26.4975
-43.818
-40.9936
-31.8936
-42.5186
-40.6781
-31.9005
-47.8563
-30.9662
-31.9508
-36.1279
-11.771
11.1712
27.2105
42.5901
81.7411
178.873
60.5138
