-5.26664
-15.9996
-14.4882
-3.09024
-14.3499
-3.10226
-12.6601
-1.37442
-4.29546
-1.91552
-0.298623
-5.75799
-5.98148
8.98714
-4.70824
-1.88876
2.11733
5.84915
2.45036
10.8922
6.00249
4.50236
3.42986
-2.06165
-1.90087
6.94334
5.82159
4.78698
2.96761
13.46
11.2729
20.6458
20.6772
9.52367
19.3766
6.68431
8.42612
2.40899
8.66694
3.4831
10.9194
21.3205
8.2537
15.7439
15.0855
21.2829
20.6682
12.382
10.9602
5.55606
11.7136
7.27795
12.551
9.3203
6.66608
15.7106
8.00602
-0.228712
2.52725
10.7647
5.94128
6.5728
13.3398
4.5853
10.5135
-0.926854
-7.12473
-1.15198
-1.05608
9.54072
-2.69344
-5.75235
-16.1657
-12.9973
-2.00053
5.05932
-13.3495
-0.811497
1.4516
-16.9662
-13.5246
-16.5005
-21.2476
-18.4018
-19.1801
-22.7973
-19.4923
-21.6703
-12.3632
-10.7208
-33.2414
-23.6796
-18.4294
-2.35427
-7.81688
11.4342
34.3455
67.3087
65.5108
32.0166
