0.213174
3.2466
2.95614
-4.17432
-1.57324
-3.19089
-8.55851
-5.20627
-6.46617
6.85349
-7.33473
3.99116
-0.585623
-4.29434
-9.49021
1.91707
12.4281
20.4283
11.9585
-5.18067
-3.96296
7.59188
-5.2859
8.68451
0.707175
13.3542
-1.49829
-2.39204
-7.00783
-4.85808
5.24864
-3.94992
5.74389
-4.14759
-3.49469
-7.9081
-1.67026
1.78456
5.21569
5.54509
3.54399
12.2763
7.15486
6.71921
9.23754
16.9341
15.2538
4.95152
7.94235
8.13127
14.0408
16.8225
10.3073
1.74875
0.418397
-2.25986
1.67849
4.78462
2.82698
-0.44056
9.5836
22.4606
-3.93443
-4.17445
-10.5992
1.22593
-7.0543
3.98065
1.32403
-1.35308
0.424276
4.49318
-1.49008
-2.9456
1.10157
6.48796
4.52867
-5.05173
-3.20767
7.59553
2.97557
-1.77501
-6.9083
-1.50201
-0.813896
0.98226
3.37068
2.0122
-6.7899
-0.753684
26.3027
11.9418
-6.37921
-2.98572
-7.08689
-5.30391
0.45397
6.12223
0.756475
-9.95764
