-160.776
-198.033
-137.61
-155.09
-127.718
-127.734
-71.4319
-101.68
-75.0611
-46.486
-45.4749
-33.0971
-11.8229
14.5716
-0.990454
8.34698
61.4136
72.2595
53.4178
58.7015
89.577
78.4853
80.7985
96.454
78.4071
103.837
114.477
123.385
120.358
137.125
136.43
170.781
165.282
146.092
141.747
146.1
157.093
180.564
142.046
152.335
146.396
141.061
142.231
142.884
143.879
146.767
159.558
144.151
139.054
138.989
147.558
126.815
111.211
145.518
100.226
74.45
104.992
87.6977
56.2153
109.813
102.348
103.173
40.1017
43.7708
21.6991
-4.70134
-14.0786
-19.1125
-42.8763
-58.1374
-53.0333
-87.2628
-75.4316
-106.955
-106.111
-129.592
-104.582
-136.245
-218.252
-212.284
-144.29
-214.46
-234.342
-252.935
-247.099
-274.647
-246.225
-162.209
-237.027
-231.951
-69.999
-137.812
-162.991
182.397
312.191
100.033
414.696
1031.59
353.992
163.666
