-2.48998
-0.533231
4.33903
5.37545
-3.04722
-1.30791
3.57883
-1.29923
-6.14173
-2.83339
-9.20916
-1.68553
1.98178
-0.452049
2.19998
-5.21367
7.24613
14.9654
-4.43081
11.1386
-3.18404
-0.930552
-16.747
-1.07403
-1.13145
3.70858
-8.79328
4.57805
0.606759
4.04284
5.51739
13.4198
4.93321
-0.514508
1.12693
-7.46184
-7.43889
-1.09449
-2.97839
0.0709261
2.35164
-4.68222
-4.02378
1.93318
-4.34581
2.94269
17.8465
-0.591569
3.08866
-4.26414
2.17043
2.12998
4.73404
3.13106
-3.48589
0.155086
-2.71183
-0.66874
3.05505
-1.67902
5.64577
4.58087
1.20664
0.137476
-2.14322
0.361167
-2.94538
0.810577
-9.51383
6.65825
1.07687
-1.88877
-7.82378
-5.00009
8.47644
39.0728
6.40908
-0.537522
-6.95927
-7.90568
-7.2075
-8.2397
2.79952
-5.06738
-2.82709
1.76634
-7.06801
-3.73208
6.75201
-2.69643
1.69308
-6.76261
-10.6782
-1.89132
3.88841
-2.62174
5.03005
8.94992
0.372518
5.59735
