-29.9497
-39.796
-18.5737
-22.4484
-25.5752
-18.1234
-26.3856
-8.49508
-20.9951
-12.388
-7.37374
-13.4868
-3.28086
0.94792
-3.83913
-6.17446
15.4957
30.6982
1.97018
16.6654
16.4544
14.7629
15.9814
18.4962
13.4216
15.9583
10.5349
21.4906
19.0237
29.0732
36.8665
46.3571
29.4178
20.4926
34.981
24.3631
23.1186
26.8289
23.7378
24.059
30.0274
39.2493
30.307
26.295
40.4333
43.0095
39.2542
27.7381
27.5609
33.635
31.9681
32.2617
28.1257
22.6113
34.9428
26.697
13.8339
19.244
9.7201
12.4682
8.75143
16.1888
19.1903
3.83817
15.2857
2.68956
-6.8274
-6.75165
-22.3833
-14.5361
-6.83612
-12.8913
-28.3748
-15.8053
-9.14673
-6.98534
-13.466
-21.3838
-18.4989
-38.2608
-30.3831
-36.2852
-36.8576
-43.2141
-48.8928
-36.056
-59.196
-53.537
-30.4355
-54.6903
-43.3834
-33.9698
-35.6042
-11.7661
21.4133
30.9001
71.4621
112.057
180.91
75.9686
