-8.67618
-15.2782
15.7778
-8.4018
-17.2876
-12.4048
-14.8974
-11.3177
-6.96586
-4.56013
-1.93029
-2.26568
-1.5347
-0.468388
-7.26255
1.8594
5.21653
-2.91787
6.19869
7.83938
10.8565
6.85096
10.3808
10.6638
18.926
3.69651
5.6859
6.83794
6.81132
7.68435
8.83339
14.846
26.7118
2.06335
-1.72774
-1.41702
2.97065
8.20237
12.9336
13.9202
16.4941
6.84331
18.2503
25.8397
48.3097
42.278
63.3094
66.6914
70.4522
70.2173
66.1417
73.7862
61.3973
53.8878
28.4362
25.7888
23.356
17.2837
15.2155
5.79812
16.9086
10.4307
6.10326
9.53974
1.38965
4.61789
-4.72347
12.4474
-5.83026
-10.6039
-5.02259
-6.68319
-4.83111
-11.6257
7.89407
-4.80426
-1.66785
-12.4584
-11.4199
-8.40541
-12.9594
-6.2591
-19.7026
-13.5957
-10.0884
-16.8924
-14.6126
-16.3439
-20.2245
-15.038
-2.27404
-12.36
-27.7564
-14.3055
-2.40112
10.1673
28.104
39.8486
31.7336
32.3985
