13.2493
12.6434
18.1589
6.14057
6.97304
1.56363
7.21351
3.16757
1.63827
0.613135
3.02143
4.34166
0.554463
-3.13313
-3.9669
2.97401
-2.15434
2.9603
-3.43927
-2.26988
-6.71319
-4.9146
-5.85814
-2.08553
-7.05239
-11.6014
-13.1718
-9.71014
-10.3873
-13.0393
-10.2545
-6.84471
-5.92324
-15.1405
-13.1074
-15.05
-10.9825
-17.4002
-13.6101
-12.4227
-12.3912
-14.4182
-20.2586
-16.1179
-17.4563
-12.8438
-13.7592
-17.363
-11.2473
-13.9893
-16.2117
-9.58166
-7.27106
13.3354
31.6224
28.8611
40.1725
24.9183
17.1857
8.92092
10.4855
21.2296
9.40937
16.0175
20.2924
23.2527
27.871
25.4228
22.4144
21.7758
14.5582
6.28592
-2.37038
-2.27318
0.905343
27.4049
8.87083
-6.34374
2.33467
-4.64675
-5.09081
-4.48506
-4.63898
-10.0738
-9.5285
-5.22572
-5.98985
-8.61488
-6.32344
0.00803311
5.61583
-11.4195
-6.30339
-7.3227
-2.61428
-4.44715
-10.0421
-4.09493
1.58287
-1.42889
