0.196352
-17.9738
17.9981
-18.3421
-10.1719
-5.64108
-8.50496
-4.68479
-5.00835
5.95664
-5.85072
-2.13298
-7.22009
-2.2922
-8.26311
-2.84841
25.1334
3.72681
13.3378
16.7848
-2.64541
-1.03347
7.63237
15.0919
5.91242
10.752
-3.79466
6.86018
4.3016
3.11569
11.9253
8.994
-1.23503
-6.37577
-4.79013
-3.82923
-6.12642
-3.21896
3.9671
0.00127632
-1.18205
-4.15011
6.30421
15.6924
16.8709
23.5093
24.5095
16.5283
21.6943
7.54592
19.9678
16.7996
14.0117
4.91409
16.6566
2.78405
15.1633
18.2098
0.0068159
-0.960299
14.1098
30.1373
8.29167
-3.01614
8.07512
-1.95324
-8.41502
0.306843
-12.0288
-2.92061
2.13511
-7.46043
-11.8085
2.60857
5.76237
37.7955
16.0108
-1.89165
-11.2944
0.351231
-4.45876
-17.1687
-3.82628
-17.1253
-19.735
-16.1881
-0.932981
-15.9054
-6.17607
1.2837
19.8768
-7.40762
-16.0619
-2.02849
-13.1664
-13.0132
10.1172
-2.75299
-16.5487
-17.6105
