5.85678
3.00872
10.6427
2.14389
-8.15212
-0.527872
3.93422
-1.20593
-3.29971
-3.21916
-3.21329
-1.2203
-1.04234
-0.393072
-2.87265
2.20922
11.9453
8.05383
-1.70116
-0.364331
-6.71466
-5.38358
-7.08527
-5.09074
-7.83273
-3.01536
-7.36949
-9.08151
-7.3394
-4.50593
-5.84328
-2.35571
-3.05732
-4.89396
5.44885
12.7331
14.3719
19.6115
28.8214
28.0496
19.338
28.3707
35.1542
36.1187
42.5466
40.47
48.6897
61.6274
54.6672
31.8361
16.3831
6.63481
4.65975
-2.33167
-3.77459
-1.76028
-2.4617
-3.03947
-4.05474
6.73683
9.92398
12.8188
10.0247
10.6867
15.3464
4.33716
2.17003
-0.985852
-1.18956
4.84675
-4.61691
-3.76288
-8.53799
-6.21759
-1.70852
19.9051
-2.38129
-6.69596
-12.1656
-2.86702
-4.15279
-4.70311
-4.19208
-5.7616
1.56756
-9.12466
-2.15337
-4.38282
-3.04923
0.196628
-0.743244
0.870633
-2.57239
2.08802
8.44721
-5.16413
0.311297
8.74289
6.36612
2.02623
