-11.8297
-10.1897
0.408261
-3.76309
2.18129
7.89281
9.17971
4.50232
-1.34889
7.49542
7.0948
9.58104
3.50277
5.36395
-0.743403
-15.727
8.4388
23.7063
-3.29746
-13.0701
0.638862
7.58693
-8.84765
-2.25011
-7.21877
-8.80979
-6.92694
-5.19655
-6.91967
2.19131
4.37996
-8.42762
-4.27427
-5.34528
-3.37716
0.542134
4.0064
-4.18554
-6.61062
-3.05763
-11.4587
-0.221335
-9.18003
-6.12688
-9.36059
0.0401963
17.84
-14.4281
-9.06112
2.67012
7.67894
-0.686731
-3.43905
2.63753
-9.55508
2.80211
-0.724039
-1.48161
3.17968
0.540198
7.40147
4.84584
-4.8254
11.4928
13.9995
6.61771
17.0355
9.45295
6.45227
-5.84167
6.5959
8.53424
9.24148
-7.55856
-1.24466
6.66709
10.4372
-6.38386
-7.42216
0.668174
-3.27471
0.16671
-2.53932
-17.8012
1.45998
-7.93289
-4.34465
-5.31623
-19.8334
-14.3768
-4.49881
-19.8564
-7.79969
0.295697
9.06547
-12.427
14.0134
13.7042
12.5602
17.8418
