6.72044
14.9018
17.3421
7.58623
3.52385
9.47183
4.21767
7.29073
-0.675659
5.00809
6.50654
-1.65556
1.45175
-0.330988
-1.2524
0.0844152
-2.74757
3.5982
-4.62745
-3.52791
-10.1842
-3.63079
-7.19594
-7.2304
-5.88521
-5.94831
-8.96224
-9.17272
-11.0952
-12.434
-11.0754
-12.8703
-13.7312
-21.2303
-10.7676
-11.4332
-15.717
-15.848
-13.0452
-16.3086
-15.4843
-16.2665
-15.7798
-17.9066
-12.3301
-12.4098
-14.7641
-12.3073
-17.0313
-15.8987
-14.3732
-12.7436
-7.61883
4.78244
25.4062
42.4534
42.0993
37.9712
33.5262
26.8613
28.7996
24.3701
35.0226
54.7848
52.458
35.461
22.3705
14.9128
17.5451
8.97632
-0.841716
-0.977233
-1.31103
-5.27154
-5.88762
4.5086
-4.17417
-5.51742
-12.1769
-7.46891
-10.2584
-6.75668
-7.96159
-8.78403
1.48907
-5.09117
-1.22221
-11.8224
-3.7613
-3.04241
0.404283
-6.94695
-3.11116
-1.66935
-4.72037
-6.17598
-1.2089
0.35513
0.935246
1.11918
