8.05244
7.25701
8.51183
6.54437
8.18126
7.38795
6.63405
-0.416557
-0.235559
6.22073
4.50455
0.40543
-0.610828
-0.220652
0.550979
-3.53785
-3.038
5.53188
-0.776641
-4.1946
-4.81109
-4.38186
1.47801
-6.34686
-10.5242
-7.17996
-7.49576
-9.11657
-8.99401
-7.80111
-6.67116
-2.50929
-8.55202
-11.773
-11.7189
-9.98043
-16.4041
-9.12732
-11.2711
-9.73611
-13.0163
-14.5541
-11.642
-14.15
-15.1064
-9.37549
-7.11007
-6.16464
-5.06715
10.7893
29.5695
45.0901
47.091
47.6144
42.3519
36.9049
32.7543
23.525
10.3189
7.23067
16.2901
19.0224
11.2098
14.8434
18.4416
11.7866
7.77077
14.3554
12.0548
13.4471
20.1403
17.0956
11.2045
7.15412
0.204796
22.2134
5.6083
-0.785166
-4.08911
-4.14129
-7.07912
-3.49574
-6.1953
-7.25624
-6.87036
-3.33425
-11.2683
-10.691
-2.35222
-2.06794
-3.0017
-7.99712
-1.87943
-4.32777
-7.54027
-7.22833
-4.92351
2.25906
2.33051
1.97724
