11.7338
9.72894
12.4829
8.21597
4.45577
5.69119
4.52979
2.86689
2.9221
7.36258
0.167331
2.18736
2.77987
-3.77472
-1.61982
-3.26563
3.59068
12.9637
-4.26461
-0.477148
-4.1728
-5.71633
-8.58113
-5.58001
-10.7317
-9.35732
-8.85894
-13.3828
-5.6807
-11.4756
-6.3415
-10.6817
-11.7905
-15.2236
-11.6684
-13.5738
-15.1655
-14.9626
-12.6388
-14.6373
-17.0584
-15.2067
-16.3063
-15.2993
-13.7208
-15.1639
-11.9765
-16.454
-14.0617
-17.403
-10.2954
-12.392
-9.93329
8.88076
34.2321
37.8531
31.115
27.066
27.7829
14.9702
7.25919
20.5421
7.07884
7.2348
20.8724
19.006
21.3066
16.9886
21.2966
30.0493
18.4377
8.78908
2.82146
0.946403
-4.24973
30.8722
8.31649
-2.29648
1.65966
6.20706
-3.82698
-8.08049
-6.72143
-8.06814
-5.92277
-8.76542
-7.38986
-9.27202
-6.87997
-6.32531
10.1479
-10.9626
-6.60724
-2.79667
-8.17799
-10.1289
-0.496467
-5.04692
-3.69301
-0.841084
