-9.67312
-3.98197
30.2066
-8.26823
-6.6221
-0.421736
-2.92484
0.458716
-18.6301
-7.62365
-20.7292
4.81043
-12.2657
7.27684
-25.7217
-2.70491
76.4779
51.3672
0.988566
-4.10971
7.62204
6.47967
-13.136
-6.66328
-2.11668
-1.52891
-18.4191
0.624483
-15.5114
-4.72546
-0.880422
42.7158
8.82415
-15.1918
-13.1481
-3.80633
-10.0374
-12.8665
-12.6478
-1.20752
-17.3223
-5.85129
1.34362
-12.3133
4.05251
10.1092
65.2783
-8.3484
-5.73973
0.184784
-8.62628
12.2145
4.74807
4.4792
6.21538
-11.0085
-1.15674
2.11711
-10.5147
8.17054
14.7462
47.7634
-8.25709
2.64509
-2.6774
2.67132
1.99459
8.46208
-9.74134
-12.0467
-0.515427
-15.3235
-8.96761
-3.489
5.69129
59.9778
30.3575
-5.76234
-8.56928
8.04099
8.85254
-11.4392
-20.2865
-27.0031
-18.6767
-1.96148
2.6869
-11.5571
-2.71476
11.7467
73.2135
8.0876
-11.8798
6.48143
-16.6554
-9.23152
-18.3595
9.68038
-2.00175
-12.2294
