10.008
-1.83518
21.6762
-9.61752
-10.3275
-1.95186
1.61013
-5.9653
-4.80886
-7.22366
-3.26119
-7.93792
-0.556768
-4.75702
-9.2361
-2.29122
5.47773
16.0815
1.89351
2.34476
-6.70897
1.31838
1.54478
-0.63081
5.50024
4.84632
5.88392
-0.866074
-5.54902
11.4862
2.77879
5.2504
8.76997
-3.01661
-4.05888
-2.39276
-3.6133
1.70057
0.634248
-2.55853
5.34035
0.239074
4.21709
-0.578952
10.8834
13.7361
41.649
37.8799
54.057
62.1405
70.9942
82.5603
82.2812
57.2543
31.0824
26.4977
23.0857
11.6287
4.49659
-4.44296
5.64682
3.16056
-1.69172
-9.66882
-5.20849
-3.89218
-6.82281
0.833151
-3.14717
-6.38436
-11.8764
-4.86096
-3.18339
-7.23161
9.44364
52.7445
24.8583
-3.91991
-0.585705
1.22141
-2.67926
-6.71971
-10.0742
-7.65512
-0.851602
-5.28673
-2.47148
-3.8972
0.357073
2.04226
32.5238
-8.30995
-11.636
-7.78773
-6.41222
-1.68227
-4.95225
4.31365
-5.23424
-12.9767
