2.00804
5.29805
14.9487
0.0289868
2.44383
0.160676
9.60536
-1.6711
-4.60295
-4.97197
0.162327
-6.59092
-2.98491
-0.134085
-6.40551
-6.00595
-1.07354
-5.3705
-2.82041
0.268621
-3.01013
-1.94072
-0.442222
-12.722
5.0577
-10.5514
5.56209
-12.8997
-2.84239
3.27542
6.01291
8.07987
10.963
2.24697
3.46004
0.568231
-0.82716
5.47257
3.87707
-5.61965
0.0781604
3.00106
4.42607
20.668
35.1525
26.8698
30.576
13.8528
8.98814
3.27911
5.7024
-3.6134
4.34205
11.0246
-2.16916
6.70325
5.24682
3.4564
1.15863
4.84273
5.79286
4.3912
1.36597
-1.22019
-0.948903
2.30787
-2.72601
2.51425
-2.32311
2.07652
-4.23514
-6.98434
2.90261
-2.37762
4.41708
9.30842
18.3806
-4.6586
-1.81586
2.58508
-2.1781
2.62677
-5.19791
-1.79842
-0.00112379
-3.71081
1.11775
-0.137796
-2.4783
-0.896833
7.70442
-3.55548
-2.26466
-2.9094
-4.25029
-3.94066
-6.11749
5.13547
8.79862
-6.92797
