-2.9652
-6.14904
6.37698
-1.63477
-3.56676
-4.51844
-5.72913
0.895504
-6.70322
-7.36046
1.80089
0.778082
1.53161
-0.0181346
-5.95176
-0.890812
14.6187
10.3936
2.71888
1.52047
-4.14601
-0.445204
2.4838
3.65912
4.0767
1.13387
-0.046371
-0.346144
0.268596
-2.25506
-2.86058
16.5745
5.49652
-0.886754
-0.191352
-1.29111
-1.25376
5.31707
-1.8089
3.39673
-1.47233
-4.55098
-2.19221
-0.671041
8.61527
6.81869
25.0117
2.5743
1.11414
13.2467
18.6248
44.5334
80.2542
95.2092
98.8307
85.3808
64.8401
46.8169
29.4807
12.4966
31.1281
22.2143
5.94967
1.42522
-3.5485
0.14041
-1.01321
-8.19702
-5.50487
-1.56998
0.217196
-3.29713
2.7279
-5.04023
-4.64378
5.61038
4.22301
0.369017
-4.7043
-6.64381
-4.48722
-8.17759
-9.43346
-2.01905
-2.19089
0.407633
2.21494
4.72539
-6.28223
0.682441
7.90389
-1.54798
-2.9133
2.3139
1.83071
-1.2099
3.78558
10.274
9.86161
-2.21169
