10.8555
6.54275
16.2763
5.21518
6.05219
7.36809
3.35017
4.5146
6.12335
5.30253
5.7358
-1.96366
3.18884
0.533515
-2.5314
-4.31299
-2.41859
3.47723
-4.60535
-3.29331
-3.66991
-4.76675
-8.24161
-4.8764
-8.37404
-2.95336
-9.71043
-9.95933
-11.6307
-11.5982
-12.2549
-3.16587
-5.22231
-16.5491
-11.5073
-13.0401
-12.2252
-14.5471
-12.6162
-16.1957
-16.3483
-13.2249
-14.7065
-15.2016
-18.9786
-14.3789
-18.7169
-14.5618
-18.6981
-14.31
-16.1216
-15.0084
-7.85623
7.70933
32.4214
31.5797
39.9042
35.0146
22.2672
3.99159
3.09203
-0.259575
7.21426
6.23841
16.1066
15.8375
17.4692
25.2057
29.1549
27.1578
12.9915
10.5302
-0.155632
-1.95855
0.965857
30.2181
5.03471
6.88348
-4.92061
3.02575
-5.73827
-10.2725
-8.01206
-5.85025
-2.12876
-12.1458
-4.72852
-7.08218
-4.94119
-7.23996
9.16999
-7.92085
-3.53641
-8.89382
-11.1757
-3.26321
-9.07753
-2.07096
1.07128
-1.67171
