7.41958
6.8001
7.983
0.832951
4.7848
3.48652
4.72444
3.41336
2.50628
0.00471675
0.391156
-2.6024
2.8144
-2.62234
-3.24812
-2.63686
2.51598
1.82487
-4.30223
-0.492649
-2.24467
-4.65417
-7.66496
2.16612
-2.40925
-0.668693
-8.02369
-6.08108
-2.99719
-0.626159
-2.8694
-6.08507
-4.38916
-9.31348
-6.15641
-10.8003
-13.1305
-10.4998
-11.2085
-8.58225
-6.05061
-6.5749
-9.05007
-4.7909
-4.67636
2.48255
12.2467
25.204
49.742
70.2959
80.0758
75.3977
59.5354
50.7812
36.7008
26.6514
18.3283
17.993
10.9722
14.1744
17.0074
17.5136
9.96418
7.64123
8.80558
13.0997
11.5501
19.7874
22.0535
25.0209
19.6261
7.44178
1.96134
0.321029
-0.00622727
3.85632
-1.61064
-1.59653
-7.64361
-2.13196
-7.88424
-10.7514
-6.71576
-9.18953
-6.04348
-6.00346
-3.52696
-7.88247
-7.63974
-9.3845
1.82205
-2.27293
-5.06951
-0.412159
-0.331618
-5.75426
-4.78448
8.64406
7.6326
1.6412
