13.5198
4.91119
-3.50822
-3.6405
7.53893
5.5799
-0.915354
-2.60733
1.7253
-3.57627
-0.465963
-6.47641
-0.328056
-0.979675
-9.00301
3.77518
-2.33239
2.62369
2.16342
1.53543
2.04468
10.5673
-6.23362
-0.562542
-2.16948
3.94811
-2.79668
0.542796
-4.22666
1.79519
9.61449
1.78682
-2.65491
-13.0046
-7.8574
-4.971
-19.357
-14.653
-10.4192
-15.665
-14.8664
-9.41044
-4.05646
-6.89129
-0.785397
-3.6435
-6.31856
-14.2423
-5.76864
-1.48219
-3.51655
5.55931
6.80644
26.2878
42.9309
55.1236
69.7178
68.6318
68.3364
61.2085
55.626
47.0985
24.3022
21.3124
7.15008
5.46744
2.272
-0.708576
3.93337
-5.42257
0.446979
0.66759
-5.53484
-3.33828
4.40511
6.04753
-5.3458
-0.417998
-2.22869
3.58673
-3.07579
2.2264
-6.43349
0.0639966
0.800525
-2.32381
5.69793
1.6854
1.11563
-8.81414
8.25707
3.30288
-1.22076
2.34624
1.0922
-9.7207
-5.75952
-3.28414
-2.23286
-2.6481
