-9.54381
2.17252
48.2122
9.09674
-6.99573
-17.6549
-6.02956
-7.67326
-11.9055
-16.4168
-11.3197
-1.074
-7.45573
-13.3523
-5.32688
-9.65253
16.1018
78.5356
-4.3783
-11.1568
-4.43914
-4.71387
-6.99663
3.41142
-3.71905
-8.90674
-7.17171
-2.62263
-3.54789
-4.36473
-5.66226
31.9321
30.0672
-14.0927
1.59176
-3.91593
-1.71148
-1.71823
2.14562
-4.17817
-3.93913
-4.13418
0.547234
0.524464
11.1847
3.68609
23.8448
7.56719
7.80452
8.86834
5.85419
4.87141
1.52555
1.75207
11.1185
-0.976215
-5.31488
-3.27175
-4.40787
-1.83761
0.121577
30.8704
1.72376
-12.3406
-0.20484
-5.91813
-2.03797
2.74894
-1.1737
5.34671
-8.32692
-4.79109
-4.85053
4.58263
-0.688969
36.3852
32.3581
3.1906
-6.92255
0.313354
-8.38402
-13.2632
-11.8036
-8.8357
-8.81955
-4.65167
-2.21873
-8.68261
-7.84794
-7.07759
23.8361
-0.653318
-5.02945
-2.86735
-4.67348
1.95265
4.61799
17.7002
6.00206
-5.9139
