-39.8637
-231.542
-152.363
-183.061
-170.185
-166.088
-107.298
-117.999
-80.616
-79.6176
-68.0445
-51.5643
-44.9335
-0.994226
11.2447
5.95887
68.6732
74.4567
71.5304
80.944
76.2484
96.0567
95.0769
126.447
94.3352
143.415
130.739
124.344
129.288
169.185
187.405
154.836
153.502
168.189
161.6
143.736
194.386
204.212
167.8
186.659
219.751
162.677
150.202
154.229
169.106
154.014
179.07
161.79
144.808
151.356
176.369
142.66
121.004
114.902
113.524
96.3553
125.749
118.756
81.2574
119.386
152.038
124.673
42.4782
52.7662
24.9191
-7.44363
-7.41802
-18.7202
-46.0603
-54.3093
-62.9762
-97.9778
-125.476
-125.39
-124.258
-147.172
-119.065
-146.834
-231.902
-235.211
-169.103
-242.255
-287.714
-260.602
-259.535
-307.736
-280.095
-166.697
-240.761
-262.722
-36.1172
-97.9367
-211.382
198.998
476.5
124.552
261.501
1132.58
513.098
106.376
