-1.70247
-1.99996
4.91126
-3.44271
-19.9059
-12.6757
5.68302
-1.21869
-2.28755
-0.668089
-4.26671
6.77032
6.4354
0.351661
-7.18938
-4.37542
24.3449
16.5471
13.4979
3.62859
9.54604
3.45178
1.45256
3.91957
-3.81359
-15.0813
-0.720577
7.81503
-7.48119
0.0601974
2.5264
-1.92372
8.16171
6.72196
-6.59838
-4.68844
-10.5175
-16.9191
2.64445
10.2771
0.728417
6.20842
-5.65527
5.956
-18.0025
6.00599
8.95415
-1.93989
3.74986
-0.117542
6.05543
2.88722
-12.3903
2.22582
7.2368
3.7181
1.39092
0.314645
4.20347
-1.66798
19.0315
11.5712
-11.7361
6.76639
-0.586898
1.68838
-10.2854
16.4677
-0.89614
-0.218123
7.37704
-6.33446
1.23455
-4.43527
-1.37316
4.21261
15.1438
-3.06995
4.29748
-1.25087
-6.39984
8.76218
-7.06441
-9.82484
-0.687962
2.58871
0.978481
-8.62423
-7.11581
-1.87676
1.1663
-5.90658
-9.15856
7.31895
0.51584
-7.0259
17.6877
20.2
-6.88933
-7.17363
