-3.48366
1.33553
10.3631
3.95255
-0.107198
-3.96429
-2.17003
-0.550969
1.1874
3.47104
-9.03341
5.67361
-6.82502
-2.06581
-0.494627
-7.43071
12.2801
-5.25231
4.40878
-0.630716
-4.23381
5.07755
-2.89158
6.83359
1.38506
1.00915
-1.64472
3.17567
5.93687
2.00437
3.24777
-0.343959
-3.90025
-5.83499
-7.75732
-1.32399
-5.02768
-1.68965
-0.814168
-3.37272
-5.09115
-9.70623
-0.751993
-0.657449
6.74145
11.8419
3.4937
12.8469
16.4693
45.6126
64.195
71.1894
95.3002
91.7095
69.7419
46.807
26.2847
14.7726
12.6962
-3.38379
10.4374
-6.21321
-9.55805
-4.14671
-2.17101
-1.76499
-7.66548
-1.29783
-1.47884
-1.60346
4.35575
-3.07768
-2.40855
-3.87133
0.132717
42.5013
16.1576
-4.31211
3.13152
4.24531
-5.52243
-0.886501
2.20595
2.96711
0.251456
-1.03889
1.65185
-2.42402
-1.68067
4.05709
-2.16785
1.04203
-5.28128
1.98915
0.426473
-4.76644
-5.43595
-5.82491
2.69474
-4.37261
