-0.948794
-0.779301
-0.17186
-4.75898
-7.11675
2.68294
3.2641
-7.08279
-5.27386
-1.77291
-2.79145
-3.64198
-1.42863
-2.09151
-5.72858
-4.44429
3.63895
2.04074
-0.986218
2.09685
1.82658
2.15027
1.09841
6.92944
4.79961
8.95169
1.0995
-0.476818
0.612979
6.42704
1.2324
-0.156132
5.62825
1.314
1.8062
10.1427
15.2442
8.70316
16.5061
16.6185
24.7528
38.9489
49.7192
46.3708
44.7482
55.8899
70.5037
39.1916
10.563
8.82843
5.03288
9.32855
10.7482
9.5738
19.2969
13.4227
8.73561
6.24547
-0.914572
-2.33457
3.80833
-0.965815
-9.77856
-0.304227
-2.22479
-6.11015
-7.22785
-6.28537
-4.57854
-7.99043
-10.588
-7.88031
-2.30487
-6.33297
-7.52918
8.22829
4.65016
-6.5458
-1.53344
3.49175
-4.91197
-7.21044
-1.16005
0.17163
1.4896
3.8671
5.84117
3.29446
4.1938
3.05762
4.72185
1.24712
0.147443
2.84274
2.98831
0.655509
1.77017
0.0746733
-1.05758
5.83145
