-4.62049
-3.65142
50.3897
-0.443769
-9.1293
-5.18417
-7.64307
0.678877
-16.002
5.86689
-5.3766
2.2332
-1.96974
4.06441
-9.18243
-13.0492
11.0396
55.9546
25.4585
-8.7141
-11.169
-5.51442
-1.2329
-4.907
-5.01198
-7.84466
-10.4084
-11.1517
-9.5514
-10.1333
3.59598
11.5874
11.2464
-11.8395
-6.75517
-11.6109
-13.7206
-9.75166
-3.46276
5.21298
-5.67749
-3.69682
1.75757
-8.64942
-0.644363
0.734039
28.6505
0.308983
-2.83911
-6.33832
-9.35226
5.73608
-3.91763
7.26447
-1.04759
-3.10862
2.80773
-5.37435
-3.35946
-22.7864
18.9309
4.98551
-11.7393
-5.39012
-7.67357
-11.235
-3.60703
-9.83311
-10.6565
-11.6037
-3.93682
-8.79405
-11.7016
-14.9807
-9.64451
170.949
80.5532
-7.28514
-8.34159
4.58956
19.5346
-8.53209
-17.0272
-7.42381
-14.8645
-11.4705
-10.9498
-10.9872
-4.3191
0.676986
62.2672
2.8215
-13.1891
-4.55653
-17.4371
-12.9094
-7.87694
-7.71126
-13.3448
-5.26223
