-8.86522
-12.9876
24.635
4.82279
-16.2618
-8.14176
0.119908
-14.7466
-6.40078
-13.8426
-14.0949
2.51981
6.01158
-4.4197
-11.3403
-0.00506639
5.38662
17.3889
-0.794609
10.8077
4.28239
-5.30158
-0.0396868
16.6859
-0.308932
12.1675
-12.7897
-7.72154
-4.18059
-2.64125
0.442412
18.7611
29.7236
5.41846
7.07668
15.2418
7.69533
9.34078
4.21826
8.47887
4.9878
12.0906
5.60983
13.5365
17.2963
6.14283
21.1059
5.83473
9.61216
23.427
3.84991
-0.773366
20.3572
5.94855
12.9913
16.3204
0.864928
0.37008
4.87132
-0.535728
13.4711
10.4818
6.72867
-0.49567
-1.38064
-0.43359
-5.15846
-6.89744
0.334211
5.45049
-4.15612
-5.58948
-14.3007
-6.61088
1.03227
31.6715
19.6579
-5.52745
-7.83784
-9.19169
-17.1951
-14.4445
-14.3231
-11.1352
-15.8768
-15.0409
-11.6469
-22.3108
-15.4699
-11.5425
1.57619
-19.5434
-24.3625
-1.60461
-11.1914
6.5705
27.0677
56.7004
42.0554
18.7364
