11.8888
-2.82728
31.8243
-3.38619
-8.84677
-3.26504
-5.93871
-1.67944
-7.41346
-11.3936
-0.366115
-6.31394
2.77435
-1.95749
-8.7912
-5.32828
8.8933
18.6047
8.3455
5.22792
-5.70253
-12.0124
-2.15898
-2.60331
-0.309067
11.2263
-6.54294
-0.912826
2.82867
7.2094
-1.02001
2.02456
-1.76005
-7.85927
-1.34405
-4.8542
-9.01281
-0.337962
-2.03174
12.6614
5.55124
18.6134
27.164
36.077
38.9601
46.7886
43.1372
40.0927
41.0896
35.2505
42.7495
53.3847
29.2017
22.5693
12.9121
12.3198
6.26379
2.31989
-5.56158
-8.56184
19.3107
7.37131
6.35051
1.41262
-9.75796
3.68965
-3.58134
4.33102
-10.3497
3.68365
-2.45707
-1.35987
0.553645
-9.08916
6.79136
13.5521
9.10295
1.93854
1.23344
-0.136438
-3.45804
3.22564
-2.75495
-1.68635
0.96682
-0.535254
10.6237
4.97881
3.31561
10.2622
10.7987
-0.614491
-6.72533
8.69043
-2.45651
-0.353797
-7.88407
-11.5486
-5.5939
-10.8377
