-6.27276
-3.29784
8.6817
-1.95294
8.12098
4.27956
-3.92078
9.94774
5.18368
-2.84603
3.29337
0.328719
0.90282
-5.32537
-12.3586
-6.11895
7.08716
27.9999
-8.1666
11.7636
-3.59039
-11.4396
-7.94333
-5.22402
-2.15861
-4.78567
-9.36848
-2.83886
-7.99216
-5.63615
6.82897
-0.743407
-0.811779
-2.82998
3.01489
-5.42352
1.08557
2.98493
-0.108078
-7.56453
-5.07356
-4.85475
-0.883181
-7.94329
-0.321091
10.1324
-4.34439
5.3056
5.34207
-4.7804
-1.094
4.17018
2.04509
8.0788
1.73912
7.00424
5.7097
9.62929
5.14981
10.29
19.1122
13.8645
1.37379
12.892
1.54959
5.87313
-1.38017
-5.85217
3.94552
11.4224
5.83737
-1.43952
-4.7117
-1.9672
9.45431
24.6724
16.8858
-5.01966
-8.81348
2.58346
-8.68542
-7.57676
-7.80229
1.63018
-3.2477
-1.56144
-7.39481
-5.85972
-4.80612
-6.41068
3.8532
-0.929626
-16.5384
-6.19097
-4.82522
-9.08933
3.77851
16.7797
15.6654
-1.91199
