7.08559
4.98109
-3.94157
9.95369
1.09964
-3.97846
-0.864873
1.51586
4.27456
-8.79798
-5.08138
-0.471658
-2.34906
-1.75013
-7.9064
2.29633
-4.80116
8.83022
-0.706895
0.116997
1.84419
5.52661
2.08517
-2.07555
-0.0405999
7.6214
-1.91671
-6.91643
-6.22891
10.0519
13.5171
-1.45181
-6.98353
-3.84771
-6.29178
-11.3903
-8.01845
-10.1172
-5.13812
-12.4419
-5.31758
-6.60455
-5.54645
-5.35736
4.19321
-7.58835
5.05422
-8.54602
-5.44883
-6.36957
3.42579
0.296298
13.7892
34.5388
54.8052
61.2978
59.2758
73.6617
73.4422
56.1491
62.9858
47.606
24.2887
13.3458
10.1806
5.39767
-2.08245
-0.920304
-1.83658
0.498609
-0.323787
-5.86382
-2.27154
-2.96695
7.13148
-1.38355
-4.27341
-2.16702
-0.774963
-1.80829
-3.081
0.912539
-6.79632
-6.08109
1.99995
-2.76166
6.90539
1.77522
9.23523
-0.929646
-2.97371
0.952447
-6.79184
5.40958
3.90292
-0.0556646
-3.90947
-4.65927
-0.154897
-2.57471
