15.0355
12.6041
9.98214
4.70891
9.73654
7.55667
5.05632
0.395975
1.77451
2.23862
2.42586
-0.24121
1.42954
0.505534
-1.98757
4.56275
3.07444
1.10794
-3.09469
-8.64803
-1.90051
-3.83435
-11.5605
-6.08696
-5.23921
-7.93875
-9.51803
-11.6534
-11.4762
-6.74587
-6.31982
-10.9889
-12.0733
-12.055
-12.6867
-19.6274
-16.672
-13.4652
-12.7231
-15.5459
-19.3589
-11.1371
-18.0952
-15.6639
-19.4587
-10.683
-12.7222
-18.0255
-19.3867
-11.9208
-11.366
-11.229
4.43516
30.9687
50.4673
42.0139
30.3531
21.8146
8.61964
-1.27224
3.61125
2.28697
12.4052
18.9413
31.4263
33.6895
39.6513
26.595
20.9397
21.0774
13.6739
1.70931
-1.71704
-4.44039
-9.22588
-0.196476
5.58014
2.2574
-2.98104
3.61278
-9.20572
-7.41454
-8.27048
-9.90847
-5.82204
-8.7416
-2.79359
-8.35744
-4.50787
-4.84069
-1.1887
-3.23215
-1.99042
-4.87021
-6.78731
-2.75861
-2.17924
-0.853901
-4.61578
1.22979
