-4.59671
-1.53333
3.62859
3.37797
-4.99023
-5.30384
-4.84297
-1.11037
-0.616768
-9.74498
-0.876481
-3.30381
-2.35116
-8.03428
-11.2598
-5.95301
2.59245
6.39231
0.184
-0.520013
6.4117
1.70522
3.20369
8.31853
2.16063
4.91762
7.71753
1.45643
-0.462983
3.86957
7.8482
6.98131
11.2316
3.49195
3.4092
4.78504
7.52532
12.4436
11.3911
30.1949
29.123
40.5794
47.59
52.1478
45.5443
48.2507
62.6057
29.3137
17.4962
6.78313
6.82125
5.40667
9.86148
10.5762
11.4101
9.05122
4.01606
0.991504
-8.2037
-6.26276
-4.88174
2.94336
-4.92958
-5.43635
-9.22778
-8.88882
-1.86816
-5.69635
-7.48304
-7.0504
-2.81793
-7.99763
-0.313321
-3.98222
-9.15727
2.29776
6.7335
-6.29275
-1.9769
-3.41307
-4.07875
-0.23397
-7.42777
-5.41939
1.46394
0.954838
1.2079
6.40819
2.95946
0.390632
-2.12448
5.71095
2.23305
1.50786
2.35913
3.49736
4.25239
5.08285
3.20181
5.39265
