14.039
6.52133
16.6784
6.84016
9.54802
3.21007
6.54534
5.33306
3.3116
-0.104581
0.988565
2.29966
-0.464097
2.12996
-6.95549
-0.441123
-2.47703
3.54908
-4.08966
1.48542
-4.34673
-8.2596
-6.28907
-3.31997
-4.63459
-5.51252
-12.1737
-13.3745
-7.87141
-13.1571
-9.60788
-6.09155
-9.03078
-13.9023
-14.2667
-13.1188
-9.7868
-14.0393
-17.0503
-10.9395
-10.5319
-11.1781
-16.7356
-14.8116
-11.7985
-9.84242
-12.6365
-8.39665
-13.7366
0.164297
8.77454
23.0703
43.7309
46.184
39.9227
36.6077
28.0172
21.7152
13.3778
9.03688
14.2221
22.9205
12.312
13.5435
20.3527
15.6007
12.2497
17.9109
21.3451
25.5135
16.8767
9.40897
4.72936
7.65084
3.88334
29.2828
5.00531
9.17367
-2.30485
-4.95468
-11.9242
-10.0928
-5.08776
-10.0225
-6.77911
-9.10031
-1.1485
-8.0218
-7.26279
-6.32771
2.50044
-10.1194
-0.865804
-7.47032
-1.3022
-9.51968
-2.81379
-7.07303
-3.33788
1.62723
