-1.09642
-2.06989
55.4162
5.93018
-7.27007
-2.568
-9.24168
-2.2483
-17.1034
-16.7287
-2.07315
-7.71286
-8.02366
-11.1077
-16.9724
-10.3565
11.1904
68.5611
-4.00684
-5.46488
-8.9343
-2.43241
-2.9923
-8.82385
-5.51461
2.59325
-5.3689
-0.19324
-0.703025
-2.07265
-7.54345
16.26
21.0586
-13.8229
1.60577
2.6844
-5.77001
-2.45675
-8.53703
-3.7374
-3.32035
5.6346
6.82027
8.38805
-0.0928819
15.3123
25.8414
10.7657
-1.81227
8.6498
9.69052
7.47916
1.14828
4.18569
8.79137
4.17669
5.35028
-6.22706
-3.87581
0.230709
11.7424
32.9081
4.78765
1.64634
-2.69226
-0.605096
-2.94475
-3.13319
-6.80058
-6.61377
4.72389
1.7286
-4.39127
-22.0692
5.88553
52.1751
36.5145
-0.70511
-9.5355
-2.07216
-5.99108
-2.58197
-7.84546
-7.49196
0.218787
-1.50428
-4.8229
-3.75947
-7.06803
-3.05844
22.2331
4.64975
-10.587
-3.70671
-0.249955
-6.7223
-2.05471
4.47089
0.395532
-2.99858
