-32.4269
-24.7181
-4.90374
-21.0035
-12.6451
-21.0211
-10.9978
-11.8084
-12.2132
-15.9102
-7.35931
-5.51513
-8.03581
4.44693
-9.24658
-2.47886
17.882
41.6521
3.14515
19.8998
4.82557
2.27097
9.36988
12.2852
12.8462
12.2709
10.0552
18.3804
13.344
12.5486
9.48024
25.4191
33.9731
20.1845
14.2779
31.2695
17.4281
12.7622
7.85845
6.75508
5.25799
14.7213
10.5878
21.8785
15.898
23.1484
39.5169
32.036
20.4586
17.1006
14.1699
14.2372
13.4182
17.1401
23.9106
7.82702
8.81443
3.54747
10.757
5.84233
20.0486
31.0309
4.29403
7.84068
2.82059
-7.94911
0.226177
-4.55505
-6.17277
11.3194
-8.70656
-7.42882
-11.4958
-4.72322
-10.475
13.9338
-21.2402
-19.3721
-32.5148
-10.6456
-22.4932
-27.2355
-32.683
-35.5494
-33.0335
-44.876
-40.3391
-29.6492
-30.96
-27.274
-30.2345
-44.8381
-46.0529
-21.9278
-6.13651
9.92491
98.756
200.766
61.3898
35.1542
