3.74615
1.74357
12.0638
-1.00084
-4.23682
5.44077
-4.6987
1.79934
-6.53541
-5.45074
-12.9875
-8.09241
-3.13382
0.309301
-7.39746
-2.82767
19.8531
32.6529
-4.2661
-5.22181
2.48402
-1.58971
-3.62301
-1.24209
5.22776
-2.28141
-0.58299
-4.6967
-8.94416
-9.48458
-1.00966
17.8156
16.8452
-8.32208
-1.87358
-3.64749
-2.84829
-3.35505
-11.9336
-2.92674
-10.2511
-5.69257
-2.22467
-3.96889
-4.23952
7.24673
0.558679
0.978302
0.45975
-8.65854
4.97621
-4.7847
0.443842
9.67217
1.16325
2.97565
12.0899
4.80239
3.51635
7.76319
19.8648
55.1991
2.37242
-4.4896
3.37374
-4.32067
-6.93848
-4.61642
-3.11264
-9.84866
-12.5831
-8.30544
-10.2227
-6.15163
-3.99516
92.3387
35.7596
-3.10547
-0.0157958
-8.67126
-9.48718
-6.28548
-9.75661
-8.90284
1.14584
-0.584382
-8.11453
-6.21425
-10.092
-4.90058
54.471
-8.51403
-2.87852
-9.70492
-0.00822773
-6.65708
-8.63781
13.4328
-0.0676966
-10.771
