-6.1392
-1.24261
19.3669
-6.41535
-3.69025
-3.7276
-6.65653
-5.90015
-7.61691
-1.06897
-3.89066
-6.38933
-6.16601
-4.0159
-11.2074
-7.18269
18.627
35.0606
2.22162
-7.5343
-2.48164
-1.4383
-0.272959
-4.98421
0.360713
8.96087
-3.17865
2.26304
-0.259355
3.97977
3.55395
27.5129
14.9575
1.77353
-6.32061
-2.78597
-0.0260931
2.88161
-2.60139
2.35301
-0.882285
-1.99703
2.27995
-3.30568
-0.174314
12.426
44.0542
3.47754
-0.808645
4.25265
2.05411
0.391378
8.87778
4.06597
1.87576
-0.455603
3.35958
0.640766
4.41874
0.315688
12.8113
51.8021
-1.52567
0.583523
-3.18883
0.851871
-9.04405
-6.42917
-4.14803
-8.30371
-8.85751
-5.80167
-0.28542
2.17364
-1.12025
7.92264
1.93917
-0.499068
-11.894
1.90684
-10.0587
2.92577
-9.35541
-2.78525
-1.67564
0.473452
7.96368
1.48478
0.468158
-0.0417497
8.90602
7.55591
-9.5079
-2.56343
3.52945
-3.50207
5.58415
21.2666
5.12021
-11.375
