-13.685
-13.8113
4.32447
-16.9932
-12.1196
-5.79667
-18.7168
-9.22249
-14.0991
-0.401314
-4.17326
-0.407665
-0.032584
-8.39034
1.40165
-7.87197
1.23646
22.3465
-0.89213
10.9153
0.642477
8.2429
0.589659
8.11681
-4.97983
-3.33253
11.5332
11.5207
4.58436
18.7509
13.3243
29.9576
38.0418
16.9226
5.4899
14.0875
10.6818
3.85882
7.04532
6.00145
12.5817
14.7647
9.68257
7.40014
4.55169
22.6873
38.3566
16.8051
3.78947
7.71738
12.1268
10.5306
13.8151
-2.12293
3.92373
11.0608
10.3056
-7.26813
0.526885
-1.94228
25.1195
46.12
4.10611
15.5036
-5.83804
-0.674819
1.34601
3.78194
-9.72973
10.6532
0.0682698
-1.61753
-13.5318
2.13262
-12.3153
16.0746
-8.59436
-9.29981
-16.4891
-3.77987
-7.09083
-29.1356
-15.3857
-25.3408
-26.1763
-31.6749
-33.9102
-16.4111
-29.4678
-33.7019
-37.5303
-40.0181
-39.7111
-31.4491
-17.8296
9.15723
73.1995
160.93
51.5857
36.783
