-1.77372
3.47282
3.41696
0.453305
0.541116
-9.38618
-1.95119
-6.44023
-2.09689
-2.94859
-12.236
-3.27727
-6.94731
-6.03996
-5.70688
-3.65463
19.3301
28.9651
0.646413
-0.328512
0.000803602
2.03576
-6.21339
-5.43331
-4.53434
3.26732
-2.20582
-3.97479
1.13747
9.50645
1.57802
8.6186
18.7827
-0.687895
0.365857
3.33003
5.17578
0.143581
0.413615
1.73702
2.22049
1.03362
-2.81513
8.62032
2.54082
12.2069
10.407
7.31632
13.6901
10.5249
4.31455
0.14562
5.17718
1.93217
6.93397
3.03722
-2.3743
-3.61257
-3.02425
-7.13414
-7.47944
18.4976
0.762501
5.53869
1.82135
2.44497
-6.21076
-5.37742
-1.88994
-4.74824
4.10118
-18.7703
-13.8596
-2.79028
9.95922
20.4241
11.805
0.0255575
0.235801
8.70061
-3.71822
-12.749
-9.80868
-9.48104
-8.80255
-6.30564
-8.75188
-8.7494
-7.40849
2.19864
3.86925
-1.96204
-18.6772
-5.94285
-7.15494
6.58573
11.3781
19.0195
15.0163
14.5237
