10.1249
9.93628
14.3622
6.88702
6.86206
6.6965
3.83391
7.18996
7.27884
-0.0393119
3.95533
-1.52935
-1.37756
-5.28524
1.27762
4.0237
-0.245366
4.16898
-4.04547
2.39181
-8.41224
-5.76886
-3.68276
-9.90749
-10.7371
-7.62962
-7.45149
-14.5128
-8.34797
-7.64141
-14.5761
-8.29063
-8.95137
-14.73
-12.3387
-10.783
-14.5369
-16.8984
-15.1677
-11.2291
-14.1529
-15.0638
-16.3006
-15.6485
-15.3716
-14.58
-9.49088
-13.5094
-15.2031
-13.5318
-9.55979
-7.53325
2.00667
24.2157
45.8974
39.9899
36.8662
25.7786
15.4171
4.07073
7.89735
9.20464
12.145
15.8942
27.4825
32.2612
31.6767
24.7309
18.6516
10.3072
11.91
7.51444
0.393152
-4.16356
-2.65925
10.2505
8.30324
-3.00156
4.70434
4.39795
-3.91825
-9.11065
-5.87439
-9.08581
-3.44282
-5.91049
-7.71974
-8.3725
-7.38899
-3.71194
-3.54054
-9.90069
-4.22877
-0.566361
-7.18435
-6.25994
-3.56722
-0.805228
-0.334092
-1.25651
