9.78267
4.33393
11.3841
1.26945
-2.35356
-3.01247
0.777959
-2.46502
-1.38118
-3.80482
-3.31967
-3.57803
-6.65663
-4.73863
-7.02395
-0.183088
4.92979
8.5542
-6.05494
-4.50595
-3.93452
-9.16919
-9.98058
-6.92843
-6.2034
-7.7705
-10.9573
-13.9399
-8.70953
-13.1732
-5.27993
12.6631
12.4284
12.2735
18.5639
25.6403
26.1586
22.1029
26.764
28.3992
27.5494
33.9427
28.7379
37.7433
38.1588
41.167
46.591
50.5745
44.1313
17.9267
1.14922
-4.44737
0.123637
-5.94356
-5.41307
-2.47409
2.31476
1.52139
0.0138052
9.92411
24.124
24.4988
9.61387
7.88077
5.76233
1.41847
-1.61881
-1.03406
-4.43908
-4.07207
-9.46515
-9.93992
-12.3236
-5.43827
-4.66968
2.3316
-1.1382
-5.25706
-3.40157
-5.90383
-4.57286
-7.93504
0.0712425
-8.4803
0.689164
-6.10203
-1.87983
-3.86477
1.08109
-1.485
14.952
6.09892
1.83343
1.35748
1.20708
1.0852
0.447341
4.14009
2.17173
9.04912
