-64.9115
-63.2192
-35.7625
-51.0943
-40.2334
-28.6514
-25.2126
-21.765
-20.2568
-24.5498
-13.404
7.11514
10.8791
-4.92606
-9.02331
0.540278
23.4727
36.3259
16.2429
16.5842
14.2935
23.2885
21.3679
30.5667
32.4591
35.1628
43.8067
33.5009
25.1028
45.1697
54.097
50.0168
43.11
31.2611
44.9619
29.3737
42.0203
32.0648
26.2842
38.6073
32.4829
40.5957
31.5349
52.625
52.9796
45.8628
49.0603
33.779
41.4972
37.0868
42.5347
32.4141
36.1015
47.5855
18.6738
41.8374
30.4535
20.2917
28.9716
18.42
35.1536
56.2808
12.5001
36.2829
21.8854
8.92514
0.267832
10.0738
-20.5736
-3.20647
5.15594
-22.9082
-23.7085
-34.1102
-17.7798
-4.87848
-0.998535
-34.4446
-52.6487
-63.7528
-47.335
-61.9592
-78.0629
-89.9453
-50.2192
-87.9212
-86.0366
-92.7015
-101.244
-107.169
-67.263
-80.5518
-91.9569
-101.868
-0.0860513
24.9723
133.983
444.174
263.339
101.194
