4.2867
3.18223
6.77564
3.20123
-0.886686
0.274599
3.63647
1.51133
1.83152
2.93051
2.98896
-1.18357
-2.58833
-2.61744
-3.03842
1.02334
6.95322
11.5839
-0.991356
-4.93768
-4.55478
-2.22109
-3.06441
0.0283566
-3.99913
-7.2161
-7.32675
-1.02401
-6.11572
-4.49276
-0.364262
-3.31438
-4.48701
-8.35231
-4.77482
-3.98052
-5.70053
-13.7424
-5.82589
-6.72513
-4.55077
-3.92546
-5.94292
3.12386
8.4694
11.3806
28.9656
48.7628
73.6742
77.4224
76.8642
64.7829
48.9481
30.7439
24.0438
21.6409
15.5307
14.3693
4.47188
-1.5729
13.6692
9.10955
6.85761
5.43609
15.4703
19.805
22.7022
22.5073
16.8219
13.3546
2.51065
2.52373
-2.6028
-1.44418
-5.00717
15.2108
0.0623751
3.03623
-9.29738
-6.92161
-5.14772
-7.58849
-12.7325
-14.1581
-4.09815
-6.5518
-10.2034
-6.58166
-11.3812
-8.87396
3.00702
-7.81426
-9.15071
-3.67122
11.7235
-8.60612
-6.84611
32.3227
8.44497
0.203067
