14.6662
7.16395
17.9129
5.5564
7.92275
6.3611
4.17728
4.02554
0.643316
2.29721
2.79249
1.85914
-1.01749
0.320099
-2.71379
3.85699
0.0304481
4.24618
-6.25174
2.47374
-8.89874
-4.55452
-7.66586
-6.61504
-5.39129
-7.42385
-8.42908
-12.6331
-10.1088
-8.4266
-11.0157
-10.7448
-9.2825
-17.15
-13.192
-15.0796
-9.70617
-21.3702
-14.4513
-12.0003
-16.4088
-14.5322
-16.5119
-12.7513
-15.7585
-15.687
-14.0184
-12.8964
-17.9941
-15.0669
-12.0301
-11.7711
-4.45855
18.3395
32.9549
41.9219
35.8482
30.2608
17.5064
1.21336
9.07248
13.9082
11.6401
16.8835
22.3184
28.3677
24.025
29.3573
24.8913
22.357
14.6129
8.27626
-2.902
-6.55898
-11.3108
20.3263
5.53287
1.63965
2.66894
-1.03345
-6.30144
-4.99103
-4.65071
-10.2722
-1.55977
-4.30892
-4.60579
-8.20619
-5.78663
-3.92549
1.52625
-9.49277
-7.64914
-2.42628
-6.3349
-7.88437
-6.92166
-3.48849
-0.358018
0.275383
