Frequency, Hz	Amplitude, dBm
1.419400000E+9	-8.307115000E+1
1.419403333E+9	-8.308187000E+1
1.419406667E+9	-8.310346000E+1
1.419410000E+9	-8.319727000E+1
1.419413333E+9	-8.281124000E+1
1.419416667E+9	-8.290475000E+1
1.419420000E+9	-8.312582000E+1
1.419423333E+9	-8.313834000E+1
1.419426667E+9	-8.307181000E+1
1.419430000E+9	-8.320889000E+1
1.419433333E+9	-8.292341000E+1
1.419436667E+9	-8.298592000E+1
1.419440000E+9	-8.310745000E+1
1.419443333E+9	-8.302938000E+1
1.419446667E+9	-8.324545000E+1
1.419450000E+9	-8.317092000E+1
1.419453333E+9	-8.266859000E+1
1.419456667E+9	-8.295153000E+1
1.419460000E+9	-8.314124000E+1
1.419463333E+9	-8.310600000E+1
1.419466667E+9	-8.324664000E+1
1.419470000E+9	-8.314194000E+1
1.419473333E+9	-8.319578000E+1
1.419476667E+9	-8.306743000E+1
1.419480000E+9	-8.315534000E+1
1.419483333E+9	-8.321307000E+1
1.419486667E+9	-8.317904000E+1
1.419490000E+9	-8.306903000E+1
1.419493333E+9	-8.316898000E+1
1.419496667E+9	-8.309141000E+1
1.419500000E+9	-8.316061000E+1
1.419503333E+9	-8.307855000E+1
1.419506667E+9	-8.323832000E+1
1.419510000E+9	-8.319498000E+1
1.419513333E+9	-8.318618000E+1
1.419516667E+9	-8.304778000E+1
1.419520000E+9	-8.310281000E+1
1.419523333E+9	-8.307545000E+1
1.419526667E+9	-8.306449000E+1
1.419530000E+9	-8.317894000E+1
1.419533333E+9	-8.308143000E+1
1.419536667E+9	-8.310703000E+1
1.419540000E+9	-8.306303000E+1
1.419543333E+9	-8.320605000E+1
1.419546667E+9	-8.318353000E+1
1.419550000E+9	-8.315417000E+1
1.419553333E+9	-8.319227000E+1
1.419556667E+9	-8.325660000E+1
1.419560000E+9	-8.319244000E+1
1.419563333E+9	-8.307153000E+1
1.419566667E+9	-8.306083000E+1
1.419570000E+9	-8.319091000E+1
1.419573333E+9	-8.310804000E+1
1.419576667E+9	-8.325681000E+1
1.419580000E+9	-8.328168000E+1
1.419583333E+9	-8.329237000E+1
1.419586667E+9	-8.309328000E+1
1.419590000E+9	-8.324039000E+1
1.419593333E+9	-8.323985000E+1
1.419596667E+9	-8.324842000E+1
1.419600000E+9	-8.310130000E+1
1.419603333E+9	-8.300345000E+1
1.419606667E+9	-8.333498000E+1
1.419610000E+9	-8.307911000E+1
1.419613333E+9	-8.304778000E+1
1.419616667E+9	-8.307909000E+1
1.419620000E+9	-8.294575000E+1
1.419623333E+9	-8.304756000E+1
1.419626667E+9	-8.308309000E+1
1.419630000E+9	-8.301432000E+1
1.419633333E+9	-8.310596000E+1
1.419636667E+9	-8.326280000E+1
1.419640000E+9	-8.310611000E+1
1.419643333E+9	-8.318893000E+1
1.419646667E+9	-8.315001000E+1
1.419650000E+9	-8.324610000E+1
1.419653333E+9	-8.320799000E+1
1.419656667E+9	-8.312595000E+1
1.419660000E+9	-8.324277000E+1
1.419663333E+9	-8.318562000E+1
1.419666667E+9	-8.325113000E+1
1.419670000E+9	-8.317141000E+1
1.419673333E+9	-8.311517000E+1
1.419676667E+9	-8.313023000E+1
1.419680000E+9	-8.321438000E+1
1.419683333E+9	-8.320266000E+1
1.419686667E+9	-8.328098000E+1
1.419690000E+9	-8.328106000E+1
1.419693333E+9	-8.309560000E+1
1.419696667E+9	-8.309161000E+1
1.419700000E+9	-8.315561000E+1
1.419703333E+9	-8.319762000E+1
1.419706667E+9	-8.282717000E+1
1.419710000E+9	-8.296351000E+1
1.419713333E+9	-8.310827000E+1
1.419716667E+9	-8.304975000E+1
1.419720000E+9	-8.321584000E+1
1.419723333E+9	-8.302500000E+1
1.419726667E+9	-8.310636000E+1
1.419730000E+9	-8.294329000E+1
1.419733333E+9	-8.264446000E+1
1.419736667E+9	-8.314995000E+1
1.419740000E+9	-8.318789000E+1
1.419743333E+9	-8.319421000E+1
1.419746667E+9	-8.274980000E+1
1.419750000E+9	-8.275862000E+1
1.419753333E+9	-8.288199000E+1
1.419756667E+9	-8.283035000E+1
1.419760000E+9	-8.283510000E+1
1.419763333E+9	-8.317883000E+1
1.419766667E+9	-8.317522000E+1
1.419770000E+9	-8.307462000E+1
1.419773333E+9	-8.314616000E+1
1.419776667E+9	-8.317843000E+1
1.419780000E+9	-8.302109000E+1
1.419783333E+9	-8.306875000E+1
1.419786667E+9	-8.314520000E+1
1.419790000E+9	-8.315158000E+1
1.419793333E+9	-8.332235000E+1
1.419796667E+9	-8.322490000E+1
1.419800000E+9	-8.317385000E+1
1.419803333E+9	-8.323306000E+1
1.419806667E+9	-8.318983000E+1
1.419810000E+9	-8.318400000E+1
1.419813333E+9	-8.311900000E+1
1.419816667E+9	-8.312228000E+1
1.419820000E+9	-8.299589000E+1
1.419823333E+9	-8.314842000E+1
1.419826667E+9	-8.311995000E+1
1.419830000E+9	-8.325073000E+1
1.419833333E+9	-8.323191000E+1
1.419836667E+9	-8.323335000E+1
1.419840000E+9	-8.313343000E+1
1.419843333E+9	-8.316576000E+1
1.419846667E+9	-8.322688000E+1
1.419850000E+9	-8.312178000E+1
1.419853333E+9	-8.311741000E+1
1.419856667E+9	-8.320940000E+1
1.419860000E+9	-8.304325000E+1
1.419863333E+9	-8.297083000E+1
1.419866667E+9	-8.316560000E+1
1.419870000E+9	-8.283781000E+1
1.419873333E+9	-8.315689000E+1
1.419876667E+9	-8.313816000E+1
1.419880000E+9	-8.308779000E+1
1.419883333E+9	-8.307837000E+1
1.419886667E+9	-8.313553000E+1
1.419890000E+9	-8.316179000E+1
1.419893333E+9	-8.314860000E+1
1.419896667E+9	-8.312002000E+1
1.419900000E+9	-8.296822000E+1
1.419903333E+9	-8.307264000E+1
1.419906667E+9	-8.323198000E+1
1.419910000E+9	-8.330602000E+1
1.419913333E+9	-8.322889000E+1
1.419916667E+9	-8.312312000E+1
1.419920000E+9	-8.319911000E+1
1.419923333E+9	-8.311323000E+1
1.419926667E+9	-8.331286000E+1
1.419930000E+9	-8.322080000E+1
1.419933333E+9	-8.324406000E+1
1.419936667E+9	-8.321727000E+1
1.419940000E+9	-8.317030000E+1
1.419943333E+9	-8.328550000E+1
1.419946667E+9	-8.315836000E+1
1.419950000E+9	-8.327110000E+1
1.419953333E+9	-8.327509000E+1
1.419956667E+9	-8.320703000E+1
1.419960000E+9	-8.317884000E+1
1.419963333E+9	-8.313945000E+1
1.419966667E+9	-8.307878000E+1
1.419970000E+9	-8.325629000E+1
1.419973333E+9	-8.315637000E+1
1.419976667E+9	-8.306442000E+1
1.419980000E+9	-8.194919000E+1
1.419983333E+9	-8.300901000E+1
1.419986667E+9	-8.316711000E+1
1.419990000E+9	-8.315191000E+1
1.419993333E+9	-8.326927000E+1
1.419996667E+9	-8.320573000E+1
1.420000000E+9	-8.247694000E+1
1.420003333E+9	-8.125896000E+1
1.420006667E+9	-8.302254000E+1
1.420010000E+9	-8.313400000E+1
1.420013333E+9	-8.316167000E+1
1.420016667E+9	-8.313164000E+1
1.420020000E+9	-8.302572000E+1
1.420023333E+9	-8.317283000E+1
1.420026667E+9	-8.316347000E+1
1.420030000E+9	-8.309840000E+1
1.420033333E+9	-8.317345000E+1
1.420036667E+9	-8.314474000E+1
1.420040000E+9	-8.285266000E+1
1.420043333E+9	-8.305818000E+1
1.420046667E+9	-8.311344000E+1
1.420050000E+9	-8.300620000E+1
1.420053333E+9	-8.301649000E+1
1.420056667E+9	-8.319482000E+1
1.420060000E+9	-8.322569000E+1
1.420063333E+9	-8.313338000E+1
1.420066667E+9	-8.317299000E+1
1.420070000E+9	-8.313795000E+1
1.420073333E+9	-8.317564000E+1
1.420076667E+9	-8.311079000E+1
1.420080000E+9	-8.310721000E+1
1.420083333E+9	-8.305452000E+1
1.420086667E+9	-8.312396000E+1
1.420090000E+9	-8.317957000E+1
1.420093333E+9	-8.317912000E+1
1.420096667E+9	-8.318567000E+1
1.420100000E+9	-8.319041000E+1
1.420103333E+9	-8.310219000E+1
1.420106667E+9	-8.320600000E+1
1.420110000E+9	-8.304827000E+1
1.420113333E+9	-8.320418000E+1
1.420116667E+9	-8.306239000E+1
1.420120000E+9	-8.301191000E+1
1.420123333E+9	-8.295815000E+1
1.420126667E+9	-8.306755000E+1
1.420130000E+9	-8.313477000E+1
1.420133333E+9	-8.304484000E+1
1.420136667E+9	-8.312423000E+1
1.420140000E+9	-8.313148000E+1
1.420143333E+9	-8.308540000E+1
1.420146667E+9	-8.315158000E+1
1.420150000E+9	-8.300056000E+1
1.420153333E+9	-8.294849000E+1
1.420156667E+9	-8.304350000E+1
1.420160000E+9	-8.297693000E+1
1.420163333E+9	-8.288465000E+1
1.420166667E+9	-8.297313000E+1
1.420170000E+9	-8.303687000E+1
1.420173333E+9	-8.304931000E+1
1.420176667E+9	-8.305148000E+1
1.420180000E+9	-8.300661000E+1
1.420183333E+9	-8.285399000E+1
1.420186667E+9	-8.295053000E+1
1.420190000E+9	-8.288958000E+1
1.420193333E+9	-8.284500000E+1
1.420196667E+9	-8.274759000E+1
1.420200000E+9	-8.256485000E+1
1.420203333E+9	-8.289846000E+1
1.420206667E+9	-8.279970000E+1
1.420210000E+9	-8.278329000E+1
1.420213333E+9	-8.284441000E+1
1.420216667E+9	-8.267188000E+1
1.420220000E+9	-8.270434000E+1
1.420223333E+9	-8.269218000E+1
1.420226667E+9	-8.247491000E+1
1.420230000E+9	-8.263754000E+1
1.420233333E+9	-8.258220000E+1
1.420236667E+9	-8.243887000E+1
1.420240000E+9	-8.256750000E+1
1.420243333E+9	-8.262548000E+1
1.420246667E+9	-8.248611000E+1
1.420250000E+9	-8.238824000E+1
1.420253333E+9	-8.227613000E+1
1.420256667E+9	-8.221706000E+1
1.420260000E+9	-8.219839000E+1
1.420263333E+9	-8.228327000E+1
1.420266667E+9	-8.218211000E+1
1.420270000E+9	-8.222868000E+1
1.420273333E+9	-8.221866000E+1
1.420276667E+9	-8.222789000E+1
1.420280000E+9	-8.219042000E+1
1.420283333E+9	-8.216619000E+1
1.420286667E+9	-8.223093000E+1
1.420290000E+9	-8.239105000E+1
1.420293333E+9	-8.223399000E+1
1.420296667E+9	-8.162294000E+1
1.420300000E+9	-8.223932000E+1
1.420303333E+9	-8.234689000E+1
1.420306667E+9	-8.233521000E+1
1.420310000E+9	-8.204951000E+1
1.420313333E+9	-8.212543000E+1
1.420316667E+9	-8.197095000E+1
1.420320000E+9	-8.220581000E+1
1.420323333E+9	-8.207317000E+1
1.420326667E+9	-8.224989000E+1
1.420330000E+9	-8.226663000E+1
1.420333333E+9	-8.207067000E+1
1.420336667E+9	-8.238760000E+1
1.420340000E+9	-8.235956000E+1
1.420343333E+9	-8.244731000E+1
1.420346667E+9	-8.226626000E+1
1.420350000E+9	-8.239176000E+1
1.420353333E+9	-8.256889000E+1
1.420356667E+9	-8.273215000E+1
1.420360000E+9	-8.274786000E+1
1.420363333E+9	-8.278586000E+1
1.420366667E+9	-8.263446000E+1
1.420370000E+9	-8.270633000E+1
1.420373333E+9	-8.293108000E+1
1.420376667E+9	-8.276468000E+1
1.420380000E+9	-8.283091000E+1
1.420383333E+9	-8.274216000E+1
1.420386667E+9	-8.271432000E+1
1.420390000E+9	-8.284280000E+1
1.420393333E+9	-8.274825000E+1
1.420396667E+9	-8.273638000E+1
1.420400000E+9	-8.286395000E+1
1.420403333E+9	-8.287140000E+1
1.420406667E+9	-8.293392000E+1
1.420410000E+9	-8.284069000E+1
1.420413333E+9	-8.278751000E+1
1.420416667E+9	-8.296323000E+1
1.420420000E+9	-8.297108000E+1
1.420423333E+9	-8.287531000E+1
1.420426667E+9	-8.299603000E+1
1.420430000E+9	-8.290679000E+1
1.420433333E+9	-8.290852000E+1
1.420436667E+9	-8.300043000E+1
1.420440000E+9	-8.298221000E+1
1.420443333E+9	-8.296022000E+1
1.420446667E+9	-8.298075000E+1
1.420450000E+9	-8.288986000E+1
1.420453333E+9	-8.300616000E+1
1.420456667E+9	-8.301223000E+1
1.420460000E+9	-8.290893000E+1
1.420463333E+9	-8.305517000E+1
1.420466667E+9	-8.306246000E+1
1.420470000E+9	-8.315512000E+1
1.420473333E+9	-8.320605000E+1
1.420476667E+9	-8.310645000E+1
1.420480000E+9	-8.300730000E+1
1.420483333E+9	-8.304644000E+1
1.420486667E+9	-8.315123000E+1
1.420490000E+9	-8.312200000E+1
1.420493333E+9	-8.317045000E+1
1.420496667E+9	-8.292068000E+1
1.420500000E+9	-8.308672000E+1
1.420503333E+9	-8.310423000E+1
1.420506667E+9	-8.305086000E+1
1.420510000E+9	-8.319582000E+1
1.420513333E+9	-8.314745000E+1
1.420516667E+9	-8.320769000E+1
1.420520000E+9	-8.313762000E+1
1.420523333E+9	-8.326582000E+1
1.420526667E+9	-8.313795000E+1
1.420530000E+9	-8.321629000E+1
1.420533333E+9	-8.307539000E+1
1.420536667E+9	-8.306665000E+1
1.420540000E+9	-8.315271000E+1
1.420543333E+9	-8.318278000E+1
1.420546667E+9	-8.318014000E+1
1.420550000E+9	-8.308707000E+1
1.420553333E+9	-8.307134000E+1
1.420556667E+9	-8.315925000E+1
1.420560000E+9	-8.320646000E+1
1.420563333E+9	-8.319813000E+1
1.420566667E+9	-8.320258000E+1
1.420570000E+9	-8.307432000E+1
1.420573333E+9	-8.308779000E+1
1.420576667E+9	-8.312983000E+1
1.420580000E+9	-8.312223000E+1
1.420583333E+9	-8.313154000E+1
1.420586667E+9	-8.327570000E+1
1.420590000E+9	-8.284763000E+1
1.420593333E+9	-8.307821000E+1
1.420596667E+9	-8.327324000E+1
1.420600000E+9	-8.316230000E+1
1.420603333E+9	-8.280710000E+1
1.420606667E+9	-8.283068000E+1
1.420610000E+9	-8.292575000E+1
1.420613333E+9	-8.320064000E+1
1.420616667E+9	-8.311958000E+1
1.420620000E+9	-8.318873000E+1
1.420623333E+9	-8.307677000E+1
1.420626667E+9	-8.272578000E+1
1.420630000E+9	-8.313278000E+1
1.420633333E+9	-8.323090000E+1
1.420636667E+9	-8.296358000E+1
1.420640000E+9	-8.297014000E+1
1.420643333E+9	-8.320676000E+1
1.420646667E+9	-8.279627000E+1
1.420650000E+9	-8.320620000E+1
1.420653333E+9	-8.326448000E+1
1.420656667E+9	-8.331453000E+1
1.420660000E+9	-8.312163000E+1
1.420663333E+9	-8.315669000E+1
1.420666667E+9	-8.321017000E+1
1.420670000E+9	-8.342825000E+1
1.420673333E+9	-8.318083000E+1
1.420676667E+9	-8.326526000E+1
1.420680000E+9	-8.309160000E+1
1.420683333E+9	-8.315960000E+1
1.420686667E+9	-8.317150000E+1
1.420690000E+9	-8.322816000E+1
1.420693333E+9	-8.328997000E+1
1.420696667E+9	-8.299402000E+1
1.420700000E+9	-8.315589000E+1
1.420703333E+9	-8.319540000E+1
1.420706667E+9	-8.326559000E+1
1.420710000E+9	-8.324572000E+1
1.420713333E+9	-8.320277000E+1
1.420716667E+9	-8.320721000E+1
1.420720000E+9	-8.306974000E+1
1.420723333E+9	-8.313692000E+1
1.420726667E+9	-8.330000000E+1
1.420730000E+9	-8.305328000E+1
1.420733333E+9	-8.329603000E+1
1.420736667E+9	-8.330748000E+1
1.420740000E+9	-8.322700000E+1
1.420743333E+9	-8.312664000E+1
1.420746667E+9	-8.315657000E+1
1.420750000E+9	-8.314739000E+1
1.420753333E+9	-8.333260000E+1
1.420756667E+9	-8.310892000E+1
1.420760000E+9	-8.275139000E+1
1.420763333E+9	-8.315424000E+1
1.420766667E+9	-8.334921000E+1
1.420770000E+9	-8.320013000E+1
1.420773333E+9	-8.325048000E+1
1.420776667E+9	-8.320009000E+1
1.420780000E+9	-8.318503000E+1
1.420783333E+9	-8.331447000E+1
1.420786667E+9	-8.318502000E+1
1.420790000E+9	-8.311855000E+1
1.420793333E+9	-8.289770000E+1
1.420796667E+9	-8.283694000E+1
1.420800000E+9	-8.316031000E+1
1.420803333E+9	-8.299284000E+1
1.420806667E+9	-8.320258000E+1
1.420810000E+9	-8.318584000E+1
1.420813333E+9	-8.314220000E+1
1.420816667E+9	-8.334192000E+1
1.420820000E+9	-8.323248000E+1
1.420823333E+9	-8.318466000E+1
1.420826667E+9	-8.331717000E+1
1.420830000E+9	-8.315137000E+1
1.420833333E+9	-8.315791000E+1
1.420836667E+9	-8.330149000E+1
1.420840000E+9	-8.320974000E+1
1.420843333E+9	-8.313343000E+1
1.420846667E+9	-8.311617000E+1
1.420850000E+9	-8.319996000E+1
1.420853333E+9	-8.328088000E+1
1.420856667E+9	-8.326353000E+1
1.420860000E+9	-8.315482000E+1
1.420863333E+9	-8.316425000E+1
1.420866667E+9	-8.325134000E+1
1.420870000E+9	-8.302501000E+1
1.420873333E+9	-8.315745000E+1
1.420876667E+9	-8.324722000E+1
1.420880000E+9	-8.325507000E+1
1.420883333E+9	-8.131723000E+1
1.420886667E+9	-8.154475000E+1
1.420890000E+9	-8.311395000E+1
1.420893333E+9	-8.324390000E+1
1.420896667E+9	-8.281607000E+1
1.420900000E+9	-8.230857000E+1
1.420903333E+9	-8.312247000E+1
1.420906667E+9	-8.279569000E+1
1.420910000E+9	-8.275449000E+1
1.420913333E+9	-8.306686000E+1
1.420916667E+9	-8.275638000E+1
1.420920000E+9	-8.210215000E+1
1.420923333E+9	-8.317113000E+1
1.420926667E+9	-8.306928000E+1
1.420930000E+9	-8.282129000E+1
1.420933333E+9	-8.313842000E+1
1.420936667E+9	-8.316557000E+1
1.420940000E+9	-8.308131000E+1
1.420943333E+9	-8.282645000E+1
1.420946667E+9	-8.290316000E+1
1.420950000E+9	-8.321119000E+1
1.420953333E+9	-8.314796000E+1
1.420956667E+9	-8.328703000E+1
1.420960000E+9	-8.315828000E+1
1.420963333E+9	-8.316602000E+1
1.420966667E+9	-8.316459000E+1
1.420970000E+9	-8.329996000E+1
1.420973333E+9	-8.327829000E+1
1.420976667E+9	-8.323507000E+1
1.420980000E+9	-8.315852000E+1
1.420983333E+9	-8.303573000E+1
1.420986667E+9	-8.316274000E+1
1.420990000E+9	-8.299804000E+1
1.420993333E+9	-8.303558000E+1
1.420996667E+9	-8.326925000E+1
1.421000000E+9	-8.308975000E+1
1.421003333E+9	-8.317127000E+1
1.421006667E+9	-8.326542000E+1
1.421010000E+9	-8.314761000E+1
1.421013333E+9	-8.324142000E+1
1.421016667E+9	-8.322401000E+1
1.421020000E+9	-8.306097000E+1
1.421023333E+9	-8.321447000E+1
1.421026667E+9	-8.315398000E+1
1.421030000E+9	-8.317156000E+1
1.421033333E+9	-8.332961000E+1
1.421036667E+9	-8.325010000E+1
1.421040000E+9	-8.316835000E+1
1.421043333E+9	-8.315020000E+1
1.421046667E+9	-8.316711000E+1
1.421050000E+9	-8.320146000E+1
1.421053333E+9	-8.322824000E+1
1.421056667E+9	-8.294451000E+1
1.421060000E+9	-8.321967000E+1
1.421063333E+9	-8.315823000E+1
1.421066667E+9	-8.325441000E+1
1.421070000E+9	-8.330177000E+1
1.421073333E+9	-8.313879000E+1
1.421076667E+9	-8.314878000E+1
1.421080000E+9	-8.320341000E+1
1.421083333E+9	-8.324034000E+1
1.421086667E+9	-8.318361000E+1
1.421090000E+9	-8.313009000E+1
1.421093333E+9	-8.273277000E+1
1.421096667E+9	-8.288847000E+1
1.421100000E+9	-8.310040000E+1
1.421103333E+9	-8.320095000E+1
1.421106667E+9	-8.311926000E+1
1.421110000E+9	-8.325806000E+1
1.421113333E+9	-8.306425000E+1
1.421116667E+9	-8.305608000E+1
1.421120000E+9	-8.325747000E+1
1.421123333E+9	-8.298621000E+1
1.421126667E+9	-8.322805000E+1
1.421130000E+9	-8.312441000E+1
1.421133333E+9	-8.310487000E+1
1.421136667E+9	-8.316570000E+1
1.421140000E+9	-8.307367000E+1
1.421143333E+9	-8.326814000E+1
1.421146667E+9	-8.322761000E+1
1.421150000E+9	-8.317718000E+1
1.421153333E+9	-8.322879000E+1
1.421156667E+9	-8.315432000E+1
1.421160000E+9	-8.319654000E+1
1.421163333E+9	-8.322334000E+1
1.421166667E+9	-8.304549000E+1
1.421170000E+9	-8.305898000E+1
1.421173333E+9	-8.319788000E+1
1.421176667E+9	-8.230787000E+1
1.421180000E+9	-8.078513000E+1
1.421183333E+9	-8.315170000E+1
1.421186667E+9	-8.319218000E+1
1.421190000E+9	-8.301795000E+1
1.421193333E+9	-8.298486000E+1
1.421196667E+9	-8.309831000E+1
1.421200000E+9	-8.303275000E+1
1.421203333E+9	-8.303657000E+1
1.421206667E+9	-8.300680000E+1
1.421210000E+9	-8.297301000E+1
1.421213333E+9	-8.276874000E+1
1.421216667E+9	-8.314043000E+1
1.421220000E+9	-8.317828000E+1
1.421223333E+9	-8.316541000E+1
1.421226667E+9	-8.318893000E+1
1.421230000E+9	-8.323000000E+1
1.421233333E+9	-8.321909000E+1
1.421236667E+9	-8.323714000E+1
1.421240000E+9	-8.331486000E+1
1.421243333E+9	-8.305978000E+1
1.421246667E+9	-8.313577000E+1
1.421250000E+9	-8.323863000E+1
1.421253333E+9	-8.316370000E+1
1.421256667E+9	-8.329908000E+1
1.421260000E+9	-8.308768000E+1
1.421263333E+9	-8.325320000E+1
1.421266667E+9	-8.318954000E+1
1.421270000E+9	-8.313960000E+1
1.421273333E+9	-8.324108000E+1
1.421276667E+9	-8.312283000E+1
1.421280000E+9	-8.304404000E+1
1.421283333E+9	-8.321024000E+1
1.421286667E+9	-8.333360000E+1
1.421290000E+9	-8.326166000E+1
1.421293333E+9	-8.320315000E+1
1.421296667E+9	-8.317075000E+1
1.421300000E+9	-8.309660000E+1
1.421303333E+9	-8.327293000E+1
1.421306667E+9	-8.326247000E+1
1.421310000E+9	-8.321783000E+1
1.421313333E+9	-8.327016000E+1
1.421316667E+9	-8.306909000E+1
1.421320000E+9	-8.320239000E+1
1.421323333E+9	-8.329361000E+1
1.421326667E+9	-8.322654000E+1
1.421330000E+9	-8.331959000E+1
1.421333333E+9	-8.325655000E+1
1.421336667E+9	-8.319200000E+1
1.421340000E+9	-8.329108000E+1
1.421343333E+9	-8.318064000E+1
1.421346667E+9	-8.329530000E+1
1.421350000E+9	-8.320081000E+1
1.421353333E+9	-8.310984000E+1
1.421356667E+9	-8.307266000E+1
1.421360000E+9	-8.312147000E+1
1.421363333E+9	-8.321053000E+1
1.421366667E+9	-8.283064000E+1
1.421370000E+9	-8.312163000E+1
1.421373333E+9	-8.324805000E+1
1.421376667E+9	-8.314069000E+1
1.421380000E+9	-8.331856000E+1
1.421383333E+9	-8.332694000E+1
1.421386667E+9	-8.313866000E+1
1.421390000E+9	-8.304762000E+1
1.421393333E+9	-8.289106000E+1
1.421396667E+9	-8.326376000E+1
1.421400000E+9	-8.327280000E+1
